/*--------------------------------*- C++ -*----------------------------------*\
  =========                 |
  \\      /  F ield         | OpenFOAM: The Open Source CFD Toolbox
   \\    /   O peration     | Website:  https://openfoam.org
    \\  /    A nd           | Version:  dev
     \\/     M anipulation  |
\*---------------------------------------------------------------------------*/
FoamFile
{
    version     2.0;
    format      ascii;
    class       volScalarField;
    location    "2500";
    object      G;
}
// * * * * * * * * * * * * * * * * * * * * * * * * * * * * * * * * * * * * * //

dimensions      [1 0 -3 0 0 0 0];

internalField   nonuniform List<scalar> 
9729
(
3744.71
3749.83
3750.99
3754.35
3756.13
3757.93
3758.28
3760.67
3763.09
3765.51
3761.61
3764.61
3767.64
3770.67
3773.73
3764.34
3767.95
3771.57
3775.23
3778.9
3782.6
3766.5
3770.69
3774.9
3779.16
3783.45
3787.78
3792.15
3768.1
3772.84
3777.62
3782.46
3787.37
3792.33
3797.33
3802.38
3769.16
3774.43
3779.76
3785.16
3790.65
3796.22
3801.87
3807.57
3813.32
3769.68
3775.47
3781.32
3787.27
3793.31
3799.47
3805.73
3812.09
3818.51
3825
3769.69
3775.97
3782.33
3788.79
3795.37
3802.09
3808.94
3815.92
3823.02
3830.19
3837.44
3769.2
3775.96
3782.8
3789.75
3796.84
3804.08
3811.49
3819.07
3826.8
3834.67
3842.64
3850.69
3768.24
3775.45
3782.75
3790.17
3797.74
3805.48
3813.41
3821.55
3829.88
3838.41
3847.09
3855.88
3864.77
3766.83
3774.46
3782.2
3790.06
3798.08
3806.29
3814.72
3823.38
3832.27
3841.41
3850.76
3860.29
3869.96
3879.74
3765
3773.01
3781.16
3789.44
3797.89
3806.54
3815.43
3824.57
3833.99
3843.69
3853.66
3863.89
3874.33
3884.93
3895.65
3762.76
3771.13
3779.67
3788.34
3797.19
3806.25
3815.56
3825.15
3835.05
3845.27
3855.82
3866.68
3877.83
3889.23
3900.82
3912.55
3760.14
3768.86
3777.74
3786.77
3795.99
3805.43
3815.14
3825.15
3835.49
3846.18
3857.25
3868.69
3880.49
3892.63
3905.06
3917.7
3930.52
3757.17
3766.2
3775.41
3784.77
3794.33
3804.12
3814.19
3824.58
3835.32
3846.44
3857.98
3869.94
3882.33
3895.14
3908.33
3921.86
3935.64
3949.61
3753.87
3763.19
3772.7
3782.36
3792.23
3802.34
3812.74
3823.47
3834.57
3846.08
3858.04
3870.47
3883.38
3896.78
3910.66
3924.98
3939.7
3954.71
3969.94
3750.26
3759.85
3769.63
3779.57
3789.72
3800.11
3810.81
3821.85
3833.27
3845.13
3857.46
3870.29
3883.67
3897.6
3912.08
3927.11
3942.66
3958.65
3974.99
3991.58
3746.37
3756.2
3766.23
3776.42
3786.82
3797.47
3808.43
3819.74
3831.45
3843.61
3856.26
3869.46
3883.23
3897.61
3912.62
3928.28
3944.55
3961.41
3978.8
3996.58
4014.66
3742.23
3752.27
3762.52
3772.94
3783.56
3794.45
3805.63
3817.18
3829.14
3841.56
3854.49
3867.99
3882.1
3896.87
3912.33
3928.51
3945.41
3963.03
3981.32
4000.23
4019.6
4039.32
3737.84
3748.08
3758.54
3769.15
3779.98
3791.06
3802.45
3814.2
3826.37
3839.02
3852.18
3865.93
3880.33
3895.41
3911.24
3927.85
3945.29
3963.54
3982.62
4002.48
4023.05
4044.18
4065.7
3733.24
3743.65
3754.29
3765.08
3776.08
3787.34
3798.91
3810.83
3823.18
3836.01
3849.37
3863.33
3877.95
3893.29
3909.41
3926.37
3944.22
3963.01
3982.74
4003.41
4024.98
4047.39
4070.46
4093.98
3728.45
3739.01
3749.81
3760.76
3771.91
3783.32
3795.03
3807.1
3819.6
3832.57
3846.08
3860.21
3875
3890.54
3906.88
3924.11
3942.29
3961.48
3981.74
4003.07
4025.48
4048.94
4073.39
4098.62
4124.45
3723.48
3734.18
3745.11
3756.19
3767.48
3779.01
3790.85
3803.04
3815.65
3828.74
3842.37
3856.61
3871.53
3887.21
3903.72
3921.14
3939.55
3959.04
3979.68
4001.52
4024.6
4048.93
4074.5
4101.22
4128.92
4157.34
3718.36
3729.18
3740.22
3751.42
3762.82
3774.45
3786.39
3798.68
3811.38
3824.55
3838.26
3852.58
3867.58
3883.35
3899.97
3917.51
3936.07
3955.75
3976.65
3998.85
4022.43
4047.44
4073.89
4101.8
4131.12
4161.62
4192.92
3713.11
3724.02
3735.16
3746.46
3757.94
3769.67
3781.68
3794.04
3806.8
3820.03
3833.79
3848.16
3863.2
3879.01
3895.67
3913.27
3931.92
3951.7
3972.74
3995.15
4019.06
4044.54
4071.67
4100.49
4131.07
4163.34
4196.96
4231.54
3707.74
3718.73
3729.96
3741.33
3752.88
3764.67
3776.75
3789.16
3801.96
3815.22
3829
3843.38
3858.43
3874.24
3890.89
3908.49
3927.14
3946.95
3968.04
3990.54
4014.6
4040.36
4067.93
4097.41
4128.91
4162.52
4198.09
4235.27
4273.65
3702.27
3713.32
3724.61
3736.05
3747.66
3759.5
3771.61
3784.05
3796.87
3810.14
3823.92
3838.28
3853.31
3869.08
3885.68
3903.23
3921.82
3941.58
3962.63
3985.12
4009.19
4035.03
4062.81
4092.7
4124.82
4159.34
4196.34
4235.67
4276.99
4319.77
3696.71
3707.82
3719.16
3730.64
3742.29
3754.16
3766.3
3778.75
3791.57
3804.83
3818.58
3832.9
3847.87
3863.57
3880.09
3897.53
3916.01
3935.65
3956.58
3978.96
4002.94
4028.71
4056.48
4086.49
4118.94
4154.04
4191.96
4232.8
4276.48
4322.61
4370.57
3691.09
3702.23
3713.6
3725.11
3736.79
3748.68
3760.82
3773.27
3786.08
3799.3
3813.01
3827.27
3842.16
3857.75
3874.15
3891.46
3909.78
3929.23
3949.97
3972.15
3995.94
4021.52
4049.12
4079
4111.46
4146.8
4185.23
4226.97
4272.23
4320.96
4372.78
4426.88
3685.41
3696.57
3707.97
3719.5
3731.19
3743.08
3755.21
3767.65
3780.42
3793.6
3807.24
3821.42
3836.2
3851.67
3867.92
3885.05
3903.17
3922.41
3942.9
3964.8
3988.29
4013.57
4040.87
4070.45
4102.63
4137.84
4176.38
4218.53
4264.63
4315.01
4369.69
4428.27
4489.77
3679.69
3690.86
3702.27
3713.8
3725.49
3737.37
3749.49
3761.89
3774.62
3787.74
3801.3
3815.37
3830.04
3845.36
3861.44
3878.37
3896.26
3915.23
3935.42
3956.98
3980.1
4004.99
4031.86
4060.99
4092.71
4127.45
4165.69
4207.78
4254.14
4305.26
4361.57
4423.4
4490.07
4541.57
4543.28
3673.94
3685.11
3696.51
3708.04
3719.72
3731.58
3743.67
3756.02
3768.7
3781.74
3795.21
3809.17
3823.69
3838.85
3854.74
3871.44
3889.07
3907.75
3927.6
3948.78
3971.47
3995.87
4022.22
4050.79
4081.89
4115.95
4153.5
4195.04
4241.11
4292.28
4349.2
4412.41
4483.2
4542.84
4540.15
4579.2
4580.76
3668.18
3679.33
3690.72
3702.23
3713.88
3725.71
3737.76
3750.06
3762.67
3775.63
3788.99
3802.83
3817.2
3832.18
3847.86
3864.32
3881.67
3900.02
3919.51
3940.27
3962.49
3986.34
4012.08
4039.97
4070.34
4103.56
4140.17
4180.74
4225.95
4276.52
4333.19
4396.85
4458.75
4450.33
4535.61
4488.47
4528.78
4579.85
4576.52
4619.33
4620.74
3662.4
3673.53
3684.9
3696.39
3708.01
3719.8
3731.79
3744.03
3756.56
3769.42
3782.67
3796.37
3810.58
3825.37
3840.83
3857.03
3874.09
3892.1
3911.19
3931.51
3953.22
3976.49
4001.56
4028.69
4058.2
4090.48
4125.99
4165.32
4209.19
4258.48
4314.12
4377.13
4440.99
4430.24
4479.29
4571
4520.13
4563.25
4619.33
4615.2
4662.23
4663.43
3656.63
3667.73
3679.07
3690.52
3702.09
3713.84
3725.77
3737.94
3750.38
3763.14
3776.27
3789.83
3803.87
3818.46
3833.68
3849.62
3866.36
3884.02
3902.7
3922.56
3943.73
3966.4
3990.77
4017.08
4045.65
4076.86
4111.17
4149.09
4191.33
4238.81
4292.64
4354.07
4418.82
4406.12
4468.65
4456.8
4509.7
4608.65
4553.46
4599.76
4661.46
4656.46
4708.23
4709.19
3650.87
3661.93
3673.23
3684.63
3696.16
3707.85
3719.72
3731.81
3744.15
3756.81
3769.81
3783.21
3797.07
3811.46
3826.44
3842.1
3858.53
3875.82
3894.09
3913.46
3934.09
3956.13
3979.78
4005.26
4032.86
4062.91
4095.89
4132.3
4172.76
4218.13
4269.54
4328.43
4392.94
4378.62
4443.93
4430.03
4497.71
4484.45
4541.71
4648.74
4588.64
4638.48
4706.63
4700.63
4757.74
4758.41
3645.12
3656.14
3667.39
3678.75
3690.22
3701.84
3713.64
3725.64
3737.89
3750.43
3763.29
3776.54
3790.22
3804.4
3819.14
3834.51
3850.62
3867.53
3885.38
3904.27
3924.34
3945.74
3968.66
3993.31
4019.92
4048.81
4080.4
4115.19
4153.75
4196.88
4245.58
4301.25
4364.06
4348.68
4415.33
4399.79
4470.09
4454.71
4528.22
4513.32
4575.4
4691.53
4625.81
4679.65
4755.15
4747.97
4811.2
4811.47
3639.41
3650.37
3661.57
3672.87
3684.28
3695.83
3707.55
3719.46
3731.61
3744.02
3756.75
3769.83
3783.33
3797.29
3811.79
3826.88
3842.66
3859.2
3876.62
3895.02
3914.53
3935.3
3957.49
3981.29
4006.92
4034.66
4064.88
4098.01
4134.59
4175.36
4221.26
4273.47
4333.43
4317.69
4383.68
4367.09
4438.47
4421.41
4497.29
4480.24
4560.22
4543.47
4610.85
4737.26
4665.16
4723.51
4807.33
4798.79
4869.12
4868.89
3633.72
3644.63
3655.77
3667
3678.34
3689.82
3701.45
3713.27
3725.31
3737.6
3750.18
3763.11
3776.42
3790.16
3804.41
3819.22
3834.67
3850.84
3867.83
3885.75
3904.7
3924.83
3946.3
3969.26
3993.93
4020.55
4049.42
4080.94
4115.56
4153.93
4196.93
4245.66
4302.33
4286.67
4350.36
4333.51
4403.75
4385.7
4462.28
4443.53
4525.56
4506.61
4593.73
4574.92
4648.2
4786.26
4706.92
4770.32
4863.7
4853.62
4932.08
4931.29
3628.06
3638.91
3649.99
3661.15
3672.42
3683.82
3695.36
3707.08
3719.01
3731.17
3743.61
3756.37
3769.49
3783.02
3797.02
3811.55
3826.68
3842.48
3859.05
3876.48
3894.89
3914.39
3935.14
3957.28
3981.01
4006.53
4034.11
4064.08
4096.83
4132.88
4172.97
4218.16
4271.46
4256.04
4316.8
4300.14
4367.5
4349.3
4424.19
4404.51
4486.73
4466.09
4554.93
4533.86
4628.89
4607.78
4687.63
4838.99
4751.28
4820.42
4924.82
4912.92
5000.79
4999.31
3622.45
3633.23
3644.24
3655.34
3666.53
3677.84
3689.29
3700.9
3712.71
3724.74
3737.04
3749.63
3762.56
3775.88
3789.63
3803.88
3818.69
3834.13
3850.29
3867.24
3885.11
3904
3924.04
3945.39
3968.21
3992.67
4019.01
4047.51
4078.49
4112.37
4149.72
4191.4
4241.08
4226.06
4283.72
4267.43
4331.25
4313.4
4384.73
4365.03
4444.93
4423.47
4511.83
4489.11
4585.44
4562.01
4665.83
4642.11
4729.34
4895.78
4798.51
4874.12
4991.27
4977.1
5076.02
5073.74
3616.88
3627.6
3638.54
3649.56
3660.67
3671.89
3683.24
3694.75
3706.44
3718.34
3730.49
3742.91
3755.65
3768.76
3782.27
3796.24
3810.73
3825.82
3841.56
3858.05
3875.39
3893.68
3913.04
3933.61
3955.54
3978.99
4004.16
4031.28
4060.61
4092.47
4127.32
4165.78
4211.76
4197.64
4251.38
4235.63
4295.81
4278.47
4345.57
4326.41
4401.96
4380.64
4465.94
4442.51
4537.6
4512.55
4617.12
4591.03
4704.71
4678.03
4773.52
4956.99
4848.85
4931.78
5063.82
5046.9
5158.87
5155.66
3611.37
3622.02
3632.88
3643.82
3654.85
3665.98
3677.24
3688.64
3700.21
3711.98
3723.97
3736.23
3748.78
3761.67
3774.94
3788.64
3802.83
3817.56
3832.91
3848.94
3865.76
3883.45
3902.15
3921.95
3943.02
3965.51
3989.56
4015.39
4043.21
4073.24
4105.81
4141.4
4180.64
4220.45
4205.75
4261.4
4244.77
4307.6
4289.12
4359.66
4339.09
4419.12
4396.03
4487.14
4461.54
4563.98
4536.35
4650
4620.91
4745.72
4715.67
4820.35
5023.31
4902.57
4993.93
5143.48
5123.17
5250.64
5246.26
3605.91
3616.49
3627.28
3638.14
3649.09
3660.13
3671.28
3682.57
3694.02
3705.65
3717.5
3729.59
3741.95
3754.63
3767.67
3781.11
3795
3809.39
3824.34
3839.94
3856.25
3873.37
3891.41
3910.47
3930.7
3952.25
3975.24
3999.85
4026.28
4054.65
4085.2
4118.22
4154.27
4198.25
4183.57
4228.74
4213.26
4271
4253.43
4318.96
4299.27
4373.41
4351.33
4436.09
4411.08
4508.44
4480.46
4590.91
4560.41
4684.13
4651.63
4788.9
4754.98
4869.92
5095.38
4960.03
5061.04
5231.3
5206.8
5352.87
5346.99
3600.51
3611.02
3621.73
3632.52
3643.37
3654.32
3665.37
3676.55
3687.88
3699.38
3711.07
3723
3735.18
3747.65
3760.46
3773.64
3787.24
3801.3
3815.89
3831.06
3846.89
3863.46
3880.86
3899.21
3918.63
3939.25
3961.22
3984.68
4009.8
4036.67
4065.43
4096.25
4129.38
4169.74
4156.24
4204.65
4189.53
4236.56
4220.31
4280.06
4261.54
4329.79
4308.81
4386.7
4362.99
4452.77
4425.69
4529.75
4499.18
4618.35
4584.72
4719.5
4683.26
4834.24
4796.03
4922.54
5173.87
5021.66
5133.76
5328.58
5298.96
5467.68
5459.84
3595.17
3605.61
3616.25
3626.95
3637.72
3648.57
3659.52
3670.59
3681.79
3693.16
3704.7
3716.46
3728.46
3740.74
3753.32
3766.25
3779.57
3793.31
3807.54
3822.31
3837.68
3853.72
3870.52
3888.19
3906.83
3926.57
3947.56
3969.92
3993.81
4019.31
4046.48
4075.39
4106.11
4138.9
4175.07
4161.19
4210.48
4194.82
4243.81
4226.8
4288.47
4268.98
4339.94
4317.59
4399.41
4373.96
4469.08
4439.8
4551.13
4517.83
4646.49
4609.64
4756.38
4716.32
4882.14
4839.53
4978.82
5259.78
5088.48
5213.4
5437.01
5400.99
5597.8
5587.43
3589.99
3600.25
3610.82
3621.44
3632.13
3642.89
3653.74
3664.69
3675.78
3687
3698.4
3710
3721.82
3733.89
3746.26
3758.94
3771.99
3785.43
3799.32
3813.7
3828.63
3844.17
3860.4
3877.42
3895.31
3914.21
3934.25
3955.56
3978.29
4002.53
4028.3
4055.57
4084.3
4114.55
4151.59
4138.23
4179.82
4165.43
4215.65
4199.41
4250.39
4232.63
4296.11
4275.65
4349.3
4325.54
4411.52
4384.25
4485.24
4453.69
4573.06
4536.98
4676.13
4636.01
4795.9
4752.08
4933.69
4887.1
5040.43
5354.64
5162.86
5302.95
5558.83
5515.23
5746.49
5732.87
3595.06
3605.46
3616
3626.6
3637.27
3648.02
3658.87
3669.83
3680.92
3692.17
3703.61
3715.25
3727.13
3739.28
3751.73
3764.51
3777.67
3791.23
3805.24
3819.75
3834.82
3850.51
3866.91
3884.09
3902.19
3921.32
3941.62
3963.23
3986.29
4010.8
4036.68
4063.79
4091.96
4125.81
4113.85
4154.92
4141.44
4183.9
4169.08
4220.04
4203.25
4256.2
4237.68
4302.89
4281.44
4357.93
4332.71
4423.35
4394.2
4501.78
4467.83
4596.3
4557.27
4708.31
4664.88
4839.63
4792.13
4991.19
4940.92
5110.71
5462.05
5249.31
5408.22
5697.19
5646.7
5917.54
5899.81
3600.25
3610.63
3621.14
3631.72
3642.37
3653.11
3663.95
3674.91
3686.02
3697.29
3708.76
3720.45
3732.39
3744.61
3757.14
3770.01
3783.26
3796.92
3811.04
3825.67
3840.85
3856.66
3873.18
3890.5
3908.76
3928.08
3948.62
3970.51
3993.85
4018.55
4044.38
4070.99
4098.05
4128.72
4116.64
4157.6
4143.95
4187.25
4172.04
4223.59
4206.25
4261.13
4241.86
4308.86
4286.38
4366.14
4339.41
4435.28
4404.1
4519.31
4482.76
4621.98
4579.76
4744.85
4697.85
4890.15
4838.95
5058.27
5004.52
5194.31
5573.52
5544.98
5354.37
5490.49
5518.96
5856.26
5645.16
5777.85
5749.85
6116.07
6092.78
3605.41
3615.75
3626.23
3636.79
3647.42
3658.14
3668.97
3679.94
3691.06
3702.35
3713.85
3725.59
3737.58
3749.86
3762.46
3775.41
3788.75
3802.5
3816.7
3831.41
3846.67
3862.56
3879.16
3896.59
3914.96
3934.44
3955.19
3977.37
4000.98
4025.79
4051.26
4076.91
4107.14
4095.83
4131.05
4118.83
4159.58
4145.76
4189.8
4174.24
4226.24
4208.36
4265.18
4245.16
4314.25
4290.64
4374.18
4345.78
4447.77
4414.28
4538.61
4498.92
4651.08
4604.77
4787.03
4735.26
4949.85
4893.5
5139.4
5046.48
5076.42
5285.56
5255.43
5617.78
5463.25
5432.09
5340.73
5561.76
5590.24
6010.82
5984.13
5863.97
5723.83
5838.07
6348.84
6113.62
6272.56
6250.59
3610.52
3620.82
3631.27
3641.8
3652.41
3663.11
3673.94
3684.9
3696.03
3707.34
3718.87
3730.64
3742.68
3755.02
3767.69
3780.71
3794.11
3807.93
3822.19
3836.95
3852.25
3868.18
3884.81
3902.28
3920.72
3940.33
3961.31
3983.82
4007.76
4032.44
4056.92
4085.21
4074.8
4108.62
4097.31
4132.73
4120.39
4160.76
4146.79
4191.49
4175.63
4227.98
4209.53
4268.45
4247.6
4319.18
4294.31
4382.2
4351.86
4460.89
4424.5
4559.48
4515.72
4683.16
4631.39
4837.44
4808.72
4780.48
4751.62
5016.84
4985.69
4863.07
4922.3
4954.77
5117.29
5225.82
5193.62
5086.16
5309.95
5697.01
5532.18
5500
5400.91
5638.82
5668.71
6089.59
5959.17
5811.78
5934.31
6550.76
6545.89
6395.6
6227.15
6374.36
3615.59
3625.83
3636.26
3646.75
3657.34
3668.02
3678.83
3689.79
3700.93
3712.25
3723.81
3735.61
3747.69
3760.08
3772.8
3785.88
3799.33
3813.18
3827.47
3842.24
3857.54
3873.44
3890.06
3907.51
3925.99
3945.72
3967.02
3990.03
4014.03
4037.72
4060.15
4086.47
4075.82
4109.25
4097.8
4133.63
4121.16
4161
4146.84
4192.24
4176.09
4228.8
4209.71
4271.02
4249.22
4323.54
4297.17
4389.78
4357.11
4473.84
4433.9
4580.8
4532.11
4723.1
4694.24
4665.98
4637.68
4832.82
4802.42
4771.8
5053.99
5020.92
4890.03
4952.67
4987.27
5161.48
5277.58
5243.47
5128.02
5368.06
5784.19
5607.17
5466.02
5572.87
5722.42
5754.46
6065.34
6204.87
5907.9
6040.24
6695.63
6691.02
6530.05
6353.14
6510.27
3620.61
3630.8
3641.18
3651.65
3662.2
3672.86
3683.66
3694.61
3705.74
3717.08
3728.65
3740.49
3752.6
3765.03
3777.8
3790.91
3804.38
3818.24
3832.51
3847.24
3862.47
3878.3
3894.83
3912.21
3930.68
3950.64
3972.47
3995.62
4018.64
4040.26
4065.47
4054.94
4086.77
4076.02
4108.78
4097.18
4133.51
4120.86
4160.08
4145.7
4191.95
4175.45
4228.38
4208.6
4272.61
4249.71
4326.77
4298.69
4396.12
4360.82
4485.72
4441.69
4610.16
4582.86
4556.56
4530.64
4741.16
4710.57
4680.32
4650.41
4857.56
4824.95
4792.22
5093.26
5057.62
4917.84
4983.89
5021.18
5208.5
5333.08
5296.22
5172.18
5430.27
5879.21
5688.13
5535.91
5650.97
5813.04
5847.69
6181.65
6332
6013.03
6156.34
6851.38
6676.23
6846.55
6491.18
6658.71
3625.58
3635.71
3646.06
3656.48
3667
3677.63
3688.4
3699.34
3710.47
3721.81
3733.4
3745.26
3757.41
3769.87
3782.66
3795.78
3809.24
3823.07
3837.28
3851.91
3867.01
3882.68
3899.05
3916.3
3934.84
3955.25
3977.32
3999.57
4020.47
4038.85
4064.15
4053.36
4085.95
4074.96
4107.05
4095.26
4132.16
4119.31
4157.78
4143.14
4190.33
4173.45
4226.3
4205.84
4272.68
4248.58
4328.24
4298.29
4400.51
4362.4
4505.76
4481.35
4447.16
4621.06
4592.29
4564.36
4537.18
4759.44
4726.84
4694.6
4662.84
4882.9
4847.88
4812.82
5134.47
5095.81
4946.32
5015.9
5056.25
5258.09
5392.31
5352.12
5218.52
5496.65
5982.74
5775.31
5610.46
5734.33
5911.08
5948.87
6309.32
6471.6
6127.84
6283.49
7018.16
6832.96
7012.35
6642.34
6820.02
3630.48
3640.56
3650.86
3661.24
3671.71
3682.32
3693.06
3703.98
3715.1
3726.45
3738.05
3749.93
3762.1
3774.58
3787.37
3800.47
3813.89
3827.64
3841.74
3856.2
3871.1
3886.52
3902.64
3919.82
3938.69
3959.5
3980.9
4000.88
4018.35
4040.02
4029.68
4061.51
4050.61
4083.8
4072.56
4103.9
4091.9
4129.38
4116.35
4153.9
4139.06
4187.08
4169.84
4222.3
4201.29
4270.73
4245.42
4327.44
4295.58
4402.43
4361.49
4510.9
4485.56
4437.26
4462.48
4631.69
4601.26
4571.75
4543.11
4777.77
4742.99
4708.68
4674.96
4908.69
4871.06
4833.49
5177.52
5135.41
4975.33
5048.56
5092.32
5310.24
5455.09
5410.91
5266.96
5567
6095.21
5869.07
5689.66
5823.14
6016.37
6058.14
6449.42
6625.13
6253.09
6422.67
7199.51
7002.42
7196.17
6809.33
6999.9
3635.3
3645.33
3655.58
3665.91
3676.34
3686.91
3697.62
3708.53
3719.64
3730.98
3742.59
3754.48
3766.67
3779.15
3791.93
3804.99
3818.33
3831.94
3845.85
3860.07
3874.66
3889.74
3905.61
3923.03
3942.5
3963.02
3982.29
3999.11
4013.12
4036.3
4026.1
4057.63
4046.8
4080.2
4068.77
4099.35
4087.19
4125.14
4111.96
4148.57
4133.64
4182.17
4164.67
4216.35
4194.99
4266.48
4240.09
4324.09
4290.42
4413.64
4390.71
4348.81
4369.4
4515.39
4488.57
4437.78
4463.85
4641.94
4609.77
4578.61
4548.44
4796.04
4758.96
4722.48
4686.7
4934.8
4894.38
4854.16
5222.22
5176.18
5004.74
5081.82
5129.22
5364.7
5521.02
5472.28
5317.19
5641.39
6217.35
5969.25
5773.42
5917.36
6129.14
6176.13
6603.78
6795.93
6389.78
6575.59
7428.48
7198.73
7432.35
6998.59
7213.35
3640.05
3650.02
3660.21
3670.49
3680.87
3691.39
3702.08
3712.96
3724.05
3735.4
3747.02
3758.92
3771.11
3783.58
3796.32
3809.3
3822.51
3835.93
3849.58
3863.46
3877.63
3892.29
3908.28
3926.5
3946.2
3965.13
3981.71
3995.42
4013.1
4004.6
4032.21
4022.37
4053.06
4042.46
4075.41
4064.03
4093.78
4081.66
4119.66
4106.43
4142.09
4127.24
4175.69
4158.14
4208.72
4187.23
4260.01
4232.84
4318.17
4283.14
4413.06
4389.48
4346.47
4367.32
4519.28
4491.1
4437.41
4464.5
4651.75
4617.75
4584.88
4553.11
4814.17
4774.7
4735.93
4698
4961.11
4917.75
4874.74
5268.21
5217.89
5034.54
5115.71
5166.86
5421.33
5590.19
5536.37
5369.01
5719.56
6350.15
6076.03
5861.47
6017.38
6250.09
6303.69
6775.24
6989.38
6539.29
6744.65
7795.31
7456.38
7792.43
7220.47
7481.02
3644.73
3654.63
3664.75
3674.97
3685.3
3695.77
3706.41
3717.27
3728.35
3739.69
3751.32
3763.23
3775.41
3787.85
3800.52
3813.38
3826.4
3839.56
3852.86
3866.29
3879.93
3894.47
3911.46
3930.47
3949.33
3966.05
3979.95
3991.98
4010.25
4002.41
4028.14
4018.87
4048.24
4037.97
4070.04
4058.92
4087.71
4075.86
4113.33
4100.19
4134.85
4120.25
4167.99
4150.65
4199.86
4178.52
4251.74
4224.13
4322.56
4302.88
4285.2
4268.17
4411.74
4387.39
4343.01
4364.52
4522.47
4492.94
4436.03
4464.15
4661
4625.06
4590.38
4556.93
4832.09
4790.07
4748.89
4708.64
4987.57
4941.1
4895.12
5315.36
5260.54
5064.76
5150.15
5205.29
5480.2
5662.47
5603.03
5422.57
5801.33
6494.59
6189.76
5954.27
6123.32
6379.53
6441.24
6967.79
7211.65
6703.5
6932.64
8321.06
7809.68
8278.93
7485.33
7812.96
3649.31
3659.14
3669.19
3679.34
3689.6
3700.02
3710.63
3721.45
3732.52
3743.86
3755.49
3767.4
3779.58
3791.97
3804.54
3817.22
3829.98
3842.8
3855.63
3868.5
3881.75
3897.24
3915.62
3934.53
3951.75
3966.29
3978.89
3994.3
3988.13
4008.22
4001.02
4024.64
4016.1
4043.61
4033.84
4064.61
4053.88
4081.71
4070.34
4106.6
4093.77
4127.4
4113.24
4159.64
4142.75
4190.41
4169.62
4242.02
4214.5
4318.07
4298.43
4280.35
4263.4
4409.48
4384.43
4338.94
4360.97
4524.74
4493.81
4433.37
4462.51
4669.44
4631.43
4594.82
4559.59
4849.6
4804.84
4761.03
4718.27
5014.15
4964.26
4915.03
5363.83
5304.25
5095.16
5184.87
5244.49
5541.31
5737.88
5672.33
5477.99
5887.26
6651.88
6310.59
6052.17
6235.54
6518.4
6589.76
7185.59
7468.18
6884.34
7142.73
8782.61
8237.75
8755.35
7796.69
8197.79
3653.8
3663.55
3673.52
3683.59
3693.78
3704.14
3714.7
3725.5
3736.56
3747.91
3759.54
3771.46
3783.61
3795.92
3808.34
3820.79
3833.21
3845.58
3857.85
3870.16
3884.02
3901.41
3920.37
3938.24
3953.66
3966.92
3979
3994.04
3987.96
4007.13
4000.42
4022.12
4014.33
4039.66
4030.56
4059.58
4049.36
4076.32
4065.55
4100.07
4087.79
4120.41
4106.88
4151.39
4135.15
4180.88
4161.02
4242.31
4227.13
4200.92
4213.8
4313.13
4293.45
4275.24
4258.2
4406.05
4380.47
4334.22
4356.59
4525.77
4493.4
4429.29
4459.37
4676.7
4636.47
4597.82
4560.72
4866.39
4818.63
4771.95
4726.49
5040.55
4986.89
4934.09
5413.82
5349.16
5125.34
5219.51
5284.34
5604.69
5816.99
5744.56
5535.41
5977.56
6823.27
6439.65
6155.62
6354.83
6667.8
6750.44
7431.56
7761.33
7084.01
7376.91
9268.47
8688.63
9234.12
8149.77
8613.35
3658.19
3667.85
3677.72
3687.7
3697.82
3708.12
3718.64
3729.41
3740.46
3751.82
3763.48
3775.4
3787.5
3799.71
3811.91
3824.04
3836.04
3847.86
3859.52
3871.96
3887.85
3906.59
3925.04
3941.37
3955.34
3967.55
3978.95
3993.95
3987.91
4006.72
4000.21
4020.74
4013.53
4036.79
4028.46
4055.39
4045.78
4072
4061.88
4094.38
4082.8
4114.25
4101.53
4143.58
4128.16
4195.97
4179.89
4169.08
4159.63
4150.61
4236.93
4222.24
4208.72
4307.62
4288.03
4269.83
4252.78
4401.32
4375.39
4328.74
4351.29
4525.23
4491.43
4423.89
4454.71
4682.39
4639.85
4599.11
4560.12
4882.01
4830.99
4781.25
4732.96
5066.39
5008.61
4951.83
5465.37
5394.96
5154.92
5253.48
5324.21
5670.4
5899.83
5819.8
5594.64
6072.4
7010.65
6577.77
6265.14
6481.68
6829.06
6924.79
7707.75
8089.36
7304.47
7636.43
9744.28
9145.56
9709.42
8534.39
9044.8
3662.46
3672.01
3681.79
3691.68
3701.71
3711.95
3722.42
3733.17
3744.24
3755.63
3767.31
3779.23
3791.27
3803.32
3815.24
3826.95
3838.43
3849.65
3861.05
3875.18
3893.13
3911.91
3929.05
3943.79
3956.37
3967.52
3981.45
3987.64
3975.71
3993.72
4006.42
3999.96
4020.07
4013.11
4035.15
4027.39
4052.39
4043.48
4068.82
4059.31
4089.82
4078.96
4108.64
4096.79
4136.2
4121.65
4191.31
4175.42
4164.99
4155.45
4146.53
4231.66
4217.24
4203.82
4301.61
4282.23
4264.15
4247.26
4395.42
4369.28
4322.58
4345.14
4522.92
4487.76
4417.3
4448.73
4686.29
4641.44
4598.66
4557.86
4896.03
4841.55
4788.66
4737.55
5091.26
5028.96
4967.85
5518.03
5440.88
5183.33
5286.1
5363.36
5738.22
5986.33
5897.82
5655.21
6171.97
7216.3
6725.98
6380.68
6616.85
7004.39
7115.19
8014.52
8448.15
7547.53
7923.08
10139.6
9602.54
10125.6
8940.77
9482.45
3666.6
3676.05
3685.71
3695.49
3705.44
3715.61
3726.05
3736.8
3747.89
3759.33
3771.06
3782.98
3794.93
3806.73
3818.27
3829.48
3840.38
3851.12
3863.59
3880.13
3898.78
3916.56
3932.03
3945.18
3956.43
3966.88
3987.32
3981
3975.21
3993.35
4005.95
3999.55
4019.42
4012.56
4034.05
4026.56
4050.37
4041.97
4066.05
4057.01
4085.84
4075.64
4103.07
4091.98
4134.82
4127.38
4115.28
4186.7
4171.18
4160.93
4151.49
4142.79
4226.41
4212.24
4198.98
4295.2
4276.09
4258.24
4241.67
4388.47
4362.24
4315.87
4338.2
4519.05
4482.63
4409.59
4441.54
4688.38
4641.32
4596.62
4554.19
4908.11
4850.1
4794.1
4740.27
5114.58
5047.44
4981.79
5571.04
5486.1
5209.99
5316.8
5401.04
5807.65
6076.2
5977.76
5716.16
6276.31
7442.43
6886.52
6503.15
6762.93
7197.35
7324.53
8350.37
8831.63
7815.16
8237.54
10505.1
10035.2
10498.3
9361.57
9917.76
3670.61
3679.92
3689.46
3699.13
3708.99
3719.1
3729.52
3740.29
3751.44
3762.96
3774.76
3786.67
3798.45
3809.91
3820.95
3831.6
3841.96
3853.12
3867.89
3885.8
3903.86
3919.97
3933.76
3945.43
3955.82
3966.05
3986.86
3980.47
3974.77
3992.84
4005.28
3998.97
4018.51
4011.78
4032.78
4025.5
4048.48
4040.43
4063
4054.41
4081.71
4072.08
4097.13
4086.73
4131.11
4123.71
4113.62
4107.46
4182.23
4167.05
4156.97
4147.65
4139.05
4221.11
4207.19
4194.23
4288.37
4269.63
4252.15
4236.02
4380.53
4354.31
4308.55
4330.47
4513.96
4476.32
4400.91
4433.37
4688.71
4639.58
4593.07
4549.2
4918.04
4856.56
4797.54
4741.08
5135.8
5063.57
4993.33
5623.31
5529.83
5234.45
5344.86
5436.68
5877.56
6169.23
6059.53
5776.23
6386.12
7691.9
7062.9
6634.56
6922.19
7409.55
7555.48
8712.71
9236.04
8108.85
8579.14
10862.9
10442.9
10860
9793.76
10352.4
3674.46
3683.63
3693.03
3702.58
3712.35
3722.41
3732.83
3743.66
3754.92
3766.57
3778.46
3790.29
3801.79
3812.77
3823.22
3833.33
3843.67
3856.63
3873.27
3891.05
3907.63
3922.05
3934.31
3944.87
3954.97
3968.02
3974.15
3962.54
3986.28
3979.85
3992.2
4004.43
3998.24
4017.36
4010.8
4031.22
4024.16
4046.29
4038.58
4059.53
4051.45
4077.12
4068.07
4095.11
4104.01
4089.99
4081.05
4127.54
4120.28
4110.17
4177.88
4162.99
4153.08
4143.89
4135.39
4215.74
4202.15
4189.55
4281.17
4262.91
4245.94
4230.31
4371.71
4345.6
4300.75
4322.1
4507.77
4469.03
4391.61
4424.56
4687.26
4636.2
4588.06
4542.93
4925.61
4860.68
4798.68
4739.69
5154.59
5077.04
5002.1
5673.64
5570.76
5255.95
5369.49
5469.05
5947.5
6265.38
6142.13
5834.4
6501.66
7965.46
7255.91
6775.06
7093.87
7640.17
7808.5
9099.71
9660.72
8429.02
8947.3
11236.6
10848.3
11256.6
10241.5
10801.3
3678.14
3687.16
3696.4
3705.83
3715.51
3725.54
3735.99
3746.94
3758.39
3770.21
3782.1
3793.71
3804.78
3815.19
3825.09
3834.98
3846.45
3861.42
3878.44
3895.12
3910.07
3922.97
3933.91
3944.05
3953.96
3973.55
3967.37
3961.88
3985.6
3979.16
3991.43
4003.44
3997.37
4016.01
4009.64
4029.37
4022.58
4043.76
4036.42
4055.71
4048.15
4072.09
4063.67
4100.71
4091.83
4086.7
4078.77
4074.47
4123.97
4116.8
4106.76
4173.64
4159
4149.23
4140.16
4131.74
4210.43
4197.24
4185.03
4273.68
4256.04
4239.69
4224.58
4362.22
4336.24
4292.57
4313.21
4500.56
4460.97
4381.97
4415.25
4683.77
4630.96
4581.4
4535.22
4930.33
4861.95
4797.04
4735.62
5170.34
5087.39
5007.48
5720.85
5603.6
5273.73
5388.95
5492.66
6016.36
6363.69
6221.94
5888.27
6619.29
8263.25
7462.71
6922.7
7274.66
7887.94
8081.83
9512.74
10109.4
8775.83
9342.8
11755.7
11300.2
11806.8
10714.3
11296.5
3681.63
3690.47
3699.55
3708.85
3718.46
3728.49
3739.05
3750.21
3761.88
3773.75
3785.48
3796.75
3807.31
3817.14
3826.76
3837.25
3850.48
3866.33
3882.67
3897.92
3911.38
3922.87
3933.16
3943.17
3952.98
3972.87
3966.73
3961.35
3984.82
3978.4
3990.56
4002.3
3996.39
4014.49
4008.33
4027.29
4020.8
4040.93
4033.99
4051.58
4044.58
4066.69
4058.92
4097.34
4088.49
4083.47
4075.61
4071.35
4120.42
4113.31
4103.31
4169.48
4155.12
4145.46
4136.46
4128.12
4205.23
4192.51
4180.64
4265.9
4249.03
4233.43
4218.88
4352.42
4326.54
4284.07
4304
4492.18
4452.09
4371.94
4405.25
4677.71
4623.34
4572.57
4525.61
4931.58
4859.79
4792.06
4728.33
5178.62
5089.29
5006.33
5765.4
5651.66
5292.25
5390.88
5491.43
6082.55
6460.6
6313.97
5955.92
6747.16
8584.9
7682.52
7081.28
7467.84
8153.66
8376.58
9952.5
10587.8
9148.67
9766.7
12732.7
11877.9
12645.1
11229.5
11878.5
3684.91
3693.54
3702.45
3711.62
3721.19
3731.29
3742.08
3753.5
3765.27
3777.04
3788.48
3799.33
3809.36
3818.79
3828.69
3840.51
3854.94
3870.53
3885.74
3899.6
3911.67
3922.25
3932.38
3942.3
3951.98
3960.71
3972.15
3966.07
3983.97
3977.6
3989.61
4001.06
3995.3
4012.83
4006.9
4025.03
4018.87
4037.86
4031.35
4047.18
4040.79
4064.26
4060.61
4053.83
4093.91
4085.05
4080.16
4072.31
4068.19
4116.83
4109.79
4099.78
4165.42
4151.25
4141.7
4132.76
4124.48
4200.22
4187.94
4176.36
4258.09
4242.1
4227.28
4213.34
4342.45
4316.78
4275.45
4294.71
4482.29
4442.14
4361.25
4394.11
4668.59
4612.84
4561.07
4513.72
4928.24
4854.43
4784.75
4719.35
5206.03
5079.63
4998.74
5780.22
5633.41
5299.85
5387.57
5487.93
6109.33
6502.96
6296.96
5938.81
6732.57
8930.28
7916.43
7072.05
7462.35
8433.82
8692.76
10423.2
11105.7
9549.61
10221.9
13646.8
12609.6
13528.5
11809.4
12554.8
3687.94
3696.34
3705.07
3714.14
3723.74
3734.06
3745.15
3756.74
3768.44
3779.96
3791.04
3801.43
3810.97
3820.46
3831.29
3844.3
3858.91
3873.74
3887.75
3900.29
3911.26
3921.6
3931.64
3941.44
3953.84
3960.15
3959.51
3948.71
3971.42
3965.41
3983.07
3976.78
3988.59
3999.73
3994.14
4011.06
4005.37
4022.64
4016.82
4034.6
4028.56
4042.57
4036.84
4061.21
4057.68
4048.51
4090.35
4081.46
4076.72
4068.89
4064.94
4113.13
4106.17
4096.11
4161.4
4147.23
4137.79
4128.94
4120.72
4195.31
4183.41
4172.12
4250.36
4235.26
4221.2
4207.88
4332.21
4306.97
4266.86
4285.43
4470.56
4430.7
4349.28
4381.14
4658.38
4601.96
4549.62
4501.28
4922.16
4848.86
4779.17
4713.6
5191.3
5076.39
4995.59
5777.11
5629.49
5297.04
5384.59
5484.85
6106.22
6499.9
6293.06
5934.86
6729.11
9302.29
7915.74
7068.74
7459
8438.54
9021.69
10931.1
11675.4
9994.3
10710.8
14270.8
13399.5
14264.6
12456.7
13292.7
3690.68
3698.84
3707.39
3716.43
3726.23
3736.92
3748.25
3759.79
3771.25
3782.41
3793.07
3802.98
3812.35
3822.49
3834.36
3847.89
3862.11
3876
3888.81
3900.2
3910.8
3921
3930.94
3940.6
3958.98
3953.34
3964.74
3948.19
3970.68
3982.15
3975.95
3987.54
3998.35
3992.94
4009.22
4003.78
4020.16
4014.68
4031.22
4025.68
4037.81
4032.81
4058.05
4054.71
4043
4051.63
4045.66
4086.6
4077.66
4073.11
4065.3
4061.56
4109.24
4102.38
4092.2
4157.21
4142.77
4133.52
4124.83
4116.72
4190.2
4178.7
4167.7
4242.5
4228.26
4214.91
4202.24
4321.38
4296.98
4258.16
4276.05
4456.89
4417.21
4336.76
4367.46
4652.68
4596.49
4544.35
4478.61
4919.09
4845.84
4776.23
4710.71
5187.62
5073.58
4992.86
5774.1
5626.09
5294.3
5382.03
5482.18
6103.06
6496.56
6289.39
5931.32
6725.45
9695.44
7912.14
7065.11
7455.15
8434.93
9033.03
11482.4
12302.3
10457.4
11248.7
14749.5
14171.5
14890
13163.6
14064.7
3693.1
3700.98
3709.41
3718.63
3728.85
3739.89
3751.21
3762.5
3773.58
3784.32
3794.51
3804.09
3813.85
3824.89
3837.43
3850.92
3864.49
3877.37
3889.11
3899.99
3910.38
3920.45
3930.26
3939.89
3964.13
3958.46
3952.89
3969.94
3947.8
3981.22
3975.13
3986.49
3996.97
3991.74
4007.37
4002.18
4017.66
4012.53
4027.79
4022.74
4033.1
4040.29
4028.81
4054.76
4048.47
4042.75
4082.59
4073.6
4069.3
4061.54
4058.05
4105
4098.31
4087.96
4152.51
4137.46
4128.57
4120.16
4112.29
4184.46
4173.38
4162.72
4233.97
4220.56
4207.98
4195.98
4309.19
4285.88
4248.83
4265.94
4440.13
4402.31
4317.92
4359.45
4649.88
4593.8
4482.14
4541.78
4916.44
4843.25
4773.68
4708.23
5184.6
5071.21
4990.56
5771.37
5623.27
5291.85
6100.15
6493.42
6286.17
5928.27
6721.99
9719.76
7907.96
7061.62
7451.41
8430.65
9029.09
12087.4
12984.9
10925.7
10334.2
11830.1
15331.9
14939.3
15734
13921
14878.6
3695.12
3702.75
3711.3
3720.99
3731.68
3742.8
3753.88
3764.77
3775.39
3785.64
3795.44
3805.19
3815.7
3827.42
3840.18
3853.32
3866.1
3878.06
3889.19
3899.78
3909.99
3919.91
3929.63
3939.23
3947.36
3969.26
3963.56
3957.97
3952.45
3980.3
3974.36
3985.44
3995.6
3990.54
4005.56
4000.61
4015.2
4010.43
4024.4
4019.86
4030.54
4034.87
4028.75
4037.59
4024.98
4051.36
4045.27
4039.81
4078.25
4069.23
4065.25
4057.57
4054.38
4100.22
4093.82
4083.29
4146.82
4130.88
4122.51
4114.58
4107.14
4177.4
4166.83
4156.62
4223.85
4211.32
4199.58
4188.31
4294.17
4272.81
4237.7
4253.85
4430.53
4393.94
4319.32
4357.19
4647.47
4591.45
4479.62
4539.52
4914.19
4841.07
4771.55
4706.15
5182.1
9715.41
7903.84
8426.43
9024.39
12770.8
13725.7
10966.8
10328.4
12423.7
11708.5
17964.6
15844.5
17131.3
14731.4
15780.4
3696.66
3704.23
3713.31
3723.65
3734.59
3745.52
3756.21
3766.61
3776.74
3786.61
3796.44
3806.66
3817.79
3829.86
3842.51
3855.09
3867.16
3878.48
3889.23
3899.56
3909.58
3919.37
3929.03
3938.64
3947.03
3946.66
3968.63
3963.02
3957.51
3952.07
3979.43
3973.65
3984.45
3994.29
3989.4
4003.82
3999.11
4012.85
4008.41
4021.17
4017.11
4032.26
4028.23
4036.85
4026.62
4021.49
4047.87
4042.05
4073.49
4064.5
4060.94
4053.42
4050.59
4094.68
4088.76
4078.07
4139.66
4122.79
4115.14
4107.87
4101.05
4168.23
4158.4
4148.85
4210.88
4199.27
4188.61
4178.31
4284.62
4255.78
4223.8
4238.92
4427.96
4391.53
4316.91
4355.11
4645.42
4589.48
4477.36
4537.57
9710.2
9019.75
13507.5
14517.6
10962.3
10322.5
12486.1
11701.3
20529.5
16986.5
18718
15608.3
16791.8
3697.69
3705.77
3715.71
3726.54
3737.44
3748.01
3758.2
3768.13
3777.91
3787.69
3797.77
3808.5
3820
3832.13
3844.43
3856.5
3867.92
3878.78
3889.21
3899.3
3909.15
3918.84
3928.47
3938.12
3946.39
3946.08
3951.72
3968.04
3962.53
3957.1
3978.63
3973
3983.54
3993.11
3988.37
4002.23
3997.74
4010.69
4006.56
4018.2
4014.59
4029.74
4033.95
4026.04
4038.83
4024.64
4018.45
4022.69
4044.35
4068.26
4059.43
4056.36
4049.12
4046.71
4088.29
4082.99
4072.28
4130.81
4113.29
4106.52
4100.07
4093.98
4156.54
4147.75
4139.14
4194.91
4183.67
4174.45
4165.43
4282.43
4255.66
4207.65
4229.06
4425.74
4389.36
4314.78
4353.29
4475.46
9705.03
14261.1
13420.5
15402.3
10956.4
10317
12481.2
11694.3
22910.4
18197.1
20178
16555.8
17846
3698.48
3707.74
3718.53
3729.55
3740.17
3750.26
3759.97
3769.56
3779.21
3789.14
3799.57
3810.63
3822.28
3834.25
3846.17
3857.58
3868.48
3878.96
3889.1
3898.98
3908.69
3918.3
3927.92
3937.66
3945.87
3945.64
3951.41
3951.14
3956.73
3967.5
3962.09
3977.9
3972.41
3982.72
3992.06
3987.45
4000.83
3996.53
4008.81
4004.94
4015.63
4012.39
4031.18
4027.34
4035.64
4023.96
4040.82
4021
4019.38
4017.11
4015.99
4062.65
4054.14
4051.59
4044.78
4042.8
4081.19
4076.58
4066.06
4120.34
4102.59
4096.87
4091.38
4086.14
4142.4
4134.94
4127.59
4184.35
4166.9
4157.42
4149.87
4280.38
4253.21
4206.23
4226.77
4423.85
4387.51
4312.98
15029.3
14137.6
13413.4
16347.5
10950.5
12474.6
11687.8
25275.1
19317.9
21647.2
17532.6
18857.3
3699.69
3710.35
3721.69
3732.6
3742.78
3752.4
3761.78
3771.23
3780.96
3791.11
3801.8
3813.01
3824.61
3836.23
3847.51
3858.38
3868.87
3879.02
3888.91
3898.61
3908.19
3917.75
3927.38
3937.22
3945.48
3945.29
3950.92
3950.73
3956.42
3956.16
3961.71
3967.03
3977.25
3971.91
3982
3991.15
3986.64
3999.65
3995.49
4007.24
4003.58
4013.51
4010.58
4032.57
4028.55
4025.09
4037.3
4022.07
4020.36
4018.05
4015.95
4014.87
4056.81
4048.83
4046.79
4040.51
4038.91
4073.6
4069.71
4059.64
4108.46
4090.89
4086.42
4082.02
4077.73
4126.39
4120.38
4114.4
4181.83
4163.48
4141.01
4132.64
4278.58
4251.07
4203.67
4224.68
15111.1
14124.2
13405.7
17296.5
16293.1
12467.7
27295.3
20354.2
23099.2
18487.9
19773.5
3701.87
3713.59
3725.08
3735.63
3745.34
3754.62
3763.87
3773.35
3783.21
3793.53
3804.33
3815.49
3826.73
3837.78
3848.54
3858.97
3869.09
3878.95
3888.62
3898.15
3907.64
3917.16
3926.82
3936.72
3945.17
3945
3950.59
3950.47
3955.96
3955.8
3961.4
3961.14
3966.64
3976.7
3971.49
3981.4
3990.4
3985.97
3998.71
3994.66
4006.02
4002.51
4011.91
4009.18
4033.9
4029.68
4026.1
4023.02
4021.18
4018.89
4016.85
4014.99
4014.01
4050.97
4043.67
4042.09
4036.39
4035.17
4065.77
4062.64
4053.22
4095.39
4078.4
4075.37
4072.23
4069
4109.43
4104.57
4099.93
4179.67
4160.86
4137.5
4116.68
4249.26
4201.5
4222.9
15103.7
14113.3
13398.4
18233.8
17222.1
16279.7
28934.5
21315.3
24418
19366.5
20565.1
3705.07
3717.32
3728.54
3738.59
3747.91
3757.02
3766.27
3775.83
3785.79
3796.16
3806.85
3817.67
3828.42
3838.98
3849.29
3859.34
3869.15
3878.76
3888.23
3897.62
3907.02
3916.5
3926.18
3936.22
3944.88
3944.75
3950.37
3950.28
3955.7
3955.63
3960.96
3960.85
3966.32
3966.07
3976.26
3971.16
3980.92
3989.85
3985.46
3998.04
3994.05
4005.17
4001.76
4010.82
4013.21
4008.21
4030.73
4027
4023.84
4021.84
4019.58
4017.6
4015.83
4014.18
4045.29
4038.73
4037.57
4032.56
4031.69
4057.89
4055.55
4046.96
4081.41
4065.3
4063.86
4062.16
4060.14
4093.95
4087.97
4084.56
4177.87
4158.67
4134.89
4113.02
4199.7
15094.9
14104.4
19106.9
18143.2
17202.6
16268.1
30180.5
22131.5
25526
20112.7
21177.4
3709.13
3721.25
3731.9
3741.46
3750.52
3759.58
3768.86
3778.46
3788.4
3798.63
3809.02
3819.43
3829.74
3839.88
3849.81
3859.52
3869.05
3878.43
3887.72
3896.99
3906.31
3915.76
3925.46
3947.17
3935.54
3950.2
3950.1
3955.59
3955.57
3960.79
3960.77
3965.92
3965.84
3970.93
3975.93
3980.58
3989.48
3985.11
3997.63
3993.66
4004.71
4001.33
4010.28
4012.18
4012.67
4007.72
4027.8
4024.54
4022.37
4020.12
4018.2
4016.51
4014.98
4013.56
4039.88
4034.12
4033.36
4029.07
4028.49
4050.07
4048.59
4040.97
4066.77
4051.76
4052.03
4051.93
4051.25
4090.11
4073.06
4068.51
4156.89
4132.71
4110.43
15086.2
19851.3
19008.2
18117.3
17187.6
16258.2
30986.5
22750.5
26308.4
20661.5
21565.7
3713.63
3725.08
3735.05
3744.2
3753.13
3762.17
3771.44
3780.98
3790.78
3800.75
3810.81
3820.83
3830.75
3840.52
3850.1
3859.52
3868.8
3877.97
3887.1
3896.25
3905.49
3914.9
3924.59
3946.73
3955.52
3955.45
3934.66
3955.55
3955.53
3960.8
3960.85
3965.83
3965.88
3970.81
3970.78
3975.71
3980.38
3989.31
3984.92
3997.51
3993.52
4004.64
4001.23
4011.94
4010.3
4011.76
4013.09
4007.69
4025.14
4022.78
4020.51
4018.64
4017.03
4015.61
4014.32
4034.81
4029.93
4029.54
4025.93
4025.6
4042.45
4041.88
4035.33
4051.54
4037.45
4040.12
4041.71
4042.48
4069.07
4087.55
4054.37
4130.93
4108.28
20388.2
19749.7
18975.5
18098.8
17176.2
31299.9
23114.2
26628
20967.1
21684.3
3718.03
3728.6
3737.95
3746.83
3755.67
3764.66
3773.85
3783.26
3792.85
3802.54
3812.26
3821.93
3831.49
3840.91
3850.19
3859.34
3868.38
3877.37
3886.35
3895.38
3904.53
3913.88
3923.52
3946.07
3955.39
3955.24
3961.05
3961.1
3933.52
3960.92
3960.98
3965.99
3966.12
3970.83
3970.96
3975.61
3975.64
3980.32
3989.35
3984.91
3997.67
3993.61
4004.97
4001.47
4012.8
4010.86
4011.96
4011.83
4012.66
4013.82
4008.13
4023.04
4020.75
4018.92
4017.4
4016.09
4014.91
4030.16
4026.18
4026.13
4023.15
4035.12
4035.52
4030.1
4038.01
4025.58
4028.62
4031.68
4033.9
4050.16
4066.52
4085.42
4106.52
20669.1
20280.4
19712.5
18953.5
18085.6
31032.5
23138.7
26394.3
20994.4
21490.1
3722.04
3731.75
3740.63
3749.34
3758.09
3766.98
3776.04
3785.27
3794.61
3804.01
3813.41
3822.74
3831.97
3841.08
3850.08
3858.98
3867.81
3876.62
3885.45
3894.35
3903.4
3912.66
3922.19
3945.19
3955.08
3954.85
3961.13
3961.09
3966.62
3966.78
3932.04
3966.28
3966.45
3971.14
3971.38
3975.76
3975.97
3980.4
3989.58
3985.06
3998.1
3993.93
4005.68
4002.03
4013.52
4012.34
4011.96
4012.8
4012.9
4012.7
4013.38
4014.4
4009.01
4020.85
4019.05
4017.59
4016.39
4015.34
4025.98
4022.87
4023.11
4020.78
4028.1
4029.51
4025.33
4033.21
4016.32
4021.99
4017.3
4022
4025.59
4047.63
4064.41
4083.68
20669.1
20557.2
20238.5
19689.1
18938.4
30052.2
22748.8
25492.8
20713.4
20943.3
3725.58
3734.56
3743.15
3751.7
3760.33
3769.09
3777.98
3786.99
3796.08
3805.19
3814.27
3823.29
3832.21
3841.04
3849.78
3858.45
3867.08
3875.7
3884.37
3893.15
3902.07
3911.2
3920.56
3957.29
3943.91
3961
3960.82
3966.92
3967
3972.22
3972.51
3930.18
3971.65
3971.93
3976.26
3976.61
3980.61
3980.92
3989.98
3985.36
3998.77
3994.47
4006.74
4002.88
4014.07
4013.28
4013.54
4014.23
4013.47
4013.81
4013.66
4013.43
4013.94
4014.8
4010.31
4019.01
4017.63
4016.52
4015.6
4022.26
4019.99
4020.52
4018.79
4021.46
4023.94
4021.03
4030.71
4012.29
4019.56
4008.06
4012.79
4017.67
4045.53
4062.68
20359.4
20549.9
20510.6
20212.6
19674.4
28118.3
21871.5
23776.5
20101.6
20026.5
3728.63
3737.13
3745.5
3753.9
3762.38
3770.97
3779.67
3788.45
3797.27
3806.08
3814.87
3823.59
3832.23
3840.79
3849.28
3857.73
3866.16
3874.61
3883.12
3891.74
3900.51
3909.45
3918.58
3956.21
3966.8
3966.51
3942.22
3967.01
3966.95
3972.77
3972.97
3977.85
3978.28
3927.91
3977
3977.42
3981.32
3981.8
3985.78
3990.54
3999.67
3995.18
4008.09
4003.98
4014.46
4014.07
4015.18
4015.55
4016.21
4015.39
4014.53
4014.67
4014.24
4013.99
4014.32
4015.03
4011.96
4017.48
4016.48
4015.68
4018.97
4017.52
4018.34
4017.13
4015.25
4018.82
4017.15
4028.64
4003.96
4009.8
4017.53
4000.69
4003.5
4010.22
4043.83
19718.4
20230.9
20500.9
20481.7
20196.8
24809.9
20454.5
21013.5
19167.3
18757
3731.3
3739.49
3747.67
3755.91
3764.22
3772.62
3781.1
3789.63
3798.18
3806.72
3815.22
3823.65
3832.03
3840.34
3848.6
3856.83
3865.06
3873.33
3881.66
3890.11
3898.68
3907.38
3916.23
3954.75
3966.14
3965.66
3973.11
3972.94
3940.06
3973.11
3973.16
3978.68
3979.02
3983.5
3984.1
3925.21
3982.33
3982.9
3986.32
3986.95
3991.23
4000.74
3996.05
4009.69
4005.3
4014.66
4014.69
4016.42
4017.9
4018.66
4017.4
4017.58
4016.4
4015.45
4015.34
4014.64
4014.38
4014.51
4015.07
4013.9
4016.24
4015.58
4016.08
4015.39
4016.49
4015.77
4009.48
4014.1
4013.64
4026.96
4001.53
3996.66
4007.75
4015.86
3996.35
4003.36
18759.1
19586.1
20183.1
20471
20463.9
19276.4
18453.4
16948
17964
17194.5
3733.69
3741.66
3749.66
3757.71
3765.84
3774.03
3782.28
3790.56
3798.84
3807.11
3815.33
3823.5
3831.61
3839.68
3847.71
3855.73
3863.76
3871.84
3879.98
3888.22
3896.54
3904.97
3913.48
3967.88
3952.74
3972.64
3972.2
3979.54
3979.49
3937.42
3979.29
3979.48
3984.65
3985.14
3989.16
3989.94
3922.04
3987.64
3988.38
3992.04
4001.97
3997.05
4011.5
4006.8
4014.67
4015.13
4017.53
4020.05
4020.5
4021.5
4020.27
4018.87
4018.82
4017.25
4016.2
4015.84
4014.85
4014.57
4014.5
4014.91
4016.07
4015.26
4013.52
4013.55
4014.94
4014.67
4004.15
4009.77
4010.48
3999.52
3994.18
3990.68
4006.09
3991.02
3997.08
17564
18622.5
19540.4
20154.8
20452.8
11457.1
15968.1
12608
16585.2
15453.7
3735.86
3743.63
3751.44
3759.3
3767.22
3775.2
3783.21
3791.24
3799.26
3807.25
3815.21
3823.12
3830.99
3838.82
3846.63
3854.43
3862.26
3870.13
3878.06
3886.04
3894.09
3902.19
3910.31
3966
3978.5
3977.83
3950.18
3979.3
3978.97
3986.1
3986.18
3934.26
3985.57
3985.9
3990.67
3991.35
3994.84
3995.82
3918.4
3992.91
3993.85
4003.32
3998.15
4013.47
4008.43
4014.48
4015.37
4018.5
4021.78
4023.3
4024.78
4023.33
4021.8
4020.25
4019.93
4017.94
4016.78
4016.14
4014.84
4014.55
4014.27
4014.52
4018.42
4011.25
4011.95
4013.65
4013.81
3999.24
4005.8
4007.64
3997.87
3992.16
3988.24
3987.03
3986.34
3990.67
16240.8
17439.8
18581
19513.4
20138.3
10628.6
13418.1
10803.2
15130.2
13711.6
3737.82
3745.39
3753.01
3760.67
3768.38
3776.12
3783.89
3791.67
3799.43
3807.16
3814.86
3822.53
3830.15
3837.75
3845.34
3852.93
3860.54
3868.18
3875.85
3883.56
3891.3
3899.03
3906.72
3963.57
3977.03
3976.06
3985.5
3984.93
3947.04
3986.11
3985.88
3992.8
3993.02
3930.58
3991.95
3992.44
3996.76
3997.64
4000.54
4001.75
3914.29
3999.32
4004.76
4015.55
4010.17
4014.02
4015.39
4019.32
4023.45
4028.09
4026.21
4026.95
4028.78
4025.17
4023.23
4021.52
4020.91
4018.45
4017.17
4016.23
4014.58
4014.29
4013.75
4020.9
4009.24
4010.59
4012.59
4013.18
3994.91
4002.22
4005.1
3990.51
3986.23
3984.6
3982.84
3986.05
14891.9
16148.9
17408.7
18555.1
19497.9
10059.7
11538.2
10088
13696.1
12205.2
3739.58
3746.95
3754.36
3761.81
3769.3
3776.81
3784.34
3791.86
3799.37
3806.85
3814.3
3821.72
3829.11
3836.48
3843.84
3851.2
3858.58
3865.97
3873.37
3880.77
3888.16
3895.5
3902.71
3977.7
3960.47
3984.17
3983.2
3992.7
3992.22
3943.31
3993.08
3992.98
3999.64
4000.02
3926.37
3998.44
3999.11
4002.92
4004.03
4006.25
4007.72
3909.73
4017.68
4011.96
4015.16
4019.98
4025.06
4031.49
4030.66
4032.6
4029.17
4028.89
4030.89
4026.95
4024.57
4022.67
4021.76
4018.77
4017.35
4016.06
4013.99
4013.73
4012.8
4023.41
4007.49
4009.47
4011.76
3991.28
3999.1
4002.89
3984.59
3982.61
3980.37
3979.35
3982.92
13556.8
14844.7
16129.4
17388.3
18538.7
9445.32
10384.7
9414.42
12399.3
10985.5
3741.13
3748.29
3755.49
3762.72
3769.98
3777.26
3784.54
3791.82
3799.08
3806.31
3813.52
3820.7
3827.85
3834.99
3842.12
3849.25
3856.37
3863.49
3870.59
3877.67
3884.68
3891.57
3898.28
3974.63
3989.57
3988.27
3956.69
3991.54
3990.65
4000.11
3999.73
3938.99
4000.23
4000.27
4006.64
4007.2
3921.65
4005.04
4005.91
4009.16
4010.52
4013.73
3904.72
4019.8
4014.59
4020.48
4026.59
4034.96
4034.52
4036.48
4032.94
4035.01
4032.11
4030.8
4032.98
4028.68
4025.84
4023.72
4022.46
4018.87
4017.3
4015.55
4012.9
4012.69
4011.19
4025.92
4006.02
4008.66
3988.35
3996.45
4001.01
3980.98
3978.35
3976.9
3977.16
3980.45
13084.3
12326.9
14836.5
13217.7
16115
17374.8
8868.99
9541.75
8815.18
11276
9964.1
3742.46
3749.41
3756.4
3763.41
3770.44
3777.48
3784.52
3791.55
3798.57
3805.56
3812.52
3819.46
3826.38
3833.28
3840.17
3847.05
3853.9
3860.73
3867.52
3874.23
3880.83
3887.26
3893.44
3989.61
3970.78
3997.23
3995.92
3952.23
3999.12
3998.29
4007.73
4007.45
3934.1
4007.59
4007.77
4013.81
4014.58
3916.44
4011.77
4012.87
4015.46
4017.12
3899.28
4021.86
4013.5
4020.78
4028.07
4040.8
4038.38
4037.07
4039.12
4035.19
4037.41
4034.98
4032.68
4035.04
4030.36
4027.03
4024.67
4023.01
4018.65
4016.9
4014.53
4011.08
4010.94
4028.37
4004.89
4008.22
3985.95
3994.22
3999.51
3976.73
3974.91
3974.71
3975.4
3978.53
12076
11284.5
14828
13219.2
11947.1
16104.4
8393.04
8850.38
8344.71
10285.9
9117.35
3743.58
3750.32
3757.08
3763.86
3770.66
3777.47
3784.27
3791.06
3797.83
3804.59
3811.31
3818.01
3824.69
3831.35
3837.99
3844.6
3851.17
3857.69
3864.14
3870.47
3876.64
3882.59
3888.22
3985.68
4002.46
4000.72
3966.17
4005.18
4003.93
3947.14
4006.93
4006.17
4015.59
4015.43
3928.66
4015.16
4015.5
4021.19
4022.19
3910.77
4018.63
4020
4023.83
3893.45
4011.67
4020.79
4029.5
4044.07
4044.74
4046.35
4041.73
4039.63
4041.84
4037.43
4039.81
4037.71
4034.55
4037.1
4032.02
4028.14
4025.49
4023.3
4017.95
4016.01
4012.77
4008.26
4030.69
4004.2
3983.87
3992.35
3998.47
3973.29
3972.72
3972.95
3974.07
3976.97
11138.4
10360.5
14820.1
13215.4
11944
11073.4
7993.87
8320.62
7957.51
9410.53
8446.37
3744.48
3751
3757.54
3764.1
3770.66
3777.23
3783.8
3790.35
3796.88
3803.4
3809.88
3816.35
3822.79
3829.2
3835.57
3841.9
3848.17
3854.37
3860.46
3866.39
3872.11
3877.55
3882.63
4001.49
3980.87
4010.66
4008.83
3960.83
4013.4
4012.18
3941.43
4015.01
4014.34
4023.72
4023.69
3922.71
4022.96
4023.48
4028.79
4030.04
3904.66
4025.66
4027.32
3887.25
4008.85
4020.36
4030.89
4046.98
4048.64
4050.75
4048.53
4049.38
4044.93
4042.19
4044.57
4039.67
4042.21
4040.28
4036.43
4039.17
4033.67
4029.11
4026.11
4023.21
4016.58
4014.41
4010.05
4004.1
4032.86
3981.47
3990.88
3998.16
3971.11
3970.96
3971.63
3973.22
3975.58
10261.3
9545.49
13209.4
11938.9
11076.7
10004
7655.71
7902.91
7628.13
8671.95
7928.81
3745.16
3751.45
3757.77
3764.1
3770.44
3776.78
3783.1
3789.42
3795.72
3801.99
3808.24
3814.46
3820.65
3826.8
3832.9
3838.95
3844.91
3850.76
3856.47
3861.99
3867.25
3872.18
3876.7
3996.42
4015.3
4012.96
3975.23
4019.16
4017.35
3954.8
4021.91
4020.69
3935.15
4023.39
4022.81
4032.15
4032.28
3916.28
4031.03
4031.73
4036.64
4038.16
3898.15
4034.86
3880.72
4004.68
4019.29
4032.19
4049.89
4055.74
4052.36
4054.07
4051.74
4052.45
4047.93
4044.75
4047.32
4041.9
4044.61
4042.64
4038.3
4041.25
4035.27
4029.82
4026.4
4022.52
4014.3
4011.87
4006.01
3980.56
3990.27
3998.75
3969.36
3969.65
3970.81
3972.83
9480.44
9919.7
8822.39
11933
11075
10007.8
9193.32
7365.77
7565.28
7344.05
8067.31
7532.97
3745.61
3751.69
3757.78
3763.89
3769.99
3776.1
3782.19
3788.27
3794.33
3800.37
3806.38
3812.36
3818.29
3824.17
3829.99
3835.74
3841.37
3846.87
3852.19
3857.28
3862.07
3866.49
3870.47
4012.91
3990.41
4024.01
4021.53
3968.82
4027.97
4026.14
3948.14
4030.72
4029.5
3928.35
4032.1
4031.58
4040.93
4041.21
3909.42
4039.39
4040.32
4044.76
4046.58
3891.28
3873.88
4017.36
4033.32
4052.82
4060.06
4059.99
4062.5
4055.85
4057.5
4054.98
4055.54
4050.7
4047.32
4050.07
4044.14
4047.01
4040.11
4043.3
4036.78
4030.09
4026.16
4021.01
4010.84
4008.08
4000.31
3981.31
3973.07
3990.93
3968.06
3968.85
3970.38
9288.29
8819.12
8200.75
11070.9
10006.4
9194.47
8472.23
7114.6
7286.42
7097.31
7587.11
7225.79
3745.85
3751.71
3757.58
3763.45
3769.33
3775.2
3781.07
3786.91
3792.73
3798.54
3804.3
3810.02
3815.7
3821.31
3826.84
3832.27
3837.57
3842.71
3847.63
3852.28
3856.6
3860.52
3863.95
4006.44
4027.66
4024.51
3983.53
4033.06
4030.5
3961.71
4037.12
4035.27
3940.91
4039.84
4038.65
3921.08
4041.14
4040.68
4050.09
4050.52
3902.17
4048.09
4049.27
4053.18
4055.35
3884.09
3866.78
4014.29
4034.12
4055.75
4068.04
4064.07
4063.64
4066.26
4059.06
4060.96
4058.25
4058.66
4049.89
4052.82
4046.36
4049.4
4041.81
4045.28
4038.07
4029.69
4025.16
4018.4
4005.9
4002.75
3992.9
3983.81
3973.82
3970.67
3967.26
3968.4
8692.59
8242.15
7686.66
10002.5
9192.44
8474.31
8423.5
7916.33
6894.2
7048.93
6880.57
7211.34
6983.22
3745.87
3751.5
3757.15
3762.8
3768.45
3774.09
3779.72
3785.34
3790.92
3796.48
3802
3807.47
3812.87
3818.2
3823.44
3828.55
3833.51
3838.27
3842.79
3847
3850.86
3854.29
3857.18
4023.44
3999.01
4036.73
4033.38
3975.89
4042.41
4039.73
3953.98
4046.65
4044.72
3933.18
4049.34
4048.18
3913.41
4050.53
4050.13
4059.63
4060.19
3894.59
4057.17
4058.61
4061.96
4064.51
3876.63
3859.45
4009.76
4034.38
4058.68
4072.62
4075.54
4072.85
4067.78
4067.32
4070.12
4064.47
4061.56
4061.79
4052.47
4055.58
4048.55
4051.78
4043.28
4047.12
4038.99
4028.31
4023.11
4014.35
3999.45
3995.88
3978.46
3987.94
3971.44
3975.63
3968.72
3966.81
8163.58
7739.68
7262.37
9189.02
8472.7
7917.14
8000.49
7417.17
6699.62
6841.08
6688.8
6931.86
6782.24
3745.67
3751.08
3756.5
3761.93
3767.35
3772.77
3778.17
3783.55
3788.9
3794.22
3799.48
3804.69
3809.82
3814.87
3819.8
3824.59
3829.2
3833.58
3837.69
3841.47
3844.87
3847.81
3850.17
4041.41
4015.33
3990.76
4046.13
4042.61
3967.6
4052.1
4049.29
3945.73
4056.54
4054.52
3925.02
4059.26
4058.12
3905.39
4060.31
4059.99
4069.58
4070.29
3886.73
4066.67
4068.37
4071.13
4074.1
3868.94
3851.93
4003.69
4033.78
4061.63
4078.1
4076.92
4080.6
4079.84
4076.99
4071.07
4074.06
4068.01
4064.91
4064.95
4055.04
4058.34
4050.67
4054.12
4044.31
4048.71
4039.23
4025.58
4019.66
4008.71
3991.85
3981.48
3969.5
3973.18
3977.92
3967.15
7707.93
7309.97
6925.44
8469.48
7915.43
7417.53
7600.02
7389.29
6915.81
6526.68
6656.54
6517.96
6718.35
6606.54
3745.25
3750.44
3755.64
3760.85
3766.04
3771.23
3776.4
3781.55
3786.66
3791.73
3796.74
3801.69
3806.55
3811.3
3815.93
3820.39
3824.64
3828.65
3832.35
3835.7
3838.66
3841.1
3842.99
4032.56
4052.2
4058.05
4053.56
4006.37
3981.82
4055.89
3958.76
4062.16
4059.21
3937.03
4066.82
4064.7
3916.51
4069.64
4068.48
3897.09
4070.54
4070.32
4080
4080.9
3878.63
4076.61
4078.58
4080.78
4084.17
3861.05
3844.26
3996.37
4031.93
4064.58
4082.59
4086.51
4085.23
4084.25
4081.21
4074.86
4078.07
4071.6
4068.29
4068.13
4057.59
4061.07
4052.64
4056.38
4044.52
4049.87
4038.38
4021.2
4014.57
4001.72
3984.95
3967.92
3971.22
3975.58
3980.67
7303.78
6952.28
6672.39
7912.63
7415.64
6915.3
7225.82
7087.6
6902.43
6519.74
6371.58
6491.08
6364.36
6544.05
6448.65
3744.62
3749.59
3754.57
3759.55
3764.53
3769.49
3774.43
3779.34
3784.21
3789.03
3793.79
3798.47
3803.05
3807.52
3811.83
3815.95
3819.85
3823.48
3826.78
3829.72
3832.23
3834.22
3835.65
4050.82
4022.77
4062.18
4068.03
4063.24
3996.68
3972.29
4066.03
3949.45
4072.62
4069.52
3927.97
4077.52
4075.3
3907.71
4080.49
4079.27
3888.55
4081.29
4081.17
4090.98
4092.09
3870.35
4087.03
4089.3
4090.93
4094.79
3853.02
3836.48
3989.14
4028.44
4067.53
4087.2
4092.76
4095.36
4090.03
4088.78
4085.51
4078.72
4082.15
4075.23
4071.7
4071.32
4060.08
4063.78
4054.39
4058.5
4043.34
4050.07
4035.95
4015.36
4008.06
3994.2
3969.64
3973.66
3978.31
3984.3
6953.14
6662.15
6481.89
7412.85
6913.26
6518.57
6906.75
6808.81
6674.73
6513.73
6195.78
6231.57
6341.62
6225.6
6393.15
6305.52
3743.77
3748.53
3753.29
3758.05
3762.8
3767.54
3772.25
3776.92
3781.55
3786.13
3790.63
3795.04
3799.34
3803.51
3807.5
3811.3
3814.84
3818.1
3821.01
3823.55
3825.62
3827.18
3828.19
4070.15
4039.99
4012.2
4072.46
4078.41
4073.32
3986.37
3962.3
4076.54
3939.77
4083.52
4080.24
3918.62
4088.7
4086.35
3898.69
4091.83
4090.54
3879.84
4092.61
4092.53
4102.61
4103.91
3861.94
4098.04
4100.65
4101.64
4106.02
3844.9
3828.62
4023.37
4070.47
4091.93
4097.86
4100.61
4094.97
4093.42
4089.91
4082.65
4086.32
4078.9
4075.12
4074.52
4062.48
4066.45
4055.67
4060.4
4040.26
4048.54
4031.73
4007.96
4000.2
3988.69
3972.1
3976.38
3981.93
6659.11
6437.35
6329.86
6910.67
6516.41
6193.93
6628.35
6561.16
6460.5
6336.21
6195.19
5928.16
6104.47
6206.28
6099.59
6257.53
6175.3
3742.71
3747.25
3751.8
3756.34
3760.87
3765.38
3769.86
3774.3
3778.69
3783.01
3787.26
3791.4
3795.42
3799.29
3802.97
3806.43
3809.63
3812.51
3815.05
3817.2
3818.86
3820.02
3820.64
4058.05
4083.84
4088.71
4082.35
4028.35
4000.97
4083.13
4089.22
3975.58
3951.92
4087.47
3929.81
4094.89
4091.4
3909.07
4100.4
4097.9
3889.5
4103.71
4102.35
3871
4104.53
4104.46
4114.93
4116.39
3853.43
4109.72
4112.71
4108.86
4111.46
4118
3836.69
3820.7
4017.25
4073.38
4096.8
4103.13
4106.07
4100.04
4098.17
4094.42
4086.64
4090.58
4082.63
4078.58
4077.71
4064.76
4069.06
4055.86
4061.76
4035.5
4044.98
4026.18
4004.71
3993.78
3986.33
3974.81
3980
6415.88
6269.26
6199.77
6513.97
6191.5
5926.02
6390.37
6342.06
6267.81
6170.62
6056.45
5931.72
5703.82
5988.5
6083.08
5984.48
6133.8
6056.38
3741.44
3745.77
3750.1
3754.42
3758.73
3763.01
3767.26
3771.47
3775.62
3779.69
3783.68
3787.56
3791.3
3794.87
3798.24
3801.37
3804.22
3806.75
3808.94
3810.69
3811.98
3812.76
3813.03
4076.92
4045.11
4094.7
4099.28
4092.46
4016.03
3989.24
4094.24
4100.43
3964.4
3941.26
4098.86
3919.65
4106.78
4103.05
3899.34
4112.67
4110
3880.19
4116.21
4114.75
3862.07
4117.07
4117
4128
4129.59
3844.85
4122.18
4125.53
4114.65
4117.39
4126.34
4128.83
3828.43
3812.75
4012
4076.23
4101.79
4108.56
4111.7
4105.25
4103.06
4099.06
4090.71
4094.94
4086.41
4082.06
4080.89
4066.81
4071.56
4054.05
4061.95
4029.19
4040.09
4019.8
4001.26
3991.42
3984.4
3978.43
6222.47
6137.31
6082.97
6189
5923.61
5701.49
6190.49
6151.49
6094.66
6019.82
5927.54
5821.79
5710.18
5510.55
5882.33
5970.34
5879.02
6020.27
5947.15
3739.97
3744.08
3748.19
3752.3
3756.38
3760.44
3764.46
3768.44
3772.35
3776.18
3779.91
3783.52
3786.98
3790.25
3793.31
3796.13
3798.65
3800.84
3802.66
3804.06
3804.99
3805.43
3805.38
4096.52
4062.47
4031.54
4105.78
4110.16
4102.88
4003.23
3977.14
4105.79
4111.95
3952.94
3930.41
4110.73
3909.33
4119.23
4115.23
3889.5
4125.58
4122.7
3870.79
4129.41
4127.83
3853.08
4130.33
4130.26
4141.9
4143.63
3836.22
4135.48
4139.2
4120.65
4123.59
4132.86
4135.47
3820.15
3804.79
4008.29
4079.02
4106.91
4114.16
4117.51
4110.62
4108.1
4103.83
4094.87
4099.41
4090.25
4085.57
4084.08
4068.33
4073.84
4050.23
4059.95
4027.03
4035.39
4014.29
3998.84
3989.5
3982.84
6077.79
6025.07
5975.7
5921.27
5699.09
5507.95
6028.54
5988.23
5940.98
5880.75
5806.7
5719.35
5621.84
5520.46
5378.95
5784.75
5866.77
5782.01
5915.52
5846.43
3738.29
3742.19
3746.08
3749.97
3753.84
3757.68
3761.47
3765.22
3768.89
3772.48
3775.95
3779.29
3782.47
3785.46
3788.22
3790.72
3792.91
3794.78
3796.26
3797.32
3797.92
3798.06
3797.71
4080.38
4113.6
4116.17
4107.55
4047.49
4017.56
4117.13
4121.35
3990.11
3964.79
4117.74
4123.78
3941.3
3919.41
4123.09
3898.9
4132.29
4127.96
3879.59
4139.19
4136.05
3861.35
4143.4
4141.65
3844.05
4144.42
4144.34
4156.78
4158.64
3827.59
4144.98
4147.26
4153.86
4126.86
4129.97
4139.64
4142.41
3811.88
3796.85
4005.99
4081.6
4112.22
4119.95
4123.52
4116.17
4113.32
4108.75
4099.13
4104.01
4094.17
4089.14
4087.23
4068.52
4075.55
4045.05
4056.09
4023.05
4031.37
4011.94
3996.88
3987.93
5964.38
5924.01
5876.32
5696.86
5505.46
5376.56
5905.7
5853.36
5806.55
5754.56
5692.87
5620.66
5539.3
5450.32
5356.37
5259.9
5694.82
5771.28
5692.5
5818.62
5753.4
3736.4
3740.09
3743.77
3747.44
3751.1
3754.72
3758.29
3761.81
3765.25
3768.59
3771.81
3774.89
3777.79
3780.49
3782.96
3785.15
3787.03
3788.59
3789.75
3790.49
3790.8
3790.66
3790.05
4098.77
4063.8
4124.58
4126.71
4117.52
4032.16
4003.31
4128.82
4132.83
3976.8
3952.31
4130.04
4135.96
3929.57
3908.34
4135.87
3888.41
4145.97
4141.2
3869.64
4153.57
4150.11
3851.88
4158.25
4156.3
3835.02
4159.47
4159.32
4172.77
4174.74
3818.97
4152.25
4154.61
4169.52
4133.28
4136.59
4146.66
4149.58
3803.63
3788.93
4004.08
4083.64
4117.72
4125.94
4129.74
4121.92
4118.73
4113.83
4103.51
4108.75
4098.17
4092.74
4090.23
4066.47
4075.92
4043.86
4052.13
4020.65
4039.98
4029.03
4010.01
3995.31
5867.09
5830.41
5783.96
5503.22
5374.25
5257.1
5807.81
5749.28
5694.76
5643.36
5588.6
5527
5458.12
5383.62
5270.5
5302.83
5151.31
5611.89
5683.04
5609.87
5728.82
5667.23
3734.32
3737.78
3741.26
3744.73
3748.17
3751.57
3754.93
3758.22
3761.42
3764.52
3767.49
3770.31
3772.94
3775.37
3777.55
3779.44
3781.04
3782.29
3783.15
3783.61
3783.65
3783.26
3782.41
4117.6
4080.39
4046.98
4135.73
4137.47
4127.69
4016.66
3988.93
4140.83
4144.56
3963.4
3939.79
4142.73
4148.52
3917.81
3897.25
4149.08
3877.92
4160.2
4154.93
3859.69
4168.72
4164.83
3842.43
4174.02
4171.81
3826.03
4175.54
4175.28
4190.09
4192.04
3810.39
4159.83
4162.3
4183.31
4170.32
4181.27
4139.95
4143.45
4153.97
4157.04
3795.42
3781.07
4002.52
4084.52
4123.42
4132.16
4136.18
4127.9
4124.34
4119.12
4108.05
4113.68
4102.29
4096.37
4092.82
4062.36
4074.33
4048.39
4018.69
4037.59
4027.09
4008.44
5778.71
5743.06
5698.04
5372.19
5254.64
5149.13
5722.87
5665.14
5607.5
5551.87
5496.89
5441.07
5380.89
5315.97
5220.05
5246.53
5137.77
5054.27
5496.88
5601.23
5645.4
5587.21
3732.03
3735.28
3738.56
3741.82
3745.05
3748.25
3751.38
3754.45
3757.42
3760.28
3763.01
3765.57
3767.94
3770.1
3772
3773.62
3774.94
3775.9
3776.49
3776.68
3776.49
3775.86
3774.8
4136.5
4097.15
4138.07
4061.91
4030.09
4147.11
4148.46
4001.11
3974.53
4153.16
4156.58
3950.02
3927.28
4155.85
4161.46
3906.07
3886.19
4162.75
3867.48
4174.99
4169.16
3849.8
4184.61
4180.18
3833.04
4190.78
4188.18
3817.09
4192.74
4192.31
4208.72
4192.14
4210.7
3801.86
4167.74
4178.8
4190.1
4146.88
4150.59
4161.61
4164.84
3787.28
3773.26
4083.89
4129.35
4138.64
4142.9
4134.12
4130.21
4124.63
4112.78
4118.82
4106.52
4099.96
4094.47
4061.45
4071.99
4046.03
4056.93
4017.11
4035.63
4025.51
5696.61
5661.58
5617.99
5252.56
5147.03
5051.47
5645.67
5591.6
5535.77
5478.98
5422.32
5367.04
5310.74
5252.44
5175.14
5191.43
5102.14
5064.56
4964.89
5361.94
5455.4
5524.95
5567.77
5512.79
3729.55
3732.6
3735.67
3738.73
3741.76
3744.74
3747.67
3750.51
3753.26
3755.88
3758.37
3760.68
3762.8
3764.7
3766.33
3767.7
3768.75
3769.44
3769.78
3769.75
3769.33
3768.5
3767.25
4155.2
4113.82
4148.46
4158.88
4076.82
4043.5
4013.26
4158.76
4159.54
3985.61
3960.21
4165.82
4168.91
3936.71
3914.84
4169.4
4174.79
3894.4
3875.2
4176.93
3857.11
4190.41
4183.96
3839.99
4201.23
4196.2
3823.73
4208.53
4205.39
3808.23
4211.24
4210.5
4211.09
4223.24
4201.4
4224.59
4230.91
3793.42
4176.06
4187.62
4199.3
4154.12
4158.03
4169.58
4172.99
3779.21
3765.54
4082.91
4135.54
4145.41
4149.92
4140.61
4136.34
4130.4
4117.68
4124.19
4110.79
4103.27
4094.9
4072.61
4044.07
4054.58
4068.65
4034.03
5619.96
5585.42
5543.27
5145.14
5049.1
4962.66
5573.93
5524.38
5472.05
5417.79
5362.87
5307.63
5251.97
5196.64
5128.32
5140.27
5028.74
5064.16
4958.46
4884.02
5244.29
5352.27
5443.72
5495.41
3726.88
3729.73
3732.61
3735.47
3738.29
3741.07
3743.78
3746.41
3748.93
3751.33
3753.58
3755.66
3757.54
3759.18
3760.56
3761.68
3762.47
3762.93
3763.04
3762.8
3762.18
3761.18
3759.76
4173.47
4130.12
4169.21
4179.56
4091.5
4170.64
4056.76
4025.29
3996.6
4170.55
3970.29
3946.04
4178.85
4181.45
3923.52
3902.52
4183.4
4188.53
3882.84
3864.33
4191.61
3846.85
4206.5
4199.34
3830.29
4218.7
4212.99
3814.53
4227.3
4223.52
3799.48
4231.09
4229.88
4221.35
4208.93
4233.72
4234.96
4252.58
3785.08
4184.77
4196.79
4161.71
4165.82
4177.92
4181.54
3771.25
3757.92
4084.58
4142.01
4152.48
4157.25
4147.39
4142.79
4136.47
4122.67
4129.79
4114.85
4105.75
4094.99
4042.47
4052.62
4066.27
4080.85
5548.09
5514.07
5473.42
5047.12
4960.61
4881.2
5506.55
5461.52
5413.52
5363.02
5311.22
5258.46
5205
5151.39
5083.57
5097.04
5000.3
5026.47
4936.81
4894.88
4808.24
5237.11
5140.5
5305.98
5364.21
5427.83
3724.03
3726.68
3729.37
3732.03
3734.66
3737.23
3739.74
3742.15
3744.46
3746.64
3748.66
3750.51
3752.15
3753.55
3754.71
3755.58
3756.15
3756.38
3756.29
3755.86
3755.07
3753.91
3752.35
4190.94
4145.84
4189.75
4199.91
4105.7
4181.73
4192.81
4069.66
4182.39
4037.07
4007.38
3980.2
3955.2
3932.05
4192.17
4194.07
3910.5
3890.35
4197.88
4202.65
3871.44
3853.6
4206.84
3836.73
4223.29
4215.34
3820.71
4237.08
4230.58
3805.45
4247.2
4242.67
3790.86
4252.35
4250.5
4231.96
4219.1
4206.35
4244.72
4245.95
4270.23
4257.45
4270.18
3776.86
4193.87
4169.62
4173.95
4186.67
4190.49
3763.4
3750.4
4148.79
4159.86
4164.91
4154.48
4149.52
4142.8
4127.51
4135.55
4118.15
4107.09
4097.43
4051.02
4064.29
4078.46
4093.85
5480.55
5447.18
5408.07
4958.81
4878.9
4805.61
5443.07
5402.19
5358.49
5312.29
5264.13
5214.57
5164.66
5113.91
5044.24
5062.52
4969.75
4991.67
4871.87
4913.37
4811.47
4755.84
5216.07
5135.19
5048.28
5289.5
5346.83
3721
3723.45
3725.95
3728.43
3730.86
3733.24
3735.54
3737.75
3739.85
3741.81
3743.62
3745.24
3746.66
3747.83
3748.77
3749.42
3749.77
3749.81
3749.55
3748.95
3748.01
3746.71
3745.03
4207.01
4160.64
4209.8
4219.5
4119.21
4203.83
4214.78
4082.01
4194.26
4206.15
4048.4
4017.82
3989.84
3964.13
3940.37
3918.3
4205.64
4206.77
3897.7
3878.38
4212.83
4217.02
3860.21
3843.04
4222.63
3826.77
4240.85
4232.01
3811.29
4256.49
4249.05
3796.51
4268.41
4262.99
3782.37
4275.26
4272.56
4229.73
4243.02
4216.4
4203.32
4256.33
4282.17
4269.54
4282.35
3768.77
4177.9
4182.47
4195.87
4199.84
3755.67
3743.01
4155.87
4167.6
4172.93
4161.9
4156.54
4149.32
4131.7
4141.25
4120.34
4108.05
4062.68
4076.47
4091.44
4107.67
5417
5384.42
4877.03
4803.45
4753.25
5383.16
5346.06
5306.29
5264.19
5219.96
5174.12
5127.52
5080.03
5012.32
5032.74
4940.27
4962.59
4857.86
4889.49
4757.23
4803.89
4709.36
5118.28
5168.85
5217.27
5044.44
4965.99
5269.97
5325.49
3717.8
3720.06
3722.38
3724.67
3726.91
3729.09
3731.2
3733.21
3735.11
3736.86
3738.46
3739.87
3741.07
3742.04
3742.77
3743.22
3743.37
3743.25
3742.82
3742.07
3741
3739.58
3737.82
4221.07
4174.04
4228.73
4237.54
4131.74
4225.57
4236.1
4093.61
4218.04
4229.89
4059.13
4219.54
4027.76
3999.08
3972.74
3948.42
3925.85
3904.82
4219.22
3885.13
3866.63
4228.14
4231.55
3849.19
3832.67
4238.93
3816.99
4259.19
4249.31
3802.04
4276.98
4268.46
3787.74
4291.03
4284.56
3774.03
4299.79
4296.18
4226.98
4240.81
4254.69
4213.24
4268.5
4294.78
4281.98
4295.15
3760.83
4186.63
4191.46
4205.51
4209.62
3748.09
3735.74
4163.28
4175.71
4181.36
4169.66
4163.82
4155.88
4134.83
4146.45
4122.11
4111.15
4074.84
4089.44
4105.23
4122.38
5357.15
4801.65
4751.12
4706.95
5326.56
5292.94
5256.76
5218.36
5177.87
5135.86
5092.91
5048.89
4985.77
5004.84
4914.63
4939.16
4839.7
4867.81
4707.63
4752.07
4791.22
4654.68
5030.86
5091.12
5149.97
5197.37
4963.3
4892.08
5247.67
5300.81
3714.43
3716.51
3718.64
3720.75
3722.81
3724.81
3726.72
3728.54
3730.24
3731.8
3733.2
3734.41
3735.4
3736.18
3736.72
3736.98
3736.96
3736.69
3736.11
3735.24
3734.06
3732.54
3730.73
4232.64
4185.55
4245.68
4253.27
4142.91
4246.25
4255.9
4104.22
4241.6
4253.09
4069.07
4232.35
4245.17
4037.06
4232.93
4007.79
3980.91
3956.1
3933.09
3911.66
3891.63
3872.83
3855.12
4243.7
4246.27
3838.39
3822.51
4255.57
3807.4
4278.15
4267.09
3792.96
4298.39
4288.63
3779.14
4314.99
4307.24
3765.85
4307.88
4326.18
4321.39
4238.05
4223.72
4252.47
4266.93
4281.11
4295
4308.54
3753.04
4195.83
4200.92
4215.64
4219.94
3740.64
3728.62
4171.02
4184.24
4190.26
4177.81
4171.28
4162.17
4137.39
4150.8
4125.83
4087.81
4103.21
4119.9
4138.1
4749.35
4704.89
4651.71
5273.07
5242.56
5209.58
5174.46
5137.5
5099.17
5059.78
5019.3
4961.09
4978.51
4893.77
4917.83
4822.28
4849.66
4663.52
4702.86
4744.37
4778.03
4600.53
5008.48
4952.42
5045.23
5085.49
5128.97
5174.54
4890.3
4825.23
5222.49
3710.9
3712.79
3714.76
3716.69
3718.57
3720.39
3722.12
3723.75
3725.27
3726.64
3727.84
3728.86
3729.67
3730.27
3730.62
3730.72
3730.56
3730.14
3729.45
3728.47
3727.19
3725.61
3723.76
4241.24
4194.8
4260.09
4266.27
4152.31
4264.93
4273.32
4113.5
4264.21
4274.82
4078.03
4257.9
4270.43
4045.57
4246.74
4260.61
4015.84
3988.53
3963.33
3939.94
3918.17
3897.83
3878.76
3860.82
3843.88
4259.48
4261.14
3827.83
3812.57
4272.5
3798.01
4297.58
4285.24
3784.09
4320.58
4309.41
3770.72
4340.18
4330.9
3757.85
4321.57
4348.7
4346.18
4335.77
4348.2
4234.75
4249.67
4264.75
4279.67
4294.31
4308.65
4322.5
3745.41
4205.51
4210.85
4226.4
4230.86
3733.36
3721.64
4179.13
4193.23
4199.63
4186.39
4178.79
4168.04
4141.7
4154.3
4101.56
4117.86
4135.59
4151.25
4703.16
4649.47
4597.7
5194.69
5164.52
5132.38
5098.69
5063.7
5027.47
4990.3
4937.83
4952.75
4875.38
4897.39
4807.08
4834.02
4654.05
4699.51
4735.27
4765.93
4609.32
4561.63
4978.12
4933.97
4881.53
5025.58
5064.67
5105.9
5149.22
4824.17
4764.36
3707.21
3708.93
3710.72
3712.48
3714.19
3715.84
3717.4
3718.85
3720.19
3721.38
3722.41
3723.24
3723.89
3724.32
3724.51
3724.45
3724.17
3723.63
3722.83
3721.76
3720.4
3718.79
3716.92
4246.64
4201.42
4271.61
4276.24
4159.64
4280.98
4287.88
4121.14
4284.8
4294.11
4085.72
4282.6
4294.27
4053.11
4274.44
4288.09
4023.1
4276.15
3995.48
3969.98
3946.31
3924.27
3903.68
3884.38
3866.24
3849.12
3832.91
4275.51
3817.52
3802.87
4289.76
3788.85
4317.55
4303.8
3775.42
4343.6
4330.86
3762.5
4366.62
4355.59
3750.03
4363.41
4350.67
4360.37
4337.05
4376.45
4246.33
4261.98
4277.62
4293.02
4308.17
4322.88
3737.95
4215.73
4221.38
4237.77
4242.37
3726.23
3714.81
4187.58
4202.69
4209.49
4195.4
4186.38
4173.84
4160.03
4116.2
4133.53
4148.75
4164.99
4647.68
4595.5
4558.8
5121.65
5092.26
5061.52
5029.43
4996.04
4961.85
4915.05
4927.29
4857.64
4877.42
4793.95
4818.86
4656.59
4694.21
4726.19
4755.24
4569.03
4615.47
4525.06
4942.01
4908.75
4866.25
4817.09
5004.74
5041.79
5080.76
4763.87
4708.69
3703.36
3704.92
3706.55
3708.15
3709.69
3711.17
3712.56
3713.85
3715.02
3716.04
3716.9
3717.57
3718.06
3718.33
3718.38
3718.2
3717.8
3717.15
3716.27
3715.12
3713.72
3712.08
3710.22
4292.36
4247.89
4205.06
4164.61
4293.93
4298.91
4126.88
4302.69
4310.46
4091.87
4305.32
4315.67
4059.44
4301.41
4314.26
4029.41
4291.18
4306.07
4001.65
4291.74
3975.97
3952.11
3929.88
3909.1
3889.63
3871.32
3854.06
3837.73
3822.24
3807.49
3793.41
4307.31
3779.92
4338.07
4322.79
3766.97
4367.53
4353.03
3754.47
4394.42
4381.4
3742.4
4365.92
4378.67
4352.25
4375.18
4337.76
4406.34
4390.41
4258.61
4274.93
4291.07
4307.05
4322.66
3730.68
4226.59
4232.53
4249.78
4254.54
3719.27
3708.14
4196.39
4212.73
4219.96
4204.91
4194.09
4180.03
4167.45
4131.87
4146.69
4162.42
4179.86
4593.76
4556.6
4522.22
5053.98
5025.81
4996.23
4965.49
4934.06
4892.34
4902.15
4840.38
4857.41
4781.14
4804.03
4654.84
4688.03
4717.79
4744.67
4531.55
4576.47
4617.01
4490.3
4926.04
4982.17
4877.88
4895.99
4845.06
4804.34
4758.19
5017.32
4708.66
4657.52
3699.38
3700.77
3702.25
3703.69
3705.08
3706.4
3707.63
3708.76
3709.77
3710.63
3711.33
3711.86
3712.2
3712.33
3712.25
3711.97
3711.46
3710.73
3709.77
3708.57
3707.14
3705.5
3703.66
4294.78
4327.8
4331.14
4244.96
4205.23
4166.91
4130.5
4317.33
4323.14
4096.28
4325.27
4334.05
4064.35
4326.49
4338.01
4034.59
4320.64
4334.78
4006.9
4308.07
4324.32
3981.19
3957.26
3934.93
3914.04
3894.45
3876.02
3858.66
3842.24
3826.67
3811.86
3797.73
3784.21
4325.06
3771.23
4359.03
4342.08
3758.73
4392.25
4375.79
3746.66
4423.48
4408.21
3734.96
4381.67
4367.93
4394.43
4353.3
4337.85
4437.81
4406.18
4422.41
4271.57
4288.47
4305.25
4321.78
3723.58
4238.11
4244.32
4262.59
4267.46
3712.49
3701.64
4205.57
4223.46
4231.13
4215.07
4202.11
4188.31
4145.02
4160.34
4177.28
4195.59
4554.86
4520.03
4487.44
4991.42
4964.11
4935.8
4906.86
4869.75
4877.27
4822.99
4837.32
4768.42
4789.01
4651.51
4681.72
4709.3
4733.86
4496.45
4539.97
4580.84
4616.41
4457.39
4958.18
4903.04
4841.79
4818.76
4874.25
4786.42
4747.57
4704.11
4657.91
4610.26
3695.25
3696.5
3697.82
3699.11
3700.35
3701.52
3702.61
3703.59
3704.45
3705.16
3705.71
3706.11
3706.31
3706.32
3706.13
3705.75
3705.16
3704.37
3703.35
3702.11
3700.67
3699.04
3697.24
4292.44
4333.05
4333.63
4353.75
4357.68
4201.83
4166.2
4131.72
4098.78
4341.83
4348.44
4067.65
4348.76
4358.67
4038.43
4348.34
4361.16
4011.07
4340.29
4355.87
3985.52
4342.8
3961.65
3939.32
3918.4
3898.77
3880.3
3862.87
3846.4
3830.78
3815.94
3801.79
3788.25
3775.27
3762.79
4380.19
4361.45
3750.73
4417.48
4398.9
3739.06
4453.56
4435.76
3727.73
4397.96
4384.16
4369.39
4410.73
4353.74
4337.26
4470.63
4439.14
4456.26
4427.58
4285.19
4302.77
4320.2
3716.68
4250.44
4256.93
4276.24
4281.13
3705.88
3695.29
4215.21
4234.96
4243.08
4225.89
4210.89
4197.7
4158.66
4175.19
4192.96
4213.24
4518.3
4485.25
4454.52
4933.05
4907.05
4880.34
4847.23
4852.83
4805.28
4817.16
4755.5
4773.51
4647.21
4675.07
4700.35
4722.77
4463.57
4505.86
4546.57
4582.64
4614.06
4426.49
4879.17
4788.08
4802.51
4763.98
4852.17
4732.39
4695.26
4654.31
4610.98
4566.48
3691
3692.09
3693.28
3694.42
3695.52
3696.55
3697.5
3698.34
3699.06
3699.63
3700.06
3700.33
3700.41
3700.31
3700.04
3699.57
3698.91
3698.06
3697
3695.75
3694.32
3692.72
3690.98
4332.74
4330.49
4360.13
4361.07
4381.07
4385.69
4162.42
4130.31
4099.13
4069.21
4367.48
4374.98
4040.79
4373.18
4384.34
4014
4370.89
4385.16
3988.83
4360.32
4377.49
3965.18
3942.98
3922.14
3902.54
3884.07
3866.65
3850.17
3834.55
3819.7
3805.55
3792.03
3779.07
3766.61
3754.59
4401.29
4380.68
3742.97
4442.94
4422.08
3731.69
4484.3
4463.74
3720.7
4400.97
4414.82
4386.08
4370.24
4353.51
4335.98
4504.42
4473.79
4491.68
4444.96
4462.79
4432.3
4299.59
4317.94
3709.97
4263.69
4270.44
4290.74
4295.62
3699.46
3689.12
4225.31
4247.29
4255.99
4237.33
4221.8
4173.5
4190.86
4210.58
4232.07
4483.52
4452.32
4423.62
4854.44
4824.92
4828.89
4787.27
4797.02
4742.03
4757.54
4642.17
4667.82
4690.98
4711.11
4432.86
4473.98
4514.25
4550.34
4582.16
4610.57
4397.77
4754.12
4737.79
4759.99
4829.06
4782.07
4713.23
4682.43
4646.93
4608.2
4567.47
4525.77
3686.62
3687.57
3688.62
3689.64
3690.6
3691.51
3692.32
3693.03
3693.62
3694.07
3694.38
3694.53
3694.5
3694.32
3693.97
3693.43
3692.72
3691.83
3690.74
3689.49
3688.09
3686.54
3684.88
4360.45
4358.31
4388.72
4390.1
4409.87
4415.28
4126.24
4097.16
4068.85
4041.58
4394.32
4402.85
4015.57
4398.6
4411.15
3990.98
4394.14
4410.02
3967.75
4399.62
3945.83
3925.16
3905.68
3887.31
3869.94
3853.51
3837.92
3823.11
3808.99
3795.51
3782.59
3770.17
3758.21
3746.65
4422.19
3735.44
4468.44
4445.16
3724.53
4515.47
4491.93
3713.88
4403.41
4418.4
4387.39
4370.42
4352.55
4333.96
4538.83
4509.86
4528.27
4481.08
4499.78
4450.34
4468.91
4436.51
4314.92
3703.46
4277.94
4284.84
4306.19
4311.04
3693.21
3683.12
4236.14
4260.65
4269.98
4249.64
4233.9
4189.17
4208.45
4229.4
4254.42
4450.59
4421.43
4394.9
4802.98
4805.31
4769.11
4777.04
4728.02
4741.21
4636.38
4660.08
4680.95
4698.87
4404.36
4444.21
4483.8
4519.65
4551.46
4580.14
4606.18
4371.13
4717.55
4708.6
4690.81
4739.13
4760
4666.12
4636.08
4602.11
4565.41
4527.01
4487.81
3682.12
3682.94
3683.86
3684.76
3685.61
3686.39
3687.08
3687.67
3688.13
3688.47
3688.68
3688.72
3688.61
3688.35
3687.93
3687.34
3686.6
3685.67
3684.58
3683.34
3681.98
3680.5
3678.93
4389.78
4387.77
4418.97
4420.86
4440.27
4446.6
4092.85
4066.42
4040.62
4015.69
4422.45
4432.18
3991.88
4425.08
4439.2
3969.25
4418.07
4435.79
3947.76
3927.4
3908.14
3889.93
3872.7
3856.37
3840.87
3826.13
3812.08
3798.66
3785.81
3773.46
3761.58
3750.1
3738.97
4442.67
3728.16
4493.74
4467.91
3717.6
4546.88
4520.11
3707.28
4421.42
4405.24
4388.03
4369.86
4350.8
4331.13
4573.91
4546.87
4565.78
4518.83
4538.13
4487.98
4507.51
4455.24
4474.55
4440.17
3697.14
4293.3
4300.25
4322.64
4327.4
3687.15
3677.29
4248.24
4275.13
4285.16
4262.94
4206.75
4227.28
4251.72
4263.06
4272.43
4419.7
4392.7
4368.29
4781.33
4750.94
4757.21
4713.53
4724.75
4630.1
4651.62
4670.27
4686.13
4378.07
4416.55
4455.19
4490.55
4522.1
4550.77
4577.09
4601.22
4346.16
4679.69
4677.05
4665.66
4646.88
4718.2
4737.57
4622.2
4592.98
4560.42
4525.57
4489.28
4452.32
3677.5
3678.21
3679.02
3679.8
3680.53
3681.2
3681.78
3682.26
3682.61
3682.86
3682.96
3682.92
3682.74
3682.41
3681.93
3681.31
3680.53
3679.59
3678.51
3677.31
3676
3674.6
3673.14
4420.89
4419.05
4451.06
4453.55
4472.42
4479.83
4061.93
4037.82
4014.24
3991.44
4452
4463.1
3969.57
4452.69
4468.58
3948.68
4462.48
3928.77
3909.85
3891.9
3874.87
3858.7
3843.33
3828.71
3814.77
3801.45
3788.7
3776.45
3764.67
3753.28
3742.26
3731.55
3721.12
4518.56
4490.07
3710.91
4578.19
4547.97
3700.89
4423.83
4406.4
4387.94
4368.48
4348.21
4601.17
4609.06
4557.69
4577.48
4527.46
4547.71
4494.43
4514.83
4459.6
4479.68
4443.22
3691.03
4309.93
4316.81
4340.2
4344.72
3681.28
3671.75
4290.92
4301.61
4277.7
4225.6
4249.58
4269.66
4280.16
4290.86
4390.98
4366.1
4343.35
4732.81
4698.76
4708.25
4623.11
4642.44
4659.09
4672.99
4353.73
4390.97
4428.36
4462.95
4494.17
4522.55
4548.93
4573.33
4595.55
4315.57
4640.55
4696.79
4643.73
4638.22
4625.09
4605.64
4714.76
4581.15
4552.76
4521.55
4488.37
4453.99
3672.79
3673.38
3674.08
3674.77
3675.4
3675.96
3676.44
3676.81
3677.08
3677.23
3677.24
3677.12
3676.88
3676.5
3675.98
3675.33
3674.53
3673.6
3672.55
3671.39
3670.15
3668.85
3667.63
4485.18
4506.49
4515.14
4033.19
4011.13
3989.57
3968.66
4483.06
4495.74
3948.51
4481.51
4499.43
3929.2
3910.74
3893.14
3876.39
3860.45
3845.28
3830.83
3817.04
3803.86
3791.23
3779.11
3767.45
3756.19
3745.29
3734.71
3724.4
3714.33
4542.72
4511.53
3704.44
4608.89
4575.18
3694.72
4425.56
4406.82
4387.04
4366.25
4610.49
4632.07
4568.29
4589.2
4535.71
4556.95
4500.37
4521.67
4463.36
4484.21
4445.6
3685.11
4327.87
4334.62
4358.94
4363.13
3675.72
4308.02
4319.29
4294.2
4247.88
4267.49
4287.98
4298.33
4364.4
4341.18
4312.84
4683.82
4691.73
4615.37
4632.69
4647.45
4659.55
4331.48
4367.42
4403.3
4436.86
4467.51
4495.62
4521.82
4546.3
4568.84
4589.1
4316.26
4675.24
4653.58
4601.08
4586.69
4566.84
4542.66
3667.97
3668.46
3669.08
3669.67
3670.21
3670.68
3671.06
3671.33
3671.52
3671.58
3671.52
3671.35
3671.06
3670.63
3670.09
3669.42
3668.61
3667.7
3666.69
3665.59
3664.44
3663.38
4006.39
3986.21
3966.46
3947.21
4515.8
4530.27
3928.61
4531.79
3910.74
3893.6
3877.23
3861.59
3846.68
3832.44
3818.85
3805.84
3793.38
3781.42
3769.9
3758.79
3748.04
3737.6
3727.44
3717.51
3707.78
4565.63
3698.21
3688.76
4426.56
4406.44
4385.29
4623.09
4645.89
4578.58
4600.62
4543.51
4565.78
4505.76
4527.97
4466.46
4488.1
4447.25
3679.52
4347.07
4353.67
4378.78
4382.59
4326.32
4338.17
4312.09
4265.78
4285.78
4339.47
4310.68
4668.75
4606.98
4622.43
4635.43
4345.92
4379.94
4412.25
4442.12
4469.86
4495.86
4520.23
4542.89
4563.54
4581.93
4550.32
3663.06
3663.48
3664.02
3664.52
3664.97
3665.35
3665.64
3665.84
3665.95
3665.94
3665.82
3665.6
3665.26
3664.81
3664.25
3663.57
3662.78
3661.89
3660.93
3659.92
3658.99
3981.37
3962.88
3944.71
3926.97
3909.79
3893.23
3877.32
3862.07
3847.48
3833.52
3820.16
3807.37
3795.11
3783.34
3772
3761.06
3750.48
3740.21
3730.21
3720.46
3710.89
3701.49
3692.21
3683.13
4426.76
4405.21
4588.51
4611.72
4550.8
4574.13
4510.5
4533.66
4468.83
4491.27
4448.1
4367.45
4373.87
4399.69
4403
4358.29
4284.06
4308.98
4598
4389.11
4418.02
4445.24
4470.98
4495.18
4517.81
4538.66
4557.5
3658.1
3658.45
3658.91
3659.33
3659.7
3660
3660.2
3660.34
3660.37
3660.3
3660.14
3659.88
3659.51
3659.04
3658.47
3657.79
3657.03
3656.19
3655.29
3654.5
3957.97
3940.96
3924.23
3907.86
3891.97
3876.62
3861.84
3847.64
3834.02
3820.95
3808.43
3796.4
3784.85
3773.72
3762.98
3752.59
3742.51
3732.7
3723.13
3713.76
3704.54
3695.45
3686.55
4426.1
4514.55
4470.41
4493.65
4448.1
4395.26
4421.84
4424.49
4447.17
4471.14
3653.08
3653.36
3653.75
3654.09
3654.39
3654.61
3654.75
3654.82
3654.8
3654.68
3654.48
3654.19
3653.8
3653.33
3652.75
3652.09
3651.36
3650.58
3649.9
3935.99
3920.33
3904.9
3889.79
3875.09
3860.86
3847.12
3833.9
3821.18
3808.97
3797.22
3785.92
3775.03
3764.52
3754.35
3744.49
3734.89
3725.52
3716.35
3707.34
3698.46
3689.76
3648.01
3648.22
3648.55
3648.83
3649.05
3649.21
3649.3
3649.31
3649.24
3649.09
3648.85
3648.54
3648.14
3647.67
3647.1
3646.47
3645.79
3645.22
3915.32
3900.88
3886.65
3872.69
3859.09
3845.89
3833.13
3820.82
3808.96
3797.54
3786.53
3775.91
3765.67
3755.74
3746.11
3736.75
3727.61
3718.67
3709.88
3701.22
3692.74
3642.9
3643.05
3643.31
3643.53
3643.7
3643.79
3643.84
3643.8
3643.69
3643.51
3643.26
3642.93
3642.54
3642.06
3641.52
3640.93
3640.45
3895.84
3882.53
3869.4
3856.51
3843.92
3831.69
3819.84
3808.38
3797.32
3786.65
3776.34
3766.38
3756.74
3747.37
3738.26
3729.38
3720.68
3712.13
3703.71
3695.46
3637.75
3637.84
3638.05
3638.22
3638.32
3638.38
3638.38
3638.3
3638.16
3637.96
3637.69
3637.37
3636.98
3636.51
3636
3635.61
3877.46
3865.19
3853.09
3841.18
3829.54
3818.2
3807.21
3796.56
3786.26
3776.29
3766.65
3757.31
3748.24
3739.41
3730.8
3722.36
3714.08
3705.92
3697.92
3632.57
3632.61
3632.77
3632.89
3632.95
3632.97
3632.93
3632.82
3632.67
3632.45
3632.17
3631.85
3631.47
3631.03
3630.72
3860.1
3848.8
3837.65
3826.66
3815.9
3805.41
3795.22
3785.33
3775.74
3766.45
3757.44
3748.69
3740.17
3731.85
3723.71
3715.71
3707.83
3700.1
3627.36
3627.36
3627.48
3627.54
3627.57
3627.56
3627.48
3627.36
3627.19
3626.96
3626.7
3626.38
3626.01
3625.77
3843.7
3833.3
3823.03
3812.9
3802.97
3793.28
3783.84
3774.67
3765.77
3757.12
3748.71
3740.52
3732.53
3724.69
3717
3709.42
3701.98
3622.13
3622.09
3622.17
3622.2
3622.2
3622.16
3622.06
3621.93
3621.75
3621.52
3621.27
3620.96
3620.78
3828.18
3818.63
3809.19
3799.87
3790.72
3781.78
3773.06
3764.57
3756.32
3748.28
3740.44
3732.79
3725.3
3717.93
3710.67
3703.54
3616.88
3616.81
3616.85
3616.86
3616.84
3616.77
3616.66
3616.52
3616.33
3616.12
3615.87
3615.74
3813.51
3804.75
3796.09
3787.54
3779.13
3770.89
3762.85
3755.02
3747.38
3739.92
3732.64
3725.5
3718.49
3711.56
3704.76
3611.63
3611.53
3611.54
3611.53
3611.48
3611.4
3611.28
3611.13
3610.96
3610.76
3610.68
3799.63
3791.62
3783.7
3775.86
3768.15
3760.6
3753.21
3745.99
3738.94
3732.04
3725.28
3718.64
3712.08
3705.62
3606.37
3606.24
3606.23
3606.21
3606.14
3606.05
3605.93
3605.78
3605.62
3605.59
3786.5
3779.2
3771.97
3764.83
3757.79
3750.87
3744.1
3737.48
3730.99
3724.63
3718.38
3712.21
3706.11
3601.11
3600.96
3600.94
3600.89
3600.82
3600.72
3600.6
3600.47
3600.48
3774.08
3767.45
3760.9
3754.4
3748
3741.71
3735.53
3729.48
3723.53
3717.69
3711.92
3706.21
3595.85
3595.68
3595.65
3595.59
3595.52
3595.42
3595.3
3595.34
3762.34
3756.36
3750.44
3744.57
3738.78
3733.08
3727.48
3721.97
3716.55
3711.2
3705.91
3590.58
3590.42
3590.38
3590.31
3590.24
3590.14
3590.19
3751.25
3745.89
3740.59
3735.32
3730.12
3724.99
3719.94
3714.96
3710.04
3705.17
3585.32
3585.17
3585.11
3585.05
3584.98
3585.03
3740.79
3736.03
3731.31
3726.63
3722
3717.42
3712.9
3708.43
3704.01
3580.08
3579.93
3579.87
3579.81
3579.89
3730.93
3726.75
3722.6
3718.48
3714.4
3710.36
3706.36
3702.39
3574.85
3574.7
3574.64
3574.74
3721.66
3718.04
3714.45
3710.88
3707.33
3703.81
3700.31
3569.63
3569.48
3569.59
3712.96
3709.89
3706.83
3703.79
3700.77
3697.76
3564.43
3564.44
3704.81
3702.27
3699.75
3697.23
3694.72
3559.4
3697.21
3695.19
3693.19
3691.2
3690.14
3688.64
3687.17
3683.6
3682.64
3677.63
)
;

boundaryField
{
    lowerOutlet
    {
        type            MarshakRadiation;
        refValue        nonuniform List<scalar> 
148
(
1837.21
1837.21
1837.21
1837.21
1837.21
1837.21
1837.21
1837.21
1837.21
1837.21
1837.21
1837.21
1837.21
1837.21
1837.21
1837.21
1837.21
1837.21
1837.21
1837.21
1837.21
1837.21
1837.21
1837.21
1837.21
1837.21
1837.21
1837.21
1837.21
1837.21
1837.21
1837.21
1837.21
1837.21
1837.21
1837.21
1837.21
1837.21
1837.21
1837.21
1837.21
1837.21
1837.21
1837.21
1837.21
1837.21
1837.21
2206.55
4954.68
1837.21
1837.21
1837.21
1837.21
1837.21
1837.21
1837.21
1837.21
1837.21
1837.21
1837.21
1837.21
1837.21
1837.21
1837.21
1837.21
1837.21
1837.21
1837.21
1837.21
1837.21
1837.21
1837.21
1837.21
1837.21
1837.21
1837.21
1837.21
1837.21
1837.21
1837.21
1837.21
1837.21
1837.21
1837.21
1837.21
1837.21
1837.21
1837.21
1837.21
1837.21
1837.21
1837.21
1837.21
1837.21
1837.21
1837.21
1837.21
25992.3
1837.21
1837.21
1837.21
1837.21
1837.21
1837.21
1837.21
2057.2
1837.21
2148.69
1837.21
1837.21
1837.21
1837.21
1837.21
1837.21
1837.21
1837.21
1837.21
1837.21
1837.21
1837.21
1837.21
1837.21
1947.02
2001.36
1837.21
1837.21
1837.21
1837.21
1837.21
1837.21
1837.21
1837.21
1837.21
2114.6
1837.21
1837.21
1837.21
1837.21
1837.21
1837.21
1837.21
1837.21
1837.21
1837.21
1837.21
1837.21
1837.21
1837.21
)
;
        refGradient     uniform 0;
        valueFraction   nonuniform List<scalar> 
148
(
0.0014913
0.00148995
0.00148899
0.00148782
0.0014864
0.0014849
0.00148329
0.00148156
0.00147984
0.00147805
0.00147623
0.00147443
0.00147274
0.00147106
0.00146925
0.00146741
0.00146554
0.00146367
0.00146182
0.00145994
0.00145808
0.00145619
0.00145433
0.0014523
0.00145117
0.00145071
0.00145049
0.00145034
0.00145015
0.00144995
0.00144962
0.00144831
0.00144421
0.00068299
0.000678371
0.000676885
0.000674438
0.000670167
0.000666476
0.000663911
0.00066109
0.00065093
0.000644383
0.000263397
0.000267024
0.000440696
0.000268172
0.00105019
0.00308209
0.000361852
0.000275517
0.000255524
0.000255694
0.000258823
0.000640157
0.000646365
0.00065674
0.00066297
0.000665201
0.000667935
0.00067395
0.000682922
0.000693691
0.000699963
0.0014492
0.00144951
0.00144974
0.00144996
0.00145015
0.00145034
0.00145049
0.00145071
0.00145117
0.0014523
0.00145433
0.00145619
0.00145808
0.00145994
0.00146182
0.00146367
0.00146554
0.00146741
0.00146925
0.00147106
0.00147274
0.00147443
0.00147623
0.00147805
0.00147984
0.00148156
0.00148329
0.0014849
0.0014864
0.00148782
0.00148899
0.00148995
0.0014913
0.00735208
0.000667834
0.000665202
0.00066297
0.000656745
0.000646704
0.000640673
0.000260107
0.000700481
0.000293603
0.000760725
0.000360047
0.000292169
0.000257556
0.000255224
0.000257813
0.000263111
0.000643018
0.000650881
0.00066109
0.000663911
0.000666493
0.000670671
0.00067257
0.000262326
0.000399666
0.000591426
0.000268216
0.000598098
0.000331486
0.000266919
0.000255155
0.000256059
0.00026023
0.000678093
0.000260775
0.000729912
0.000352924
0.00029253
0.000365246
0.000337643
0.000261805
0.000255054
0.000256797
0.000261874
0.000680563
0.000677483
0.000675921
0.000688467
0.000697457
0.000700891
)
;
        value           nonuniform List<scalar> 
148
(
3741.87
3748.14
3755.07
3762.64
3770.85
3779.72
3789.25
3799.46
3810.39
3822.06
3834.49
3847.72
3861.79
3876.74
3892.63
3909.51
3927.45
3946.52
3966.82
3988.44
4011.49
4036.11
4062.45
4090.71
4121.13
4153.97
4189.5
4228.07
4270.11
4316.17
4366.9
4423.13
4485.94
4539.72
4617.45
4706.29
4809.19
4930.01
5073.86
5248.37
5465.28
5743.95
6113.31
6549.51
7198.08
8779.55
10502.8
12721.6
15299.9
10625.5
8391.23
7113.26
6370.42
5881.28
5494.54
5242.08
5046.17
4890.06
4762.41
4655.64
4564.64
4486
4417.26
4356.54
4288.88
4241.47
4198.4
4159.05
4122.92
4089.58
4058.71
4030.01
4003.24
3978.26
3954.89
3932.94
3912.29
3892.83
3874.47
3857.14
3840.76
3825.26
3810.61
3796.74
3783.63
3771.22
3759.49
3748.42
3737.97
3728.12
3718.87
3710.17
3702.04
3694.44
3687.38
3680.85
3674.88
11564
4998.68
5156.66
5350.54
5595.33
5914.9
6345.95
7016.81
8316.67
10137.1
11748.4
14744.9
8866.93
7364.35
6525.48
5987.43
5610.9
5359.67
5138.35
4963.92
4823.24
4706.77
4608.4
4867.08
6694.35
7426.29
9264.17
10860.5
13639.8
10057
7992.23
6892.91
6230.44
5783.72
4523.94
6850.08
7791.17
9741.49
11233.9
14266.3
9442.75
7654.19
6698.38
6103.37
5693.81
4577.33
4660.32
4755.76
4450.52
4385.99
4328.75
)
;
        emissivityMode  lookup;
        emissivity      uniform 1;
    }
    top
    {
        type            MarshakRadiation;
        refValue        nonuniform List<scalar> 
100
(
1840.78
1845.63
1849.38
1852.05
1853.71
1854.82
1855.65
1856.34
1856.97
1857.6
1858.29
1859.06
1859.93
1860.94
1862.13
1863.48
1865.01
1866.73
1868.46
1870.15
1871.47
1872.21
1872.9
1873.28
1873.34
1873.34
1874.99
1887.35
1921.24
1961.93
1984.04
1987.44
1972.57
1943.69
1916.86
1898.88
1883.34
1871.03
1866.98
1866.12
1865.84
1865.89
1865.9
1866.04
1866.33
1866.44
1866.57
1866.61
1866.83
1867.15
1867.5
1867.88
1868.19
1868.51
1868.77
1869.01
1869.14
1869.22
1869.24
1869.2
1869.1
1868.74
1868.42
1868.12
1867.67
1867.23
1866.83
1866.32
1866
1865.57
1865.34
1865.04
1864.76
1864.27
1863.91
1863.12
1861.63
1859.64
1854.58
1837.21
1837.21
1837.21
1837.21
1837.21
1837.21
1837.21
1837.21
1837.21
1837.21
1837.21
1837.21
1837.21
1842.87
1844.69
1846.25
1847.58
1847.89
1847.19
1844.91
1840.62
)
;
        refGradient     uniform 0;
        valueFraction   nonuniform List<scalar> 
100
(
0.00144213
0.00144256
0.00144304
0.00144321
0.0014416
0.00143542
0.00142585
0.00141784
0.00141404
0.00141349
0.00141417
0.00141522
0.00141645
0.00141771
0.0014191
0.0014207
0.00142272
0.00142533
0.00142812
0.00143032
0.00143221
0.00143366
0.00143478
0.00143623
0.00143848
0.00144417
0.00147702
0.00164015
0.00202411
0.0024445
0.00265884
0.00269433
0.00254963
0.00226171
0.00198754
0.00180141
0.00164648
0.00153182
0.00149742
0.0014919
0.00149116
0.00149085
0.00149073
0.00149063
0.00149058
0.00149058
0.00149054
0.0014905
0.00149053
0.00149057
0.00149057
0.00149053
0.0014905
0.00149054
0.00149058
0.00149058
0.00149064
0.00149078
0.00149022
0.00148861
0.00148572
0.00148172
0.00147702
0.00147233
0.0014678
0.00146374
0.00146011
0.00145667
0.00145333
0.00145016
0.00144713
0.00144425
0.00144152
0.00143895
0.0014365
0.00143419
0.00143202
0.00142995
0.001428
0.00142612
0.00142439
0.00142275
0.00142118
0.00141971
0.0014183
0.00141695
0.00141571
0.00141453
0.00141335
0.0014124
0.00141188
0.00141225
0.00141565
0.00142288
0.00143138
0.00143689
0.00143832
0.00143814
0.00143775
0.00143778
)
;
        value           nonuniform List<scalar> 
100
(
3587.46
3592.54
3597.73
3602.88
3607.99
3613.06
3618.1
3623.07
3627.97
3632.79
3637.53
3642.2
3646.78
3651.26
3655.64
3659.9
3664.04
3668.04
3671.88
3675.56
3679.04
3682.31
3685.33
3688.07
3690.48
3692.49
3693.97
3694.72
3694.88
3695.44
3697.3
3700.44
3704.71
3709.63
3714.45
3718.76
3722.55
3725.79
3728.51
3730.9
3733.07
3735.03
3736.78
3738.33
3739.66
3740.78
3741.68
3742.36
3742.81
3743.05
3743.07
3742.87
3742.45
3741.82
3740.97
3739.92
3738.65
3737.18
3735.5
3733.62
3731.55
3729.27
3726.8
3724.15
3721.31
3718.29
3715.1
3711.74
3708.21
3704.53
3700.7
3696.73
3692.61
3688.37
3684
3679.51
3674.9
3670.19
3665.38
3660.45
3655.5
3650.5
3645.44
3640.34
3635.2
3630.03
3624.83
3619.6
3614.37
3609.12
3603.87
3598.62
3593.37
3588.1
3582.83
3577.59
3572.37
3567.16
3561.96
3556.93
)
;
        emissivityMode  lookup;
        emissivity      uniform 1;
    }
    sides
    {
        type            MarshakRadiation;
        refValue        uniform 1837.21;
        refGradient     uniform 0;
        valueFraction   nonuniform List<scalar> 
100
(
0.00147401
0.00147865
0.00148331
0.00148774
0.00149091
0.00149209
0.00149203
0.00149204
0.00149204
0.00149204
0.0014908
0.00148769
0.00148325
0.00147858
0.00147402
0.00146959
0.00146535
0.00146125
0.00145742
0.00145374
0.00145022
0.00144685
0.00144367
0.00144063
0.00143775
0.00143502
0.0014324
0.00142993
0.0014276
0.00142538
0.00142327
0.00142124
0.00141933
0.00141748
0.00141573
0.00141409
0.00141255
0.00141105
0.00140961
0.00140833
0.00140736
0.00140702
0.00140747
0.00140848
0.00140942
0.00140957
0.00140931
0.00140894
0.00140884
0.00140955
0.00147401
0.00147865
0.00148331
0.00148774
0.00149091
0.00149209
0.00149203
0.00149204
0.00149204
0.00149204
0.0014908
0.00148769
0.00148325
0.00147858
0.00147402
0.00146959
0.00146535
0.00146125
0.00145742
0.00145374
0.00145022
0.00144685
0.00144367
0.00144063
0.00143775
0.00143502
0.0014324
0.00142993
0.0014276
0.00142538
0.00142327
0.00142124
0.00141933
0.00141748
0.00141573
0.00141409
0.00141255
0.00141105
0.00140961
0.00140837
0.00140769
0.00140825
0.00140994
0.001412
0.00141329
0.00141323
0.0014125
0.00141168
0.0014109
0.00141064
)
;
        value           nonuniform List<scalar> 
100
(
3741.9
3747
3751.51
3755.42
3758.74
3761.47
3763.63
3765.22
3766.27
3766.8
3766.81
3766.33
3765.38
3763.98
3762.15
3759.93
3757.32
3754.37
3751.08
3747.48
3743.61
3739.47
3735.1
3730.51
3725.73
3720.78
3715.67
3710.43
3705.07
3699.61
3694.07
3688.46
3682.79
3677.08
3671.34
3665.59
3659.82
3654.06
3648.31
3642.58
3636.87
3631.19
3625.54
3619.93
3614.37
3608.87
3603.42
3598.03
3592.7
3587.51
3674.91
3679.91
3684.42
3688.44
3691.96
3694.98
3697.53
3699.6
3701.22
3702.39
3703.12
3703.43
3703.34
3702.86
3702
3700.79
3699.25
3697.38
3695.21
3692.76
3690.04
3687.08
3683.88
3680.48
3676.87
3673.08
3669.12
3665.02
3660.77
3656.4
3651.91
3647.33
3642.65
3637.89
3633.07
3628.18
3623.24
3618.26
3613.24
3608.19
3603.1
3598
3592.86
3587.71
3582.56
3577.42
3572.28
3567.14
3562
3556.97
)
;
        emissivityMode  lookup;
        emissivity      uniform 1;
    }
    front
    {
        type            empty;
    }
    back
    {
        type            empty;
    }
    roller
    {
        type            MarshakRadiation;
        refValue        uniform 1837.21;
        refGradient     uniform 0;
        valueFraction   nonuniform List<scalar> 
142
(
0.000297209
0.000337528
0.000280498
0.000310937
0.000338982
0.000323765
0.000329747
0.00029867
0.000331029
0.000326121
0.000335007
0.000336719
0.00027795
0.000332336
0.000308557
0.00033721
0.000317732
0.000319102
0.000335167
0.000334191
0.00032751
0.000326694
0.000321006
0.000318874
0.00031956
0.000318331
0.000315655
0.000310298
0.000309264
0.000328242
0.000295137
0.000333053
0.000287823
0.000336999
0.000282719
0.000313231
0.000340933
0.000324988
0.000324757
0.000324097
0.000324285
0.000319711
0.000320427
0.0003188
0.000319162
0.000311929
0.000314037
0.000307332
0.000300768
0.000327514
0.000329147
0.000334103
0.000286118
0.00028432
0.000336921
0.000336762
0.000277994
0.000335434
0.000336044
0.000342787
0.000343748
0.000322956
0.000346486
0.000346913
0.000346234
0.000345296
0.000324202
0.000323718
0.000337996
0.000337392
0.000335838
0.000333195
0.000328283
0.000325735
0.000324395
0.000325154
0.000325258
0.000289625
0.000280586
0.000335719
0.000288963
0.000299967
0.000333764
0.000323934
0.000324803
0.000342937
0.000322622
0.000321527
0.000305777
0.000304004
0.000291548
0.000331961
0.000282816
0.000335968
0.000279355
0.000333491
0.000286669
0.000333027
0.000331511
0.000297077
0.000331741
0.000345207
0.000343635
0.000330723
0.000331792
0.000328847
0.00032375
0.000293536
0.000279204
0.000337031
0.000291656
0.000302722
0.00033454
0.000320861
0.000346003
0.000347125
0.00034119
0.000324332
0.000323758
0.000323583
0.000302285
0.000336358
0.000278025
0.000278506
0.000278289
0.000334753
0.000284775
0.00033223
0.000332142
0.000294379
0.000331818
0.000331806
0.000305305
0.000315339
0.000322416
0.000347184
0.000325029
0.000325079
0.000344942
0.000339192
0.000340674
0.000323422
)
;
        value           nonuniform List<scalar> 
142
(
8467.51
5770.04
4702.36
4283.3
4277.75
4033.32
3967.22
9186.83
8424.24
10947.5
6720.36
5380.83
4957.95
4474.58
4308.22
4312.15
4224.84
4205.99
3968.64
3967.35
3974.11
3977.73
16253.6
18932.9
19668.7
20446.9
20132.5
17370
16100
9702.45
7910.84
7449.54
6187.75
5622
4646.89
4265.02
4248.44
4087.08
4074.12
4041.75
12464.3
18080.4
17171.3
20457.9
20190.9
18533.5
19492.3
14816.1
10000.1
10314.2
9017.39
7059.88
5920.1
5695.77
6098.71
5480.95
4876.19
5180.98
4352.44
4222.08
4198.88
4157.91
4130.14
4105.73
4043.06
4026.2
4061.96
4050.3
3976.01
3972.57
3970.39
3966.55
3971.4
3982.14
3994.61
3987.23
11684.6
6512.62
5371.2
5290.69
4517.52
4390.21
4422.98
4144.27
4131.13
3997.13
14100.4
15082
13205.9
11930
6909.19
7901.83
5502.18
6491.85
4748.53
4989.51
4554.08
4913.17
4705.2
4418.94
4644.49
4177.06
4005.34
3966.44
3966.1
3968.94
4024.8
7411.22
5251.6
5926.89
4482.75
4363.63
4386.66
4188.42
4156.09
4061.91
3989.78
4001.82
4007.74
13394.6
11068.2
6284.67
5046.23
5144.22
4800.83
5070.13
4592.97
4840.07
4770.58
4449.82
4588.57
4536.67
4338.7
4247.12
4172.75
4082.9
4115.46
4100.83
4015.1
3980.26
3983.86
4016.4
)
;
        emissivityMode  lookup;
        emissivity      uniform 1;
    }
    burner
    {
        type            MarshakRadiation;
        refValue        uniform 270452;
        refGradient     uniform 0;
        valueFraction   nonuniform List<scalar> 
14
(
0.0104414
0.0103911
0.0107903
0.0103661
0.0106583
0.0104437
0.00883851
0.0104019
0.0104518
0.0109143
0.0103694
0.0105419
0.00977695
0.0110779
)
;
        value           nonuniform List<scalar> 
14
(
27835.1
33474.8
30733.1
32671.2
32614.4
25495.7
20196.2
29824.6
33799.5
27490.9
31438.8
33556.5
22973
22058.9
)
;
        emissivityMode  lookup;
        emissivity      uniform 1;
    }
}


// ************************************************************************* //
