/*--------------------------------*- C++ -*----------------------------------*\
  =========                 |
  \\      /  F ield         | OpenFOAM: The Open Source CFD Toolbox
   \\    /   O peration     | Website:  https://openfoam.org
    \\  /    A nd           | Version:  dev
     \\/     M anipulation  |
\*---------------------------------------------------------------------------*/
FoamFile
{
    version     2.0;
    format      ascii;
    class       volScalarField;
    location    "2500";
    object      O2;
}
// * * * * * * * * * * * * * * * * * * * * * * * * * * * * * * * * * * * * * //

dimensions      [0 0 0 0 0 0 0];

internalField   nonuniform List<scalar> 
9729
(
0.23301
0.23301
0.23301
0.23301
0.23301
0.23301
0.23301
0.23301
0.23301
0.23301
0.23301
0.23301
0.23301
0.23301
0.23301
0.23301
0.23301
0.23301
0.23301
0.23301
0.23301
0.23301
0.23301
0.23301
0.23301
0.23301
0.23301
0.23301
0.23301
0.23301
0.23301
0.23301
0.23301
0.23301
0.23301
0.23301
0.23301
0.23301
0.23301
0.23301
0.23301
0.23301
0.23301
0.23301
0.23301
0.23301
0.23301
0.23301
0.23301
0.23301
0.23301
0.23301
0.23301
0.23301
0.23301
0.23301
0.23301
0.23301
0.23301
0.23301
0.23301
0.23301
0.23301
0.23301
0.23301
0.23301
0.23301
0.23301
0.23301
0.23301
0.23301
0.23301
0.23301
0.23301
0.23301
0.23301
0.23301
0.23301
0.23301
0.23301
0.23301
0.23301
0.23301
0.23301
0.23301
0.23301
0.23301
0.23301
0.23301
0.23301
0.23301
0.23301
0.23301
0.23301
0.23301
0.23301
0.23301
0.23301
0.23301
0.23301
0.23301
0.23301
0.23301
0.23301
0.23301
0.23301
0.23301
0.23301
0.23301
0.23301
0.23301
0.23301
0.23301
0.23301
0.23301
0.23301
0.23301
0.23301
0.23301
0.23301
0.23301
0.23301
0.23301
0.23301
0.23301
0.23301
0.23301
0.23301
0.23301
0.23301
0.23301
0.23301
0.23301
0.23301
0.23301
0.23301
0.23301
0.23301
0.23301
0.23301
0.23301
0.23301
0.23301
0.23301
0.23301
0.23301
0.23301
0.23301
0.23301
0.23301
0.23301
0.23301
0.23301
0.23301
0.23301
0.23301
0.23301
0.23301
0.23301
0.23301
0.23301
0.23301
0.23301
0.23301
0.23301
0.23301
0.23301
0.23301
0.23301
0.23301
0.23301
0.23301
0.23301
0.23301
0.23301
0.23301
0.23301
0.23301
0.23301
0.23301
0.23301
0.23301
0.23301
0.23301
0.23301
0.23301
0.23301
0.23301
0.23301
0.23301
0.23301
0.23301
0.23301
0.23301
0.23301
0.23301
0.23301
0.23301
0.23301
0.23301
0.23301
0.23301
0.23301
0.23301
0.23301
0.23301
0.23301
0.23301
0.23301
0.23301
0.23301
0.23301
0.23301
0.23301
0.23301
0.23301
0.23301
0.23301
0.23301
0.23301
0.23301
0.23301
0.23301
0.23301
0.23301
0.23301
0.23301
0.23301
0.23301
0.23301
0.23301
0.23301
0.23301
0.23301
0.23301
0.23301
0.23301
0.23301
0.23301
0.23301
0.23301
0.23301
0.23301
0.23301
0.23301
0.23301
0.23301
0.23301
0.23301
0.23301
0.23301
0.23301
0.23301
0.23301
0.23301
0.23301
0.23301
0.23301
0.23301
0.23301
0.23301
0.23301
0.23301
0.23301
0.23301
0.23301
0.23301
0.23301
0.23301
0.23301
0.23301
0.23301
0.23301
0.23301
0.23301
0.23301
0.23301
0.23301
0.23301
0.23301
0.23301
0.23301
0.23301
0.23301
0.23301
0.23301
0.23301
0.23301
0.23301
0.23301
0.23301
0.23301
0.23301
0.23301
0.23301
0.23301
0.23301
0.23301
0.23301
0.23301
0.23301
0.23301
0.23301
0.23301
0.23301
0.23301
0.23301
0.23301
0.23301
0.23301
0.23301
0.23301
0.23301
0.23301
0.23301
0.23301
0.23301
0.23301
0.23301
0.23301
0.23301
0.23301
0.23301
0.23301
0.23301
0.23301
0.23301
0.23301
0.23301
0.23301
0.23301
0.23301
0.23301
0.23301
0.23301
0.23301
0.23301
0.23301
0.23301
0.23301
0.23301
0.23301
0.23301
0.23301
0.23301
0.23301
0.23301
0.23301
0.23301
0.23301
0.23301
0.23301
0.23301
0.23301
0.23301
0.23301
0.23301
0.23301
0.23301
0.23301
0.23301
0.23301
0.23301
0.23301
0.23301
0.23301
0.23301
0.23301
0.23301
0.23301
0.23301
0.23301
0.23301
0.23301
0.23301
0.23301
0.23301
0.23301
0.23301
0.23301
0.23301
0.23301
0.23301
0.23301
0.23301
0.23301
0.23301
0.23301
0.23301
0.23301
0.23301
0.23301
0.23301
0.23301
0.23301
0.23301
0.23301
0.23301
0.23301
0.23301
0.23301
0.23301
0.23301
0.23301
0.23301
0.23301
0.23301
0.23301
0.23301
0.23301
0.23301
0.23301
0.23301
0.23301
0.23301
0.23301
0.23301
0.23301
0.23301
0.23301
0.23301
0.23301
0.23301
0.23301
0.23301
0.23301
0.23301
0.23301
0.23301
0.23301
0.23301
0.23301
0.23301
0.23301
0.23301
0.23301
0.23301
0.23301
0.23301
0.23301
0.23301
0.23301
0.23301
0.23301
0.23301
0.23301
0.23301
0.23301
0.23301
0.23301
0.23301
0.23301
0.23301
0.23301
0.23301
0.23301
0.23301
0.23301
0.23301
0.23301
0.23301
0.23301
0.23301
0.23301
0.23301
0.23301
0.23301
0.23301
0.23301
0.23301
0.23301
0.23301
0.23301
0.23301
0.23301
0.23301
0.23301
0.23301
0.23301
0.23301
0.23301
0.23301
0.23301
0.23301
0.23301
0.23301
0.23301
0.23301
0.23301
0.23301
0.23301
0.23301
0.23301
0.23301
0.23301
0.23301
0.23301
0.23301
0.23301
0.23301
0.23301
0.23301
0.23301
0.23301
0.23301
0.23301
0.23301
0.23301
0.23301
0.23301
0.23301
0.23301
0.23301
0.23301
0.23301
0.23301
0.23301
0.23301
0.23301
0.23301
0.23301
0.23301
0.23301
0.23301
0.23301
0.23301
0.23301
0.23301
0.23301
0.23301
0.23301
0.23301
0.23301
0.23301
0.23301
0.23301
0.23301
0.23301
0.23301
0.23301
0.23301
0.23301
0.23301
0.23301
0.23301
0.23301
0.23301
0.23301
0.23301
0.23301
0.23301
0.23301
0.23301
0.23301
0.23301
0.23301
0.23301
0.23301
0.23301
0.23301
0.23301
0.23301
0.23301
0.23301
0.23301
0.23301
0.23301
0.23301
0.23301
0.23301
0.23301
0.23301
0.23301
0.23301
0.23301
0.23301
0.23301
0.23301
0.23301
0.23301
0.23301
0.23301
0.23301
0.23301
0.23301
0.23301
0.23301
0.23301
0.23301
0.23301
0.23301
0.23301
0.23301
0.23301
0.23301
0.23301
0.23301
0.23301
0.23301
0.23301
0.23301
0.23301
0.23301
0.23301
0.23301
0.23301
0.23301
0.23301
0.23301
0.23301
0.23301
0.23301
0.23301
0.23301
0.23301
0.23301
0.23301
0.23301
0.23301
0.23301
0.23301
0.23301
0.23301
0.23301
0.23301
0.23301
0.23301
0.23301
0.23301
0.23301
0.23301
0.23301
0.23301
0.23301
0.23301
0.23301
0.23301
0.23301
0.23301
0.23301
0.23301
0.23301
0.23301
0.23301
0.23301
0.23301
0.23301
0.23301
0.23301
0.23301
0.23301
0.23301
0.23301
0.23301
0.23301
0.23301
0.23301
0.23301
0.23301
0.23301
0.23301
0.23301
0.23301
0.23301
0.23301
0.23301
0.23301
0.23301
0.23301
0.23301
0.23301
0.23301
0.23301
0.23301
0.23301
0.23301
0.23301
0.23301
0.23301
0.23301
0.23301
0.23301
0.23301
0.23301
0.23301
0.23301
0.23301
0.23301
0.23301
0.23301
0.23301
0.23301
0.23301
0.23301
0.23301
0.23301
0.23301
0.23301
0.23301
0.23301
0.23301
0.23301
0.23301
0.23301
0.23301
0.23301
0.23301
0.23301
0.23301
0.23301
0.23301
0.23301
0.23301
0.23301
0.23301
0.23301
0.23301
0.23301
0.23301
0.23301
0.23301
0.23301
0.23301
0.23301
0.23301
0.23301
0.23301
0.23301
0.23301
0.23301
0.23301
0.23301
0.23301
0.23301
0.23301
0.23301
0.23301
0.23301
0.23301
0.23301
0.23301
0.23301
0.23301
0.23301
0.23301
0.23301
0.23301
0.23301
0.23301
0.23301
0.23301
0.23301
0.23301
0.23301
0.23301
0.23301
0.23301
0.23301
0.23301
0.23301
0.23301
0.23301
0.23301
0.23301
0.23301
0.23301
0.23301
0.23301
0.23301
0.23301
0.23301
0.23301
0.23301
0.23301
0.23301
0.23301
0.23301
0.23301
0.23301
0.23301
0.23301
0.23301
0.23301
0.23301
0.23301
0.23301
0.23301
0.23301
0.23301
0.23301
0.23301
0.23301
0.23301
0.23301
0.23301
0.23301
0.23301
0.23301
0.23301
0.23301
0.23301
0.23301
0.23301
0.23301
0.23301
0.23301
0.23301
0.23301
0.23301
0.23301
0.23301
0.23301
0.23301
0.23301
0.23301
0.23301
0.23301
0.23301
0.23301
0.23301
0.23301
0.23301
0.23301
0.23301
0.23301
0.23301
0.23301
0.23301
0.23301
0.23301
0.23301
0.23301
0.23301
0.23301
0.23301
0.23301
0.23301
0.23301
0.23301
0.23301
0.23301
0.23301
0.23301
0.23301
0.23301
0.23301
0.23301
0.23301
0.23301
0.23301
0.23301
0.23301
0.23301
0.23301
0.23301
0.23301
0.23301
0.23301
0.23301
0.23301
0.23301
0.23301
0.23301
0.23301
0.23301
0.23301
0.23301
0.23301
0.23301
0.23301
0.23301
0.23301
0.23301
0.23301
0.23301
0.23301
0.23301
0.23301
0.23301
0.23301
0.23301
0.23301
0.23301
0.23301
0.23301
0.23301
0.23301
0.23301
0.23301
0.23301
0.23301
0.23301
0.23301
0.23301
0.23301
0.23301
0.23301
0.23301
0.23301
0.23301
0.23301
0.23301
0.23301
0.23301
0.23301
0.23301
0.23301
0.23301
0.23301
0.23301
0.23301
0.23301
0.23301
0.23301
0.23301
0.23301
0.23301
0.23301
0.23301
0.23301
0.23301
0.23301
0.23301
0.23301
0.23301
0.23301
0.23301
0.23301
0.23301
0.23301
0.23301
0.23301
0.23301
0.23301
0.23301
0.23301
0.23301
0.23301
0.23301
0.23301
0.23301
0.23301
0.23301
0.23301
0.23301
0.23301
0.23301
0.23301
0.23301
0.23301
0.23301
0.23301
0.23301
0.23301
0.23301
0.23301
0.23301
0.23301
0.23301
0.23301
0.23301
0.23301
0.23301
0.23301
0.23301
0.23301
0.23301
0.23301
0.23301
0.23301
0.23301
0.23301
0.23301
0.23301
0.23301
0.23301
0.23301
0.23301
0.23301
0.23301
0.23301
0.23301
0.23301
0.23301
0.23301
0.23301
0.23301
0.23301
0.23301
0.23301
0.23301
0.23301
0.23301
0.23301
0.23301
0.23301
0.23301
0.23301
0.23301
0.23301
0.23301
0.23301
0.23301
0.23301
0.23301
0.23301
0.23301
0.23301
0.23301
0.23301
0.23301
0.23301
0.23301
0.23301
0.23301
0.23301
0.23301
0.23301
0.23301
0.23301
0.23301
0.23301
0.23301
0.23301
0.23301
0.23301
0.23301
0.23301
0.23301
0.23301
0.23301
0.23301
0.23301
0.23301
0.23301
0.23301
0.23301
0.23301
0.23301
0.23301
0.23301
0.23301
0.23301
0.23301
0.23301
0.23301
0.23301
0.23301
0.23301
0.23301
0.23301
0.23301
0.23301
0.23301
0.23301
0.23301
0.23301
0.23301
0.23301
0.23301
0.23301
0.23301
0.23301
0.23301
0.23301
0.23301
0.23301
0.23301
0.23301
0.23301
0.23301
0.23301
0.23301
0.23301
0.23301
0.23301
0.23301
0.23301
0.23301
0.23301
0.23301
0.23301
0.23301
0.23301
0.23301
0.23301
0.23301
0.23301
0.23301
0.23301
0.23301
0.23301
0.23301
0.23301
0.23301
0.23301
0.23301
0.23301
0.23301
0.23301
0.23301
0.23301
0.23301
0.23301
0.23301
0.23301
0.23301
0.23301
0.23301
0.23301
0.23301
0.23301
0.23301
0.23301
0.23301
0.23301
0.23301
0.23301
0.23301
0.23301
0.23301
0.23301
0.23301
0.23301
0.23301
0.23301
0.23301
0.23301
0.23301
0.23301
0.23301
0.23301
0.23301
0.23301
0.23301
0.23301
0.23301
0.23301
0.23301
0.23301
0.23301
0.23301
0.23301
0.23301
0.23301
0.23301
0.23301
0.23301
0.23301
0.23301
0.23301
0.23301
0.23301
0.23301
0.23301
0.23301
0.23301
0.23301
0.23301
0.23301
0.23301
0.23301
0.23301
0.23301
0.23301
0.23301
0.23301
0.23301
0.23301
0.23301
0.23301
0.23301
0.23301
0.23301
0.23301
0.23301
0.23301
0.23301
0.23301
0.23301
0.23301
0.23301
0.23301
0.23301
0.23301
0.23301
0.23301
0.23301
0.23301
0.23301
0.23301
0.23301
0.23301
0.23301
0.23301
0.23301
0.23301
0.23301
0.23301
0.23301
0.23301
0.23301
0.23301
0.23301
0.23301
0.23301
0.23301
0.23301
0.23301
0.23301
0.23301
0.23301
0.23301
0.23301
0.23301
0.23301
0.23301
0.23301
0.23301
0.23301
0.23301
0.23301
0.23301
0.23301
0.23301
0.23301
0.23301
0.23301
0.233009
0.233008
0.233009
0.233007
0.233009
0.233006
0.233009
0.233007
0.233009
0.23301
0.233008
0.233007
0.23301
0.23301
0.23301
0.23301
0.23301
0.23301
0.23301
0.23301
0.23301
0.23301
0.23301
0.23301
0.23301
0.23301
0.23301
0.23301
0.23301
0.23301
0.23301
0.23301
0.23301
0.23301
0.23301
0.23301
0.23301
0.23301
0.23301
0.23301
0.23301
0.23301
0.23301
0.23301
0.23301
0.23301
0.23301
0.23301
0.23301
0.23301
0.23301
0.23301
0.23301
0.23301
0.23301
0.23301
0.23301
0.23301
0.23301
0.233009
0.233009
0.233007
0.233005
0.233003
0.232995
0.233
0.232985
0.233
0.232981
0.233004
0.232987
0.232998
0.233007
0.232992
0.232988
0.23301
0.233007
0.23301
0.23301
0.23301
0.23301
0.23301
0.23301
0.23301
0.23301
0.23301
0.23301
0.23301
0.23301
0.23301
0.23301
0.23301
0.23301
0.23301
0.23301
0.23301
0.23301
0.23301
0.23301
0.23301
0.23301
0.23301
0.23301
0.23301
0.23301
0.23301
0.23301
0.23301
0.23301
0.23301
0.23301
0.23301
0.23301
0.23301
0.23301
0.23301
0.23301
0.23301
0.23301
0.23301
0.23301
0.233009
0.233009
0.233001
0.232998
0.232983
0.232965
0.232954
0.232907
0.232936
0.232845
0.23294
0.232834
0.232965
0.232869
0.232935
0.232986
0.232903
0.23288
0.233009
0.232991
0.23301
0.233009
0.23301
0.23301
0.23301
0.23301
0.23301
0.23301
0.23301
0.23301
0.23301
0.23301
0.23301
0.23301
0.23301
0.23301
0.23301
0.23301
0.23301
0.23301
0.23301
0.23301
0.23301
0.23301
0.23301
0.23301
0.23301
0.23301
0.23301
0.23301
0.23301
0.23301
0.23301
0.23301
0.23301
0.23301
0.233009
0.233009
0.23301
0.23301
0.23301
0.233009
0.23301
0.23301
0.233008
0.233008
0.232996
0.232993
0.232944
0.232922
0.23284
0.232759
0.232708
0.232533
0.232622
0.232329
0.232652
0.232262
0.232766
0.232386
0.232644
0.232877
0.23253
0.232457
0.232999
0.232902
0.23301
0.233006
0.23301
0.23301
0.23301
0.23301
0.23301
0.23301
0.23301
0.23301
0.23301
0.23301
0.23301
0.23301
0.23301
0.23301
0.23301
0.23301
0.23301
0.23301
0.23301
0.23301
0.23301
0.23301
0.23301
0.23301
0.23301
0.23301
0.23301
0.23301
0.23301
0.23301
0.23301
0.233009
0.233008
0.233008
0.233009
0.233007
0.233006
0.233009
0.233008
0.233006
0.233004
0.233008
0.233007
0.232992
0.23299
0.2329
0.23288
0.232671
0.232583
0.232333
0.232128
0.231995
0.231655
0.231786
0.231292
0.231791
0.23115
0.232069
0.231279
0.231752
0.232457
0.231512
0.231395
0.232948
0.232562
0.233009
0.232989
0.23301
0.23301
0.23301
0.23301
0.23301
0.23301
0.23301
0.23301
0.23301
0.23301
0.23301
0.23301
0.23301
0.23301
0.23301
0.23301
0.23301
0.23301
0.23301
0.23301
0.23301
0.23301
0.23301
0.23301
0.23301
0.23301
0.23301
0.23301
0.23301
0.233009
0.233007
0.233002
0.232994
0.233004
0.232997
0.232998
0.232993
0.233003
0.233
0.232978
0.232972
0.232987
0.232982
0.232862
0.232848
0.232496
0.232416
0.231934
0.231761
0.231331
0.231043
0.230834
0.230437
0.230545
0.230032
0.230527
0.22988
0.230821
0.229989
0.230463
0.232025
0.231371
0.230244
0.230181
0.23079
0.232745
0.231529
0.232258
0.231567
0.233007
0.232927
0.23301
0.23301
0.23301
0.23301
0.23301
0.23301
0.23301
0.23301
0.23301
0.23301
0.23301
0.23301
0.23301
0.23301
0.23301
0.23301
0.23301
0.23301
0.23301
0.23301
0.23301
0.23301
0.23301
0.23301
0.23301
0.23301
0.23301
0.233009
0.233006
0.232996
0.232978
0.232953
0.232944
0.232909
0.232987
0.232974
0.23295
0.232933
0.232967
0.232958
0.232807
0.232793
0.232835
0.23282
0.232353
0.232304
0.231607
0.231482
0.230798
0.230599
0.230104
0.229835
0.229625
0.229306
0.229354
0.228975
0.229332
0.228831
0.229583
0.229009
0.229311
0.229797
0.229361
0.230828
0.229666
0.229167
0.229284
0.229632
0.230203
0.232596
0.231973
0.231837
0.230904
0.231061
0.233009
0.232348
0.232913
0.232593
0.23301
0.23301
0.23301
0.23301
0.23301
0.23301
0.23301
0.23301
0.23301
0.23301
0.23301
0.23301
0.23301
0.23301
0.23301
0.23301
0.23301
0.23301
0.23301
0.23301
0.23301
0.23301
0.23301
0.23301
0.23301
0.23301
0.233007
0.232996
0.232957
0.232895
0.23283
0.232818
0.232792
0.23282
0.232717
0.232913
0.232873
0.232738
0.232701
0.23278
0.232761
0.232238
0.232228
0.23227
0.23225
0.23139
0.231326
0.230439
0.230318
0.229625
0.229475
0.229068
0.228922
0.228718
0.228571
0.228752
0.228622
0.228514
0.228427
0.228764
0.228544
0.228448
0.228257
0.228382
0.228862
0.229001
0.22867
0.228584
0.228873
0.230252
0.229126
0.228683
0.228763
0.229105
0.229648
0.231532
0.231255
0.230358
0.230519
0.233008
0.232969
0.232843
0.23188
0.232308
0.23301
0.23301
0.23301
0.23301
0.23301
0.23301
0.23301
0.23301
0.23301
0.23301
0.23301
0.23301
0.23301
0.23301
0.23301
0.23301
0.23301
0.23301
0.23301
0.23301
0.23301
0.23301
0.23301
0.23301
0.233009
0.233004
0.232967
0.232839
0.232651
0.232514
0.232334
0.232613
0.232364
0.232479
0.232342
0.232655
0.232577
0.232175
0.232131
0.232219
0.232202
0.231261
0.231263
0.231287
0.231267
0.230237
0.230188
0.229375
0.229317
0.228844
0.228828
0.228523
0.228541
0.228372
0.228343
0.228339
0.228359
0.228335
0.228265
0.228231
0.228372
0.228214
0.228178
0.228047
0.228107
0.228417
0.228539
0.22827
0.228214
0.228419
0.229711
0.228634
0.228319
0.228243
0.228614
0.229125
0.230746
0.231053
0.229827
0.230003
0.233007
0.232944
0.232703
0.231448
0.231953
0.23301
0.23301
0.23301
0.23301
0.23301
0.23301
0.23301
0.23301
0.23301
0.23301
0.23301
0.23301
0.23301
0.23301
0.23301
0.23301
0.23301
0.23301
0.23301
0.23301
0.23301
0.23301
0.23301
0.233009
0.232999
0.232923
0.232644
0.232256
0.232003
0.231837
0.231687
0.231585
0.232181
0.23199
0.23187
0.231715
0.23207
0.231981
0.23126
0.231233
0.231268
0.231268
0.230167
0.230181
0.230166
0.230161
0.229293
0.229294
0.228841
0.228865
0.228581
0.228652
0.228384
0.228428
0.228473
0.228527
0.228228
0.228246
0.228279
0.228325
0.228135
0.228127
0.228145
0.228068
0.227979
0.228032
0.22795
0.227943
0.228073
0.228146
0.22795
0.22794
0.228037
0.229194
0.228192
0.227944
0.227869
0.228168
0.228635
0.230249
0.23058
0.229316
0.229502
0.233007
0.232544
0.232927
0.231016
0.231604
0.23301
0.23301
0.23301
0.23301
0.23301
0.23301
0.23301
0.23301
0.23301
0.23301
0.23301
0.23301
0.23301
0.23301
0.23301
0.23301
0.23301
0.23301
0.23301
0.23301
0.23301
0.23301
0.233009
0.232998
0.23289
0.232472
0.231857
0.231451
0.231097
0.230501
0.231066
0.230579
0.231544
0.231286
0.231001
0.230853
0.231186
0.231108
0.230216
0.230209
0.2302
0.230214
0.229342
0.229366
0.229304
0.22932
0.228905
0.228945
0.228732
0.228814
0.22858
0.228644
0.228774
0.228378
0.22844
0.228507
0.228576
0.22818
0.22823
0.22829
0.228358
0.228048
0.228083
0.228136
0.227871
0.227857
0.227984
0.227937
0.227883
0.227828
0.227841
0.227729
0.227778
0.227744
0.228703
0.227811
0.227656
0.227579
0.227778
0.228182
0.22976
0.230108
0.228826
0.229013
0.233005
0.232403
0.232878
0.230566
0.231194
0.23301
0.23301
0.23301
0.23301
0.23301
0.23301
0.23301
0.23301
0.23301
0.23301
0.23301
0.23301
0.23301
0.23301
0.23301
0.23301
0.23301
0.23301
0.23301
0.23301
0.23301
0.233009
0.232998
0.232883
0.232369
0.231527
0.230895
0.230391
0.229889
0.229613
0.229484
0.230152
0.229846
0.230666
0.23042
0.230033
0.22991
0.230183
0.230123
0.229414
0.229414
0.229388
0.229405
0.229043
0.229067
0.228982
0.229015
0.228899
0.228975
0.22892
0.229068
0.228648
0.228722
0.228903
0.22882
0.228428
0.228496
0.228559
0.228621
0.228202
0.228275
0.228344
0.228403
0.22804
0.228111
0.228189
0.227784
0.227829
0.228013
0.227998
0.227905
0.227696
0.22764
0.22762
0.227719
0.227557
0.228242
0.227511
0.227476
0.227396
0.22746
0.227777
0.229273
0.229607
0.228357
0.228534
0.232979
0.232102
0.232652
0.230018
0.23057
0.23301
0.23301
0.23301
0.23301
0.23301
0.23301
0.23301
0.23301
0.23301
0.23301
0.23301
0.23301
0.23301
0.23301
0.23301
0.23301
0.23301
0.23301
0.23301
0.23301
0.23301
0.233001
0.232888
0.232347
0.231313
0.230457
0.230009
0.229716
0.229458
0.229308
0.229339
0.229434
0.229334
0.229742
0.229571
0.229331
0.229278
0.229404
0.229376
0.229105
0.229109
0.229085
0.229097
0.229148
0.229179
0.229046
0.229104
0.229231
0.229358
0.22899
0.229096
0.229317
0.229195
0.228687
0.228754
0.228802
0.228717
0.228455
0.228497
0.228532
0.228567
0.228258
0.228311
0.228345
0.228355
0.228098
0.22817
0.228221
0.227785
0.227881
0.228081
0.228051
0.227979
0.227661
0.227546
0.227607
0.22775
0.227471
0.227818
0.227318
0.227391
0.227304
0.227244
0.227433
0.228765
0.229047
0.227912
0.228058
0.232464
0.231366
0.231809
0.229359
0.229663
0.23301
0.23301
0.23301
0.23301
0.23301
0.23301
0.23301
0.23301
0.23301
0.23301
0.23301
0.23301
0.23301
0.23301
0.23301
0.23301
0.23301
0.23301
0.23301
0.23301
0.233006
0.232915
0.232371
0.231268
0.23025
0.229876
0.229739
0.229694
0.229816
0.23014
0.229324
0.229521
0.229202
0.229233
0.229227
0.229199
0.229113
0.229125
0.22911
0.22911
0.229217
0.229224
0.229199
0.22921
0.22965
0.22969
0.229482
0.22958
0.229538
0.229827
0.228905
0.229031
0.229319
0.229171
0.228603
0.228653
0.228423
0.228332
0.22834
0.228314
0.228283
0.228262
0.228237
0.228215
0.228151
0.228056
0.228136
0.228143
0.228103
0.22786
0.227955
0.228067
0.227959
0.227988
0.227716
0.22755
0.227674
0.227835
0.227483
0.227442
0.227209
0.227402
0.227304
0.227108
0.227182
0.228243
0.228456
0.227497
0.227599
0.230057
0.229796
0.229271
0.228637
0.22866
0.23301
0.23301
0.23301
0.23301
0.23301
0.23301
0.23301
0.23301
0.23301
0.23301
0.23301
0.23301
0.23301
0.23301
0.23301
0.23301
0.23301
0.23301
0.23301
0.233008
0.232957
0.232473
0.2313
0.230209
0.229853
0.229839
0.230278
0.231293
0.230546
0.231155
0.229796
0.230153
0.229338
0.229527
0.229154
0.229217
0.229314
0.22939
0.229239
0.229266
0.229718
0.229727
0.229709
0.229715
0.230463
0.230538
0.230109
0.230315
0.229348
0.229599
0.229831
0.230081
0.228552
0.228719
0.229131
0.228915
0.228258
0.228279
0.227761
0.227648
0.227942
0.227825
0.227716
0.227633
0.227996
0.227841
0.22765
0.227437
0.228018
0.227892
0.227696
0.227909
0.227907
0.227836
0.227624
0.227817
0.227801
0.227624
0.227751
0.227844
0.227558
0.227141
0.22718
0.22747
0.227356
0.227036
0.227012
0.227735
0.227886
0.227134
0.227177
0.229753
0.228412
0.228106
0.22796
0.227851
0.23301
0.23301
0.23301
0.23301
0.23301
0.23301
0.23301
0.23301
0.23301
0.23301
0.23301
0.23301
0.23301
0.23301
0.23301
0.23301
0.23301
0.23301
0.233009
0.232986
0.232652
0.231428
0.23023
0.22986
0.230044
0.230892
0.232049
0.232301
0.232602
0.231474
0.23195
0.230595
0.231028
0.229905
0.230213
0.229505
0.229672
0.229903
0.230032
0.229755
0.229814
0.230565
0.230571
0.230568
0.230569
0.231287
0.231512
0.230451
0.230912
0.229042
0.229378
0.229706
0.230017
0.227931
0.228153
0.22872
0.228419
0.227592
0.227594
0.226973
0.226815
0.22722
0.227018
0.226853
0.226742
0.227444
0.227153
0.226843
0.226535
0.227624
0.227337
0.22699
0.227816
0.227669
0.227324
0.227011
0.2274
0.227778
0.227686
0.227708
0.227718
0.227613
0.22692
0.227205
0.227524
0.227406
0.227018
0.22689
0.227265
0.227359
0.226851
0.226815
0.231657
0.227582
0.228482
0.227368
0.227257
0.23301
0.23301
0.23301
0.23301
0.23301
0.23301
0.23301
0.23301
0.23301
0.23301
0.23301
0.23301
0.23301
0.23301
0.23301
0.23301
0.23301
0.23301
0.233001
0.232811
0.231741
0.230316
0.229869
0.230179
0.231261
0.232326
0.232845
0.232819
0.232927
0.232385
0.23266
0.231569
0.232003
0.230772
0.231146
0.230212
0.230457
0.230786
0.230948
0.230602
0.230673
0.23161
0.231619
0.231605
0.231617
0.231639
0.232063
0.230194
0.230587
0.231235
0.23091
0.228574
0.228993
0.229411
0.229817
0.227196
0.227475
0.228172
0.227803
0.226703
0.226725
0.226416
0.226157
0.226258
0.226036
0.225889
0.225836
0.226608
0.226214
0.225842
0.225525
0.226944
0.226509
0.226047
0.227523
0.227173
0.22654
0.226143
0.226698
0.227632
0.227639
0.227558
0.22739
0.227566
0.226754
0.227229
0.22748
0.227368
0.227
0.226811
0.226824
0.226854
0.226628
0.226512
0.230511
0.227292
0.228181
0.22685
0.226832
0.23301
0.23301
0.23301
0.23301
0.23301
0.23301
0.23301
0.23301
0.23301
0.23301
0.23301
0.23301
0.23301
0.23301
0.23301
0.23301
0.233009
0.233005
0.23292
0.232122
0.230543
0.229889
0.230184
0.231328
0.232326
0.23284
0.232996
0.232978
0.232994
0.232867
0.232945
0.232495
0.232722
0.23182
0.232185
0.231168
0.231465
0.231857
0.232033
0.231657
0.231731
0.232493
0.23253
0.232309
0.232436
0.231186
0.231411
0.231783
0.232054
0.232307
0.229983
0.23042
0.230822
0.228147
0.228592
0.229057
0.229526
0.226709
0.227026
0.227738
0.227366
0.225854
0.225961
0.226287
0.225956
0.225289
0.225147
0.225117
0.225172
0.225597
0.225197
0.224878
0.224657
0.226023
0.225503
0.225027
0.226966
0.226406
0.225558
0.225137
0.225775
0.227286
0.227499
0.227223
0.226801
0.227456
0.226612
0.227191
0.227388
0.227256
0.226945
0.226746
0.226419
0.226385
0.226425
0.226232
0.232337
0.227137
0.229341
0.226407
0.226519
0.23301
0.23301
0.23301
0.23301
0.23301
0.23301
0.23301
0.23301
0.23301
0.23301
0.23301
0.23301
0.233009
0.233009
0.233008
0.233008
0.233007
0.232975
0.232476
0.230939
0.229944
0.23015
0.231262
0.232214
0.23275
0.232974
0.233009
0.233008
0.233007
0.233005
0.232992
0.233002
0.232918
0.232968
0.232673
0.232824
0.232248
0.232472
0.232699
0.232783
0.232573
0.232627
0.23285
0.232901
0.232522
0.232737
0.23104
0.231253
0.231626
0.231961
0.232253
0.229738
0.230192
0.23063
0.227992
0.228395
0.228826
0.229279
0.226621
0.226949
0.227619
0.227275
0.225363
0.225633
0.226456
0.226026
0.224556
0.224558
0.224686
0.224914
0.224632
0.224337
0.224157
0.224109
0.225003
0.224527
0.224159
0.226178
0.225482
0.224564
0.224228
0.224804
0.226734
0.227228
0.226791
0.226088
0.227245
0.226473
0.227042
0.227172
0.226994
0.226731
0.226632
0.226054
0.22597
0.226196
0.225927
0.232742
0.227229
0.230493
0.226032
0.226297
0.233009
0.23301
0.23301
0.23301
0.23301
0.23301
0.23301
0.23301
0.23301
0.23301
0.233009
0.233007
0.233006
0.233005
0.233005
0.233005
0.232992
0.232732
0.231416
0.230091
0.230055
0.231069
0.231963
0.232528
0.232914
0.233004
0.233009
0.23301
0.23301
0.233009
0.233008
0.233009
0.233001
0.233006
0.232966
0.232989
0.232862
0.232925
0.232968
0.232984
0.232929
0.23295
0.232898
0.232955
0.232362
0.232592
0.232754
0.230859
0.231102
0.231448
0.231785
0.232096
0.229623
0.230039
0.230451
0.228062
0.228408
0.228793
0.229204
0.226845
0.227175
0.227753
0.227465
0.225236
0.225612
0.22688
0.226334
0.224138
0.224281
0.224521
0.224847
0.223909
0.223795
0.223773
0.223807
0.224107
0.223783
0.223589
0.225352
0.224633
0.223792
0.223566
0.224021
0.226166
0.226881
0.22628
0.225405
0.226854
0.226255
0.226705
0.226699
0.22636
0.226237
0.226299
0.225712
0.225616
0.225882
0.225604
0.232935
0.227589
0.231541
0.225706
0.226169
0.233008
0.233009
0.23301
0.23301
0.23301
0.23301
0.23301
0.23301
0.233009
0.233007
0.233002
0.232995
0.232992
0.232994
0.232998
0.232993
0.232873
0.231908
0.2304
0.230027
0.230767
0.231648
0.232261
0.232789
0.232988
0.233009
0.23301
0.23301
0.23301
0.23301
0.23301
0.23301
0.233009
0.23301
0.233006
0.233008
0.232995
0.233002
0.233001
0.233005
0.232981
0.232994
0.232844
0.232944
0.232235
0.232495
0.232554
0.232729
0.230751
0.231061
0.231363
0.231658
0.23195
0.229648
0.230021
0.230391
0.228358
0.228622
0.228937
0.229284
0.227344
0.227685
0.228137
0.227929
0.225265
0.22578
0.227293
0.226566
0.223951
0.22416
0.224449
0.224819
0.223522
0.223512
0.223565
0.223683
0.223497
0.223362
0.223315
0.224583
0.223829
0.223291
0.223069
0.223333
0.225443
0.226241
0.22525
0.224404
0.226011
0.225808
0.225878
0.225601
0.225213
0.225501
0.225731
0.225394
0.2253
0.225489
0.225273
0.23297
0.22798
0.231769
0.225419
0.226084
0.233007
0.233009
0.23301
0.23301
0.23301
0.23301
0.23301
0.233008
0.233002
0.232986
0.232961
0.232947
0.232953
0.232969
0.232985
0.232925
0.23231
0.230803
0.230053
0.23047
0.231304
0.231962
0.232599
0.232958
0.233007
0.23301
0.23301
0.23301
0.23301
0.23301
0.23301
0.23301
0.23301
0.23301
0.23301
0.233009
0.23301
0.233007
0.233009
0.233002
0.233006
0.232981
0.232996
0.232737
0.232662
0.232848
0.23292
0.232117
0.232346
0.232483
0.230751
0.23111
0.231366
0.231625
0.231876
0.229826
0.230131
0.230441
0.22883
0.22902
0.229263
0.229534
0.22793
0.228331
0.228689
0.22855
0.225291
0.225872
0.227494
0.226651
0.223855
0.224091
0.224392
0.224785
0.223311
0.223353
0.223444
0.223574
0.223149
0.223112
0.223107
0.22353
0.223113
0.222987
0.222906
0.222963
0.224136
0.224981
0.224011
0.223388
0.224666
0.225297
0.224978
0.224518
0.22448
0.224729
0.225097
0.225084
0.225017
0.225067
0.224933
0.232926
0.22795
0.231453
0.225201
0.225915
0.233006
0.233009
0.23301
0.23301
0.23301
0.23301
0.233007
0.232992
0.232943
0.232864
0.232811
0.232823
0.232883
0.232948
0.232927
0.232548
0.231252
0.230158
0.230287
0.230977
0.231654
0.232353
0.232903
0.233002
0.23301
0.23301
0.23301
0.23301
0.23301
0.23301
0.23301
0.23301
0.23301
0.23301
0.23301
0.233009
0.23301
0.233008
0.233009
0.233001
0.233005
0.232972
0.232993
0.232607
0.23272
0.232824
0.232878
0.232934
0.232089
0.232292
0.232454
0.230858
0.231261
0.231457
0.231664
0.231875
0.230161
0.230384
0.230616
0.22944
0.229576
0.229753
0.229947
0.228314
0.228953
0.229339
0.229209
0.225278
0.225903
0.227549
0.226651
0.223752
0.22399
0.224303
0.224706
0.22314
0.223207
0.2233
0.223432
0.222961
0.222939
0.222947
0.223115
0.222955
0.222812
0.222716
0.222804
0.223435
0.223887
0.22354
0.22319
0.223964
0.224839
0.224532
0.224138
0.224329
0.224536
0.224645
0.224819
0.22481
0.224678
0.224577
0.230752
0.227576
0.22919
0.225006
0.225662
0.233006
0.233009
0.23301
0.23301
0.233009
0.233005
0.232974
0.232871
0.232707
0.232602
0.232608
0.232702
0.232842
0.2329
0.23263
0.231635
0.230414
0.230253
0.230712
0.231367
0.232088
0.23281
0.232992
0.233009
0.23301
0.23301
0.23301
0.23301
0.23301
0.23301
0.23301
0.23301
0.23301
0.23301
0.23301
0.233009
0.23301
0.233008
0.233009
0.233001
0.233006
0.232968
0.232991
0.232594
0.232708
0.232807
0.232873
0.232925
0.232105
0.232283
0.232451
0.231075
0.231477
0.231615
0.231771
0.231934
0.230621
0.230758
0.230911
0.230118
0.230229
0.230355
0.230484
0.22847
0.229332
0.23
0.229808
0.225212
0.225867
0.227426
0.226442
0.22361
0.223843
0.224151
0.224546
0.223006
0.223091
0.223195
0.22332
0.222776
0.222771
0.22282
0.223061
0.222952
0.222688
0.222305
0.22231
0.223391
0.22379
0.223576
0.223215
0.223982
0.224539
0.224357
0.224025
0.224183
0.224342
0.224487
0.224625
0.224632
0.224454
0.224373
0.228179
0.226481
0.226635
0.224847
0.225284
0.233007
0.23301
0.23301
0.233009
0.233003
0.232955
0.232791
0.232553
0.232398
0.232383
0.232481
0.232647
0.232806
0.232622
0.231827
0.230707
0.230275
0.230538
0.231129
0.231849
0.232672
0.232975
0.233008
0.23301
0.23301
0.23301
0.23301
0.23301
0.23301
0.23301
0.23301
0.23301
0.23301
0.23301
0.23301
0.233009
0.23301
0.233008
0.233009
0.233001
0.233006
0.232949
0.232975
0.232989
0.232587
0.232689
0.232794
0.232854
0.232915
0.232149
0.232301
0.232451
0.231352
0.231564
0.231693
0.23184
0.231989
0.231098
0.231166
0.231256
0.230711
0.230821
0.230925
0.231012
0.228451
0.229435
0.23053
0.230159
0.225055
0.225668
0.226914
0.225895
0.223482
0.223679
0.223944
0.224293
0.222962
0.223069
0.223143
0.223262
0.222649
0.222379
0.222499
0.222412
0.222383
0.222347
0.222061
0.222054
0.222573
0.222808
0.222725
0.222506
0.222922
0.224437
0.22421
0.223017
0.223113
0.224192
0.224283
0.224403
0.224513
0.22433
0.22418
0.230792
0.225669
0.2262
0.224693
0.224956
0.233008
0.23301
0.233009
0.233002
0.232942
0.232729
0.232417
0.232212
0.232163
0.232239
0.232395
0.232572
0.232533
0.231837
0.230907
0.230359
0.230477
0.230963
0.231652
0.232508
0.232948
0.233007
0.23301
0.23301
0.23301
0.23301
0.23301
0.23301
0.23301
0.23301
0.23301
0.23301
0.23301
0.23301
0.23301
0.23301
0.23301
0.23301
0.23301
0.233008
0.233009
0.233
0.233006
0.232944
0.23297
0.232986
0.232556
0.232619
0.232758
0.232806
0.232894
0.232129
0.232298
0.232385
0.231454
0.231382
0.231545
0.231736
0.231941
0.231246
0.231297
0.231373
0.230926
0.231035
0.231121
0.231171
0.228003
0.229229
0.230699
0.230182
0.224688
0.225273
0.225917
0.225203
0.223402
0.22355
0.223717
0.224113
0.222551
0.222597
0.222737
0.22276
0.222357
0.222156
0.222246
0.222076
0.222068
0.222113
0.221896
0.22188
0.222144
0.222258
0.222219
0.222113
0.222333
0.224199
0.223184
0.222401
0.222471
0.223221
0.224158
0.224247
0.224433
0.224079
0.224086
0.23263
0.225205
0.226854
0.22454
0.224695
0.233009
0.233009
0.233002
0.232937
0.232689
0.232312
0.232051
0.231962
0.231998
0.232103
0.232225
0.232252
0.231764
0.230956
0.230459
0.230484
0.230879
0.231519
0.232365
0.232915
0.233004
0.23301
0.23301
0.23301
0.23301
0.23301
0.23301
0.23301
0.23301
0.23301
0.23301
0.23301
0.23301
0.23301
0.23301
0.23301
0.23301
0.23301
0.233008
0.233009
0.232998
0.233006
0.232923
0.232962
0.232987
0.232944
0.232962
0.232418
0.232416
0.232658
0.232689
0.232843
0.231891
0.232168
0.232127
0.231263
0.230743
0.23096
0.23125
0.231578
0.231077
0.231117
0.231182
0.230813
0.230946
0.231025
0.231051
0.226988
0.228339
0.230461
0.229587
0.224458
0.22482
0.22511
0.224717
0.222919
0.222942
0.223145
0.223859
0.222265
0.222333
0.222394
0.222407
0.222124
0.221992
0.222041
0.22187
0.221878
0.221947
0.221832
0.221811
0.221893
0.221945
0.221927
0.221884
0.221988
0.224062
0.222535
0.222034
0.222083
0.222583
0.223257
0.224155
0.224274
0.224066
0.223908
0.232787
0.225167
0.229167
0.224377
0.224569
0.233008
0.233003
0.23294
0.232677
0.232243
0.231919
0.231798
0.231788
0.231827
0.231861
0.231811
0.231494
0.230935
0.230535
0.230523
0.230867
0.231461
0.232272
0.232884
0.233002
0.23301
0.23301
0.23301
0.23301
0.23301
0.23301
0.23301
0.23301
0.23301
0.23301
0.23301
0.23301
0.23301
0.23301
0.23301
0.23301
0.23301
0.23301
0.233008
0.233009
0.232994
0.232977
0.233005
0.232875
0.232906
0.232938
0.232058
0.232002
0.23242
0.23245
0.232729
0.23128
0.231741
0.231565
0.230611
0.229705
0.229957
0.230321
0.230786
0.230416
0.230444
0.230511
0.230002
0.230256
0.230372
0.230392
0.225577
0.226587
0.229277
0.227928
0.224387
0.224487
0.224749
0.223385
0.222499
0.222495
0.223249
0.222582
0.222048
0.222105
0.222105
0.222131
0.221954
0.221919
0.221952
0.221794
0.221804
0.221874
0.221799
0.22183
0.221816
0.221799
0.221861
0.223288
0.222135
0.221896
0.221936
0.222181
0.222638
0.223989
0.224193
0.223819
0.223226
0.22389
0.212592
0.225338
0.228476
0.224335
0.224556
0.233004
0.232947
0.232681
0.232215
0.231833
0.231686
0.231646
0.231628
0.231584
0.231465
0.231224
0.230921
0.23062
0.23061
0.2309
0.231465
0.232243
0.232867
0.233
0.23301
0.23301
0.23301
0.23301
0.23301
0.23301
0.23301
0.23301
0.23301
0.23301
0.23301
0.23301
0.23301
0.23301
0.23301
0.23301
0.23301
0.23301
0.23301
0.233008
0.233009
0.232969
0.232938
0.232995
0.232962
0.233004
0.232779
0.232837
0.232893
0.23143
0.231385
0.232003
0.232075
0.232519
0.230321
0.230969
0.230735
0.22953
0.228449
0.22876
0.229156
0.229694
0.229227
0.229276
0.229375
0.228028
0.228714
0.22907
0.22917
0.224945
0.225151
0.226643
0.225699
0.223255
0.223381
0.223498
0.222555
0.222137
0.222131
0.222578
0.222129
0.221965
0.221994
0.221991
0.222004
0.221885
0.22268
0.221979
0.222021
0.222233
0.223826
0.224078
0.223257
0.222696
0.223655
0.223187
0.139802
0.225233
0.224391
0.224289
0.224531
0.232966
0.2327
0.232218
0.231795
0.231633
0.231586
0.231553
0.231487
0.231368
0.231192
0.230959
0.230747
0.230776
0.231022
0.231536
0.232273
0.232868
0.232999
0.233009
0.23301
0.23301
0.23301
0.23301
0.23301
0.23301
0.23301
0.23301
0.23301
0.23301
0.23301
0.23301
0.23301
0.23301
0.23301
0.23301
0.23301
0.23301
0.23301
0.23301
0.233008
0.233009
0.232905
0.232955
0.232827
0.232988
0.233002
0.232616
0.232726
0.230646
0.230705
0.231451
0.231618
0.232213
0.229243
0.229985
0.229851
0.228189
0.227179
0.227577
0.228031
0.228573
0.227651
0.227792
0.227956
0.225164
0.225972
0.227003
0.227449
0.22338
0.224701
0.224684
0.224808
0.222563
0.222583
0.222524
0.221981
0.221996
0.221989
0.222109
0.221968
0.222283
0.222064
0.223728
0.223992
0.222727
0.222312
0.22322
0.222733
0.113932
0.225159
0.220154
0.224239
0.224503
0.232771
0.232238
0.231793
0.231617
0.231578
0.231559
0.231508
0.231408
0.231259
0.231083
0.230978
0.231045
0.231284
0.231737
0.2324
0.23289
0.233
0.233009
0.23301
0.23301
0.23301
0.23301
0.23301
0.23301
0.23301
0.23301
0.23301
0.23301
0.23301
0.23301
0.23301
0.23301
0.23301
0.23301
0.23301
0.23301
0.23301
0.23301
0.23301
0.233008
0.233009
0.232866
0.232747
0.232937
0.232581
0.232982
0.233
0.232974
0.232393
0.22992
0.230146
0.230903
0.231197
0.231865
0.228313
0.229061
0.229143
0.226802
0.226003
0.226527
0.227067
0.227657
0.225796
0.226161
0.226466
0.224107
0.223927
0.224469
0.225229
0.222429
0.223313
0.224205
0.22309
0.222058
0.222026
0.221924
0.22178
0.221921
0.222132
0.223725
0.223133
0.223846
0.222356
0.222164
0.222771
0.222382
0.0739257
0.225043
0.206302
0.224205
0.22449
0.232331
0.231803
0.231618
0.231587
0.231604
0.231605
0.231559
0.231472
0.231387
0.231356
0.231426
0.231645
0.232051
0.232586
0.232928
0.233003
0.23301
0.23301
0.23301
0.23301
0.23301
0.23301
0.23301
0.23301
0.23301
0.23301
0.23301
0.23301
0.23301
0.23301
0.23301
0.23301
0.23301
0.23301
0.23301
0.23301
0.23301
0.23301
0.23301
0.23301
0.233008
0.233009
0.232665
0.232827
0.232428
0.232922
0.232148
0.232971
0.23297
0.232992
0.233004
0.229422
0.229876
0.230503
0.230934
0.231556
0.22765
0.228385
0.228711
0.225473
0.224912
0.225608
0.226276
0.226957
0.223869
0.224454
0.224993
0.222512
0.223464
0.223348
0.223479
0.221841
0.222312
0.222776
0.222176
0.221881
0.221825
0.221701
0.223553
0.223141
0.222746
0.223804
0.222196
0.222425
0.222253
0.0623325
0.224347
0.173821
0.224203
0.224542
0.231861
0.231622
0.231606
0.23171
0.231826
0.231895
0.231893
0.231852
0.231831
0.231892
0.232082
0.232403
0.232765
0.232963
0.233005
0.23301
0.23301
0.23301
0.23301
0.23301
0.23301
0.23301
0.23301
0.23301
0.23301
0.23301
0.23301
0.23301
0.23301
0.23301
0.23301
0.23301
0.23301
0.23301
0.23301
0.23301
0.23301
0.23301
0.23301
0.23301
0.23301
0.233008
0.233009
0.232302
0.232598
0.232804
0.231937
0.232917
0.232918
0.232971
0.232995
0.233003
0.229258
0.22983
0.230372
0.230868
0.231385
0.227215
0.227979
0.228569
0.224196
0.223854
0.224758
0.225607
0.226421
0.222924
0.223208
0.223559
0.22187
0.222291
0.223083
0.222923
0.221648
0.221754
0.221999
0.221677
0.223178
0.222757
0.22244
0.223801
0.223154
0.222283
0.0554308
0.220525
0.147226
0.224224
0.224377
0.231636
0.231613
0.231786
0.232028
0.232215
0.232304
0.232314
0.232314
0.232368
0.232499
0.2327
0.232896
0.232988
0.233008
0.23301
0.23301
0.23301
0.23301
0.23301
0.23301
0.23301
0.23301
0.23301
0.23301
0.23301
0.23301
0.23301
0.23301
0.23301
0.23301
0.23301
0.23301
0.23301
0.23301
0.23301
0.23301
0.23301
0.23301
0.23301
0.23301
0.23301
0.23301
0.233008
0.233009
0.231837
0.232247
0.232579
0.2328
0.232809
0.232923
0.232975
0.232996
0.233004
0.229253
0.229911
0.230377
0.230899
0.231355
0.22691
0.227777
0.228555
0.223169
0.223047
0.223895
0.224984
0.225973
0.222631
0.222625
0.222807
0.221536
0.221757
0.222112
0.22269
0.221549
0.221598
0.221505
0.222789
0.222463
0.22231
0.223821
0.223171
0.222795
0.0497473
0.213524
0.121799
0.224299
0.223563
0.231612
0.231812
0.232142
0.23243
0.232606
0.232665
0.232684
0.232718
0.232786
0.232882
0.232966
0.233002
0.233009
0.23301
0.23301
0.23301
0.23301
0.23301
0.23301
0.23301
0.23301
0.23301
0.23301
0.23301
0.23301
0.23301
0.23301
0.23301
0.23301
0.23301
0.23301
0.23301
0.23301
0.23301
0.23301
0.23301
0.23301
0.23301
0.23301
0.23301
0.23301
0.23301
0.23301
0.233009
0.233005
0.233009
0.231824
0.232247
0.232586
0.232623
0.23283
0.232934
0.23298
0.232998
0.22937
0.230121
0.23051
0.23105
0.231404
0.226668
0.227665
0.228594
0.222589
0.222512
0.223154
0.224312
0.225544
0.222417
0.222436
0.22245
0.221427
0.221493
0.221662
0.221939
0.221465
0.222501
0.222346
0.223863
0.223216
0.222813
0.222521
0.0444079
0.204337
0.0934649
0.224297
0.222212
0.231799
0.232171
0.232517
0.232755
0.232851
0.232881
0.2329
0.232929
0.232966
0.232995
0.233006
0.23301
0.23301
0.23301
0.23301
0.23301
0.23301
0.23301
0.23301
0.23301
0.23301
0.23301
0.23301
0.23301
0.23301
0.23301
0.23301
0.23301
0.23301
0.23301
0.23301
0.23301
0.23301
0.23301
0.23301
0.23301
0.23301
0.23301
0.23301
0.23301
0.23301
0.23301
0.233009
0.233007
0.233006
0.23301
0.231872
0.232294
0.232382
0.232677
0.232859
0.232948
0.232986
0.233001
0.229581
0.230404
0.230748
0.231267
0.231536
0.226443
0.227598
0.228694
0.222351
0.222278
0.222626
0.22363
0.225069
0.221812
0.222254
0.222307
0.221405
0.22145
0.221584
0.222375
0.223909
0.223282
0.222844
0.222543
0.222416
0.0404817
0.192344
0.0754217
0.22422
0.219476
0.232142
0.232521
0.232787
0.232919
0.23296
0.232974
0.232985
0.232997
0.233005
0.233008
0.23301
0.23301
0.23301
0.23301
0.23301
0.23301
0.23301
0.23301
0.23301
0.23301
0.23301
0.23301
0.23301
0.23301
0.23301
0.23301
0.23301
0.23301
0.23301
0.23301
0.23301
0.23301
0.23301
0.23301
0.23301
0.23301
0.23301
0.23301
0.23301
0.23301
0.23301
0.23301
0.23301
0.233008
0.233009
0.233008
0.233004
0.23301
0.231989
0.23214
0.232488
0.232741
0.232892
0.232963
0.232992
0.229801
0.230704
0.231034
0.231525
0.231727
0.226184
0.227552
0.228793
0.222223
0.222199
0.222324
0.223071
0.224526
0.221741
0.221532
0.222167
0.221381
0.221422
0.223973
0.223315
0.222888
0.222571
0.222436
0.0378978
0.176471
0.0646263
0.22397
0.215186
0.23246
0.232774
0.232929
0.232983
0.232998
0.233002
0.233006
0.233008
0.23301
0.23301
0.23301
0.23301
0.23301
0.23301
0.23301
0.23301
0.23301
0.23301
0.23301
0.23301
0.23301
0.23301
0.23301
0.23301
0.23301
0.23301
0.23301
0.23301
0.23301
0.23301
0.23301
0.23301
0.23301
0.23301
0.23301
0.23301
0.23301
0.23301
0.23301
0.23301
0.23301
0.23301
0.23301
0.23301
0.233006
0.23301
0.233009
0.233009
0.233007
0.232998
0.23301
0.231944
0.232305
0.232597
0.232805
0.232922
0.232976
0.230007
0.230962
0.231329
0.231791
0.225844
0.227484
0.228844
0.222112
0.222083
0.222215
0.222645
0.223986
0.221692
0.221506
0.221408
0.221369
0.224015
0.223339
0.222913
0.222604
0.22246
0.0363639
0.161707
0.0583264
0.223376
0.210574
0.232673
0.232919
0.232986
0.233002
0.233006
0.233008
0.233009
0.23301
0.23301
0.23301
0.23301
0.23301
0.23301
0.23301
0.23301
0.23301
0.23301
0.23301
0.23301
0.23301
0.23301
0.23301
0.23301
0.23301
0.23301
0.23301
0.23301
0.23301
0.23301
0.23301
0.23301
0.23301
0.23301
0.23301
0.23301
0.23301
0.23301
0.23301
0.23301
0.23301
0.23301
0.23301
0.23301
0.23301
0.233003
0.233009
0.23301
0.233009
0.233008
0.233008
0.233005
0.232988
0.23301
0.232159
0.232463
0.232702
0.232862
0.232949
0.230168
0.231164
0.231598
0.232031
0.22542
0.22735
0.228855
0.22166
0.2221
0.221648
0.222153
0.222358
0.22348
0.221493
0.221407
0.221367
0.224002
0.223509
0.222916
0.222628
0.222487
0.0352687
0.148389
0.0529436
0.222493
0.205795
0.232843
0.232984
0.233004
0.233008
0.233009
0.23301
0.23301
0.23301
0.23301
0.23301
0.23301
0.23301
0.23301
0.23301
0.23301
0.23301
0.23301
0.23301
0.23301
0.23301
0.23301
0.23301
0.23301
0.23301
0.23301
0.23301
0.23301
0.23301
0.23301
0.23301
0.23301
0.23301
0.23301
0.23301
0.23301
0.23301
0.23301
0.23301
0.23301
0.23301
0.23301
0.23301
0.23301
0.23301
0.232997
0.233008
0.23301
0.233009
0.233009
0.233008
0.233006
0.233006
0.233
0.232971
0.23301
0.232351
0.232604
0.23279
0.232909
0.230219
0.231237
0.231802
0.23222
0.224934
0.227133
0.228765
0.22149
0.221663
0.221497
0.222032
0.222205
0.22303
0.22142
0.221378
0.223948
0.22354
0.223056
0.222632
0.222511
0.0348546
0.137866
0.0526043
0.22136
0.201928
0.232963
0.233004
0.233009
0.23301
0.23301
0.23301
0.23301
0.23301
0.23301
0.23301
0.23301
0.23301
0.23301
0.23301
0.23301
0.23301
0.23301
0.23301
0.23301
0.23301
0.23301
0.23301
0.23301
0.23301
0.23301
0.23301
0.23301
0.23301
0.23301
0.23301
0.23301
0.23301
0.23301
0.23301
0.23301
0.23301
0.23301
0.23301
0.23301
0.23301
0.23301
0.23301
0.23301
0.23301
0.232985
0.233005
0.233009
0.23301
0.233009
0.233007
0.233007
0.233004
0.232999
0.233
0.232987
0.232944
0.23301
0.232509
0.232716
0.232859
0.230202
0.23122
0.231883
0.232301
0.224401
0.226794
0.228558
0.221444
0.221627
0.221528
0.221465
0.222034
0.222083
0.222649
0.221404
0.223834
0.223636
0.223069
0.222716
0.222518
0.0356314
0.130501
0.0555456
0.220449
0.197712
0.233001
0.233009
0.23301
0.23301
0.23301
0.23301
0.23301
0.23301
0.23301
0.23301
0.23301
0.23301
0.23301
0.23301
0.23301
0.23301
0.23301
0.23301
0.23301
0.23301
0.23301
0.23301
0.23301
0.23301
0.23301
0.23301
0.23301
0.23301
0.23301
0.23301
0.23301
0.23301
0.23301
0.23301
0.23301
0.23301
0.23301
0.23301
0.23301
0.23301
0.23301
0.23301
0.23301
0.23301
0.23301
0.232957
0.232995
0.233007
0.23301
0.233009
0.233009
0.233007
0.233001
0.233002
0.232988
0.232976
0.232985
0.232956
0.232893
0.23301
0.232586
0.232776
0.230037
0.23105
0.231878
0.232304
0.223865
0.226342
0.228209
0.221436
0.221526
0.221648
0.221509
0.221463
0.222049
0.22231
0.223698
0.223686
0.223189
0.222721
0.222575
0.0424506
0.132183
0.0762039
0.219038
0.195916
0.233009
0.23301
0.23301
0.23301
0.23301
0.23301
0.23301
0.23301
0.23301
0.23301
0.23301
0.23301
0.23301
0.23301
0.23301
0.23301
0.23301
0.23301
0.23301
0.23301
0.23301
0.23301
0.23301
0.23301
0.23301
0.23301
0.23301
0.23301
0.23301
0.23301
0.23301
0.23301
0.23301
0.23301
0.23301
0.23301
0.23301
0.23301
0.23301
0.23301
0.23301
0.23301
0.23301
0.23301
0.232894
0.232959
0.233001
0.233009
0.23301
0.23301
0.233008
0.233008
0.233002
0.232982
0.232983
0.232941
0.232901
0.232938
0.232864
0.23278
0.23301
0.232592
0.229716
0.230708
0.231715
0.232184
0.223347
0.225788
0.227713
0.221523
0.221556
0.221627
0.221512
0.221989
0.222149
0.223465
0.2237
0.223255
0.222812
0.222588
0.162311
0.139628
0.166438
0.217973
0.194122
0.23301
0.23301
0.23301
0.23301
0.23301
0.23301
0.23301
0.23301
0.23301
0.23301
0.23301
0.23301
0.23301
0.23301
0.23301
0.23301
0.23301
0.23301
0.23301
0.23301
0.23301
0.23301
0.23301
0.23301
0.23301
0.23301
0.23301
0.23301
0.23301
0.23301
0.23301
0.23301
0.23301
0.23301
0.23301
0.23301
0.23301
0.23301
0.23301
0.23301
0.23301
0.23301
0.23301
0.23301
0.23301
0.23273
0.232856
0.232981
0.233009
0.23301
0.23301
0.233009
0.233006
0.233004
0.232984
0.232922
0.232926
0.232809
0.232701
0.232798
0.232616
0.232512
0.23301
0.229239
0.230239
0.231383
0.23193
0.222857
0.225153
0.227097
0.221532
0.221574
0.221559
0.221646
0.221936
0.221968
0.223139
0.22371
0.223295
0.222863
0.222647
0.232825
0.145467
0.21484
0.216021
0.19319
0.23301
0.23301
0.23301
0.23301
0.23301
0.23301
0.23301
0.23301
0.23301
0.23301
0.23301
0.23301
0.23301
0.23301
0.23301
0.23301
0.23301
0.23301
0.23301
0.23301
0.23301
0.23301
0.23301
0.23301
0.23301
0.23301
0.23301
0.23301
0.23301
0.23301
0.23301
0.23301
0.23301
0.23301
0.23301
0.23301
0.23301
0.23301
0.23301
0.23301
0.23301
0.23301
0.23301
0.23301
0.23301
0.232333
0.232597
0.232923
0.233008
0.23301
0.23301
0.233009
0.233009
0.233009
0.232997
0.23299
0.232932
0.232768
0.232776
0.2325
0.232259
0.232449
0.232073
0.23301
0.228657
0.229667
0.230937
0.231563
0.22245
0.224504
0.226432
0.221591
0.221596
0.221591
0.221648
0.221912
0.222864
0.223705
0.223352
0.222906
0.222685
0.232874
0.156229
0.225772
0.213662
0.192565
0.23301
0.23301
0.23301
0.23301
0.23301
0.23301
0.23301
0.23301
0.23301
0.23301
0.23301
0.23301
0.23301
0.23301
0.23301
0.23301
0.23301
0.23301
0.23301
0.23301
0.23301
0.23301
0.23301
0.23301
0.23301
0.23301
0.23301
0.23301
0.23301
0.23301
0.23301
0.23301
0.23301
0.23301
0.23301
0.23301
0.23301
0.23301
0.23301
0.23301
0.23301
0.23301
0.23301
0.23301
0.232069
0.232771
0.233003
0.23301
0.23301
0.23301
0.23301
0.233008
0.233009
0.233007
0.232971
0.23295
0.232798
0.232431
0.232443
0.231914
0.231476
0.231773
0.231155
0.23301
0.228003
0.22906
0.230418
0.222173
0.223938
0.225759
0.221616
0.221646
0.221613
0.221613
0.221846
0.222131
0.223693
0.223396
0.222962
0.222743
0.232768
0.175302
0.226688
0.21132
0.188829
0.23301
0.23301
0.23301
0.23301
0.23301
0.23301
0.23301
0.23301
0.23301
0.23301
0.23301
0.23301
0.23301
0.23301
0.23301
0.23301
0.23301
0.23301
0.23301
0.23301
0.23301
0.23301
0.23301
0.23301
0.23301
0.23301
0.23301
0.23301
0.23301
0.23301
0.23301
0.23301
0.23301
0.23301
0.23301
0.23301
0.23301
0.23301
0.23301
0.23301
0.23301
0.23301
0.23301
0.23301
0.231215
0.232442
0.232989
0.23301
0.23301
0.23301
0.233009
0.233009
0.23301
0.233006
0.233008
0.233001
0.232901
0.232846
0.232509
0.231825
0.231838
0.231022
0.230384
0.230747
0.229906
0.23301
0.227336
0.228473
0.222015
0.223443
0.225101
0.221676
0.221681
0.221633
0.221624
0.221777
0.223076
0.22049
0.223441
0.223621
0.223014
0.222781
0.23294
0.19739
0.230799
0.208503
0.191466
0.23301
0.23301
0.23301
0.23301
0.23301
0.23301
0.23301
0.23301
0.23301
0.23301
0.23301
0.23301
0.23301
0.23301
0.23301
0.23301
0.23301
0.23301
0.23301
0.23301
0.23301
0.23301
0.23301
0.23301
0.23301
0.23301
0.23301
0.23301
0.23301
0.23301
0.23301
0.23301
0.23301
0.23301
0.23301
0.23301
0.23301
0.23301
0.23301
0.23301
0.23301
0.23301
0.23301
0.23301
0.230092
0.231867
0.23295
0.23301
0.23301
0.23301
0.23301
0.233009
0.233009
0.23301
0.232999
0.233006
0.232984
0.232739
0.232616
0.231996
0.230942
0.230947
0.229898
0.22907
0.229443
0.23301
0.226689
0.227951
0.221865
0.223015
0.22447
0.221719
0.221707
0.221663
0.221625
0.221729
0.22265
0.219131
0.223069
0.223467
0.223606
0.222842
0.232983
0.216096
0.232219
0.201781
0.198637
0.23301
0.23301
0.23301
0.23301
0.23301
0.23301
0.23301
0.23301
0.23301
0.23301
0.23301
0.23301
0.23301
0.23301
0.23301
0.23301
0.23301
0.23301
0.23301
0.23301
0.23301
0.23301
0.23301
0.23301
0.23301
0.23301
0.23301
0.23301
0.23301
0.23301
0.23301
0.23301
0.23301
0.23301
0.23301
0.23301
0.23301
0.23301
0.23301
0.23301
0.23301
0.23301
0.23301
0.23301
0.228797
0.231033
0.232852
0.23301
0.23301
0.23301
0.23301
0.233009
0.23301
0.233008
0.233009
0.23301
0.232981
0.232999
0.232939
0.232428
0.232198
0.231257
0.229854
0.229843
0.228636
0.227555
0.23301
0.226111
0.22177
0.222632
0.223903
0.221749
0.221756
0.221685
0.221642
0.2217
0.222565
0.216112
0.222894
0.223132
0.223505
0.223625
0.232999
0.226069
0.23273
0.201082
0.209062
0.23301
0.23301
0.23301
0.23301
0.23301
0.23301
0.23301
0.23301
0.23301
0.23301
0.23301
0.23301
0.23301
0.23301
0.23301
0.23301
0.23301
0.23301
0.23301
0.23301
0.23301
0.23301
0.23301
0.23301
0.23301
0.23301
0.23301
0.23301
0.23301
0.23301
0.23301
0.23301
0.23301
0.23301
0.23301
0.23301
0.23301
0.23301
0.23301
0.23301
0.23301
0.23301
0.23301
0.23301
0.227283
0.230004
0.232651
0.23301
0.23301
0.23301
0.23301
0.23301
0.23301
0.233009
0.233009
0.233005
0.233008
0.23301
0.232941
0.232983
0.232834
0.23194
0.231571
0.230324
0.228616
0.228594
0.22712
0.225669
0.23301
0.221698
0.222314
0.223486
0.221807
0.221783
0.22172
0.221653
0.221683
0.221792
0.21221
0.222962
0.223187
0.223546
0.223528
0.233005
0.230107
0.232911
0.203216
0.219266
0.23301
0.23301
0.23301
0.23301
0.23301
0.23301
0.23301
0.23301
0.23301
0.23301
0.23301
0.23301
0.23301
0.23301
0.23301
0.23301
0.23301
0.23301
0.23301
0.23301
0.23301
0.23301
0.23301
0.23301
0.23301
0.23301
0.23301
0.23301
0.23301
0.23301
0.23301
0.23301
0.23301
0.23301
0.23301
0.23301
0.23301
0.23301
0.23301
0.23301
0.23301
0.23301
0.23301
0.23301
0.23301
0.225394
0.228815
0.232314
0.233009
0.23301
0.23301
0.23301
0.23301
0.23301
0.23301
0.233009
0.233009
0.233
0.233006
0.23301
0.232862
0.23295
0.232636
0.23129
0.230764
0.229193
0.227111
0.227083
0.225261
0.221688
0.222141
0.223266
0.221832
0.221823
0.221753
0.221676
0.220278
0.222634
0.207579
0.223024
0.223245
0.223562
0.223592
0.233009
0.231911
0.232981
0.208244
0.226756
0.23301
0.23301
0.23301
0.23301
0.23301
0.23301
0.23301
0.23301
0.23301
0.23301
0.23301
0.23301
0.23301
0.23301
0.23301
0.23301
0.23301
0.23301
0.23301
0.23301
0.23301
0.23301
0.23301
0.23301
0.23301
0.23301
0.23301
0.23301
0.23301
0.23301
0.23301
0.23301
0.23301
0.23301
0.23301
0.23301
0.23301
0.23301
0.23301
0.23301
0.23301
0.23301
0.23301
0.23301
0.23301
0.227345
0.231842
0.233009
0.23301
0.23301
0.23301
0.23301
0.23301
0.23301
0.23301
0.23301
0.233008
0.233009
0.232988
0.233002
0.232714
0.232895
0.232339
0.230456
0.229751
0.227775
0.225286
0.225243
0.223221
0.221705
0.221703
0.222109
0.221872
0.221862
0.221793
0.22263
0.217445
0.208391
0.223099
0.223298
0.22361
0.223556
0.23301
0.232646
0.233004
0.215359
0.230433
0.23301
0.23301
0.23301
0.23301
0.23301
0.23301
0.23301
0.23301
0.23301
0.23301
0.23301
0.23301
0.23301
0.23301
0.23301
0.23301
0.23301
0.23301
0.23301
0.23301
0.23301
0.23301
0.23301
0.23301
0.23301
0.23301
0.23301
0.23301
0.23301
0.23301
0.23301
0.23301
0.23301
0.23301
0.23301
0.23301
0.23301
0.23301
0.23301
0.23301
0.23301
0.23301
0.23301
0.23301
0.23301
0.23301
0.23301
0.225553
0.23123
0.233009
0.23301
0.23301
0.23301
0.23301
0.23301
0.23301
0.23301
0.233009
0.233007
0.233008
0.232967
0.232994
0.232507
0.232812
0.231948
0.229272
0.22841
0.22601
0.223362
0.22324
0.222127
0.221745
0.221782
0.221845
0.221911
0.221902
0.222014
0.214122
0.210426
0.223148
0.22337
0.22363
0.222836
0.223654
0.23301
0.232912
0.233009
0.222993
0.232156
0.23301
0.23301
0.23301
0.23301
0.23301
0.23301
0.23301
0.23301
0.23301
0.23301
0.23301
0.23301
0.23301
0.23301
0.23301
0.23301
0.23301
0.23301
0.23301
0.23301
0.23301
0.23301
0.23301
0.23301
0.23301
0.23301
0.23301
0.23301
0.23301
0.23301
0.23301
0.23301
0.23301
0.23301
0.23301
0.23301
0.23301
0.23301
0.23301
0.23301
0.23301
0.23301
0.23301
0.23301
0.23301
0.23301
0.23301
0.23301
0.223597
0.230308
0.233009
0.23301
0.23301
0.23301
0.23301
0.23301
0.23301
0.23301
0.23301
0.233009
0.233004
0.233007
0.232935
0.232981
0.23223
0.232698
0.231383
0.227657
0.226689
0.224005
0.222374
0.222227
0.221699
0.221845
0.221895
0.22183
0.221949
0.22195
0.220464
0.2124
0.214258
0.223249
0.223418
0.223691
0.22285
0.223709
0.23301
0.232989
0.23301
0.228883
0.232771
0.23301
0.23301
0.23301
0.23301
0.23301
0.23301
0.23301
0.23301
0.23301
0.23301
0.23301
0.23301
0.23301
0.23301
0.23301
0.23301
0.23301
0.23301
0.23301
0.23301
0.23301
0.23301
0.23301
0.23301
0.23301
0.23301
0.23301
0.23301
0.23301
0.23301
0.23301
0.23301
0.23301
0.23301
0.23301
0.23301
0.23301
0.23301
0.23301
0.23301
0.23301
0.23301
0.23301
0.23301
0.23301
0.23301
0.23301
0.23301
0.23301
0.22253
0.228884
0.233008
0.23301
0.23301
0.23301
0.23301
0.23301
0.23301
0.23301
0.23301
0.23301
0.233009
0.232999
0.233006
0.232889
0.232964
0.231657
0.232512
0.230289
0.225627
0.224644
0.222792
0.222013
0.221816
0.221995
0.221945
0.221906
0.221994
0.218431
0.213289
0.220495
0.223285
0.223493
0.223739
0.222186
0.223312
0.223804
0.23301
0.233006
0.23301
0.231526
0.232958
0.23301
0.23301
0.23301
0.23301
0.23301
0.23301
0.23301
0.23301
0.23301
0.23301
0.23301
0.23301
0.23301
0.23301
0.23301
0.23301
0.23301
0.23301
0.23301
0.23301
0.23301
0.23301
0.23301
0.23301
0.23301
0.23301
0.23301
0.23301
0.23301
0.23301
0.23301
0.23301
0.23301
0.23301
0.23301
0.23301
0.23301
0.23301
0.23301
0.23301
0.23301
0.23301
0.23301
0.23301
0.23301
0.23301
0.23301
0.23301
0.23301
0.23301
0.23301
0.222133
0.226967
0.233007
0.23301
0.23301
0.23301
0.23301
0.23301
0.23301
0.23301
0.23301
0.233009
0.233008
0.232993
0.233003
0.232817
0.232938
0.230332
0.231966
0.228556
0.223801
0.223183
0.222331
0.221892
0.22203
0.222028
0.222005
0.221984
0.215481
0.215437
0.227186
0.223373
0.223553
0.223796
0.220412
0.222715
0.223578
0.223903
0.23301
0.233009
0.23301
0.232584
0.233001
0.23301
0.23301
0.23301
0.23301
0.23301
0.23301
0.23301
0.23301
0.23301
0.23301
0.23301
0.23301
0.23301
0.23301
0.23301
0.23301
0.23301
0.23301
0.23301
0.23301
0.23301
0.23301
0.23301
0.23301
0.23301
0.23301
0.23301
0.23301
0.23301
0.23301
0.23301
0.23301
0.23301
0.23301
0.23301
0.23301
0.23301
0.23301
0.23301
0.23301
0.23301
0.23301
0.23301
0.23301
0.23301
0.23301
0.23301
0.23301
0.23301
0.23301
0.23301
0.23301
0.221995
0.224768
0.233005
0.23301
0.23301
0.23301
0.23301
0.23301
0.23301
0.23301
0.23301
0.23301
0.233009
0.233008
0.232983
0.232999
0.232642
0.232883
0.22822
0.230392
0.226267
0.222983
0.222589
0.22213
0.222062
0.22207
0.22206
0.222071
0.215776
0.219595
0.230832
0.223432
0.223619
0.223855
0.217836
0.221441
0.223098
0.223765
0.223987
0.23301
0.23301
0.23301
0.232917
0.233009
0.23301
0.23301
0.23301
0.23301
0.23301
0.23301
0.23301
0.23301
0.23301
0.23301
0.23301
0.23301
0.23301
0.23301
0.23301
0.23301
0.23301
0.23301
0.23301
0.23301
0.23301
0.23301
0.23301
0.23301
0.23301
0.23301
0.23301
0.23301
0.23301
0.23301
0.23301
0.23301
0.23301
0.23301
0.23301
0.23301
0.23301
0.23301
0.23301
0.23301
0.23301
0.23301
0.23301
0.23301
0.23301
0.23301
0.23301
0.23301
0.23301
0.23301
0.23301
0.23301
0.23301
0.223456
0.233001
0.23301
0.23301
0.23301
0.23301
0.23301
0.23301
0.23301
0.23301
0.233009
0.233009
0.233006
0.232961
0.23299
0.232125
0.232672
0.22564
0.227777
0.224337
0.222674
0.222287
0.222165
0.222095
0.222119
0.222116
0.216846
0.225711
0.232373
0.223508
0.223683
0.223912
0.217391
0.219034
0.221878
0.223294
0.22388
0.224053
0.23301
0.23301
0.23301
0.232994
0.23301
0.23301
0.23301
0.23301
0.23301
0.23301
0.23301
0.23301
0.23301
0.23301
0.23301
0.23301
0.23301
0.23301
0.23301
0.23301
0.23301
0.23301
0.23301
0.23301
0.23301
0.23301
0.23301
0.23301
0.23301
0.23301
0.23301
0.23301
0.23301
0.23301
0.23301
0.23301
0.23301
0.23301
0.23301
0.23301
0.23301
0.23301
0.23301
0.23301
0.23301
0.23301
0.23301
0.23301
0.23301
0.23301
0.23301
0.23301
0.23301
0.23301
0.23301
0.23301
0.23301
0.23301
0.23301
0.23301
0.23301
0.222947
0.23299
0.23301
0.23301
0.23301
0.23301
0.23301
0.23301
0.233009
0.233009
0.233009
0.233008
0.233
0.232898
0.232965
0.230359
0.231994
0.22411
0.225164
0.223358
0.222545
0.222266
0.222173
0.222142
0.222139
0.219728
0.230246
0.232868
0.223582
0.223747
0.223968
0.218099
0.21848
0.219591
0.221945
0.22335
0.223965
0.224121
0.23301
0.23301
0.23301
0.233008
0.23301
0.23301
0.23301
0.23301
0.23301
0.23301
0.23301
0.23301
0.23301
0.23301
0.23301
0.23301
0.23301
0.23301
0.23301
0.23301
0.23301
0.23301
0.23301
0.23301
0.23301
0.23301
0.23301
0.23301
0.23301
0.23301
0.23301
0.23301
0.23301
0.23301
0.23301
0.23301
0.23301
0.23301
0.23301
0.23301
0.23301
0.23301
0.23301
0.23301
0.23301
0.23301
0.23301
0.23301
0.23301
0.23301
0.23301
0.23301
0.23301
0.23301
0.23301
0.23301
0.23301
0.23301
0.23301
0.23301
0.23301
0.23301
0.23301
0.222755
0.232956
0.23301
0.23301
0.23301
0.23301
0.23301
0.233009
0.233009
0.233009
0.233008
0.233005
0.232981
0.232648
0.232867
0.227178
0.229942
0.223498
0.223894
0.222989
0.22246
0.222229
0.222186
0.222156
0.225057
0.232196
0.232985
0.223654
0.223809
0.224022
0.220382
0.219021
0.219081
0.219691
0.221402
0.22318
0.224011
0.224128
0.23301
0.23301
0.23301
0.23301
0.23301
0.23301
0.23301
0.23301
0.23301
0.23301
0.23301
0.23301
0.23301
0.23301
0.23301
0.23301
0.23301
0.23301
0.23301
0.23301
0.23301
0.23301
0.23301
0.23301
0.23301
0.23301
0.23301
0.23301
0.23301
0.23301
0.23301
0.23301
0.23301
0.23301
0.23301
0.23301
0.23301
0.23301
0.23301
0.23301
0.23301
0.23301
0.23301
0.23301
0.23301
0.23301
0.23301
0.23301
0.23301
0.23301
0.23301
0.23301
0.23301
0.23301
0.23301
0.23301
0.23301
0.23301
0.23301
0.23301
0.23301
0.23301
0.23301
0.23301
0.222504
0.232823
0.23301
0.23301
0.23301
0.23301
0.233009
0.233009
0.233008
0.233008
0.233003
0.232998
0.23292
0.231782
0.232524
0.224905
0.226419
0.223175
0.223466
0.22261
0.222325
0.222215
0.222194
0.230011
0.232827
0.233006
0.22372
0.223871
0.224056
0.22503
0.220805
0.219539
0.219042
0.21936
0.220417
0.222657
0.223939
0.224038
0.23301
0.23301
0.23301
0.23301
0.23301
0.23301
0.23301
0.23301
0.23301
0.23301
0.23301
0.23301
0.23301
0.23301
0.23301
0.23301
0.23301
0.23301
0.23301
0.23301
0.23301
0.23301
0.23301
0.23301
0.23301
0.23301
0.23301
0.23301
0.23301
0.23301
0.23301
0.23301
0.23301
0.23301
0.23301
0.23301
0.23301
0.23301
0.23301
0.23301
0.23301
0.23301
0.23301
0.23301
0.23301
0.23301
0.23301
0.23301
0.23301
0.23301
0.23301
0.23301
0.23301
0.23301
0.23301
0.23301
0.23301
0.23301
0.23301
0.23301
0.23301
0.23301
0.23301
0.23301
0.23301
0.23301
0.23301
0.222335
0.232367
0.23301
0.23301
0.23301
0.23301
0.233009
0.233009
0.233004
0.233007
0.23299
0.232976
0.232725
0.229308
0.231445
0.223952
0.224505
0.222823
0.222832
0.222432
0.222246
0.222207
0.232127
0.232978
0.233009
0.223793
0.223916
0.224086
0.230036
0.225188
0.221225
0.219597
0.218721
0.218746
0.219287
0.221838
0.222035
0.223864
0.23301
0.23301
0.23301
0.23301
0.23301
0.23301
0.23301
0.23301
0.23301
0.23301
0.23301
0.23301
0.23301
0.23301
0.23301
0.23301
0.23301
0.23301
0.23301
0.23301
0.23301
0.23301
0.23301
0.23301
0.23301
0.23301
0.23301
0.23301
0.23301
0.23301
0.23301
0.23301
0.23301
0.23301
0.23301
0.23301
0.23301
0.23301
0.23301
0.23301
0.23301
0.23301
0.23301
0.23301
0.23301
0.23301
0.23301
0.23301
0.23301
0.23301
0.23301
0.23301
0.23301
0.23301
0.23301
0.23301
0.23301
0.23301
0.23301
0.23301
0.23301
0.23301
0.23301
0.23301
0.23301
0.23301
0.23301
0.23301
0.22225
0.231104
0.23301
0.23301
0.23301
0.23301
0.233009
0.233007
0.23299
0.233
0.232952
0.232899
0.232145
0.22591
0.228454
0.223668
0.223881
0.222473
0.223001
0.222475
0.222283
0.222222
0.232808
0.233005
0.23301
0.223846
0.223972
0.224067
0.232129
0.230194
0.225762
0.221711
0.219483
0.218518
0.21808
0.218587
0.222735
0.218946
0.223642
0.23301
0.23301
0.23301
0.23301
0.23301
0.23301
0.23301
0.23301
0.23301
0.23301
0.23301
0.23301
0.23301
0.23301
0.23301
0.23301
0.23301
0.23301
0.23301
0.23301
0.23301
0.23301
0.23301
0.23301
0.23301
0.23301
0.23301
0.23301
0.23301
0.23301
0.23301
0.23301
0.23301
0.23301
0.23301
0.23301
0.23301
0.23301
0.23301
0.23301
0.23301
0.23301
0.23301
0.23301
0.23301
0.23301
0.23301
0.23301
0.23301
0.23301
0.23301
0.23301
0.23301
0.23301
0.23301
0.23301
0.23301
0.23301
0.23301
0.23301
0.23301
0.23301
0.23301
0.23301
0.23301
0.23301
0.23301
0.23301
0.23301
0.23301
0.23301
0.222223
0.227904
0.233009
0.23301
0.23301
0.23301
0.233006
0.233
0.232949
0.232982
0.232842
0.232658
0.230702
0.224328
0.225476
0.222959
0.222283
0.222546
0.222281
0.222231
0.232974
0.233009
0.23301
0.223928
0.224026
0.224036
0.232809
0.232199
0.230478
0.226724
0.222331
0.21969
0.218447
0.217844
0.220378
0.21771
0.220281
0.223291
0.23301
0.23301
0.23301
0.23301
0.23301
0.23301
0.23301
0.23301
0.23301
0.23301
0.23301
0.23301
0.23301
0.23301
0.23301
0.23301
0.23301
0.23301
0.23301
0.23301
0.23301
0.23301
0.23301
0.23301
0.23301
0.23301
0.23301
0.23301
0.23301
0.23301
0.23301
0.23301
0.23301
0.23301
0.23301
0.23301
0.23301
0.23301
0.23301
0.23301
0.23301
0.23301
0.23301
0.23301
0.23301
0.23301
0.23301
0.23301
0.23301
0.23301
0.23301
0.23301
0.23301
0.23301
0.23301
0.23301
0.23301
0.23301
0.23301
0.23301
0.23301
0.23301
0.23301
0.23301
0.23301
0.23301
0.23301
0.23301
0.23301
0.23301
0.225285
0.233009
0.23301
0.23301
0.233009
0.232998
0.232981
0.232825
0.232936
0.232543
0.232004
0.227423
0.223916
0.224282
0.222502
0.223081
0.22223
0.222296
0.222223
0.233005
0.23301
0.23301
0.223998
0.22405
0.223929
0.232974
0.232834
0.232314
0.230848
0.228001
0.223891
0.220536
0.21882
0.217903
0.21802
0.217995
0.220717
0.222885
0.23301
0.23301
0.23301
0.23301
0.23301
0.23301
0.23301
0.23301
0.23301
0.23301
0.23301
0.23301
0.23301
0.23301
0.23301
0.23301
0.23301
0.23301
0.23301
0.23301
0.23301
0.23301
0.23301
0.23301
0.23301
0.23301
0.23301
0.23301
0.23301
0.23301
0.23301
0.23301
0.23301
0.23301
0.23301
0.23301
0.23301
0.23301
0.23301
0.23301
0.23301
0.23301
0.23301
0.23301
0.23301
0.23301
0.23301
0.23301
0.23301
0.23301
0.23301
0.23301
0.23301
0.23301
0.23301
0.23301
0.23301
0.23301
0.23301
0.23301
0.23301
0.23301
0.23301
0.23301
0.23301
0.23301
0.23301
0.23301
0.23301
0.23301
0.23301
0.23301
0.23301
0.23301
0.23301
0.224296
0.233006
0.233009
0.23301
0.233009
0.232979
0.232933
0.232501
0.23281
0.231843
0.230451
0.225175
0.22396
0.222271
0.222543
0.22301
0.222217
0.233009
0.23301
0.23301
0.224032
0.224046
0.223819
0.233005
0.23298
0.232869
0.232466
0.231457
0.229339
0.226084
0.222654
0.217623
0.220168
0.218738
0.217491
0.218532
0.222387
0.23301
0.23301
0.23301
0.23301
0.23301
0.23301
0.23301
0.23301
0.23301
0.23301
0.23301
0.23301
0.23301
0.23301
0.23301
0.23301
0.23301
0.23301
0.23301
0.23301
0.23301
0.23301
0.23301
0.23301
0.23301
0.23301
0.23301
0.23301
0.23301
0.23301
0.23301
0.23301
0.23301
0.23301
0.23301
0.23301
0.23301
0.23301
0.23301
0.23301
0.23301
0.23301
0.23301
0.23301
0.23301
0.23301
0.23301
0.23301
0.23301
0.23301
0.23301
0.23301
0.23301
0.23301
0.23301
0.23301
0.23301
0.23301
0.23301
0.23301
0.23301
0.23301
0.23301
0.23301
0.23301
0.23301
0.23301
0.23301
0.23301
0.23301
0.23301
0.23301
0.23301
0.23301
0.223992
0.232999
0.233009
0.23301
0.233007
0.232933
0.232813
0.231779
0.232503
0.230284
0.227124
0.224288
0.222204
0.222267
0.22247
0.222961
0.23301
0.23301
0.23301
0.224055
0.224035
0.223603
0.233009
0.233006
0.232987
0.232907
0.232654
0.231995
0.230629
0.228368
0.218866
0.225882
0.217526
0.218154
0.217502
0.218752
0.222
0.23301
0.23301
0.23301
0.23301
0.23301
0.23301
0.23301
0.23301
0.23301
0.23301
0.23301
0.23301
0.23301
0.23301
0.23301
0.23301
0.23301
0.23301
0.23301
0.23301
0.23301
0.23301
0.23301
0.23301
0.23301
0.23301
0.23301
0.23301
0.23301
0.23301
0.23301
0.23301
0.23301
0.23301
0.23301
0.23301
0.23301
0.23301
0.23301
0.23301
0.23301
0.23301
0.23301
0.23301
0.23301
0.23301
0.23301
0.23301
0.23301
0.23301
0.23301
0.23301
0.23301
0.23301
0.23301
0.23301
0.23301
0.23301
0.23301
0.23301
0.23301
0.23301
0.23301
0.23301
0.23301
0.23301
0.23301
0.23301
0.23301
0.23301
0.23301
0.23301
0.23301
0.23301
0.23301
0.23301
0.23301
0.23301
0.23301
0.232981
0.233007
0.233009
0.233001
0.232827
0.232539
0.230254
0.231825
0.227013
0.225097
0.223988
0.222195
0.222236
0.222414
0.222879
0.23301
0.23301
0.23301
0.224069
0.223977
0.223435
0.23301
0.233009
0.233007
0.232993
0.232948
0.2328
0.232445
0.231538
0.223355
0.230461
0.217904
0.221388
0.21771
0.217627
0.2176
0.221625
0.23301
0.23301
0.23301
0.23301
0.23301
0.23301
0.23301
0.23301
0.23301
0.23301
0.23301
0.23301
0.23301
0.23301
0.23301
0.23301
0.23301
0.23301
0.23301
0.23301
0.23301
0.23301
0.23301
0.23301
0.23301
0.23301
0.23301
0.23301
0.23301
0.23301
0.23301
0.23301
0.23301
0.23301
0.23301
0.23301
0.23301
0.23301
0.23301
0.23301
0.23301
0.23301
0.23301
0.23301
0.23301
0.23301
0.23301
0.23301
0.23301
0.23301
0.23301
0.23301
0.23301
0.23301
0.23301
0.23301
0.23301
0.23301
0.23301
0.23301
0.23301
0.23301
0.23301
0.23301
0.23301
0.23301
0.23301
0.23301
0.23301
0.23301
0.23301
0.23301
0.23301
0.23301
0.233009
0.23301
0.23301
0.23301
0.23301
0.23301
0.232938
0.233003
0.233008
0.232985
0.232589
0.231954
0.227092
0.230413
0.22501
0.224234
0.22218
0.222205
0.222348
0.222754
0.23301
0.23301
0.224059
0.223922
0.22325
0.23301
0.23301
0.23301
0.233008
0.233001
0.232974
0.232909
0.232701
0.228742
0.23239
0.220002
0.227283
0.21758
0.21916
0.217542
0.21751
0.221329
0.23301
0.23301
0.23301
0.23301
0.23301
0.23301
0.23301
0.23301
0.23301
0.23301
0.23301
0.23301
0.23301
0.23301
0.23301
0.23301
0.23301
0.23301
0.23301
0.23301
0.23301
0.23301
0.23301
0.23301
0.23301
0.23301
0.23301
0.23301
0.23301
0.23301
0.23301
0.23301
0.23301
0.23301
0.23301
0.23301
0.23301
0.23301
0.23301
0.23301
0.23301
0.23301
0.23301
0.23301
0.23301
0.23301
0.23301
0.23301
0.23301
0.23301
0.23301
0.23301
0.23301
0.23301
0.23301
0.23301
0.23301
0.23301
0.23301
0.23301
0.23301
0.23301
0.23301
0.23301
0.23301
0.23301
0.23301
0.23301
0.23301
0.23301
0.23301
0.23301
0.23301
0.23301
0.23301
0.23301
0.23301
0.233009
0.233009
0.23301
0.23301
0.23301
0.23301
0.232841
0.23299
0.233005
0.232945
0.232095
0.23078
0.224899
0.22751
0.224064
0.223953
0.22216
0.222175
0.22226
0.222534
0.23301
0.224044
0.223854
0.223068
0.23301
0.23301
0.23301
0.23301
0.233009
0.233005
0.232995
0.232961
0.231713
0.2329
0.225549
0.231006
0.21868
0.224089
0.217407
0.217462
0.218343
0.220708
0.23301
0.23301
0.23301
0.23301
0.23301
0.23301
0.23301
0.23301
0.23301
0.23301
0.23301
0.23301
0.23301
0.23301
0.23301
0.23301
0.23301
0.23301
0.23301
0.23301
0.23301
0.23301
0.23301
0.23301
0.23301
0.23301
0.23301
0.23301
0.23301
0.23301
0.23301
0.23301
0.23301
0.23301
0.23301
0.23301
0.23301
0.23301
0.23301
0.23301
0.23301
0.23301
0.23301
0.23301
0.23301
0.23301
0.23301
0.23301
0.23301
0.23301
0.23301
0.23301
0.23301
0.23301
0.23301
0.23301
0.23301
0.23301
0.23301
0.23301
0.23301
0.23301
0.23301
0.23301
0.23301
0.23301
0.23301
0.23301
0.23301
0.23301
0.23301
0.23301
0.23301
0.23301
0.23301
0.23301
0.23301
0.23301
0.23301
0.23301
0.233006
0.233009
0.233009
0.23301
0.23301
0.23301
0.232636
0.232955
0.232996
0.232856
0.231148
0.228498
0.2238
0.224839
0.223783
0.222147
0.22212
0.222093
0.22228
0.224016
0.223776
0.222712
0.23301
0.23301
0.23301
0.23301
0.23301
0.233009
0.233008
0.233003
0.232749
0.232994
0.230074
0.232531
0.222842
0.229104
0.217856
0.217375
0.218205
0.221844
0.220671
0.23301
0.23301
0.23301
0.23301
0.23301
0.23301
0.23301
0.23301
0.23301
0.23301
0.23301
0.23301
0.23301
0.23301
0.23301
0.23301
0.23301
0.23301
0.23301
0.23301
0.23301
0.23301
0.23301
0.23301
0.23301
0.23301
0.23301
0.23301
0.23301
0.23301
0.23301
0.23301
0.23301
0.23301
0.23301
0.23301
0.23301
0.23301
0.23301
0.23301
0.23301
0.23301
0.23301
0.23301
0.23301
0.23301
0.23301
0.23301
0.23301
0.23301
0.23301
0.23301
0.23301
0.23301
0.23301
0.23301
0.23301
0.23301
0.23301
0.23301
0.23301
0.23301
0.23301
0.23301
0.23301
0.23301
0.23301
0.23301
0.23301
0.23301
0.23301
0.23301
0.23301
0.23301
0.23301
0.23301
0.23301
0.23301
0.23301
0.23301
0.23301
0.23301
0.23301
0.23301
0.23301
0.233001
0.233008
0.233009
0.23301
0.23301
0.23301
0.232219
0.232874
0.232973
0.232672
0.229426
0.225203
0.223499
0.223458
0.222135
0.222073
0.22197
0.222029
0.223978
0.223611
0.222559
0.23301
0.23301
0.23301
0.23301
0.23301
0.23301
0.233009
0.232973
0.233008
0.232231
0.232927
0.228226
0.231829
0.217448
0.217956
0.221179
0.227388
0.217494
0.220569
0.23301
0.23301
0.23301
0.23301
0.23301
0.23301
0.23301
0.23301
0.23301
0.23301
0.23301
0.23301
0.23301
0.23301
0.23301
0.23301
0.23301
0.23301
0.23301
0.23301
0.23301
0.23301
0.23301
0.23301
0.23301
0.23301
0.23301
0.23301
0.23301
0.23301
0.23301
0.23301
0.23301
0.23301
0.23301
0.23301
0.23301
0.23301
0.23301
0.23301
0.23301
0.23301
0.23301
0.23301
0.23301
0.23301
0.23301
0.23301
0.23301
0.23301
0.23301
0.23301
0.23301
0.23301
0.23301
0.23301
0.23301
0.23301
0.23301
0.23301
0.23301
0.23301
0.23301
0.23301
0.23301
0.23301
0.23301
0.23301
0.23301
0.23301
0.23301
0.23301
0.23301
0.23301
0.23301
0.23301
0.23301
0.23301
0.23301
0.23301
0.23301
0.23301
0.23301
0.23301
0.23301
0.232985
0.233003
0.233008
0.233009
0.23301
0.23301
0.231443
0.232704
0.232915
0.232315
0.226427
0.22349
0.223092
0.222134
0.22205
0.221868
0.22185
0.223886
0.223507
0.222401
0.23301
0.23301
0.23301
0.23301
0.23301
0.23301
0.233005
0.23301
0.232867
0.232999
0.23142
0.232769
0.217896
0.220587
0.226693
0.230994
0.217522
0.217864
0.220398
0.23301
0.23301
0.23301
0.23301
0.23301
0.23301
0.23301
0.23301
0.23301
0.23301
0.23301
0.23301
0.23301
0.23301
0.23301
0.23301
0.23301
0.23301
0.23301
0.23301
0.23301
0.23301
0.23301
0.23301
0.23301
0.23301
0.23301
0.23301
0.23301
0.23301
0.23301
0.23301
0.23301
0.23301
0.23301
0.23301
0.23301
0.23301
0.23301
0.23301
0.23301
0.23301
0.23301
0.23301
0.23301
0.23301
0.23301
0.23301
0.23301
0.23301
0.23301
0.23301
0.23301
0.23301
0.23301
0.23301
0.23301
0.23301
0.23301
0.23301
0.23301
0.23301
0.23301
0.23301
0.23301
0.23301
0.23301
0.23301
0.23301
0.23301
0.23301
0.23301
0.23301
0.23301
0.23301
0.23301
0.23301
0.23301
0.23301
0.23301
0.23301
0.23301
0.23301
0.23301
0.23301
0.23301
0.23301
0.232949
0.232995
0.233004
0.233009
0.23301
0.23301
0.230106
0.232381
0.232783
0.231664
0.22395
0.222588
0.222706
0.222154
0.222038
0.221738
0.221616
0.223812
0.223396
0.222223
0.23301
0.23301
0.23301
0.23301
0.23301
0.23301
0.23301
0.23299
0.233009
0.232649
0.232974
0.220138
0.22609
0.230558
0.232523
0.217617
0.217864
0.219844
0.220314
0.23301
0.23301
0.23301
0.23301
0.23301
0.23301
0.23301
0.23301
0.23301
0.23301
0.23301
0.23301
0.23301
0.23301
0.23301
0.23301
0.23301
0.23301
0.23301
0.23301
0.23301
0.23301
0.23301
0.23301
0.23301
0.23301
0.23301
0.23301
0.23301
0.23301
0.23301
0.23301
0.23301
0.23301
0.23301
0.23301
0.23301
0.23301
0.23301
0.23301
0.23301
0.23301
0.23301
0.23301
0.23301
0.23301
0.23301
0.23301
0.23301
0.23301
0.23301
0.23301
0.23301
0.23301
0.23301
0.23301
0.23301
0.23301
0.23301
0.23301
0.23301
0.23301
0.23301
0.23301
0.23301
0.23301
0.23301
0.23301
0.23301
0.23301
0.23301
0.23301
0.23301
0.23301
0.23301
0.23301
0.23301
0.23301
0.23301
0.23301
0.23301
0.23301
0.23301
0.23301
0.23301
0.23301
0.23301
0.23301
0.23301
0.23301
0.232869
0.232974
0.232996
0.233008
0.23301
0.23301
0.227919
0.231838
0.232519
0.230598
0.222414
0.22226
0.222174
0.222016
0.221677
0.221205
0.223729
0.22327
0.222079
0.23301
0.23301
0.23301
0.23301
0.23301
0.23301
0.233008
0.23301
0.232951
0.233006
0.225484
0.230186
0.232363
0.232927
0.217697
0.217908
0.219705
0.225046
0.220228
0.23301
0.23301
0.23301
0.23301
0.23301
0.23301
0.23301
0.23301
0.23301
0.23301
0.23301
0.23301
0.23301
0.23301
0.23301
0.23301
0.23301
0.23301
0.23301
0.23301
0.23301
0.23301
0.23301
0.23301
0.23301
0.23301
0.23301
0.23301
0.23301
0.23301
0.23301
0.23301
0.23301
0.23301
0.23301
0.23301
0.23301
0.23301
0.23301
0.23301
0.23301
0.23301
0.23301
0.23301
0.23301
0.23301
0.23301
0.23301
0.23301
0.23301
0.23301
0.23301
0.23301
0.23301
0.23301
0.23301
0.23301
0.23301
0.23301
0.23301
0.23301
0.23301
0.23301
0.23301
0.23301
0.23301
0.23301
0.23301
0.23301
0.23301
0.23301
0.23301
0.23301
0.23301
0.23301
0.23301
0.23301
0.23301
0.23301
0.23301
0.23301
0.23301
0.23301
0.23301
0.23301
0.23301
0.23301
0.233009
0.23301
0.23301
0.23301
0.232713
0.232932
0.23298
0.233006
0.23301
0.23301
0.224878
0.230993
0.232065
0.228965
0.221618
0.221807
0.222216
0.222035
0.221491
0.221079
0.223634
0.223148
0.221938
0.23301
0.23301
0.23301
0.23301
0.23301
0.23301
0.23301
0.233002
0.23301
0.229805
0.232226
0.232891
0.232999
0.217843
0.217986
0.219737
0.224698
0.229494
0.220208
0.23301
0.23301
0.23301
0.23301
0.23301
0.23301
0.23301
0.23301
0.23301
0.23301
0.23301
0.23301
0.23301
0.23301
0.23301
0.23301
0.23301
0.23301
0.23301
0.23301
0.23301
0.23301
0.23301
0.23301
0.23301
0.23301
0.23301
0.23301
0.23301
0.23301
0.23301
0.23301
0.23301
0.23301
0.23301
0.23301
0.23301
0.23301
0.23301
0.23301
0.23301
0.23301
0.23301
0.23301
0.23301
0.23301
0.23301
0.23301
0.23301
0.23301
0.23301
0.23301
0.23301
0.23301
0.23301
0.23301
0.23301
0.23301
0.23301
0.23301
0.23301
0.23301
0.23301
0.23301
0.23301
0.23301
0.23301
0.23301
0.23301
0.23301
0.23301
0.23301
0.23301
0.23301
0.23301
0.23301
0.23301
0.23301
0.23301
0.23301
0.23301
0.23301
0.23301
0.23301
0.23301
0.23301
0.23301
0.23301
0.23301
0.233009
0.23301
0.23301
0.232443
0.232851
0.232949
0.233002
0.23301
0.23301
0.222765
0.229737
0.231352
0.226584
0.22129
0.222259
0.22204
0.221504
0.220738
0.223531
0.223021
0.221832
0.23301
0.23301
0.23301
0.23301
0.23301
0.233009
0.23301
0.232076
0.232861
0.232993
0.233009
0.217979
0.218114
0.219868
0.224629
0.229287
0.231932
0.220175
0.23301
0.23301
0.23301
0.23301
0.23301
0.23301
0.23301
0.23301
0.23301
0.23301
0.23301
0.23301
0.23301
0.23301
0.23301
0.23301
0.23301
0.23301
0.23301
0.23301
0.23301
0.23301
0.23301
0.23301
0.23301
0.23301
0.23301
0.23301
0.23301
0.23301
0.23301
0.23301
0.23301
0.23301
0.23301
0.23301
0.23301
0.23301
0.23301
0.23301
0.23301
0.23301
0.23301
0.23301
0.23301
0.23301
0.23301
0.23301
0.23301
0.23301
0.23301
0.23301
0.23301
0.23301
0.23301
0.23301
0.23301
0.23301
0.23301
0.23301
0.23301
0.23301
0.23301
0.23301
0.23301
0.23301
0.23301
0.23301
0.23301
0.23301
0.23301
0.23301
0.23301
0.23301
0.23301
0.23301
0.23301
0.23301
0.23301
0.23301
0.23301
0.23301
0.23301
0.23301
0.23301
0.23301
0.23301
0.23301
0.23301
0.23301
0.233009
0.23301
0.232023
0.232713
0.232896
0.232994
0.23301
0.23301
0.221352
0.228035
0.230351
0.22393
0.22083
0.222308
0.222089
0.221366
0.220668
0.223422
0.222905
0.22172
0.23301
0.23301
0.23301
0.23301
0.23301
0.23301
0.232825
0.232989
0.233008
0.23301
0.218209
0.218274
0.220124
0.224702
0.22912
0.231847
0.232789
0.220167
0.23301
0.23301
0.23301
0.23301
0.23301
0.23301
0.23301
0.23301
0.23301
0.23301
0.23301
0.23301
0.23301
0.23301
0.23301
0.23301
0.23301
0.23301
0.23301
0.23301
0.23301
0.23301
0.23301
0.23301
0.23301
0.23301
0.23301
0.23301
0.23301
0.23301
0.23301
0.23301
0.23301
0.23301
0.23301
0.23301
0.23301
0.23301
0.23301
0.23301
0.23301
0.23301
0.23301
0.23301
0.23301
0.23301
0.23301
0.23301
0.23301
0.23301
0.23301
0.23301
0.23301
0.23301
0.23301
0.23301
0.23301
0.23301
0.23301
0.23301
0.23301
0.23301
0.23301
0.23301
0.23301
0.23301
0.23301
0.23301
0.23301
0.23301
0.23301
0.23301
0.23301
0.23301
0.23301
0.23301
0.23301
0.23301
0.23301
0.233009
0.233007
0.23301
0.23301
0.23301
0.23301
0.23301
0.23301
0.23301
0.23301
0.23301
0.23301
0.23301
0.231427
0.232499
0.232816
0.23298
0.23301
0.23301
0.220588
0.225954
0.229094
0.222113
0.222383
0.222123
0.22143
0.220296
0.220377
0.223312
0.222785
0.221646
0.23301
0.23301
0.23301
0.23301
0.23301
0.232983
0.233008
0.23301
0.23301
0.218484
0.21854
0.220496
0.224879
0.229134
0.231749
0.232767
0.232978
0.220295
0.23301
0.23301
0.23301
0.23301
0.23301
0.23301
0.23301
0.23301
0.23301
0.23301
0.23301
0.23301
0.23301
0.23301
0.23301
0.23301
0.23301
0.23301
0.23301
0.23301
0.23301
0.23301
0.23301
0.23301
0.23301
0.23301
0.23301
0.23301
0.23301
0.23301
0.23301
0.23301
0.23301
0.23301
0.23301
0.23301
0.23301
0.23301
0.23301
0.23301
0.23301
0.23301
0.23301
0.23301
0.23301
0.23301
0.23301
0.23301
0.23301
0.23301
0.23301
0.23301
0.23301
0.23301
0.23301
0.23301
0.23301
0.23301
0.23301
0.23301
0.23301
0.23301
0.23301
0.23301
0.23301
0.23301
0.23301
0.23301
0.23301
0.23301
0.23301
0.23301
0.23301
0.23301
0.23301
0.23301
0.23301
0.233009
0.233004
0.23301
0.23301
0.23301
0.23301
0.23301
0.23301
0.23301
0.23301
0.23301
0.23301
0.23301
0.23301
0.23066
0.232206
0.232704
0.23296
0.23301
0.23301
0.224045
0.227671
0.220797
0.222448
0.222215
0.221438
0.219893
0.220299
0.223199
0.222681
0.221586
0.23301
0.23301
0.23301
0.233007
0.23301
0.23301
0.23301
0.218757
0.218859
0.22101
0.225211
0.229204
0.231741
0.232744
0.232974
0.233006
0.220244
0.23301
0.23301
0.23301
0.23301
0.23301
0.23301
0.23301
0.23301
0.23301
0.23301
0.23301
0.23301
0.23301
0.23301
0.23301
0.23301
0.23301
0.23301
0.23301
0.23301
0.23301
0.23301
0.23301
0.23301
0.23301
0.23301
0.23301
0.23301
0.23301
0.23301
0.23301
0.23301
0.23301
0.23301
0.23301
0.23301
0.23301
0.23301
0.23301
0.23301
0.23301
0.23301
0.23301
0.23301
0.23301
0.23301
0.23301
0.23301
0.23301
0.23301
0.23301
0.23301
0.23301
0.23301
0.23301
0.23301
0.23301
0.23301
0.23301
0.23301
0.23301
0.23301
0.23301
0.23301
0.23301
0.23301
0.23301
0.23301
0.23301
0.23301
0.23301
0.23301
0.233009
0.233001
0.23301
0.23301
0.23301
0.23301
0.23301
0.23301
0.23301
0.23301
0.23301
0.23301
0.23301
0.23301
0.229747
0.231834
0.232563
0.232932
0.23301
0.222627
0.226285
0.220038
0.222559
0.222289
0.221425
0.219522
0.223089
0.222581
0.221491
0.23301
0.23301
0.23301
0.23301
0.23301
0.23301
0.21893
0.219428
0.221692
0.225673
0.229353
0.231764
0.232739
0.232971
0.233006
0.23301
0.219224
0.23301
0.23301
0.23301
0.23301
0.23301
0.23301
0.23301
0.23301
0.23301
0.23301
0.23301
0.23301
0.23301
0.23301
0.23301
0.23301
0.23301
0.23301
0.23301
0.23301
0.23301
0.23301
0.23301
0.23301
0.23301
0.23301
0.23301
0.23301
0.23301
0.23301
0.23301
0.23301
0.23301
0.23301
0.23301
0.23301
0.23301
0.23301
0.23301
0.23301
0.23301
0.23301
0.23301
0.23301
0.23301
0.23301
0.23301
0.23301
0.23301
0.23301
0.23301
0.23301
0.23301
0.23301
0.23301
0.23301
0.23301
0.233008
0.232996
0.23301
0.23301
0.23301
0.23301
0.23301
0.23301
0.23301
0.23301
0.23301
0.23301
0.23301
0.23301
0.228805
0.231401
0.2324
0.232897
0.221343
0.224983
0.219408
0.222647
0.222349
0.222981
0.222443
0.23301
0.23301
0.23301
0.23301
0.22024
0.222584
0.226275
0.229628
0.231819
0.232744
0.232971
0.233006
0.23301
0.23301
0.23301
0.23301
0.23301
0.23301
0.23301
0.23301
0.23301
0.23301
0.23301
0.23301
0.23301
0.23301
0.23301
0.23301
0.23301
0.23301
0.23301
0.23301
0.23301
0.23301
0.23301
0.23301
0.23301
0.23301
0.23301
0.23301
0.23301
0.23301
0.23301
0.23301
0.23301
0.23301
0.23301
0.23301
0.23301
0.23301
0.23301
0.23301
0.23301
0.23301
0.23301
0.23301
0.23301
0.23301
0.23301
0.23301
0.233008
0.232991
0.23301
0.23301
0.23301
0.23301
0.23301
0.23301
0.23301
0.23301
0.233007
0.227875
0.230925
0.232228
0.232857
0.223702
0.222738
0.222836
0.23301
0.227015
0.229986
0.231924
0.232757
0.232972
0.233006
0.23301
0.23301
0.23301
0.23301
0.23301
0.23301
0.23301
0.23301
0.23301
0.23301
0.23301
0.23301
0.23301
0.23301
0.23301
0.23301
0.23301
0.23301
0.23301
0.23301
0.23301
0.23301
0.23301
0.23301
0.23301
0.23301
0.23301
0.23301
0.23301
0.23301
0.23301
0.23301
0.23301
0.23301
0.23301
0.23301
0.23301
0.23301
0.23301
0.23301
0.23301
0.23301
0.23301
0.23301
0.23301
0.232985
0.23301
0.233006
0.233006
0.232979
0.230427
0.232063
0.232817
0.232782
0.232975
0.23301
0.23301
0.23301
0.23301
0.23301
0.23301
0.23301
0.23301
0.23301
0.23301
0.23301
0.23301
0.23301
0.23301
0.23301
0.23301
0.23301
0.23301
0.23301
0.23301
0.23301
0.23301
0.23301
0.23301
0.23301
0.23301
0.23301
0.23301
0.23301
0.23301
0.23301
0.23301
0.23301
0.23301
0.23301
0.23301
0.23301
0.23301
0.23301
0.23301
0.23301
0.23301
0.23301
0.23301
0.23301
0.23301
0.23301
0.23301
0.23301
0.23301
0.23301
0.23301
0.23301
0.23301
0.23301
0.23301
0.23301
0.23301
0.23301
0.23301
0.23301
0.23301
0.23301
0.23301
0.23301
0.23301
0.23301
0.23301
0.23301
0.23301
0.23301
0.23301
0.23301
0.23301
0.23301
0.23301
0.23301
0.23301
0.23301
0.23301
0.23301
0.23301
0.23301
0.23301
0.23301
0.23301
0.23301
0.23301
0.23301
0.23301
0.23301
0.23301
0.23301
0.23301
0.23301
0.23301
0.23301
0.23301
0.23301
0.23301
0.23301
0.23301
0.23301
0.23301
0.23301
0.23301
0.23301
0.23301
0.23301
0.23301
0.23301
0.23301
0.23301
0.23301
0.23301
0.23301
0.23301
0.23301
0.23301
0.23301
0.23301
0.23301
0.23301
0.23301
0.23301
0.23301
0.23301
0.23301
0.23301
0.23301
0.23301
0.23301
0.23301
0.23301
0.23301
0.23301
0.23301
0.23301
0.23301
0.23301
0.23301
0.23301
0.23301
0.23301
0.23301
0.23301
0.23301
0.23301
0.23301
0.23301
0.23301
0.23301
0.23301
0.23301
0.23301
0.23301
0.23301
0.23301
0.23301
0.23301
0.23301
0.23301
0.23301
0.23301
0.23301
0.23301
0.23301
0.23301
0.23301
0.23301
0.23301
0.23301
0.23301
0.23301
0.23301
0.23301
0.23301
0.23301
0.23301
0.23301
0.23301
0.23301
0.23301
0.23301
0.23301
0.23301
0.23301
0.23301
0.23301
0.23301
0.23301
0.23301
0.23301
0.23301
0.23301
0.23301
0.23301
0.23301
0.23301
0.23301
0.23301
0.23301
0.23301
0.23301
0.23301
0.23301
0.23301
0.23301
0.23301
0.23301
0.23301
0.23301
0.23301
0.23301
0.23301
0.23301
0.23301
0.23301
0.23301
0.23301
0.23301
0.23301
0.23301
0.23301
0.23301
0.23301
0.23301
0.23301
0.23301
0.23301
0.23301
0.23301
0.23301
0.23301
0.23301
0.23301
0.23301
0.23301
0.23301
0.23301
0.23301
0.23301
0.23301
0.23301
0.23301
0.23301
0.23301
0.23301
0.23301
0.23301
0.23301
0.23301
0.23301
0.23301
0.23301
0.23301
0.23301
0.23301
0.23301
0.23301
0.23301
0.23301
0.23301
0.23301
0.23301
0.23301
0.23301
0.23301
0.23301
0.23301
0.23301
0.23301
0.23301
0.23301
0.23301
0.23301
0.23301
0.23301
0.23301
0.23301
0.23301
0.23301
0.23301
0.23301
0.23301
0.23301
0.23301
0.23301
0.23301
0.23301
0.23301
0.23301
0.23301
0.23301
0.23301
0.23301
0.23301
0.23301
0.23301
0.23301
0.23301
0.23301
0.23301
0.23301
0.23301
0.23301
0.23301
0.23301
0.23301
0.23301
0.23301
0.23301
0.23301
0.23301
0.23301
0.23301
0.23301
0.23301
0.23301
0.23301
0.23301
0.23301
0.23301
0.23301
0.23301
0.23301
0.23301
0.23301
0.23301
0.23301
0.23301
0.23301
0.23301
0.23301
0.23301
0.23301
0.23301
0.23301
0.23301
0.23301
0.23301
0.23301
0.23301
0.23301
0.23301
0.23301
0.23301
0.23301
0.23301
0.23301
0.23301
0.23301
0.23301
0.23301
0.23301
0.23301
0.23301
0.23301
0.23301
0.23301
0.23301
0.23301
0.23301
0.23301
0.23301
0.23301
0.23301
0.23301
0.23301
0.23301
0.23301
0.23301
0.23301
0.23301
0.23301
0.23301
0.23301
0.23301
0.23301
0.23301
0.23301
0.23301
0.23301
0.23301
0.23301
0.23301
0.23301
0.23301
0.23301
0.23301
0.23301
0.23301
0.23301
0.23301
0.23301
0.23301
0.23301
0.23301
0.23301
0.23301
0.23301
0.23301
0.23301
0.23301
0.23301
0.23301
0.23301
0.23301
0.23301
0.23301
0.23301
0.23301
0.23301
0.23301
0.23301
0.23301
0.23301
0.23301
0.23301
0.23301
0.23301
0.23301
0.23301
0.23301
0.23301
0.23301
0.23301
0.23301
0.23301
0.23301
0.23301
0.23301
0.23301
0.23301
0.23301
0.23301
0.23301
0.23301
0.23301
0.23301
0.23301
0.23301
0.23301
)
;

boundaryField
{
    lowerOutlet
    {
        type            inletOutlet;
        inletValue      uniform 0.23301;
        value           nonuniform List<scalar> 
148
(
0.23301
0.23301
0.23301
0.23301
0.23301
0.23301
0.23301
0.23301
0.23301
0.23301
0.23301
0.23301
0.23301
0.23301
0.23301
0.23301
0.23301
0.23301
0.23301
0.23301
0.23301
0.23301
0.23301
0.23301
0.23301
0.23301
0.23301
0.23301
0.23301
0.23301
0.23301
0.23301
0.23301
0.23301
0.23301
0.23301
0.23301
0.23301
0.23301
0.23301
0.23301
0.23301
0.23301
0.23301
0.23301
0.23301
0.23301
0.228179
0.212592
0.23301
0.23301
0.23301
0.23301
0.23301
0.23301
0.23301
0.23301
0.23301
0.23301
0.23301
0.23301
0.23301
0.23301
0.23301
0.23301
0.23301
0.23301
0.23301
0.23301
0.23301
0.23301
0.23301
0.23301
0.23301
0.23301
0.23301
0.23301
0.23301
0.23301
0.23301
0.23301
0.23301
0.23301
0.23301
0.23301
0.23301
0.23301
0.23301
0.23301
0.23301
0.23301
0.23301
0.23301
0.23301
0.23301
0.23301
0.23301
0.162311
0.23301
0.23301
0.23301
0.23301
0.23301
0.23301
0.23301
0.229753
0.23301
0.230752
0.23301
0.23301
0.23301
0.23301
0.23301
0.23301
0.23301
0.23301
0.23301
0.23301
0.23301
0.23301
0.23301
0.23301
0.232464
0.230511
0.23301
0.23301
0.23301
0.23301
0.23301
0.23301
0.23301
0.23301
0.23301
0.230057
0.23301
0.23301
0.23301
0.23301
0.23301
0.23301
0.23301
0.23301
0.23301
0.23301
0.23301
0.23301
0.23301
0.23301
)
;
    }
    top
    {
        type            inletOutlet;
        inletValue      uniform 0.23301;
        value           nonuniform List<scalar> 
100
(
0.23301
0.23301
0.23301
0.23301
0.23301
0.23301
0.23301
0.23301
0.23301
0.23301
0.23301
0.23301
0.23301
0.23301
0.23301
0.23301
0.233009
0.233008
0.233007
0.233006
0.233006
0.233007
0.233008
0.233009
0.233008
0.233004
0.232966
0.232771
0.232331
0.231861
0.231636
0.231612
0.231799
0.232142
0.23246
0.232673
0.232843
0.232963
0.233001
0.233009
0.23301
0.23301
0.23301
0.23301
0.23301
0.23301
0.23301
0.23301
0.23301
0.23301
0.23301
0.23301
0.23301
0.23301
0.23301
0.23301
0.23301
0.23301
0.23301
0.23301
0.23301
0.23301
0.23301
0.23301
0.23301
0.23301
0.23301
0.23301
0.23301
0.23301
0.23301
0.23301
0.23301
0.23301
0.23301
0.23301
0.23301
0.23301
0.23301
0.23301
0.23301
0.23301
0.23301
0.23301
0.23301
0.23301
0.23301
0.23301
0.23301
0.23301
0.23301
0.23301
0.23301
0.23301
0.23301
0.23301
0.23301
0.23301
0.23301
0.23301
)
;
    }
    sides
    {
        type            inletOutlet;
        inletValue      uniform 0.23301;
        value           uniform 0.23301;
    }
    front
    {
        type            empty;
    }
    back
    {
        type            empty;
    }
    roller
    {
        type            zeroGradient;
    }
    burner
    {
        type            fixedValue;
        value           uniform 0.032;
    }
}


// ************************************************************************* //
