/*--------------------------------*- C++ -*----------------------------------*\
  =========                 |
  \\      /  F ield         | OpenFOAM: The Open Source CFD Toolbox
   \\    /   O peration     | Website:  https://openfoam.org
    \\  /    A nd           | Version:  dev
     \\/     M anipulation  |
\*---------------------------------------------------------------------------*/
FoamFile
{
    version     2.0;
    format      ascii;
    class       volScalarField;
    location    "2500";
    object      T;
}
// * * * * * * * * * * * * * * * * * * * * * * * * * * * * * * * * * * * * * //

dimensions      [0 0 0 1 0 0 0];

internalField   nonuniform List<scalar> 
9729
(
300.088
300.124
300.11
300.131
300.2
300.101
300.129
300.242
300.206
300.086
300.117
300.256
300.273
300.184
300.068
300.11
300.255
300.322
300.27
300.159
300.06
300.095
300.237
300.343
300.336
300.253
300.143
300.054
300.083
300.206
300.346
300.387
300.318
300.217
300.124
300.051
300.086
300.198
300.348
300.413
300.39
300.293
300.198
300.117
300.048
300.075
300.188
300.332
300.425
300.441
300.376
300.271
300.18
300.105
300.047
300.078
300.184
300.309
300.423
300.47
300.435
300.344
300.246
300.162
300.1
300.045
300.075
300.159
300.275
300.406
300.488
300.484
300.413
300.309
300.225
300.147
300.095
300.041
300.065
300.154
300.253
300.4
300.496
300.519
300.473
300.386
300.279
300.202
300.145
300.092
300.041
300.063
300.15
300.249
300.392
300.487
300.544
300.518
300.443
300.349
300.266
300.195
300.135
300.087
300.04
300.062
300.152
300.246
300.352
300.482
300.557
300.563
300.51
300.416
300.327
300.248
300.188
300.132
300.084
300.037
300.06
300.147
300.227
300.322
300.474
300.552
300.589
300.556
300.468
300.383
300.303
300.232
300.175
300.127
300.082
300.036
300.059
300.14
300.226
300.33
300.443
300.553
300.609
300.603
300.546
300.449
300.36
300.279
300.227
300.171
300.121
300.08
300.035
300.062
300.141
300.225
300.303
300.426
300.544
300.615
300.632
300.594
300.509
300.416
300.337
300.271
300.217
300.164
300.119
300.078
300.035
300.057
300.132
300.219
300.294
300.418
300.503
300.622
300.65
300.635
300.559
300.479
300.392
300.311
300.256
300.21
300.163
300.116
300.075
300.034
300.06
300.134
300.207
300.289
300.407
300.487
300.622
300.67
300.669
300.624
300.527
300.443
300.369
300.308
300.255
300.202
300.16
300.114
300.075
300.033
300.059
300.13
300.209
300.282
300.398
300.488
300.606
300.684
300.695
300.665
300.595
300.506
300.409
300.348
300.296
300.247
300.197
300.155
300.113
300.074
300.033
300.055
300.128
300.207
300.285
300.389
300.48
300.581
300.691
300.712
300.698
300.639
300.563
300.466
300.397
300.338
300.288
300.241
300.196
300.154
300.111
300.073
300.034
300.058
300.123
300.205
300.289
300.378
300.479
300.561
300.692
300.737
300.728
300.69
300.615
300.532
300.444
300.381
300.33
300.281
300.234
300.192
300.15
300.11
300.07
300.032
300.059
300.124
300.205
300.292
300.376
300.462
300.544
300.688
300.743
300.76
300.728
300.665
300.573
300.491
300.425
300.365
300.32
300.275
300.23
300.19
300.148
300.108
300.072
300.032
300.058
300.125
300.201
300.289
300.376
300.463
300.561
300.682
300.747
300.776
300.764
300.702
300.627
300.551
300.472
300.415
300.361
300.31
300.269
300.227
300.187
300.146
300.109
300.071
300.034
300.054
300.125
300.209
300.288
300.359
300.453
300.555
300.652
300.753
300.792
300.792
300.757
300.685
300.599
300.526
300.458
300.398
300.355
300.307
300.266
300.224
300.187
300.144
300.108
300.068
300.034
300.052
300.133
300.212
300.293
300.367
300.457
300.563
300.657
300.751
300.807
300.815
300.792
300.731
300.652
300.571
300.497
300.448
300.395
300.344
300.304
300.257
300.22
300.185
300.146
300.107
300.07
300.032
300.053
300.123
300.201
300.296
300.376
300.456
300.552
300.649
300.735
300.822
300.834
300.822
300.776
300.702
300.619
300.547
300.484
300.435
300.388
300.341
300.301
300.26
300.217
300.183
300.146
300.106
300.071
300.034
300.054
300.122
300.212
300.294
300.383
300.461
300.56
300.668
300.729
300.829
300.854
300.846
300.813
300.75
300.675
300.596
300.529
300.475
300.424
300.376
300.338
300.296
300.257
300.215
300.181
300.144
300.108
300.07
300.034
300.053
300.137
300.216
300.3
300.385
300.467
300.559
300.663
300.726
300.836
300.868
300.874
300.846
300.783
300.726
300.641
300.571
300.516
300.466
300.417
300.372
300.332
300.291
300.251
300.217
300.182
300.143
300.107
300.071
300.033
300.062
300.143
300.207
300.287
300.39
300.49
300.567
300.651
300.741
300.84
300.88
300.89
300.876
300.827
300.77
300.691
300.614
300.552
300.503
300.456
300.41
300.369
300.329
300.287
300.252
300.215
300.182
300.145
300.108
300.072
300.035
300.059
300.144
300.227
300.313
300.391
300.493
300.566
300.647
300.754
300.833
300.891
300.911
300.898
300.869
300.811
300.737
300.661
300.595
300.539
300.495
300.45
300.403
300.365
300.327
300.286
300.253
300.217
300.181
300.145
300.11
300.072
300.036
300.056
300.146
300.232
300.319
300.413
300.508
300.579
300.658
300.758
300.828
300.89
300.927
300.929
300.904
300.851
300.783
300.7
300.641
300.584
300.533
300.487
300.442
300.402
300.361
300.324
300.289
300.251
300.217
300.182
300.146
300.111
300.074
300.036
300.066
300.153
300.235
300.321
300.416
300.504
300.604
300.676
300.766
300.834
300.901
300.942
300.947
300.932
300.885
300.826
300.754
300.682
300.622
300.572
300.521
300.479
300.438
300.401
300.362
300.323
300.289
300.254
300.218
300.182
300.148
300.11
300.074
300.017
300.037
300.067
300.151
300.241
300.324
300.424
300.513
300.605
300.685
300.766
300.842
300.909
300.956
300.969
300.954
300.922
300.863
300.798
300.726
300.666
300.609
300.563
300.516
300.474
300.436
300.395
300.357
300.323
300.284
300.253
300.221
300.184
300.149
300.111
300.059
300.081
300.017
300.038
300.07
300.141
300.244
300.314
300.439
300.521
300.605
300.692
300.771
300.847
300.912
300.964
300.987
300.981
300.951
300.902
300.832
300.768
300.706
300.648
300.597
300.552
300.51
300.469
300.431
300.395
300.359
300.322
300.291
300.254
300.222
300.186
300.133
300.152
300.1
300.131
300.118
300.058
300.08
300.018
300.039
300.07
300.158
300.25
300.318
300.449
300.532
300.615
300.7
300.776
300.851
300.914
300.974
301.001
301.003
300.979
300.934
300.878
300.804
300.741
300.69
300.638
300.594
300.545
300.507
300.469
300.43
300.394
300.356
300.323
300.292
300.255
300.223
300.172
300.191
300.151
300.101
300.138
300.12
300.059
300.081
300.017
300.04
300.073
300.15
300.255
300.35
300.456
300.536
300.621
300.702
300.781
300.855
300.921
300.981
301.016
301.022
301.004
300.97
300.915
300.849
300.785
300.727
300.676
300.627
300.585
300.543
300.502
300.465
300.428
300.395
300.36
300.323
300.291
300.256
300.211
300.225
300.17
300.187
300.157
300.103
300.139
300.121
300.062
300.083
300.017
300.041
300.07
300.168
300.271
300.354
300.452
300.549
300.632
300.709
300.788
300.859
300.923
300.984
301.028
301.039
301.031
300.999
300.951
300.886
300.817
300.763
300.712
300.661
300.62
300.579
300.538
300.499
300.461
300.427
300.391
300.358
300.323
300.289
300.242
300.26
300.205
300.223
300.173
300.189
300.157
300.104
300.14
300.123
300.064
300.085
300.018
300.042
300.067
300.172
300.268
300.366
300.438
300.555
300.636
300.715
300.789
300.863
300.93
300.989
301.039
301.056
301.052
301.027
300.985
300.924
300.857
300.798
300.748
300.696
300.654
300.61
300.572
300.532
300.498
300.46
300.422
300.391
300.358
300.323
300.277
300.294
300.24
300.258
300.207
300.225
300.175
300.193
300.158
300.106
300.142
300.126
300.066
300.088
300.02
300.044
300.073
300.168
300.258
300.376
300.456
300.562
300.641
300.719
300.794
300.866
300.934
300.99
301.051
301.07
301.07
301.053
301.013
300.962
300.899
300.836
300.784
300.738
300.688
300.648
300.609
300.569
300.526
300.489
300.456
300.421
300.392
300.358
300.313
300.33
300.275
300.294
300.243
300.261
300.21
300.228
300.177
300.195
300.161
300.109
300.146
300.13
300.068
300.091
300.02
300.046
300.077
300.17
300.282
300.369
300.47
300.554
300.649
300.722
300.797
300.867
300.937
300.995
301.058
301.084
301.091
301.075
301.046
300.996
300.94
300.873
300.819
300.772
300.724
300.68
300.634
300.602
300.558
300.522
300.487
300.456
300.42
300.394
300.348
300.363
300.312
300.329
300.277
300.296
300.245
300.263
300.213
300.231
300.18
300.199
300.165
300.114
300.15
300.135
300.071
300.095
300.021
300.048
300.069
300.165
300.269
300.38
300.494
300.556
300.651
300.724
300.795
300.866
300.939
301.002
301.062
301.093
301.108
301.099
301.069
301.028
300.972
300.912
300.847
300.804
300.758
300.713
300.674
300.634
300.596
300.555
300.519
300.487
300.458
300.416
300.381
300.397
300.347
300.363
300.313
300.331
300.279
300.298
300.249
300.266
300.217
300.235
300.185
300.203
300.17
300.119
300.156
300.141
300.075
300.1
300.023
300.051
300.08
300.188
300.29
300.4
300.492
300.554
300.646
300.726
300.797
300.868
300.94
301.005
301.063
301.102
301.125
301.118
301.099
301.056
301.01
300.944
300.883
300.837
300.79
300.748
300.708
300.668
300.629
300.589
300.553
300.518
300.485
300.461
300.414
300.431
300.379
300.395
300.347
300.363
300.316
300.332
300.282
300.301
300.252
300.27
300.222
300.24
300.19
300.209
300.177
300.125
300.163
300.149
300.079
300.106
300.024
300.055
300.085
300.173
300.278
300.383
300.48
300.568
300.654
300.728
300.798
300.868
300.935
301.006
301.066
301.112
301.139
301.137
301.12
301.087
301.039
300.988
300.924
300.865
300.824
300.78
300.738
300.696
300.663
300.624
300.585
300.549
300.516
300.486
300.453
300.467
300.413
300.43
300.38
300.395
300.349
300.365
300.318
300.335
300.286
300.305
300.258
300.275
300.228
300.246
300.197
300.217
300.184
300.132
300.171
300.157
300.085
300.114
300.026
300.059
300.089
300.19
300.303
300.401
300.504
300.584
300.65
300.73
300.795
300.865
300.933
301.005
301.066
301.113
301.148
301.156
301.142
301.11
301.068
301.018
300.962
300.905
300.855
300.812
300.772
300.727
300.696
300.661
300.62
300.586
300.551
300.518
300.487
300.452
300.47
300.414
300.429
300.381
300.397
300.352
300.367
300.322
300.338
300.291
300.309
300.264
300.283
300.236
300.256
300.205
300.227
300.194
300.141
300.182
300.169
300.091
300.123
300.028
300.064
300.096
300.208
300.298
300.404
300.51
300.582
300.653
300.725
300.79
300.857
300.929
301
301.066
301.12
301.159
301.169
301.164
301.138
301.1
301.044
300.992
300.936
300.88
300.843
300.798
300.76
300.722
300.695
300.66
300.623
300.588
300.552
300.527
300.483
300.501
300.448
300.466
300.414
300.43
300.384
300.399
300.355
300.37
300.327
300.343
300.3
300.32
300.276
300.3
300.249
300.277
300.218
300.247
300.21
300.154
300.202
300.192
300.1
300.135
300.031
300.071
300.105
300.217
300.321
300.425
300.517
300.576
300.656
300.719
300.787
300.853
300.926
300.998
301.064
301.122
301.164
301.183
301.182
301.162
301.125
301.082
301.021
300.97
300.914
300.868
300.822
300.785
300.752
300.72
300.692
300.658
300.625
300.592
300.558
300.523
300.536
300.484
300.501
300.448
300.464
300.417
300.429
300.388
300.402
300.362
300.377
300.342
300.366
300.331
300.374
300.318
300.388
300.292
300.378
300.25
300.33
300.259
300.178
300.271
300.276
300.111
300.157
300.034
300.08
300.115
300.237
300.346
300.436
300.522
300.587
300.66
300.717
300.782
300.847
300.921
300.991
301.06
301.123
301.17
301.193
301.197
301.181
301.153
301.108
301.057
300.997
300.954
300.901
300.866
300.82
300.777
300.745
300.717
300.689
300.658
300.629
300.599
300.557
300.522
300.542
300.486
300.499
300.45
300.463
300.421
300.431
300.395
300.41
300.393
300.418
300.434
300.508
300.511
300.69
300.549
300.881
300.512
300.898
300.401
300.752
300.497
300.266
300.599
300.668
300.128
300.231
300.038
300.091
300.145
300.284
300.368
300.444
300.528
300.593
300.659
300.72
300.78
300.844
300.915
300.983
301.054
301.122
301.169
301.202
301.213
301.204
301.177
301.14
301.089
301.032
300.977
300.933
300.891
300.852
300.811
300.774
300.741
300.714
300.687
300.66
300.634
300.608
300.558
300.576
300.523
300.537
300.487
300.504
300.452
300.466
300.429
300.44
300.443
300.467
300.596
300.685
300.935
301.223
301.368
301.981
301.644
302.664
301.518
302.875
301.102
302.428
301.515
300.665
301.902
302.144
300.177
300.558
300.042
300.114
300.342
300.427
300.488
300.554
300.602
300.663
300.718
300.776
300.836
300.904
300.974
301.048
301.116
301.171
301.211
301.225
301.221
301.201
301.162
301.116
301.068
301.015
300.96
300.917
300.887
300.847
300.807
300.773
300.741
300.715
300.689
300.667
300.646
300.608
300.618
300.567
300.587
300.525
300.543
300.501
300.524
300.46
300.479
300.487
300.509
300.774
300.86
301.54
301.852
302.679
303.389
303.818
304.987
304.515
306.208
304.477
306.667
303.505
306.212
304.582
302.131
305.387
305.776
300.371
301.754
300.047
300.186
300.495
300.541
300.581
300.615
300.669
300.719
300.773
300.829
300.894
300.961
301.039
301.109
301.171
301.212
301.235
301.239
301.222
301.191
301.15
301.094
301.039
300.993
300.945
300.909
300.878
300.841
300.803
300.772
300.742
300.719
300.703
300.696
300.697
300.618
300.662
300.601
300.633
300.547
300.572
300.599
300.636
300.534
300.567
300.932
300.996
302.161
302.444
304.063
304.661
306.103
307.094
307.775
309.131
308.726
310.464
308.76
310.933
307.743
310.534
308.928
303.614
305.841
309.633
309.807
307.795
301.093
305.294
302.8
305.166
300.061
300.412
300.604
300.625
300.645
300.675
300.723
300.77
300.823
300.885
300.952
301.028
301.1
301.17
301.213
301.244
301.251
301.24
301.216
301.176
301.122
301.069
301.022
300.97
300.929
300.899
300.868
300.834
300.8
300.772
300.756
300.765
300.803
300.866
300.854
300.988
300.674
300.735
300.763
300.837
300.67
300.717
301.177
301.239
301.054
301.117
302.672
302.847
305.195
305.632
307.936
308.624
310.27
311.195
311.845
312.929
312.697
313.965
312.711
314.359
311.837
313.712
312.731
311.101
312.512
307.656
311.488
313.087
312.737
311.58
309.724
301.609
303.768
304.231
307.395
306.861
300.05
302.457
300.446
301.598
300.672
300.682
300.697
300.736
300.77
300.82
300.877
300.943
301.016
301.091
301.165
301.213
301.25
301.264
301.258
301.235
301.199
301.157
301.1
301.045
300.998
300.961
300.918
300.891
300.86
300.827
300.803
300.815
300.922
301.11
301.308
301.308
301.415
301.266
301.628
300.921
301.072
301.473
301.613
301.301
301.38
303.106
303.151
302.975
303.055
305.954
306.179
309.18
309.6
311.919
312.446
313.751
314.269
314.84
315.358
314.638
315.071
315.439
315.741
314.507
315.222
315.605
316.173
315.754
314.153
313.672
314.733
315.047
314.05
309.552
313.195
314.593
314.368
313.24
311.512
305.261
306.206
309.193
308.652
300.024
300.195
300.68
304.068
302.577
300.718
300.728
300.751
300.777
300.816
300.87
300.932
301.003
301.08
301.156
301.213
301.254
301.276
301.276
301.257
301.225
301.18
301.129
301.076
301.028
300.983
300.951
300.909
300.884
300.853
300.841
300.938
301.347
301.963
302.395
302.966
301.993
302.846
302.405
302.88
301.785
302.063
303.37
303.531
303.196
303.265
306.423
306.425
306.32
306.395
309.886
310.06
312.802
313.016
314.556
314.649
315.566
315.547
315.945
316.063
316.105
316.065
315.985
316.232
316.369
315.731
316.248
316.449
316.824
316.608
315.54
315.112
315.96
316.19
315.451
311.293
314.714
315.727
315.923
314.748
313.154
307.894
306.865
310.906
310.325
300.023
300.28
301.171
305.524
303.789
300.752
300.768
300.788
300.818
300.864
300.922
300.99
301.066
301.145
301.212
301.254
301.285
301.292
301.276
301.249
301.208
301.159
301.107
301.058
301.012
300.978
300.94
300.902
300.877
300.88
301.11
302.032
303.321
304.14
304.649
305.113
305.468
303.433
304.087
304.446
304.979
303.747
304.061
306.461
306.56
306.418
306.426
310.154
310.111
310.146
310.169
313.112
313.126
314.629
314.569
315.449
315.253
316.009
315.891
315.769
315.612
316.408
316.377
316.298
316.178
316.614
316.668
316.64
316.664
316.968
316.903
317.121
317.108
316.587
316.305
316.925
317.019
316.599
312.917
316.046
316.841
317.027
316.084
314.656
309.512
308.417
312.513
311.909
300.02
301.717
300.331
306.958
304.965
300.78
300.798
300.822
300.86
300.912
300.978
301.052
301.131
301.206
301.255
301.291
301.305
301.295
301.272
301.235
301.188
301.137
301.088
301.042
300.999
300.971
300.93
300.893
300.904
301.24
302.638
304.689
306.013
307.157
309.108
307.188
308.837
305.565
306.441
307.37
307.874
306.728
306.998
310.007
310.036
310.053
310.011
312.988
312.912
313.1
313.054
314.459
314.345
315.022
314.782
315.459
315.269
314.863
316.032
315.854
315.656
315.444
316.56
316.432
316.267
316.068
316.885
316.808
316.672
317.26
317.333
317.051
317.16
317.291
317.318
317.212
317.575
317.499
317.461
314.422
317.159
317.676
317.859
317.22
316.008
311.071
309.939
314.019
313.419
300.025
302.194
300.5
308.43
306.331
300.805
300.828
300.858
300.904
300.965
301.037
301.117
301.195
301.254
301.293
301.316
301.313
301.293
301.26
301.216
301.167
301.117
301.071
301.027
300.994
300.963
300.922
300.92
301.285
303.007
305.824
307.901
309.554
311.191
312.096
312.551
310.261
311.301
308.513
309.35
310.645
311.065
310.128
310.336
312.756
312.758
312.842
312.784
314.046
313.972
314.235
314.134
314.525
314.295
314.418
313.961
315.228
314.998
314.389
314.647
315.86
315.654
315.458
315.266
316.49
316.28
316.073
315.894
316.911
316.717
316.497
317.515
317.416
316.958
316.968
317.221
317.702
317.794
317.882
317.669
317.991
315.799
318.011
318.178
318.359
318.116
317.186
312.591
311.523
315.425
314.866
300.116
303.222
301.296
310.195
308.381
300.831
300.859
300.899
300.953
301.022
301.1
301.181
301.251
301.294
301.324
301.329
301.312
301.284
301.243
301.196
301.146
301.099
301.056
301.015
300.99
300.954
300.939
301.279
303.091
306.572
309.401
310.855
311.826
312.677
313.151
313.06
312.693
313.043
311.638
312.226
313.042
313.224
312.79
312.888
313.846
313.831
313.913
313.871
313.75
313.649
314.074
313.891
313.45
313.052
314.124
313.794
313.109
313.491
315.062
314.852
314.631
314.889
315.734
315.598
315.48
315.365
316.294
316.132
316.022
315.976
316.722
316.512
316.36
317.505
317.249
316.732
316.774
316.981
317.794
318.049
317.905
317.565
318.215
317.031
318.536
318.391
318.586
318.702
318.155
314.14
313.259
316.724
316.266
301.933
305.728
304.209
312.273
311.304
300.859
300.894
300.942
301.006
301.083
301.165
301.241
301.294
301.328
301.341
301.33
301.306
301.269
301.224
301.175
301.127
301.083
301.042
301.007
300.98
300.956
301.214
303.021
306.742
310.137
311.341
311.774
311.913
311.514
310.443
313.125
312.484
313.507
313.412
313.401
313.509
313.816
313.78
313.826
313.826
313.519
313.49
313.584
313.545
312.111
311.975
312.657
312.341
312.403
311.48
314.317
313.936
313.057
313.513
315.242
315.085
315.704
315.966
315.997
316.055
316.129
316.179
316.3
316.343
316.504
316.756
316.57
316.535
316.632
317.269
317.005
316.72
316.975
316.905
317.617
318.018
317.688
317.295
318.155
318.094
318.806
318.327
318.549
319.044
318.839
315.694
315.041
317.903
317.579
309.895
310.885
312.495
314.484
314.413
300.891
300.933
300.991
301.064
301.146
301.227
301.292
301.329
301.352
301.347
301.327
301.293
301.25
301.203
301.155
301.11
301.069
301.03
301.003
300.975
301.106
302.696
306.644
310.304
311.461
311.464
309.994
306.594
309.087
307.051
311.578
310.394
313.09
312.469
313.686
313.485
313.186
312.931
313.44
313.346
311.87
311.833
311.909
311.885
309.392
309.139
310.561
309.885
312.923
312.145
311.407
310.604
315.325
314.833
313.591
314.245
316.185
316.12
317.638
317.943
317.067
317.396
317.704
317.949
316.913
317.333
317.862
318.458
316.842
317.176
317.71
317.086
317.086
317.305
317.85
317.326
317.343
317.781
317.433
317.222
317.912
318.919
318.842
318.1
318.363
319.204
319.277
317.161
316.703
318.903
318.749
310.72
315.184
316.073
316.471
316.785
300.926
300.978
301.047
301.127
301.21
301.283
301.329
301.36
301.361
301.346
301.316
301.276
301.23
301.183
301.138
301.096
301.057
301.02
300.996
301.036
302.118
306.222
310.25
311.463
310.811
307.976
304.069
303.176
302.162
305.968
304.365
308.918
307.466
311.222
310.195
312.548
311.995
311.235
310.802
311.736
311.538
309.032
309.007
309.031
309.023
306.598
305.834
309.389
307.859
313.852
312.808
311.771
310.778
317.163
316.525
314.838
315.741
318.075
318.08
319.953
320.36
319.071
319.651
320.135
320.471
318.404
319.213
320.081
320.949
317.879
318.667
319.623
317.297
317.693
318.666
319.483
318.426
317.356
317.559
317.501
317.525
317.709
319.495
318.736
317.903
318.185
319.21
319.572
318.465
318.172
319.651
319.705
304.448
317.598
314.742
318.123
318.422
300.967
301.03
301.107
301.191
301.27
301.327
301.365
301.372
301.362
301.337
301.299
301.256
301.209
301.164
301.122
301.083
301.045
301.015
301.012
301.606
305.185
309.98
311.459
310.427
306.79
303.173
301.344
301.401
301.033
302.875
301.94
305.637
304.167
308.321
307.062
310.199
309.377
308.273
307.726
308.899
308.656
305.489
305.454
305.515
305.469
305.378
303.937
310.182
308.899
306.743
307.828
315.314
314.017
312.699
311.404
319.352
318.571
316.534
317.627
320.607
320.576
321.572
322.237
321.739
322.381
322.817
322.996
320.682
321.776
322.81
323.695
319.708
320.901
322.167
318.054
319.003
320.765
321.785
320.289
317.716
317.64
317.869
318.375
317.79
319.909
318.636
317.991
318.274
319.219
319.739
319.631
319.5
320.205
320.452
308.176
318.345
315.644
319.476
319.522
301.015
301.087
301.171
301.253
301.321
301.365
301.38
301.376
301.356
301.322
301.278
301.234
301.189
301.148
301.109
301.071
301.034
301.016
301.268
303.919
309.235
311.421
310.44
306.61
303.197
301.379
300.785
300.834
300.784
301.208
300.945
302.482
301.704
304.776
303.536
306.981
305.977
304.64
304.038
305.323
305.067
302.453
302.323
303.091
302.652
306.886
306.109
304.854
303.936
303.076
310.86
309.428
308.1
316.665
315.298
313.838
312.341
320.795
319.93
317.891
318.973
322.978
322.728
321.919
322.766
324.362
324.773
324.876
324.749
323.398
324.489
325.356
325.954
322.169
323.574
324.85
319.52
321.024
323.356
324.398
322.711
318.61
317.978
318.716
319.911
318.059
320.236
318.724
318.233
318.568
319.334
319.86
320.618
320.637
320.667
321.06
302.217
318.684
311.895
320.544
320.267
301.07
301.15
301.234
301.309
301.363
301.39
301.39
301.374
301.342
301.302
301.255
301.214
301.173
301.136
301.102
301.064
301.036
301.112
302.744
307.915
311.266
310.572
306.852
303.603
301.721
300.881
300.705
300.715
300.725
300.718
300.757
300.726
301.008
300.836
301.851
301.331
303.304
302.539
301.737
301.449
302.174
301.986
301.192
301.014
302.331
301.585
307.356
306.625
305.368
304.233
303.242
311.664
310.173
308.724
317.176
315.945
314.595
313.152
321.045
320.167
318.281
319.266
324.273
323.589
321.37
322.494
326.232
326.232
325.911
325.331
325.899
326.668
327.13
327.245
324.83
326.076
327.016
321.574
323.413
325.889
326.646
325.179
320.018
318.671
319.848
321.732
318.645
320.515
319.097
318.82
319.244
319.818
320.07
321.402
321.535
321.1
321.624
300.895
318.32
308.179
321.362
320.751
301.131
301.214
301.295
301.357
301.395
301.402
301.39
301.361
301.322
301.279
301.235
301.201
301.172
301.141
301.104
301.063
301.077
301.904
306.32
310.792
310.928
307.53
304.497
302.521
301.116
300.747
300.691
300.685
300.702
300.685
300.677
300.679
300.694
300.68
300.812
300.732
301.173
300.955
300.774
300.719
300.912
300.839
300.997
300.794
302.847
302.059
301.495
307.952
307.128
305.957
304.813
303.757
312.048
310.682
309.314
316.984
315.928
314.72
313.408
320.357
319.49
317.897
318.708
324.512
323.558
320.042
321.472
327.163
326.794
326.183
325.354
327.636
327.899
327.93
327.825
327.05
327.842
328.283
323.673
325.54
327.715
328.11
327.067
321.531
319.666
321.298
323.556
319.698
320.852
319.854
319.981
320.487
320.639
320.641
322.036
322.202
321.604
322.148
300.26
317.128
304.786
322.008
320.958
301.2
301.28
301.347
301.395
301.41
301.404
301.381
301.343
301.299
301.262
301.239
301.226
301.205
301.167
301.116
301.088
301.456
304.671
309.768
311.048
308.577
305.6
303.474
301.582
300.827
300.701
300.674
300.671
300.682
300.665
300.651
300.658
300.64
300.644
300.644
300.64
300.68
300.656
300.627
300.614
300.7
300.652
301.131
300.79
303.267
302.375
302.15
301.549
308.309
307.264
306.238
305.237
304.241
311.976
310.747
309.516
316.082
315.273
314.279
313.163
318.832
317.944
316.728
317.301
324.293
322.922
318.724
320.664
327.45
326.932
326.22
325.273
328.41
328.402
328.235
327.932
328.391
328.662
328.723
325.627
327.3
328.646
328.547
328.19
323.41
321.235
323.394
325.664
321.477
321.441
321.05
321.766
321.888
321.522
321.394
322.534
322.708
322.127
322.598
300.142
315.803
304.033
322.524
321.029
301.269
301.34
301.395
301.414
301.417
301.399
301.364
301.322
301.295
301.308
301.355
301.372
301.324
301.233
301.137
301.303
303.333
308.418
310.975
309.598
306.794
304.527
302.272
300.961
300.731
300.669
300.671
300.683
300.66
300.658
300.651
300.632
300.641
300.619
300.625
300.61
300.613
300.607
300.608
300.589
300.582
300.666
300.615
301.49
301.763
301.1
300.84
303.658
302.87
302.384
308.307
307.095
306.225
305.346
304.484
311.394
310.382
309.348
314.6
314.011
313.236
312.355
317.013
315.958
315.01
315.38
324.039
322.509
318.017
320.287
327.498
326.914
326.146
325.141
328.686
328.509
328.232
327.862
328.834
328.851
328.793
327.117
327.743
328.684
328.096
328.024
325.396
323.395
324.872
326.411
323.184
322.005
321.909
322.782
322.364
322.01
321.953
322.919
323.11
322.548
322.934
300.316
315.812
305.054
322.882
321.319
301.336
301.39
301.417
301.428
301.415
301.383
301.349
301.345
301.463
301.693
301.843
301.776
301.541
301.281
301.305
302.549
306.912
310.633
310.235
307.923
305.603
303.151
301.18
300.778
300.694
300.658
300.657
300.672
300.649
300.648
300.637
300.617
300.626
300.602
300.609
300.588
300.595
300.58
300.584
300.562
300.56
300.656
300.586
301.941
301.537
301.17
300.97
300.774
303.748
303.046
302.474
307.945
306.578
305.907
305.206
304.482
310.284
309.537
308.761
312.639
312.204
311.631
310.989
315.762
314
312.939
313.292
323.845
322.245
317.743
320.14
327.398
326.794
326.029
325.046
328.581
328.292
327.953
327.583
328.695
328.561
328.417
326.874
326.944
327.89
326.582
326.826
325.607
324.173
324.778
326.036
323.442
322.373
322.084
322.814
322.239
322.003
322.197
323.238
323.412
322.786
323.158
307.145
316.839
312.037
323.144
321.789
301.39
301.418
301.436
301.429
301.401
301.368
301.423
301.717
302.225
302.55
302.504
302.161
301.653
301.408
302.286
305.63
309.774
310.363
308.833
306.602
304.09
301.529
300.837
300.723
300.669
300.648
300.646
300.656
300.635
300.634
300.624
300.601
300.612
300.58
300.59
300.561
300.569
300.559
300.558
300.544
300.532
300.653
300.573
301.976
301.568
301.22
300.977
300.795
303.681
303.07
302.476
307.202
305.834
305.354
304.828
304.267
308.738
308.27
307.766
310.408
310.035
309.624
309.186
315.185
312.753
310.778
311.349
323.776
322.146
317.866
320.359
327.116
326.574
325.883
325.002
327.993
327.673
327.349
326.996
327.506
326.613
326.624
326.119
326.294
326.557
320.06
320.06
325.009
323.728
324.158
325.32
322.987
322.522
321.887
322.317
321.728
321.75
322.161
323.471
323.552
322.888
323.222
314.739
319.811
319.381
323.323
322.537
301.419
301.44
301.442
301.419
301.4
301.501
301.992
302.746
303.237
303.261
302.905
302.314
301.734
302.318
304.998
308.791
310.294
309.433
307.429
304.933
302.031
300.919
300.752
300.695
300.649
300.649
300.633
300.63
300.621
300.617
300.608
300.583
300.595
300.561
300.572
300.541
300.552
300.53
300.53
300.528
300.509
300.698
300.612
300.559
301.989
301.619
301.254
301.033
300.82
303.514
302.991
302.459
306.242
305.523
305.071
304.578
304.062
307.118
306.866
306.589
308.419
308.019
307.697
307.374
315.115
312.349
309.016
310.183
323.835
322.29
318.89
321.303
326.595
326.164
325.66
324.987
326.084
325.947
325.85
325.678
326.358
319.838
320.065
320.203
320.452
320.48
314.394
314.505
319.931
319.401
320.333
320.291
319.039
322.44
321.415
318.644
318.293
321.313
321.87
323.517
323.649
322.732
323
306.659
321.766
320.313
323.512
323.132
301.447
301.452
301.437
301.422
301.561
302.212
303.207
303.863
303.999
303.718
303.163
302.527
302.624
304.97
308.134
310.019
309.648
308.003
305.622
302.622
301.034
300.779
300.722
300.672
300.626
300.631
300.624
300.641
300.613
300.613
300.604
300.599
300.592
300.567
300.579
300.545
300.556
300.52
300.531
300.509
300.513
300.51
300.5
300.709
300.621
300.554
302.083
301.847
301.364
301.186
300.879
303.571
302.988
302.672
305.872
306.11
305.55
304.911
304.212
306.599
306.392
306.179
307.69
307.248
307.016
306.792
316.059
312.787
308.426
310.032
324.142
322.824
320.997
322.627
325.5
325.272
325.038
324.529
320.034
320.013
320.101
320.046
320.277
314.523
314.693
314.558
314.581
314.734
308.08
308.144
314.511
314.391
314.62
314.546
314.186
322.191
317.98
313.913
313.672
317.655
321.559
323.502
323.696
322.408
323.055
301.114
322.641
318.289
323.67
323.452
301.461
301.451
301.431
301.589
302.355
303.567
304.406
304.676
304.525
304.146
303.703
303.582
305.225
307.984
309.691
309.629
308.294
306.09
303.133
301.171
300.807
300.745
300.7
300.655
300.607
300.612
300.6
300.633
300.599
300.588
300.586
300.576
300.551
300.564
300.525
300.538
300.508
300.516
300.498
300.501
300.498
300.484
300.77
300.638
300.533
300.688
300.619
302.544
302.539
301.702
301.585
301.048
304.366
303.418
303.547
306.489
308.235
307.506
306.535
305.425
307.122
306.955
306.795
308.042
307.481
307.298
307.147
318.526
315.073
309.028
311.67
324.372
323.337
322.593
323.22
320.088
320.063
320.311
323.652
314.703
314.732
314.922
314.913
314.529
308.229
308.361
308.171
308.196
308.38
302.562
302.561
308.173
308.144
308.243
308.173
308.068
321.752
313.431
307.943
307.831
313.125
317.529
323.423
323.745
322.594
322.657
300.85
322.609
311.463
323.738
323.532
301.464
301.45
301.59
302.405
303.806
304.847
305.225
305.234
305.077
304.942
305.093
306.155
308.064
309.447
309.503
308.339
306.295
303.467
301.295
300.835
300.765
300.726
300.681
300.642
300.594
300.599
300.605
300.589
300.621
300.573
300.575
300.561
300.535
300.548
300.514
300.523
300.496
300.505
300.483
300.488
300.498
300.561
300.464
300.926
300.811
300.696
303.777
303.964
302.518
302.408
301.437
306.428
304.866
305.465
308.659
311.7
310.874
309.661
308.097
309.247
309.147
308.998
310.494
309.585
309.337
309.244
321.759
319.532
312.39
316.283
323.87
323.551
322.943
320.808
315.128
315.119
320.709
315.526
308.355
308.429
308.545
308.583
308.203
302.59
302.618
302.559
302.56
302.607
302.551
302.553
302.566
302.55
302.526
317.5
307.71
302.492
302.458
307.527
312.982
323.422
323.709
321.676
317.145
322.807
385.276
321.986
313.599
323.737
323.452
301.466
301.585
302.396
303.91
305.141
305.601
305.711
305.752
305.888
306.284
307.096
308.131
309.167
309.213
308.228
306.282
303.577
301.369
300.86
300.785
300.747
300.71
300.665
300.626
300.616
300.58
300.585
300.592
300.598
300.561
300.566
300.548
300.523
300.535
300.502
300.512
300.483
300.492
300.462
300.473
300.568
300.683
300.479
300.604
300.451
301.257
301.048
300.846
305.932
306.097
303.963
303.714
302.165
309.679
307.492
308.303
312.26
315.877
314.881
313.577
311.785
313.036
312.941
312.712
316.204
314.176
313.37
313.082
322.927
322.843
319.644
322.08
320.351
320.595
321.176
316.493
308.746
308.763
315.828
309.126
302.621
302.656
302.696
302.724
302.563
312.807
302.422
302.376
307.446
323.028
323.571
317.338
312.674
321.918
317.119
674.793
322.138
328.718
323.702
323.397
301.556
302.348
303.906
305.282
305.783
305.915
306.012
306.225
306.621
307.217
308.009
308.74
308.652
307.813
306.042
303.476
301.373
300.876
300.805
300.768
300.734
300.698
300.659
300.617
300.606
300.601
300.571
300.577
300.584
300.593
300.552
300.557
300.539
300.514
300.526
300.489
300.501
300.465
300.477
300.446
300.453
300.791
300.612
301.072
300.499
300.448
301.821
301.432
308.629
308.445
305.876
305.305
303.232
313.327
310.839
311.325
316.666
320.047
318.817
317.346
315.558
317.899
317.652
317.276
323.901
321.793
319.469
318.315
321.383
323.434
324.49
324.146
315.774
316.372
316.8
309.674
302.769
302.799
309.193
302.89
307.319
302.352
322.732
323.533
312.609
307.24
317.633
312.518
769.935
322.297
346.994
323.606
323.268
302.146
303.845
305.297
305.853
305.953
305.994
306.155
306.488
306.994
307.594
307.959
307.737
306.917
305.352
303.041
301.306
300.886
300.82
300.787
300.757
300.723
300.688
300.648
300.612
300.597
300.592
300.587
300.563
300.57
300.578
300.544
300.549
300.53
300.503
300.517
300.476
300.49
300.449
300.463
300.437
300.438
300.927
301.351
300.669
301.939
300.514
300.446
300.534
302.601
311.124
310.383
307.784
306.781
304.453
316.463
313.976
313.743
321.095
323.791
322.268
320.556
318.631
323.315
322.572
321.907
326.228
326.857
326.235
324.65
317.178
322.042
325.486
322.427
309.266
309.493
309.792
303.065
302.921
302.301
322.895
316.975
323.047
307.184
302.278
312.877
307.12
901.783
322.868
407.074
323.367
323.143
303.56
305.271
305.859
305.928
305.845
305.831
305.982
306.273
306.563
306.675
306.434
305.677
304.269
302.4
301.186
300.893
300.838
300.804
300.776
300.749
300.713
300.681
300.643
300.609
300.589
300.587
300.582
300.577
300.573
300.555
300.563
300.535
300.541
300.521
300.494
300.507
300.467
300.48
300.441
300.453
300.425
300.432
301.639
301.06
302.478
300.717
303.466
300.542
300.542
300.461
300.424
312.844
311.328
309.181
307.707
305.542
318.687
316.263
315.221
325.13
327.063
325.208
323.175
320.967
328.489
327.33
326.191
323.639
327.807
328.497
328.943
310.052
317.515
323.662
317.845
302.952
303.031
303.114
321.743
317.127
312.271
322.665
302.263
307.183
302.236
937.033
326.336
541.001
323.247
323.184
305.093
305.856
305.882
305.497
305.089
304.85
304.849
304.982
305.051
304.835
304.175
303.058
301.783
301.07
300.897
300.856
300.827
300.795
300.768
300.743
300.708
300.677
300.642
300.607
300.586
300.586
300.573
300.57
300.568
300.563
300.558
300.549
300.527
300.534
300.513
300.485
300.499
300.459
300.472
300.435
300.446
300.416
300.422
302.927
301.873
301.139
304.21
300.731
300.726
300.534
300.45
300.425
313.419
311.497
309.648
307.947
306.147
320.145
317.628
315.712
328.678
329.919
327.777
325.357
322.761
330.448
330.424
329.927
318.08
324.35
328.77
330.023
303.173
310.157
318.213
310.319
317.674
312.329
307.024
322.481
317.079
302.247
957.341
343.652
643.553
323.061
324.3
305.822
305.873
305.26
304.424
303.783
303.465
303.415
303.403
303.208
302.742
302.035
301.339
300.993
300.901
300.872
300.846
300.82
300.789
300.763
300.736
300.704
300.675
300.642
300.606
300.586
300.587
300.567
300.566
300.56
300.556
300.552
300.547
300.543
300.52
300.529
300.506
300.478
300.492
300.451
300.464
300.425
300.438
300.41
300.417
304.57
303.124
301.942
301.15
301.115
300.701
300.516
300.44
300.418
313.446
311.238
309.643
307.848
306.26
321.177
318.306
315.768
331.14
331.732
330.121
327.318
324.261
330.994
331.407
331.483
310.292
318.192
324.449
329.854
303.202
310.365
303.239
312.536
307.018
302.225
322.3
317.054
312.415
973.788
374.426
735.975
322.991
328.398
305.888
305.193
304.063
303.078
302.461
302.237
302.148
302.014
301.763
301.415
301.106
300.961
300.911
300.885
300.864
300.84
300.816
300.786
300.761
300.734
300.702
300.675
300.644
300.608
300.587
300.587
300.566
300.567
300.553
300.551
300.544
300.541
300.537
300.532
300.514
300.523
300.499
300.471
300.485
300.442
300.456
300.416
300.429
300.397
300.41
300.405
304.619
303.123
301.917
301.781
301.036
300.657
300.493
300.425
313.069
310.538
309.198
307.337
306.096
322.013
318.681
315.646
332.127
332.548
331.809
329.265
325.684
330.668
331.68
332.012
303.226
310.302
318.046
324.741
303.234
307.096
302.214
322.118
317.217
312.419
307.035
988.732
414.154
830.813
323.201
334.805
305.245
303.985
302.809
301.982
301.63
301.497
301.404
301.283
301.137
301.017
300.955
300.926
300.903
300.881
300.861
300.834
300.812
300.786
300.757
300.733
300.701
300.671
300.64
300.576
300.613
300.57
300.572
300.549
300.548
300.538
300.537
300.528
300.524
300.517
300.508
300.493
300.464
300.478
300.435
300.449
300.407
300.421
300.383
300.391
300.4
300.393
304.454
302.957
302.647
301.585
300.928
300.603
300.465
300.41
312.372
309.58
308.39
306.589
305.642
322.811
318.909
315.323
332.46
332.847
332.69
330.979
327.197
324.924
331.455
332.066
303.218
310.206
318.058
302.23
321.899
317.462
312.559
307.025
302.225
999.346
464.181
887.473
323.758
347.301
304.094
302.805
301.892
301.422
301.253
301.177
301.111
301.044
300.994
300.963
300.943
300.922
300.9
300.879
300.859
300.832
300.808
300.784
300.753
300.729
300.698
300.669
300.635
300.578
300.553
300.554
300.607
300.548
300.549
300.535
300.534
300.521
300.52
300.514
300.51
300.502
300.488
300.458
300.473
300.429
300.444
300.401
300.415
300.383
300.374
300.376
300.395
300.388
304.046
303.511
302.268
301.354
300.806
300.546
300.437
311.641
308.56
307.41
305.692
304.976
323.728
319.078
315.003
332.475
332.93
333.08
332.118
328.782
325.217
318.05
331.975
303.19
310.193
321.829
317.315
312.763
307.12
302.224
1005.81
528.383
917.625
325.178
366.361
303.032
301.952
301.404
301.196
301.12
301.072
301.03
300.996
300.976
300.961
300.943
300.921
300.899
300.88
300.858
300.833
300.807
300.782
300.748
300.727
300.695
300.671
300.638
300.583
300.551
300.552
300.531
300.531
300.604
300.533
300.532
300.518
300.517
300.506
300.504
300.499
300.494
300.484
300.454
300.469
300.425
300.44
300.396
300.41
300.383
300.368
300.366
300.37
300.374
300.41
300.382
304.214
302.926
301.873
301.117
300.691
300.492
310.956
307.677
306.387
304.762
324.879
319.336
314.846
332.268
332.705
333.248
332.883
330.199
325.407
318.204
310.178
303.189
321.881
317.136
312.639
307.262
302.246
1009.49
585.531
935.695
328.174
386.609
302.326
301.46
301.202
301.121
301.078
301.041
301.013
300.992
300.978
300.963
300.943
300.921
300.9
300.881
300.859
300.838
300.808
300.778
300.747
300.732
300.7
300.672
300.642
300.584
300.554
300.556
300.533
300.535
300.516
300.517
300.611
300.517
300.516
300.502
300.501
300.491
300.489
300.479
300.449
300.464
300.419
300.434
300.39
300.405
300.389
300.363
300.363
300.358
300.363
300.368
300.375
300.443
300.376
303.45
302.36
301.492
300.908
300.588
310.425
306.989
305.455
303.912
326.233
319.827
314.823
325.598
332.781
326.049
333.301
333.352
331.448
318.342
310.259
303.188
321.984
318.184
312.46
307.153
302.288
1011.72
634.871
947.085
332.495
407.054
301.754
301.231
301.14
301.102
301.072
301.043
301.015
300.995
300.98
300.966
300.945
300.924
300.905
300.881
300.859
300.838
300.812
300.776
300.754
300.732
300.706
300.677
300.647
300.553
300.589
300.538
300.544
300.518
300.518
300.5
300.5
300.615
300.5
300.5
300.486
300.485
300.475
300.473
300.445
300.46
300.415
300.43
300.386
300.4
300.406
300.361
300.357
300.355
300.357
300.358
300.368
300.37
300.388
300.502
300.371
302.763
301.848
301.168
300.73
310.264
306.745
304.744
303.244
327.719
320.598
315.16
318.48
326.512
319.026
333.21
333.646
332.505
310.401
303.225
322.486
317.575
313.332
307.029
302.292
1011.77
672.932
944.947
337.907
423.436
301.335
301.156
301.125
301.1
301.073
301.045
301.016
300.999
300.984
300.97
300.948
300.928
300.912
300.884
300.861
300.838
300.817
300.781
300.757
300.736
300.714
300.683
300.655
300.554
300.522
300.525
300.591
300.52
300.519
300.501
300.502
300.484
300.485
300.628
300.484
300.484
300.47
300.468
300.458
300.442
300.412
300.428
300.382
300.397
300.445
300.367
300.352
300.353
300.349
300.355
300.357
300.368
300.387
300.385
300.43
300.596
300.368
302.195
301.437
300.911
310.336
306.814
304.461
302.957
329.302
321.764
315.882
310.515
326.407
319.371
310.833
333.312
333.805
333.333
303.278
323.243
318.345
312.912
307.6
302.204
1008.41
696.899
932.421
342.106
440.99
301.198
301.137
301.12
301.094
301.07
301.043
301.019
301.002
300.988
300.972
300.95
300.931
300.91
300.884
300.864
300.843
300.818
300.788
300.762
300.742
300.718
300.685
300.656
300.558
300.529
300.533
300.504
300.509
300.597
300.502
300.503
300.487
300.489
300.466
300.466
300.636
300.467
300.466
300.455
300.453
300.439
300.41
300.425
300.38
300.395
300.542
300.399
300.354
300.351
300.344
300.347
300.35
300.37
300.37
300.418
300.467
300.435
300.544
300.781
300.366
301.916
301.216
310.934
307.429
304.484
302.946
330.835
323.279
317.091
303.323
319.434
327.068
310.867
303.404
333.857
333.976
323.955
318.149
313.653
307.187
302.435
982.205
689.997
859.125
348.69
448.299
301.17
301.139
301.122
301.091
301.071
301.045
301.024
301.007
300.993
300.975
300.953
300.931
300.913
300.892
300.866
300.848
300.822
300.799
300.772
300.751
300.729
300.688
300.664
300.533
300.563
300.514
300.521
300.488
300.489
300.605
300.487
300.486
300.466
300.468
300.451
300.451
300.639
300.452
300.451
300.437
300.407
300.423
300.378
300.392
300.773
300.524
300.369
300.342
300.349
300.34
300.342
300.347
300.365
300.438
300.434
300.588
300.738
300.607
300.881
301.197
300.364
301.893
312.06
308.646
305.075
303.385
332.265
325.1
318.782
310.975
319.811
327.204
303.404
333.973
334.413
325.275
317.881
313.533
307.789
302.298
581.163
665.053
562.051
353.593
455.907
301.16
301.132
301.119
301.093
301.072
301.049
301.03
301.012
300.997
300.979
300.952
300.931
300.918
300.9
300.872
300.856
300.829
300.809
300.78
300.765
300.744
300.704
300.68
300.538
300.501
300.505
300.568
300.491
300.495
300.472
300.475
300.612
300.47
300.472
300.452
300.453
300.434
300.434
300.66
300.436
300.435
300.406
300.422
300.377
300.391
301.38
300.904
300.437
300.339
300.348
300.336
300.337
300.346
300.356
300.426
300.654
300.64
301.075
301.477
301.124
301.796
302.186
300.362
313.721
310.3
306.268
304.305
333.578
327.14
320.856
303.453
311.052
320.129
327.968
334.173
334.765
327.001
317.922
313.234
307.724
302.499
300.798
642.811
376.18
362.656
459.999
301.162
301.14
301.121
301.094
301.077
301.054
301.037
301.019
301.001
300.988
300.965
300.943
300.928
300.91
300.884
300.868
300.838
300.822
300.793
300.778
300.756
300.727
300.688
300.541
300.51
300.514
300.484
300.49
300.58
300.477
300.481
300.458
300.458
300.622
300.455
300.457
300.434
300.435
300.42
300.42
300.677
300.421
300.406
300.376
300.39
302.839
301.862
300.651
300.339
300.335
300.348
300.33
300.328
300.334
300.372
300.401
300.615
301.226
301.195
302.219
303.107
302.408
303.786
300.362
315.719
312.298
307.859
305.627
334.601
329.181
323.063
303.472
311.245
320.342
328.178
334.872
328.065
317.945
313.196
307.518
302.488
300.584
602.701
330.344
373.534
462.905
301.164
301.14
301.118
301.096
301.082
301.062
301.051
301.031
301.012
300.997
300.977
300.958
300.942
300.917
300.901
300.884
300.854
300.838
300.814
300.791
300.762
300.74
300.707
300.512
300.55
300.494
300.502
300.466
300.47
300.588
300.461
300.461
300.437
300.441
300.635
300.436
300.437
300.421
300.422
300.405
300.405
300.691
300.376
300.39
303.802
301.214
300.349
300.334
300.327
300.326
300.348
300.329
300.325
300.335
300.465
300.546
301.112
302.476
302.43
304.372
305.957
304.875
307.096
300.361
317.946
314.407
309.701
335.248
330.937
325.27
303.536
311.367
320.477
327.95
335.086
332.841
317.828
313.012
307.522
302.435
301.035
531.152
326.534
384.175
478.142
301.168
301.144
301.124
301.102
301.086
301.072
301.054
301.038
301.022
301.005
300.984
300.969
300.956
300.932
300.916
300.898
300.872
300.849
300.83
300.806
300.786
300.757
300.73
300.512
300.486
300.489
300.556
300.475
300.481
300.449
300.453
300.595
300.442
300.447
300.427
300.425
300.652
300.423
300.425
300.406
300.406
300.39
300.709
300.376
306.905
302.434
300.397
300.334
300.326
300.324
300.323
300.323
300.348
300.332
300.323
300.351
300.725
300.932
302.19
304.704
304.656
307.607
309.857
308.56
311.507
300.361
320.192
316.427
335.757
332.444
327.394
303.547
311.423
320.494
328.52
335.26
325.963
341.233
312.866
318.427
307.402
302.416
300.311
445.555
309.334
396.91
467.878
301.181
301.154
301.131
301.114
301.091
301.08
301.064
301.052
301.034
301.019
301.003
300.985
300.966
300.948
300.929
300.912
300.89
300.867
300.85
300.827
300.805
300.781
300.755
300.488
300.523
300.469
300.476
300.565
300.459
300.464
300.434
300.438
300.611
300.427
300.429
300.412
300.415
300.668
300.407
300.409
300.39
300.391
300.728
300.376
310.899
304.554
300.541
300.322
300.334
300.323
300.322
300.319
300.316
300.349
300.353
300.328
300.411
301.332
301.791
304.087
307.902
307.882
311.594
314.437
313.131
300.362
322.347
318.207
336.092
333.729
329.399
303.551
311.353
320.624
328.498
335.4
328.456
348.617
307.305
312.779
318.434
302.374
300.131
370.307
303.368
425.441
439.752
301.186
301.164
301.144
301.128
301.108
301.091
301.078
301.065
301.044
301.027
301.019
301.002
300.985
300.965
300.948
300.93
300.909
300.884
300.867
300.848
300.824
300.799
300.779
300.49
300.465
300.466
300.529
300.454
300.457
300.579
300.441
300.446
300.419
300.421
300.629
300.415
300.416
300.394
300.396
300.689
300.392
300.393
300.377
300.744
315.388
307.585
300.905
300.315
300.322
300.314
300.335
300.315
300.315
300.318
300.314
300.35
300.416
300.349
300.58
302.496
303.349
306.785
311.76
311.794
315.952
319.55
300.362
324.247
336.306
334.827
331.157
303.545
311.401
320.565
328.672
335.542
329.211
362.953
302.341
307.196
312.594
318.249
300.062
329.155
301.222
429.154
398.369
301.192
301.174
301.153
301.135
301.122
301.106
301.093
301.085
301.071
301.046
301.036
301.018
301.007
300.984
300.965
300.948
300.932
300.908
300.888
300.866
300.847
300.824
300.809
300.466
300.497
300.445
300.455
300.535
300.434
300.44
300.586
300.427
300.43
300.401
300.406
300.647
300.397
300.401
300.383
300.385
300.709
300.379
300.381
300.776
320.469
311.243
301.662
300.31
300.323
300.313
300.313
300.31
300.335
300.311
300.31
300.322
300.312
300.351
300.566
300.406
300.975
304.301
305.649
310.12
316.028
316.1
321.024
325.684
300.363
336.395
335.662
332.417
303.544
311.329
320.459
328.608
335.755
333.942
381.035
302.292
307.079
312.514
319.031
300.036
312.274
300.459
420.742
357.011
301.193
301.178
301.163
301.147
301.136
301.121
301.109
301.097
301.088
301.071
301.053
301.041
301.027
301.007
300.982
300.968
300.949
300.929
300.912
300.881
300.87
300.849
300.829
300.47
300.439
300.444
300.507
300.426
300.434
300.551
300.418
300.422
300.6
300.411
300.416
300.388
300.391
300.668
300.387
300.386
300.366
300.368
300.731
300.365
300.805
326.577
315.354
302.924
300.303
300.309
300.323
300.309
300.309
300.303
300.336
300.308
300.304
300.34
300.315
300.353
300.869
300.528
301.724
306.665
308.554
314.053
321.058
321.151
327.008
336.269
336.036
333.071
303.523
311.239
320.376
328.529
342.513
328.678
402.003
302.255
306.979
312.579
318.618
300.02
304.691
300.164
400.643
326.209
301.201
301.19
301.178
301.166
301.148
301.141
301.127
301.109
301.102
301.091
301.071
301.059
301.043
301.031
301.01
300.991
300.972
300.951
300.939
300.909
300.893
300.865
300.854
300.444
300.477
300.425
300.433
300.518
300.414
300.419
300.564
300.399
300.408
300.615
300.391
300.396
300.375
300.377
300.687
300.371
300.374
300.355
300.358
300.759
300.831
320.284
304.662
300.299
300.31
300.302
300.3
300.324
300.302
300.302
300.298
300.337
300.306
300.301
300.381
300.328
301.43
300.742
302.834
309.621
312.104
318.837
326.93
327.068
333.215
336.239
327.808
336.074
303.503
311.189
320.31
328.973
356.855
399.048
302.197
306.969
312.432
319.185
300.014
301.598
300.064
372.313
310.911
301.214
301.205
301.195
301.182
301.168
301.157
301.146
301.131
301.118
301.102
301.091
301.077
301.062
301.043
301.022
301.01
300.992
300.975
300.957
300.934
300.916
300.895
300.877
300.448
300.418
300.421
300.486
300.408
300.414
300.529
300.398
300.403
300.581
300.389
300.393
300.642
300.382
300.383
300.364
300.364
300.712
300.361
300.363
300.338
300.34
300.787
300.85
326.063
306.868
300.294
300.297
300.311
300.297
300.297
300.326
300.297
300.297
300.292
300.307
300.299
300.461
300.355
302.216
301.064
304.273
313.704
316.67
324.568
332.79
333.167
336.047
336.187
327.942
319.736
303.486
311.124
332.7
372.854
390.931
302.189
306.839
312.554
327.944
318.516
300.012
300.475
300.039
341.52
303.68
301.229
301.22
301.212
301.194
301.18
301.173
301.156
301.148
301.134
301.119
301.107
301.09
301.08
301.065
301.044
301.026
301.007
300.991
300.974
300.957
300.927
300.915
300.902
300.42
300.456
300.403
300.41
300.498
300.392
300.397
300.545
300.382
300.39
300.599
300.375
300.378
300.662
300.365
300.372
300.348
300.351
300.738
300.342
300.345
300.327
300.33
300.817
300.879
332.033
310.097
300.291
300.298
300.291
300.291
300.312
300.29
300.291
300.291
300.291
300.287
300.314
300.298
300.586
300.4
303.242
301.508
306.294
319.091
322.318
330.745
335.438
335.888
334.954
336.372
319.678
328.125
310.841
303.463
341.828
381.743
375.725
302.121
306.891
312.291
327.706
318.023
300.011
300.148
300.032
317.387
301.086
301.244
301.235
301.226
301.213
301.2
301.185
301.172
301.158
301.142
301.132
301.12
301.105
301.09
301.074
301.058
301.042
301.024
301.008
300.991
300.975
300.953
300.937
300.917
300.394
300.425
300.467
300.389
300.394
300.509
300.378
300.382
300.564
300.369
300.371
300.618
300.36
300.365
300.687
300.354
300.357
300.337
300.336
300.773
300.332
300.334
300.313
300.315
300.839
300.899
334.91
314.932
300.289
300.289
300.299
300.288
300.285
300.284
300.283
300.283
300.284
300.285
300.283
300.327
300.3
300.769
300.468
305.29
302.214
310.095
325.569
328.711
334.112
335.994
335.515
310.881
319.625
327.173
303.401
352.559
378.245
351.147
302.13
306.696
312.044
332.876
325.3
317.589
300.01
300.068
300.028
306.352
300.293
301.257
301.248
301.24
301.223
301.215
301.199
301.188
301.174
301.159
301.138
301.127
301.115
301.098
301.084
301.069
301.053
301.036
301.018
301.003
300.984
300.966
300.949
300.932
300.399
300.383
300.37
300.374
300.434
300.478
300.375
300.521
300.364
300.369
300.581
300.355
300.359
300.64
300.348
300.351
300.704
300.341
300.347
300.322
300.325
300.794
300.317
300.319
300.3
300.302
300.861
300.917
335.556
321.188
300.288
300.286
300.286
300.286
300.276
300.276
300.278
300.277
300.279
300.28
300.28
300.349
300.305
301.057
300.573
309.877
304.181
315.906
331.035
332.911
334.983
335.31
303.393
310.815
319.239
326.943
367.717
369.748
324.247
302.073
306.544
311.915
342.646
330.163
324.142
317.14
300.009
300.049
300.025
301.894
300.103
301.27
301.261
301.251
301.234
301.224
301.21
301.194
301.179
301.169
301.147
301.133
301.123
301.106
301.091
301.075
301.058
301.043
301.026
301.009
300.991
300.973
300.957
300.942
300.373
300.405
300.363
300.357
300.364
300.447
300.489
300.358
300.537
300.351
300.356
300.598
300.341
300.347
300.668
300.335
300.336
300.743
300.325
300.326
300.311
300.313
300.818
300.305
300.308
300.288
300.29
300.882
300.926
335.087
327.992
300.29
300.277
300.279
300.278
300.278
300.271
300.271
300.272
300.272
300.273
300.275
300.278
300.386
300.316
301.743
300.801
316.887
309.578
323.208
333.121
334.205
334.784
303.37
310.664
319.218
326.643
367.34
354.04
309.218
302.021
306.475
311.678
356.411
337.472
328.312
323.327
316.677
300.009
300.042
300.023
300.479
300.064
301.28
301.27
301.26
301.243
301.231
301.218
301.203
301.188
301.175
301.157
301.14
301.124
301.109
301.093
301.077
301.061
301.044
301.028
301.01
300.992
300.975
300.96
300.944
300.348
300.382
300.411
300.351
300.342
300.348
300.457
300.505
300.345
300.553
300.335
300.337
300.62
300.325
300.328
300.696
300.317
300.323
300.77
300.315
300.317
300.297
300.3
300.842
300.292
300.294
300.275
300.277
300.902
300.928
331.689
300.299
300.271
300.273
300.274
300.271
300.264
300.265
300.266
300.265
300.268
300.27
300.28
300.479
300.346
303.657
301.626
324.986
318.085
328.917
333.431
334.336
326.537
303.35
310.715
319.102
363.251
329.97
302.775
301.994
306.347
311.367
359.97
350.582
335.347
327.339
322.842
316.247
300.008
300.037
300.021
300.144
300.053
301.289
301.278
301.266
301.25
301.235
301.221
301.206
301.19
301.173
301.156
301.14
301.123
301.107
301.091
301.076
301.058
301.04
301.025
301.006
300.988
300.971
300.955
300.939
300.347
300.337
300.325
300.329
300.387
300.424
300.337
300.329
300.466
300.518
300.331
300.573
300.319
300.327
300.643
300.314
300.317
300.724
300.309
300.312
300.793
300.302
300.304
300.285
300.289
300.869
300.28
300.282
300.266
300.266
300.264
300.91
300.923
332.866
300.337
300.265
300.264
300.265
300.265
300.259
300.259
300.26
300.259
300.265
300.269
300.297
300.752
300.456
309.721
304.099
329.356
326.066
331.363
332.757
326.433
319.13
303.358
310.655
352.839
311.575
300.688
301.954
306.183
311.104
357.404
354.605
347.789
334.726
326.76
322.114
315.704
300.007
300.034
300.019
300.079
300.048
301.295
301.283
301.267
301.253
301.237
301.221
301.204
301.187
301.169
301.152
301.134
301.117
301.101
301.084
301.065
301.047
301.031
301.011
300.992
300.977
300.961
300.944
300.927
300.328
300.36
300.32
300.312
300.319
300.397
300.439
300.324
300.315
300.483
300.534
300.319
300.594
300.31
300.314
300.669
300.303
300.306
300.75
300.295
300.299
300.83
300.292
300.294
300.271
300.274
300.887
300.266
300.268
300.262
300.263
300.257
300.257
300.912
300.908
332.583
300.482
300.259
300.26
300.261
300.26
300.253
300.253
300.257
300.254
300.265
300.27
300.371
301.753
300.883
319.91
311.051
330.679
329.538
332.024
326.878
319.165
310.708
303.352
332.321
303.5
300.188
301.905
306.046
310.917
349.556
353.068
351.606
347.416
337.568
327.302
321.646
315.367
300.007
300.031
300.018
300.063
300.044
301.298
301.284
301.267
301.251
301.235
301.217
301.198
301.178
301.162
301.142
301.124
301.107
301.09
301.07
301.05
301.032
301.011
300.992
300.98
300.961
300.944
300.925
300.906
300.305
300.332
300.37
300.308
300.3
300.303
300.407
300.45
300.311
300.303
300.498
300.55
300.306
300.623
300.298
300.302
300.7
300.291
300.294
300.776
300.283
300.289
300.856
300.276
300.28
300.26
300.262
300.893
300.255
300.258
300.254
300.256
300.252
300.254
300.904
300.886
326.126
301.052
300.253
300.254
300.254
300.253
300.247
300.248
300.257
300.253
300.273
300.289
300.634
304.9
302.256
326.617
322.145
330.847
330.357
326.048
319.77
310.845
303.39
312.487
300.862
300.091
301.855
305.946
310.629
332.074
347.157
351.045
351.474
348.724
342.266
329.621
321.433
315.63
300.006
300.029
300.017
300.056
300.04
301.299
301.282
301.263
301.247
301.227
301.208
301.188
301.169
301.149
301.13
301.11
301.092
301.069
301.05
301.027
301.008
300.993
300.976
300.954
300.938
300.921
300.899
300.877
300.305
300.292
300.278
300.284
300.341
300.38
300.295
300.288
300.419
300.462
300.298
300.291
300.514
300.577
300.293
300.65
300.286
300.288
300.73
300.28
300.282
300.812
300.272
300.274
300.87
300.265
300.268
300.248
300.251
300.893
300.247
300.247
300.246
300.25
300.25
300.244
300.246
300.889
300.855
319.38
302.854
300.247
300.248
300.249
300.247
300.243
300.247
300.265
300.255
300.316
300.377
301.456
313.135
306.163
329.005
327.605
326.544
325.995
319.642
311.195
303.453
303.778
300.225
300.071
301.83
305.796
310.464
312.33
330.939
345.459
350.623
352.792
351.218
347.64
332.847
331.255
316.296
300.006
300.027
300.016
300.051
300.037
301.298
301.278
301.257
301.237
301.217
301.194
301.176
301.154
301.134
301.112
301.088
301.065
301.046
301.025
301.005
300.987
300.965
300.943
300.93
300.907
300.886
300.864
300.843
300.283
300.313
300.276
300.27
300.275
300.351
300.389
300.283
300.272
300.431
300.478
300.284
300.277
300.531
300.603
300.281
300.679
300.275
300.278
300.761
300.265
300.271
300.839
300.261
300.263
300.875
300.254
300.257
300.238
300.241
300.885
300.243
300.244
300.236
300.242
300.244
300.24
300.242
300.864
300.82
311.042
307.388
300.241
300.241
300.241
300.241
300.242
300.249
300.31
300.272
300.469
300.715
303.706
323.587
316.002
329.418
329.014
320.515
326.195
320.06
311.331
303.529
300.944
300.102
300.063
301.785
305.722
310.494
303.775
311.507
328.631
343.558
350.983
354.277
354.652
351.029
326.163
348.225
317.19
300.006
300.025
300.015
300.048
300.035
301.294
301.268
301.245
301.224
301.197
301.18
301.156
301.134
301.111
301.088
301.065
301.043
301.018
300.995
300.974
300.955
300.935
300.915
300.898
300.873
300.851
300.825
300.799
300.259
300.289
300.32
300.266
300.257
300.262
300.36
300.4
300.27
300.261
300.443
300.493
300.275
300.265
300.553
300.629
300.271
300.707
300.264
300.267
300.796
300.258
300.261
300.849
300.251
300.254
300.874
300.245
300.248
300.229
300.232
300.87
300.237
300.238
300.23
300.234
300.23
300.237
300.239
300.233
300.235
300.835
300.773
303.526
317.835
300.238
300.237
300.237
300.236
300.244
300.266
300.481
300.335
300.945
301.74
308.802
327.882
324.986
325.937
311.804
320.649
311.597
303.629
300.244
300.077
300.058
301.751
305.639
310.63
300.946
303.447
310.338
324.855
341.118
350.697
354.7
356.048
338.816
355.922
339.06
318.771
300.013
300.024
300.045
300.033
301.278
301.253
301.232
301.205
301.184
301.159
301.134
301.109
301.083
301.063
301.039
301.015
300.989
300.968
300.944
300.924
300.903
300.879
300.85
300.836
300.801
300.782
300.754
300.235
300.264
300.251
300.297
300.332
300.254
300.246
300.369
300.411
300.255
300.248
300.458
300.514
300.26
300.254
300.581
300.661
300.26
300.744
300.253
300.255
300.817
300.247
300.25
300.857
300.241
300.246
300.866
300.237
300.238
300.223
300.228
300.224
300.847
300.233
300.228
300.227
300.232
300.232
300.23
300.231
300.794
300.729
325.665
300.237
300.231
300.231
300.233
300.261
300.332
301.008
300.536
302.198
304.275
319.421
328.701
328.046
320.456
326.229
303.697
312.27
303.709
300.109
300.069
300.054
301.725
305.634
311.115
300.246
300.837
302.985
308.779
319.808
335.409
347.7
353.569
354.043
356.045
352.695
334.981
320.611
300.013
300.023
300.021
300.042
300.03
301.266
301.241
301.213
301.188
301.164
301.136
301.106
301.079
301.059
301.032
301.012
300.981
300.955
300.928
300.909
300.882
300.87
300.837
300.812
300.784
300.76
300.734
300.708
300.213
300.241
300.234
300.227
300.266
300.305
300.342
300.24
300.233
300.38
300.423
300.247
300.237
300.473
300.534
300.251
300.244
300.61
300.693
300.247
300.775
300.24
300.245
300.832
300.235
300.239
300.856
300.23
300.231
300.849
300.223
300.228
300.217
300.211
300.223
300.212
300.21
300.806
300.227
300.225
300.22
300.228
300.229
300.224
300.225
300.751
300.679
328.127
300.239
300.228
300.227
300.232
300.321
300.531
302.354
301.094
304.917
309.728
326.128
328.549
312.105
321.181
326.219
303.866
300.082
300.064
300.051
301.725
305.739
311.668
300.112
300.221
300.71
302.299
306.339
314.624
327.088
339.878
356.925
348.888
346.714
356.94
347.694
323.182
300.012
300.027
300.032
300.039
301.253
301.224
301.196
301.168
301.139
301.11
301.08
301.053
301.023
301.003
300.972
300.943
300.92
300.897
300.869
300.851
300.816
300.798
300.774
300.74
300.718
300.695
300.661
300.191
300.217
300.214
300.204
300.247
300.221
300.272
300.313
300.352
300.229
300.392
300.438
300.233
300.226
300.492
300.56
300.241
300.232
300.643
300.725
300.237
300.795
300.231
300.235
300.84
300.225
300.227
300.847
300.22
300.224
300.821
300.214
300.216
300.21
300.214
300.208
300.21
300.205
300.768
300.222
300.217
300.222
300.223
300.219
300.22
300.702
300.63
328.543
300.255
300.227
300.223
300.234
300.495
301.069
305.155
302.406
310.414
320.439
328.347
303.844
312.44
320.938
326.474
300.073
300.06
300.047
301.74
305.902
312.757
300.086
300.108
300.204
300.516
301.573
304.163
309.602
318.265
353.334
327.743
355.84
355.572
355.346
344.933
324.892
300.026
300.011
300.035
300.034
300.039
301.235
301.205
301.175
301.144
301.112
301.075
301.046
301.021
301.001
300.964
300.937
300.912
300.887
300.858
300.832
300.806
300.776
300.76
300.724
300.698
300.678
300.644
300.615
300.171
300.196
300.191
300.181
300.221
300.212
300.199
300.253
300.219
300.282
300.322
300.36
300.403
300.451
300.225
300.217
300.508
300.593
300.228
300.222
300.673
300.752
300.225
300.813
300.219
300.221
300.838
300.216
300.218
300.827
300.21
300.212
300.786
300.205
300.208
300.207
300.208
300.212
300.203
300.205
300.199
300.202
300.197
300.72
300.215
300.218
300.218
300.214
300.215
300.643
300.584
300.308
300.23
300.222
300.248
300.941
302.291
310.557
305.08
320.938
326.505
328.756
303.908
312.35
321.174
326.847
300.068
300.055
300.046
301.778
306.226
313.58
300.078
300.087
300.111
300.163
300.379
300.932
302.439
305.909
337.142
310.2
356.107
344.277
352.681
356.189
353.207
326.914
300.038
300.025
300.011
300.042
300.041
301.218
301.186
301.152
301.118
301.084
301.047
301.013
300.995
300.95
300.928
300.902
300.883
300.855
300.822
300.796
300.767
300.741
300.708
300.688
300.662
300.635
300.591
300.573
300.147
300.17
300.17
300.161
300.198
300.189
300.178
300.224
300.21
300.196
300.259
300.292
300.332
300.372
300.417
300.469
300.212
300.205
300.548
300.619
300.219
300.212
300.706
300.78
300.214
300.82
300.211
300.213
300.827
300.206
300.208
300.797
300.201
300.202
300.738
300.198
300.199
300.205
300.201
300.207
300.211
300.199
300.196
300.195
300.195
300.668
300.215
300.214
300.21
300.21
300.6
300.543
300.456
300.241
300.224
300.293
301.977
304.726
320.769
310.163
326.933
328.751
303.902
312.504
321.544
327.31
300.063
300.054
301.852
306.568
314.491
300.072
300.079
300.09
300.101
300.146
300.238
300.552
301.314
316.771
302.625
349.255
322.291
355.884
351.842
353.328
355.536
328.504
300.037
300.05
300.045
300.023
300.01
300.05
300.049
301.202
301.162
301.129
301.093
301.049
301.016
300.992
300.95
300.926
300.898
300.864
300.833
300.806
300.79
300.764
300.737
300.704
300.679
300.654
300.624
300.579
300.556
300.527
300.124
300.15
300.148
300.137
300.176
300.167
300.156
300.202
300.187
300.172
300.232
300.193
300.267
300.299
300.342
300.382
300.431
300.502
300.202
300.572
300.662
300.208
300.199
300.736
300.794
300.205
300.818
300.202
300.203
300.802
300.197
300.198
300.759
300.193
300.194
300.691
300.192
300.192
300.204
300.2
300.197
300.206
300.193
300.191
300.192
300.188
300.62
300.214
300.21
300.206
300.206
300.552
300.481
300.829
300.28
300.235
300.419
304.078
309.183
327.361
319.653
329.406
329.238
303.969
312.726
321.866
328.043
300.061
301.942
306.906
315.409
300.069
300.076
300.084
300.089
300.104
300.12
300.181
300.297
305.244
300.573
328.854
307.984
353.156
334.17
354.281
355.521
353.815
332.184
300.036
300.049
300.054
300.052
300.022
300.01
300.056
300.056
301.18
301.137
301.1
301.056
301.024
300.998
300.962
300.935
300.899
300.86
300.831
300.808
300.786
300.76
300.731
300.693
300.672
300.645
300.614
300.574
300.546
300.514
300.472
300.104
300.129
300.126
300.115
300.157
300.146
300.135
300.18
300.165
300.154
300.207
300.182
300.173
300.237
300.191
300.273
300.307
300.351
300.396
300.457
300.526
300.6
300.685
300.198
300.185
300.762
300.801
300.195
300.803
300.19
300.193
300.778
300.188
300.189
300.713
300.184
300.186
300.641
300.187
300.181
300.182
300.199
300.203
300.196
300.192
300.19
300.186
300.185
300.572
300.22
300.208
300.203
300.202
300.498
300.456
301.68
300.387
300.271
300.732
307.841
316.989
330.344
327.778
330.04
304.044
312.99
322.454
328.979
302.034
307.28
317.446
300.064
300.071
300.078
300.084
300.092
300.097
300.114
300.132
301.163
300.179
311.603
302.019
338.649
315.287
350.807
355.503
354.128
341.997
332.169
300.047
300.034
300.055
300.055
300.059
300.059
300.021
300.009
300.063
301.168
301.122
301.079
301.042
301.011
300.972
300.94
300.902
300.87
300.84
300.811
300.784
300.756
300.718
300.686
300.663
300.638
300.612
300.582
300.54
300.513
300.474
300.443
300.082
300.106
300.102
300.093
300.129
300.124
300.114
300.157
300.144
300.133
300.185
300.163
300.151
300.215
300.18
300.171
300.249
300.282
300.32
300.365
300.413
300.475
300.549
300.632
300.717
300.187
300.179
300.775
300.798
300.186
300.784
300.182
300.183
300.724
300.179
300.18
300.668
300.176
300.177
300.583
300.181
300.173
300.174
300.178
300.175
300.198
300.195
300.191
300.189
300.185
300.183
300.18
300.509
300.244
300.208
300.202
300.198
300.456
300.396
303.445
300.649
300.359
301.442
314.089
327.332
331.164
331.626
304.119
313.259
323.061
329.766
302.137
308.148
318.124
300.07
300.076
300.082
300.088
300.093
300.101
300.106
300.27
300.117
303.209
300.452
318.617
304.771
354.597
354.516
344.216
321.707
354.28
332.655
300.058
300.045
300.033
300.061
300.06
300.065
300.066
300.021
300.009
301.151
301.104
301.065
301.028
300.991
300.953
300.913
300.884
300.845
300.812
300.785
300.755
300.726
300.688
300.663
300.638
300.605
300.568
300.53
300.507
300.462
300.436
300.397
300.061
300.082
300.079
300.07
300.108
300.102
300.094
300.135
300.123
300.114
300.16
300.143
300.133
300.188
300.162
300.152
300.219
300.169
300.252
300.289
300.328
300.377
300.429
300.503
300.581
300.669
300.739
300.176
300.782
300.785
300.175
300.748
300.173
300.173
300.686
300.168
300.171
300.604
300.167
300.168
300.528
300.171
300.172
300.171
300.176
300.165
300.195
300.191
300.188
300.184
300.182
300.178
300.46
300.31
300.219
300.204
300.195
300.414
300.346
306.612
301.233
300.565
302.888
324.01
332.281
332.636
304.189
313.545
323.352
331.266
302.363
308.564
318.889
300.072
300.078
300.084
300.089
300.095
300.1
300.135
300.105
300.697
300.163
306.359
301.089
354.447
346.128
324.207
308.002
354.049
354.276
333.696
300.068
300.056
300.043
300.032
300.066
300.066
300.07
300.02
300.009
301.14
301.099
301.049
301.006
300.974
300.931
300.892
300.859
300.823
300.791
300.755
300.721
300.684
300.663
300.633
300.602
300.568
300.532
300.491
300.468
300.436
300.39
300.349
300.058
300.039
300.06
300.082
300.081
300.072
300.11
300.101
300.093
300.137
300.121
300.111
300.163
300.138
300.131
300.194
300.16
300.148
300.228
300.166
300.263
300.297
300.341
300.394
300.452
300.533
300.614
300.698
300.757
300.78
300.761
300.166
300.702
300.162
300.165
300.628
300.161
300.161
300.537
300.159
300.16
300.479
300.169
300.166
300.171
300.167
300.175
300.158
300.163
300.191
300.187
300.184
300.181
300.177
300.421
300.462
300.248
300.214
300.194
300.357
300.316
311.725
302.411
301.02
305.564
331.709
334.745
333.896
304.258
313.541
324.125
331.169
302.504
308.991
319.838
300.076
300.082
300.087
300.092
300.097
300.112
300.101
300.205
300.118
301.56
300.273
347.433
326.379
309.64
302.061
353.571
354.157
348.318
334.158
300.074
300.072
300.067
300.074
300.054
300.042
300.031
300.072
300.02
300.009
301.129
301.087
301.039
300.991
300.95
300.919
300.878
300.837
300.805
300.768
300.73
300.694
300.662
300.634
300.6
300.56
300.533
300.493
300.468
300.427
300.383
300.35
300.316
300.04
300.06
300.052
300.02
300.04
300.063
300.085
300.082
300.071
300.114
300.099
300.091
300.141
300.119
300.11
300.169
300.139
300.129
300.201
300.157
300.148
300.236
300.272
300.312
300.353
300.411
300.473
300.56
300.646
300.719
300.765
300.766
300.721
300.158
300.649
300.155
300.155
300.57
300.15
300.152
300.49
300.15
300.151
300.423
300.165
300.168
300.163
300.171
300.174
300.149
300.16
300.155
300.188
300.184
300.181
300.177
300.37
300.783
300.322
300.242
300.194
300.316
300.276
319.444
304.499
301.939
309.837
336.108
335.779
304.277
313.969
323.821
332.992
302.642
309.538
320.551
300.078
300.083
300.088
300.094
300.106
300.098
300.129
300.111
300.368
300.14
328.492
311.033
302.68
300.467
353.045
353.931
348.552
329.981
334.718
300.077
300.079
300.076
300.065
300.078
300.053
300.041
300.03
300.019
300.009
301.117
301.065
301.026
300.977
300.94
300.906
300.865
300.825
300.781
300.743
300.707
300.67
300.639
300.604
300.566
300.529
300.487
300.454
300.425
300.376
300.338
300.31
300.264
300.019
300.04
300.03
300.061
300.049
300.02
300.041
300.065
300.088
300.081
300.069
300.114
300.099
300.09
300.143
300.118
300.109
300.175
300.139
300.129
300.206
300.145
300.239
300.279
300.323
300.371
300.423
300.5
300.584
300.67
300.737
300.761
300.732
300.668
300.588
300.143
300.146
300.509
300.144
300.145
300.436
300.142
300.142
300.383
300.162
300.164
300.168
300.157
300.17
300.174
300.142
300.15
300.148
300.155
300.185
300.181
300.177
300.318
301.388
300.482
300.303
300.2
300.275
300.226
329.454
307.825
303.56
316.037
338.397
337.19
304.311
313.518
324.448
332.709
302.801
310.005
321.287
300.082
300.087
300.092
300.103
300.096
300.116
300.108
300.158
300.121
312.449
303.207
300.612
300.176
352.372
353.593
348.37
331.182
313.567
334.788
300.084
300.074
300.084
300.061
300.083
300.052
300.041
300.03
300.019
300.009
301.099
301.048
301.008
300.964
300.929
300.886
300.854
300.811
300.76
300.716
300.679
300.645
300.611
300.575
300.531
300.491
300.452
300.423
300.374
300.348
300.307
300.264
300.227
300.02
300.009
300.039
300.03
300.059
300.05
300.019
300.043
300.063
300.091
300.079
300.07
300.117
300.099
300.09
300.15
300.118
300.107
300.175
300.138
300.126
300.21
300.25
300.287
300.334
300.388
300.456
300.539
300.623
300.699
300.743
300.739
300.683
300.61
300.527
300.137
300.137
300.447
300.134
300.137
300.385
300.134
300.134
300.334
300.161
300.157
300.163
300.167
300.17
300.174
300.134
300.144
300.14
300.15
300.148
300.155
300.185
300.178
300.281
302.408
300.791
300.419
300.215
300.238
300.186
335.93
312.74
306.173
324.493
339.439
304.216
313.579
324.214
334.451
302.948
310.493
321.77
300.089
300.101
300.093
300.111
300.106
300.127
300.116
303.784
300.73
300.202
300.133
351.685
353.135
347.857
331.305
314.33
304.323
335.096
300.083
300.073
300.088
300.089
300.091
300.061
300.05
300.04
300.03
300.019
300.009
301.082
301.025
300.98
300.943
300.915
300.879
300.839
300.793
300.748
300.696
300.656
300.616
300.577
300.529
300.498
300.459
300.422
300.385
300.344
300.303
300.267
300.224
300.182
300.019
300.009
300.039
300.03
300.06
300.05
300.021
300.044
300.068
300.094
300.078
300.07
300.123
300.099
300.09
300.151
300.118
300.108
300.186
300.125
300.218
300.259
300.303
300.348
300.403
300.481
300.571
300.655
300.716
300.739
300.703
300.632
300.542
300.471
300.126
300.392
300.126
300.124
300.343
300.126
300.126
300.28
300.16
300.156
300.163
300.167
300.171
300.175
300.125
300.134
300.132
300.146
300.14
300.15
300.148
300.153
300.185
300.239
303.981
301.318
300.618
300.243
300.184
300.132
339.954
319.179
309.914
333.335
340.875
304.194
313.376
324.66
333.929
303.1
310.867
322.363
300.098
300.092
300.109
300.103
300.12
300.114
300.873
300.222
300.139
300.125
350.859
352.547
346.922
331.005
314.895
304.643
301.013
335.063
300.092
300.082
300.071
300.093
300.095
300.06
300.05
300.04
300.028
300.019
300.008
301.051
300.989
300.944
300.911
300.891
300.866
300.827
300.784
300.726
300.679
300.63
300.585
300.527
300.492
300.457
300.421
300.381
300.338
300.3
300.257
300.221
300.18
300.138
300.019
300.009
300.039
300.03
300.061
300.049
300.021
300.045
300.071
300.09
300.078
300.07
300.125
300.098
300.088
300.156
300.118
300.109
300.189
300.225
300.268
300.314
300.368
300.435
300.502
300.597
300.674
300.723
300.716
300.657
300.571
300.486
300.417
300.118
300.355
300.118
300.117
300.292
300.117
300.117
300.244
300.156
300.16
300.163
300.168
300.173
300.188
300.118
300.125
300.122
300.135
300.132
300.145
300.141
300.15
300.148
300.153
300.191
306.203
302.13
300.922
300.293
300.137
300.09
342.253
326.722
314.61
339.004
304.135
313.278
324.113
343.108
334.948
303.235
311.303
322.656
300.097
300.106
300.101
300.118
300.111
300.251
300.144
300.128
300.122
349.914
351.633
345.592
330.327
314.82
305.01
301.103
300.272
334.432
300.101
300.091
300.079
300.069
300.098
300.099
300.06
300.05
300.039
300.028
300.019
300.008
300.989
300.93
300.892
300.874
300.861
300.843
300.818
300.771
300.712
300.652
300.601
300.549
300.506
300.466
300.426
300.379
300.346
300.305
300.263
300.222
300.178
300.135
300.085
300.019
300.009
300.037
300.029
300.058
300.049
300.022
300.044
300.071
300.099
300.079
300.07
300.132
300.099
300.087
300.162
300.107
300.198
300.236
300.277
300.324
300.391
300.458
300.547
300.634
300.691
300.712
300.671
300.594
300.509
300.428
300.351
300.295
300.104
300.105
300.245
300.108
300.107
300.187
300.156
300.161
300.165
300.172
300.195
300.116
300.109
300.128
300.123
300.135
300.132
300.146
300.141
300.15
300.148
300.153
300.138
309.054
303.242
301.35
300.369
300.092
300.043
333.43
319.868
342.943
304.084
312.976
323.834
344.415
335.695
303.377
311.599
322.915
300.105
300.115
300.109
300.152
300.132
300.125
300.119
348.998
350.447
343.76
329.089
314.545
305.027
301.192
300.289
300.156
335.497
300.11
300.102
300.1
300.089
300.08
300.069
300.103
300.059
300.048
300.04
300.03
300.019
300.909
300.841
300.812
300.825
300.823
300.823
300.803
300.755
300.691
300.626
300.563
300.51
300.471
300.427
300.38
300.347
300.308
300.267
300.215
300.177
300.134
300.09
300.04
300.04
300.059
300.049
300.022
300.047
300.073
300.102
300.076
300.069
300.134
300.098
300.088
300.168
300.205
300.244
300.29
300.342
300.41
300.499
300.577
300.659
300.701
300.688
300.625
300.521
300.441
300.374
300.314
300.239
300.098
300.097
300.199
300.099
300.096
300.144
300.157
300.162
300.172
300.207
300.119
300.115
300.127
300.123
300.135
300.131
300.146
300.142
300.15
300.148
300.154
300.094
312.435
304.649
301.886
300.475
300.041
338.291
324.924
345.092
304.009
312.671
324.152
345.661
303.491
311.861
323.505
300.113
300.107
300.136
300.129
300.123
300.117
348.51
348.733
341.363
327.392
313.974
304.932
301.21
300.305
300.16
300.139
346.591
300.106
300.11
300.089
300.079
300.07
300.059
300.699
300.657
300.727
300.764
300.788
300.8
300.786
300.736
300.668
300.595
300.533
300.48
300.435
300.389
300.353
300.302
300.259
300.212
300.178
300.134
300.088
300.038
300.023
300.048
300.072
300.106
300.079
300.069
300.139
300.089
300.173
300.212
300.254
300.304
300.36
300.445
300.522
300.611
300.679
300.687
300.65
300.536
300.465
300.386
300.318
300.253
300.201
300.089
300.147
300.095
300.16
300.171
300.222
300.119
300.115
300.128
300.124
300.136
300.132
300.146
300.142
300.151
300.149
300.157
300.04
315.909
306.278
302.504
300.609
342.622
329.646
347.141
303.923
312.724
303.593
312.312
300.112
300.133
300.127
300.121
346.213
338.211
325.183
312.932
304.721
301.191
300.307
300.167
300.143
300.135
300.079
300.363
300.539
300.634
300.701
300.746
300.77
300.757
300.715
300.633
300.563
300.502
300.45
300.404
300.356
300.305
300.262
300.223
300.174
300.134
300.088
300.041
300.023
300.05
300.079
300.11
300.143
300.179
300.222
300.262
300.317
300.387
300.47
300.551
300.648
300.678
300.663
300.567
300.481
300.401
300.329
300.268
300.195
300.151
300.095
300.043
300.172
300.242
300.129
300.125
300.138
300.133
300.147
300.145
300.155
300.152
300.172
319.328
308.069
303.16
300.759
334.246
303.871
303.732
300.13
322.48
311.588
304.316
301.142
300.305
300.169
300.149
300.139
300.231
300.439
300.56
300.647
300.707
300.736
300.738
300.682
300.609
300.528
300.47
300.414
300.358
300.312
300.273
300.224
300.176
300.132
300.085
300.04
300.023
300.052
300.082
300.113
300.148
300.189
300.23
300.278
300.331
300.409
300.501
300.6
300.658
300.663
300.595
300.497
300.417
300.335
300.276
300.206
300.155
300.094
300.042
300.263
300.151
300.171
300.17
300.284
309.935
303.789
300.914
301.047
300.298
300.153
300.374
300.475
300.592
300.666
300.717
300.715
300.653
300.567
300.487
300.421
300.37
300.316
300.272
300.221
300.181
300.131
300.088
300.041
300.023
300.054
300.084
300.118
300.156
300.196
300.239
300.294
300.355
300.438
300.534
300.628
300.653
300.629
300.541
300.443
300.358
300.284
300.211
300.156
300.099
300.046
300.106
300.289
300.423
300.56
300.648
300.705
300.694
300.622
300.532
300.451
300.386
300.331
300.275
300.231
300.186
300.136
300.085
300.041
300.025
300.055
300.087
300.123
300.161
300.204
300.253
300.318
300.384
300.469
300.582
300.635
300.631
300.574
300.46
300.366
300.284
300.219
300.163
300.1
300.046
300.111
300.262
300.408
300.542
300.641
300.692
300.667
300.581
300.481
300.408
300.343
300.285
300.235
300.188
300.134
300.086
300.041
300.027
300.057
300.09
300.127
300.168
300.214
300.264
300.335
300.416
300.499
300.606
300.626
300.591
300.483
300.382
300.3
300.235
300.165
300.107
300.049
300.107
300.244
300.391
300.539
300.64
300.675
300.63
300.533
300.438
300.362
300.298
300.245
300.188
300.136
300.084
300.039
300.027
300.059
300.095
300.133
300.176
300.222
300.286
300.359
300.447
300.543
300.605
300.594
300.519
300.398
300.324
300.248
300.174
300.109
300.048
300.095
300.244
300.397
300.547
300.642
300.655
300.586
300.482
300.384
300.313
300.248
300.193
300.143
300.092
300.041
300.028
300.062
300.097
300.141
300.185
300.241
300.304
300.378
300.477
300.577
300.587
300.537
300.43
300.338
300.253
300.177
300.114
300.052
300.107
300.247
300.409
300.567
300.639
300.62
300.535
300.417
300.337
300.261
300.201
300.145
300.09
300.04
300.03
300.064
300.102
300.147
300.197
300.259
300.327
300.42
300.524
300.575
300.555
300.473
300.346
300.272
300.191
300.112
300.054
300.113
300.264
300.427
300.58
300.63
300.58
300.464
300.363
300.276
300.212
300.153
300.095
300.043
300.031
300.066
300.108
300.155
300.209
300.276
300.362
300.454
300.54
300.551
300.499
300.373
300.284
300.198
300.124
300.056
300.123
300.273
300.474
300.595
300.606
300.522
300.405
300.304
300.224
300.16
300.101
300.042
300.032
300.069
300.114
300.164
300.223
300.294
300.382
300.492
300.538
300.512
300.408
300.295
300.21
300.129
300.059
300.132
300.297
300.508
300.596
300.567
300.458
300.337
300.244
300.168
300.105
300.043
300.033
300.074
300.122
300.176
300.238
300.329
300.417
300.504
300.507
300.431
300.309
300.217
300.136
300.061
300.147
300.351
300.535
300.581
300.506
300.379
300.268
300.179
300.106
300.044
300.034
300.08
300.129
300.19
300.264
300.346
300.446
300.499
300.454
300.344
300.224
300.144
300.059
300.175
300.407
300.548
300.543
300.432
300.3
300.193
300.114
300.05
300.036
300.083
300.137
300.203
300.297
300.389
300.46
300.459
300.366
300.247
300.153
300.067
300.236
300.451
300.541
300.487
300.344
300.215
300.127
300.053
300.039
300.089
300.148
300.223
300.331
300.407
300.45
300.387
300.266
300.156
300.066
300.31
300.485
300.509
300.391
300.251
300.138
300.052
300.041
300.097
300.166
300.247
300.359
300.413
300.399
300.278
300.165
300.069
300.373
300.488
300.449
300.296
300.16
300.063
300.046
300.103
300.184
300.281
300.363
300.39
300.306
300.184
300.071
300.426
300.459
300.345
300.184
300.072
300.048
300.115
300.2
300.311
300.362
300.329
300.197
300.077
300.438
300.397
300.221
300.082
300.051
300.135
300.238
300.324
300.331
300.216
300.082
300.408
300.276
300.097
300.055
300.155
300.263
300.303
300.221
300.089
300.314
300.112
300.07
300.177
300.267
300.247
300.109
300.139
300.079
300.195
300.237
300.113
300.094
300.188
300.112
300.105
300.119
300.084
)
;

boundaryField
{
    lowerOutlet
    {
        type            inletOutlet;
        inletValue      uniform 300;
        value           nonuniform List<scalar> 
148
(
300
300
300
300
300
300
300
300
300
300
300
300
300
300
300
300
300
300
300
300
300
300
300
300
300
300
300
300
300
300
300
300
300
300
300
300
300
300
300
300
300
300
300
300
300
300
300
314.793
384.97
300
300
300
300
300
300
300
300
300
300
300
300
300
300
300
300
300
300
300
300
300
300
300
300
300
300
300
300
300
300
300
300
300
300
300
300
300
300
300
300
300
300
300
300
300
300
300
300
580.906
300
300
300
300
300
300
300
309.748
300
309.68
300
300
300
300
300
300
300
300
300
300
300
300
300
300
303.145
307.25
300
300
300
300
300
300
300
300
300
310.555
300
300
300
300
300
300
300
300
300
300
300
300
300
300
)
;
    }
    top
    {
        type            inletOutlet;
        inletValue      uniform 300;
        value           nonuniform List<scalar> 
100
(
300.145
300.343
300.495
300.604
300.672
300.717
300.751
300.779
300.804
300.83
300.858
300.889
300.924
300.965
301.014
301.068
301.13
301.199
301.268
301.336
301.39
301.419
301.447
301.461
301.464
301.465
301.543
302.085
303.467
305.032
305.823
305.921
305.312
304.173
303.114
302.404
301.809
301.353
301.203
301.171
301.161
301.163
301.165
301.169
301.181
301.186
301.191
301.193
301.202
301.214
301.229
301.244
301.257
301.27
301.28
301.29
301.295
301.298
301.299
301.298
301.294
301.278
301.266
301.253
301.236
301.218
301.202
301.181
301.168
301.151
301.141
301.129
301.118
301.099
301.083
301.051
300.991
300.91
300.703
300
300
300
300
300
300
300
300
300
300
300
300
300
300.233
300.307
300.371
300.424
300.436
300.408
300.314
300.139
)
;
    }
    sides
    {
        type            inletOutlet;
        inletValue      uniform 300;
        value           uniform 300;
    }
    front
    {
        type            empty;
    }
    back
    {
        type            empty;
    }
    roller
    {
        type            fixedValue;
        value           uniform 300;
    }
    burner
    {
        type            fixedValue;
        value           uniform 1044.97;
    }
}


// ************************************************************************* //
