/*--------------------------------*- C++ -*----------------------------------*\
  =========                 |
  \\      /  F ield         | OpenFOAM: The Open Source CFD Toolbox
   \\    /   O peration     | Website:  https://openfoam.org
    \\  /    A nd           | Version:  dev
     \\/     M anipulation  |
\*---------------------------------------------------------------------------*/
FoamFile
{
    version     2.0;
    format      ascii;
    class       volScalarField;
    location    "2500";
    object      T;
}
// * * * * * * * * * * * * * * * * * * * * * * * * * * * * * * * * * * * * * //

dimensions      [0 0 0 1 0 0 0];

internalField   nonuniform List<scalar> 
9844
(
300.094
300.135
300.117
300.143
300.207
300.107
300.136
300.251
300.215
300.084
300.11
300.265
300.291
300.192
300.071
300.111
300.277
300.339
300.295
300.167
300.069
300.109
300.263
300.363
300.358
300.27
300.151
300.059
300.101
300.242
300.365
300.413
300.345
300.235
300.133
300.058
300.089
300.222
300.357
300.44
300.415
300.323
300.211
300.121
300.053
300.094
300.218
300.349
300.454
300.471
300.398
300.285
300.193
300.116
300.052
300.09
300.204
300.321
300.45
300.503
300.465
300.368
300.262
300.178
300.109
300.047
300.086
300.194
300.313
300.444
300.517
300.516
300.446
300.327
300.235
300.167
300.103
300.045
300.074
300.184
300.298
300.403
300.525
300.55
300.51
300.402
300.302
300.221
300.158
300.099
300.046
300.071
300.172
300.282
300.38
300.529
300.574
300.557
300.48
300.373
300.285
300.21
300.151
300.096
300.044
300.067
300.165
300.275
300.353
300.512
300.588
300.592
300.534
300.444
300.345
300.268
300.201
300.144
300.091
300.04
300.067
300.153
300.262
300.364
300.504
300.593
300.621
300.589
300.504
300.407
300.321
300.252
300.194
300.141
300.092
300.043
300.072
300.143
300.249
300.336
300.476
300.588
300.64
300.632
300.568
300.471
300.384
300.305
300.241
300.183
300.136
300.085
300.042
300.071
300.152
300.242
300.342
300.469
300.574
300.648
300.665
300.622
300.534
300.442
300.356
300.292
300.233
300.179
300.133
300.086
300.042
300.064
300.151
300.226
300.307
300.443
300.563
300.648
300.685
300.663
300.589
300.498
300.413
300.338
300.282
300.228
300.177
300.129
300.086
300.039
300.068
300.152
300.231
300.314
300.437
300.533
300.642
300.698
300.699
300.645
300.564
300.469
300.393
300.328
300.27
300.223
300.174
300.129
300.086
300.039
300.064
300.146
300.229
300.312
300.388
300.53
300.638
300.705
300.725
300.693
300.618
300.522
300.45
300.374
300.316
300.265
300.218
300.17
300.129
300.086
300.04
300.062
300.144
300.216
300.31
300.37
300.529
300.619
300.706
300.743
300.733
300.671
300.583
300.499
300.424
300.364
300.304
300.26
300.213
300.169
300.128
300.084
300.041
300.061
300.135
300.214
300.291
300.386
300.516
300.613
300.699
300.753
300.76
300.722
300.643
300.554
300.475
300.407
300.353
300.3
300.253
300.211
300.168
300.123
300.082
300.041
300.065
300.133
300.222
300.3
300.397
300.487
300.6
300.699
300.762
300.781
300.759
300.696
300.608
300.526
300.455
300.393
300.342
300.295
300.251
300.208
300.166
300.127
300.084
300.042
300.06
300.141
300.223
300.293
300.391
300.488
300.581
300.696
300.762
300.798
300.789
300.747
300.661
300.574
300.504
300.442
300.384
300.335
300.288
300.247
300.206
300.163
300.128
300.086
300.041
300.059
300.144
300.221
300.297
300.395
300.477
300.577
300.687
300.762
300.807
300.82
300.784
300.713
300.628
300.552
300.486
300.428
300.376
300.331
300.285
300.247
300.204
300.167
300.129
300.087
300.042
300.059
300.144
300.216
300.301
300.389
300.471
300.573
300.671
300.761
300.81
300.837
300.816
300.762
300.676
300.594
300.527
300.471
300.41
300.369
300.324
300.285
300.242
300.205
300.169
300.129
300.089
300.044
300.059
300.143
300.222
300.305
300.373
300.465
300.574
300.665
300.756
300.818
300.855
300.847
300.806
300.723
300.646
300.576
300.507
300.457
300.407
300.365
300.322
300.284
300.242
300.207
300.171
300.132
300.09
300.045
300.064
300.142
300.213
300.296
300.385
300.467
300.572
300.66
300.737
300.815
300.862
300.87
300.842
300.772
300.694
300.619
300.554
300.496
300.436
300.398
300.355
300.32
300.279
300.243
300.21
300.173
300.135
300.093
300.047
300.06
300.133
300.219
300.306
300.375
300.457
300.569
300.659
300.735
300.827
300.875
300.891
300.871
300.815
300.745
300.669
300.6
300.54
300.485
300.439
300.395
300.356
300.316
300.279
300.246
300.211
300.174
300.139
300.097
300.049
300.065
300.139
300.213
300.299
300.383
300.479
300.545
300.66
300.73
300.823
300.881
300.906
300.899
300.856
300.785
300.714
300.644
300.583
300.53
300.475
300.436
300.391
300.35
300.311
300.279
300.247
300.213
300.179
300.142
300.102
300.053
300.061
300.141
300.223
300.3
300.394
300.48
300.535
300.671
300.737
300.82
300.888
300.921
300.923
300.888
300.83
300.749
300.687
300.625
300.568
300.518
300.464
300.422
300.392
300.352
300.311
300.281
300.252
300.218
300.185
300.149
300.107
300.055
300.064
300.141
300.223
300.301
300.39
300.475
300.547
300.667
300.744
300.809
300.891
300.932
300.94
300.922
300.862
300.794
300.729
300.666
300.607
300.554
300.507
300.469
300.419
300.383
300.352
300.317
300.286
300.254
300.222
300.191
300.154
300.113
300.06
300.065
300.14
300.219
300.308
300.389
300.486
300.559
300.636
300.745
300.817
300.902
300.944
300.96
300.948
300.902
300.844
300.765
300.707
300.636
300.596
300.548
300.497
300.459
300.407
300.386
300.35
300.317
300.288
300.258
300.228
300.197
300.16
300.118
300.032
300.071
300.059
300.145
300.215
300.315
300.395
300.485
300.549
300.621
300.721
300.819
300.899
300.951
300.975
300.972
300.94
300.882
300.801
300.744
300.689
300.632
300.585
300.537
300.497
300.455
300.416
300.379
300.351
300.321
300.292
300.265
300.236
300.204
300.16
300.103
300.134
300.035
300.072
300.066
300.149
300.228
300.317
300.388
300.474
300.56
300.638
300.716
300.831
300.891
300.958
300.988
300.992
300.969
300.917
300.856
300.784
300.726
300.665
300.622
300.576
300.529
300.496
300.448
300.414
300.38
300.354
300.325
300.298
300.272
300.244
300.199
300.218
300.16
300.189
300.186
300.107
300.138
300.036
300.077
300.067
300.14
300.225
300.308
300.385
300.482
300.555
300.627
300.718
300.826
300.891
300.961
301
301.011
300.996
300.951
300.9
300.827
300.766
300.707
300.658
300.612
300.565
300.526
300.489
300.443
300.414
300.381
300.356
300.33
300.305
300.279
300.237
300.256
300.214
300.166
300.209
300.192
300.113
300.145
300.038
300.082
300.065
300.147
300.235
300.319
300.39
300.484
300.544
300.621
300.72
300.817
300.892
300.958
301.011
301.026
301.018
300.983
300.932
300.869
300.796
300.747
300.687
300.64
300.601
300.554
300.519
300.476
300.435
300.414
300.384
300.361
300.336
300.312
300.274
300.292
300.237
300.259
300.231
300.174
300.216
300.201
300.12
300.153
300.041
300.088
300.064
300.141
300.228
300.311
300.382
300.466
300.544
300.635
300.729
300.812
300.893
300.958
301.022
301.044
301.041
301.012
300.964
300.907
300.84
300.785
300.725
300.678
300.636
300.602
300.544
300.522
300.47
300.432
300.416
300.386
300.366
300.343
300.308
300.325
300.279
300.298
300.253
300.273
300.239
300.183
300.226
300.21
300.127
300.162
300.045
300.095
300.058
300.141
300.218
300.313
300.397
300.48
300.565
300.644
300.725
300.815
300.9
300.964
301.031
301.064
301.06
301.04
300.996
300.942
300.879
300.819
300.76
300.717
300.676
300.633
300.596
300.54
300.519
300.471
300.433
300.42
300.392
300.372
300.341
300.357
300.316
300.334
300.292
300.311
300.261
300.282
300.249
300.192
300.236
300.221
300.136
300.172
300.049
300.103
300.067
300.149
300.233
300.322
300.388
300.473
300.559
300.635
300.716
300.8
300.896
300.965
301.031
301.077
301.081
301.064
301.03
300.972
300.919
300.855
300.806
300.755
300.703
300.664
300.623
300.59
300.539
300.513
300.475
300.437
300.424
300.4
300.374
300.394
300.352
300.373
300.33
300.351
300.302
300.324
300.272
300.294
300.26
300.203
300.248
300.233
300.146
300.182
300.054
300.112
300.069
300.15
300.235
300.315
300.39
300.48
300.554
300.611
300.715
300.8
300.898
300.961
301.031
301.086
301.099
301.088
301.061
301.01
300.948
300.89
300.837
300.79
300.742
300.692
300.646
300.613
300.586
300.532
300.505
300.477
300.441
300.436
300.416
300.45
300.401
300.441
300.38
300.424
300.351
300.394
300.319
300.355
300.285
300.314
300.275
300.216
300.263
300.248
300.156
300.195
300.06
300.122
300.064
300.149
300.234
300.306
300.396
300.481
300.552
300.62
300.719
300.794
300.888
300.964
301.031
301.094
301.114
301.109
301.085
301.043
300.991
300.926
300.866
300.823
300.77
300.724
300.686
300.638
300.604
300.582
300.529
300.501
300.483
300.465
300.485
300.538
300.502
300.59
300.501
300.631
300.473
300.621
300.422
300.559
300.362
300.464
300.308
300.37
300.3
300.23
300.288
300.272
300.168
300.208
300.067
300.133
300.064
300.143
300.218
300.31
300.396
300.453
300.549
300.621
300.703
300.791
300.877
300.963
301.033
301.102
301.128
301.128
301.109
301.072
301.021
300.959
300.903
300.854
300.81
300.763
300.722
300.677
300.632
300.599
300.581
300.533
300.503
300.52
300.589
300.651
300.7
300.835
300.816
301.057
300.873
301.238
300.826
301.277
300.687
301.128
300.517
300.851
300.375
300.567
300.372
300.251
300.359
300.334
300.181
300.226
300.075
300.145
300.063
300.141
300.217
300.3
300.379
300.457
300.547
300.622
300.693
300.782
300.869
300.958
301.035
301.103
301.138
301.145
301.131
301.101
301.056
301.001
300.941
300.882
300.843
300.793
300.746
300.713
300.67
300.629
300.598
300.583
300.54
300.564
300.728
300.7
300.971
301.141
301.338
301.641
301.686
302.186
301.888
302.598
301.848
302.737
301.52
302.533
301.031
301.955
300.607
301.195
300.62
300.299
300.597
300.535
300.197
300.259
300.084
300.158
300.066
300.144
300.219
300.297
300.378
300.443
300.534
300.624
300.689
300.773
300.861
300.952
301.033
301.101
301.146
301.16
301.15
301.124
301.086
301.034
300.974
300.92
300.87
300.827
300.776
300.74
300.707
300.664
300.624
300.597
300.592
300.646
301.208
301.258
301.531
301.938
302.231
302.687
303.159
303.319
304.005
303.683
304.59
303.681
304.805
303.251
304.599
302.373
303.913
301.313
302.701
301.352
300.445
301.293
301.125
300.218
300.347
300.092
300.173
300.071
300.15
300.219
300.292
300.373
300.434
300.527
300.615
300.688
300.765
300.854
300.943
301.03
301.102
301.153
301.174
301.172
301.147
301.113
301.06
301.004
300.945
300.902
300.85
300.807
300.761
300.737
300.701
300.659
300.63
300.609
300.661
301.307
302.847
302.993
302.48
302.699
303.577
303.945
304.613
305.131
305.397
306.096
305.827
306.72
305.847
306.944
305.412
306.748
304.45
306.075
302.898
304.812
302.933
300.878
302.778
302.414
300.265
300.609
300.1
300.196
300.081
300.163
300.228
300.298
300.379
300.439
300.526
300.612
300.684
300.759
300.844
300.931
301.024
301.1
301.155
301.186
301.189
301.173
301.139
301.093
301.042
300.979
300.929
300.885
300.839
300.794
300.755
300.732
300.694
300.648
300.628
300.681
301.284
303.066
303.121
304.614
304.725
304.238
304.461
305.557
305.906
306.678
307.15
307.474
308.108
307.892
308.706
307.906
308.905
307.489
308.705
306.559
308.062
304.992
306.852
304.983
301.884
304.742
304.231
300.388
301.261
300.105
300.238
300.096
300.189
300.247
300.308
300.381
300.44
300.512
300.603
300.676
300.749
300.835
300.925
301.02
301.098
301.159
301.197
301.206
301.194
301.162
301.127
301.074
301.022
300.957
300.913
300.872
300.83
300.783
300.755
300.727
300.68
300.653
300.701
301.295
303.107
302.922
304.777
304.775
306.452
306.509
306.166
306.344
307.522
307.812
308.627
309.039
309.395
309.982
309.783
310.565
309.77
310.737
309.351
310.499
308.455
309.84
306.972
308.68
306.897
303.459
306.59
306.019
300.701
302.454
300.114
300.342
300.09
300.211
300.281
300.33
300.387
300.449
300.51
300.603
300.657
300.728
300.827
300.913
301.009
301.094
301.16
301.204
301.22
301.215
301.19
301.151
301.106
301.053
300.994
300.943
300.903
300.862
300.822
300.779
300.754
300.718
300.676
300.715
301.283
303.83
304.756
304.895
306.502
306.465
308.181
308.17
308.014
308.133
309.36
309.596
310.47
310.862
311.259
311.865
311.646
312.484
311.585
312.649
311.098
312.324
310.167
311.55
308.74
310.335
308.614
305.159
308.261
307.662
301.376
303.943
300.138
300.58
300.153
300.291
300.365
300.409
300.462
300.517
300.595
300.649
300.72
300.811
300.905
301.002
301.088
301.16
301.211
301.234
301.231
301.211
301.176
301.132
301.078
301.021
300.971
300.932
300.894
300.853
300.813
300.781
300.753
300.713
300.727
301.252
303.612
306.181
306.046
306.385
306.307
308.123
308.026
309.791
309.737
309.747
309.805
311.165
311.373
312.374
312.787
313.266
313.883
313.692
314.536
313.566
314.754
312.94
314.367
311.836
313.376
310.347
311.96
310.174
306.753
309.792
309.169
302.427
305.451
300.161
300.995
300.18
300.359
300.442
300.487
300.526
300.59
300.649
300.712
300.796
300.893
300.993
301.083
301.159
301.213
301.243
301.249
301.232
301.201
301.159
301.112
301.056
301.004
300.958
300.924
300.886
300.844
300.806
300.784
300.748
300.745
301.19
303.348
305.916
305.588
307.572
307.414
307.892
307.742
309.617
309.45
311.434
311.313
311.485
311.479
313.086
313.264
314.271
314.444
314.915
314.994
315.356
315.403
315.589
315.873
315.009
316.214
313.634
315.379
311.923
313.718
311.69
308.23
311.258
310.592
303.692
306.91
300.172
301.53
300.208
300.443
300.527
300.538
300.589
300.649
300.704
300.784
300.878
300.992
301.074
301.155
301.212
301.253
301.264
301.254
301.227
301.184
301.138
301.09
301.038
300.99
300.948
300.917
300.88
300.837
300.803
300.784
300.772
301.122
303.081
306.218
307.204
307.233
308.809
308.594
309.251
309.035
311.109
310.855
313.189
312.993
313.316
313.28
314.502
314.499
314.946
314.854
315.276
315.006
315.708
315.272
316.291
315.846
316.669
316.688
315.62
317.049
313.618
315.73
314.662
312.368
313.417
308.613
309.885
311.827
312.936
313.196
312.604
311.043
312.224
305.069
309.323
308.674
307.218
300.196
302.252
300.284
300.547
300.572
300.589
300.641
300.698
300.775
300.863
300.982
301.071
301.149
301.214
301.261
301.276
301.272
301.247
301.212
301.167
301.116
301.07
301.023
300.98
300.941
300.912
300.872
300.832
300.811
300.803
301.069
302.834
305.938
308.036
307.713
308.368
308.198
309.948
309.649
310.566
310.259
312.709
312.364
314.422
314.351
314.48
314.456
314.733
314.624
314.609
314.169
314.432
313.671
314.802
313.641
315.797
314.291
316.984
316.384
315.559
316.587
317.338
317.266
317.481
315.679
314.426
315.599
316.654
314.27
310.568
313.724
314.024
313.368
311.762
312.957
307.946
305.352
307.143
310.006
309.382
300.515
306.187
304.764
302.602
300.526
300.63
300.611
300.649
300.7
300.766
300.849
300.971
301.072
301.141
301.212
301.261
301.289
301.289
301.271
301.24
301.191
301.147
301.102
301.055
301.012
300.971
300.936
300.907
300.866
300.827
300.829
301.04
302.607
305.672
308
308.858
308.75
309.361
309.112
311.106
310.685
311.968
311.541
314.192
313.88
314.604
314.681
314.564
314.571
313.811
313.552
313.169
312.856
313.108
312.94
313.264
313.034
314.782
313.958
313.553
313.233
316.682
315.742
315.613
314.766
317.409
317.68
316.886
317.497
316.62
315.388
316.509
317.46
315.176
311.26
314.897
314.563
314.174
312.488
313.733
308.721
308.033
310.702
310.115
303.597
300.541
301.903
307.278
306.349
300.692
300.663
300.666
300.705
300.766
300.837
300.957
301.069
301.136
301.211
301.262
301.3
301.304
301.291
301.261
301.22
301.175
301.132
301.088
301.044
301.003
300.965
300.933
300.901
300.861
300.847
301.035
302.397
305.396
307.709
309.067
308.736
309.604
309.331
310.288
309.933
312.367
311.794
313.45
312.933
314.749
314.751
313.682
313.983
313.469
313.533
312.577
312.282
312.845
312.7
313.16
313.51
313.192
313.28
313.554
313.968
314.022
313.55
313.346
313.335
315.998
315.093
314.893
314.155
317.814
317.71
316.265
317.137
317.454
316.338
317.382
317.932
316.106
311.969
315.803
315.441
315.018
313.238
314.543
309.534
308.984
311.416
310.868
305.326
301.49
304.038
308.48
308.033
300.739
300.704
300.717
300.768
300.83
300.943
301.064
301.131
301.207
301.262
301.31
301.319
301.308
301.286
301.248
301.204
301.16
301.118
301.075
301.034
300.996
300.961
300.931
300.903
300.874
301.048
302.254
305.082
307.423
308.505
309.481
309.1
310.288
309.871
311.247
310.746
313.676
312.992
314.637
314.262
314.383
314.785
312.08
312.498
312.005
311.936
312.426
312.027
313.78
313.69
314.395
314.848
315.176
315.445
313.579
314.004
314.548
315.13
313.711
313.537
313.606
313.934
315.363
314.363
314.634
313.933
317.905
317.413
315.692
316.581
318.012
317.242
318.038
318.09
317.016
312.703
316.715
316.337
315.89
314.018
315.383
310.356
309.935
312.151
311.619
307.879
305.787
308.495
309.684
309.602
300.766
300.745
300.775
300.828
300.93
301.058
301.126
301.203
301.261
301.318
301.333
301.328
301.307
301.274
301.232
301.188
301.146
301.105
301.065
301.027
300.991
300.96
300.931
300.917
301.074
302.205
304.793
307.148
307.986
308.649
308.152
309.787
309.209
310.973
310.37
312.288
311.61
314.787
314.172
315.016
315.009
313.167
313.95
311.079
311.321
311.517
311.129
313.152
312.313
316.069
315.57
315.686
316.162
316.495
316.605
314.477
315.126
315.817
316.473
313.781
313.894
314.314
314.929
314.963
314.205
314.515
314.077
317.713
316.939
315.346
316.07
318.253
317.996
318.363
318.013
317.844
313.464
317.584
317.213
316.768
314.828
316.24
311.147
310.825
312.9
312.366
309.997
308.669
310.606
310.753
310.848
300.794
300.793
300.83
300.922
301.052
301.122
301.198
301.261
301.324
301.345
301.345
301.328
301.3
301.26
301.216
301.173
301.134
301.095
301.057
301.021
300.989
300.962
300.963
301.137
302.217
304.62
306.912
307.65
307.148
308.308
307.484
309.982
309.126
311.679
310.837
313.372
312.525
315.239
315.045
314.686
315.16
311.995
312.972
310.613
310.899
311.391
310.763
314.325
312.676
317.683
317.301
315.857
316.757
317.033
317.462
317.728
317.796
315.671
316.444
317.173
317.797
314.217
314.683
315.36
316.167
314.886
314.404
314.776
314.555
317.32
316.489
315.298
315.77
318.285
318.433
318.495
317.719
318.421
314.248
318.303
318.03
317.616
315.66
317.089
311.918
311.663
313.666
313.128
311.265
305.338
309.967
311.662
311.756
300.827
300.842
300.918
301.046
301.117
301.193
301.262
301.325
301.355
301.36
301.347
301.324
301.286
301.243
301.2
301.16
301.123
301.085
301.05
301.018
300.995
301.016
301.258
302.278
304.58
306.762
307.473
306.707
305.92
305.508
307.666
306.658
310.051
308.827
312.379
311.25
314.398
313.436
315.402
315.427
314.018
314.902
311.588
312.565
310.492
310.933
311.268
310.556
315.031
313.884
312.309
318.311
317.746
315.911
316.932
318.275
318.583
318.684
318.615
317.003
317.787
318.457
318.976
315.052
315.762
316.616
317.497
315.179
314.911
315.298
315.411
316.936
316.227
315.615
315.746
318.115
318.643
318.455
317.402
318.725
315.048
318.734
318.635
318.363
316.493
317.896
312.696
312.45
314.443
313.894
311.71
301.905
307.547
312.401
312.351
300.865
300.919
301.04
301.112
301.188
301.261
301.326
301.364
301.374
301.365
301.346
301.312
301.27
301.227
301.186
301.149
301.113
301.078
301.047
301.032
301.096
301.458
302.458
304.598
306.709
307.404
306.619
304.635
304.685
304.099
306.776
305.534
309.965
308.311
313.013
311.566
315.131
314.261
315.408
315.663
313.625
314.651
311.755
312.75
310.636
311.425
310.815
310.412
314.842
313.734
311.967
310.89
318.716
317.948
315.708
316.905
319.323
319.468
319.444
319.205
318.323
319.024
319.568
319.942
316.149
317.022
317.936
318.787
315.712
315.775
316.157
316.503
316.711
316.225
316.157
316.084
317.866
318.718
318.298
317.21
318.877
315.851
318.966
318.977
318.867
317.29
318.571
313.454
313.158
315.215
314.639
311.195
301.377
306.442
312.965
312.531
300.927
301.037
301.107
301.184
301.261
301.326
301.371
301.386
301.383
301.365
301.336
301.297
301.253
301.211
301.173
301.139
301.105
301.076
301.073
301.216
301.746
302.797
304.679
306.711
307.395
306.644
304.713
302.777
302.842
303.385
302.9
305.776
304.319
309.74
307.662
313.515
311.749
315.528
314.889
315.52
315.876
313.768
314.738
312.438
313.443
311.106
312.263
310.452
310.226
310.278
314.356
313.057
311.122
310.344
318.95
317.993
315.279
316.754
320.127
320.146
319.988
319.599
319.512
320.071
320.457
320.676
317.397
318.324
319.194
319.933
316.56
316.86
317.226
317.742
316.731
316.573
316.989
316.624
317.699
318.676
318.168
317.234
318.944
316.63
319.09
319.165
319.154
318.03
319.001
314.154
313.752
315.96
315.336
310.403
301.986
306.648
313.328
312.275
301.039
301.103
301.182
301.26
301.326
301.376
301.397
301.398
301.384
301.359
301.323
301.28
301.237
301.198
301.163
301.13
301.102
301.124
301.389
302.112
303.227
304.89
306.742
307.394
306.72
304.903
302.48
301.715
301.653
302.457
301.924
305.026
303.453
309.482
307.121
313.856
311.818
315.8
315.252
315.795
316.121
314.364
315.165
313.39
314.344
311.113
311.792
312.664
310.024
309.987
310.517
309.971
313.726
312.286
310.359
309.732
319.048
317.944
314.858
316.559
320.733
320.667
320.387
319.859
320.503
320.897
321.14
321.24
318.676
319.553
320.297
320.87
317.61
318.081
318.423
318.998
317.072
317.109
318.015
317.416
317.714
318.587
318.164
317.545
318.933
317.348
319.159
319.265
319.3
318.626
319.236
314.762
314.206
316.651
315.955
309.798
303.798
306.965
313.435
311.803
301.104
301.175
301.254
301.324
301.381
301.407
301.413
301.401
301.382
301.348
301.307
301.264
301.223
301.186
301.153
301.127
301.18
301.611
302.522
303.711
305.295
306.833
307.389
306.73
305.003
302.605
301.155
301.206
301.261
301.136
302.16
301.565
304.769
303.181
309.395
306.912
314.023
311.868
316.028
315.451
316.184
316.346
315.142
315.768
313.811
314.723
311.04
311.703
312.057
312.747
309.559
309.615
310.363
309.739
313.081
311.507
309.618
309.157
319.01
317.786
314.337
316.185
321.216
321.021
320.611
319.947
321.265
321.515
321.645
321.651
319.873
320.613
321.181
321.569
318.777
319.31
319.619
320.161
317.577
317.884
319.136
318.421
317.992
318.563
318.393
318.018
318.91
318.002
319.19
319.317
319.361
319.021
319.355
315.258
314.501
317.262
316.475
309.365
302.478
305.773
313.355
311.423
301.177
301.256
301.329
301.386
301.415
301.426
301.419
301.401
301.371
301.333
301.291
301.249
301.21
301.174
301.151
301.237
301.845
302.936
304.212
305.772
306.993
307.368
306.693
304.991
302.638
301.145
300.907
300.882
301.159
300.979
302.267
301.533
305.185
303.488
309.651
307.287
314.109
312.035
316.195
315.527
316.378
316.434
315.529
316.117
313.289
313.831
314.294
310.659
311.376
311.253
311.952
309.095
309.236
309.932
309.27
312.437
310.772
308.921
308.547
318.874
317.467
313.749
315.732
321.504
321.183
320.66
319.906
321.808
321.941
321.943
321.856
320.889
321.439
321.813
322.031
319.924
320.434
320.687
321.129
318.305
318.815
320.186
319.468
318.414
318.726
318.732
318.678
318.979
318.533
319.177
319.304
319.381
319.235
319.401
315.647
314.661
317.762
316.906
308.602
300.639
303.454
313.209
310.989
301.257
301.331
301.389
301.423
301.438
301.435
301.419
301.394
301.358
301.318
301.275
301.234
301.196
301.175
301.282
302.047
303.314
304.696
306.168
307.076
307.303
306.552
304.86
302.553
301.171
300.808
300.854
300.814
301.211
300.953
302.878
301.802
306.211
304.407
310.29
308.187
314.208
312.38
316.211
315.506
316.08
316.154
315.118
315.794
312.607
313.251
312.792
312.462
309.805
310.531
309.919
310.608
308.507
308.742
309.102
308.471
311.739
310.037
308.145
307.808
318.599
317.086
313.106
315.22
321.591
321.202
320.616
319.78
322.135
322.136
322.073
321.867
321.651
321.993
322.178
322.245
320.866
321.334
321.435
321.811
319.15
319.74
320.956
320.351
318.963
318.949
319.104
319.381
319.077
318.886
319.177
319.286
319.369
319.326
319.393
315.939
314.733
318.187
317.258
307.302
300.258
301.937
313.017
310.318
301.333
301.392
301.432
301.45
301.45
301.436
301.415
301.383
301.343
301.301
301.259
301.222
301.199
301.313
302.184
303.623
305.116
306.437
307.078
307.152
306.215
304.497
302.327
301.152
300.82
300.75
300.785
300.744
300.829
301.338
300.976
303.421
302.104
307.172
305.207
310.97
309.107
314.214
312.717
315.969
315.315
314.683
314.949
312.872
313.997
311.269
311.899
311.565
310.86
308.546
309.228
308.159
308.817
307.772
307.984
307.912
307.368
310.977
309.224
307.265
306.912
318.323
316.68
312.413
314.67
321.572
321.119
320.467
319.54
322.243
322.194
322.038
321.788
322.106
322.252
322.291
322.283
321.461
321.867
321.829
322.14
319.878
320.406
321.281
320.888
319.422
319.1
319.283
319.815
319.095
319.077
319.107
319.198
319.306
319.34
319.344
316.152
314.738
318.52
317.533
305.764
300.071
300.697
312.736
309.409
301.397
301.439
301.462
301.465
301.451
301.434
301.404
301.367
301.326
301.286
301.251
301.227
301.338
302.26
303.845
305.424
306.603
307.048
306.862
305.723
303.961
302.069
301.1
300.835
300.755
300.757
300.727
300.721
300.819
301.358
300.979
303.517
302.151
307.413
305.375
311.08
309.356
313.719
312.536
314.992
314.572
311.335
312.117
309.549
309.784
309.775
309.488
310.17
309.038
308.446
306.929
307.529
306.065
306.632
306.857
306.992
306.408
306.003
310.168
308.338
306.284
305.873
318.072
316.365
311.771
314.228
321.451
320.959
320.281
319.367
322.238
322.083
321.852
321.58
322.251
322.266
322.238
322.152
321.578
322.054
321.783
322.145
320.204
320.576
321.131
320.906
319.556
319.117
319.272
319.858
319.046
319.171
318.997
319.044
319.139
319.312
319.213
316.294
314.704
318.717
317.754
303.967
300.033
300.235
312.308
308.345
301.447
301.473
301.48
301.472
301.449
301.424
301.392
301.356
301.32
301.285
301.259
301.365
302.273
303.978
305.636
306.657
306.963
306.492
305.174
303.397
301.815
301.055
300.847
300.777
300.709
300.747
300.71
300.708
300.804
301.294
300.951
303.227
302.002
306.79
304.917
310.039
308.556
312.083
311.196
312.469
312.551
305.576
307.239
307.386
308.192
305.57
305.342
307.227
307.839
306.655
305.986
305.082
305.547
303.886
304.33
305.775
305.792
304.72
304.513
309.361
307.415
305.245
304.73
317.889
316.192
311.39
313.996
321.226
320.741
320.054
319.126
322.054
321.824
321.553
321.243
322.153
322.085
322.002
321.902
321.205
321.891
321.201
321.893
320.156
320.326
320.014
320.35
319.491
319.042
319.098
319.594
318.879
319.168
318.735
318.725
318.897
319.226
319.018
316.433
314.613
318.804
317.982
302.402
300.02
300.082
311.808
307.181
301.484
301.495
301.49
301.473
301.449
301.423
301.393
301.361
301.328
301.302
301.403
302.274
304.026
305.753
306.654
306.825
306.112
304.654
302.896
301.604
301.025
300.861
300.796
300.739
300.681
300.691
300.693
300.722
300.688
300.764
301.104
300.869
302.439
301.586
305.117
303.677
307.613
306.498
308.855
308.422
308.259
308.729
304.083
302.005
302.255
302.214
304.322
304.841
303.328
304.822
305.378
303.797
303.297
303.225
303.506
301.974
302.196
304.541
304.488
303.068
303.066
308.695
306.48
304.232
303.584
317.676
316.037
311.242
313.861
320.906
320.473
319.82
318.924
321.685
321.451
321.252
320.966
321.772
321.656
321.449
321.254
319.766
321.049
319.699
320.625
319.591
319.331
319.409
319.281
319.112
318.753
318.549
318.847
318.405
319.097
318.201
318.209
318.383
318.987
318.332
316.509
314.46
318.789
318.119
300.974
300.013
300.048
311.129
305.528
301.512
301.509
301.494
301.477
301.459
301.442
301.422
301.397
301.375
301.47
302.281
304.027
305.772
306.639
306.687
305.787
304.244
302.536
301.46
301.012
300.877
300.817
300.767
300.702
300.674
300.672
300.681
300.693
300.67
300.716
300.885
300.77
301.518
301.11
302.957
302.156
304.359
303.748
304.494
304.65
303.203
304.05
301.733
301.233
301.524
301.089
300.984
302.207
302.704
301.501
302.491
302.863
301.855
301.629
301.788
301.845
301.279
301.312
303.272
303.115
301.805
301.859
308.39
305.785
303.528
302.689
317.635
316.07
311.299
313.921
320.594
320.158
319.59
318.816
321.084
320.904
320.672
320.427
319.987
319.93
319.844
319.765
314.298
319.419
314.458
319.398
318.455
318.804
314.279
314.063
318.191
317.704
316.989
317.7
317.351
318.918
317.161
317.131
317.317
318.628
318.2
316.686
314.279
318.764
318.243
300.496
300.008
300.027
310.567
303.71
301.537
301.521
301.514
301.521
301.538
301.549
301.544
301.524
301.61
302.317
304.018
305.764
306.608
306.578
305.557
303.988
302.354
301.385
301.01
300.895
300.839
300.791
300.731
300.684
300.661
300.661
300.673
300.669
300.654
300.676
300.728
300.692
300.925
300.799
301.374
301.123
301.783
301.619
301.617
301.749
301.141
301.385
301.114
300.99
300.971
300.907
300.919
301.239
301.336
301.08
301.373
301.476
301.183
301.154
301.307
301.282
301.174
301.145
302.224
301.99
301.377
301.467
308.361
305.548
303.352
302.414
317.718
316.387
311.866
314.401
320.171
319.872
319.357
318.729
319.788
319.767
319.771
319.664
314.33
314.444
314.701
314.626
310.026
314.527
310.069
314.793
313.728
314.357
309.904
309.849
317.078
316.487
313.07
313.468
316.163
318.824
316.063
316.282
317.462
318.493
317.708
316.775
314.113
318.681
318.303
300.279
300.095
300.052
309.526
303.164
301.596
301.59
301.679
301.753
301.856
301.867
301.818
301.859
302.431
304.021
305.737
306.573
306.506
305.441
303.903
302.321
301.367
301.019
300.915
300.858
300.815
300.762
300.707
300.671
300.665
300.651
300.653
300.65
300.642
300.647
300.654
300.647
300.698
300.67
300.794
300.742
300.838
300.836
300.767
300.805
300.85
300.805
301.026
301.146
300.98
300.901
301.079
301.09
301.077
301.102
301.14
301.145
301.125
301.16
301.255
301.203
301.44
301.337
301.893
301.629
301.361
301.452
308.888
305.72
303.79
302.528
317.752
316.767
313.043
315.34
319.529
319.303
318.889
318.667
314.796
314.774
314.955
314.918
310.259
310.321
310.557
310.493
305.555
310.09
305.617
310.376
309.68
309.832
305.493
305.47
313.571
312.837
309.284
309.503
312.636
318.507
312.5
312.498
316.559
312.322
317.955
317.052
316.997
313.912
318.646
318.35
300.147
394.377
300.433
309.065
301.961
301.855
301.919
302.223
302.292
302.297
302.2
302.188
302.661
304.048
305.728
306.546
306.47
305.433
303.924
302.363
301.384
301.035
300.932
300.877
300.839
300.792
300.733
300.695
300.661
300.659
300.652
300.642
300.645
300.633
300.631
300.627
300.618
300.622
300.615
300.615
300.614
300.615
300.592
300.605
300.65
300.597
301.347
301.196
301.004
300.862
301.387
301.937
301.436
301.801
301.358
301.219
301.69
301.281
301.203
301.528
301.712
301.63
301.522
302.432
302.201
301.909
301.633
301.753
301.856
310.306
306.831
305.75
303.43
317.809
316.933
314.784
316.2
315.03
315.068
318.133
318.208
310.719
310.704
310.985
310.973
305.75
305.809
305.943
305.916
301.732
305.641
301.754
305.8
305.391
305.448
301.712
301.706
309.475
309.15
305.198
305.3
309.014
318.505
308.909
308.877
312.533
308.763
318.108
312.596
317.039
313.709
318.557
318.35
300.164
617.674
304.058
308.172
301.969
302.514
302.597
302.853
302.778
302.659
302.599
302.969
304.137
305.738
306.535
306.471
305.466
304.015
302.522
301.438
301.058
300.953
300.903
300.858
300.82
300.762
300.721
300.687
300.652
300.644
300.638
300.638
300.634
300.621
300.623
300.612
300.596
300.605
300.579
300.588
300.557
300.569
300.543
300.545
300.827
300.581
302.101
302.356
301.506
301.688
302.482
303.463
302.615
303.288
302.371
302.013
303.039
302.057
301.886
302.725
303.053
302.738
302.561
304.307
303.979
302.466
302.102
302.863
303.055
312.688
309.359
310.079
306.071
315.109
316.843
315.653
316.375
311.208
315.386
311.329
315.118
306.076
306.073
306.26
306.26
301.8
301.83
301.859
301.86
301.771
301.804
301.683
301.695
305.301
305.138
301.635
301.658
305.073
318.093
305.012
305.005
308.798
304.926
317.182
312.569
308.799
317.12
313.564
318.525
318.293
300.354
682.58
312.736
307.856
302.404
303.348
303.277
303.372
303.188
303.094
303.377
304.345
305.775
306.537
306.485
305.551
304.211
302.763
301.536
301.091
300.975
300.925
300.883
300.848
300.798
300.749
300.715
300.681
300.643
300.632
300.627
300.632
300.625
300.627
300.612
300.615
300.601
300.581
300.591
300.558
300.57
300.535
300.546
300.541
300.525
301.566
300.714
303.666
303.907
302.6
302.51
303.883
304.062
304.3
305.647
304.485
305.303
304.176
303.6
305.12
303.654
303.368
304.712
305.216
304.761
304.513
307.126
306.715
304.239
303.488
305.006
305.548
315.031
313.144
314.978
312.015
312.028
315.419
315.249
315.204
306.426
311.732
306.565
311.673
301.906
301.916
301.975
301.989
301.659
301.612
301.59
318.21
301.563
301.563
304.932
301.547
312.769
308.815
304.922
317.084
313.285
318.233
318.121
300.849
919.02
431.029
308.047
303.359
304.11
303.85
303.812
303.686
303.891
304.693
305.87
306.549
306.514
305.674
304.421
302.996
301.647
301.125
300.995
300.945
300.907
300.868
300.828
300.78
300.743
300.708
300.678
300.637
300.622
300.619
300.618
300.611
300.62
300.612
300.603
300.607
300.591
300.568
300.58
300.543
300.555
300.519
300.532
300.606
300.517
303.137
303.809
301.148
305.719
305.886
305.979
305.68
306.738
308.262
306.844
307.741
306.721
305.933
307.788
306.191
305.694
307.437
308.131
307.945
307.496
310.826
310.257
308.217
306.498
308.631
309.957
315.683
315.385
316.298
316.594
307.201
312.458
312.907
315.573
312.453
302.058
306.818
302.104
306.838
317.566
312.86
301.543
308.871
304.931
301.536
316.917
313.301
318.082
318.015
303.688
967.405
686.971
308.487
303.442
304.743
304.387
304.36
304.521
305.173
306.067
306.563
306.527
305.778
304.602
303.201
301.754
301.161
301.015
300.964
300.929
300.892
300.858
300.812
300.774
300.738
300.703
300.675
300.633
300.612
300.61
300.605
300.598
300.605
300.597
300.598
300.594
300.581
300.556
300.568
300.532
300.544
300.501
300.514
300.816
300.536
305.374
306.746
305.302
302.011
308.061
308.122
307.852
307.433
309.569
311.106
309.531
310.305
309.775
308.805
310.815
309.578
308.841
310.675
311.606
312.486
311.513
315.139
314.263
315.595
312.483
314.184
316.922
315.669
316.274
317.378
302.3
307.324
307.717
313.013
307.481
302.161
302.202
313.235
308.981
304.946
301.539
316.829
313.407
317.949
313.062
317.943
327.159
988.857
835.134
308.493
304.553
305.286
305.053
305.227
305.725
306.296
306.612
306.53
305.829
304.726
303.349
301.846
301.194
301.034
300.982
300.949
300.916
300.887
300.843
300.802
300.769
300.732
300.704
300.671
300.628
300.606
300.606
300.593
300.588
300.59
300.584
300.59
300.582
300.585
300.571
300.547
300.558
300.513
300.533
300.496
300.494
301.182
300.604
308.156
309.359
308.237
305.468
309.07
303.089
310.465
310.24
309.804
312.539
313.884
312.213
312.796
313.085
311.978
313.89
313.444
312.534
314.17
315.291
318.406
316.354
319.703
318.369
318.323
318.74
320.421
320.913
313.155
317.113
313.786
302.328
302.453
307.821
302.394
309.183
305.007
301.541
316.777
313.381
318.026
313.158
309.157
317.711
374.529
1000.19
899.788
308.173
307.32
305.817
305.881
306.179
306.499
306.664
306.519
305.831
304.768
303.418
301.907
301.22
301.053
301
300.966
300.939
300.905
300.872
300.834
300.798
300.763
300.725
300.7
300.666
300.629
300.603
300.604
300.585
300.582
300.578
300.574
300.575
300.568
300.576
300.568
300.562
300.536
300.55
300.493
300.515
300.5
300.479
301.513
300.693
310.535
311.709
310.283
308.574
306.453
311.504
303.814
312.687
312.25
315.393
316.417
314.727
315.028
316.37
315.144
316.798
317.347
316.335
317.565
318.731
322.711
321.824
323.94
322.298
317.589
320.137
322.619
321.82
307.899
313.747
308.036
302.462
305.101
301.559
316.623
313.204
317.056
313.446
309.235
305.097
317.421
461.837
1006.43
931.938
308.043
320.037
306.251
306.437
306.594
306.662
306.469
305.793
304.749
303.41
301.923
301.234
301.068
301.017
300.981
300.955
300.933
300.905
300.864
300.828
300.794
300.758
300.726
300.699
300.667
300.634
300.602
300.604
300.581
300.581
300.571
300.569
300.562
300.558
300.561
300.554
300.555
300.52
300.541
300.478
300.499
300.501
300.471
301.58
300.716
312.946
314.061
312.589
310.904
309.029
306.841
313.937
303.912
307.029
314.667
317.964
318.643
316.951
316.935
319.394
318.107
319.413
320.952
319.819
320.611
321.77
323.995
324.341
325.579
325.333
318.575
313.803
323.186
318.591
302.49
307.925
302.494
301.582
316.485
312.782
313.825
309.418
305.135
301.593
317.191
313.475
538.921
1010.02
949.571
308.683
335.478
306.433
306.579
306.593
306.325
305.652
304.637
303.302
301.894
301.238
301.083
301.034
300.999
300.968
300.95
300.93
300.903
300.86
300.825
300.791
300.755
300.728
300.696
300.666
300.637
300.603
300.604
300.581
300.582
300.567
300.565
300.555
300.553
300.548
300.544
300.548
300.54
300.511
300.531
300.473
300.491
300.496
300.467
301.475
300.695
315.307
316.342
314.86
313.135
311.175
309.109
316.292
303.535
307.009
306.784
320.199
320.523
318.826
318.479
322.043
320.759
321.65
324.176
322.888
323.214
324.337
324.241
325.157
326.161
326.502
313.884
307.814
319.017
313.547
302.461
316.239
312.097
309.65
305.237
301.603
316.911
313.466
309.623
628.364
1012.12
961.44
310.554
358.607
306.294
306.371
305.955
305.317
304.326
302.987
301.769
301.231
301.098
301.055
301.022
300.99
300.961
300.948
300.924
300.889
300.857
300.823
300.791
300.758
300.727
300.693
300.667
300.639
300.605
300.604
300.585
300.587
300.564
300.564
300.55
300.548
300.539
300.535
300.534
300.526
300.526
300.506
300.467
300.486
300.477
300.459
301.157
300.615
317.573
318.533
317.063
315.298
313.287
311.194
309.025
302.616
306.309
305.645
308.627
322.088
322.057
320.35
319.678
324.232
322.987
323.529
326.388
325.499
325.34
326.422
318.943
325.2
326.328
326.921
307.723
302.427
313.503
307.493
315.793
311.568
305.36
301.629
316.603
313.453
309.701
305.373
731.001
1013.31
969.064
313.63
396.907
305.583
305.488
304.709
303.779
302.538
301.594
301.209
301.11
301.073
301.043
301.012
300.982
300.959
300.946
300.924
300.886
300.857
300.823
300.793
300.76
300.727
300.693
300.668
300.593
300.639
300.59
300.591
300.564
300.565
300.547
300.547
300.532
300.53
300.52
300.517
300.516
300.507
300.497
300.459
300.479
300.447
300.446
300.738
300.5
320.6
319.199
317.444
315.401
313.254
310.972
301.471
304.85
303.93
307.994
307.159
310.432
323.633
323.296
321.557
325.98
324.818
325.056
327.267
327.22
326.998
327.833
319.075
313.267
325.133
326.017
327.012
302.398
307.404
302.309
315.274
311.723
301.661
316.231
313.471
309.776
305.426
301.676
799.849
1013.74
971.323
320.713
449.233
304.331
304.083
303.062
302.092
301.433
301.19
301.121
301.09
301.063
301.035
301.005
300.975
300.959
300.946
300.922
300.886
300.859
300.824
300.797
300.762
300.731
300.697
300.668
300.6
300.576
300.575
300.638
300.569
300.572
300.547
300.547
300.529
300.528
300.515
300.512
300.502
300.5
300.489
300.453
300.471
300.426
300.435
300.486
300.431
322.5
321.267
319.592
317.535
315.342
312.933
300.693
303.039
302.146
306.155
305.064
309.645
308.636
312.277
324.885
324.27
327.335
326.285
326.273
327.58
327.953
328.197
328.483
313.13
319.512
307.193
318.814
326.696
302.27
314.739
312.415
315.893
313.339
309.849
305.491
301.69
845.622
1013.27
967.782
333.827
493.229
302.84
302.407
301.713
301.32
301.177
301.132
301.108
301.082
301.057
301.029
301
300.975
300.96
300.945
300.92
300.888
300.861
300.829
300.801
300.764
300.732
300.699
300.669
300.606
300.577
300.579
300.553
300.558
300.643
300.548
300.55
300.528
300.529
300.511
300.511
300.497
300.495
300.484
300.482
300.45
300.467
300.417
300.432
300.413
300.41
323.219
321.691
319.707
317.49
314.967
300.452
301.434
300.873
303.951
302.892
307.455
306.178
311.366
310.217
314.291
325.868
325.038
328.319
327.406
327.215
327.643
328.247
328.869
328.777
307.065
313.105
302.214
318.812
312.654
326.601
314.057
314.024
315.487
313.267
309.865
305.557
301.708
852.166
1008.88
950.292
348.725
534.521
301.744
301.465
301.253
301.174
301.143
301.124
301.103
301.078
301.053
301.025
300.999
300.977
300.963
300.944
300.922
300.893
300.864
300.836
300.801
300.768
300.735
300.708
300.677
300.576
300.612
300.562
300.565
300.535
300.536
300.647
300.531
300.532
300.511
300.511
300.494
300.493
300.479
300.477
300.464
300.447
300.413
300.431
300.392
300.4
323.719
321.899
319.704
317.19
300.39
300.583
300.457
301.964
301.227
304.881
303.649
308.868
307.406
313.328
312.098
316.584
326.65
325.608
328.99
328.248
327.943
327.561
328.345
329.194
328.952
302.181
307.024
312.609
319.166
306.815
313.954
317.546
315.056
313.005
309.86
305.596
301.729
837.504
981.999
868.972
367.045
539.819
301.318
301.226
301.179
301.155
301.139
301.123
301.102
301.076
301.053
301.025
301.005
300.985
300.975
300.947
300.929
300.896
300.867
300.836
300.805
300.777
300.744
300.714
300.688
300.58
300.543
300.549
300.616
300.537
300.542
300.515
300.518
300.66
300.512
300.513
300.493
300.493
300.476
300.475
300.462
300.46
300.445
300.412
300.429
300.384
300.396
324.052
321.944
319.515
300.374
300.403
300.381
300.731
300.512
302.553
301.656
305.914
304.491
310.622
308.981
315.701
314.506
319.059
327.251
326.026
329.397
328.854
328.498
327.184
328.361
329.447
329.004
302.158
306.795
312.601
318.49
302.106
314.273
323.099
314.641
312.944
309.811
305.62
301.743
793.347
570.801
529.071
381.543
531.225
301.229
301.188
301.174
301.155
301.14
301.123
301.103
301.077
301.054
301.03
301.013
300.995
300.984
300.951
300.933
300.899
300.872
300.844
300.815
300.783
300.752
300.725
300.697
300.583
300.552
300.555
300.524
300.526
300.622
300.52
300.521
300.496
300.498
300.675
300.493
300.494
300.475
300.475
300.459
300.458
300.444
300.411
300.427
300.38
300.395
324.188
321.894
300.368
300.37
300.363
300.421
300.384
300.993
300.618
303.213
302.151
307.271
305.609
312.997
311.217
318.325
317.298
321.594
327.707
326.303
329.671
329.294
328.907
326.971
328.312
329.626
329.003
302.098
306.769
312.341
318.705
314.908
330.178
314.325
312.53
309.795
305.623
301.752
705.334
300.588
343.008
395.329
509.713
301.22
301.187
301.176
301.16
301.144
301.127
301.107
301.083
301.061
301.04
301.024
301.003
300.986
300.959
300.935
300.909
300.882
300.854
300.823
300.794
300.764
300.736
300.71
300.554
300.588
300.535
300.543
300.506
300.509
300.628
300.502
300.505
300.478
300.48
300.687
300.475
300.477
300.458
300.458
300.442
300.441
300.409
300.426
300.378
300.393
324.212
300.357
300.365
300.369
300.362
300.463
300.397
301.333
300.783
304.097
302.817
309.257
307.299
315.936
314.249
321.073
320.276
324.113
328.043
326.412
329.857
329.602
329.214
326.961
328.091
329.75
328.935
302.085
306.637
312.33
318.938
316.369
339.621
314.71
312.275
309.649
305.635
301.756
555.324
300.114
309.467
401.28
499.119
301.225
301.191
301.181
301.167
301.15
301.133
301.114
301.093
301.072
301.055
301.038
301.014
300.989
300.967
300.946
300.92
300.896
300.869
300.838
300.807
300.779
300.751
300.724
300.554
300.52
300.529
300.596
300.511
300.516
300.49
300.491
300.645
300.483
300.486
300.461
300.464
300.703
300.458
300.46
300.441
300.441
300.425
300.409
300.378
300.392
300.351
300.349
300.353
300.364
300.371
300.359
300.536
300.426
301.805
301.079
305.463
303.868
312.255
310.036
319.179
317.753
323.823
323.298
326.437
328.271
330.018
329.834
329.436
327.482
329.815
328.856
302.057
306.656
312.35
318.342
319.82
347.419
314.124
315.188
309.563
312.25
305.582
301.762
418.566
300.118
306.328
408.296
470.394
301.232
301.197
301.189
301.175
301.158
301.142
301.124
301.104
301.084
301.066
301.044
301.022
300.998
300.979
300.96
300.935
300.907
300.882
300.854
300.823
300.795
300.769
300.744
300.525
300.56
300.507
300.513
300.604
300.493
300.498
300.474
300.474
300.661
300.467
300.47
300.443
300.445
300.722
300.441
300.442
300.424
300.424
300.408
300.377
300.392
300.346
300.348
300.344
300.346
300.351
300.363
300.38
300.36
300.663
300.484
302.577
301.615
307.743
305.634
315.983
313.867
322.522
321.456
326.393
326.135
328.392
330.149
330.005
329.597
327.51
329.909
328.666
302.056
306.632
312.24
318.572
324.291
355.43
314.33
316.199
305.559
309.402
311.966
301.756
357.681
300.113
303.443
428.333
423.215
301.241
301.206
301.2
301.186
301.169
301.155
301.137
301.116
301.094
301.076
301.058
301.039
301.013
300.989
300.974
300.952
300.918
300.898
300.87
300.845
300.816
300.79
300.762
300.529
300.495
300.5
300.566
300.481
300.487
300.616
300.476
300.478
300.453
300.458
300.68
300.447
300.449
300.427
300.429
300.741
300.425
300.426
300.408
300.377
300.392
300.342
300.348
300.339
300.341
300.34
300.343
300.351
300.363
300.403
300.367
300.952
300.613
303.878
302.537
311.443
308.848
320.062
318.292
325.695
325.026
328.434
328.429
330.261
330.139
329.683
327.54
329.983
327.956
302.043
306.594
312.264
319.028
329.642
369.706
314.439
318.075
301.75
305.496
309.229
311.774
327.122
303.073
309.472
423.161
381.246
301.253
301.218
301.214
301.198
301.182
301.172
301.152
301.125
301.116
301.094
301.064
301.054
301.033
301.011
300.988
300.972
300.936
300.918
300.882
300.863
300.836
300.815
300.787
300.499
300.535
300.478
300.487
300.58
300.465
300.472
300.63
300.46
300.462
300.436
300.439
300.698
300.431
300.434
300.41
300.412
300.761
300.409
300.409
300.377
300.392
300.338
300.336
300.348
300.337
300.339
300.334
300.343
300.358
300.363
300.458
300.389
301.553
300.912
306.299
304.188
316.105
313.506
324.083
322.796
328.305
328.008
329.715
330.346
330.231
330.066
328.135
318.381
302.041
306.622
312.396
338.623
389.043
314.848
321.957
301.73
305.408
309.086
311.65
328.657
300.081
301.116
408.311
362.342
301.266
301.233
301.229
301.211
301.194
301.186
301.167
301.143
301.129
301.116
301.09
301.071
301.046
301.027
301.005
300.992
300.959
300.941
300.91
300.882
300.859
300.835
300.811
300.504
300.471
300.476
300.537
300.46
300.466
300.587
300.449
300.455
300.646
300.442
300.446
300.418
300.421
300.714
300.414
300.416
300.394
300.396
300.789
300.393
300.378
300.336
300.334
300.329
300.327
300.348
300.33
300.332
300.33
300.347
300.379
300.364
300.592
300.442
302.629
301.557
310.566
307.574
321.084
318.867
327.535
326.804
329.721
329.664
330.277
330.395
330.114
328.183
318.825
312.333
302.048
306.653
351.424
396.411
315.376
328.947
301.713
305.321
308.975
311.673
310.764
300.013
300.172
391.506
339.473
301.28
301.252
301.243
301.223
301.206
301.192
301.175
301.159
301.146
301.125
301.106
301.086
301.067
301.046
301.022
301.009
300.978
300.958
300.932
300.907
300.883
300.861
300.839
300.478
300.511
300.455
300.464
300.55
300.443
300.449
300.602
300.432
300.436
300.666
300.424
300.43
300.404
300.408
300.737
300.398
300.4
300.379
300.38
300.812
300.334
300.334
300.324
300.322
300.323
300.322
300.348
300.324
300.327
300.327
300.366
300.434
300.365
300.889
300.577
304.872
302.829
316.089
312.821
325.723
324.159
329.514
329.243
330.293
330.3
330.414
330.155
328.306
319.067
312.425
306.625
302.051
363.972
392.504
314.958
317.716
338.785
301.683
305.253
308.797
311.557
302.938
300.012
300.06
371.524
318.147
301.293
301.275
301.256
301.237
301.216
301.203
301.192
301.173
301.159
301.141
301.121
301.104
301.089
301.067
301.045
301.026
301.003
300.977
300.953
300.928
300.907
300.883
300.864
300.482
300.449
300.453
300.52
300.437
300.443
300.566
300.426
300.43
300.625
300.416
300.423
300.684
300.412
300.412
300.386
300.389
300.761
300.382
300.384
300.367
300.837
300.34
300.319
300.334
300.321
300.32
300.315
300.314
300.349
300.317
300.321
300.325
300.416
300.567
301.549
300.866
309.317
305.956
321.967
319.042
328.794
328.071
330.285
330.208
330.429
330.208
328.693
319.131
312.559
306.656
302.047
374.677
384.344
315.403
322.126
348.868
301.661
305.137
308.687
311.867
300.76
300.011
300.034
350.387
306.651
301.299
301.286
301.266
301.254
301.236
301.219
301.208
301.19
301.175
301.158
301.137
301.119
301.106
301.082
301.066
301.042
301.022
300.996
300.975
300.947
300.93
300.906
300.892
300.455
300.489
300.432
300.444
300.53
300.418
300.426
300.584
300.411
300.414
300.644
300.4
300.402
300.712
300.392
300.396
300.373
300.375
300.789
300.369
300.371
300.35
300.867
300.362
300.312
300.319
300.31
300.335
300.313
300.312
300.31
300.307
300.314
300.32
300.331
300.558
300.886
303.219
301.585
315.491
311.436
326.908
325.042
330.052
329.782
330.433
330.419
330.214
328.804
319.379
312.622
306.701
302.058
377.808
372.656
316.374
328.954
357.494
301.623
305.057
308.662
315.103
311.502
300.175
300.01
300.028
328.069
301.755
301.307
301.29
301.272
301.262
301.248
301.235
301.22
301.205
301.185
301.173
301.152
301.132
301.12
301.1
301.082
301.056
301.042
301.016
301.003
300.972
300.957
300.936
300.915
300.459
300.426
300.431
300.498
300.413
300.416
300.54
300.402
300.405
300.602
300.392
300.397
300.663
300.383
300.387
300.74
300.377
300.379
300.359
300.363
300.817
300.352
300.355
300.336
300.893
300.425
300.304
300.32
300.308
300.309
300.304
300.305
300.304
300.31
300.306
300.314
300.321
300.356
300.969
301.834
307.331
303.926
322.179
318.396
329.311
328.499
330.354
330.243
330.232
329.202
319.506
312.744
306.717
302.068
374.7
355.765
318.521
337.051
365.936
301.59
305.012
308.482
315.608
311.473
300.064
300.01
300.026
310.922
300.397
301.319
301.297
301.284
301.275
301.256
301.247
301.231
301.22
301.202
301.185
301.166
301.142
301.132
301.113
301.096
301.073
301.058
301.03
301.021
300.994
300.975
300.956
300.937
300.432
300.466
300.409
300.418
300.508
300.396
300.405
300.557
300.386
300.392
300.62
300.374
300.382
300.682
300.37
300.372
300.762
300.367
300.371
300.341
300.344
300.842
300.337
300.339
300.322
300.916
300.627
300.299
300.304
300.304
300.304
300.297
300.303
300.301
300.318
300.314
300.323
300.337
300.443
302.335
304.903
313.828
309.087
327.102
324.865
330.049
329.756
330.203
330.177
329.178
319.701
312.841
306.753
302.073
368.232
335.055
322.779
344.902
365.784
301.574
304.885
308.355
316.63
315.343
311.856
300.046
300.009
300.024
303.212
300.113
301.332
301.314
301.298
301.289
301.27
301.258
301.244
301.227
301.214
301.198
301.181
301.161
301.143
301.127
301.108
301.09
301.075
301.051
301.03
301.01
300.991
300.973
300.958
300.436
300.404
300.409
300.476
300.394
300.399
300.518
300.381
300.387
300.575
300.369
300.376
300.643
300.364
300.365
300.71
300.356
300.359
300.79
300.347
300.351
300.329
300.332
300.864
300.324
300.327
300.306
300.938
301.291
300.3
300.296
300.295
300.296
300.296
300.297
300.308
300.305
300.354
300.345
300.366
300.398
300.758
306.284
311.206
321.394
316.521
329.213
328.157
330.066
329.955
329.326
319.77
312.949
306.787
302.083
356.926
314.618
328.649
354.781
362.812
301.54
304.776
308.369
319.155
316.015
314.875
311.335
300.04
300.009
300.022
300.768
300.063
301.339
301.322
301.311
301.299
301.281
301.264
301.25
301.236
301.221
301.203
301.186
301.17
301.152
301.136
301.114
301.097
301.079
301.061
301.04
301.022
301.004
300.986
300.968
300.408
300.444
300.39
300.397
300.488
300.378
300.385
300.537
300.367
300.371
300.593
300.357
300.362
300.668
300.347
300.354
300.739
300.344
300.345
300.818
300.335
300.34
300.313
300.316
300.892
300.308
300.311
300.292
300.948
303.259
300.32
300.291
300.292
300.292
300.294
300.308
300.338
300.33
300.471
300.445
300.505
300.605
301.744
313.895
319.633
326.574
323.825
329.797
329.253
329.345
329.497
319.923
312.973
306.81
302.086
339.229
304.716
336.006
359.166
355.617
301.491
304.748
308.174
323.363
317.414
315.299
311.323
300.036
300.008
300.021
300.192
300.052
301.348
301.333
301.318
301.305
301.288
301.269
301.254
301.242
301.227
301.207
301.191
301.173
301.156
301.139
301.12
301.101
301.083
301.065
301.046
301.028
301.011
300.993
300.974
300.382
300.414
300.455
300.375
300.38
300.502
300.364
300.368
300.554
300.352
300.359
300.613
300.342
300.346
300.693
300.337
300.336
300.77
300.328
300.333
300.845
300.318
300.324
300.3
300.304
300.917
300.295
300.297
300.284
300.284
300.954
308.241
300.391
300.287
300.285
300.292
300.296
300.363
300.432
300.412
300.801
300.718
300.916
301.243
304.451
322.429
325.505
328.646
327.457
329.768
329.422
320.049
328.041
313.037
306.793
302.086
317.574
301.207
347.394
357.651
341.038
301.491
304.621
308.086
329.994
320.487
316.034
315.413
311.432
300.034
300.008
300.019
300.082
300.047
301.353
301.339
301.323
301.31
301.291
301.278
301.258
301.244
301.225
301.208
301.191
301.173
301.156
301.138
301.12
301.101
301.083
301.066
301.048
301.03
301.012
300.993
300.975
300.386
300.369
300.356
300.359
300.423
300.469
300.361
300.517
300.349
300.355
300.577
300.34
300.343
300.64
300.33
300.334
300.724
300.321
300.326
300.797
300.315
300.32
300.877
300.309
300.311
300.287
300.291
300.928
300.282
300.285
300.281
300.281
300.955
317.2
300.587
300.29
300.284
300.308
300.328
300.526
300.68
300.635
301.626
301.379
301.996
302.902
310.922
326.632
327.734
329.144
328.677
329.156
328.833
320.946
313.059
306.792
302.083
305.992
300.287
354.063
352.934
319.365
301.442
304.548
308.035
342.756
327.38
318.968
316.065
315.758
311.3
300.031
300.007
300.018
300.062
300.043
301.358
301.344
301.325
301.315
301.294
301.278
301.258
301.242
301.223
301.205
301.187
301.169
301.152
301.133
301.116
301.097
301.079
301.061
301.043
301.026
301.007
300.987
300.97
300.361
300.394
300.351
300.345
300.35
300.433
300.482
300.346
300.532
300.334
300.341
300.597
300.324
300.327
300.663
300.319
300.322
300.748
300.309
300.314
300.819
300.302
300.306
300.894
300.294
300.299
300.276
300.279
300.936
300.275
300.275
300.273
300.277
300.281
300.95
324.275
301.05
300.316
300.292
300.373
300.443
300.929
301.265
301.157
303.427
302.79
304.451
306.68
320.556
327.807
328.211
328.9
328.907
320.011
319.983
313.255
306.786
302.08
301.588
300.103
353.792
340.949
306.796
301.418
304.488
307.922
350.695
341.533
326.209
319.152
316.854
315.589
311.342
300.029
300.007
300.017
300.055
300.04
301.363
301.346
301.326
301.311
301.292
301.275
301.255
301.236
301.217
301.199
301.179
301.159
301.142
301.125
301.104
301.087
301.069
301.053
301.034
301.016
300.996
300.975
300.954
300.332
300.367
300.404
300.338
300.33
300.334
300.446
300.493
300.333
300.554
300.322
300.326
300.619
300.314
300.318
300.695
300.304
300.308
300.784
300.299
300.301
300.852
300.291
300.295
300.909
300.282
300.287
300.266
300.269
300.937
300.273
300.272
300.267
300.267
300.278
300.292
300.936
326.908
301.988
300.423
300.335
300.587
300.755
301.768
302.474
302.224
306.991
305.47
309.464
314.673
325.456
327.849
328.107
327.748
328.313
312.889
320.652
312.857
306.823
302.076
300.374
300.071
350.696
319.869
301.831
301.389
304.403
308.116
351.77
349.586
342.324
327.941
320.905
317.579
315.513
311.161
300.027
300.006
300.016
300.051
300.037
301.364
301.345
301.323
301.306
301.287
301.268
301.247
301.226
301.206
301.188
301.164
301.145
301.128
301.103
301.091
301.069
301.052
301.031
301.017
301.001
300.971
300.954
300.936
300.31
300.341
300.324
300.373
300.416
300.325
300.317
300.461
300.511
300.319
300.573
300.31
300.314
300.648
300.302
300.307
300.718
300.295
300.299
300.808
300.287
300.291
300.875
300.28
300.283
300.917
300.271
300.275
300.26
300.262
300.265
300.259
300.929
300.273
300.268
300.264
300.292
300.345
300.916
327.455
303.647
300.749
300.485
301.115
301.446
303.251
304.683
304.137
313.419
310.121
318.697
323.006
326.738
327.168
319.193
319.551
306.641
312.996
306.626
302.068
300.122
300.062
339.534
306.944
300.427
301.364
304.429
307.761
348.812
350.689
349.425
344.46
334.311
324.552
319.23
316.637
311.346
300.025
300.011
300.047
300.035
301.359
301.338
301.317
301.299
301.278
301.252
301.23
301.208
301.187
301.162
301.143
301.127
301.106
301.088
301.069
301.051
301.032
301.014
300.997
300.964
300.946
300.929
300.909
300.311
300.31
300.297
300.286
300.29
300.348
300.383
300.43
300.312
300.304
300.475
300.532
300.307
300.596
300.297
300.302
300.675
300.29
300.292
300.753
300.283
300.286
300.834
300.277
300.28
300.889
300.267
300.272
300.918
300.262
300.263
300.255
300.259
300.257
300.256
300.254
300.915
300.286
300.269
300.263
300.348
300.516
300.882
327.279
306.273
301.501
300.917
302.162
302.724
305.547
308.321
307.221
321.718
317.828
324.231
326.001
326.782
319.488
312.252
312.454
302.028
306.632
302.015
300.078
300.057
318.739
301.851
300.135
301.366
304.326
307.883
337.204
347.098
349.664
349.232
346.854
341.692
332.436
325.622
315.354
311.397
300.021
300.013
300.028
300.044
300.03
301.352
301.329
301.308
301.285
301.261
301.234
301.208
301.185
301.16
301.138
301.118
301.1
301.08
301.064
301.045
301.028
301.011
300.988
300.956
300.929
300.914
300.893
300.867
300.29
300.322
300.291
300.283
300.275
300.281
300.356
300.397
300.441
300.299
300.492
300.553
300.294
300.627
300.286
300.29
300.705
300.277
300.282
300.786
300.271
300.274
300.855
300.267
300.269
300.898
300.26
300.263
300.911
300.256
300.256
300.258
300.252
300.252
300.251
300.248
300.892
300.333
300.277
300.267
300.512
300.974
300.842
318.274
310.083
302.877
301.866
303.89
304.749
308.788
313.867
311.704
324.872
323.586
325.821
326.58
326.305
312.333
306.299
306.376
301.998
300.068
300.053
306.413
300.431
300.084
301.344
304.346
307.895
316.713
333.687
344.668
348.518
349.286
348.515
346.141
320.284
340.778
315.41
311.893
300.026
300.012
300.035
300.039
301.342
301.318
301.293
301.261
301.238
301.209
301.181
301.154
301.137
301.117
301.089
301.071
301.047
301.032
301.005
300.985
300.965
300.935
300.907
300.897
300.873
300.847
300.816
300.267
300.297
300.33
300.286
300.278
300.271
300.262
300.265
300.363
300.409
300.454
300.513
300.576
300.282
300.654
300.274
300.278
300.737
300.268
300.271
300.813
300.26
300.263
300.871
300.255
300.258
300.899
300.248
300.251
300.895
300.244
300.246
300.258
300.251
300.248
300.245
300.244
300.86
300.462
300.31
300.285
300.916
302.001
300.792
311.636
318.196
315.079
304.946
303.448
306.351
307.583
313.02
321.279
317.805
325.428
325.052
325.999
326.315
306.294
301.914
301.936
300.063
300.048
301.663
300.138
300.073
301.344
304.327
308.001
305.441
313.925
328.726
340.974
346.644
348.528
348.532
336.778
347.664
324.474
323.309
312.807
300.034
300.026
300.04
300.011
300.041
301.329
301.298
301.266
301.24
301.205
301.179
301.156
301.133
301.112
301.075
301.061
301.039
301.01
300.99
300.96
300.939
300.914
300.897
300.876
300.847
300.828
300.798
300.767
300.238
300.272
300.256
300.305
300.336
300.274
300.268
300.254
300.251
300.376
300.422
300.469
300.532
300.604
300.27
300.682
300.263
300.266
300.764
300.257
300.261
300.836
300.251
300.254
300.88
300.246
300.246
300.892
300.239
300.243
300.871
300.243
300.238
300.24
300.238
300.266
300.252
300.245
300.242
300.819
300.764
300.396
300.333
301.775
303.703
300.746
305.986
311.519
317.33
321.237
307.693
305.704
309.522
311.219
318.192
324.362
323.149
325.216
325.062
325.599
325.309
301.89
300.057
300.048
300.385
300.089
300.066
301.335
304.375
308.306
301.356
304.272
311.224
322.442
334.282
342.696
346.195
346.168
347.303
340.775
337.992
320.031
313.827
300.043
300.038
300.024
300.046
300.011
301.304
301.275
301.243
301.215
301.186
301.159
301.131
301.105
301.07
301.057
301.033
301.003
300.975
300.945
300.925
300.906
300.883
300.855
300.829
300.81
300.783
300.753
300.725
300.216
300.244
300.242
300.231
300.275
300.312
300.345
300.261
300.251
300.247
300.239
300.388
300.438
300.488
300.557
300.633
300.259
300.714
300.252
300.255
300.793
300.246
300.248
300.852
300.242
300.242
300.88
300.234
300.239
300.875
300.228
300.231
300.837
300.237
300.234
300.235
300.228
300.287
300.259
300.244
300.238
300.772
301.381
300.585
300.432
303.37
305.946
300.694
301.818
305.946
310.993
316.258
324.162
310.974
308.486
313.265
315.551
322.965
324.95
324.629
324.278
324.394
300.056
300.134
300.075
300.063
301.346
304.459
308.632
300.324
301.03
303.124
308.259
315.985
325.921
334.42
347.018
340.877
346.058
344.91
329.568
329.641
315.681
300.051
300.037
300.049
300.045
300.023
300.052
300.01
301.29
301.257
301.226
301.193
301.162
301.133
301.103
301.073
301.054
301.02
300.999
300.958
300.939
300.915
300.898
300.874
300.837
300.816
300.795
300.765
300.739
300.71
300.677
300.189
300.22
300.218
300.208
300.253
300.226
300.284
300.319
300.359
300.25
300.243
300.235
300.4
300.455
300.513
300.581
300.661
300.247
300.743
300.241
300.245
300.819
300.235
300.239
300.86
300.23
300.233
300.872
300.225
300.228
300.848
300.223
300.223
300.792
300.234
300.23
300.229
300.223
300.227
300.331
300.274
300.244
300.236
300.712
302.497
300.954
300.617
305.499
308.605
300.646
301.793
305.725
310.537
316.04
324.778
314.605
311.644
317.392
320.446
324.592
324.662
324.717
322.474
300.089
300.071
300.058
301.363
304.563
309.512
300.125
300.252
300.716
302.062
304.939
310.752
317.179
343.764
324.127
344.687
341.238
344.452
327.174
339.958
316.812
300.048
300.035
300.056
300.053
300.022
300.058
300.01
301.271
301.237
301.203
301.169
301.138
301.109
301.078
301.048
301.008
300.992
300.951
300.932
300.912
300.883
300.862
300.821
300.804
300.782
300.749
300.725
300.691
300.666
300.631
300.172
300.194
300.192
300.183
300.225
300.215
300.204
300.256
300.223
300.293
300.327
300.37
300.239
300.232
300.417
300.467
300.535
300.613
300.692
300.236
300.78
300.231
300.234
300.833
300.226
300.227
300.861
300.22
300.223
300.855
300.216
300.218
300.806
300.215
300.215
300.742
300.231
300.227
300.223
300.221
300.215
300.216
300.41
300.302
300.247
300.234
300.662
304.232
301.586
300.929
307.825
311.45
300.597
301.737
305.557
310.445
315.178
324.603
318.411
315.013
321.755
323.741
324.829
323.192
324.18
300.08
300.066
301.392
304.874
309.901
300.092
300.114
300.203
300.457
301.177
302.934
305.874
330.357
310.18
335.431
343.509
338.415
334.66
342.593
334.389
318.14
300.055
300.048
300.059
300.034
300.061
300.06
300.021
300.064
300.009
301.253
301.218
301.179
301.144
301.11
301.074
301.044
301.015
300.987
300.951
300.933
300.903
300.872
300.849
300.813
300.795
300.769
300.735
300.715
300.682
300.65
300.608
300.586
300.151
300.176
300.172
300.163
300.199
300.191
300.181
300.234
300.212
300.201
300.266
300.219
300.299
300.338
300.381
300.228
300.435
300.488
300.561
300.642
300.73
300.226
300.799
300.22
300.224
300.841
300.215
300.218
300.849
300.212
300.213
300.813
300.211
300.21
300.764
300.214
300.208
300.209
300.672
300.228
300.223
300.215
300.221
300.213
300.537
300.344
300.254
300.234
300.611
306.203
302.557
301.38
310.31
314.448
300.551
301.7
305.542
310.052
314.749
323.283
322.178
318.467
324.023
324.713
324.58
321.323
322.099
300.073
301.463
305.023
310.603
300.081
300.09
300.11
300.152
300.288
300.632
301.371
314.638
302.921
319.266
339.818
322.83
340.632
340.038
334.015
339.415
320.042
300.062
300.059
300.045
300.064
300.033
300.067
300.067
300.02
300.071
300.009
301.237
301.199
301.159
301.119
301.088
301.053
301.019
300.985
300.955
300.926
300.889
300.868
300.839
300.812
300.784
300.759
300.73
300.699
300.666
300.637
300.606
300.573
300.54
300.13
300.153
300.151
300.14
300.179
300.171
300.16
300.207
300.19
300.179
300.239
300.209
300.2
300.273
300.217
300.307
300.349
300.394
300.448
300.516
300.587
300.673
300.757
300.214
300.815
300.209
300.21
300.84
300.207
300.208
300.826
300.203
300.204
300.783
300.199
300.202
300.698
300.208
300.201
300.207
300.198
300.635
300.224
300.216
300.212
300.222
300.209
300.719
300.404
300.265
300.234
300.565
308.166
303.929
301.94
312.844
317.456
300.508
301.689
305.401
309.959
314.385
320.62
323.923
321.689
324.689
324.783
323.219
319.939
301.511
305.282
311.391
300.078
300.085
300.094
300.102
300.13
300.186
300.319
304.932
300.635
307.535
326.446
310.097
339.599
328.907
338.111
334.487
338.83
322.195
300.068
300.057
300.066
300.064
300.044
300.069
300.031
300.072
300.073
300.02
300.009
301.22
301.179
301.134
301.099
301.062
301.029
300.992
300.962
300.927
300.894
300.865
300.838
300.809
300.782
300.752
300.721
300.687
300.661
300.629
300.598
300.567
300.533
300.491
300.101
300.13
300.129
300.118
300.156
300.15
300.137
300.181
300.17
300.158
300.211
300.186
300.178
300.246
300.207
300.196
300.276
300.314
300.355
300.411
300.463
300.538
300.62
300.71
300.779
300.204
300.822
300.2
300.201
300.829
300.197
300.199
300.797
300.194
300.196
300.732
300.193
300.193
300.653
300.198
300.193
300.202
300.193
300.206
300.193
300.573
300.213
300.219
300.209
300.235
300.944
300.477
300.281
300.521
310.158
305.33
302.557
315.405
320.296
300.462
301.658
305.409
309.896
314.269
319.031
324.549
323.355
324.732
324.479
321.661
301.572
305.58
312.825
300.08
300.087
300.093
300.102
300.113
300.137
301.16
300.188
302.032
312.551
303.086
330.63
314.603
337.695
337.856
331.917
331.363
322.187
300.074
300.066
300.055
300.07
300.07
300.042
300.074
300.03
300.078
300.019
300.009
301.201
301.162
301.116
301.078
301.042
301.001
300.968
300.931
300.9
300.866
300.835
300.807
300.779
300.746
300.717
300.686
300.657
300.625
300.591
300.559
300.519
300.482
300.453
300.084
300.105
300.105
300.094
300.132
300.128
300.116
300.157
300.144
300.137
300.188
300.168
300.154
300.217
300.186
300.174
300.254
300.193
300.282
300.329
300.372
300.428
300.49
300.567
300.653
300.737
300.795
300.821
300.191
300.192
300.807
300.188
300.19
300.752
300.184
300.187
300.677
300.183
300.184
300.602
300.194
300.199
300.19
300.201
300.191
300.206
300.182
300.528
300.217
300.209
300.237
300.3
301.196
300.556
300.475
312.12
306.728
303.228
317.8
322.106
300.412
301.663
305.425
309.931
314.912
319.088
324.675
324.126
324.494
323.439
319.733
301.648
306.171
313.289
300.084
300.089
300.096
300.102
300.11
300.279
300.12
300.458
304.218
300.712
316.159
305.318
335.804
337.232
331.424
317.092
335.173
322.876
300.08
300.077
300.064
300.053
300.075
300.076
300.041
300.08
300.029
300.019
300.009
301.192
301.144
301.098
301.057
301.019
300.982
300.945
300.913
300.873
300.84
300.809
300.779
300.746
300.715
300.684
300.652
300.622
300.587
300.553
300.518
300.486
300.446
300.402
300.063
300.084
300.083
300.072
300.107
300.105
300.094
300.135
300.126
300.113
300.164
300.145
300.135
300.191
300.165
300.153
300.223
300.183
300.173
300.26
300.294
300.342
300.384
300.446
300.517
300.6
300.686
300.76
300.802
300.803
300.179
300.182
300.763
300.179
300.179
300.7
300.177
300.177
300.615
300.174
300.177
300.536
300.189
300.192
300.199
300.182
300.203
300.183
300.207
300.175
300.18
300.478
300.214
300.239
300.32
301.427
300.631
300.418
313.925
308.01
303.864
319.613
323.1
300.374
301.68
305.514
310.402
314.706
324.556
324.437
323.783
322.453
319.244
301.798
306.441
313.938
300.086
300.092
300.097
300.103
300.137
300.109
300.166
301.029
300.209
306.249
301.372
336.324
331.148
317.471
306.94
334.723
335.541
323.275
300.071
300.08
300.082
300.083
300.062
300.051
300.081
300.04
300.084
300.03
300.019
300.009
301.182
301.128
301.083
301.04
300.999
300.954
300.916
300.879
300.847
300.814
300.782
300.75
300.716
300.685
300.651
300.621
300.584
300.554
300.513
300.483
300.44
300.402
300.369
300.06
300.04
300.064
300.088
300.082
300.072
300.112
300.105
300.094
300.139
300.124
300.114
300.167
300.144
300.134
300.201
300.164
300.151
300.231
300.172
300.266
300.307
300.354
300.403
300.472
300.544
300.631
300.719
300.776
300.799
300.78
300.17
300.724
300.164
300.167
300.637
300.165
300.166
300.553
300.165
300.165
300.497
300.189
300.182
300.193
300.2
300.179
300.205
300.213
300.166
300.175
300.172
300.424
300.24
300.337
301.625
300.686
300.365
315.374
309.107
304.373
320.696
323.652
300.321
301.717
305.739
310.366
315.349
324.279
324.537
323.363
321.143
301.887
306.778
314.451
300.091
300.096
300.1
300.115
300.106
300.123
300.27
300.132
301.671
300.34
330.896
317.352
307.187
301.938
333.991
334.967
330.535
323.664
300.071
300.087
300.084
300.088
300.09
300.062
300.051
300.089
300.04
300.029
300.019
300.008
301.173
301.112
301.067
301.02
300.979
300.941
300.903
300.863
300.826
300.789
300.755
300.711
300.685
300.655
300.62
300.583
300.544
300.498
300.475
300.437
300.391
300.356
300.322
300.038
300.06
300.051
300.02
300.04
300.063
300.089
300.083
300.073
300.112
300.103
300.092
300.141
300.122
300.112
300.167
300.143
300.133
300.206
300.16
300.151
300.238
300.273
300.321
300.368
300.419
300.496
300.576
300.67
300.74
300.783
300.783
300.745
300.161
300.671
300.159
300.161
300.581
300.159
300.157
300.505
300.158
300.158
300.429
300.188
300.182
300.179
300.195
300.205
300.174
300.211
300.239
300.159
300.166
300.163
300.171
300.381
300.346
301.741
300.704
300.334
316.321
309.962
304.617
321.419
324.039
300.276
301.785
305.731
310.899
320.486
316.288
324.188
324.606
323.039
301.981
307.076
314.908
300.093
300.097
300.111
300.103
300.116
300.145
300.121
300.399
300.158
317.174
307.108
302.007
300.458
333.38
334.378
330.128
316.676
323.618
300.085
300.071
300.099
300.092
300.094
300.096
300.062
300.05
300.04
300.028
300.019
300.009
301.168
301.106
301.055
301.003
300.969
300.929
300.887
300.846
300.804
300.763
300.726
300.689
300.657
300.627
300.588
300.542
300.508
300.474
300.433
300.381
300.358
300.317
300.268
300.019
300.04
300.03
300.061
300.05
300.02
300.042
300.065
300.088
300.08
300.071
300.118
300.103
300.092
300.145
300.123
300.112
300.176
300.142
300.132
300.21
300.151
300.248
300.289
300.329
300.384
300.446
300.525
300.614
300.695
300.757
300.778
300.755
300.701
300.605
300.149
300.151
300.52
300.15
300.149
300.454
300.148
300.149
300.385
300.183
300.189
300.179
300.174
300.2
300.231
300.237
300.347
300.149
300.158
300.156
300.166
300.161
300.171
300.337
301.773
300.705
300.28
316.846
310.334
304.668
321.874
324.367
300.221
301.79
306.021
311.475
320.554
316.211
324.13
324.679
322.553
302.068
307.359
315.153
300.096
300.107
300.1
300.112
300.127
300.117
300.169
300.132
306.873
301.965
300.463
300.182
332.56
333.831
329.405
316.007
306.357
323.572
300.096
300.083
300.071
300.107
300.098
300.099
300.059
300.049
300.039
300.028
300.018
300.009
301.163
301.105
301.047
300.997
300.954
300.916
300.876
300.832
300.786
300.74
300.692
300.662
300.628
300.574
300.537
300.509
300.473
300.427
300.389
300.355
300.31
300.277
300.231
300.02
300.009
300.04
300.029
300.061
300.049
300.02
300.043
300.068
300.093
300.081
300.07
300.122
300.101
300.092
300.149
300.122
300.111
300.181
300.142
300.132
300.213
300.25
300.298
300.344
300.399
300.472
300.554
300.644
300.723
300.762
300.759
300.713
300.623
300.542
300.14
300.139
300.471
300.137
300.139
300.4
300.138
300.139
300.344
300.185
300.18
300.194
300.174
300.223
300.329
300.343
300.139
300.149
300.144
300.158
300.154
300.165
300.163
300.171
300.288
301.769
300.692
300.231
317.027
310.425
304.607
322.231
324.737
300.188
301.883
306.263
311.48
322.07
317.536
324.184
324.952
302.156
307.558
315.314
300.105
300.109
300.122
300.114
300.138
300.126
301.843
300.448
300.184
300.144
331.832
333.206
328.49
314.912
305.586
301.548
323.213
300.105
300.093
300.082
300.071
300.112
300.107
300.102
300.113
300.103
300.06
300.05
300.039
300.029
300.019
300.009
301.15
301.084
301.031
300.984
300.946
300.904
300.867
300.819
300.769
300.717
300.674
300.633
300.587
300.547
300.509
300.468
300.427
300.394
300.354
300.311
300.274
300.23
300.186
300.019
300.008
300.038
300.029
300.06
300.05
300.02
300.043
300.07
300.094
300.081
300.069
300.125
300.1
300.091
300.154
300.12
300.111
300.187
300.13
300.225
300.266
300.306
300.362
300.423
300.499
300.591
300.673
300.739
300.755
300.728
300.657
300.576
300.487
300.131
300.413
300.129
300.13
300.354
300.13
300.13
300.295
300.181
300.189
300.175
300.213
300.31
300.652
300.13
300.137
300.134
300.151
300.147
300.157
300.154
300.165
300.163
300.172
300.244
301.709
300.182
317.038
310.358
304.381
322.548
325.205
300.136
301.94
306.297
312.309
322.596
318.367
324.46
325.347
302.222
307.701
315.418
300.108
300.12
300.113
300.133
300.123
300.409
300.182
300.147
300.136
331.025
332.527
327.58
313.809
304.544
301.221
300.334
322.386
300.114
300.103
300.092
300.082
300.071
300.116
300.112
300.116
300.058
300.05
300.039
300.028
300.018
300.009
301.12
301.046
300.993
300.959
300.927
300.891
300.855
300.807
300.751
300.694
300.649
300.595
300.548
300.506
300.471
300.435
300.393
300.355
300.313
300.269
300.225
300.183
300.134
300.018
300.009
300.037
300.029
300.06
300.048
300.021
300.044
300.07
300.095
300.081
300.07
300.128
300.099
300.09
300.159
300.122
300.11
300.19
300.228
300.274
300.319
300.381
300.446
300.534
300.621
300.706
300.742
300.734
300.679
300.598
300.486
300.422
300.12
300.366
300.12
300.12
300.303
300.12
300.121
300.246
300.184
300.176
300.203
300.285
300.593
301.579
300.131
300.12
300.141
300.138
300.149
300.146
300.157
300.154
300.166
300.163
300.173
300.187
300.143
316.845
309.919
303.943
322.876
325.8
300.093
301.973
306.733
312.676
323.125
318.437
324.923
325.859
302.272
307.778
315.036
300.118
300.13
300.122
300.178
300.15
300.14
300.133
330.171
331.84
326.807
312.704
303.808
300.953
300.29
300.175
322.097
300.124
300.112
300.1
300.092
300.081
300.07
300.12
300.116
300.12
300.059
300.049
300.039
300.029
300.019
301.067
301
300.949
300.918
300.895
300.877
300.842
300.795
300.735
300.669
300.61
300.567
300.521
300.478
300.438
300.396
300.356
300.314
300.27
300.227
300.182
300.133
300.09
300.039
300.059
300.049
300.022
300.046
300.073
300.101
300.08
300.07
300.132
300.1
300.09
300.166
300.11
300.201
300.241
300.285
300.34
300.4
300.476
300.564
300.663
300.718
300.732
300.695
300.615
300.509
300.44
300.376
300.303
300.111
300.112
300.25
300.112
300.111
300.198
300.179
300.194
300.259
300.518
301.396
300.13
300.134
300.142
300.139
300.149
300.146
300.158
300.155
300.168
300.164
300.174
300.145
300.094
316.448
309.165
303.421
323.233
326.53
300.04
302.078
306.815
312.948
325.16
319.89
326.472
302.305
307.754
315.118
300.128
300.121
300.153
300.145
300.139
300.132
329.281
331.086
326.199
312.446
303.329
300.773
300.261
300.174
300.157
320.577
300.123
300.1
300.09
300.081
300.07
300.126
300.06
301.002
300.921
300.878
300.872
300.866
300.851
300.828
300.78
300.713
300.639
300.587
300.536
300.489
300.442
300.395
300.354
300.306
300.267
300.229
300.183
300.138
300.092
300.04
300.021
300.047
300.075
300.101
300.078
300.07
300.135
300.101
300.091
300.17
300.209
300.25
300.296
300.357
300.423
300.507
300.608
300.682
300.72
300.703
300.638
300.548
300.46
300.384
300.321
300.257
300.101
300.1
300.204
300.15
300.186
300.234
300.441
301.18
300.129
300.133
300.141
300.137
300.15
300.147
300.16
300.156
300.17
300.166
300.179
300.096
300.042
315.947
308.212
302.909
323.648
327.377
302.111
307.005
313.658
325.824
320.909
327.199
302.314
307.836
314.261
300.126
300.148
300.142
300.136
300.131
328.374
330.269
325.721
312.568
303.295
300.748
300.258
300.176
300.159
300.151
300.09
300.079
300.777
300.778
300.785
300.809
300.822
300.831
300.812
300.752
300.676
300.61
300.556
300.503
300.457
300.405
300.359
300.309
300.27
300.227
300.183
300.137
300.085
300.038
300.023
300.049
300.076
300.106
300.142
300.177
300.215
300.264
300.311
300.374
300.449
300.541
300.634
300.695
300.704
300.664
300.573
300.477
300.393
300.33
300.254
300.206
300.148
300.093
300.213
300.368
300.968
300.134
300.142
300.139
300.152
300.148
300.162
300.158
300.173
300.169
300.195
300.042
315.388
307.12
302.383
324.163
328.355
302.175
307.321
314.358
326.672
327.972
302.328
307.53
300.145
300.14
329.344
325.233
313.148
303.607
300.835
300.273
300.182
300.163
300.155
300.15
300.446
300.577
300.682
300.739
300.778
300.804
300.783
300.734
300.655
300.577
300.507
300.451
300.403
300.358
300.311
300.27
300.228
300.184
300.133
300.086
300.042
300.024
300.051
300.074
300.11
300.143
300.183
300.223
300.272
300.329
300.395
300.482
300.579
300.66
300.696
300.674
300.596
300.502
300.402
300.343
300.263
300.205
300.151
300.098
300.043
300.304
300.763
300.143
300.154
300.164
300.16
300.183
300.175
300.253
314.735
306.008
301.874
324.719
302.261
307.618
302.294
313.932
304.222
301.076
300.336
300.194
300.168
300.272
300.481
300.597
300.675
300.737
300.765
300.758
300.709
300.621
300.54
300.466
300.415
300.361
300.322
300.274
300.224
300.183
300.134
300.09
300.042
300.024
300.052
300.077
300.115
300.153
300.186
300.236
300.285
300.345
300.428
300.522
300.613
300.673
300.677
300.625
300.532
300.428
300.354
300.276
300.22
300.157
300.101
300.044
300.585
300.217
300.441
305.038
301.432
302.313
300.154
300.397
300.53
300.631
300.7
300.738
300.739
300.679
300.58
300.504
300.44
300.381
300.331
300.275
300.232
300.179
300.131
300.088
300.039
300.024
300.053
300.086
300.117
300.158
300.201
300.244
300.302
300.375
300.456
300.558
300.64
300.669
300.638
300.562
300.446
300.366
300.287
300.221
300.156
300.104
300.045
300.122
300.303
300.458
300.595
300.672
300.724
300.706
300.632
300.54
300.467
300.402
300.339
300.286
300.236
300.187
300.138
300.092
300.04
300.025
300.054
300.089
300.122
300.164
300.21
300.257
300.322
300.397
300.497
300.59
300.646
300.65
300.577
300.475
300.375
300.305
300.233
300.168
300.102
300.049
300.122
300.276
300.448
300.576
300.655
300.7
300.682
300.596
300.499
300.42
300.353
300.298
300.238
300.185
300.138
300.091
300.039
300.026
300.057
300.092
300.129
300.171
300.22
300.275
300.344
300.425
300.538
300.612
300.64
300.595
300.498
300.375
300.314
300.243
300.175
300.106
300.05
300.107
300.214
300.415
300.55
300.65
300.686
300.649
300.547
300.45
300.367
300.302
300.25
300.193
300.142
300.088
300.043
300.027
300.06
300.092
300.134
300.18
300.23
300.295
300.363
300.464
300.566
300.62
300.61
300.517
300.416
300.323
300.25
300.179
300.112
300.049
300.103
300.209
300.409
300.553
300.651
300.668
300.601
300.494
300.398
300.318
300.255
300.197
300.144
300.093
300.043
300.029
300.062
300.101
300.143
300.188
300.241
300.309
300.384
300.514
300.58
300.608
300.548
300.433
300.326
300.258
300.186
300.117
300.052
300.103
300.255
300.418
300.569
300.65
300.639
300.541
300.436
300.344
300.267
300.208
300.147
300.092
300.044
300.029
300.063
300.103
300.148
300.196
300.264
300.335
300.443
300.536
300.586
300.558
300.456
300.346
300.274
300.192
300.124
300.052
300.101
300.262
300.435
300.586
300.642
300.596
300.489
300.37
300.289
300.217
300.153
300.095
300.045
300.031
300.069
300.109
300.157
300.21
300.285
300.371
300.479
300.543
300.561
300.485
300.374
300.286
300.197
300.125
300.055
300.11
300.262
300.464
300.601
300.621
300.54
300.411
300.312
300.23
300.163
300.102
300.046
300.031
300.071
300.115
300.164
300.227
300.31
300.411
300.507
300.543
300.512
300.403
300.282
300.21
300.119
300.06
300.126
300.286
300.503
300.606
300.585
300.469
300.337
300.241
300.171
300.103
300.045
300.034
300.075
300.12
300.174
300.251
300.338
300.443
300.52
300.519
300.439
300.31
300.226
300.13
300.061
300.142
300.337
300.539
300.593
300.521
300.387
300.274
300.184
300.106
300.049
300.035
300.081
300.132
300.196
300.274
300.387
300.461
300.512
300.456
300.344
300.243
300.136
300.055
300.166
300.405
300.556
300.558
300.449
300.311
300.202
300.12
300.052
300.036
300.085
300.139
300.213
300.308
300.411
300.471
300.463
300.377
300.256
300.149
300.066
300.205
300.454
300.551
300.499
300.357
300.218
300.133
300.055
300.039
300.089
300.156
300.236
300.332
300.432
300.46
300.391
300.263
300.163
300.063
300.29
300.487
300.518
300.402
300.251
300.144
300.055
300.043
300.096
300.174
300.264
300.37
300.436
300.398
300.296
300.183
300.069
300.368
300.493
300.456
300.306
300.163
300.065
300.045
300.108
300.189
300.298
300.382
300.406
300.323
300.201
300.073
300.422
300.469
300.362
300.198
300.07
300.047
300.117
300.22
300.325
300.377
300.327
300.215
300.078
300.438
300.397
300.228
300.077
300.053
300.129
300.24
300.34
300.335
300.234
300.088
300.406
300.292
300.102
300.062
300.154
300.264
300.318
300.241
300.094
300.319
300.118
300.071
300.18
300.269
300.241
300.111
300.157
300.081
300.199
300.233
300.124
300.099
300.188
300.131
300.108
300.124
300.087
)
;

boundaryField
{
    lowerOutlet
    {
        type            inletOutlet;
        inletValue      uniform 300;
        value           nonuniform List<scalar> 
146
(
300
300
300
300
300
300
300
300
300
300
300
300
300
300
300
300
300
300
300
300
300
300
300
300
300
300
300
300
300
300
300
300
300
300
300
300
300
300
300
300
300
300
300
300
306.175
300
300
300
395.577
300
303.365
300
300
300
300
300
300
300
300
300
300
300
300
300
300
300
300
300
300
300
300
300
300
300
300
300
300
300
300
300
300
300
300
300
300
300
300
300
300
300
300
300
300
300
300
300
300
300
300
300
300
300
301.666
300
302.092
300
300
570.934
300
300
300
300
300
300
300
300
300
300
300
308.5
300
300
300
300
300
300
300
300
300
300
304.88
303.228
300
300
300
300
300
300
300
300
300
300
300
300
300
300
)
;
    }
    top
    {
        type            inletOutlet;
        inletValue      uniform 300;
        value           nonuniform List<scalar> 
100
(
300
300
300
300
300
300.527
300.692
300.74
300.767
300.794
300.827
300.865
300.927
301.038
301.103
301.177
301.257
301.334
301.397
301.447
301.485
301.512
301.538
301.601
301.875
302.557
303.406
304.185
304.832
305.38
305.899
306.291
306.441
306.255
305.483
304.198
302.723
301.692
301.306
301.227
301.221
301.226
301.233
301.242
301.254
301.267
301.281
301.293
301.299
301.307
301.318
301.332
301.339
301.348
301.353
301.358
301.362
301.364
301.359
301.352
301.341
301.329
301.305
301.291
301.271
301.253
301.238
301.22
301.201
301.193
301.182
301.173
301.169
301.163
301.149
301.121
301.068
301.004
300.781
300
300
300
300
300
300
300
300
300
300
300
300
300
300.202
300.288
300.366
300.42
300.437
300.405
300.318
300.157
)
;
    }
    sides
    {
        type            inletOutlet;
        inletValue      uniform 300;
        value           uniform 300;
    }
    front
    {
        type            empty;
    }
    back
    {
        type            empty;
    }
    roller
    {
        type            fixedValue;
        value           uniform 300;
    }
    burner
    {
        type            fixedValue;
        value           uniform 1044.97;
    }
}


// ************************************************************************* //
