/*--------------------------------*- C++ -*----------------------------------*\
  =========                 |
  \\      /  F ield         | OpenFOAM: The Open Source CFD Toolbox
   \\    /   O peration     | Website:  https://openfoam.org
    \\  /    A nd           | Version:  dev
     \\/     M anipulation  |
\*---------------------------------------------------------------------------*/
FoamFile
{
    version     2.0;
    format      ascii;
    class       cellSet;
    location    "constant/polyMesh/sets";
    object      protectedCells;
}
// * * * * * * * * * * * * * * * * * * * * * * * * * * * * * * * * * * * * * //


216
(
2048 
2049 
6147 
9226 
8205 
5134 
1041 
4115 
4116 
7198 
4126 
8224 
6178 
3115 
8250 
3132 
6205 
7234 
4162 
2118 
4181 
2137 
8283 
6242 
5219 
7278 
7282 
5248 
6273 
1156 
7308 
8334 
3222 
4250 
5283 
3239 
7345 
4274 
2233 
1215 
4294 
7368 
5328 
3283 
8413 
4340 
6396 
1276 
7421 
2305 
4364 
8463 
5396 
2324 
6421 
3352 
7454 
4383 
4385 
8482 
6435 
4396 
7484 
3389 
8510 
3391 
6466 
3396 
3398 
3400 
3405 
3406 
5458 
7510 
6497 
4454 
5481 
3439 
7538 
2419 
2423 
4473 
1405 
3456 
6535 
8593 
7574 
4515 
6566 
7600 
3514 
4540 
8641 
6593 
2498 
7623 
7627 
2519 
6620 
1500 
3549 
1502 
7656 
6636 
3566 
4597 
5633 
1537 
6667 
7694 
4624 
8721 
5656 
1563 
1564 
1565 
1566 
4639 
1569 
1573 
8742 
7719 
6698 
3627 
560 
5686 
1605 
4681 
3660 
593 
6739 
1628 
1629 
1630 
1631 
1632 
7777 
3681 
4708 
1648 
5746 
627 
628 
4726 
3710 
2699 
7821 
6804 
3734 
664 
2718 
2719 
1705 
1706 
6829 
5811 
4793 
3773 
7871 
8897 
705 
4813 
3795 
6876 
7901 
1766 
3819 
747 
2801 
4851 
1787 
1788 
3843 
7947 
4877 
8977 
791 
6952 
3881 
5930 
7991 
9024 
837 
6984 
4936 
5961 
1871 
1872 
3930 
7014 
5992 
2923 
885 
4988 
7044 
6021 
3978 
8076 
1938 
7060 
7063 
8091 
3995 
935 
7090 
5048 
8124 
3009 
7121 
3030 
987 
8156 
4070 
7149 
5109 
4088 
)

// ************************************************************************* //
