/*--------------------------------*- C++ -*----------------------------------*\
  =========                 |
  \\      /  F ield         | OpenFOAM: The Open Source CFD Toolbox
   \\    /   O peration     | Website:  https://openfoam.org
    \\  /    A nd           | Version:  dev
     \\/     M anipulation  |
\*---------------------------------------------------------------------------*/
FoamFile
{
    version     2.0;
    format      ascii;
    class       labelList;
    note        "nPoints:19810  nCells:9575  nFaces:38630  nInternalFaces:18974";
    location    "constant/polyMesh";
    object      neighbour;
}
// * * * * * * * * * * * * * * * * * * * * * * * * * * * * * * * * * * * * * //


18974
(
1
2
3
4
4
5
6
7
7
8
8
9
10
11
11
12
12
13
13
14
15
16
16
17
17
18
18
19
19
20
21
22
22
23
23
24
24
25
25
26
26
27
28
29
29
30
30
31
31
32
32
33
33
34
34
35
36
37
37
38
38
39
39
40
40
41
41
42
42
43
43
44
45
46
46
47
47
48
48
49
49
50
50
51
51
52
52
53
53
54
55
56
56
57
57
58
58
59
59
60
60
61
61
62
62
63
63
64
64
65
66
67
67
68
68
69
69
70
70
71
71
72
72
73
73
74
74
75
75
76
76
77
78
79
79
80
80
81
81
82
82
83
83
84
84
85
85
86
86
87
87
88
88
89
89
90
91
92
92
93
93
94
94
95
95
96
96
97
97
98
98
99
99
100
100
101
101
102
102
103
103
104
105
106
106
107
107
108
108
109
109
110
110
111
111
112
112
113
113
114
114
115
115
116
116
117
117
118
118
119
120
121
121
122
122
123
123
124
124
125
125
126
126
127
127
128
128
129
129
130
130
131
131
132
132
133
133
134
134
135
136
137
137
138
138
139
139
140
140
141
141
142
142
143
143
144
144
145
145
146
146
147
147
148
148
149
149
150
150
151
151
152
153
154
154
155
155
156
156
157
157
158
158
159
159
160
160
161
161
162
162
163
163
164
164
165
165
166
166
167
167
168
168
169
169
170
171
172
172
173
173
174
174
175
175
176
176
177
177
178
178
179
179
180
180
181
181
182
182
183
183
184
184
185
185
186
186
187
187
188
188
189
190
191
191
192
192
193
193
194
194
195
195
196
196
197
197
198
198
199
199
200
200
201
201
202
202
203
203
204
204
205
205
206
206
207
207
208
208
209
210
211
211
212
212
213
213
214
214
215
215
216
216
217
217
218
218
219
219
220
220
221
221
222
222
223
223
224
224
225
225
226
226
227
227
228
228
229
229
230
231
232
232
233
233
234
234
235
235
236
236
237
237
238
238
239
239
240
240
241
241
242
242
243
243
244
244
245
245
246
246
247
247
248
248
249
249
250
250
251
251
252
253
254
254
255
255
256
256
257
257
258
258
259
259
260
260
261
261
262
262
263
263
264
264
265
265
266
266
267
267
268
268
269
269
270
270
271
271
272
272
273
273
274
274
275
276
277
277
278
278
279
279
280
280
281
281
282
282
283
283
284
284
285
285
286
286
287
287
288
288
289
289
290
290
291
291
292
292
293
293
294
294
295
295
296
296
297
297
298
298
299
300
301
301
302
302
303
303
304
304
305
305
306
306
307
307
308
308
309
309
310
310
311
311
312
312
313
313
314
314
315
315
316
316
317
317
318
318
319
319
320
320
321
321
322
322
323
323
324
325
326
326
327
327
328
328
329
329
330
330
331
331
332
332
333
333
334
334
335
335
336
336
337
337
338
338
339
339
340
340
341
341
342
342
343
343
344
344
345
345
346
346
347
347
348
348
349
349
350
351
352
352
353
353
354
354
355
355
356
356
357
357
358
358
359
359
360
360
361
361
362
362
363
363
364
364
365
365
366
366
367
367
368
368
369
369
370
370
371
371
372
372
373
373
374
374
375
375
376
376
377
378
379
379
380
380
381
381
382
382
383
383
384
384
385
385
386
386
387
387
388
388
389
389
390
390
391
391
392
392
393
393
394
394
395
395
396
396
397
397
398
398
399
399
400
400
401
401
402
402
403
403
404
404
405
406
407
407
408
408
409
409
410
410
411
411
412
412
413
413
414
414
415
415
416
416
417
417
418
418
419
419
420
420
421
421
422
422
423
423
424
424
425
425
426
426
427
427
428
428
429
429
430
430
431
431
432
432
433
433
434
435
436
436
437
437
438
438
439
439
440
440
441
441
442
442
443
443
444
444
445
445
446
446
447
447
448
448
449
449
450
450
451
451
452
452
453
453
454
454
455
455
456
456
457
457
458
458
459
459
460
460
461
461
462
462
463
463
464
465
466
466
467
467
468
468
469
469
470
470
471
471
472
472
473
473
474
474
475
475
476
476
477
477
478
478
479
479
480
480
481
481
482
482
483
483
484
484
485
485
486
486
487
487
488
488
489
489
490
490
491
491
492
492
493
493
494
494
495
496
497
497
498
498
499
499
500
500
501
501
502
502
503
503
504
504
505
505
506
506
507
507
508
508
509
509
510
510
511
511
512
512
513
513
514
514
515
515
516
516
517
517
518
518
519
519
520
520
521
521
522
522
523
523
524
524
525
525
526
526
527
528
529
529
530
530
531
531
532
532
533
533
534
534
535
535
536
536
537
537
538
538
539
539
540
540
541
541
542
542
543
543
544
544
545
545
546
546
547
547
548
548
549
549
550
550
551
551
552
552
553
553
554
554
555
555
556
556
557
557
558
558
559
559
560
561
562
562
563
563
564
564
565
565
566
566
567
567
568
568
569
569
570
570
571
571
572
572
573
573
574
574
575
575
576
576
577
577
578
578
579
579
580
580
581
581
582
582
583
583
584
584
585
585
586
586
587
587
588
588
589
589
590
590
591
591
592
592
593
593
594
595
596
597
597
598
598
599
599
600
600
601
601
602
602
603
603
604
604
605
605
606
606
607
607
608
608
609
609
610
610
611
611
612
612
613
613
614
614
615
615
616
616
617
617
618
618
619
619
620
620
621
621
622
622
623
623
624
624
625
625
626
626
627
627
628
629
628
630
631
632
595
633
630
634
635
636
636
637
637
638
638
639
639
640
640
641
641
642
642
643
643
644
644
645
645
646
646
647
647
648
648
649
649
650
650
651
651
652
652
653
653
654
654
655
655
656
656
657
657
658
658
659
659
660
660
661
661
662
662
663
663
664
664
665
665
666
666
667
668
629
631
667
669
632
670
669
671
671
672
634
673
670
674
675
676
676
677
677
678
678
679
679
680
680
681
681
682
682
683
683
684
684
685
685
686
686
687
687
688
688
689
689
690
690
691
691
692
692
693
693
694
694
695
695
696
696
697
697
698
698
699
699
700
700
701
701
702
702
703
703
704
704
705
705
706
706
707
708
668
709
707
710
709
711
672
712
711
713
713
714
674
715
712
716
717
718
718
719
719
720
720
721
721
722
722
723
723
724
724
725
725
726
726
727
727
728
728
729
729
730
730
731
731
732
732
733
733
734
734
735
735
736
736
737
737
738
738
739
739
740
740
741
741
742
742
743
743
744
744
745
745
746
746
747
747
748
748
749
750
708
751
749
752
710
753
751
754
753
755
714
756
755
757
757
758
716
759
756
760
761
762
762
763
763
764
764
765
765
766
766
767
767
768
768
769
769
770
770
771
771
772
772
773
773
774
774
775
775
776
776
777
777
778
778
779
779
780
780
781
781
782
782
783
783
784
784
785
785
786
786
787
787
788
788
789
789
790
790
791
791
792
792
793
794
750
795
793
796
752
797
795
798
754
799
797
800
799
801
758
802
801
803
803
804
760
805
802
806
807
808
808
809
809
810
810
811
811
812
812
813
813
814
814
815
815
816
816
817
817
818
818
819
819
820
820
821
821
822
822
823
823
824
824
825
825
826
826
827
827
828
828
829
829
830
830
831
831
832
832
833
833
834
834
835
835
836
836
837
837
838
838
839
840
794
841
839
842
796
843
841
844
798
845
843
846
800
847
845
848
847
849
804
850
849
851
851
852
806
853
850
854
855
856
856
857
857
858
858
859
859
860
860
861
861
862
862
863
863
864
864
865
865
866
866
867
867
868
868
869
869
870
870
871
871
872
872
873
873
874
874
875
875
876
876
877
877
878
878
879
879
880
880
881
881
882
882
883
883
884
884
885
885
886
886
887
888
840
889
887
890
842
891
889
892
844
893
891
894
846
895
893
896
848
897
895
898
897
899
852
900
899
901
901
902
854
903
900
904
905
906
906
907
907
908
908
909
909
910
910
911
911
912
912
913
913
914
914
915
915
916
916
917
917
918
918
919
919
920
920
921
921
922
922
923
923
924
924
925
925
926
926
927
927
928
928
929
929
930
930
931
931
932
932
933
933
934
934
935
935
936
936
937
938
888
939
937
940
890
941
939
942
892
943
941
944
894
945
943
946
896
947
945
948
898
949
947
950
949
951
902
952
951
953
953
954
904
955
952
956
957
958
958
959
959
960
960
961
961
962
962
963
963
964
964
965
965
966
966
967
967
968
968
969
969
970
970
971
971
972
972
973
973
974
974
975
975
976
976
977
977
978
978
979
979
980
980
981
981
982
982
983
983
984
984
985
985
986
986
987
987
988
988
989
990
938
991
989
992
940
993
991
994
942
995
993
996
944
997
995
998
946
999
997
1000
948
1001
999
1002
950
1003
1001
1004
1003
1005
954
1006
1005
1007
1007
1008
956
1009
1006
1010
1011
1012
1012
1013
1013
1014
1014
1015
1015
1016
1016
1017
1017
1018
1018
1019
1019
1020
1020
1021
1021
1022
1022
1023
1023
1024
1024
1025
1025
1026
1026
1027
1027
1028
1028
1029
1029
1030
1030
1031
1031
1032
1032
1033
1033
1034
1034
1035
1035
1036
1036
1037
1037
1038
1038
1039
1039
1040
1040
1041
1041
1042
1042
1043
1044
990
1045
1043
1046
992
1047
1045
1048
994
1049
1047
1050
996
1051
1049
1052
998
1053
1051
1054
1000
1055
1053
1056
1002
1057
1055
1058
1004
1059
1057
1060
1059
1061
1008
1062
1061
1063
1063
1064
1010
1065
1062
1066
1067
1068
1068
1069
1069
1070
1070
1071
1071
1072
1072
1073
1073
1074
1074
1075
1075
1076
1076
1077
1077
1078
1078
1079
1079
1080
1080
1081
1081
1082
1082
1083
1083
1084
1084
1085
1085
1086
1086
1087
1087
1088
1088
1089
1089
1090
1090
1091
1091
1092
1092
1093
1093
1094
1094
1095
1095
1096
1096
1097
1097
1098
1098
1099
1044
1100
1099
1101
1046
1102
1100
1103
1048
1104
1102
1105
1050
1106
1104
1107
1052
1108
1106
1109
1054
1110
1108
1111
1056
1112
1110
1113
1058
1114
1112
1115
1060
1116
1114
1117
1116
1118
1064
1119
1118
1120
1120
1121
1066
1122
1119
1123
1124
1125
1125
1126
1126
1127
1127
1128
1128
1129
1129
1130
1130
1131
1131
1132
1132
1133
1133
1134
1134
1135
1135
1136
1136
1137
1137
1138
1138
1139
1139
1140
1140
1141
1141
1142
1142
1143
1143
1144
1144
1145
1145
1146
1146
1147
1147
1148
1148
1149
1149
1150
1150
1151
1151
1152
1152
1153
1153
1154
1154
1155
1155
1156
1101
1156
1157
1158
1101
1159
1160
1103
1161
1159
1162
1105
1163
1161
1164
1107
1165
1163
1166
1109
1167
1165
1168
1111
1169
1167
1170
1113
1171
1169
1172
1115
1173
1171
1174
1117
1175
1173
1176
1175
1177
1121
1178
1177
1179
1179
1180
1123
1181
1178
1182
1183
1184
1184
1185
1185
1186
1186
1187
1187
1188
1188
1189
1189
1190
1190
1191
1191
1192
1192
1193
1193
1194
1194
1195
1195
1196
1196
1197
1197
1198
1198
1199
1199
1200
1200
1201
1201
1202
1202
1203
1203
1204
1204
1205
1205
1206
1206
1207
1207
1208
1208
1209
1209
1210
1210
1211
1211
1212
1212
1213
1213
1214
1214
1215
1215
1216
1217
1158
1160
1218
1216
1219
1160
1220
1221
1162
1222
1220
1223
1164
1224
1222
1225
1166
1226
1224
1227
1168
1228
1226
1229
1170
1230
1228
1231
1172
1232
1230
1233
1174
1234
1232
1235
1176
1236
1234
1237
1236
1238
1180
1239
1238
1240
1240
1241
1182
1242
1239
1243
1244
1245
1245
1246
1246
1247
1247
1248
1248
1249
1249
1250
1250
1251
1251
1252
1252
1253
1253
1254
1254
1255
1255
1256
1256
1257
1257
1258
1258
1259
1259
1260
1260
1261
1261
1262
1262
1263
1263
1264
1264
1265
1265
1266
1266
1267
1267
1268
1268
1269
1269
1270
1270
1271
1271
1272
1272
1273
1273
1274
1274
1275
1275
1276
1276
1277
1278
1217
1279
1277
1280
1219
1221
1281
1279
1282
1221
1283
1284
1223
1285
1283
1286
1225
1287
1285
1288
1227
1289
1287
1290
1229
1291
1289
1292
1231
1293
1291
1294
1233
1295
1293
1296
1235
1297
1295
1298
1237
1299
1297
1300
1299
1301
1241
1302
1301
1303
1303
1304
1243
1305
1302
1306
1307
1308
1308
1309
1309
1310
1310
1311
1311
1312
1312
1313
1313
1314
1314
1315
1315
1316
1316
1317
1317
1318
1318
1319
1319
1320
1320
1321
1321
1322
1322
1323
1323
1324
1324
1325
1325
1326
1326
1327
1327
1328
1328
1329
1329
1330
1330
1331
1331
1332
1332
1333
1333
1334
1334
1335
1335
1336
1336
1337
1337
1338
1338
1339
1339
1340
1278
1341
1340
1342
1280
1343
1341
1344
1282
1284
1345
1343
1346
1284
1347
1348
1286
1349
1347
1350
1288
1351
1349
1352
1290
1353
1351
1354
1292
1355
1353
1356
1294
1357
1355
1358
1296
1359
1357
1360
1298
1361
1359
1362
1300
1363
1361
1364
1363
1365
1304
1366
1365
1367
1367
1368
1306
1369
1366
1370
1371
1372
1372
1373
1373
1374
1374
1375
1375
1376
1376
1377
1377
1378
1378
1379
1379
1380
1380
1381
1381
1382
1382
1383
1383
1384
1384
1385
1385
1386
1386
1387
1387
1388
1388
1389
1389
1390
1390
1391
1391
1392
1392
1393
1393
1394
1394
1395
1395
1396
1396
1397
1397
1398
1398
1399
1399
1400
1400
1401
1401
1402
1402
1403
1403
1404
1342
1404
1405
1406
1342
1407
1408
1344
1409
1407
1410
1346
1348
1411
1409
1412
1348
1413
1414
1350
1415
1413
1416
1352
1417
1415
1418
1354
1419
1417
1420
1356
1421
1419
1422
1358
1423
1421
1424
1360
1425
1423
1426
1362
1427
1425
1428
1364
1429
1427
1430
1429
1431
1368
1432
1431
1433
1433
1434
1370
1435
1432
1436
1437
1437
1438
1438
1439
1439
1440
1440
1441
1441
1442
1442
1443
1443
1444
1444
1445
1445
1446
1446
1447
1447
1448
1448
1449
1449
1450
1450
1451
1451
1452
1452
1453
1453
1454
1454
1455
1455
1456
1456
1457
1457
1458
1458
1459
1459
1460
1460
1461
1461
1462
1462
1463
1463
1464
1464
1465
1465
1466
1466
1467
1467
1468
1468
1469
1469
1470
1471
1406
1408
1472
1470
1473
1408
1474
1475
1410
1476
1474
1477
1412
1414
1478
1476
1479
1414
1480
1481
1416
1482
1480
1483
1418
1484
1482
1485
1420
1486
1484
1487
1422
1488
1486
1489
1424
1490
1488
1491
1426
1492
1490
1493
1428
1494
1492
1495
1430
1496
1494
1497
1496
1498
1434
1499
1498
1500
1500
1501
1502
1436
1503
1499
1504
1505
1505
1506
1506
1507
1507
1508
1508
1509
1509
1510
1510
1511
1511
1512
1512
1513
1513
1514
1514
1515
1515
1516
1516
1517
1517
1518
1518
1519
1519
1520
1520
1521
1521
1522
1522
1523
1523
1524
1524
1525
1525
1526
1526
1527
1527
1528
1528
1529
1529
1530
1530
1531
1531
1532
1532
1533
1533
1534
1534
1535
1535
1536
1536
1537
1471
1538
1537
1539
1473
1475
1540
1538
1541
1475
1542
1543
1477
1544
1542
1545
1479
1481
1546
1544
1547
1481
1548
1549
1483
1550
1548
1551
1485
1552
1550
1553
1487
1554
1552
1555
1489
1556
1554
1557
1491
1558
1556
1559
1493
1560
1558
1561
1495
1562
1560
1563
1497
1564
1562
1565
1566
1564
1567
1568
1502
1569
1570
1571
1567
1572
1573
1574
1502
1572
1575
1569
1504
1576
1570
1577
1578
1579
1580
1580
1581
1581
1582
1582
1583
1583
1584
1584
1585
1585
1586
1586
1587
1587
1588
1588
1589
1589
1590
1590
1591
1591
1592
1592
1593
1593
1594
1594
1595
1595
1596
1596
1597
1597
1598
1598
1599
1599
1600
1600
1601
1601
1602
1602
1603
1603
1604
1604
1605
1605
1606
1606
1607
1607
1608
1608
1609
1609
1610
1610
1611
1539
1611
1612
1613
1539
1614
1615
1541
1543
1616
1614
1617
1543
1618
1619
1545
1620
1618
1621
1547
1549
1622
1620
1623
1549
1624
1625
1551
1626
1624
1627
1553
1628
1626
1629
1555
1630
1628
1631
1557
1632
1630
1633
1559
1634
1632
1635
1561
1636
1634
1637
1638
1563
1639
1640
1636
1641
1642
1566
1643
1644
1645
1566
1639
1646
1643
1568
1574
1644
1647
1575
1648
1571
1577
1648
1649
1573
1650
1651
1652
1647
1652
1650
1653
1579
1654
1655
1656
1649
1657
1579
1657
1658
1654
1659
1659
1660
1660
1661
1661
1662
1662
1663
1663
1664
1664
1665
1665
1666
1666
1667
1667
1668
1668
1669
1669
1670
1670
1671
1671
1672
1672
1673
1673
1674
1674
1675
1675
1676
1676
1677
1677
1678
1678
1679
1679
1680
1680
1681
1681
1682
1682
1683
1683
1684
1684
1685
1685
1686
1686
1687
1687
1688
1688
1689
1689
1690
1613
1615
1691
1690
1692
1615
1693
1694
1617
1619
1695
1693
1696
1619
1697
1698
1621
1699
1697
1700
1623
1625
1701
1699
1702
1625
1703
1704
1627
1705
1703
1706
1629
1707
1705
1708
1631
1709
1707
1710
1633
1711
1709
1712
1635
1713
1714
1711
1715
1716
1637
1717
1718
1719
1638
1719
1713
1720
1640
1721
1642
1722
1642
1717
1723
1724
1646
1725
1645
1726
1725
1727
1721
1728
1726
1729
1653
1730
1730
1731
1651
1732
1733
1734
1729
1733
1732
1735
1658
1736
1656
1737
1736
1738
1731
1739
1739
1740
1741
1741
1742
1742
1743
1743
1744
1744
1745
1745
1746
1746
1747
1747
1748
1748
1749
1749
1750
1750
1751
1751
1752
1752
1753
1753
1754
1754
1755
1755
1756
1756
1757
1757
1758
1758
1759
1759
1760
1760
1761
1761
1762
1762
1763
1763
1764
1764
1765
1765
1766
1766
1767
1767
1768
1768
1769
1769
1770
1770
1771
1692
1771
1772
1773
1692
1694
1774
1775
1694
1776
1777
1696
1698
1778
1776
1779
1698
1780
1781
1700
1782
1780
1783
1702
1704
1784
1782
1785
1704
1786
1787
1706
1788
1786
1789
1708
1790
1788
1791
1710
1792
1790
1793
1712
1794
1795
1792
1796
1797
1714
1798
1715
1799
1716
1800
1794
1801
1718
1802
1803
1804
1720
1804
1798
1805
1722
1806
1724
1807
1724
1802
1808
1809
1728
1810
1727
1811
1810
1812
1806
1813
1811
1814
1735
1815
1815
1816
1734
1817
1814
1818
1818
1819
1817
1820
1740
1821
1738
1822
1821
1823
1816
1824
1824
1825
1826
1826
1827
1827
1828
1828
1829
1829
1830
1830
1831
1831
1832
1832
1833
1833
1834
1834
1835
1835
1836
1836
1837
1837
1838
1838
1839
1839
1840
1840
1841
1841
1842
1842
1843
1843
1844
1844
1845
1845
1846
1846
1847
1847
1848
1848
1849
1849
1850
1850
1851
1851
1852
1852
1853
1853
1854
1854
1855
1855
1856
1773
1775
1857
1856
1858
1775
1777
1859
1860
1777
1861
1862
1779
1781
1863
1861
1864
1781
1865
1866
1783
1867
1865
1868
1785
1787
1869
1867
1870
1787
1871
1872
1789
1873
1871
1874
1791
1875
1873
1876
1793
1877
1878
1875
1879
1880
1795
1881
1796
1882
1797
1883
1877
1884
1799
1885
1800
1886
1801
1887
1881
1888
1803
1889
1890
1891
1805
1890
1885
1892
1807
1893
1809
1894
1809
1889
1895
1896
1813
1897
1812
1898
1897
1899
1893
1900
1898
1901
1820
1902
1902
1903
1819
1904
1901
1905
1905
1906
1904
1907
1825
1908
1823
1909
1908
1910
1903
1911
1911
1912
1913
1913
1914
1914
1915
1915
1916
1916
1917
1917
1918
1918
1919
1919
1920
1920
1921
1921
1922
1922
1923
1923
1924
1924
1925
1925
1926
1926
1927
1927
1928
1928
1929
1929
1930
1930
1931
1931
1932
1932
1933
1933
1934
1934
1935
1935
1936
1936
1937
1937
1938
1938
1939
1939
1940
1940
1941
1941
1942
1858
1942
1943
1944
1858
1860
1945
1946
1860
1862
1947
1948
1862
1949
1950
1864
1866
1951
1949
1952
1866
1953
1954
1868
1955
1953
1956
1870
1872
1957
1955
1958
1872
1959
1960
1874
1961
1959
1962
1876
1963
1961
1964
1878
1965
1879
1966
1880
1967
1963
1968
1882
1969
1883
1970
1884
1971
1965
1972
1886
1973
1887
1974
1888
1975
1969
1976
1891
1977
1892
1978
1978
1979
1973
1980
1894
1981
1896
1982
1896
1977
1983
1984
1900
1985
1899
1986
1985
1987
1981
1988
1986
1989
1907
1990
1990
1991
1906
1992
1989
1993
1993
1994
1992
1995
1912
1996
1910
1997
1996
1998
1991
1999
1999
2000
2001
2001
2002
2002
2003
2003
2004
2004
2005
2005
2006
2006
2007
2007
2008
2008
2009
2009
2010
2010
2011
2011
2012
2012
2013
2013
2014
2014
2015
2015
2016
2016
2017
2017
2018
2018
2019
2019
2020
2020
2021
2021
2022
2022
2023
2023
2024
2024
2025
2025
2026
2026
2027
2027
2028
2028
2029
2029
2030
1944
1946
2031
2030
2032
1946
1948
2033
2034
1948
1950
2035
2036
1950
2037
2038
1952
1954
2039
2037
2040
1954
2041
2042
1956
2043
2041
2044
1958
1960
2045
2043
2046
1960
2047
2048
1962
2049
2047
2050
1964
1968
2051
2052
2049
2053
2054
1966
2055
1967
2056
1968
2057
2058
1970
2059
1971
2060
1972
2061
2055
2062
1974
2063
1975
2064
1976
2065
2059
2066
1979
2067
1980
2068
2068
2069
2063
2070
1982
2071
1984
2072
1984
2067
2073
2074
1988
2075
1987
2076
2075
2077
2071
2078
2076
2079
1995
2080
2080
2081
1994
2082
2079
2083
2083
2084
2082
2085
2000
2086
1998
2087
2086
2088
2081
2089
2089
2090
2091
2091
2092
2092
2093
2093
2094
2094
2095
2095
2096
2096
2097
2097
2098
2098
2099
2099
2100
2100
2101
2101
2102
2102
2103
2103
2104
2104
2105
2105
2106
2106
2107
2107
2108
2108
2109
2109
2110
2110
2111
2111
2112
2112
2113
2113
2114
2114
2115
2115
2116
2116
2117
2117
2118
2118
2119
2032
2119
2120
2121
2032
2034
2122
2123
2034
2036
2124
2125
2036
2038
2126
2127
2038
2128
2129
2040
2042
2130
2128
2131
2042
2132
2133
2044
2134
2132
2135
2046
2048
2136
2134
2137
2048
2138
2139
2050
2140
2141
2138
2142
2052
2058
2143
2054
2144
2054
2140
2145
2146
2056
2147
2057
2148
2058
2149
2150
2060
2151
2061
2152
2062
2153
2147
2154
2064
2155
2065
2156
2066
2157
2151
2158
2069
2159
2070
2160
2160
2161
2155
2162
2072
2163
2074
2164
2074
2159
2165
2166
2078
2167
2077
2168
2167
2169
2163
2170
2168
2171
2085
2172
2172
2173
2084
2174
2171
2175
2175
2176
2174
2177
2090
2178
2088
2179
2178
2180
2173
2181
2181
2182
2183
2183
2184
2184
2185
2185
2186
2186
2187
2187
2188
2188
2189
2189
2190
2190
2191
2191
2192
2192
2193
2193
2194
2194
2195
2195
2196
2196
2197
2197
2198
2198
2199
2199
2200
2200
2201
2201
2202
2202
2203
2203
2204
2204
2205
2205
2206
2206
2207
2207
2208
2208
2209
2209
2210
2210
2211
2121
2123
2212
2211
2213
2123
2125
2214
2215
2125
2127
2216
2217
2127
2129
2218
2219
2129
2220
2221
2131
2133
2222
2220
2223
2133
2224
2225
2135
2226
2224
2227
2137
2139
2228
2226
2229
2139
2230
2231
2141
2232
2142
2233
2230
2233
2234
2235
2144
2150
2236
2146
2237
2146
2232
2238
2239
2148
2240
2149
2241
2150
2242
2243
2152
2244
2153
2245
2154
2246
2240
2247
2156
2248
2157
2249
2158
2250
2244
2251
2161
2252
2162
2253
2253
2254
2248
2255
2164
2256
2166
2257
2166
2252
2258
2259
2170
2260
2169
2261
2260
2262
2256
2263
2261
2264
2177
2265
2265
2266
2176
2267
2264
2268
2268
2269
2267
2270
2182
2271
2180
2272
2271
2273
2266
2274
2274
2275
2276
2276
2277
2277
2278
2278
2279
2279
2280
2280
2281
2281
2282
2282
2283
2283
2284
2284
2285
2285
2286
2286
2287
2287
2288
2288
2289
2289
2290
2290
2291
2291
2292
2292
2293
2293
2294
2294
2295
2295
2296
2296
2297
2297
2298
2298
2299
2299
2300
2300
2301
2301
2302
2302
2303
2213
2303
2304
2305
2213
2215
2306
2307
2215
2217
2308
2309
2217
2219
2310
2311
2219
2221
2312
2313
2221
2314
2315
2223
2225
2316
2314
2317
2225
2318
2319
2227
2320
2318
2321
2229
2231
2322
2320
2323
2231
2324
2325
2326
2233
2327
2328
2235
2328
2329
2324
2330
2237
2243
2331
2239
2332
2239
2327
2333
2334
2241
2335
2242
2336
2243
2337
2338
2245
2339
2246
2340
2247
2341
2335
2342
2249
2343
2250
2344
2251
2345
2339
2346
2254
2347
2255
2348
2348
2349
2343
2350
2257
2351
2259
2352
2259
2347
2353
2354
2263
2355
2262
2356
2355
2357
2351
2358
2356
2359
2270
2360
2360
2361
2269
2362
2359
2363
2363
2364
2362
2365
2275
2366
2273
2367
2366
2368
2361
2369
2369
2370
2371
2371
2372
2372
2373
2373
2374
2374
2375
2375
2376
2376
2377
2377
2378
2378
2379
2379
2380
2380
2381
2381
2382
2382
2383
2383
2384
2384
2385
2385
2386
2386
2387
2387
2388
2388
2389
2389
2390
2390
2391
2391
2392
2392
2393
2393
2394
2394
2395
2395
2396
2396
2397
2397
2398
2305
2307
2399
2398
2400
2307
2309
2401
2402
2309
2311
2403
2404
2311
2313
2405
2406
2313
2315
2407
2408
2315
2409
2410
2317
2319
2411
2409
2412
2319
2413
2414
2321
2415
2413
2416
2323
2326
2417
2418
2415
2419
2325
2420
2326
2421
2421
2422
2423
2328
2424
2425
2330
2425
2426
2420
2427
2332
2338
2428
2334
2429
2334
2424
2430
2431
2336
2432
2337
2433
2338
2434
2435
2340
2436
2341
2437
2342
2438
2432
2439
2344
2440
2345
2441
2346
2442
2436
2443
2349
2444
2350
2445
2445
2446
2440
2447
2352
2448
2354
2449
2354
2444
2450
2451
2358
2452
2357
2453
2452
2454
2448
2455
2453
2456
2365
2457
2457
2458
2364
2459
2456
2460
2460
2461
2459
2462
2370
2463
2368
2464
2463
2465
2458
2466
2466
2467
2468
2468
2469
2469
2470
2470
2471
2471
2472
2472
2473
2473
2474
2474
2475
2475
2476
2476
2477
2477
2478
2478
2479
2479
2480
2480
2481
2481
2482
2482
2483
2483
2484
2484
2485
2485
2486
2486
2487
2487
2488
2488
2489
2489
2490
2490
2491
2491
2492
2492
2493
2493
2494
2400
2494
2495
2496
2400
2402
2497
2498
2402
2404
2499
2500
2404
2406
2501
2502
2406
2408
2503
2504
2408
2410
2505
2506
2410
2507
2508
2412
2414
2509
2507
2510
2414
2511
2512
2416
2513
2511
2514
2418
2422
2515
2419
2516
2513
2516
2517
2518
2421
2519
2520
2423
2521
2520
2522
2425
2523
2524
2427
2524
2525
2519
2526
2429
2435
2527
2431
2528
2431
2523
2529
2530
2433
2531
2434
2532
2435
2533
2534
2437
2535
2438
2536
2439
2537
2531
2538
2441
2539
2442
2540
2443
2541
2535
2542
2446
2543
2447
2544
2544
2545
2539
2546
2449
2547
2451
2548
2451
2543
2549
2550
2455
2551
2454
2552
2551
2553
2547
2554
2552
2555
2462
2556
2556
2557
2461
2558
2555
2559
2559
2560
2558
2561
2467
2562
2465
2563
2562
2564
2557
2565
2565
2566
2567
2567
2568
2568
2569
2569
2570
2570
2571
2571
2572
2572
2573
2573
2574
2574
2575
2575
2576
2576
2577
2577
2578
2578
2579
2579
2580
2580
2581
2581
2582
2582
2583
2583
2584
2584
2585
2585
2586
2586
2587
2587
2588
2588
2589
2589
2590
2590
2591
2591
2592
2592
2593
2496
2498
2594
2593
2595
2498
2500
2596
2597
2500
2502
2598
2599
2502
2504
2600
2601
2504
2506
2602
2603
2506
2508
2604
2605
2508
2606
2607
2510
2512
2608
2606
2609
2512
2610
2611
2514
2612
2613
2610
2614
2516
2521
2615
2616
2518
2616
2617
2612
2618
2520
2619
2620
2522
2621
2620
2622
2524
2623
2624
2526
2624
2625
2619
2626
2528
2534
2627
2530
2628
2530
2623
2629
2630
2532
2631
2533
2632
2534
2633
2634
2536
2635
2537
2636
2538
2637
2631
2638
2540
2639
2541
2640
2542
2641
2635
2642
2545
2643
2546
2644
2644
2645
2639
2646
2548
2647
2550
2648
2550
2643
2649
2650
2554
2651
2553
2652
2651
2653
2647
2654
2652
2655
2561
2656
2656
2657
2560
2658
2655
2659
2659
2660
2658
2661
2566
2662
2564
2663
2662
2664
2657
2665
2665
2666
2667
2667
2668
2668
2669
2669
2670
2670
2671
2671
2672
2672
2673
2673
2674
2674
2675
2675
2676
2676
2677
2677
2678
2678
2679
2679
2680
2680
2681
2681
2682
2682
2683
2683
2684
2684
2685
2685
2686
2686
2687
2687
2688
2688
2689
2689
2690
2690
2691
2691
2692
2595
2692
2693
2595
2597
2694
2695
2597
2599
2696
2697
2599
2601
2698
2699
2601
2603
2700
2701
2603
2605
2702
2703
2605
2607
2704
2705
2607
2706
2707
2609
2611
2708
2706
2709
2611
2710
2711
2613
2712
2614
2713
2710
2713
2714
2715
2616
2621
2716
2717
2618
2717
2718
2712
2719
2620
2720
2721
2622
2722
2721
2723
2624
2724
2725
2626
2725
2726
2720
2727
2628
2634
2728
2630
2729
2630
2724
2730
2731
2632
2732
2633
2733
2634
2734
2735
2636
2736
2637
2737
2638
2738
2732
2739
2640
2740
2641
2741
2642
2742
2736
2743
2645
2744
2646
2745
2745
2746
2740
2747
2648
2748
2650
2749
2650
2744
2750
2751
2654
2752
2653
2753
2752
2754
2748
2755
2753
2756
2661
2757
2757
2758
2660
2759
2756
2760
2760
2761
2759
2762
2666
2763
2664
2764
2763
2765
2758
2766
2766
2767
2768
2768
2769
2769
2770
2770
2771
2771
2772
2772
2773
2773
2774
2774
2775
2775
2776
2776
2777
2777
2778
2778
2779
2779
2780
2780
2781
2781
2782
2782
2783
2783
2784
2784
2785
2785
2786
2786
2787
2787
2788
2788
2789
2789
2790
2790
2791
2791
2792
2792
2793
2695
2793
2794
2795
2796
2695
2697
2797
2795
2697
2699
2798
2799
2699
2701
2800
2801
2701
2703
2802
2803
2703
2705
2804
2805
2705
2707
2806
2807
2707
2808
2809
2709
2711
2810
2808
2811
2711
2812
2813
2713
2814
2815
2715
2812
2816
2815
2817
2717
2722
2818
2819
2719
2819
2820
2814
2821
2721
2822
2823
2723
2824
2823
2825
2725
2826
2827
2727
2827
2828
2822
2829
2729
2735
2830
2731
2831
2731
2826
2832
2833
2733
2834
2734
2835
2735
2836
2837
2737
2838
2738
2839
2739
2840
2834
2841
2741
2842
2742
2843
2743
2844
2838
2845
2746
2846
2747
2847
2847
2848
2842
2849
2749
2850
2751
2851
2751
2846
2852
2853
2755
2854
2754
2855
2854
2856
2850
2857
2855
2858
2762
2859
2859
2860
2761
2861
2858
2862
2862
2863
2861
2864
2767
2865
2765
2866
2865
2867
2860
2868
2868
2869
2870
2870
2871
2871
2872
2872
2873
2873
2874
2874
2875
2875
2876
2876
2877
2877
2878
2878
2879
2879
2880
2880
2881
2881
2882
2882
2883
2883
2884
2884
2885
2885
2886
2886
2887
2887
2888
2888
2889
2889
2890
2890
2891
2891
2892
2892
2893
2893
2894
2894
2895
2796
2896
2897
2797
2896
2895
2898
2799
2899
2799
2801
2900
2901
2801
2803
2902
2903
2803
2805
2904
2905
2805
2807
2906
2907
2807
2809
2908
2909
2809
2910
2911
2811
2813
2912
2910
2913
2813
2816
2914
2915
2916
2815
2917
2918
2817
2919
2918
2920
2819
2824
2921
2922
2821
2922
2923
2917
2924
2823
2925
2926
2825
2927
2926
2928
2827
2929
2930
2829
2930
2931
2925
2932
2831
2837
2933
2833
2934
2833
2929
2935
2936
2835
2937
2836
2938
2837
2939
2940
2839
2941
2840
2942
2841
2943
2937
2944
2843
2945
2844
2946
2845
2947
2941
2948
2848
2949
2849
2950
2950
2951
2945
2952
2851
2953
2853
2954
2853
2949
2955
2956
2857
2957
2856
2958
2957
2959
2953
2960
2958
2961
2864
2962
2962
2963
2863
2964
2961
2965
2965
2966
2964
2967
2869
2968
2867
2969
2968
2970
2963
2971
2971
2972
2973
2973
2974
2974
2975
2975
2976
2976
2977
2977
2978
2978
2979
2979
2980
2980
2981
2981
2982
2982
2983
2983
2984
2984
2985
2985
2986
2986
2987
2987
2988
2988
2989
2989
2990
2990
2991
2991
2992
2992
2993
2993
2994
2994
2995
2995
2996
2996
2997
2898
2997
2998
2899
2999
2898
2999
3000
3001
2901
3002
2901
2903
3003
3004
2903
2905
3005
3006
2905
2907
3007
3008
2907
2909
3009
3010
2909
2911
3011
3012
2911
3013
3014
2913
2916
3015
3013
3016
2915
2919
3017
2916
3018
3018
3019
3020
2918
3021
3022
2920
3023
3022
3024
2922
2927
3025
3026
2924
3026
3027
3021
3028
2926
3029
3030
2928
3031
3030
3032
2930
3033
3034
2932
3034
3035
3029
3036
2934
2940
3037
2936
3038
2936
3033
3039
3040
2938
3041
2939
3042
2940
3043
3044
2942
3045
2943
3046
2944
3047
3041
3048
2946
3049
2947
3050
2948
3051
3045
3052
2951
3053
2952
3054
3054
3055
3049
3056
2954
3057
2956
3058
2956
3053
3059
3060
2960
3061
2959
3062
3061
3063
3057
3064
3062
3065
2967
3066
3066
3067
2966
3068
3065
3069
3069
3070
3068
3071
2972
3072
2970
3073
3072
3074
3067
3075
3075
3076
3077
3077
3078
3078
3079
3079
3080
3080
3081
3081
3082
3082
3083
3083
3084
3084
3085
3085
3086
3086
3087
3087
3088
3088
3089
3089
3090
3090
3091
3091
3092
3092
3093
3093
3094
3094
3095
3095
3096
3096
3097
3097
3098
3098
3099
3099
3100
3100
3101
3001
3101
3102
3103
3104
3002
3105
3001
3105
3106
3103
3004
3107
3004
3006
3108
3109
3006
3008
3110
3111
3008
3010
3112
3113
3010
3012
3114
3115
3012
3014
3116
3117
3014
3118
3119
3016
3019
3120
3121
3122
3118
3123
3018
3023
3124
3125
3020
3120
3125
3126
3022
3127
3128
3024
3129
3128
3130
3026
3031
3131
3132
3028
3132
3133
3127
3134
3030
3135
3136
3032
3137
3136
3138
3034
3139
3140
3036
3140
3141
3135
3142
3038
3044
3143
3040
3144
3040
3139
3145
3146
3042
3147
3043
3148
3044
3149
3150
3046
3151
3047
3152
3048
3153
3147
3154
3050
3155
3051
3156
3052
3157
3151
3158
3055
3159
3056
3160
3160
3161
3155
3162
3058
3163
3060
3164
3060
3159
3165
3166
3064
3167
3063
3168
3167
3169
3163
3170
3168
3171
3071
3172
3172
3173
3070
3174
3171
3175
3175
3176
3174
3177
3076
3178
3074
3179
3178
3180
3173
3181
3181
3182
3183
3183
3184
3184
3185
3185
3186
3186
3187
3187
3188
3188
3189
3189
3190
3190
3191
3191
3192
3192
3193
3193
3194
3194
3195
3195
3196
3196
3197
3197
3198
3198
3199
3199
3200
3200
3201
3201
3202
3202
3203
3203
3204
3204
3205
3205
3206
3206
3207
3104
3208
3209
3106
3208
3207
3210
3107
3211
3211
3212
3109
3213
3109
3111
3214
3215
3111
3113
3216
3217
3113
3115
3218
3219
3115
3117
3220
3221
3117
3119
3222
3223
3119
3224
3225
3126
3226
3122
3226
3227
3123
3228
3224
3228
3229
3125
3129
3230
3231
3231
3232
3128
3233
3234
3130
3235
3234
3236
3132
3137
3237
3238
3134
3238
3239
3233
3240
3136
3241
3242
3138
3243
3242
3244
3140
3245
3246
3142
3246
3247
3241
3248
3144
3150
3249
3146
3250
3146
3245
3251
3252
3148
3253
3149
3254
3150
3255
3256
3152
3257
3153
3258
3154
3259
3253
3260
3156
3261
3157
3262
3158
3263
3257
3264
3161
3265
3162
3266
3266
3267
3261
3268
3164
3269
3166
3270
3166
3271
3272
3170
3273
3169
3274
3273
3275
3269
3276
3274
3277
3177
3278
3278
3279
3176
3280
3277
3281
3281
3282
3280
3283
3182
3284
3180
3285
3284
3286
3279
3287
3287
3288
3289
3289
3290
3290
3291
3291
3292
3292
3293
3293
3294
3294
3295
3295
3296
3296
3297
3297
3298
3298
3299
3299
3300
3300
3301
3301
3302
3302
3303
3303
3304
3304
3305
3305
3306
3306
3307
3307
3308
3308
3309
3309
3310
3310
3311
3311
3312
3210
3312
3313
3212
3314
3210
3314
3315
3316
3213
3317
3317
3318
3215
3319
3215
3217
3320
3321
3217
3219
3322
3323
3219
3221
3324
3325
3221
3223
3326
3327
3223
3225
3328
3329
3225
3330
3331
3232
3332
3228
3332
3333
3334
3330
3334
3335
3336
3337
3231
3235
3338
3339
3339
3340
3234
3341
3342
3236
3343
3342
3344
3238
3243
3345
3346
3240
3346
3347
3341
3348
3242
3349
3350
3244
3351
3350
3352
3246
3353
3354
3248
3354
3355
3349
3356
3250
3256
3357
3252
3358
3252
3353
3359
3360
3254
3361
3255
3362
3256
3363
3364
3258
3365
3259
3366
3260
3367
3361
3368
3262
3369
3263
3370
3264
3371
3365
3372
3267
3271
3373
3268
3374
3374
3375
3376
3270
3377
3378
3272
3379
3378
3380
3276
3381
3275
3382
3383
3384
3382
3385
3283
3386
3386
3387
3282
3388
3385
3389
3389
3390
3388
3391
3288
3392
3286
3393
3392
3394
3387
3395
3395
3396
3397
3397
3398
3398
3399
3399
3400
3400
3401
3401
3402
3402
3403
3403
3404
3404
3405
3405
3406
3406
3407
3407
3408
3408
3409
3409
3410
3410
3411
3411
3412
3412
3413
3413
3414
3414
3415
3415
3416
3416
3417
3417
3418
3418
3419
3419
3420
3316
3420
3421
3422
3318
3423
3316
3423
3424
3422
3319
3425
3425
3426
3321
3427
3321
3323
3428
3429
3323
3325
3430
3431
3325
3327
3432
3433
3327
3329
3434
3435
3329
3331
3436
3437
3331
3438
3439
3340
3440
3334
3440
3441
3335
3441
3442
3337
3442
3443
3438
3444
3339
3343
3445
3446
3446
3447
3342
3448
3449
3344
3450
3449
3451
3346
3351
3452
3453
3348
3453
3454
3448
3455
3350
3456
3457
3352
3458
3457
3459
3354
3460
3461
3356
3461
3462
3456
3463
3358
3364
3464
3360
3465
3360
3460
3466
3467
3362
3468
3363
3469
3364
3470
3471
3366
3472
3367
3473
3368
3474
3468
3475
3370
3376
3476
3371
3477
3372
3478
3472
3479
3375
3379
3480
3376
3481
3481
3482
3483
3378
3384
3484
3485
3380
3486
3485
3487
3383
3384
3488
3489
3489
3490
3491
3492
3391
3493
3493
3494
3390
3495
3496
3497
3495
3498
3396
3499
3394
3500
3499
3501
3494
3502
3502
3503
3504
3504
3505
3505
3506
3506
3507
3507
3508
3508
3509
3509
3510
3510
3511
3511
3512
3512
3513
3513
3514
3514
3515
3515
3516
3516
3517
3517
3518
3518
3519
3519
3520
3520
3521
3521
3522
3522
3523
3523
3524
3524
3525
3525
3526
3526
3527
3527
3528
3529
3530
3424
3529
3426
3531
3531
3532
3427
3533
3533
3534
3429
3535
3429
3431
3536
3537
3431
3433
3538
3539
3433
3435
3540
3541
3435
3437
3542
3543
3437
3439
3544
3545
3439
3444
3546
3547
3548
3447
3549
3549
3550
3550
3551
3444
3551
3552
3553
3446
3450
3554
3555
3555
3556
3449
3557
3558
3451
3559
3558
3560
3453
3458
3561
3562
3455
3562
3563
3557
3564
3457
3565
3566
3459
3567
3566
3568
3461
3569
3570
3463
3570
3571
3565
3572
3465
3471
3573
3467
3574
3467
3569
3575
3576
3469
3577
3470
3578
3471
3579
3580
3473
3581
3474
3582
3475
3583
3577
3584
3477
3483
3585
3478
3586
3479
3587
3581
3588
3482
3486
3589
3483
3590
3590
3591
3592
3485
3491
3593
3594
3487
3595
3594
3596
3490
3491
3597
3492
3598
3598
3599
3600
3496
3601
3498
3602
3602
3603
3604
3497
3605
3604
3606
3607
3503
3608
3501
3609
3608
3610
3603
3611
3611
3612
3613
3613
3614
3614
3615
3615
3616
3616
3617
3617
3618
3618
3619
3619
3620
3620
3621
3621
3622
3622
3623
3623
3624
3624
3625
3625
3626
3626
3627
3627
3628
3628
3629
3629
3630
3630
3631
3631
3632
3632
3633
3633
3634
3634
3635
3635
3636
3636
3637
3638
3639
3530
3532
3638
3640
3534
3641
3640
3641
3535
3642
3642
3643
3537
3644
3537
3539
3645
3646
3539
3541
3647
3648
3541
3543
3649
3650
3543
3545
3651
3652
3545
3548
3653
3654
3547
3553
3655
3548
3656
3656
3657
3556
3658
3658
3659
3659
3660
3553
3660
3661
3662
3555
3559
3663
3664
3664
3665
3558
3666
3667
3560
3668
3667
3669
3562
3567
3670
3671
3564
3671
3672
3666
3673
3566
3674
3675
3568
3676
3675
3677
3570
3678
3679
3572
3679
3680
3674
3681
3574
3580
3682
3576
3683
3576
3678
3684
3685
3686
3687
3579
3687
3580
3688
3689
3582
3690
3583
3691
3584
3692
3686
3693
3586
3592
3694
3587
3695
3588
3696
3690
3697
3591
3595
3592
3698
3698
3699
3594
3600
3700
3701
3596
3701
3599
3600
3702
3601
3703
3703
3704
3705
3605
3706
3707
3708
3707
3709
3607
3710
3606
3711
3710
3712
3708
3713
3612
3714
3610
3715
3714
3716
3709
3717
3717
3718
3719
3719
3720
3720
3721
3721
3722
3722
3723
3723
3724
3724
3725
3725
3726
3726
3727
3727
3728
3728
3729
3729
3730
3730
3731
3731
3732
3732
3733
3733
3734
3734
3735
3735
3736
3736
3737
3737
3738
3738
3739
3739
3740
3740
3741
3741
3742
3742
3743
3744
3745
3639
3746
3744
3747
3746
3748
3643
3748
3644
3749
3749
3750
3646
3751
3646
3648
3752
3753
3648
3650
3754
3755
3650
3652
3756
3757
3652
3654
3758
3759
3654
3657
3760
3761
3656
3662
3762
3763
3763
3764
3765
3766
3665
3767
3767
3768
3768
3769
3662
3769
3770
3771
3664
3668
3772
3773
3773
3774
3667
3775
3776
3669
3777
3776
3778
3671
3676
3779
3780
3673
3780
3781
3775
3782
3675
3783
3784
3677
3785
3784
3786
3679
3787
3788
3681
3788
3789
3783
3790
3689
3791
3792
3685
3792
3685
3787
3793
3794
3795
3796
3688
3796
3689
3797
3798
3691
3799
3692
3800
3693
3801
3795
3802
3695
3699
3696
3697
3799
3699
3701
3705
3704
3705
3706
3803
3803
3711
3804
3805
3805
3806
3807
3808
3713
3809
3712
3810
3809
3811
3806
3812
3718
3813
3716
3814
3813
3815
3807
3816
3816
3817
3818
3818
3819
3819
3820
3820
3821
3821
3822
3822
3823
3823
3824
3824
3825
3825
3826
3826
3827
3827
3828
3828
3829
3829
3830
3830
3831
3831
3832
3832
3833
3833
3834
3834
3835
3835
3836
3836
3837
3837
3838
3838
3839
3839
3840
3840
3841
3841
3842
3843
3844
3745
3845
3843
3846
3747
3847
3845
3848
3750
3847
3751
3849
3849
3850
3753
3851
3753
3755
3852
3853
3755
3757
3854
3855
3757
3759
3856
3857
3759
3761
3858
3859
3761
3764
3860
3861
3862
3763
3771
3863
3765
3766
3861
3863
3864
3864
3865
3774
3866
3866
3867
3867
3868
3771
3868
3869
3870
3773
3777
3871
3872
3872
3873
3776
3874
3875
3778
3876
3875
3877
3780
3785
3878
3879
3782
3879
3880
3874
3881
3784
3882
3883
3786
3884
3883
3885
3788
3886
3887
3790
3887
3888
3882
3889
3798
3890
3891
3794
3891
3886
3892
3892
3893
3894
3895
3797
3895
3798
3896
3897
3800
3801
3802
3894
3804
3810
3808
3898
3898
3899
3900
3900
3901
3812
3902
3811
3902
3899
3903
3817
3904
3815
3905
3904
3906
3907
3908
3907
3909
3910
3910
3911
3911
3912
3912
3913
3913
3914
3914
3915
3915
3916
3916
3917
3917
3918
3918
3919
3919
3920
3920
3921
3921
3922
3922
3923
3923
3924
3924
3925
3925
3926
3926
3927
3927
3928
3928
3929
3929
3930
3930
3931
3931
3932
3932
3933
3933
3934
3935
3936
3844
3937
3935
3938
3846
3939
3937
3940
3848
3850
3939
3941
3851
3942
3941
3942
3853
3943
3853
3855
3944
3945
3855
3857
3946
3947
3857
3859
3948
3949
3859
3862
3950
3951
3862
3952
3953
3954
3865
3954
3955
3870
3956
3956
3957
3957
3958
3873
3959
3959
3960
3960
3961
3870
3961
3962
3963
3872
3876
3964
3965
3965
3966
3875
3967
3968
3877
3969
3968
3970
3879
3884
3971
3972
3881
3972
3973
3967
3974
3883
3975
3976
3885
3977
3976
3978
3887
3979
3980
3889
3980
3981
3975
3982
3897
3983
3984
3893
3984
3979
3985
3985
3986
3987
3896
3987
3897
3988
3989
3901
3990
3990
3991
3908
3992
3992
3993
3903
3991
3909
3994
3906
3995
3994
3996
3997
3998
3998
3999
3997
4000
4001
4001
4002
4002
4003
4003
4004
4004
4005
4005
4006
4006
4007
4007
4008
4008
4009
4009
4010
4010
4011
4011
4012
4012
4013
4013
4014
4014
4015
4015
4016
4016
4017
4017
4018
4018
4019
4019
4020
4020
4021
4021
4022
4022
4023
4023
4024
4024
4025
4026
4027
3936
4028
4026
4029
3938
4030
4028
4031
3940
4032
4030
4033
4032
4034
3943
4034
3945
4035
3945
3947
4036
4037
3947
3949
4038
4039
3949
3951
4040
4041
3951
3955
4042
4043
3955
4044
4045
4046
4047
3954
4044
4048
3958
4049
3963
4050
4050
4051
4048
4051
3966
4052
4052
4053
4053
4054
3963
4054
4055
4056
3965
3969
4057
4058
4058
4059
3968
4060
4061
3970
4062
4061
4063
3972
3977
4064
4065
3974
4065
4066
4060
4067
3976
4068
4069
3978
4070
4069
4071
4072
4073
4073
4073
4074
4075
4068
4074
3989
4076
3986
4076
4072
4077
4077
4078
3988
3989
3993
4079
4079
3999
4080
4080
4081
4000
4082
3996
4083
4082
4084
4085
4085
4086
4086
4087
4088
4089
4090
4090
4091
4091
4092
4092
4093
4093
4094
4094
4095
4095
4096
4096
4097
4097
4098
4098
4099
4099
4100
4100
4101
4101
4102
4102
4103
4103
4104
4104
4105
4105
4106
4106
4107
4107
4108
4108
4109
4109
4110
4110
4111
4111
4112
4112
4113
4113
4114
4115
4116
4027
4117
4115
4118
4029
4119
4117
4120
4031
4121
4119
4122
4033
4123
4121
4124
4035
4123
4037
4125
4037
4039
4126
4127
4039
4041
4128
4129
4041
4043
4130
4131
4043
4049
4132
4133
4045
4134
4135
4136
4047
4136
4137
4049
4138
4134
4139
4138
4140
4056
4141
4139
4141
4059
4142
4142
4143
4143
4144
4056
4144
4145
4146
4058
4062
4147
4148
4148
4149
4061
4150
4151
4063
4152
4151
4153
4065
4070
4154
4155
4067
4155
4156
4150
4157
4069
4158
4159
4071
4160
4159
4161
4162
4163
4163
4164
4165
4163
4165
4166
4078
4162
4167
4167
4081
4087
4168
4168
4088
4169
4084
4170
4169
4171
4089
4172
4172
4173
4173
4174
4175
4176
4176
4177
4178
4178
4179
4179
4180
4180
4181
4181
4182
4182
4183
4183
4184
4184
4185
4185
4186
4186
4187
4187
4188
4188
4189
4189
4190
4190
4191
4191
4192
4192
4193
4193
4194
4194
4195
4195
4196
4196
4197
4197
4198
4198
4199
4199
4200
4200
4201
4201
4202
4203
4204
4116
4205
4203
4206
4118
4207
4205
4208
4120
4209
4207
4210
4122
4211
4209
4212
4124
4125
4211
4213
4127
4213
4127
4129
4214
4215
4129
4131
4216
4217
4131
4133
4218
4219
4133
4140
4220
4221
4135
4222
4223
4224
4224
4225
4138
4225
4226
4227
4222
4228
4227
4229
4230
4146
4228
4149
4231
4231
4232
4232
4233
4146
4233
4234
4235
4148
4152
4236
4237
4237
4238
4151
4239
4240
4153
4241
4240
4242
4155
4160
4243
4244
4157
4244
4245
4239
4246
4159
4164
4247
4161
4248
4247
4249
4250
4251
4251
4252
4253
4252
4254
4251
4254
4255
4250
4174
4175
4256
4171
4257
4256
4258
4177
4259
4259
4260
4260
4261
4262
4262
4263
4263
4264
4265
4265
4266
4266
4267
4267
4268
4268
4269
4269
4270
4270
4271
4271
4272
4272
4273
4273
4274
4274
4275
4275
4276
4276
4277
4277
4278
4278
4279
4279
4280
4280
4281
4281
4282
4282
4283
4283
4284
4284
4285
4285
4286
4286
4287
4287
4288
4288
4289
4290
4291
4204
4292
4290
4293
4206
4294
4292
4295
4208
4296
4294
4297
4210
4298
4296
4299
4212
4300
4298
4301
4215
4300
4215
4217
4302
4303
4217
4219
4304
4305
4219
4221
4306
4307
4221
4229
4308
4309
4223
4310
4311
4312
4312
4313
4313
4314
4227
4314
4315
4230
4235
4310
4316
4317
4318
4315
4317
4238
4319
4319
4320
4320
4321
4235
4321
4322
4323
4237
4241
4324
4325
4325
4326
4240
4327
4328
4242
4329
4328
4330
4244
4248
4331
4332
4246
4332
4333
4327
4334
4253
4249
4335
4336
4337
4337
4338
4339
4336
4339
4338
4340
4337
4340
4261
4341
4258
4342
4341
4343
4264
4344
4344
4345
4346
4346
4347
4347
4348
4348
4349
4350
4350
4351
4351
4352
4352
4353
4353
4354
4354
4355
4355
4356
4356
4357
4357
4358
4358
4359
4359
4360
4360
4361
4361
4362
4362
4363
4363
4364
4364
4365
4365
4366
4366
4367
4367
4368
4368
4369
4369
4370
4370
4371
4371
4372
4372
4373
4373
4374
4375
4376
4291
4377
4375
4378
4293
4379
4377
4380
4295
4381
4379
4382
4297
4383
4381
4384
4299
4385
4383
4386
4301
4303
4385
4387
4303
4305
4388
4387
4305
4307
4389
4390
4307
4309
4391
4392
4309
4316
4393
4394
4311
4323
4395
4396
4396
4397
4397
4398
4398
4399
4399
4400
4401
4402
4403
4318
4400
4402
4404
4326
4405
4405
4406
4406
4407
4323
4407
4408
4395
4325
4329
4409
4410
4410
4411
4328
4412
4413
4330
4414
4413
4415
4332
4335
4416
4417
4334
4417
4418
4412
4419
4420
4420
4421
4422
4423
4421
4423
4422
4345
4424
4343
4425
4424
4426
4349
4427
4428
4428
4429
4429
4430
4430
4431
4431
4432
4432
4433
4433
4434
4434
4435
4435
4436
4436
4437
4437
4438
4438
4439
4439
4440
4440
4441
4441
4442
4442
4443
4443
4444
4444
4445
4445
4446
4446
4447
4447
4448
4448
4449
4449
4450
4450
4451
4451
4452
4452
4453
4453
4454
4454
4455
4455
4456
4457
4376
4458
4456
4459
4378
4460
4458
4461
4380
4462
4460
4463
4382
4464
4462
4465
4384
4466
4464
4467
4386
4468
4466
4469
4388
4468
4390
4470
4390
4392
4471
4472
4392
4394
4473
4474
4394
4401
4475
4476
4408
4477
4477
4478
4478
4479
4479
4480
4480
4481
4404
4481
4482
4483
4484
4403
4485
4483
4486
4485
4487
4411
4488
4488
4489
4489
4490
4490
4491
4410
4414
4492
4493
4493
4494
4413
4495
4496
4415
4497
4496
4498
4417
4499
4500
4419
4500
4501
4495
4502
4499
4503
4503
4504
4505
4504
4505
4427
4506
4426
4507
4506
4508
4509
4509
4510
4510
4511
4511
4512
4512
4513
4513
4514
4514
4515
4515
4516
4516
4517
4517
4518
4518
4519
4519
4520
4520
4521
4521
4522
4522
4523
4523
4524
4524
4525
4525
4526
4526
4527
4527
4528
4528
4529
4529
4530
4530
4531
4531
4532
4532
4533
4533
4534
4534
4535
4535
4536
4459
4537
4538
4539
4536
4537
4540
4459
4541
4542
4461
4543
4541
4544
4463
4545
4543
4546
4465
4547
4545
4548
4467
4549
4547
4550
4469
4470
4549
4551
4472
4551
4472
4474
4552
4553
4474
4476
4554
4555
4476
4482
4556
4557
4491
4558
4558
4559
4559
4560
4560
4561
4487
4561
4562
4563
4564
4484
4565
4563
4566
4486
4567
4565
4568
4567
4569
4494
4570
4570
4571
4571
4572
4572
4573
4493
4497
4574
4575
4575
4576
4496
4577
4578
4498
4579
4578
4580
4581
4582
4582
4583
4502
4583
4584
4577
4585
4581
4586
4586
4587
4587
4588
4589
4508
4590
4588
4591
4589
4592
4592
4593
4593
4594
4594
4595
4595
4596
4596
4597
4597
4598
4598
4599
4599
4600
4600
4601
4601
4602
4602
4603
4603
4604
4604
4605
4605
4606
4606
4607
4607
4608
4608
4609
4609
4610
4610
4611
4611
4612
4612
4613
4613
4614
4614
4615
4615
4616
4616
4617
4617
4618
4619
4620
4621
4539
4542
4622
4620
4623
4618
4619
4624
4542
4625
4626
4544
4627
4625
4628
4546
4629
4627
4630
4548
4631
4629
4632
4550
4633
4631
4634
4553
4633
4553
4555
4635
4636
4555
4557
4637
4638
4557
4562
4639
4640
4573
4641
4641
4642
4642
4643
4569
4643
4644
4645
4646
4564
4647
4645
4648
4566
4649
4647
4650
4568
4651
4649
4652
4651
4653
4576
4654
4654
4655
4655
4656
4656
4657
4575
4579
4658
4659
4659
4660
4578
4661
4662
4580
4663
4662
4664
4665
4666
4666
4667
4667
4585
4668
4661
4669
4665
4670
4670
4671
4672
4672
4673
4591
4674
4671
4675
4673
4676
4676
4677
4677
4678
4678
4679
4679
4680
4680
4681
4681
4682
4682
4683
4683
4684
4684
4685
4685
4686
4686
4687
4687
4688
4688
4689
4689
4690
4690
4691
4691
4692
4692
4693
4693
4694
4694
4695
4695
4696
4696
4697
4697
4698
4698
4699
4699
4700
4700
4701
4702
4703
4621
4704
4702
4705
4623
4626
4706
4704
4707
4701
4703
4708
4626
4709
4710
4628
4711
4709
4712
4630
4713
4711
4714
4632
4715
4713
4716
4634
4636
4715
4717
4636
4638
4718
4717
4638
4640
4719
4720
4640
4644
4721
4722
4657
4723
4723
4724
4653
4724
4725
4726
4727
4646
4728
4726
4729
4648
4730
4728
4731
4650
4732
4730
4733
4652
4734
4732
4735
4734
4736
4660
4737
4737
4738
4738
4739
4739
4740
4659
4663
4741
4742
4742
4743
4662
4744
4745
4664
4746
4745
4747
4748
4749
4749
4750
4668
4750
4751
4752
4744
4751
4753
4748
4754
4755
4756
4757
4756
4758
4675
4759
4755
4760
4758
4761
4761
4762
4762
4763
4763
4764
4764
4765
4765
4766
4766
4767
4767
4768
4768
4769
4769
4770
4770
4771
4771
4772
4772
4773
4773
4774
4774
4775
4775
4776
4776
4777
4777
4778
4778
4779
4779
4780
4780
4781
4781
4782
4782
4783
4783
4784
4784
4785
4705
4786
4787
4788
4786
4789
4705
4790
4791
4707
4710
4792
4790
4793
4785
4789
4794
4710
4795
4796
4712
4797
4795
4798
4714
4799
4797
4800
4716
4801
4799
4802
4718
4801
4720
4803
4720
4722
4804
4805
4722
4725
4806
4807
4740
4808
4736
4808
4809
4810
4811
4727
4812
4810
4813
4729
4814
4812
4815
4731
4816
4814
4817
4733
4818
4816
4819
4735
4820
4818
4821
4820
4822
4743
4823
4823
4824
4824
4825
4825
4826
4742
4746
4827
4828
4828
4829
4745
4830
4831
4747
4832
4831
4833
4834
4834
4835
4752
4835
4836
4837
4836
4838
4830
4837
4757
4839
4839
4840
4841
4842
4842
4843
4841
4844
4760
4845
4840
4846
4844
4847
4847
4848
4848
4849
4849
4850
4850
4851
4851
4852
4852
4853
4853
4854
4854
4855
4855
4856
4856
4857
4857
4858
4858
4859
4859
4860
4860
4861
4861
4862
4862
4863
4863
4864
4864
4865
4865
4866
4866
4867
4867
4868
4868
4869
4869
4870
4871
4872
4873
4788
4791
4874
4872
4875
4871
4876
4791
4877
4878
4793
4796
4879
4877
4880
4870
4876
4881
4796
4882
4883
4798
4884
4882
4885
4800
4886
4884
4887
4802
4803
4886
4888
4805
4888
4805
4807
4889
4890
4807
4809
4891
4892
4822
4826
4893
4894
4895
4811
4896
4894
4897
4813
4898
4896
4899
4815
4900
4898
4901
4817
4902
4900
4903
4819
4904
4902
4905
4821
4906
4904
4907
4906
4908
4829
4909
4909
4910
4910
4911
4908
4911
4828
4832
4912
4913
4913
4914
4831
4915
4916
4833
4917
4916
4918
4919
4838
4919
4920
4921
4921
4922
4920
4923
4843
4924
4924
4925
4926
4927
4927
4928
4928
4929
4926
4846
4930
4925
4931
4932
4932
4933
4933
4934
4934
4935
4935
4936
4936
4937
4937
4938
4938
4939
4939
4940
4940
4941
4941
4942
4942
4943
4943
4944
4944
4945
4945
4946
4946
4947
4947
4948
4948
4949
4949
4950
4950
4951
4951
4952
4952
4953
4953
4954
4954
4955
4956
4957
4873
4958
4956
4959
4875
4878
4960
4958
4961
4957
4962
4878
4963
4964
4880
4883
4965
4963
4966
4955
4962
4967
4883
4968
4969
4885
4970
4968
4971
4887
4972
4970
4973
4890
4972
4890
4892
4974
4975
4892
4893
4976
4977
4978
4979
4895
4980
4978
4981
4897
4982
4980
4983
4899
4984
4982
4985
4901
4986
4984
4987
4903
4988
4986
4989
4905
4990
4988
4991
4907
4992
4990
4993
4992
4994
4914
4995
4995
4996
4994
4996
4913
4917
4997
4998
4998
4999
4916
4922
5000
5001
4918
5002
5001
5003
4923
5004
5005
5005
5006
5006
5007
5004
4929
5008
5008
5009
5010
5010
5011
5011
5012
5012
5013
4931
5014
5009
5015
5016
5016
5017
5017
5018
5018
5019
5019
5020
5020
5021
5021
5022
5022
5023
5023
5024
5024
5025
5025
5026
5026
5027
5027
5028
5028
5029
5029
5030
5030
5031
5031
5032
5032
5033
5033
5034
5034
5035
5035
5036
5036
5037
5037
5038
5038
5039
4959
5040
5041
5042
5040
5043
4959
5044
5045
4961
4964
5046
5044
5047
5043
5048
4964
5049
5050
4966
4969
5051
5049
5052
5039
5048
5053
4969
5054
5055
4971
5056
5054
5057
4973
4975
5056
5058
4975
4977
5059
5058
4977
4979
5060
5061
4981
5062
5063
5064
5062
5065
4981
5066
5067
4983
5068
5066
5069
4985
5070
5068
5071
4987
5072
5070
5073
4989
5074
5072
5075
4991
5076
5074
5077
4993
5078
5076
5079
5078
5080
4999
5081
5080
5081
4998
5002
5082
5083
5083
5084
5001
5007
5085
5086
5003
5087
5086
5088
5089
5089
5090
5090
5091
5091
5092
5013
5093
5093
5094
5095
5095
5096
5096
5097
5097
5098
5015
5099
5094
5100
5101
5101
5102
5102
5103
5103
5104
5104
5105
5105
5106
5106
5107
5107
5108
5108
5109
5109
5110
5110
5111
5111
5112
5112
5113
5113
5114
5114
5115
5115
5116
5116
5117
5117
5118
5118
5119
5119
5120
5120
5121
5121
5122
5122
5123
5123
5124
5125
5126
5042
5045
5127
5125
5128
5126
5129
5045
5130
5131
5047
5050
5132
5130
5133
5129
5134
5050
5135
5136
5052
5055
5137
5135
5138
5124
5134
5139
5055
5140
5141
5057
5142
5140
5143
5059
5142
5061
5144
5061
5065
5145
5146
5147
5148
5149
5064
5147
5150
5067
5151
5148
5152
5067
5153
5154
5069
5155
5153
5156
5071
5157
5155
5158
5073
5159
5157
5160
5075
5161
5159
5162
5077
5163
5161
5164
5079
5165
5163
5166
5165
5167
5084
5167
5083
5087
5168
5169
5169
5170
5086
5092
5171
5088
5172
5171
5173
5174
5174
5175
5175
5176
5176
5177
5098
5178
5178
5179
5180
5180
5181
5181
5182
5182
5183
5100
5184
5179
5185
5186
5186
5187
5187
5188
5188
5189
5189
5190
5190
5191
5191
5192
5192
5193
5193
5194
5194
5195
5195
5196
5196
5197
5197
5198
5198
5199
5199
5200
5200
5201
5201
5202
5202
5203
5203
5204
5204
5205
5205
5206
5206
5207
5207
5208
5208
5209
5128
5210
5211
5212
5210
5213
5128
5131
5214
5215
5213
5216
5131
5217
5218
5133
5136
5219
5217
5220
5216
5221
5136
5222
5223
5138
5141
5224
5222
5225
5209
5221
5226
5141
5227
5228
5143
5144
5227
5229
5146
5229
5146
5152
5230
5231
5149
5232
5233
5234
5234
5235
5151
5232
5236
5154
5237
5233
5238
5154
5239
5240
5156
5241
5239
5242
5158
5243
5241
5244
5160
5245
5243
5246
5162
5247
5245
5248
5164
5249
5247
5250
5166
5251
5249
5252
5170
5251
5169
5172
5253
5254
5254
5255
5177
5256
5173
5257
5256
5258
5259
5259
5260
5260
5261
5261
5262
5183
5263
5263
5264
5265
5265
5266
5266
5267
5267
5268
5185
5269
5264
5270
5271
5271
5272
5272
5273
5273
5274
5274
5275
5275
5276
5276
5277
5277
5278
5278
5279
5279
5280
5280
5281
5281
5282
5282
5283
5283
5284
5284
5285
5285
5286
5286
5287
5287
5288
5288
5289
5289
5290
5290
5291
5291
5292
5292
5293
5293
5294
5295
5296
5212
5215
5297
5295
5298
5296
5299
5215
5218
5300
5301
5299
5302
5218
5303
5304
5220
5223
5305
5303
5306
5302
5307
5223
5308
5309
5225
5228
5310
5308
5311
5294
5307
5312
5228
5313
5314
5231
5313
5231
5238
5315
5316
5235
5317
5318
5319
5235
5318
5320
5321
5322
5237
5317
5323
5240
5324
5319
5325
5240
5326
5327
5242
5328
5326
5329
5244
5330
5328
5331
5246
5332
5330
5333
5248
5334
5332
5335
5250
5336
5334
5337
5252
5255
5336
5338
5254
5257
5339
5340
5338
5340
5262
5341
5258
5342
5341
5343
5344
5344
5345
5345
5346
5346
5347
5348
5349
5349
5350
5351
5351
5352
5352
5353
5348
5353
5354
5270
5355
5350
5356
5357
5357
5358
5358
5359
5359
5360
5360
5361
5361
5362
5362
5363
5363
5364
5364
5365
5365
5366
5366
5367
5367
5368
5368
5369
5369
5370
5370
5371
5371
5372
5372
5373
5373
5374
5374
5375
5375
5376
5376
5377
5377
5378
5378
5379
5379
5380
5298
5381
5382
5383
5381
5384
5298
5301
5385
5386
5384
5387
5301
5304
5388
5389
5387
5390
5304
5391
5392
5306
5309
5393
5391
5394
5390
5395
5309
5396
5397
5311
5314
5398
5396
5399
5380
5395
5400
5314
5316
5401
5316
5325
5402
5401
5322
5403
5404
5405
5406
5404
5407
5321
5322
5408
5405
5409
5410
5324
5403
5411
5327
5412
5407
5413
5327
5414
5415
5329
5416
5414
5417
5331
5418
5416
5419
5333
5420
5418
5421
5335
5422
5420
5423
5337
5424
5422
5425
5424
5426
5340
5342
5427
5426
5347
5428
5343
5429
5428
5430
5431
5431
5432
5432
5433
5433
5434
5435
5435
5436
5436
5437
5438
5438
5439
5439
5440
5435
5440
5441
5356
5442
5437
5443
5444
5444
5445
5445
5446
5446
5447
5447
5448
5448
5449
5449
5450
5450
5451
5451
5452
5452
5453
5453
5454
5454
5455
5455
5456
5456
5457
5457
5458
5458
5459
5459
5460
5460
5461
5461
5462
5462
5463
5463
5464
5464
5465
5465
5466
5466
5467
5468
5469
5383
5386
5470
5468
5471
5469
5472
5386
5389
5473
5474
5472
5475
5389
5392
5476
5477
5475
5478
5392
5479
5480
5394
5397
5481
5479
5482
5478
5483
5397
5484
5485
5399
5401
5486
5484
5487
5467
5483
5488
5402
5413
5486
5410
5489
5490
5491
5406
5492
5490
5493
5491
5494
5409
5410
5495
5492
5496
5497
5412
5489
5498
5415
5499
5494
5500
5415
5501
5502
5417
5503
5501
5504
5419
5505
5503
5506
5421
5507
5505
5508
5423
5509
5507
5510
5425
5511
5509
5512
5427
5511
5429
5513
5434
5514
5430
5515
5514
5516
5517
5517
5518
5518
5519
5519
5520
5521
5521
5522
5522
5523
5524
5524
5525
5525
5526
5521
5526
5527
5443
5528
5523
5529
5530
5530
5531
5531
5532
5532
5533
5533
5534
5534
5535
5535
5536
5536
5537
5537
5538
5538
5539
5539
5540
5540
5541
5541
5542
5542
5543
5543
5544
5544
5545
5545
5546
5546
5547
5547
5548
5548
5549
5549
5550
5550
5551
5551
5552
5552
5553
5471
5554
5555
5556
5554
5557
5471
5474
5558
5559
5557
5560
5474
5477
5561
5562
5560
5563
5477
5480
5564
5565
5563
5566
5480
5567
5568
5482
5485
5569
5567
5570
5566
5571
5485
5572
5573
5487
5500
5572
5574
5553
5571
5575
5497
5576
5493
5577
5578
5579
5577
5580
5493
5581
5582
5580
5583
5496
5497
5584
5581
5585
5586
5499
5576
5587
5502
5588
5574
5583
5502
5589
5590
5504
5591
5589
5592
5506
5593
5591
5594
5508
5595
5593
5596
5510
5597
5595
5598
5512
5513
5597
5599
5515
5599
5520
5600
5516
5601
5600
5602
5603
5603
5604
5604
5605
5605
5606
5607
5607
5608
5608
5609
5610
5610
5611
5611
5612
5612
5613
5614
5529
5615
5609
5616
5617
5617
5618
5618
5619
5619
5620
5620
5621
5621
5622
5622
5623
5623
5624
5624
5625
5625
5626
5626
5627
5627
5628
5628
5629
5629
5630
5630
5631
5631
5632
5632
5633
5633
5634
5634
5635
5635
5636
5636
5637
5637
5638
5638
5639
5639
5640
5641
5642
5556
5559
5643
5641
5644
5642
5645
5559
5562
5646
5647
5645
5648
5562
5565
5649
5650
5648
5651
5565
5568
5652
5653
5651
5654
5568
5655
5656
5570
5573
5657
5655
5658
5654
5659
5573
5660
5661
5660
5662
5640
5659
5663
5586
5664
5665
5666
5667
5579
5665
5668
5582
5669
5666
5670
5582
5671
5672
5662
5670
5585
5586
5673
5671
5674
5675
5588
5664
5676
5590
5677
5590
5678
5679
5592
5680
5678
5681
5594
5682
5680
5683
5596
5684
5682
5685
5598
5686
5684
5687
5601
5686
5606
5688
5602
5689
5688
5690
5691
5691
5692
5692
5693
5693
5694
5613
5695
5695
5696
5696
5697
5698
5698
5699
5699
5700
5701
5700
5701
5702
5616
5703
5697
5704
5705
5705
5706
5706
5707
5707
5708
5708
5709
5709
5710
5710
5711
5711
5712
5712
5713
5713
5714
5714
5715
5715
5716
5716
5717
5717
5718
5718
5719
5719
5720
5720
5721
5721
5722
5722
5723
5723
5724
5724
5725
5725
5726
5726
5727
5727
5728
5644
5729
5730
5731
5729
5732
5644
5647
5733
5734
5732
5735
5647
5650
5736
5737
5735
5738
5650
5653
5739
5740
5738
5741
5653
5656
5742
5743
5741
5744
5656
5745
5746
5658
5661
5747
5745
5748
5744
5749
5661
5750
5751
5750
5752
5728
5749
5753
5675
5754
5667
5755
5756
5757
5757
5758
5669
5755
5759
5672
5760
5752
5756
5672
5761
5762
5674
5675
5763
5761
5764
5765
5677
5754
5766
5679
5767
5679
5768
5769
5681
5770
5768
5771
5683
5772
5770
5773
5685
5774
5772
5775
5687
5689
5774
5776
5694
5777
5690
5776
5777
5778
5779
5779
5780
5780
5781
5781
5782
5701
5783
5783
5784
5784
5785
5786
5786
5787
5787
5788
5789
5788
5790
5791
5704
5792
5785
5793
5794
5794
5795
5795
5796
5796
5797
5797
5798
5798
5799
5799
5800
5800
5801
5801
5802
5802
5803
5803
5804
5804
5805
5805
5806
5806
5807
5807
5808
5808
5809
5809
5810
5810
5811
5811
5812
5812
5813
5813
5814
5814
5815
5815
5816
5816
5817
5818
5819
5731
5734
5820
5818
5821
5819
5822
5734
5737
5823
5824
5822
5825
5737
5740
5826
5827
5825
5828
5740
5743
5829
5830
5828
5831
5743
5746
5832
5833
5831
5834
5746
5835
5836
5748
5751
5837
5835
5838
5834
5839
5751
5840
5841
5840
5842
5817
5839
5843
5765
5844
5758
5845
5842
5846
5758
5846
5847
5848
5849
5760
5845
5850
5762
5851
5762
5852
5853
5764
5765
5854
5852
5855
5856
5767
5844
5857
5769
5858
5769
5859
5860
5771
5861
5859
5862
5773
5863
5861
5864
5775
5865
5863
5866
5778
5865
5782
5867
5867
5868
5869
5869
5870
5870
5871
5871
5872
5789
5873
5873
5874
5874
5875
5876
5876
5877
5877
5878
5790
5879
5880
5878
5880
5881
5793
5882
5875
5883
5884
5884
5885
5885
5886
5886
5887
5887
5888
5888
5889
5889
5890
5890
5891
5891
5892
5892
5893
5893
5894
5894
5895
5895
5896
5896
5897
5897
5898
5898
5899
5899
5900
5900
5901
5901
5902
5902
5903
5903
5904
5904
5905
5905
5906
5906
5907
5821
5908
5909
5910
5908
5911
5821
5824
5912
5913
5911
5914
5824
5827
5915
5916
5914
5917
5827
5830
5918
5919
5917
5920
5830
5833
5921
5922
5920
5923
5833
5836
5924
5925
5923
5926
5836
5927
5928
5838
5841
5929
5927
5930
5926
5931
5841
5932
5933
5932
5934
5907
5931
5935
5856
5936
5849
5937
5934
5938
5939
5848
5849
5940
5938
5941
5942
5851
5937
5943
5853
5944
5853
5945
5946
5855
5856
5947
5945
5948
5949
5858
5936
5950
5860
5951
5860
5952
5953
5862
5954
5952
5955
5864
5956
5954
5957
5866
5868
5956
5958
5872
5959
5958
5959
5960
5960
5961
5961
5962
5962
5963
5879
5964
5964
5965
5965
5966
5967
5967
5968
5968
5969
5880
5970
5971
5969
5972
5973
5883
5974
5966
5975
5976
5976
5977
5977
5978
5978
5979
5979
5980
5980
5981
5981
5982
5982
5983
5983
5984
5984
5985
5985
5986
5986
5987
5987
5988
5988
5989
5989
5990
5990
5991
5991
5992
5992
5993
5993
5994
5994
5995
5995
5996
5996
5997
5997
5998
5998
5999
6000
6001
5910
5913
6002
6000
6003
6001
6004
5913
5916
6005
6006
6004
6007
5916
5919
6008
6009
6007
6010
5919
5922
6011
6012
6010
6013
5922
5925
6014
6015
6013
6016
5925
5928
6017
6018
6016
6019
5928
6020
6021
5930
5933
6022
6020
6023
6019
6024
5933
6025
6026
6025
6027
5999
6024
6028
5949
6029
5942
6030
5939
6031
6027
6032
5941
5942
6033
6031
6034
6035
5944
6030
6036
5946
6037
5946
6038
6039
5948
5949
6040
6038
6041
6042
5951
6029
6043
5953
6044
5953
6045
6046
5955
6047
6045
6048
5957
6049
6047
6050
6049
6051
5963
6051
6052
6052
6053
6053
6054
6054
6055
5970
6056
6056
6057
6057
6058
6059
6059
6060
6060
6061
5971
6062
5972
6063
6064
6061
6065
6066
5975
6067
6058
6068
6069
6069
6070
6070
6071
6071
6072
6072
6073
6073
6074
6074
6075
6075
6076
6076
6077
6077
6078
6078
6079
6079
6080
6080
6081
6081
6082
6082
6083
6083
6084
6084
6085
6085
6086
6086
6087
6087
6088
6088
6089
6089
6090
6090
6091
6091
6092
6003
6093
6094
6094
6095
6003
6006
6096
6097
6095
6098
6006
6009
6099
6100
6098
6101
6009
6012
6102
6103
6101
6104
6012
6015
6105
6106
6104
6107
6015
6018
6108
6109
6107
6110
6018
6021
6111
6112
6110
6113
6021
6114
6115
6023
6026
6116
6114
6117
6113
6118
6026
6119
6120
6032
6119
6121
6122
6092
6118
6123
6042
6124
6035
6125
6032
6126
6127
6034
6035
6128
6126
6129
6130
6037
6125
6131
6039
6132
6039
6133
6134
6041
6042
6135
6133
6136
6137
6044
6124
6138
6046
6139
6046
6140
6141
6048
6142
6140
6143
6050
6144
6142
6145
6055
6144
6146
6146
6147
6147
6148
6148
6149
6062
6150
6150
6151
6151
6152
6153
6153
6154
6154
6155
6063
6156
6064
6157
6065
6158
6159
6155
6160
6161
6068
6162
6152
6163
6164
6164
6165
6165
6166
6166
6167
6167
6168
6168
6169
6169
6170
6170
6171
6171
6172
6172
6173
6173
6174
6174
6175
6175
6176
6176
6177
6177
6178
6178
6179
6179
6180
6180
6181
6181
6182
6182
6183
6183
6184
6184
6185
6185
6186
6186
6187
6097
6188
6189
6190
6191
6188
6192
6192
6193
6097
6100
6194
6189
6193
6195
6100
6103
6196
6197
6195
6198
6103
6106
6199
6200
6198
6201
6106
6109
6202
6203
6201
6204
6109
6112
6205
6206
6204
6207
6112
6115
6208
6209
6207
6210
6115
6211
6212
6117
6120
6213
6211
6214
6210
6215
6120
6216
6217
6122
6216
6218
6127
6219
6187
6215
6220
6137
6221
6130
6222
6127
6223
6224
6129
6130
6225
6223
6226
6227
6132
6222
6228
6134
6229
6134
6230
6231
6136
6137
6232
6230
6233
6234
6139
6221
6235
6141
6236
6141
6237
6238
6143
6239
6237
6240
6145
6149
6239
6241
6242
6242
6243
6243
6244
6241
6244
6156
6245
6245
6246
6246
6247
6248
6248
6249
6249
6250
6157
6251
6158
6252
6159
6253
6160
6254
6255
6250
6256
6257
6163
6258
6247
6259
6260
6260
6261
6261
6262
6262
6263
6263
6264
6264
6265
6265
6266
6266
6267
6267
6268
6268
6269
6269
6270
6270
6271
6271
6272
6272
6273
6273
6274
6274
6275
6275
6276
6276
6277
6277
6278
6278
6279
6279
6280
6280
6281
6281
6282
6282
6283
6284
6285
6194
6286
6191
6286
6287
6284
6288
6285
6289
6289
6290
6197
6291
6290
6292
6197
6200
6293
6294
6292
6295
6200
6203
6296
6297
6295
6298
6203
6206
6299
6300
6298
6301
6206
6209
6302
6303
6301
6304
6209
6212
6305
6306
6304
6307
6212
6308
6309
6214
6217
6310
6308
6311
6307
6312
6217
6218
6313
6314
6315
6219
6316
6224
6317
6283
6312
6318
6234
6319
6227
6320
6224
6321
6322
6226
6227
6323
6321
6324
6325
6229
6320
6326
6231
6327
6231
6328
6329
6233
6234
6330
6328
6331
6332
6236
6319
6333
6238
6334
6238
6335
6336
6240
6337
6335
6338
6337
6339
6340
6340
6341
6339
6341
6251
6342
6342
6343
6343
6344
6345
6345
6346
6346
6347
6252
6348
6253
6349
6254
6350
6255
6351
6256
6352
6353
6347
6354
6355
6259
6356
6344
6357
6358
6358
6359
6359
6360
6360
6361
6361
6362
6362
6363
6363
6364
6364
6365
6365
6366
6366
6367
6367
6368
6368
6369
6369
6370
6370
6371
6371
6372
6372
6373
6373
6374
6374
6375
6375
6376
6376
6377
6377
6378
6378
6379
6379
6380
6380
6381
6288
6382
6383
6383
6384
6291
6385
6288
6385
6386
6387
6384
6388
6388
6389
6294
6390
6389
6391
6294
6297
6392
6393
6391
6394
6297
6300
6395
6396
6394
6397
6300
6303
6398
6399
6397
6400
6303
6306
6401
6402
6400
6403
6306
6309
6404
6405
6403
6406
6309
6407
6408
6311
6315
6409
6407
6410
6406
6411
6314
6316
6412
6315
6413
6413
6414
6415
6317
6416
6322
6417
6381
6411
6418
6332
6419
6325
6420
6322
6421
6422
6324
6325
6423
6421
6424
6425
6327
6420
6426
6329
6427
6329
6428
6429
6331
6332
6430
6428
6431
6432
6334
6419
6433
6336
6434
6336
6435
6436
6437
6438
6435
6437
6438
6439
6440
6439
6440
6348
6441
6441
6442
6442
6443
6444
6444
6445
6445
6446
6349
6447
6350
6448
6351
6449
6352
6450
6353
6451
6354
6452
6453
6446
6454
6455
6357
6456
6443
6457
6458
6458
6459
6459
6460
6460
6461
6461
6462
6462
6463
6463
6464
6464
6465
6465
6466
6466
6467
6467
6468
6468
6469
6469
6470
6470
6471
6471
6472
6472
6473
6473
6474
6474
6475
6475
6476
6476
6477
6477
6478
6478
6479
6479
6480
6480
6481
6387
6482
6483
6484
6483
6485
6485
6486
6390
6487
6387
6487
6488
6484
6486
6489
6489
6490
6393
6491
6490
6492
6393
6396
6493
6494
6492
6495
6396
6399
6496
6497
6495
6498
6399
6402
6499
6500
6498
6501
6402
6405
6502
6503
6501
6504
6405
6408
6505
6506
6504
6507
6408
6508
6509
6410
6414
6510
6511
6512
6508
6513
6507
6514
6413
6416
6515
6516
6415
6512
6516
6517
6417
6518
6422
6519
6481
6514
6520
6432
6521
6425
6522
6422
6523
6524
6424
6425
6525
6523
6526
6527
6427
6522
6528
6429
6529
6429
6530
6531
6431
6432
6532
6530
6533
6534
6434
6521
6535
6436
6536
6436
6537
6538
6537
6539
6539
6540
6540
6541
6541
6447
6542
6542
6543
6543
6544
6545
6545
6546
6546
6547
6448
6548
6449
6549
6450
6550
6451
6551
6452
6552
6453
6553
6454
6554
6555
6547
6556
6557
6457
6558
6544
6559
6560
6560
6561
6561
6562
6562
6563
6563
6564
6564
6565
6565
6566
6566
6567
6567
6568
6568
6569
6569
6570
6570
6571
6571
6572
6572
6573
6573
6574
6574
6575
6575
6576
6576
6577
6577
6578
6578
6579
6579
6580
6580
6581
6581
6582
6582
6583
6584
6585
6586
6587
6588
6584
6589
6488
6585
6589
6590
6590
6591
6491
6592
6592
6593
6591
6594
6594
6595
6494
6596
6595
6597
6494
6497
6598
6599
6597
6600
6497
6500
6601
6602
6600
6603
6500
6503
6604
6605
6603
6606
6503
6506
6607
6608
6606
6609
6506
6509
6610
6611
6609
6612
6509
6613
6614
6511
6615
6616
6513
6617
6517
6616
6613
6617
6618
6612
6619
6516
6518
6620
6621
6621
6622
6519
6623
6524
6624
6583
6619
6625
6534
6626
6527
6627
6524
6628
6629
6526
6527
6630
6628
6631
6632
6529
6627
6633
6531
6634
6531
6635
6636
6533
6534
6637
6635
6638
6639
6536
6626
6640
6641
6538
6642
6641
6643
6642
6644
6644
6645
6645
6548
6646
6646
6647
6647
6648
6649
6649
6650
6650
6651
6549
6652
6550
6653
6551
6654
6552
6655
6553
6656
6554
6657
6555
6658
6556
6659
6660
6651
6661
6662
6559
6663
6648
6664
6665
6665
6666
6666
6667
6667
6668
6668
6669
6669
6670
6670
6671
6671
6672
6672
6673
6673
6674
6674
6675
6675
6676
6676
6677
6677
6678
6678
6679
6679
6680
6680
6681
6681
6682
6682
6683
6683
6684
6684
6685
6685
6686
6686
6687
6687
6688
6689
6690
6586
6593
6691
6692
6588
6692
6693
6689
6694
6690
6695
6695
6696
6696
6697
6596
6698
6691
6698
6697
6699
6699
6700
6599
6701
6700
6702
6599
6602
6703
6704
6702
6705
6602
6605
6706
6707
6705
6708
6605
6608
6709
6710
6708
6711
6608
6611
6712
6713
6711
6714
6611
6614
6715
6716
6714
6717
6614
6718
6719
6617
6720
6721
6622
6720
6722
6718
6722
6723
6724
6725
6717
6726
6621
6623
6727
6728
6728
6729
6624
6730
6629
6731
6688
6726
6732
6639
6733
6632
6734
6629
6735
6736
6631
6632
6737
6735
6738
6739
6634
6734
6740
6636
6741
6636
6742
6743
6638
6639
6744
6742
6745
6746
6641
6747
6748
6749
6643
6750
6749
6751
6750
6752
6752
6652
6753
6753
6754
6754
6755
6756
6756
6757
6757
6758
6653
6759
6654
6760
6655
6761
6656
6762
6657
6763
6658
6764
6659
6765
6660
6766
6661
6767
6768
6769
6758
6768
6770
6664
6771
6755
6772
6773
6773
6774
6774
6775
6775
6776
6776
6777
6777
6778
6778
6779
6779
6780
6780
6781
6781
6782
6782
6783
6783
6784
6784
6785
6785
6786
6786
6787
6787
6788
6788
6789
6789
6790
6790
6791
6791
6792
6792
6793
6793
6794
6794
6795
6795
6796
6694
6797
6798
6798
6799
6800
6801
6801
6802
6694
6802
6803
6804
6799
6805
6805
6806
6806
6807
6701
6800
6807
6808
6808
6809
6704
6810
6809
6811
6704
6707
6812
6813
6811
6814
6707
6710
6815
6816
6814
6817
6710
6713
6818
6819
6817
6820
6713
6716
6821
6822
6820
6823
6716
6719
6824
6825
6823
6826
6719
6827
6828
6729
6829
6722
6829
6830
6723
6830
6831
6725
6831
6832
6827
6833
6826
6834
6728
6730
6835
6836
6836
6837
6731
6838
6736
6839
6796
6834
6840
6746
6748
6739
6841
6736
6842
6843
6738
6739
6844
6842
6845
6846
6741
6841
6847
6743
6848
6743
6849
6850
6745
6746
6851
6849
6852
6853
6749
6854
6855
6855
6856
6857
6751
6858
6857
6859
6858
6759
6860
6860
6861
6861
6862
6863
6863
6864
6864
6865
6760
6866
6761
6867
6762
6868
6763
6869
6764
6870
6765
6871
6766
6872
6767
6873
6769
6874
6875
6875
6876
6865
6877
6878
6772
6879
6862
6880
6881
6881
6882
6882
6883
6883
6884
6884
6885
6885
6886
6886
6887
6887
6888
6888
6889
6889
6890
6890
6891
6891
6892
6892
6893
6893
6894
6894
6895
6895
6896
6896
6897
6897
6898
6898
6899
6899
6900
6900
6901
6901
6902
6902
6903
6903
6904
6804
6905
6906
6907
6906
6908
6908
6909
6810
6910
6910
6911
6911
6912
6804
6912
6913
6907
6909
6914
6914
6915
6915
6916
6916
6917
6917
6918
6813
6919
6918
6920
6813
6816
6921
6922
6920
6923
6816
6819
6924
6925
6923
6926
6819
6822
6927
6928
6926
6929
6822
6825
6930
6931
6929
6932
6825
6828
6933
6934
6932
6935
6828
6833
6936
6937
6837
6938
6938
6939
6939
6940
6833
6940
6941
6942
6935
6943
6836
6838
6944
6945
6945
6946
6839
6947
6843
6948
6904
6943
6949
6846
6950
6843
6951
6952
6845
6846
6953
6951
6954
6955
6848
6950
6956
6850
6957
6850
6958
6959
6852
6853
6960
6958
6961
6856
6857
6962
6963
6963
6964
6960
6964
6965
6859
6965
6866
6966
6966
6967
6967
6968
6969
6969
6970
6970
6971
6867
6972
6868
6973
6869
6974
6870
6975
6871
6976
6872
6977
6873
6978
6874
6979
6876
6980
6877
6981
6981
6982
6983
6984
6971
6984
6985
6880
6986
6968
6987
6988
6988
6989
6989
6990
6990
6991
6991
6992
6992
6993
6993
6994
6994
6995
6995
6996
6996
6997
6997
6998
6998
6999
6999
7000
7000
7001
7001
7002
7002
7003
7003
7004
7004
7005
7005
7006
7006
7007
7007
7008
7008
7009
7009
7010
7010
7011
7012
7013
7014
7015
7013
7016
6913
7014
7016
7017
7017
7018
6919
7019
7019
7020
7020
7021
7021
7022
7018
7023
7023
7024
7024
7025
7025
7026
7026
7027
6922
7028
7027
7029
6922
6925
7030
7031
7029
7032
6925
6928
7033
7034
7032
7035
6928
6931
7036
7037
7035
7038
6931
6934
7039
7040
7038
7041
6934
6937
7042
7043
7041
7044
6937
6942
7045
7046
7047
7048
6946
7049
7049
7050
7050
7051
6942
7051
7052
7047
7044
7053
6945
6947
7054
7055
7055
7056
6948
7057
6952
7058
7011
7053
7059
6955
7060
6952
7061
7062
6954
6955
7063
7061
7064
7065
6957
7060
7066
6959
7067
6959
7068
7069
7070
7071
7068
7070
6965
7072
7072
7073
7071
7073
6972
7074
7074
7075
7075
7076
7077
7077
7078
7078
7079
6973
7080
6974
7081
6975
7082
6976
7083
6977
7084
6978
7085
6979
7086
6980
7087
6982
7088
6983
7089
7089
7090
7091
7092
7092
7079
7093
7094
6987
7095
7076
7096
7097
7097
7098
7098
7099
7099
7100
7100
7101
7101
7102
7102
7103
7103
7104
7104
7105
7105
7106
7106
7107
7107
7108
7108
7109
7109
7110
7110
7111
7111
7112
7112
7113
7113
7114
7114
7115
7115
7116
7116
7117
7117
7118
7118
7119
7119
7120
7121
7122
7123
7124
7122
7125
7015
7022
7123
7126
7125
7127
7127
7128
7128
7129
7028
7130
7130
7131
7131
7132
7126
7132
7129
7133
7133
7134
7134
7135
7135
7136
7136
7137
7031
7138
7137
7139
7031
7034
7140
7141
7139
7142
7034
7037
7143
7144
7142
7145
7037
7040
7146
7147
7145
7148
7040
7043
7149
7150
7148
7151
7043
7048
7152
7153
7151
7154
7046
7155
7156
7048
7157
7052
7156
7157
7158
7056
7159
7159
7160
7160
7161
7161
7162
7154
7163
7055
7057
7164
7165
7165
7166
7058
7167
7062
7168
7120
7163
7169
7065
7170
7062
7171
7172
7064
7065
7173
7171
7174
7175
7067
7170
7176
7069
7177
7069
7178
7179
7180
7181
7181
7182
7183
7182
7183
7080
7184
7184
7185
7185
7186
7187
7187
7188
7188
7189
7081
7190
7082
7191
7083
7192
7084
7193
7085
7194
7086
7195
7087
7196
7088
7197
7090
7198
7091
7199
7199
7200
7201
7202
7093
7201
7203
7204
7189
7203
7205
7096
7206
7186
7207
7208
7208
7209
7209
7210
7210
7211
7211
7212
7212
7213
7213
7214
7214
7215
7215
7216
7216
7217
7217
7218
7218
7219
7219
7220
7220
7221
7221
7222
7222
7223
7223
7224
7224
7225
7225
7226
7226
7227
7227
7228
7228
7229
7229
7230
7230
7231
7232
7233
7234
7235
7233
7236
7124
7237
7234
7238
7236
7239
7237
7240
7239
7241
7241
7242
7242
7243
7138
7244
7244
7245
7240
7245
7243
7246
7246
7247
7247
7248
7248
7249
7249
7250
7141
7251
7250
7252
7141
7144
7253
7254
7252
7255
7144
7147
7256
7257
7255
7258
7147
7150
7259
7260
7258
7261
7150
7153
7262
7263
7261
7264
7153
7158
7265
7266
7264
7267
7157
7268
7269
7162
7268
7270
7270
7271
7272
7273
7166
7274
7274
7275
7275
7276
7276
7277
7267
7278
7165
7167
7279
7280
7280
7281
7168
7282
7172
7283
7231
7278
7284
7175
7285
7172
7286
7287
7174
7175
7288
7286
7289
7290
7177
7285
7291
7179
7292
7179
7180
7293
7294
7295
7294
7296
7296
7297
7297
7190
7298
7298
7299
7299
7300
7301
7301
7302
7302
7303
7191
7304
7192
7305
7193
7306
7194
7307
7195
7308
7196
7309
7197
7310
7198
7311
7200
7312
7202
7313
7313
7314
7204
7315
7315
7316
7317
7317
7318
7303
7319
7320
7207
7321
7300
7321
7322
7322
7323
7323
7324
7324
7325
7325
7326
7326
7327
7327
7328
7328
7329
7329
7330
7330
7331
7331
7332
7332
7333
7333
7334
7334
7335
7335
7336
7336
7337
7337
7338
7338
7339
7339
7340
7340
7341
7341
7342
7342
7343
7343
7344
7344
7345
7346
7347
7348
7349
7347
7350
7235
7351
7348
7352
7350
7353
7238
7354
7351
7355
7353
7356
7354
7357
7356
7358
7358
7359
7359
7360
7251
7361
7357
7361
7360
7362
7362
7363
7363
7364
7364
7365
7365
7366
7254
7367
7366
7368
7254
7257
7369
7370
7368
7371
7257
7260
7372
7373
7371
7374
7260
7263
7375
7376
7374
7377
7263
7266
7378
7379
7377
7380
7266
7273
7381
7382
7383
7380
7384
7277
7385
7270
7385
7386
7271
7386
7387
7273
7387
7388
7381
7281
7389
7389
7390
7390
7391
7391
7392
7384
7393
7280
7282
7394
7395
7395
7396
7283
7397
7287
7398
7345
7393
7399
7290
7400
7287
7401
7402
7289
7290
7403
7401
7404
7405
7292
7400
7406
7293
7407
7295
7408
7409
7409
7410
7408
7411
7411
7304
7412
7412
7413
7413
7414
7415
7415
7416
7416
7417
7305
7418
7306
7419
7307
7420
7308
7421
7309
7422
7310
7423
7311
7424
7312
7425
7314
7426
7316
7427
7427
7428
7318
7429
7429
7430
7319
7431
7431
7432
7433
7434
7417
7433
7435
7414
7436
7437
7438
7438
7439
7439
7440
7440
7441
7441
7442
7442
7443
7443
7444
7444
7445
7445
7446
7446
7447
7447
7448
7448
7449
7449
7450
7450
7451
7451
7452
7452
7453
7453
7454
7454
7455
7455
7456
7456
7457
7457
7458
7458
7459
7459
7460
7460
7461
7462
7463
7464
7465
7463
7466
7349
7467
7464
7468
7466
7469
7352
7470
7467
7471
7469
7472
7355
7473
7470
7474
7472
7475
7473
7476
7475
7477
7477
7478
7478
7479
7367
7476
7479
7480
7480
7481
7481
7482
7482
7483
7483
7484
7370
7485
7484
7486
7370
7373
7487
7488
7486
7489
7373
7376
7490
7491
7489
7492
7376
7379
7493
7494
7492
7495
7379
7383
7496
7497
7495
7498
7388
7499
7383
7499
7500
7501
7502
7498
7503
7392
7504
7504
7505
7505
7506
7506
7507
7396
7508
7508
7509
7509
7510
7510
7511
7503
7512
7395
7397
7513
7514
7514
7515
7398
7516
7402
7517
7461
7512
7518
7405
7519
7402
7520
7521
7404
7405
7522
7520
7523
7524
7407
7519
7525
7410
7526
7527
7527
7528
7528
7529
7526
7418
7530
7530
7531
7437
7531
7532
7532
7533
7533
7534
7419
7535
7420
7536
7421
7537
7422
7538
7423
7539
7424
7540
7425
7541
7426
7542
7428
7543
7430
7544
7544
7545
7432
7546
7546
7547
7434
7548
7548
7549
7550
7551
7550
7552
7534
7551
7553
7554
7555
7554
7556
7557
7557
7558
7558
7559
7559
7560
7560
7561
7561
7562
7562
7563
7563
7564
7564
7565
7565
7566
7566
7567
7567
7568
7568
7569
7569
7570
7570
7571
7571
7572
7572
7573
7573
7574
7574
7575
7575
7576
7576
7577
7577
7578
7578
7579
7579
7580
7581
7582
7583
7584
7582
7585
7465
7586
7583
7587
7585
7588
7468
7589
7586
7590
7588
7591
7471
7592
7589
7593
7591
7594
7474
7595
7592
7596
7594
7597
7485
7595
7597
7598
7598
7599
7599
7600
7600
7601
7601
7602
7602
7603
7603
7604
7604
7605
7488
7606
7605
7607
7488
7491
7608
7609
7607
7610
7491
7494
7611
7612
7610
7613
7494
7497
7614
7615
7613
7616
7497
7502
7617
7618
7616
7619
7501
7507
7502
7620
7621
7622
7623
7622
7624
7625
7619
7626
7511
7627
7627
7628
7628
7629
7624
7629
7515
7630
7630
7631
7631
7632
7632
7633
7626
7634
7514
7516
7635
7636
7636
7637
7517
7638
7521
7639
7580
7634
7640
7524
7641
7521
7642
7643
7523
7524
7644
7642
7645
7646
7529
7641
7647
7647
7648
7648
7649
7649
7650
7535
7651
7556
7651
7652
7652
7653
7653
7654
7536
7655
7537
7656
7538
7657
7539
7658
7540
7659
7541
7660
7542
7661
7543
7662
7545
7663
7547
7664
7664
7665
7549
7666
7666
7667
7552
7668
7668
7669
7670
7671
7670
7672
7671
7673
7654
7672
7674
7556
7675
7676
7677
7676
7678
7679
7680
7680
7681
7681
7682
7682
7683
7683
7684
7684
7685
7685
7686
7686
7687
7687
7688
7688
7689
7689
7690
7690
7691
7691
7692
7692
7693
7693
7694
7694
7695
7695
7696
7696
7697
7697
7698
7698
7699
7699
7700
7700
7701
7701
7702
7702
7703
7704
7705
7706
7707
7705
7708
7584
7709
7706
7710
7708
7711
7587
7712
7709
7713
7711
7714
7590
7715
7712
7716
7714
7717
7593
7718
7715
7719
7717
7720
7596
7606
7718
7721
7720
7722
7722
7723
7723
7724
7724
7725
7725
7726
7726
7727
7727
7728
7728
7729
7729
7730
7609
7721
7730
7731
7609
7612
7732
7733
7731
7734
7612
7615
7735
7736
7734
7737
7615
7618
7738
7739
7737
7740
7618
7625
7741
7742
7740
7743
7622
7744
7745
7623
7744
7746
7747
7625
7748
7747
7749
7748
7750
7743
7751
7633
7752
7752
7753
7749
7753
7637
7754
7754
7755
7755
7756
7756
7757
7751
7758
7636
7638
7759
7760
7760
7761
7639
7762
7643
7763
7703
7758
7764
7646
7765
7643
7766
7767
7645
7646
7768
7766
7769
7770
7771
7771
7772
7772
7773
7765
7773
7774
7655
7679
7775
7775
7776
7776
7777
7656
7778
7657
7779
7658
7780
7659
7781
7660
7782
7661
7783
7662
7784
7663
7785
7665
7786
7667
7787
7787
7788
7669
7789
7789
7790
7673
7791
7791
7792
7793
7794
7794
7795
7793
7795
7796
7777
7797
7798
7677
7679
7799
7800
7801
7800
7802
7801
7803
7778
7804
7804
7805
7805
7806
7806
7807
7807
7808
7808
7809
7809
7810
7810
7811
7811
7812
7812
7813
7813
7814
7814
7815
7815
7816
7816
7817
7817
7818
7818
7819
7819
7820
7820
7821
7821
7822
7822
7823
7823
7824
7824
7825
7825
7826
7826
7827
7828
7829
7830
7831
7829
7832
7707
7833
7830
7834
7832
7835
7710
7836
7833
7837
7835
7838
7713
7839
7836
7840
7838
7841
7716
7842
7839
7843
7841
7844
7719
7845
7842
7846
7844
7847
7733
7845
7847
7848
7848
7849
7849
7850
7850
7851
7851
7852
7852
7853
7853
7854
7854
7855
7855
7856
7856
7857
7733
7736
7858
7859
7857
7860
7736
7739
7861
7862
7860
7863
7739
7742
7864
7865
7863
7866
7742
7750
7867
7868
7866
7869
7870
7871
7747
7871
7872
7748
7870
7873
7874
7875
7874
7876
7875
7877
7878
7869
7879
7757
7880
7876
7880
7761
7881
7881
7882
7882
7883
7883
7884
7879
7885
7760
7762
7886
7887
7887
7888
7763
7889
7767
7890
7827
7885
7891
7770
7767
7892
7893
7769
7770
7894
7892
7895
7896
7897
7897
7898
7898
7899
7896
7899
7900
7901
7901
7902
7902
7903
7779
7799
7780
7904
7781
7905
7782
7906
7783
7907
7784
7908
7785
7909
7786
7910
7788
7911
7790
7912
7912
7913
7792
7914
7914
7915
7796
7916
7916
7917
7797
7918
7918
7919
7919
7920
7920
7921
7922
7923
7903
7922
7924
7802
7904
7802
7925
7926
7927
7925
7928
7929
7928
7930
7931
7931
7932
7932
7933
7933
7934
7934
7935
7935
7936
7936
7937
7937
7938
7938
7939
7939
7940
7940
7941
7941
7942
7942
7943
7943
7944
7944
7945
7945
7946
7946
7947
7947
7948
7948
7949
7949
7950
7950
7951
7951
7952
7952
7953
7953
7954
7955
7956
7957
7957
7958
7831
7959
7955
7960
7958
7961
7834
7962
7959
7963
7961
7964
7837
7965
7962
7966
7964
7967
7840
7968
7965
7969
7967
7970
7843
7971
7968
7972
7970
7973
7846
7859
7971
7974
7973
7975
7975
7976
7976
7977
7977
7978
7978
7979
7979
7980
7980
7981
7981
7982
7982
7983
7983
7984
7984
7985
7859
7862
7986
7974
7985
7987
7862
7865
7988
7989
7987
7990
7865
7868
7991
7992
7990
7993
7868
7877
7994
7995
7993
7996
7997
7998
7997
7999
7874
7999
8000
7875
7998
8001
8002
7878
8002
8003
8004
8005
8006
8001
8005
7996
8007
7884
8003
7888
8008
8008
8009
8009
8010
8010
8011
8007
8012
7887
7889
8013
8014
8014
8015
7890
8016
7893
8017
7954
8012
8018
7893
8019
8020
7895
7896
8021
8019
8022
8023
8024
8024
8025
8025
8026
8023
8026
8027
8028
8028
8029
8029
8030
7905
7929
7906
8031
7907
8032
7908
8033
7909
8034
7910
8035
7911
8036
7913
8037
7915
8038
8038
8039
7917
8040
8040
8041
7921
8042
8042
8043
7923
8044
8044
8045
8045
8046
8046
8047
8048
8049
8049
8050
8030
8048
8051
8052
8053
7927
8052
8054
7929
8055
8053
8056
8031
8056
8057
8058
8058
8059
8059
8060
8060
8061
8061
8062
8062
8063
8063
8064
8064
8065
8065
8066
8066
8067
8067
8068
8068
8069
8069
8070
8070
8071
8071
8072
8072
8073
8073
8074
8074
8075
8075
8076
8076
8077
8077
8078
8078
8079
8079
8080
8080
8081
7960
8082
8083
8084
8082
8085
8085
8086
8086
8087
7960
8088
8089
8087
8090
7963
8091
8088
8092
8090
8093
7966
8094
8091
8095
8093
8096
7969
8097
8094
8098
8096
8099
7972
8100
8097
8101
8099
8102
7986
8100
8102
8103
8103
8104
8104
8105
8105
8106
8106
8107
8107
8108
8108
8109
8109
8110
8110
8111
8111
8112
8112
8113
7989
8114
8113
8115
7989
7992
8116
8117
8115
8118
7992
7995
8119
8120
8118
8121
7995
8004
8122
8123
8121
8124
8125
8126
8126
8127
8125
8128
8002
8128
8129
8127
8130
8131
8011
8131
8132
8133
8134
8006
8130
8133
8135
8124
8136
8015
8137
8137
8138
8138
8139
8139
8140
8136
8141
8014
8016
8142
8143
8143
8144
8017
8145
8020
8146
8081
8141
8147
8020
8148
8149
8022
8023
8150
8148
8151
8152
8152
8153
8153
8154
8150
8154
8155
8156
8156
8157
8157
8158
8032
8055
8033
8159
8034
8160
8035
8161
8036
8162
8037
8163
8039
8164
8041
8165
8165
8166
8043
8167
8167
8168
8047
8169
8169
8170
8050
8171
8171
8172
8172
8173
8173
8174
8175
8176
8176
8177
8177
8178
8158
8175
8179
8054
8180
8181
8181
8182
8055
8183
8159
8182
8184
8184
8185
8186
8186
8187
8187
8188
8188
8189
8189
8190
8190
8191
8191
8192
8192
8193
8193
8194
8194
8195
8195
8196
8196
8197
8197
8198
8198
8199
8199
8200
8200
8201
8201
8202
8202
8203
8203
8204
8204
8205
8205
8206
8206
8207
8207
8208
8208
8209
8210
8211
8084
8089
8212
8210
8213
8214
8214
8215
8215
8216
8089
8217
8218
8216
8219
8092
8220
8217
8221
8219
8222
8095
8223
8220
8224
8222
8225
8098
8226
8223
8227
8225
8228
8101
8114
8226
8229
8228
8230
8230
8231
8231
8232
8232
8233
8233
8234
8234
8235
8235
8236
8236
8237
8237
8238
8238
8239
8239
8240
8240
8241
8117
8229
8241
8242
8117
8120
8243
8244
8242
8245
8120
8123
8246
8247
8245
8248
8123
8132
8249
8250
8248
8251
8252
8253
8252
8254
8254
8255
8253
8256
8131
8256
8257
8135
8255
8140
8258
8259
8260
8134
8261
8259
8262
8261
8263
8251
8264
8144
8265
8265
8266
8266
8267
8257
8267
8264
8268
8143
8145
8269
8270
8270
8271
8146
8272
8149
8273
8209
8268
8274
8149
8275
8276
8151
8277
8275
8278
8279
8279
8280
8280
8281
8277
8281
8282
8283
8283
8284
8284
8285
8160
8183
8161
8286
8162
8287
8163
8288
8164
8289
8166
8290
8168
8291
8291
8292
8170
8293
8293
8294
8174
8295
8295
8296
8178
8297
8297
8298
8298
8299
8299
8300
8301
8302
8302
8303
8303
8304
8304
8305
8285
8301
8306
8183
8286
8307
8308
8309
8307
8310
8310
8311
8286
8311
8312
8312
8313
8314
8314
8315
8315
8316
8316
8317
8317
8318
8318
8319
8319
8320
8320
8321
8321
8322
8322
8323
8323
8324
8324
8325
8325
8326
8326
8327
8327
8328
8328
8329
8329
8330
8330
8331
8331
8332
8332
8333
8333
8334
8334
8335
8335
8336
8336
8337
8211
8338
8339
8213
8218
8340
8338
8341
8342
8342
8343
8343
8344
8218
8345
8346
8344
8347
8221
8348
8345
8349
8347
8350
8224
8351
8348
8352
8350
8353
8227
8354
8351
8355
8353
8356
8244
8354
8356
8357
8357
8358
8358
8359
8359
8360
8360
8361
8361
8362
8362
8363
8363
8364
8364
8365
8365
8366
8366
8367
8367
8368
8368
8369
8244
8247
8370
8371
8369
8372
8247
8250
8373
8374
8372
8375
8250
8258
8376
8377
8375
8378
8379
8380
8379
8381
8380
8382
8263
8382
8381
8383
8383
8384
8385
8386
8387
8260
8388
8386
8389
8262
8390
8388
8391
8390
8392
8378
8393
8271
8394
8394
8395
8384
8395
8393
8396
8270
8272
8397
8398
8398
8399
8273
8400
8276
8401
8337
8396
8402
8276
8403
8404
8278
8403
8405
8406
8406
8407
8407
8408
8405
8408
8409
8410
8410
8411
8411
8412
8287
8288
8309
8289
8413
8290
8414
8292
8415
8294
8416
8416
8417
8296
8418
8418
8419
8300
8420
8420
8421
8305
8422
8422
8423
8423
8424
8424
8425
8426
8427
8427
8428
8428
8429
8429
8430
8430
8431
8412
8426
8432
8433
8434
8309
8434
8435
8413
8433
8436
8436
8437
8437
8438
8438
8439
8440
8440
8441
8441
8442
8442
8443
8443
8444
8444
8445
8445
8446
8446
8447
8447
8448
8448
8449
8449
8450
8450
8451
8451
8452
8452
8453
8453
8454
8454
8455
8455
8456
8456
8457
8457
8458
8458
8459
8459
8460
8460
8461
8461
8462
8462
8463
8339
8464
8465
8341
8346
8466
8464
8467
8468
8468
8469
8469
8470
8346
8471
8472
8470
8473
8349
8474
8471
8475
8473
8476
8352
8477
8474
8478
8476
8479
8355
8371
8477
8480
8479
8481
8481
8482
8482
8483
8483
8484
8484
8485
8485
8486
8486
8487
8487
8488
8488
8489
8489
8490
8490
8491
8491
8492
8492
8493
8493
8494
8371
8374
8495
8480
8494
8496
8374
8377
8497
8498
8496
8499
8377
8385
8500
8501
8499
8502
8503
8504
8503
8505
8504
8506
8392
8505
8506
8507
8507
8508
8509
8510
8511
8387
8512
8510
8513
8389
8514
8512
8515
8391
8516
8514
8517
8516
8518
8502
8519
8399
8520
8508
8520
8519
8521
8398
8400
8522
8523
8523
8524
8401
8525
8404
8526
8463
8521
8527
8404
8528
8529
8528
8530
8531
8531
8532
8532
8533
8530
8533
8534
8535
8535
8536
8536
8537
8414
8435
8415
8538
8417
8539
8419
8540
8540
8541
8421
8542
8542
8543
8425
8544
8544
8545
8431
8546
8546
8547
8547
8548
8548
8549
8550
8551
8551
8552
8552
8553
8553
8554
8554
8555
8555
8556
8537
8550
8557
8558
8559
8435
8558
8560
8538
8559
8561
8561
8562
8562
8563
8563
8564
8565
8565
8566
8566
8567
8567
8568
8568
8569
8569
8570
8570
8571
8571
8572
8572
8573
8573
8574
8574
8575
8575
8576
8576
8577
8577
8578
8578
8579
8579
8580
8580
8581
8581
8582
8582
8583
8583
8584
8584
8585
8585
8586
8586
8587
8587
8588
8465
8589
8590
8467
8472
8591
8589
8592
8593
8593
8594
8594
8595
8472
8596
8597
8595
8598
8475
8599
8596
8600
8598
8601
8478
8602
8599
8603
8601
8604
8495
8602
8604
8605
8605
8606
8606
8607
8607
8608
8608
8609
8609
8610
8610
8611
8611
8612
8612
8613
8613
8614
8614
8615
8615
8616
8616
8617
8617
8618
8498
8619
8618
8620
8498
8501
8621
8622
8620
8623
8501
8509
8624
8625
8623
8626
8627
8628
8627
8629
8518
8628
8629
8630
8630
8631
8631
8632
8633
8634
8511
8635
8633
8636
8513
8637
8635
8638
8515
8639
8637
8640
8517
8641
8639
8642
8641
8643
8626
8644
8524
8632
8644
8645
8523
8525
8646
8647
8647
8648
8526
8649
8529
8650
8588
8645
8651
8529
8652
8653
8652
8654
8654
8655
8655
8656
8656
8657
8658
8659
8659
8660
8660
8661
8539
8560
8541
8560
8543
8662
8662
8663
8545
8664
8664
8665
8549
8666
8666
8667
8556
8668
8668
8669
8669
8670
8670
8671
8672
8673
8673
8674
8674
8675
8675
8676
8676
8677
8677
8678
8678
8679
8661
8672
8680
8681
8682
8682
8683
8663
8681
8683
8684
8684
8685
8685
8686
8686
8687
8688
8688
8689
8689
8690
8690
8691
8691
8692
8692
8693
8693
8694
8694
8695
8695
8696
8696
8697
8697
8698
8698
8699
8699
8700
8700
8701
8701
8702
8702
8703
8703
8704
8704
8705
8705
8706
8706
8707
8707
8708
8708
8709
8709
8710
8710
8711
8590
8712
8713
8592
8597
8714
8712
8715
8716
8716
8717
8717
8718
8597
8719
8720
8718
8721
8600
8722
8719
8723
8721
8724
8603
8619
8722
8725
8724
8726
8726
8727
8727
8728
8728
8729
8729
8730
8730
8731
8731
8732
8732
8733
8733
8734
8734
8735
8735
8736
8736
8737
8737
8738
8738
8739
8739
8740
8622
8725
8740
8741
8622
8625
8742
8743
8741
8744
8625
8634
8745
8746
8744
8747
8748
8749
8643
8748
8749
8750
8750
8751
8751
8752
8648
8752
8636
8753
8754
8755
8754
8756
8636
8757
8758
8638
8759
8757
8760
8640
8761
8759
8762
8642
8763
8761
8764
8763
8765
8747
8766
8766
8767
8647
8649
8768
8769
8769
8770
8650
8771
8653
8772
8711
8767
8773
8653
8657
8774
8775
8775
8776
8776
8777
8774
8778
8777
8778
8779
8780
8780
8781
8781
8782
8663
8665
8783
8784
8785
8667
8786
8785
8786
8671
8787
8787
8788
8679
8789
8789
8790
8790
8791
8791
8792
8793
8794
8794
8795
8795
8796
8796
8797
8797
8798
8798
8799
8799
8800
8800
8801
8782
8793
8802
8784
8803
8803
8804
8804
8805
8805
8806
8806
8807
8807
8808
8808
8809
8810
8810
8811
8811
8812
8812
8813
8813
8814
8814
8815
8815
8816
8816
8817
8817
8818
8818
8819
8819
8820
8820
8821
8821
8822
8822
8823
8823
8824
8824
8825
8825
8826
8826
8827
8827
8828
8828
8829
8829
8830
8830
8831
8831
8832
8832
8833
8713
8834
8835
8715
8720
8836
8834
8837
8838
8838
8839
8839
8840
8720
8841
8842
8840
8843
8723
8844
8841
8845
8843
8846
8743
8844
8846
8847
8847
8848
8848
8849
8849
8850
8850
8851
8851
8852
8852
8853
8853
8854
8854
8855
8855
8856
8856
8857
8857
8858
8858
8859
8859
8860
8860
8861
8861
8862
8743
8746
8863
8864
8862
8865
8746
8756
8866
8867
8865
8868
8765
8869
8869
8870
8870
8871
8871
8872
8770
8872
8755
8873
8874
8873
8875
8876
8758
8877
8875
8878
8758
8879
8880
8760
8881
8879
8882
8762
8883
8881
8884
8764
8885
8883
8886
8885
8887
8868
8888
8888
8889
8769
8771
8890
8891
8891
8892
8772
8893
8774
8894
8833
8889
8895
8896
8896
8897
8897
8898
8895
8899
8802
8898
8899
8900
8900
8901
8901
8902
8785
8875
8903
8875
8878
8904
8788
8904
8792
8905
8905
8906
8801
8907
8907
8908
8908
8909
8909
8910
8911
8912
8912
8913
8913
8914
8914
8915
8915
8916
8916
8917
8917
8918
8918
8919
8919
8920
8902
8921
8878
8922
8922
8923
8923
8924
8924
8925
8925
8926
8926
8927
8835
8927
8928
8928
8929
8929
8930
8930
8931
8931
8932
8932
8933
8933
8934
8934
8935
8935
8936
8936
8937
8937
8938
8938
8939
8939
8940
8940
8941
8941
8942
8942
8943
8943
8944
8944
8945
8945
8946
8946
8947
8947
8948
8948
8949
8949
8950
8950
8835
8927
8837
8842
8951
8926
8927
8952
8952
8953
8953
8954
8842
8955
8956
8954
8957
8845
8864
8955
8958
8957
8959
8959
8960
8960
8961
8961
8962
8962
8963
8963
8964
8964
8965
8965
8966
8966
8967
8967
8968
8968
8969
8969
8970
8970
8971
8971
8972
8972
8973
8973
8974
8974
8975
8864
8867
8976
8958
8975
8977
8867
8878
8922
8978
8977
8979
8887
8980
8980
8981
8981
8982
8892
8982
8876
8983
8877
8910
8983
8903
8903
8906
8880
8984
8880
8985
8986
8882
8987
8985
8988
8884
8989
8987
8990
8886
8991
8989
8992
8991
8993
8979
8994
8994
8891
8893
8995
8996
8996
8997
8894
8998
8895
8999
9000
9001
9001
9002
8902
9002
8921
9000
9003
9003
9004
9004
8904
8906
8910
8983
8983
8920
9005
9005
9006
8984
9006
8984
8921
9000
9007
9007
9008
9008
9009
9009
9010
9010
9011
9011
9012
9012
9013
9013
9014
9014
9015
9015
9016
8978
8978
9017
9017
9018
8951
9018
8951
9019
9019
9020
9020
9021
9021
9022
9022
9023
9023
9024
9024
9025
9025
9026
9026
9027
9027
9028
9028
9029
9029
9030
9030
9031
9031
9032
9032
9033
9033
9034
9034
9035
9035
9036
9036
9037
9037
9038
9038
9039
9039
9040
9040
8956
9041
9041
9042
9042
9043
8956
9044
9018
9043
9045
8976
9044
9045
9046
9046
9047
9047
9048
9048
9049
9049
9050
9050
9051
9051
9052
9052
9053
9053
9054
9054
9055
9055
9056
9056
9057
9057
9058
9058
9059
9059
9060
9060
9061
9061
9062
8978
9017
9062
9063
9063
9064
8993
9065
9065
9066
8997
9066
8986
8986
9067
9006
8988
9068
9016
9067
8990
9069
9068
9070
8992
9071
9069
9072
9071
9073
9064
8996
8998
9074
9075
9075
9076
8999
9077
9000
9007
9078
9004
9078
9079
9079
9016
9067
9067
9077
9077
9080
9080
9081
9081
9082
9082
9083
9083
9084
9084
9085
9070
9085
9068
9070
9068
9044
9044
9086
9086
9087
9087
9088
9088
9089
9089
9090
9090
9091
9091
9092
9092
9093
9093
9094
9094
9095
9095
9096
9096
9097
9097
9098
9098
9099
9099
9100
9100
9101
9101
9102
9102
9103
9103
9104
9104
9105
9105
9106
9106
9107
9107
9108
9108
9109
9109
9110
9110
9111
9111
9112
9112
9113
9113
9114
9114
9115
9115
9116
9116
9117
9117
9118
9118
9119
9119
9120
9120
9121
9121
9122
9122
9123
9123
9124
9124
9125
9125
9126
9126
9127
9127
9128
9128
9073
9129
9076
9129
9070
9085
9072
9130
9084
9085
9130
9131
9075
9077
9080
9132
9132
9133
9079
9132
9132
9133
9131
9133
9130
9131
9130
9134
9134
9135
9135
9136
9136
9137
9137
9138
9138
9139
9139
9140
9140
9141
9141
9142
9142
9143
9143
9144
9144
9145
9145
9146
9146
9147
9147
9148
9148
9149
9149
9150
9150
9151
9151
9152
9152
9153
9153
9154
9154
9155
9155
9156
9156
9157
9157
9158
9158
9159
9159
9160
9160
9161
9161
9162
9162
9163
9163
9164
9164
9165
9165
9166
9166
9167
9167
9168
9168
9169
9169
9170
9170
9171
9171
9172
9172
9173
9173
9174
9174
9131
9133
9175
9175
9176
9176
9177
9177
9178
9178
9179
9179
9180
9180
9181
9181
9182
9182
9183
9183
9184
9184
9185
9185
9186
9186
9187
9187
9188
9188
9189
9189
9190
9190
9191
9191
9192
9192
9193
9193
9194
9194
9195
9195
9196
9196
9197
9197
9198
9198
9199
9199
9200
9200
9201
9201
9202
9202
9203
9203
9204
9204
9205
9205
9206
9206
9207
9207
9208
9208
9209
9209
9210
9210
9211
9211
9212
9212
9213
9213
9214
9214
9215
9215
9216
9216
9217
9217
9218
9218
9219
9219
9220
9220
9221
9221
9222
9222
9223
9223
9224
9224
9225
9225
9226
9226
9227
9227
9228
9228
9229
9229
9230
9230
9231
9231
9232
9232
9233
9233
9234
9234
9235
9235
9236
9236
9237
9237
9238
9238
9239
9239
9240
9240
9241
9241
9242
9242
9243
9243
9244
9244
9245
9245
9246
9246
9247
9247
9248
9248
9249
9249
9250
9250
9251
9251
9252
9252
9253
9253
9254
9254
9255
9255
9256
9256
9257
9257
9258
9258
9259
9259
9260
9260
9261
9261
9262
9262
9263
9263
9264
9264
9265
9265
9266
9266
9267
9267
9268
9268
9269
9269
9270
9270
9271
9271
9272
9272
9273
9273
9274
9274
9275
9275
9276
9276
9277
9277
9278
9278
9279
9279
9280
9280
9281
9281
9282
9282
9283
9283
9284
9284
9285
9285
9286
9286
9287
9287
9288
9288
9289
9289
9290
9290
9291
9291
9292
9292
9293
9293
9294
9294
9295
9295
9296
9296
9297
9297
9298
9298
9299
9299
9300
9300
9301
9301
9302
9302
9303
9303
9304
9304
9305
9305
9306
9306
9307
9307
9308
9308
9309
9309
9310
9310
9311
9311
9312
9312
9313
9313
9314
9314
9315
9315
9316
9316
9317
9317
9318
9318
9319
9319
9320
9320
9321
9321
9322
9322
9323
9323
9324
9324
9325
9325
9326
9326
9327
9327
9328
9328
9329
9329
9330
9330
9331
9331
9332
9332
9333
9333
9334
9334
9335
9335
9336
9336
9337
9337
9338
9338
9339
9339
9340
9340
9341
9341
9342
9342
9343
9343
9344
9344
9345
9345
9346
9346
9347
9347
9348
9348
9349
9349
9350
9350
9351
9351
9352
9352
9353
9353
9354
9354
9355
9355
9356
9356
9357
9357
9358
9358
9359
9359
9360
9360
9361
9361
9362
9362
9363
9363
9364
9364
9365
9365
9366
9366
9367
9367
9368
9368
9369
9369
9370
9370
9371
9371
9372
9372
9373
9373
9374
9374
9375
9375
9376
9376
9377
9377
9378
9378
9379
9379
9380
9380
9381
9381
9382
9382
9383
9383
9384
9384
9385
9385
9386
9386
9387
9387
9388
9388
9389
9389
9390
9390
9391
9391
9392
9392
9393
9393
9394
9394
9395
9395
9396
9396
9397
9397
9398
9398
9399
9399
9400
9400
9401
9401
9402
9402
9403
9403
9404
9404
9405
9405
9406
9406
9407
9407
9408
9408
9409
9409
9410
9410
9411
9411
9412
9412
9413
9413
9414
9414
9415
9415
9416
9416
9417
9417
9418
9418
9419
9419
9420
9420
9421
9421
9422
9422
9423
9423
9424
9424
9425
9425
9426
9426
9427
9427
9428
9428
9429
9429
9430
9430
9431
9431
9432
9432
9433
9433
9434
9434
9435
9435
9436
9436
9437
9437
9438
9438
9439
9439
9440
9440
9441
9441
9442
9442
9443
9443
9444
9444
9445
9445
9446
9446
9447
9447
9448
9448
9449
9449
9450
9450
9451
9451
9452
9452
9453
9453
9454
9454
9455
9455
9456
9456
9457
9457
9458
9458
9459
9459
9460
9460
9461
9461
9462
9462
9463
9463
9464
9464
9465
9465
9466
9466
9467
9467
9468
9468
9469
9469
9470
9470
9471
9471
9472
9472
9473
9473
9474
9474
9475
9475
9476
9476
9477
9477
9478
9478
9479
9479
9480
9480
9481
9481
9482
9482
9483
9483
9484
9484
9485
9485
9486
9486
9487
9487
9488
9488
9489
9489
9490
9490
9491
9491
9492
9492
9493
9493
9494
9494
9495
9495
9496
9496
9497
9497
9498
9498
9499
9499
9500
9500
9501
9501
9502
9502
9503
9503
9504
9504
9505
9505
9506
9506
9507
9507
9508
9508
9509
9509
9510
9510
9511
9511
9512
9512
9513
9513
9514
9514
9515
9515
9516
9516
9517
9517
9518
9518
9519
9519
9520
9520
9521
9521
9522
9522
9523
9523
9524
9524
9525
9525
9526
9526
9527
9527
9528
9528
9529
9529
9530
9530
9531
9531
9532
9532
9533
9533
9534
9534
9535
9535
9536
9536
9537
9537
9538
9538
9539
9539
9540
9540
9541
9541
9542
9542
9543
9543
9544
9544
9545
9545
9546
9546
9547
9547
9548
9548
9549
9549
9550
9550
9551
9551
9552
9552
9553
9553
9554
9554
9555
9555
9556
9556
9557
9557
9558
9558
9559
9559
9560
9560
9561
9561
9562
9562
9563
9563
9564
9564
9565
9565
9566
9566
9567
9567
9568
9568
9569
9569
9570
9570
9571
9571
9572
9572
9573
9573
9574
9574
)


// ************************************************************************* //
