/*--------------------------------*- C++ -*----------------------------------*\
  =========                 |
  \\      /  F ield         | OpenFOAM: The Open Source CFD Toolbox
   \\    /   O peration     | Website:  https://openfoam.org
    \\  /    A nd           | Version:  dev
     \\/     M anipulation  |
\*---------------------------------------------------------------------------*/
FoamFile
{
    version     2.0;
    format      ascii;
    class       volScalarField;
    location    "2500";
    object      G;
}
// * * * * * * * * * * * * * * * * * * * * * * * * * * * * * * * * * * * * * //

dimensions      [1 0 -3 0 0 0 0];

internalField   nonuniform List<scalar> 
9842
(
4005.34
4011.09
4012.58
4016.09
4018.34
4020.59
4020.34
4023.35
4026.36
4029.38
4023.86
4027.61
4031.38
4035.17
4038.97
4026.66
4031.13
4035.64
4040.19
4044.77
4049.37
4028.74
4033.92
4039.15
4044.44
4049.78
4055.18
4060.6
4030.13
4036
4041.92
4047.93
4054.02
4060.19
4066.42
4072.68
4030.84
4037.37
4043.97
4050.67
4057.48
4064.39
4071.41
4078.51
4085.65
4030.9
4038.06
4045.31
4052.68
4060.17
4067.81
4075.59
4083.49
4091.48
4099.52
4030.32
4038.1
4045.97
4053.96
4062.12
4070.44
4078.94
4087.61
4096.43
4105.36
4114.35
4029.14
4037.49
4045.95
4054.56
4063.33
4072.31
4081.5
4090.9
4100.5
4110.28
4120.19
4130.17
4027.37
4036.28
4045.3
4054.47
4063.84
4073.43
4083.27
4093.36
4103.7
4114.28
4125.07
4136.01
4147.04
4025.05
4034.48
4044.02
4053.74
4063.66
4073.83
4084.27
4095.01
4106.05
4117.38
4128.99
4140.84
4152.86
4165
4022.21
4032.13
4042.16
4052.38
4062.82
4073.53
4084.54
4095.88
4107.56
4119.59
4131.97
4144.66
4157.64
4170.81
4184.12
4018.88
4029.25
4039.74
4050.43
4061.35
4072.56
4084.09
4095.98
4108.26
4120.94
4134.02
4147.5
4161.35
4175.52
4189.92
4204.48
4015.08
4025.87
4036.8
4047.92
4059.28
4070.95
4082.96
4095.35
4108.17
4121.44
4135.17
4149.37
4164.02
4179.1
4194.54
4210.25
4226.15
4010.85
4022.03
4033.35
4044.87
4056.64
4068.72
4081.17
4094.03
4107.34
4121.14
4135.45
4150.3
4165.68
4181.58
4197.96
4214.77
4231.89
4249.22
4006.22
4017.76
4029.44
4041.32
4053.46
4065.93
4078.77
4092.04
4105.78
4120.06
4134.89
4150.32
4166.35
4182.99
4200.22
4218.01
4236.28
4254.93
4273.82
4001.22
4013.08
4025.09
4037.3
4049.78
4062.59
4075.78
4089.42
4103.55
4118.24
4133.53
4149.46
4166.07
4183.37
4201.36
4220.02
4239.32
4259.18
4279.47
4300.05
3995.88
4008.04
4020.34
4032.85
4045.63
4058.74
4072.24
4086.2
4100.68
4115.73
4131.42
4147.79
4164.88
4182.75
4201.4
4220.83
4241.04
4261.97
4283.55
4305.64
4328.06
3990.23
4002.65
4015.22
4027.99
4041.03
4054.41
4068.19
4082.43
4097.2
4112.57
4128.59
4145.33
4162.84
4181.18
4200.39
4220.48
4241.47
4263.35
4286.06
4309.52
4333.57
4358.02
3984.31
3996.96
4009.75
4022.76
4036.03
4049.65
4063.66
4078.14
4093.16
4108.79
4125.09
4142.14
4159.99
4178.72
4198.38
4219.03
4240.69
4263.36
4287.04
4311.7
4337.22
4363.43
4390.1
3978.13
3990.98
4003.98
4017.19
4030.66
4044.47
4058.69
4073.37
4088.6
4104.44
4120.97
4138.26
4156.39
4175.43
4195.46
4216.54
4238.73
4262.07
4286.56
4312.22
4339
4366.79
4395.39
4424.54
3971.74
3984.76
3997.93
4011.31
4024.95
4038.93
4053.31
4068.16
4083.55
4099.56
4116.27
4133.75
4152.09
4171.37
4191.67
4213.08
4235.67
4259.53
4284.69
4311.18
4338.99
4368.11
4398.41
4429.67
4461.67
3965.15
3978.32
3991.64
4005.16
4018.94
4033.05
4047.56
4062.54
4078.06
4094.2
4111.03
4128.65
4147.14
4166.59
4187.09
4208.73
4231.61
4255.84
4281.5
4308.64
4337.29
4367.48
4399.19
4432.28
4466.6
4501.8
3958.4
3971.69
3985.12
3998.75
4012.65
4026.87
4041.48
4056.55
4072.16
4088.39
4105.31
4123.02
4141.6
4161.15
4181.77
4203.56
4226.63
4251.1
4277.08
4304.69
4333.98
4365.02
4397.83
4432.42
4468.71
4506.49
4545.26
3951.5
3964.89
3978.41
3992.14
4006.11
4020.41
4035.09
4050.23
4065.89
4082.17
4099.14
4116.89
4135.51
4155.11
4175.78
4197.64
4220.8
4245.4
4271.57
4299.44
4329.17
4360.82
4394.48
4430.21
4468.07
4507.99
4549.63
4592.48
3944.49
3957.95
3971.54
3985.33
3999.36
4013.71
4028.43
4043.61
4059.3
4075.59
4092.57
4110.32
4128.94
4148.52
4169.18
4191.04
4214.21
4238.84
4265.07
4293.06
4322.98
4355.01
4389.25
4425.81
4464.84
4506.42
4550.39
4596.44
4643.98
3937.39
3950.89
3964.53
3978.36
3992.43
4006.8
4021.54
4036.72
4052.41
4068.69
4085.64
4103.35
4121.92
4141.45
4162.04
4183.83
4206.93
4231.5
4257.68
4285.65
4315.6
4347.75
4382.29
4419.38
4459.2
4501.96
4547.69
4596.29
4647.44
4700.43
3930.21
3943.74
3957.41
3971.25
3985.33
3999.71
4014.44
4029.6
4045.26
4061.5
4078.39
4096.03
4114.52
4133.94
4154.42
4176.07
4199.04
4223.46
4249.5
4277.34
4307.18
4339.24
4373.79
4411.09
4451.36
4494.85
4541.77
4592.22
4646.16
4703.28
4762.66
3922.98
3936.52
3950.19
3964.03
3978.1
3992.46
4007.16
4022.28
4037.88
4054.05
4070.86
4088.4
4106.76
4126.05
4146.37
4167.84
4190.61
4214.81
4240.62
4268.22
4297.82
4329.66
4364
4401.18
4441.52
4485.35
4532.93
4584.54
4640.41
4700.57
4764.71
4831.62
3915.7
3929.24
3942.91
3956.73
3970.77
3985.08
3999.73
4014.78
4030.3
4046.38
4063.08
4080.49
4098.7
4117.81
4137.94
4159.19
4181.71
4205.63
4231.13
4258.41
4287.66
4319.14
4353.11
4389.92
4429.96
4473.7
4521.47
4573.62
4630.59
4692.73
4760.24
4832.71
4908.59
3908.42
3921.93
3935.57
3949.36
3963.35
3977.6
3992.18
4007.14
4022.56
4038.51
4055.08
4072.33
4090.37
4109.28
4129.18
4150.18
4172.4
4196
4221.14
4248
4276.81
4307.81
4341.28
4377.55
4417.02
4460.23
4507.69
4559.83
4617.16
4680.29
4749.73
4826.09
4908.48
4972.02
4973.92
3901.15
3914.6
3928.2
3941.95
3955.88
3970.05
3984.54
3999.4
4014.69
4030.5
4046.9
4063.97
4081.8
4100.49
4120.13
4140.85
4162.75
4185.98
4210.7
4237.1
4265.39
4295.81
4328.65
4364.24
4402.96
4445.35
4492.01
4543.56
4600.6
4663.82
4734.09
4812.06
4899.53
4973.25
4969.81
5018.07
5019.75
3893.9
3907.29
3920.83
3934.51
3948.36
3962.45
3976.83
3991.56
4006.72
4022.37
4038.59
4055.45
4073.05
4091.48
4110.84
4131.24
4152.79
4175.63
4199.9
4225.78
4253.49
4283.27
4315.38
4350.17
4388
4429.38
4474.91
4525.3
4581.37
4643.92
4713.91
4792.56
4869.05
4858.58
4964.04
4905.56
4955.32
5018.48
5014.33
5067.13
5068.57
3886.69
3900
3913.46
3927.06
3940.83
3954.82
3969.08
3983.68
3998.67
4014.14
4030.16
4046.8
4064.15
4082.31
4101.36
4121.41
4142.58
4164.99
4188.78
4214.13
4241.22
4270.28
4301.6
4335.49
4372.31
4412.54
4456.76
4505.64
4560.09
4621.17
4689.97
4767.81
4846.96
4833.45
4894.2
5007.4
4944.42
4997.6
5066.7
5061.65
5119.57
5120.78
3879.52
3892.74
3906.12
3919.63
3933.3
3947.18
3961.31
3975.76
3990.58
4005.86
4021.65
4038.05
4055.13
4072.99
4091.72
4111.41
4132.18
4154.13
4177.41
4202.18
4228.62
4256.95
4287.43
4320.35
4356.07
4395.04
4437.8
4485
4537.46
4596.34
4663.01
4738.96
4819.14
4803.26
4880.99
4866.09
4931.54
5053.54
4985.29
5042.4
5118.24
5112.13
5175.78
5176.73
3872.42
3885.54
3898.82
3912.23
3925.79
3939.54
3953.54
3967.83
3982.47
3997.54
4013.1
4029.24
4046.03
4063.57
4081.96
4101.27
4121.63
4143.12
4165.88
4190.04
4215.8
4243.34
4272.93
4304.86
4339.44
4377.08
4418.29
4463.68
4513.98
4570.25
4633.95
4706.88
4786.81
4768.96
4849.98
4832.63
4916.67
4900.06
4970.75
5102.68
5028.47
5089.96
5173.42
5166.07
5236.18
5236.79
3865.4
3878.41
3891.58
3904.87
3918.31
3931.93
3945.78
3959.9
3974.36
3989.21
4004.53
4020.4
4036.89
4054.1
4072.11
4091.03
4110.95
4131.97
4154.21
4177.78
4202.84
4229.58
4258.24
4289.11
4322.5
4358.8
4398.43
4441.95
4490
4543.53
4603.83
4672.75
4750.79
4731.53
4814.3
4794.95
4882.12
4862.97
4954.06
4935.54
5012.04
5155.04
5074.13
5140.46
5232.59
5223.85
5301.29
5301.49
3858.45
3871.34
3884.4
3897.57
3910.88
3924.36
3938.06
3952
3966.26
3980.89
3995.96
4011.55
4027.73
4044.59
4062.23
4080.73
4100.21
4120.74
4142.44
4165.41
4189.79
4215.74
4243.47
4273.25
4305.4
4340.3
4378.36
4420.01
4465.82
4516.57
4573.38
4637.88
4712.4
4692.6
4774.87
4754.12
4842.74
4821.54
4915.57
4894.36
4993.36
4972.68
5055.58
5210.99
5122.46
5194.23
5296.31
5285.98
5371.72
5371.43
3851.59
3864.36
3877.3
3890.34
3903.52
3916.85
3930.38
3944.15
3958.21
3972.61
3987.42
4002.71
4018.57
4035.07
4052.32
4070.4
4089.42
4109.46
4130.61
4152.99
4176.69
4201.86
4228.7
4257.41
4288.31
4321.75
4358.19
4398
4441.62
4489.67
4543.06
4603.14
4673.27
4653.63
4733.14
4711.94
4799.54
4776.97
4872.05
4848.77
4950.4
4926.87
5034.65
5011.52
5101.48
5270.95
5173.72
5251.62
5365.12
5352.92
5448.15
5447.25
3844.82
3857.47
3870.28
3883.2
3896.23
3909.41
3922.77
3936.36
3950.21
3964.37
3978.92
3993.92
4009.44
4025.58
4042.42
4060.07
4078.61
4098.15
4118.77
4140.55
4163.59
4188
4213.95
4241.62
4271.3
4303.32
4338.08
4376.04
4417.54
4463.02
4513.18
4569.04
4634.63
4615.47
4690.9
4670.01
4754.14
4731.24
4824.69
4800.09
4902.24
4876.63
4986.64
4960.51
5077.96
5052.06
5149.96
5335.36
5228.22
5313.03
5439.55
5425.23
5531.44
5529.78
3838.16
3850.68
3863.36
3876.14
3889.03
3902.05
3915.25
3928.64
3942.28
3956.21
3970.49
3985.19
4000.38
4016.14
4032.57
4049.76
4067.82
4086.84
4106.91
4128.12
4150.53
4174.22
4199.3
4225.95
4254.42
4285.04
4318.19
4354.3
4393.74
4436.8
4483.94
4535.9
4597.05
4578.57
4649.5
4629.27
4708.51
4686.09
4775.27
4750.47
4850.25
4823.43
4933.28
4905.06
5024.3
4995.29
5123.48
5094.44
5201.29
5404.76
5286.33
5378.89
5520.39
5503.55
5622.62
5619.99
3831.6
3843.99
3856.54
3869.17
3881.92
3894.79
3907.81
3921.01
3934.44
3948.14
3962.15
3976.55
3991.39
4006.77
4022.78
4039.51
4057.06
4075.55
4095.07
4115.69
4137.49
4160.51
4184.82
4210.51
4237.79
4266.99
4298.52
4332.83
4370.32
4411.16
4455.57
4503.99
4560.87
4543.39
4609.53
4590.15
4664.11
4642.58
4725.94
4701.86
4796.46
4769.62
4876.17
4846.98
4965.18
4934.12
5063.47
5031.28
5171.38
5138.8
5255.73
5479.64
5348.31
5449.58
5608.48
5588.55
5723.01
5719.12
3825.15
3837.4
3849.82
3862.31
3874.91
3887.62
3900.47
3913.49
3926.71
3940.17
3953.92
3968.01
3982.52
3997.52
4013.09
4029.34
4046.38
4064.31
4083.25
4103.28
4124.48
4146.87
4170.47
4195.31
4221.51
4249.33
4279.18
4311.62
4347.17
4386.06
4428.16
4473.53
4522.54
4571.41
4553.27
4621.58
4601.09
4678.34
4655.42
4743.19
4717.39
4817.77
4788.89
4902.6
4871.04
4998.09
4964.17
5104.31
5068.77
5221.89
5185.43
5313.49
5560.56
5414.44
5525.67
5704.93
5681.21
5834.07
5828.58
3818.81
3830.92
3843.2
3855.56
3868.01
3880.56
3893.24
3906.07
3919.08
3932.31
3945.8
3959.6
3973.77
3988.39
4003.53
4019.3
4035.81
4053.17
4071.5
4090.92
4111.49
4133.27
4156.24
4180.35
4205.61
4232.16
4260.37
4290.83
4324.31
4361.28
4401.45
4444.27
4489.93
4544
4525.68
4581.33
4562.36
4633.17
4611.53
4692.36
4668.05
4760.64
4733.14
4839.72
4808.85
4930.16
4896.41
5032.61
4996.16
5147.34
5108.72
5275.37
5235.13
5374.98
5648.44
5485.43
5608.07
5811.06
5782.67
5957.44
5950.06
3812.58
3824.56
3836.7
3848.92
3861.22
3873.61
3886.12
3898.77
3911.58
3924.58
3937.81
3951.33
3965.17
3979.41
3994.13
4009.42
4025.38
4042.15
4059.85
4078.62
4098.55
4119.72
4142.11
4165.6
4190.05
4215.48
4242.15
4270.65
4301.88
4336.64
4374.8
4415.5
4458.12
4508.59
4490.95
4551.35
4532.46
4590.68
4570.69
4644.45
4621.52
4706.44
4680.59
4778.65
4749.38
4862.9
4830.05
4959.81
4923.92
5070.05
5031.34
5193.96
5152.89
5332.79
5289.59
5441.54
5744.27
5562.89
5698.45
5928.41
5894.26
6095.45
6085.7
3806.47
3818.31
3830.32
3842.39
3854.54
3866.78
3879.12
3891.59
3904.2
3916.98
3929.97
3943.2
3956.73
3970.6
3984.9
3999.71
4015.14
4031.3
4048.35
4066.42
4085.67
4106.21
4128.06
4151
4174.76
4199.18
4224.45
4251.06
4279.93
4311.93
4347.51
4386.16
4426.44
4474.36
4457
4514.22
4496.12
4557.98
4538.21
4599.45
4578.34
4655.57
4631.3
4721.06
4693.67
4798.09
4767.1
4888.61
4853.99
4993.22
4955.72
5112.38
5072.41
5246.45
5204.21
5396.39
5351.94
5516.16
5849.76
5650.35
5800.83
6058.79
6017.81
6251.12
6237.94
3800.54
3812.17
3824.05
3835.98
3847.99
3860.07
3872.25
3884.54
3896.95
3909.52
3922.27
3935.23
3948.45
3961.98
3975.88
3990.22
4005.11
4020.67
4037.04
4054.38
4072.89
4092.77
4114.07
4136.51
4159.67
4183.23
4207.23
4232.07
4258.49
4287.37
4319.62
4355.42
4393.85
4432.76
4478.42
4460.45
4518.97
4500.07
4564.08
4543.22
4607.94
4585.6
4667.1
4641.31
4737.05
4707.83
4820.13
4787.1
4918.55
4881.74
5032.79
4993.24
5162.92
5121.46
5308.72
5266.06
5470.6
5427.13
5604.23
5969.32
5754.33
5922.94
6204.34
6157.72
6428.91
6409.96
3806.23
3817.89
3829.69
3841.55
3853.49
3865.5
3877.62
3889.84
3902.2
3914.72
3927.43
3940.36
3953.55
3967.07
3980.96
3995.34
4010.29
4025.97
4042.56
4060.28
4079.43
4100.14
4122.12
4144.8
4167.67
4190.58
4213.83
4237.96
4263.72
4291.93
4323.6
4359.01
4396.74
4444.03
4424.28
4481.37
4462.64
4522.91
4502.98
4569.83
4547.68
4616.49
4592.72
4679.37
4651.76
4754.86
4723.32
4845.38
4809.62
4953.46
4913.57
5079.48
5036.78
5223.1
5178.83
5383.9
5339.38
5560.95
5517.5
5711.94
6111.98
5882.38
6073.65
6369.01
6324.73
6637.18
6609.05
3811.93
3823.52
3835.24
3847.03
3858.89
3870.83
3882.87
3895.03
3907.33
3919.79
3932.45
3945.33
3958.48
3971.95
3985.83
4000.2
4015.21
4031.02
4047.9
4066.24
4086.31
4107.86
4130.16
4152.49
4174.55
4196.49
4218.68
4241.52
4265.74
4292.63
4323.38
4358.2
4405.65
4385.63
4443.9
4423.99
4483.24
4463.56
4526.14
4505.03
4575.28
4551.64
4625.21
4599.77
4692.49
4662.65
4774.5
4739.97
4873.77
4834.36
4993.14
4948.89
5132.93
5085.45
5292.69
5243.53
5472.13
5423.25
5669.25
5622.4
5840.87
6291.11
6037.7
6203.58
6222.31
6565.08
6538.25
6902.25
6864.97
3817.54
3829.05
3840.69
3852.4
3864.18
3876.04
3888.01
3900.1
3912.33
3924.72
3937.31
3950.12
3963.2
3976.61
3990.44
4004.79
4019.84
4035.84
4053.28
4072.62
4093.73
4115.74
4137.68
4159.13
4180.1
4200.8
4221.36
4242.32
4264.62
4289.96
4319.91
4354.02
4404.17
4383.7
4443.05
4422.59
4484.18
4463.53
4528.71
4506.3
4580.34
4555.05
4634.05
4606.64
4706.24
4673.72
4795.48
4757.24
4904.51
4860.46
5036.47
4986.57
5191.78
5137.81
5370.02
5313.92
5572.1
5516.11
5796.02
5697.99
5726.61
5966.93
5941.93
6323.99
6466.84
6452.27
6185.34
6160.9
6047.47
6305.88
6772.99
6759.34
6592.45
6745.18
6755.43
7330.07
6935.88
7179.77
7150.83
3823.06
3834.48
3846.04
3857.66
3869.36
3881.14
3893.03
3905.03
3917.18
3929.49
3941.99
3954.72
3967.71
3981.03
3994.76
4009.05
4024.17
4040.64
4059.13
4079.75
4101.52
4123.23
4144.27
4164.6
4184.29
4203.4
4222.1
4240.73
4260.86
4285.04
4314.53
4360.65
4340.34
4402.11
4381.38
4441.5
4420.47
4484.3
4462.73
4530.61
4506.85
4584.75
4557.72
4642.67
4613.03
4720.03
4684.42
4817.01
4774.39
4936.48
4886.87
5082.04
5025.32
5254.46
5192.34
5449.18
5417.51
5386.24
5353.13
5670.41
5638.96
5491.83
5572.53
5607.48
5789.26
5917.49
5887.55
5759.9
6021.94
6436.69
6579.04
6284.49
6258.69
6135.22
6416.86
6927.27
6734.52
6909.73
6920.92
7781.78
7771.26
7441.48
7136.68
7405.68
3828.48
3839.82
3851.28
3862.81
3874.42
3886.11
3897.91
3909.83
3921.89
3934.1
3946.49
3959.1
3971.95
3985.13
3998.72
4012.95
4028.4
4045.93
4065.93
4087.49
4109.07
4129.9
4149.86
4168.96
4187.3
4204.7
4221.13
4237.63
4256.83
4280.7
4309.36
4357.78
4337.41
4399.52
4378.58
4439.41
4417.88
4483.75
4461.32
4531.74
4506.72
4588.24
4559.45
4650.61
4618.57
4733.22
4694.12
4838.11
4790.56
4968.56
4912.57
5128.35
5063.76
5320.01
5285.73
5251.05
5215.73
5459.21
5425.13
5389.67
5728.79
5695.22
5537.64
5622.55
5659.88
5857.09
5993.82
5962.18
5824.34
6106.65
6560.9
6718.65
6392.35
6229.24
6362.97
6537.42
7124.63
6893.75
7093.23
7111.27
8021.76
8020.52
7738.33
7375.7
7684.86
3833.81
3845.05
3856.42
3867.85
3879.36
3890.97
3902.67
3914.49
3926.43
3938.52
3950.77
3963.21
3975.89
3988.85
4002.27
4016.65
4033.12
4052.33
4073.61
4095.17
4115.96
4135.77
4154.6
4172.57
4189.4
4204.89
4219.64
4235.55
4254.68
4278.21
4315.35
4299.36
4354.76
4334.51
4396.62
4375.54
4436.95
4415.03
4482.64
4459.44
4532
4505.85
4590.4
4559.91
4657.32
4622.79
4745
4702.18
4857.84
4804.98
4999.61
4936.7
5180.17
5144.58
5108.89
5073.65
5353.61
5316.8
5279.37
5241.5
5501.75
5464.54
5426.13
5789.69
5752.81
5584.15
5673.06
5713.81
5927.9
6075
6039.87
5891.19
6196.4
6696.36
6872.02
6508.36
6328.96
6473.87
6667.53
7349.24
7069.42
7294.45
7323.2
8226.26
7996.17
8227.81
7634.12
7945.86
3839.04
3850.17
3861.44
3872.78
3884.19
3895.69
3907.28
3918.98
3930.79
3942.73
3954.8
3967.03
3979.46
3992.17
4005.52
4020.76
4039.05
4059.89
4081.45
4102.35
4122.18
4141
4158.85
4175.48
4190.74
4204.92
4218.98
4234.6
4254.04
4277.45
4313.66
4297.84
4351.76
4331.93
4393.54
4372.42
4434.11
4411.89
4480.93
4457.07
4531.17
4504.09
4590.87
4558.8
4662.3
4625.27
4754.83
4708.12
4875.49
4817.11
5038.54
5004.15
4969.99
4936.9
5203.49
5165.49
5127.66
5090.26
5387.09
5347.44
5307.2
5266.65
5544.66
5504.02
5462.35
5852.51
5811.59
5630.87
5723.82
5768.56
6001.46
6160.3
6120.61
5960.28
6290.79
6843.35
7039.17
6632.48
6434.17
6591.39
6807.41
7590.3
7260.46
7509.58
7550.35
8427.97
8215.4
8428.65
7888.83
8179.99
3844.16
3855.18
3866.34
3877.57
3888.88
3900.26
3911.73
3923.29
3934.94
3946.69
3958.54
3970.51
3982.62
3995.1
4008.99
4026.14
4046.36
4067.89
4088.98
4109.01
4127.97
4145.85
4162.49
4177.76
4191.9
4205.25
4218.69
4234.24
4254.32
4283.28
4271.42
4311.94
4296.65
4348.79
4329.47
4390.27
4369.19
4430.75
4408.33
4478.47
4454.07
4528.94
4501.11
4589.1
4555.64
4665.08
4625.51
4762.3
4711.5
4890.74
4826.72
5053.3
5016.9
4981.13
4946.28
5226.09
5185.68
5145.65
5106.2
5420.16
5377.5
5334.36
5291.09
5587.54
5543.27
5498.15
5916.83
5871.29
5677.51
5774.66
5823.83
6077.38
6249.14
6203.85
6031.02
6389.69
7001.79
7219.68
6764.57
6544.65
6715.19
6956.75
7835.65
7464.48
7734.93
7785.82
8631.39
8422.08
8631.72
8131.09
8400.25
3849.15
3860.07
3871.12
3882.23
3893.42
3904.67
3916
3927.4
3938.87
3950.4
3961.97
3973.6
3985.36
3998.02
4013.65
4033.1
4054.46
4075.78
4096.13
4115.35
4133.39
4150.14
4165.49
4179.78
4193.03
4205.58
4218.37
4233.84
4253.65
4282.73
4270.64
4310.3
4295.68
4345.76
4327.06
4386.7
4365.8
4426.63
4404.17
4474.94
4450.17
4524.94
4496.54
4584.46
4549.86
4665.03
4622.79
4766.88
4711.45
4917.57
4882.36
4814.69
4847.78
5067.29
5028.89
4991.2
4954.19
5247.97
5205.18
5162.9
5121.32
5452.69
5406.94
5360.89
5314.88
5630.2
5582.18
5533.52
5982.25
5931.67
5724.03
5825.58
5879.42
6154.98
6341.28
6289.4
6102.91
6492.66
7171.47
7412.63
6904.28
6659.92
6845.15
7115.4
8079.57
7679.39
7969.45
8026.61
8836.74
8628.78
8836.42
8365.82
8619.73
3854.02
3864.82
3875.76
3886.75
3897.81
3908.92
3920.09
3931.31
3942.56
3953.81
3965.05
3976.27
3987.91
4001.85
4020.12
4041.15
4062.67
4083.43
4103.02
4121.32
4138.24
4153.73
4168.2
4181.59
4194.02
4205.77
4217.83
4232.92
4257.98
4247.23
4281.77
4269.66
4308.63
4294.54
4342.57
4324.61
4382.67
4362.07
4421.52
4399.19
4470
4445.07
4518.55
4489.86
4576.2
4540.83
4661.29
4616.22
4782.65
4752.19
4706.83
4923.23
4886.22
4815.45
4850.2
5080.37
5039.97
5000.35
4961.43
5269.17
5223.92
5179.32
5135.54
5484.74
5435.87
5386.84
5338.01
5672.67
5620.86
5568.62
6048.47
5992.55
5770.57
5876.75
5935.31
6234.15
6436.36
6376.91
6175.88
6599.32
7352.3
7616.6
7051.84
6779.97
6981.37
7283.63
8323.95
7905.41
8215.01
8274.36
9046.73
8838.74
9048.28
8603.38
8848.72
3858.76
3869.44
3880.26
3891.12
3902.04
3913
3923.99
3935
3945.98
3956.91
3967.74
3978.64
3990.99
4007.51
4028
4049.61
4070.8
4090.85
4109.51
4126.63
4142.37
4157
4170.58
4183.2
4194.91
4205.96
4217.9
4232.16
4256.57
4245.96
4280.17
4268.07
4306.66
4292.92
4339.06
4321.95
4377.97
4357.86
4415.13
4393.14
4463.27
4438.46
4509.29
4480.7
4564.39
4528.46
4653.46
4605.81
4782.21
4750.82
4715.45
4685.64
4927.19
4888.39
4814.53
4850.79
5092.4
5049.87
5008.18
4967.25
5289.61
5241.78
5194.67
5148.45
5516.43
5464.31
5412.19
5360.36
5715.15
5659.49
5603.54
6115.47
6053.95
5817.43
5928.46
5991.61
6314.6
6534.26
6466.27
6249.79
6709.62
7543.88
7832.08
7207.55
6904.81
7124.33
7461.73
8576.31
8144.65
8475.64
8534.38
9291.06
9065.4
9302.9
8857.31
9107.82
3863.37
3873.93
3884.61
3895.34
3906.1
3916.9
3927.69
3938.45
3949.13
3959.67
3970.09
3981.18
3995.61
4015
4036.56
4058.15
4078.73
4097.8
4115.16
4131.23
4146.08
4159.87
4172.72
4184.69
4195.87
4206.91
4219.17
4236.43
4230.02
4254.97
4245.02
4277.93
4266.05
4304.08
4290.56
4335.08
4318.81
4372.42
4353
4407.25
4385.86
4454.46
4430.08
4497.05
4469
4549.9
4513.57
4658.09
4631.89
4592.03
4779.94
4747.09
4709.57
4679.34
4929.07
4888.43
4811.57
4849.25
5102.94
5058.08
5014.17
4971.12
5309.04
5258.35
5208.47
5159.55
5547.81
5492.23
5436.7
5381.54
5757.92
5698.21
5638.33
6183.28
6116.05
5864.91
5980.8
6048.56
6396.27
6635.05
6557.94
6324.66
6823.67
7747.25
8061.53
7371.91
7035.34
7275.08
7651.5
8848.29
8400.04
8756.97
8815
9681.14
9356.22
9704.76
9147.21
9439.87
3867.84
3878.27
3888.81
3899.4
3910
3920.61
3931.18
3941.66
3951.99
3962.12
3972.38
3984.81
4002.29
4023.5
4045.4
4066.53
4086.04
4103.69
4120.09
4135.29
4149.37
4162.45
4174.68
4186.2
4197.31
4208.88
4221.97
4237.33
4231.16
4253.73
4244.81
4275.34
4264
4300.73
4287.57
4330.45
4314.95
4365.9
4347.42
4397.84
4377.38
4443.48
4419.85
4482.5
4455.25
4548.58
4528.26
4497.3
4651.37
4625.3
4569.17
4592.72
4775.75
4741.83
4701.98
4671.56
4928.55
4886.07
4806.4
4845.35
5111.44
5064.09
5017.85
4972.63
5326.96
5273.1
5220.13
5168.29
5578.71
5519.3
5459.95
5401.03
5801.16
5737.02
5672.78
6251.96
6178.96
5912.92
6033.63
6106.2
6479.83
6739.23
6652.77
6401.13
6942.66
7964.86
8307.57
7546.92
7173.01
7435.66
7855.56
9154.56
8675.81
9065.7
9126.17
10396.4
9793.66
10363
9498.53
9880.95
3872.16
3882.46
3892.87
3903.3
3913.73
3924.13
3934.46
3944.63
3954.58
3964.38
3975.26
3990.3
4010.46
4032.48
4054.16
4074.17
4092.11
4108.76
4124.4
4138.95
4152.35
4164.79
4176.57
4187.93
4199.4
4211.72
4227.27
4221.97
4238.82
4232.86
4253.36
4245.53
4272.91
4262.52
4296.85
4284.37
4325.11
4310.4
4358.48
4341.1
4387.21
4368.02
4430.67
4408.1
4467.02
4440.54
4540.29
4520.33
4494.79
4477.56
4643.48
4617.28
4561.32
4584.03
4769.49
4734.72
4692.73
4662.37
4925.53
4881.3
4799.04
4839.11
5117.43
5067.52
5018.92
4971.56
5342.8
5285.44
5229.17
5174.26
5608.82
5545.03
5481.35
5418.23
5844.57
5775.62
5706.51
6321.89
6242.79
5960.98
6086.61
6164.42
6565.97
6847.74
6751.43
6479.47
7067.94
8198.99
8573.51
7735.95
7319.93
7609.37
8076.12
9509.73
8976.8
9409.17
9477.99
11104.9
10388
11079.3
9925.68
10419.1
3876.35
3886.51
3896.77
3907.04
3917.29
3927.48
3937.54
3947.38
3956.96
3966.87
3979.55
3997.63
4019.36
4041.52
4062.11
4080.37
4097.18
4113.19
4128.33
4142.3
4155.04
4166.97
4178.48
4189.96
4201.87
4214.59
4228.91
4223.35
4240.61
4234.63
4254.07
4247.01
4271.3
4262.1
4293.09
4281.65
4319.35
4305.63
4350.43
4334.26
4376.28
4358.57
4417.11
4395.81
4463.15
4448.81
4426.19
4532.04
4512.53
4486.88
4470.51
4634.42
4608.35
4552.83
4574.93
4761.2
4725.72
4681.95
4651.82
4920.03
4874.22
4789.64
4830.68
5120.62
5068.16
5017.21
4967.82
5356.03
5294.96
5235.25
5177.16
5637.59
5568.79
5500.26
5432.59
5887.53
5813.35
5738.93
6393.08
6307.31
6008.44
6138.76
6222.73
6655.13
6961.62
6854.83
6559.85
7201.65
8452.58
8863.24
7941.85
7478.8
7799.51
8315.68
9921.64
9308.35
9791.46
9875.29
11867.5
11048.3
11815.3
10421.6
11017.6
3880.4
3890.41
3900.53
3910.64
3920.7
3930.66
3940.44
3949.94
3959.35
3970.22
3985.59
4006.13
4028.5
4049.83
4068.47
4085.38
4101.61
4117.28
4131.99
4145.33
4157.47
4169.02
4180.46
4192.13
4204.31
4217.18
4230.42
4224.83
4242.31
4236.24
4255.49
4248.69
4270.99
4262.85
4290.28
4280.11
4313.93
4301.53
4342.39
4327.55
4366.38
4350.27
4403.95
4384.14
4455.61
4441.65
4410.92
4422.9
4523.48
4504.43
4479.22
4463.37
4624.2
4598.64
4543.82
4565.29
4751.11
4715.1
4669.94
4640.17
4912.09
4864.95
4778.43
4820.28
5120.74
5065.83
5012.61
4961.36
5366.2
5301.31
5238.1
5176.84
5664.42
5589.95
5516.09
5443.62
5929.26
5849.32
5768.97
6465.59
6372.4
6054.25
6189.15
6280.5
6748.23
7082.75
6964.19
6642.96
7346.19
8728.74
9180.77
8166.37
7652.88
8007.91
8576.93
10387.8
9674.6
10212.8
10317.5
12615.4
11733.1
12550.8
10971.2
11650.7
3884.3
3894.18
3904.15
3914.1
3923.97
3933.69
3943.18
3952.41
3962.17
3974.98
3993.16
4015.1
4037.16
4056.48
4073.44
4089.74
4105.75
4121.15
4135.34
4148.03
4159.64
4170.98
4182.45
4194.25
4206.54
4221.58
4225.98
4216.2
4231.72
4243.73
4237.61
4256.88
4250.13
4271.69
4264.03
4289.01
4279.96
4309.96
4298.97
4335.54
4322.12
4357.72
4343.22
4392.16
4373.89
4448.69
4435.14
4404.81
4416.35
4514.58
4496.23
4471.38
4456.07
4613.04
4588.19
4534.27
4555.06
4739.36
4703.04
4656.79
4627.5
4901.77
4853.63
4765.6
4808.14
5117.69
5060.5
5005.23
4952.29
5372.92
5304.14
5237.49
5173.17
5688.2
5607.64
5528.21
5450.76
5968.59
5882.13
5795.05
6539.47
6437.42
6097.19
6236.48
6336.59
6845.82
7213.25
7081.31
6729
7504.4
9030.87
9529.69
8411.23
7843.96
8234.59
8861.9
10900.9
10076.5
10672.8
10801.9
13253.7
12426.1
13222.9
11560
12303.2
3888.06
3897.81
3907.64
3917.42
3927.1
3936.59
3945.82
3955.05
3965.94
3981.22
4001.62
4023.86
4044.27
4061.52
4077.72
4093.84
4109.72
4124.76
4138.35
4150.36
4161.6
4172.84
4184.35
4196.23
4208.47
4227.13
4222.52
4217.01
4232.86
4244.87
4238.76
4257.89
4251.23
4272.31
4264.9
4288.6
4280.19
4307.48
4297.66
4330.12
4318.24
4349.89
4336.91
4389.59
4379.9
4364.59
4441.8
4428.58
4399.46
4410.37
4505.31
4487.76
4463.25
4448.57
4601.1
4577.13
4524.16
4544.19
4726
4689.59
4642.58
4613.85
4889.21
4840.32
4751.3
4794.31
5111.41
5052.19
4995.25
4940.85
5375.67
5303.06
5233.13
5166.03
5707.56
5620.74
5535.72
5453.32
6004.05
5910.09
5815.61
6614.65
6502.01
6135.87
6280.29
6390.62
6949.94
7355.42
7207.44
6819.46
7677.36
9361.47
9911.78
8677.57
8050.73
8479.58
9172.44
11453.8
10513.9
11169.6
11324.8
13936.5
13107.3
13903.3
12177.9
12966.9
3891.7
3901.33
3911.02
3920.64
3930.13
3939.4
3948.49
3958.23
3970.92
3988.64
4010.15
4031.49
4049.6
4065.74
4081.72
4097.82
4113.52
4128.07
4140.95
4152.33
4163.36
4174.6
4186.15
4198.04
4210.21
4228.12
4223.39
4217.93
4233.84
4245.77
4239.71
4258.57
4252.05
4272.51
4265.38
4287.93
4280.02
4305.22
4296.3
4325.29
4314.81
4342.29
4330.49
4384.02
4374.7
4354.58
4362.16
4434.88
4422.16
4393.8
4404.31
4495.64
4478.93
4454.81
4440.85
4588.32
4565.37
4513.51
4532.6
4711.35
4674.96
4627.51
4599.4
4874.6
4825.1
4735.64
4778.81
5101.97
5041.01
4982.75
4927.19
5373.95
5297.76
5224.86
5155.36
5721.21
5628.28
5537.88
5450.84
6034.22
5931.89
5829.69
6691.73
6565.35
6169.14
6313.66
6440.28
7060.7
7509.78
7340.97
6912.48
7862.35
9721.66
10326.2
8964.58
8271.59
8740.36
9507.78
12040.9
10986
11703.6
11884.2
14639.4
13789.9
14592.8
12818
13643.5
3895.21
3904.73
3914.29
3923.77
3933.09
3942.2
3951.43
3962.26
3977.04
3996.6
4017.97
4037.35
4053.84
4069.62
4085.64
4101.71
4117.06
4131.01
4143.08
4154.02
4164.98
4176.24
4187.82
4199.68
4211.75
4218.65
4228.96
4224.15
4234.65
4246.47
4240.48
4258.97
4252.62
4272.36
4265.54
4286.84
4279.45
4302.59
4294.53
4320.26
4311.09
4350.13
4339.8
4333.94
4324.21
4378.74
4370.05
4357.4
4427.79
4415.62
4388.09
4398.15
4485.54
4469.7
4446.17
4432.94
4574.84
4552.91
4502.4
4520.43
4695.65
4659.48
4611.67
4584.36
4858.07
4808.2
4718.62
4761.78
5089.36
5026.88
4967.58
4911.25
5367.58
5288.12
5212.52
5140.82
5728.52
5630
5534.64
5443.36
6057.21
5941.25
5831.78
6762.41
6620.04
6193.06
6367.99
6488.42
7168.37
7672.4
7479.41
7001.93
8056.57
10110.3
10772
9272.84
8501.67
9017.34
9868.34
12656.9
11494.2
12273.8
12477.8
15314.8
14477.3
15269.3
13481.3
14332.6
3898.61
3908.04
3917.49
3926.84
3936.03
3945.13
3954.9
3967.24
3983.95
4004.27
4024.4
4041.87
4057.64
4073.41
4089.53
4105.43
4120.31
4133.47
4144.79
4155.51
4166.48
4177.78
4189.36
4201.16
4215.45
4219.46
4220.08
4210.23
4229.7
4224.87
4235.34
4246.97
4241.1
4259.14
4252.98
4271.97
4265.47
4285.48
4278.64
4299.73
4292.51
4315.25
4307.23
4346.03
4335.95
4330.33
4318.65
4373.41
4365.1
4352.84
4420.54
4408.95
4382.34
4391.92
4475.2
4460.23
4437.49
4424.97
4560.84
4539.84
4491.1
4508.05
4678.89
4643.18
4595.37
4568.96
4839.36
4789.55
4700.5
4743.31
5073.04
5009.23
4949.27
4892.67
5356.5
5273.93
5195.7
5121.89
5727.32
5625.7
5527
5432.61
6079.88
5973.17
5817.71
6848.76
6635.04
6192.43
6347.36
6507.76
7290.45
7842.16
7633.39
7038.63
8252.18
10526.5
11252.4
9610.05
8745
9314.6
10253.7
13302.6
12039.3
12879.2
13105
15880.6
15164.2
15884.9
14167.5
15035.9
3901.93
3911.28
3920.64
3929.9
3939.03
3948.35
3959.05
3972.99
3991.07
4010.97
4029.44
4045.71
4061.29
4077.22
4093.34
4108.93
4123.17
4135.42
4146.17
4156.86
4167.88
4179.2
4190.78
4202.5
4220.76
4216.07
4225.51
4210.76
4230.37
4235.95
4247.36
4241.61
4259.16
4253.2
4271.4
4265.22
4284.02
4277.67
4296.94
4290.44
4310.66
4303.6
4341.94
4332.42
4327.26
4324.04
4317.02
4313.17
4368.12
4360.2
4348.43
4413.22
4402.21
4376.63
4385.76
4464.86
4450.77
4429.05
4417.19
4546.47
4526.44
4479.82
4495.74
4661.35
4626.27
4578.87
4553.44
4817.97
4768.69
4681.3
4723.18
5052.63
4987.93
4927.72
4871.13
5343.18
5258.26
5178.04
5102.74
5716.38
5616.87
5518.77
5424.13
6086.35
5953.56
5812.56
6825.7
6630.25
6187.4
6342.04
6503.26
7269.42
8026.41
7617.95
7034.09
8348.44
10976.5
11772.5
9971.68
8735.28
9316.23
10665.8
13980.8
12620.8
13522.8
13769
16343.5
15850.4
16479.3
14879.1
15766.3
3905.18
3914.48
3923.78
3933
3942.2
3952.01
3963.86
3979.18
3997.75
4016.5
4033.57
4049.29
4064.98
4081.04
4097.04
4112.15
4125.53
4136.87
4147.37
4158.11
4169.18
4180.53
4192.09
4203.82
4226.13
4221.38
4216.7
4230.98
4211.44
4236.49
4247.67
4242.05
4259.09
4253.35
4270.74
4264.89
4282.54
4276.64
4294.35
4288.44
4306.65
4300.35
4338.08
4329.05
4321.26
4314.56
4310.86
4363
4355.45
4344.25
4406.03
4395.55
4371.12
4379.82
4454.88
4441.62
4421.19
4409.89
4531.92
4512.98
4468.91
4483.79
4643.22
4608.98
4562.47
4538.03
4793.76
4745.36
4660.91
4701.28
5032.31
4965.49
4903.4
4846.79
5334.26
5248.93
5168.53
5093.34
5711.36
5612.02
5514.03
5419.49
6081.73
5948.06
5808.17
6821.02
6625.65
6182.83
6337.31
6498.86
7265.03
8011.16
7613.42
7029.48
8344.38
11481.9
12329.3
10336.5
9828.46
8730.21
9311.06
11122.4
14690.4
13241
14205.1
14466.7
16944.2
16581.8
17385.2
15626.1
16556.8
3908.39
3917.67
3926.95
3936.18
3945.63
3956.17
3969.14
3985.38
4003.59
4021.1
4037.28
4052.88
4068.75
4084.85
4100.55
4114.95
4127.31
4137.96
4148.46
4159.28
4170.4
4181.76
4193.34
4205.1
4212.02
4231.54
4226.72
4221.99
4217.32
4236.98
4247.95
4242.45
4259
4253.46
4270.09
4264.55
4281.11
4275.62
4291.98
4286.56
4303.1
4297.44
4334.45
4325.93
4318.54
4312.19
4308.8
4358.15
4350.94
4340.32
4399.21
4389.18
4365.94
4374.33
4445.67
4433.13
4414.05
4403.24
4517.54
4499.82
4458.82
4472.63
4624.39
4591.42
4546.27
4523.08
4769.45
4721.3
4639.04
4677.61
5022.96
4932.48
4877.33
4822.37
5329.7
5244.47
5164.19
5089.16
5707.1
5607.89
5509.99
5415.56
6077.47
5943.46
5804.51
6816.36
6621.51
6178.93
6333.23
6494.94
7260.39
8006.01
7608.49
7025.23
8339.45
12015.5
12936
10352
9822.08
8724.65
9305.32
11146.7
15437.2
13905.1
14926.6
15203.1
19977.9
17517.4
18937.2
16429.1
17467.2
3911.59
3920.88
3930.18
3939.53
3949.4
3960.74
3974.61
3991.22
4008.59
4025.13
4040.88
4056.56
4072.57
4088.56
4103.73
4117.19
4128.51
4138.88
4149.47
4160.37
4171.54
4182.94
4194.56
4206.39
4212.72
4213.33
4232.07
4227.29
4222.61
4217.97
4237.44
4248.2
4242.82
4258.91
4253.56
4269.49
4264.22
4279.8
4274.69
4289.74
4284.82
4306.62
4301.74
4299.19
4294.6
4331.02
4322.89
4315.85
4309.77
4353.64
4346.71
4336.57
4393
4383.35
4361.12
4369.2
4437.23
4425.4
4407.38
4397.04
4503.86
4487.41
4449.5
4462.26
4604.55
4573.48
4529.88
4508.5
4756.88
4691.3
4615.83
4652.06
5018.98
4936.09
4863.08
4809.58
5325.84
5240.71
5160.54
5085.64
5703.56
5604.44
5506.62
5412.27
6073.76
5939.63
6812.14
7255.97
8000.78
7603.9
8334.56
12554.5
11864
13584.7
10346.4
9815.45
8719.3
9299.85
11139.9
16232.5
14624.4
15692.7
15983.6
23312.7
18729
20763.3
17306.6
18511.2
3914.81
3924.14
3933.52
3943.1
3953.49
3965.56
3980.01
3996.45
4012.98
4028.9
4044.53
4060.36
4076.4
4092.07
4106.45
4118.78
4129.35
4139.75
4150.43
4161.4
4172.61
4184.06
4195.75
4207.72
4214.04
4214.69
4218.63
4232.6
4227.89
4223.24
4237.91
4248.46
4243.2
4258.85
4253.68
4268.97
4263.96
4278.63
4273.87
4287.64
4283.22
4304.45
4299.86
4297.48
4291.89
4327.62
4319.81
4313.11
4307.28
4349.24
4342.61
4332.81
4387.19
4377.9
4356.44
4364.22
4429.21
4418.13
4400.62
4390.82
4490.86
4475.78
4440.55
4452.18
4583.28
4554.65
4512.17
4493.27
4753.49
4692.93
4589.22
4637.8
5015.59
4932.32
4859.02
4805.94
5322.64
5237.61
5157.5
5082.7
7995.92
12595.7
11854.7
14225.4
13435.2
10340.1
9809.22
11132.6
17079.5
15378.8
16533.8
16805.9
26619.7
20025.7
22616.2
18254
19603.1
3918.07
3927.48
3937
3946.9
3957.81
3970.44
3985.14
4001.11
4017.01
4032.63
4048.28
4064.24
4080.14
4095.21
4108.55
4119.74
4130.07
4140.57
4151.35
4162.37
4173.63
4185.14
4196.94
4209.12
4215.45
4216.15
4219.31
4220.02
4223.9
4233.15
4228.5
4238.4
4248.77
4243.61
4258.88
4253.86
4268.58
4263.79
4277.62
4273.2
4285.73
4281.81
4302.28
4297.94
4295.79
4294.14
4290.85
4289.08
4324.16
4316.69
4310.26
4304.76
4344.81
4338.53
4328.94
4381.46
4372.59
4351.65
4359.02
4420.87
4410.68
4393.03
4383.99
4477.76
4464.38
4431.12
4441.46
4560.27
4534.42
4492.07
4476.12
4750.48
4689.5
4589.35
4634.69
5012.76
4929.03
4855.65
4802.79
12587.7
11846
14280
13422.6
10333.8
11125.6
17967.3
16131.4
15237.8
17395.7
17663.3
29424.6
21269.3
24708.6
19227
20649.1
3921.4
3930.92
3940.63
3950.89
3962.25
3975.23
3989.89
4005.37
4020.87
4036.39
4052.18
4068.13
4083.63
4097.8
4109.9
4120.39
4130.77
4141.37
4152.21
4163.28
4174.6
4186.19
4198.14
4210.55
4216.97
4217.74
4220.78
4221.56
4224.59
4225.32
4229.15
4233.74
4238.94
4249.16
4244.08
4259.03
4254.15
4268.35
4263.77
4276.85
4272.73
4284.17
4287.93
4280.68
4300.08
4296.04
4292.57
4289.58
4320.59
4313.44
4307.35
4302.24
4340.13
4334.25
4324.9
4375.27
4366.92
4346.49
4353.3
4411.26
4402.2
4383.72
4375.81
4463.33
4452.08
4420.11
4428.69
4546.39
4511.87
4478.28
4456.47
4747.89
4686.5
4586.07
4631.87
4926.24
4852.89
4800.13
12579.2
11838.3
14269.9
13411.7
18869.3
16206.6
15222.1
18250
17306.9
18534
31692.1
22519.5
26668.3
20165.5
21615.7
3924.82
3934.48
3944.41
3954.99
3966.69
3979.83
3994.3
4009.4
4024.72
4040.3
4056.18
4071.9
4086.68
4099.67
4110.65
4120.99
4131.46
4142.13
4153.02
4164.14
4175.51
4187.22
4199.34
4211.97
4218.59
4219.39
4222.4
4223.26
4226.1
4226.93
4229.84
4230.59
4234.37
4239.53
4249.65
4244.63
4259.33
4254.55
4268.36
4263.94
4276.41
4272.53
4286.95
4283.04
4286.04
4279.93
4297.9
4294.22
4291.11
4288.42
4316.9
4310.1
4304.44
4299.73
4335.04
4329.72
4320.69
4368.05
4360.52
4340.74
4346.73
4399.15
4391.59
4372.17
4365.78
4445.5
4436.99
4406.09
4412.31
4543.56
4510.69
4452.77
4475.54
4683.92
4583.16
4629.4
12571.1
14259.7
13402.6
19742.2
16193
15209
19072.2
18138.1
17288.8
19381.3
33567.7
23712.9
28466.2
21022.3
22473.9
3928.34
3938.14
3948.28
3959.12
3971.04
3984.22
3998.47
4013.37
4028.67
4044.38
4060.16
4075.33
4089.06
4100.76
4111.21
4121.59
4132.13
4142.85
4153.77
4164.93
4176.38
4188.2
4200.47
4213.31
4220.27
4221.07
4224.16
4225.07
4227.82
4228.76
4231.4
4232.27
4235.05
4235.81
4240.2
4250.25
4245.28
4259.8
4255.1
4268.61
4264.32
4276.33
4272.64
4283.19
4284.71
4281.91
4285.32
4287.38
4279.63
4295.8
4292.54
4289.77
4313.06
4306.74
4301.57
4297.31
4329.44
4324.88
4316.28
4359.36
4352.98
4334.25
4339.23
4383.75
4378.27
4358.53
4354.08
4426.79
4418.17
4388.4
4392.54
4540.87
4507.44
4422.59
4449.48
4472.9
4580.65
14250.2
20542
16180.2
15198.3
19811.8
18922.4
18114.6
17273.8
20185
35072
24803.5
29965.5
21763.6
23192
3931.94
3941.86
3952.18
3963.22
3975.26
3988.42
4002.55
4017.4
4032.82
4048.55
4063.92
4078.19
4090.64
4101.39
4111.75
4122.19
4132.76
4143.5
4154.44
4165.65
4177.18
4189.09
4201.49
4214.51
4221.91
4222.69
4226.01
4226.94
4229.74
4230.74
4233.22
4234.23
4236.64
4237.56
4240.96
4250.99
4246.03
4260.48
4255.81
4269.16
4264.94
4276.67
4273.09
4284.32
4282.99
4285.82
4281.73
4286.52
4288.58
4279.83
4293.85
4290.99
4309.16
4303.42
4298.78
4295.05
4323.46
4319.76
4311.75
4349.28
4344.29
4327.27
4331.1
4365.36
4362.31
4343.23
4341.15
4399.49
4368.08
4373.71
4538.48
4504.56
4419.26
4394.78
4446.59
4470.54
21233.2
16168.9
19871.1
18890.6
18096.5
17261.6
20878.3
36194.5
25784.1
31112.8
22356.9
23767.7
3935.59
3945.61
3956.06
3967.22
3979.34
3992.51
4006.65
4021.62
4037.16
4052.58
4067.2
4080.27
4091.49
4101.93
4112.3
4122.75
4133.33
4144.07
4155.04
4166.28
4177.86
4189.85
4202.36
4215.57
4223.52
4224.31
4227.87
4228.79
4231.78
4232.83
4235.3
4236.4
4238.57
4239.66
4241.81
4242.77
4251.87
4246.9
4261.36
4256.7
4270.01
4265.81
4277.45
4273.91
4284.08
4285.33
4282.97
4286.76
4281.78
4287.56
4289.62
4280.55
4281.93
4292.07
4305.32
4300.2
4296.17
4293.02
4317.31
4314.49
4307.29
4338.24
4334.82
4320.08
4322.68
4345.23
4344.43
4326.98
4327.42
4349.29
4368.58
4502.08
4416.36
4391.38
4444.13
21788.1
19843.2
20773
18868.4
18082.7
21439.4
36904.4
26596.8
31859.6
22784.8
24170.6
3939.26
3949.33
3959.86
3971.12
3983.33
3996.6
4010.92
4026.09
4041.43
4056.22
4069.75
4081.5
4092.1
4102.46
4112.83
4123.26
4133.82
4144.56
4155.54
4166.79
4178.4
4190.44
4203.04
4228.47
4216.31
4229.71
4230.56
4233.87
4234.92
4237.55
4238.72
4240.81
4242.02
4243.84
4245.02
4247.9
4252.91
4262.48
4257.78
4271.19
4266.96
4278.69
4275.12
4285.01
4284.02
4286.16
4283.11
4287.51
4288.45
4290.5
4281.82
4282.29
4282.75
4301.62
4297.2
4293.83
4291.22
4311.19
4309.27
4303
4326.66
4324.94
4312.91
4314.22
4326.6
4324.94
4310.94
4313.45
4343.78
4365.14
4413.91
4388.46
22174.7
19822.2
20734.2
21323.2
18852.5
21830.5
37157.3
27174.3
32166.3
23022.2
24367.9
3942.89
3952.97
3963.55
3974.92
3987.31
4000.86
4015.47
4030.58
4045.38
4059.19
4071.43
4082.27
4092.67
4102.98
4113.3
4123.69
4134.23
4144.95
4155.9
4167.15
4178.76
4190.82
4203.44
4229.6
4237.92
4238.75
4216.7
4235.96
4236.97
4239.9
4241.08
4243.29
4244.6
4246.28
4247.61
4249.03
4250.29
4254.11
4263.82
4259.05
4272.71
4268.39
4280.4
4276.73
4285.77
4284.89
4284.13
4286.8
4283.43
4288.07
4289.16
4283.65
4283.42
4284.2
4283.91
4298.15
4294.52
4291.78
4289.69
4305.3
4304.26
4298.97
4314.81
4314.96
4305.92
4305.9
4320.31
4308.15
4294.93
4299.62
4340.32
4362.21
4386.02
22360.5
19806.5
20708
21280
21707.2
22012.6
36881.9
27452.7
31967.9
23044
24332.6
3946.41
3956.46
3967.11
3978.7
3991.45
4005.41
4020.12
4034.78
4048.73
4061.31
4072.44
4082.92
4093.21
4103.44
4113.69
4124.03
4134.52
4145.19
4156.1
4167.32
4178.91
4190.95
4203.51
4230.37
4239.54
4240.22
4244.51
4245.51
4216.69
4242.27
4243.42
4245.93
4247.27
4249.01
4250.47
4251.66
4253.13
4255.46
4265.39
4260.5
4274.53
4270.08
4282.55
4278.71
4286.33
4285.59
4284.97
4284.42
4287.25
4288.43
4286
4285.19
4286.29
4284.57
4285.39
4284.9
4295.03
4292.15
4290.01
4299.7
4299.54
4295.31
4302.94
4305.01
4299.22
4297.83
4316.84
4303.48
4294.7
4281.42
4286.25
4337.4
4359.78
22316.5
20690.1
21251.4
21660.3
21885.4
21947.8
35971.2
27336.5
31167.4
22826.1
24013.4
3949.75
3959.78
3970.63
3982.64
3995.91
4010.12
4024.53
4038.45
4051.24
4062.64
4073.23
4083.52
4093.69
4103.82
4113.99
4124.26
4134.67
4145.27
4156.12
4167.28
4178.8
4190.76
4203.2
4230.73
4240.85
4241.38
4246.44
4247.29
4251.19
4252.36
4216.19
4248.62
4249.94
4251.97
4253.49
4254.68
4256.31
4256.95
4258.57
4267.16
4262.13
4276.66
4272.02
4285.12
4281.04
4286.68
4286.08
4285.62
4285.24
4287.47
4288.57
4288.84
4287.57
4288.95
4286.39
4287.55
4285.56
4286.41
4285.71
4292.29
4290.11
4294.5
4295.2
4292.08
4291.33
4295.27
4292.89
4290.09
4313.93
4300.19
4289.37
4270.68
4276.42
4272.99
4334.97
22024.8
21232.4
21629.9
21835.9
21815.8
21620
34260.1
26740.3
29628.5
22362
23386.5
3952.83
3962.96
3974.28
3986.91
4000.6
4014.67
4028.45
4041.32
4052.91
4063.62
4073.94
4084.05
4094.08
4104.1
4114.17
4124.34
4134.65
4145.16
4155.92
4166.98
4178.4
4190.21
4202.46
4245.44
4230.5
4248.03
4248.61
4253.46
4254.48
4257.94
4259.3
4215.12
4255.02
4256.51
4257.99
4259.72
4260.29
4262.11
4263.91
4269.12
4279.07
4274.19
4288.08
4283.71
4286.8
4286.36
4286.07
4285.87
4287.46
4288.44
4292.12
4290.5
4292.16
4288.88
4290.35
4287.45
4288.67
4286.38
4287.26
4286.33
4289.92
4289.78
4291.34
4289.29
4280.16
4285.85
4287.02
4282.75
4311.52
4297.37
4285.9
4265.52
4273.09
4262.35
21495.8
21610
21804.1
21764.7
21484.2
21042.8
31478.7
25521.9
27142.3
21643.4
22360.6
3955.61
3966.19
3978.26
3991.5
4005.22
4018.78
4031.61
4043.32
4054.12
4064.46
4074.55
4084.48
4094.36
4104.25
4114.19
4124.24
4134.44
4144.84
4155.48
4166.41
4177.65
4189.26
4201.21
4245.46
4256.71
4257.09
4229.64
4255.38
4256.11
4260.59
4261.8
4264.78
4266.35
4213.42
4261.45
4263.14
4263.99
4265.94
4265.82
4267.85
4271.25
4281.7
4276.55
4291.37
4286.65
4286.66
4286.4
4286.3
4286.3
4287.15
4287.97
4295.82
4293.97
4295.89
4291.97
4293.74
4290.06
4291.6
4288.34
4289.61
4287.02
4287.93
4286.75
4285.57
4287.96
4286.95
4269.49
4276.84
4281.67
4275.96
4294.99
4283
4256.32
4262.07
4270.26
4253.91
20735.4
21783.6
21732.3
21433.6
20909.5
20236.2
27168.5
23566.4
23427
20655.7
20872.4
3958.2
3969.76
3982.66
3996.12
4009.47
4022.19
4033.92
4044.78
4055.13
4065.18
4075.04
4084.79
4094.51
4104.25
4114.05
4123.96
4134.02
4144.28
4154.77
4165.51
4176.54
4187.86
4199.41
4244.87
4257.32
4257.36
4264.48
4265.01
4228.08
4262.87
4263.76
4267.86
4269.27
4271.69
4273.51
4211.09
4267.9
4269.82
4269.96
4272.15
4273.51
4284.53
4279.08
4294.95
4289.83
4286.2
4286.18
4286.29
4286.5
4286.43
4299.95
4299.86
4295.64
4297.66
4293.31
4295.18
4291.07
4292.7
4289.05
4290.38
4287.45
4288.39
4286.95
4281.87
4285.07
4285.06
4258.67
4268.43
4276.87
4269.8
4280.61
4252.96
4248.61
4259.19
4267.9
19763.6
21711.7
21401.5
20861.1
20115.8
19239.9
20372.8
20753.5
18139.2
19378.9
18869.6
3961.12
3973.9
3987.27
4000.49
4013.09
4024.77
4035.63
4045.97
4055.98
4065.76
4075.39
4084.95
4094.5
4104.06
4113.71
4123.47
4133.37
4143.46
4153.75
4164.27
4175.03
4185.98
4197.03
4260.93
4243.47
4265.33
4265.4
4272.47
4273.15
4225.81
4270.51
4271.58
4275.26
4276.89
4278.69
4280.77
4208.12
4274.37
4276.55
4275.88
4278.35
4287.54
4281.75
4298.78
4293.23
4285.29
4285.61
4286.01
4286.46
4301.6
4304.51
4303.97
4304.17
4297.19
4299.33
4294.5
4296.48
4291.92
4293.64
4289.56
4290.96
4287.67
4288.64
4286.91
4278.72
4282.67
4283.63
4250.8
4260.87
4272.66
4264.32
4250.14
4245.18
4242.75
4256.82
18580.4
21381.1
20830.3
20071.9
18820
18719.1
18055.6
10982.1
17201.5
12396
17823.5
16498.6
3964.9
3978.48
3991.77
4004.3
4015.91
4026.73
4037.02
4046.97
4056.66
4066.18
4075.59
4084.95
4094.3
4103.69
4113.16
4122.75
4132.47
4142.35
4152.41
4162.65
4173.07
4183.56
4194.08
4259.72
4273.81
4273.58
4241.27
4273.6
4273.8
4280.66
4281.5
4222.82
4278.34
4279.59
4282.79
4284.67
4285.77
4288.17
4204.51
4280.85
4283.33
4284.53
4290.68
4302.77
4296.76
4284.54
4285.36
4286.14
4303.29
4309.38
4309.11
4306.5
4305.82
4308.68
4298.61
4300.88
4295.54
4297.64
4292.58
4294.39
4289.86
4291.33
4287.64
4288.64
4286.58
4276.14
4280.79
4282.64
4245.32
4254.16
4269.09
4259.56
4247.78
4242.32
4239.37
4239.5
17226.4
20810.6
20043.7
18789.9
17429.2
17632
16785
10098.1
13544.5
10192.8
16082.8
14095.5
3969.54
3983.2
3995.82
4007.36
4018.1
4028.32
4038.18
4047.77
4057.17
4066.43
4075.61
4084.75
4093.91
4103.11
4112.39
4121.78
4131.28
4140.93
4150.71
4160.64
4170.64
4180.63
4190.55
4276.94
4257.6
4282.49
4282.25
4238.26
4282.09
4282.42
4289.08
4290.1
4219.12
4286.34
4287.82
4290.47
4292.61
4292.95
4295.7
4200.3
4287.35
4290.16
4293.85
4306.83
4300.35
4284.18
4285.45
4304.86
4311.82
4314.51
4314.58
4311.3
4308.51
4307.56
4313.3
4299.89
4302.3
4296.41
4298.63
4293.04
4294.96
4289.93
4291.48
4287.32
4288.38
4285.87
4274.16
4279.41
4282.1
4240.68
4247.48
4266.29
4255.82
4239.97
4236.54
4236.12
4236.12
15779.3
20025.4
18768.4
17396.3
16293
16425.7
15471
9570.63
10973.4
9514.51
14314.5
12048.5
3974.68
3987.61
3999.15
4009.79
4019.9
4029.64
4039.11
4048.37
4057.48
4066.48
4075.43
4084.36
4093.31
4102.31
4111.38
4120.54
4129.8
4139.18
4148.66
4158.2
4167.73
4177.18
4186.47
4274.92
4291.01
4290.37
4254.56
4291.48
4291.37
4234.46
4290.84
4291.3
4297.76
4298.96
4214.75
4294.55
4296.27
4298.33
4300.76
4300.24
4303.37
4195.49
4297.05
4310.96
4303.98
4284.2
4306.31
4314.17
4319.75
4320.23
4317.08
4313.4
4310.42
4309.19
4318
4301.03
4303.59
4297.1
4299.45
4293.28
4295.32
4289.73
4291.38
4286.64
4287.75
4284.6
4272.86
4278.57
4282.01
4243.4
4264.37
4253.29
4234.2
4233.29
4232.69
4234.05
14326.5
18753.1
17374
16273.6
15112.6
15192.9
14179.2
9108.43
9657.01
9050.33
12684.4
10423.5
3979.73
3991.32
4001.84
4011.79
4021.38
4030.71
4039.81
4048.76
4057.59
4066.33
4075.05
4083.75
4092.49
4101.26
4110.11
4119.02
4128.01
4137.09
4146.21
4155.32
4164.34
4173.22
4181.86
4293.37
4271.84
4300.43
4299.77
4250.62
4300.76
4300.75
4229.91
4299.86
4300.47
4306.7
4308.1
4209.74
4302.99
4304.98
4306.35
4309.12
4307.62
4311.18
4190.14
4315.1
4307.62
4316.45
4326.19
4325.09
4322.77
4326.04
4319.56
4315.4
4312.23
4310.7
4322.7
4302.01
4304.73
4297.58
4300.09
4293.29
4295.45
4289.19
4290.95
4285.39
4286.57
4282.36
4272.26
4278.28
4241.43
4263.4
4252.02
4230.96
4229.84
4230.65
4233.28
12949.6
17358.6
16258.2
15102.4
13604.9
13969.2
12957.2
8724.13
8996.05
8683.86
11205.9
9273.81
3983.99
3994.3
4004.04
4013.44
4022.58
4031.51
4040.28
4048.92
4057.47
4065.97
4074.45
4082.92
4091.43
4099.97
4108.56
4117.21
4125.9
4134.64
4143.36
4151.99
4160.49
4168.77
4176.73
4290.21
4308.8
4307.55
4267.73
4310.26
4309.68
4245.84
4310.38
4310.48
4224.65
4309.19
4309.95
4315.93
4317.56
4204.12
4311.67
4313.96
4314.56
4317.71
4319.14
4184.26
4308.78
4318.65
4332.28
4329.38
4332.71
4330.42
4325.4
4328.9
4321.97
4317.3
4313.93
4312.06
4327.28
4302.8
4305.7
4297.86
4300.52
4293
4295.32
4288.12
4290.02
4283.17
4284.43
4278.54
4272.37
4240.57
4263.33
4251.86
4227.51
4227.82
4229.86
4233.19
11675.8
16246.1
15092
13600.2
13471.6
12348
12784.5
11826
8401.9
8604.29
8374.98
9899.64
8623.72
3987.28
3996.7
4005.84
4014.76
4023.49
4032.07
4040.51
4048.86
4057.14
4065.39
4073.62
4081.86
4090.12
4098.41
4106.73
4115.09
4123.46
4131.82
4140.1
4148.25
4156.19
4163.85
4171.14
4309.83
4285.88
4318.97
4317.62
4262.65
4320.45
4319.91
4240.26
4320.37
4320.6
4218.7
4318.85
4319.79
4325.49
4327.38
4197.9
4320.63
4323.23
4322.97
4326.57
4177.87
4309.78
4320.76
4339.55
4338.31
4332.44
4335.96
4335.61
4327.99
4331.73
4324.32
4319.09
4315.51
4313.28
4331.63
4303.41
4306.49
4297.89
4300.73
4292.25
4294.78
4286.12
4288.22
4279.35
4280.7
4273.15
4240.69
4264.07
4252.61
4225.5
4227.03
4229.77
4233.72
10472.9
15082.4
13592.6
12344.5
12487.8
11201.1
11748.1
10778.7
8122.53
8309.81
8103.17
8907.08
8254.56
3989.83
3998.64
4007.28
4015.77
4024.13
4032.36
4040.5
4048.57
4056.59
4064.58
4072.56
4080.55
4088.56
4096.58
4104.61
4112.65
4120.68
4128.62
4136.44
4144.08
4151.46
4158.49
4165.08
4305.16
4326.61
4324.56
4280.44
4329.58
4328.26
4256.68
4331.04
4330.52
4233.92
4330.78
4331.13
4212.08
4328.89
4330.03
4335.41
4337.59
4191.12
4329.88
4332.84
4335.72
4171
4310.6
4322.78
4346.37
4346.96
4343.14
4344.2
4335.49
4339.28
4340.57
4330.53
4334.51
4326.6
4320.76
4316.95
4314.33
4303.81
4307.09
4297.58
4300.64
4290.7
4293.51
4282.55
4284.89
4274.57
4241.62
4265.54
4254.12
4224.71
4226.94
4230.3
4234.84
9400.54
13584.2
12338.3
11200.9
11538.2
11113.6
10269.2
10814.6
9785.09
7875.55
8053.73
7860.76
8305.78
7986.17
3991.86
4000.16
4008.38
4016.48
4024.49
4032.4
4040.25
4048.04
4055.79
4063.53
4071.26
4078.99
4086.73
4094.47
4102.19
4109.9
4117.54
4125.05
4132.4
4139.51
4146.31
4152.72
4158.58
4325.7
4299.24
4337.49
4335.22
4273.96
4340.62
4339.27
4249.85
4342.05
4341.55
4226.84
4341.64
4342.09
4204.87
4339.36
4340.72
4345.75
4348.26
4183.85
4339.47
4342.82
4345.2
4163.73
4311.23
4324.71
4350.75
4353.08
4354.5
4350.77
4346.7
4349.82
4338.52
4342.59
4333
4337.24
4328.8
4322.32
4318.25
4315.21
4303.95
4307.48
4296.63
4300.03
4287.69
4290.9
4276.58
4279.16
4243.25
4267.65
4256.28
4224.62
4227.48
4231.43
4236.56
8561.83
12331.3
11196.5
10267.9
10661.6
10399.5
9422.95
9945.84
8906.57
7654.89
7821.3
7643.34
7945.79
7761.56
3993.43
4001.32
4009.15
4016.9
4024.58
4032.19
4039.75
4047.27
4054.77
4062.24
4069.71
4077.18
4084.63
4092.06
4099.47
4106.81
4114.05
4121.12
4127.98
4134.55
4140.77
4146.54
4151.68
4319.16
4343.7
4340.57
4292.18
4348.8
4346.44
4266.56
4352.13
4350.71
4242.24
4353.53
4353.07
4219.14
4352.97
4353.51
4197.14
4350.32
4351.9
4356.58
4359.46
4176.16
4349.44
4353.23
4355.06
4156.11
4311.61
4326.53
4354.8
4359.44
4362.33
4358.79
4354.63
4350.28
4341.53
4345.9
4335.38
4339.92
4330.9
4323.73
4319.39
4315.88
4303.68
4307.54
4294.49
4298.39
4282.3
4285.99
4270.39
4245.46
4259.06
4225.17
4228.62
4233.15
4238.8
8005.43
11190.4
10263.5
9422.97
9889.62
9707.5
9367.3
8750.68
9134.66
8212.35
7455.65
7610.79
7446.23
7695.57
7559.91
3994.63
4002.14
4009.62
4017.04
4024.41
4031.73
4039.01
4046.27
4053.5
4060.71
4067.91
4075.1
4082.25
4089.37
4096.44
4103.4
4110.22
4116.84
4123.2
4129.23
4134.87
4139.99
4144.45
4340.33
4311.39
4355.07
4351.68
4284.11
4360.53
4358.02
4258.34
4364.11
4362.58
4233.97
4365.55
4365.1
4210.9
4364.8
4365.44
4188.98
4361.81
4363.59
4367.98
4371.23
4168.1
4359.86
4364.17
4365.38
4148.18
4311.5
4328.25
4358.95
4369.49
4367.48
4371.56
4363.25
4358.52
4353.87
4344.53
4349.2
4337.7
4342.55
4332.92
4325
4320.35
4316.2
4302.56
4306.94
4290.19
4294.82
4273.76
4277.84
4248.23
4262.5
4226.3
4230.34
4235.4
4241.51
7661.75
10258.1
9419.49
8749.78
9188.45
9076.78
8863.21
8144.47
8429.56
7714.36
7274.19
7418.57
7266.45
7494.54
7374.98
3995.47
4002.65
4009.79
4016.91
4023.98
4031.02
4038.03
4045.02
4051.98
4058.93
4065.85
4072.75
4079.6
4086.39
4093.1
4099.67
4106.06
4112.21
4118.07
4123.57
4128.63
4133.11
4136.92
4331.72
4359.4
4355.11
4302.54
4366.91
4363.33
4275.17
4372.73
4370.05
4249.42
4376.57
4374.91
4225.15
4378.12
4377.65
4202.2
4377.2
4377.96
4180.44
4373.86
4375.84
4380.01
4383.62
4159.73
4370.83
4375.72
4376.25
4139.99
4310.32
4329.85
4363.17
4375.56
4379.41
4372.24
4376.61
4367.76
4362.48
4357.49
4347.51
4352.51
4339.95
4345.16
4334.85
4326.07
4321.05
4315.74
4299.8
4304.99
4282.64
4288.16
4266.72
4251.56
4228.03
4232.59
4238.11
4244.68
7430.66
9414.62
8746.29
8143.65
8541.31
8516.73
8380.43
8113.95
7541.1
7860.24
7397.62
7108.77
7242.7
7102.35
7317.26
7205.14
3995.99
4002.85
4009.69
4016.51
4023.3
4030.07
4036.81
4043.52
4050.22
4056.89
4063.53
4070.13
4076.67
4083.12
4089.46
4095.63
4101.58
4107.27
4112.63
4117.6
4122.07
4125.94
4129.13
4353.29
4321.93
4371.12
4366.47
4292.77
4379.18
4375.36
4265.5
4385.42
4382.55
4239.91
4389.56
4387.77
4215.84
4391.28
4390.74
4193.11
4390.26
4391.12
4171.57
4386.52
4388.73
4392.7
4396.69
4151.1
4382.42
4387.94
4387.77
4131.59
4307.18
4331.29
4367.45
4380.85
4384.9
4377.13
4381.79
4372.35
4366.49
4361.14
4350.46
4355.8
4342.12
4347.72
4336.65
4326.79
4321.21
4313.71
4294.23
4300.65
4271.87
4278.06
4255.52
4230.28
4235.3
4241.27
4248.21
7250.19
8741.88
8140.42
7539.98
7978.22
8006.29
7924.93
7749.47
7524.53
7181.17
7431.69
7187.43
6957.67
7081.92
6952.34
7154.77
7049.18
3996.21
4002.77
4009.32
4015.86
4022.37
4028.86
4035.33
4041.78
4048.21
4054.6
4060.95
4067.24
4073.46
4079.56
4085.52
4091.28
4096.8
4102.02
4106.89
4111.33
4115.23
4118.51
4121.13
4376.14
4342.37
4311.19
4383.29
4378.31
4282.23
4391.93
4387.83
4255.22
4398.65
4395.55
4229.92
4403.14
4401.19
4206.14
4405.07
4404.45
4183.7
4404.05
4404.95
4162.45
4399.9
4402.36
4406.15
4410.56
4142.25
4394.71
4400.86
4398.92
4394.92
4123.01
4300.98
4332.49
4371.82
4386.32
4390.69
4382.15
4387.14
4377.03
4370.57
4364.84
4353.4
4359.11
4344.2
4350.21
4338.31
4326.7
4320.21
4309.08
4285.19
4292.97
4260.2
4265.7
4233
4238.47
4244.81
4252.09
7093.39
8136.29
7536.92
7178.77
7519.32
7563.99
7534.67
7427.17
7267.74
6848.17
7150.64
7025.67
6818.71
6934.55
6814.23
7004.88
6905.57
3996.15
4002.42
4008.69
4014.95
4021.19
4027.41
4033.62
4039.8
4045.95
4052.06
4058.11
4064.09
4069.98
4075.72
4081.29
4086.64
4091.73
4096.49
4100.88
4104.78
4108.13
4110.88
4112.95
4363.91
4390.65
4397.56
4391.23
4330.47
4299.65
4395.94
4271.07
4405.21
4400.81
4244.44
4412.46
4409.11
4219.54
4417.37
4415.23
4196.14
4419.55
4418.83
4174.05
4418.6
4419.5
4153.13
4414.12
4416.81
4420.52
4425.39
4133.25
4407.79
4414.65
4405.24
4401.07
4114.32
4291.77
4333.15
4376.26
4391.97
4396.62
4387.31
4392.66
4381.84
4374.73
4368.61
4356.31
4362.44
4346.09
4352.62
4339.63
4325.03
4317.14
4301.25
4273.18
4282.76
4256.3
4236.17
4242
4248.69
6950.01
7533.2
7175.23
6845.77
7162.41
7199.19
7193.84
7131.74
7018.6
6844.45
6503.16
6962.36
6886.45
6690.24
6798.62
6686.37
6866.19
6772.92
3995.8
4001.8
4007.8
4013.78
4019.76
4025.72
4031.66
4037.57
4043.44
4049.26
4055.01
4060.68
4066.22
4071.6
4076.79
4081.73
4086.38
4090.7
4094.6
4097.99
4100.83
4103.06
4104.63
4386.52
4350.63
4403.48
4410.15
4403.27
4317.77
4287.48
4409.11
4259.41
4419.05
4414.32
4233.29
4426.92
4423.27
4208.86
4432.31
4429.94
4185.88
4434.81
4433.95
4164.19
4433.97
4434.84
4143.65
4429.26
4432.13
4435.97
4441.28
4124.13
4416.29
4420.31
4429.5
4411.99
4407.5
4105.52
4281.27
4332.66
4380.82
4397.82
4402.77
4392.65
4398.35
4386.79
4378.96
4372.41
4359.19
4365.79
4347.51
4354.78
4340.17
4320.79
4311.04
4290.69
4267.11
4273.99
4252.91
4262.32
4239.71
4245.89
6817.04
7171.41
6842.46
6499.96
6919.04
6909.92
6906.11
6866.62
6784.57
6661.09
6508.44
6286.81
6818.22
6759.45
6571.15
6672.64
6567.74
6737.64
6649.8
3995.19
4000.92
4006.65
4012.38
4018.09
4023.79
4029.46
4035.1
4040.69
4046.22
4051.66
4057
4062.2
4067.22
4072.02
4076.56
4080.79
4084.66
4088.08
4090.99
4093.34
4095.09
4096.22
4410.02
4371.57
4336.56
4416.63
4423.06
4415.66
4304.44
4274.83
4422.72
4247.39
4433.48
4428.35
4221.85
4442.06
4438.07
4197.93
4448.06
4445.41
4175.43
4450.94
4449.92
4154.19
4450.24
4451.07
4134.06
4445.41
4448.38
4452.65
4458.34
4114.92
4423.45
4427.59
4443.41
4439.57
4418.95
4414.18
4096.66
4273
4330.16
4385.47
4403.87
4409.15
4398.16
4404.26
4391.89
4383.28
4376.24
4361.97
4369.14
4347.89
4356.31
4339.2
4313.69
4302.55
4285.65
4268.18
4250.11
4258.87
4243.59
6693.55
6839.02
6496.39
6284.35
6753.72
6703.71
6674.69
6641.17
6580.16
6488.44
6372.48
6237.82
6109.34
6694.84
6641.66
6460.65
6555.59
6457.76
6618.29
6535.39
3994.32
3999.79
4005.26
4010.72
4016.18
4021.61
4027.01
4032.38
4037.69
4042.92
4048.06
4053.08
4057.93
4062.59
4067.01
4071.15
4074.97
4078.39
4081.35
4083.81
4085.71
4087.03
4087.74
4434.41
4393.22
4428.41
4355.91
4321.9
4430.1
4436.33
4290.66
4261.84
4436.72
4235.12
4448.5
4442.87
4210.19
4457.95
4453.54
4186.83
4464.65
4461.67
4164.85
4468.05
4466.8
4144.08
4467.58
4468.34
4124.39
4462.66
4465.72
4464.37
4467.82
4451.68
4476.73
4105.65
4430.95
4435.39
4447.77
4426.2
4421.14
4087.77
4269.6
4280.26
4324.81
4390.27
4410.16
4415.79
4403.88
4410.4
4397.16
4387.7
4380.09
4364.43
4372.37
4346.42
4356.54
4335.79
4304.68
4294.26
4264.8
4247.82
4256.04
6578.88
6492.91
6281.21
6105.38
6626.84
6561.29
6505.03
6458.37
6406.25
6333.95
6243.38
6118.46
6137.87
5909.74
6582.89
6532.34
6358.09
6447.04
6355.79
6507.45
6429.25
3993.2
3998.41
4003.62
4008.83
4014.02
4019.2
4024.33
4029.43
4034.45
4039.39
4044.22
4048.9
4053.41
4057.71
4061.76
4065.51
4068.92
4071.91
4074.44
4076.47
4077.95
4078.89
4079.2
4415.54
4441.43
4454.83
4458.56
4448.43
4375.78
4339.74
4306.83
4443.91
4449.95
4276.57
4248.62
4451.1
4222.65
4464.03
4457.82
4198.38
4474.56
4469.63
4175.63
4482.14
4478.75
4154.2
4486.21
4484.64
4133.93
4486.12
4486.72
4114.69
4481.19
4484.3
4473.61
4460.54
4477
4496.42
4096.36
4438.78
4443.45
4456.4
4433.77
4428.41
4078.86
4266.79
4276.79
4287.69
4317.37
4395.23
4416.7
4422.72
4409.82
4416.81
4402.63
4392.15
4383.8
4366.08
4375.16
4342.18
4354.53
4329.7
4301
4262.01
4253.74
6472.36
6278.02
6101.71
5905.82
6518.45
6451.26
6384.8
6322.57
6264.55
6201.67
6126.65
6028.4
6040.7
5919.68
5735.73
6479.18
6430.43
6262.92
6346.5
6261.17
6404.53
6330.75
3991.82
3996.78
4001.74
4006.7
4011.63
4016.55
4021.42
4026.24
4030.97
4035.62
4040.14
4044.5
4048.67
4052.62
4056.29
4059.67
4062.68
4065.26
4067.38
4069.01
4070.12
4070.68
4070.64
4438.45
4396.14
4463.94
4468.49
4471.72
4460.86
4357.95
4323.26
4291.5
4458.13
4262.29
4235.25
4465.9
4210.06
4480.05
4473.24
4186.5
4491.84
4486.29
4164.37
4500.56
4496.63
4143.5
4505.49
4503.54
4123.75
4505.96
4506.32
4104.98
4501.16
4504.27
4469.73
4483.27
4486.79
4496.89
4511.08
4514.03
4087.09
4446.97
4451.88
4465.43
4441.68
4436.01
4069.97
4264.5
4273.96
4284.29
4295.8
4310.23
4400.33
4423.55
4429.96
4416.03
4423.55
4408.3
4396.49
4387.1
4366.24
4377.08
4335.86
4349.86
4321.8
4259.72
6373.1
6098.43
5902.18
5731.62
6420.05
6356.31
6289.95
6223.28
6157.73
6093.17
6026.25
5947.58
5952.73
5848.53
5749.17
5618.15
6382.18
6335.12
6174.5
6252.99
6173.08
6308.57
6238.81
3990.21
3994.92
3999.63
4004.33
4009.01
4013.67
4018.27
4022.81
4027.27
4031.62
4035.83
4039.87
4043.71
4047.31
4050.63
4053.63
4056.25
4058.45
4060.19
4061.46
4062.23
4062.45
4062.08
4461.71
4416.78
4376.44
4472.74
4478.25
4482.4
4485.13
4473.48
4339.91
4306.61
4276.07
4247.92
4221.8
4481.16
4197.43
4496.64
4489.15
4174.59
4509.77
4503.54
4153.1
4519.85
4515.24
4132.82
4525.97
4523.46
4113.59
4527.21
4527.25
4095.3
4522.83
4525.75
4479.31
4493.35
4507.73
4522.33
4525.08
4077.84
4455.56
4460.71
4474.87
4449.99
4444
4061.12
4271.65
4281.49
4292.3
4304.21
4405.52
4430.75
4437.59
4422.54
4430.63
4414.18
4400.52
4389.6
4364.08
4377.48
4329.39
4343.02
4318.94
6280.13
5899
5728.01
5614.34
6328.33
6269.6
6206.98
6142.12
6075.93
6009.66
5943.86
5873.05
5875.97
5787.78
5696.21
5607.22
5512.78
6291.2
6245.68
6050.92
6165.5
6218.68
6152.62
3988.35
3992.81
3997.28
4001.73
4006.16
4010.56
4014.9
4019.17
4023.34
4027.4
4031.31
4035.03
4038.54
4041.8
4044.78
4047.42
4049.67
4051.51
4052.9
4053.84
4054.29
4054.2
4053.55
4484.95
4437.47
4486.28
4394.99
4356.66
4487.74
4492.9
4496.61
4498.69
4321.81
4289.93
4260.63
4233.54
4208.35
4496.87
4184.81
4513.81
4505.59
4162.7
4528.43
4521.45
4141.88
4539.98
4534.64
4122.18
4547.56
4544.34
4103.49
4549.92
4549.48
4085.68
4546.08
4548.82
4489.31
4504.01
4519.04
4534.05
4536.79
4068.66
4464.59
4469.97
4484.76
4458.74
4452.42
4052.34
4279.19
4289.45
4300.79
4313.56
4410.69
4438.34
4445.62
4429.38
4438.09
4420.24
4403.81
4390.65
4360.08
4375.87
4323.25
4340.65
6192.84
5724.88
5610.92
5508.42
6242.19
6188.54
6130.71
6069.56
6006.62
5942.86
5877.97
5805.8
5812.54
5731.18
5653.47
5573.69
5526.59
5414.98
6205.78
6161.67
5903.37
6007.12
6083.15
6134.3
6071.69
3986.26
3990.48
3994.7
3998.91
4003.09
4007.23
4011.31
4015.31
4019.2
4022.97
4026.58
4029.99
4033.18
4036.12
4038.76
4041.05
4042.96
4044.46
4045.54
4046.18
4046.32
4045.96
4045.06
4507.94
4457.97
4498.99
4511.81
4413.39
4373.29
4336.94
4503.15
4507.92
4511.01
4512.26
4303.76
4273.33
4245.26
4219.23
4194.97
4513.06
4172.25
4531.59
4522.57
4150.89
4547.85
4540.05
4130.73
4561.07
4554.9
4111.63
4570.26
4566.24
4093.47
4574.11
4572.96
4076.14
4564.09
4565.89
4548.95
4573.67
4499.84
4515.26
4530.81
4546.27
4059.56
4474.1
4479.7
4495.16
4467.98
4461.33
4043.63
4287.14
4297.98
4310.02
4415.59
4446.37
4454.12
4436.47
4446
4426.36
4405.81
4390.08
4355.66
4373.26
4334.11
4319.8
6110.9
5607.93
5504.79
5410.87
6161.16
6112.22
6059.13
6002.59
5943.88
5883.83
5822.61
5746.73
5760.31
5679.37
5609.97
5491.99
5539.16
5414.87
5350.27
6125.5
6082.67
5773.1
5894.37
5995.94
6055.09
3983.93
3987.92
3991.9
3995.86
3999.8
4003.69
4007.5
4011.24
4014.86
4018.34
4021.65
4024.77
4027.65
4030.27
4032.58
4034.54
4036.13
4037.33
4038.13
4038.48
4038.36
4037.75
4036.64
4530.37
4478.03
4524.48
4537.23
4431.46
4525.89
4389.66
4351.84
4317.41
4519
4523.19
4525.46
4285.89
4256.89
4230.03
4205.05
4181.71
4529.77
4159.82
4550.04
4540.14
4139.19
4568.1
4559.38
4119.69
4583.19
4576.08
4101.18
4594.24
4589.3
4083.55
4599.86
4597.84
4066.71
4577.18
4561.84
4578.67
4600.12
4510.96
4527.05
4543.07
4559.17
4050.56
4484.14
4489.94
4506.13
4477.76
4470.79
4035.03
4295.67
4307.15
4419.88
4454.93
4463.18
4443.74
4454.34
4432.35
4406.48
4388.93
4355.49
4370.72
4349.62
4330.56
4316.96
6033.88
5501.77
5407.4
5346.5
6084.9
6040.24
5991.61
5939.79
5885.74
5829.68
5772.19
5697.45
5714.11
5634.76
5570.17
5468.55
5505.98
5345.96
5399.08
5271.87
6049.86
6008.25
5766.28
5657.32
5845.29
5910.27
5980.62
3981.38
3985.13
3988.88
3992.6
3996.29
3999.93
4003.49
4006.97
4010.32
4013.52
4016.55
4019.36
4021.95
4024.27
4026.27
4027.93
4029.22
4030.14
4030.68
4030.77
4030.41
4029.58
4028.29
4551.71
4497.35
4549.72
4562.2
4448.96
4539.5
4553.11
4405.58
4539.99
4366.39
4330.76
4298.2
4535.18
4538.57
4268.3
4240.66
4214.99
4191.04
4168.61
4546.89
4147.53
4569.13
4558.24
4127.63
4589.24
4579.49
4108.78
4606.46
4598.27
4090.86
4619.66
4613.65
4073.76
4627.47
4624.33
4057.39
4575.16
4590.82
4592.17
4606.27
4621.43
4621.5
4522.71
4539.32
4555.95
4572.62
4041.68
4494.77
4500.76
4517.78
4488.16
4480.87
4026.54
4304.82
4423.03
4464.02
4472.85
4451.06
4462.97
4437.91
4406.71
4387.88
4372.1
4346.05
4366.44
4327.67
4314.65
5961.41
5404.46
5343.21
5267.39
6012.84
5971.97
5927.56
5880.22
5830.6
5778.84
5725.34
5655.77
5670.97
5596.28
5535.34
5442.13
5476.12
5283.86
5331.63
5379.2
5195.82
5978.35
5938.14
5744.99
5652.21
5553.67
5829.07
5893.21
3978.61
3982.13
3985.64
3989.13
3992.58
3995.97
3999.29
4002.5
4005.59
4008.52
4011.27
4013.81
4016.11
4018.13
4019.84
4021.21
4022.24
4022.92
4023.2
4023.06
4022.49
4021.49
4020.04
4571.21
4515.49
4574.23
4586.04
4465.61
4566.64
4580.05
4420.83
4554.56
4569.16
4380.41
4554.05
4343.69
4310.15
4279.4
4551.52
4251.02
4224.7
4200.18
4177.25
4155.72
4564.25
4135.43
4588.72
4576.68
4116.24
4611.22
4600.26
4098.03
4630.92
4621.48
4080.69
4646.6
4639.36
4064.12
4635.89
4656.73
4652.46
4048.22
4588.97
4605.13
4620.94
4636.19
4535
4552.19
4569.49
4586.58
4032.93
4506.06
4512.25
4530.06
4499.22
4491.62
4018.17
4425.13
4473.67
4483.16
4458.16
4471.8
4442.6
4407.12
4390.56
4343.15
4362.84
4385.04
4325.34
5340.41
5263.82
5191.71
5944.49
5907.1
5866.61
5823.38
5777.82
5730.21
5680.84
5616.4
5630.26
5560.7
5504.64
5416.85
5449.21
5264.09
5317.52
5358.77
5201.58
5145.15
5910.78
5872.14
5712.42
5634.96
5549.83
5460.19
5809.98
3975.62
3978.91
3982.2
3985.46
3988.67
3991.82
3994.9
3997.86
4000.68
4003.35
4005.83
4008.1
4010.13
4011.87
4013.31
4014.42
4015.22
4015.66
4015.72
4015.38
4014.62
4013.47
4011.9
4588.19
4531.82
4597.16
4607.8
4481.03
4593.18
4605.96
4435.17
4583.74
4598.22
4393.7
4569.64
4585.31
4356.02
4568.02
4321.62
4290.09
4261.02
4234.09
4209.04
4185.64
4163.7
4143.04
4581.83
4123.54
4608.68
4595.42
4105.05
4633.85
4621.53
4087.47
4656.38
4645.51
4070.7
4674.97
4666.27
4054.63
4650.89
4687.91
4666.53
4682.29
4039.2
4603.45
4620.01
4636.01
4651.52
4547.87
4565.78
4583.59
4601.16
4024.33
4518.07
4524.43
4542.93
4511
4503.08
4009.95
4426.99
4483.81
4494.11
4464.71
4480.62
4446.51
4411.22
4340.8
4359.93
4381.41
4405.69
5260.92
5188.31
5141.29
5879.78
5845.71
5808.8
5769.22
5727.33
5683.49
5638.01
5578.83
5591.18
5526.71
5475.09
5393.59
5423.66
5257.51
5301.93
5339.23
5146.1
5199.17
5083.64
5847.07
5705.74
5786.85
5607.24
5654.67
5535.66
5457.39
5375.47
3972.41
3975.49
3978.55
3981.58
3984.57
3987.49
3990.32
3993.04
3995.61
3998.03
4000.26
4002.27
4004.03
4005.51
4006.7
4007.58
4008.16
4008.39
4008.25
4007.72
4006.82
4005.54
4003.88
4602.19
4545.81
4617.56
4626.72
4494.71
4618.18
4629.77
4448.28
4612.47
4626.37
4406.04
4601.02
4616.67
4367.59
4584.69
4601.51
4332.46
4300.25
4270.58
4243.1
4217.56
4193.73
4171.4
4150.42
4130.62
4599.66
4111.88
4629.03
4614.46
4094.08
4657.02
4643.25
4077.11
4682.66
4670.21
4060.89
4704.62
4694.2
4045.33
4699.42
4714.23
4682.63
4711.31
4667.48
4713.73
4030.35
4618.53
4635.33
4651.65
4561.49
4580.02
4598.27
4616.42
4015.89
4530.84
4537.27
4556.52
4523.6
4515.35
4001.87
4429.05
4494.26
4505.74
4470.82
4489.26
4450.39
4357.58
4378.48
4402.03
4428.88
5185.52
5138.05
5079.27
5818.68
5787.61
5753.83
5717.52
5679
5638.59
5596.57
5543.27
5553.2
5494.78
5446.41
5372.05
5398.17
5246.61
5286.25
5320.93
5143
5095.31
5192.94
5023.43
5760.85
5679.95
5569.65
5512.31
5630.1
5445.81
5373.56
5298.34
3969
3971.86
3974.7
3977.52
3980.28
3982.97
3985.57
3988.05
3990.39
3992.56
3994.55
3996.31
3997.83
3999.07
4000.03
4000.71
4001.08
4001.12
4000.8
4000.12
3999.09
3997.71
3996
4612.52
4557.05
4634.92
4642.41
4506.21
4640.61
4650.68
4459.73
4639.75
4652.45
4417.17
4632.13
4647.26
4378.2
4618.43
4635.34
4342.5
4617.7
4309.76
4279.59
4251.65
4225.68
4201.46
4178.79
4157.5
4137.44
4118.47
4100.47
4649.77
4633.81
4083.34
4680.83
4665.48
4066.97
4709.88
4695.68
4051.29
4735.57
4723.25
4036.22
4716.69
4701.07
4731.36
4683.97
4727.88
4667.92
4746.61
4021.68
4634.09
4651.24
4575.81
4594.82
4613.71
4632.25
4007.62
4544.37
4550.83
4570.88
4536.97
4528.36
3993.96
4434.66
4504.98
4517.97
4477.24
4497.85
4454.46
4376.12
4399.09
4425.2
4449.58
5135.34
5075.83
5019.29
5732.47
5701.45
5668.04
5632.59
5595.34
5556.5
5508.84
5516.32
5464
5418.98
5350.06
5373.83
5234.8
5271
5302.5
5086.31
5141.17
5184.92
5035.46
4980.26
5651.44
5480.61
5514.83
5557.71
5426.31
5603.63
5364.21
5297.25
5227.8
3965.39
3968.04
3970.67
3973.27
3975.82
3978.29
3980.66
3982.91
3985.02
3986.97
3988.72
3990.25
3991.53
3992.55
3993.32
3993.81
3994
3993.86
3993.39
3992.59
3991.46
3990.01
3988.25
4619.11
4565.1
4648.75
4654.25
4515.2
4659.88
4668.21
4469.14
4664.41
4675.55
4426.71
4661.88
4675.83
4387.62
4652.12
4668.59
4351.6
4635.92
4654.21
4318.47
4287.93
4259.63
4233.31
4208.77
4185.8
4164.25
4143.96
4124.78
4106.61
4089.33
4670.9
4653.43
4072.85
4705.28
4688.21
4057.07
4738.1
4721.96
4041.92
4767.99
4753.52
4027.32
4734.37
4718.74
4702.2
4749.02
4684.75
4744.95
4667.8
4781.27
4762.68
4013.2
4650.26
4590.73
4610.39
4629.79
4648.66
3999.52
4558.68
4565.2
4585.91
4551.11
4542.07
3986.2
4515.83
4530.6
4484.77
4506.89
4462.72
4396.71
4422.23
4445.79
4469.68
5073.05
5015.95
4976.13
5620.74
5588.06
5553.63
5517.67
5475.28
5480.5
5433.84
5392.03
5328.61
5349.9
5222.62
5255.93
5283.94
5091.58
5136.89
5175.78
4990.19
5044.55
4939.26
5441.2
5399.55
5490.43
5531.92
5347.99
5575.38
5289.76
5227.45
5163.09
3961.58
3964.03
3966.46
3968.85
3971.18
3973.44
3975.6
3977.64
3979.53
3981.26
3982.79
3984.1
3985.17
3985.99
3986.58
3986.9
3986.91
3986.62
3986.03
3985.12
3983.92
3982.42
3980.65
4673.57
4620.84
4569.63
4521.33
4675.4
4681.28
4476.26
4685.82
4695.14
4434.37
4689.01
4701.36
4395.54
4684.58
4699.91
4359.55
4672.4
4690.31
4326.25
4673.21
4295.47
4266.93
4240.36
4215.58
4192.38
4170.61
4150.12
4130.78
4112.46
4095.06
4078.47
4692.27
4062.61
4730.24
4711.32
4047.4
4767.21
4748.93
4032.76
4801.82
4784.92
4018.62
4736.89
4752.58
4720.27
4702.77
4767.26
4684.95
4667.08
4817.65
4780.77
4799.55
4004.92
4606.38
4626.67
4646.43
4665.73
3991.61
4573.81
4580.33
4601.65
4566.09
4556.48
3978.63
4526.84
4543.58
4493.3
4516.67
4473.74
4419.84
4442.77
4465.92
4492.86
5013.25
4972.82
4935.13
5545.29
5513.46
5480.14
5442.58
5445.75
5404.16
5365.24
5307.65
5325.88
5210.46
5240.21
5265.84
5091.09
5130.7
5166.31
4947.92
5000.24
5047.55
4899.82
5396.15
5366.12
5325.35
5464.89
5504.19
5276.27
5221.52
5163.34
5103.52
3957.59
3959.84
3962.06
3964.26
3966.39
3968.45
3970.4
3972.23
3973.92
3975.44
3976.76
3977.87
3978.74
3979.4
3979.83
3979.98
3979.85
3979.43
3978.73
3977.74
3976.49
3974.97
3973.21
4676.6
4715.68
4719.75
4617.64
4570.14
4524.29
4480.8
4703.28
4710.1
4439.92
4712.81
4723.23
4401.71
4714.45
4728.16
4366.08
4707.82
4724.68
4332.91
4692.94
4712.44
4302.09
4273.44
4246.74
4221.8
4198.45
4176.53
4155.89
4136.42
4117.99
4100.49
4083.82
4067.9
4713.69
4052.65
4755.5
4734.57
4037.98
4796.96
4776.34
4023.84
4836.81
4817.18
4010.14
4738.86
4755.6
4771.38
4721.24
4702.72
4785.99
4684.54
4855.57
4818.67
4838.43
4805.29
3996.85
4622.84
4643.54
4663.75
4683.5
3983.89
4589.69
4596.18
4618.27
4581.82
4571.49
3971.23
4538.23
4556.92
4505.53
4527.57
4440.36
4462.91
4488.99
4515.74
4970.15
4931.85
4895.68
5474.68
5443.83
5410.71
5412.08
5375.02
5338.72
5286.49
5301.94
5197.49
5224.76
5247.5
5087.83
5123.59
5155.99
4908.1
4958.87
5006.25
5047.08
4862.45
5327.14
5437.34
5342.51
5374.63
5296.73
5257.05
5210.26
5158.72
5104.25
5048.42
3953.41
3955.46
3957.5
3959.51
3961.45
3963.32
3965.08
3966.71
3968.21
3969.53
3970.65
3971.57
3972.28
3972.79
3973.05
3973.06
3972.81
3972.29
3971.5
3970.46
3969.17
3967.65
3965.93
4674.06
4722.04
4722.79
4746.54
4751.25
4566.39
4523.77
4482.5
4443.15
4732.42
4740.2
4405.95
4740.94
4752.61
4370.98
4740.75
4755.96
4338.24
4731.59
4750.16
4307.64
4734.94
4279.06
4252.35
4227.36
4203.93
4181.93
4161.21
4141.65
4123.14
4105.58
4088.87
4072.92
4057.64
4042.97
4780.77
4757.74
4028.83
4827.04
4803.91
4015.16
4872.63
4850.01
4001.89
4758.06
4740.26
4774.95
4790.7
4721.59
4702.03
4894.66
4858.48
4879.11
4825.15
4845.57
4810.59
3988.98
4639.97
4661.11
4681.82
3976.37
4606.4
4612.9
4635.67
4598.22
4587
3964.01
4550.26
4570.63
4519.28
4539.42
4460.48
4485.92
4511.9
4541.7
4929.19
4892.39
4858.32
5408.69
5379.64
5379.38
5346.44
5312.56
5265.15
5278.21
5184.47
5209.03
5228.79
5082.74
5115.64
5145.25
4870.88
4920.3
4967.36
5008.26
5043.97
4827.5
5263.1
5283.32
5316.99
5347.67
5232.48
5193.84
5149.31
5100.67
5049.52
4997.26
3949.05
3950.92
3952.79
3954.61
3956.38
3958.06
3959.63
3961.09
3962.4
3963.53
3964.48
3965.23
3965.8
3966.16
3966.28
3966.17
3965.81
3965.2
3964.35
3963.28
3961.98
3960.49
3958.81
4721.85
4719.33
4754.17
4755.33
4779.03
4784.5
4519.57
4481.14
4443.83
4408.08
4762.94
4771.79
4374.12
4770.25
4783.33
4342.06
4767.91
4784.8
4311.94
4755.9
4776.34
4283.64
4257.08
4232.16
4208.76
4186.75
4166.01
4146.42
4127.89
4110.3
4093.57
4077.61
4062.34
4047.69
4033.57
4805.94
4780.71
4019.94
4857.33
4831.52
4006.72
4909.1
4883.24
3993.87
4759.92
4777.93
4741.03
4794.84
4721.27
4700.68
4934.69
4899.93
4921.17
4866.47
4887.88
4831.12
4852.27
4815.35
3981.33
4657.81
4679.49
3969.05
4624
4630.46
4653.74
4615.46
4602.93
3956.98
4563.08
4584.82
4554.56
4483.48
4508.84
4537.75
4567.79
4889.75
4855.05
4823.37
5349.27
5318.32
5286.64
5243.84
5254.58
5171.09
5192.76
5209.78
5076.78
5107.14
5134
4836.23
4884.42
4930.97
4971.51
5007.06
5039.72
4794.7
5225.39
5203.42
5236.54
5290.96
5319.68
5172.73
5135.25
5092.8
5046.78
4998.66
4949.59
3944.53
3946.23
3947.93
3949.59
3951.18
3952.69
3954.09
3955.37
3956.5
3957.46
3958.25
3958.86
3959.29
3959.52
3959.52
3959.3
3958.85
3958.18
3957.29
3956.2
3954.92
3953.47
3951.87
4754.71
4752.32
4788.07
4789.73
4813.28
4819.62
4476.6
4441.8
4407.92
4375.33
4794.93
4804.98
4344.25
4800.75
4815.41
4314.83
4795.97
4814.72
4287.05
4803.22
4260.82
4236.11
4212.84
4190.92
4170.24
4150.69
4132.18
4114.61
4097.9
4081.97
4066.73
4052.11
4038.05
4024.47
4830.74
4011.33
4887.49
4858.86
3998.55
4945.88
4916.55
3986.09
4780.3
4761.13
4798.39
4741.12
4720.26
4698.64
4975.21
4942.56
4964.41
4909.67
4931.8
4873.98
4896.24
4836.56
4858.45
4819.51
3973.9
4676.46
3961.93
4642.34
4648.69
4672.58
4633.52
4619.5
3950.14
4577.11
4599.85
4570.95
4506.38
4534.64
4563.86
4597.66
4852.42
4820.1
4790.56
5290.76
5261.12
5222.52
5231.16
5157.05
5175.97
5190.6
5070.24
5097.97
5121.98
4803.82
4851.04
4897.01
4937.03
4972.03
5004.51
5034.9
4764.01
5184.34
5170.71
5147.63
5263.79
5187.34
5211.21
5117.07
5080.81
5040.2
4996.62
4951.23
4905.05
3939.86
3941.39
3942.94
3944.44
3945.86
3947.21
3948.45
3949.56
3950.53
3951.34
3951.97
3952.47
3952.78
3952.88
3952.78
3952.47
3951.96
3951.24
3950.33
3949.24
3947.99
3946.6
3945.09
4789.43
4787.17
4823.94
4826.18
4849.4
4856.76
4436.97
4405.35
4374.48
4344.68
4828.47
4839.89
4316.22
4832.52
4848.96
4289.15
4824.93
4845.78
4263.46
4239.12
4216.11
4194.37
4173.83
4154.38
4135.95
4118.46
4101.81
4085.94
4070.77
4056.22
4042.23
4028.73
4015.67
4854.79
4002.99
4917.15
4885.55
3990.63
4982.64
4949.52
3978.55
4782.01
4801.31
4761.67
4740.5
4718.5
4695.86
5016.31
4986.26
5008.39
4954.27
4977.16
4918.98
4942.1
4880.98
4904.13
4841.41
4864.05
4823.04
3966.69
3955.02
4661.38
4667.67
4692.22
4652.22
4636.83
3943.49
4592.18
4615.91
4532.17
4560.75
4593.66
4610.81
4620.56
4817.49
4787.3
4759.87
5236.05
5201.26
5208.1
5142.37
5158.81
5171.33
5063.02
5087.88
5109.26
4773.6
4819.9
4865.3
4904.7
4938.98
4971.05
5001.29
5029.35
4735.25
5140.62
5134.89
5119.13
5095.36
5162.84
5185.29
5065.15
5029.98
4991.13
4949.77
4906.89
4863.31
3935.05
3936.43
3937.83
3939.17
3940.45
3941.64
3942.73
3943.68
3944.5
3945.16
3945.69
3946.06
3946.25
3946.26
3946.07
3945.69
3945.12
3944.38
3943.47
3942.4
3941.2
3939.89
3938.49
4826.24
4824.09
4861.93
4864.86
4887.56
4896.11
4400.27
4371.44
4343.24
4315.99
4863.7
4876.66
4289.85
4865.65
4884.11
4264.87
4878.01
4241.08
4218.48
4197.04
4176.72
4157.46
4139.18
4121.8
4105.27
4089.5
4074.42
4059.97
4046.08
4032.69
4019.74
4007.17
3994.94
4946.18
4911.5
3982.98
5018.96
4981.98
3971.25
4803.56
4783.01
4761.47
4739.09
4715.99
5050.38
5057.04
5000.19
5023.32
4965.65
4989.67
4927.83
4951.97
4887.4
4911.44
4845.61
4868.99
4825.87
3959.71
3948.32
4681.25
4687.49
4712.63
4671.65
4655.14
3937.03
4633.57
4558.26
4590.52
4616.52
4632.09
4642.91
4784.71
4756.62
4731.12
5180.14
5127.18
5141.4
5152.04
5054.78
5077.01
5095.94
4745.49
4790.9
4835.64
4874.34
4907.81
4939.24
4969.19
4997.14
5022.7
4707.97
5096.04
5096.69
5087.77
5070.47
5046.32
5138.39
5159.17
5016.53
4982.45
4945.26
4905.95
4865.33
3930.12
3931.35
3932.6
3933.8
3934.94
3935.98
3936.92
3937.74
3938.42
3938.96
3939.38
3939.64
3939.73
3939.65
3939.39
3938.96
3938.36
3937.61
3936.71
3935.69
3934.55
3933.34
3932.06
4902.28
4927.97
4937.93
4366.19
4339.84
4314.06
4289.07
4900.77
4915.49
4264.98
4900.23
4920.98
4241.9
4219.85
4198.84
4178.85
4159.85
4141.79
4124.6
4108.23
4092.6
4077.66
4063.34
4049.58
4036.32
4023.5
4011.07
3998.98
3987.17
4974.08
4936.37
3975.59
5054.2
5013.33
3964.2
4805.07
4783.24
4760.48
4736.92
5063.21
5088.43
5013.93
5038.39
4976.63
5001.85
4936.13
4961.34
4893.17
4918.12
4849.1
4873.21
4827.95
3952.96
3941.83
4701.94
4708.16
4733.88
4691.88
4674.62
4653.05
4588.01
4613.34
4638.77
4653.65
4673.12
4754.03
4727.89
4703.86
5111.61
5123.83
5132.75
5045.6
5065.43
5082.13
4719.29
4763.99
4807.85
4845.77
4878.43
4909.09
4938.48
4966.25
4991.85
5015.03
5113.47
5042.94
5024.54
5000.16
4970.87
3925.07
3926.16
3927.28
3928.34
3929.34
3930.25
3931.06
3931.74
3932.3
3932.75
3933.06
3933.22
3933.23
3933.07
3932.76
3932.29
3931.67
3930.93
3930.06
3929.1
3928.05
3926.94
4334.45
4310.35
4286.73
4263.73
4939.86
4956.6
4241.51
4959.68
4220.15
4199.7
4180.15
4161.51
4143.74
4126.8
4110.64
4095.21
4080.45
4066.3
4052.7
4039.6
4026.94
4014.67
4002.74
3991.09
3979.68
5000.3
3968.47
3957.4
4805.78
4782.64
4758.67
5079.56
5106.15
5027.41
5053.27
4987.16
5013.63
4943.82
4970.12
4898.2
4924.08
4851.8
4876.63
4829.2
3946.44
4723.41
4729.64
4755.92
4712.83
4695.04
4673.65
4610.82
4635.54
4669.07
4674.47
4725.31
4700.64
5095.71
5035.61
5053.24
5067.89
4695.15
4739.16
4781.83
4818.77
4850.62
4880.49
4909.17
4936.52
4962.13
4985.5
5006.46
4981.08
3919.91
3920.87
3921.86
3922.8
3923.67
3924.45
3925.13
3925.7
3926.15
3926.51
3926.73
3926.81
3926.74
3926.53
3926.17
3925.68
3925.07
3924.34
3923.53
3922.63
3921.69
4304.84
4282.76
4261.04
4239.85
4219.32
4199.55
4180.56
4162.37
4144.98
4128.36
4112.48
4097.29
4082.75
4068.8
4055.4
4042.49
4030.02
4017.94
4006.19
3994.73
3983.51
3972.49
3961.61
3950.84
4805.62
4781.18
5040.55
4997.14
5024.91
4950.78
4978.21
4902.42
4929.2
4853.66
4879.16
4829.57
4745.64
4751.87
4778.72
4734.54
4716.29
4633
4665.87
4698.09
4757.45
4793.16
4824.18
4853.28
4881.21
4908.01
4933.39
4956.93
3914.64
3915.48
3916.35
3917.18
3917.93
3918.59
3919.16
3919.62
3920
3920.27
3920.4
3920.41
3920.28
3920.02
3919.64
3919.15
3918.55
3917.86
3917.1
3916.3
4277.17
4256.86
4236.86
4217.31
4198.34
4180.02
4162.39
4145.46
4129.23
4113.69
4098.8
4084.53
4070.83
4057.66
4044.97
4032.72
4020.85
4009.31
3998.06
3987.05
3976.24
3965.58
3955.03
4804.56
4905.72
4854.59
4880.72
4828.99
4768.81
4774.9
4802.48
4663.32
4798.97
4827.31
4854.52
3909.29
3910.01
3910.77
3911.49
3912.13
3912.68
3913.15
3913.53
3913.83
3914.01
3914.08
3914.02
3913.85
3913.57
3913.17
3912.68
3912.11
3911.47
3910.81
4251.2
4232.51
4214.08
4196.03
4178.48
4161.5
4145.13
4129.37
4114.24
4099.71
4085.75
4072.35
4059.45
4047.02
4035.01
4023.38
4012.08
4001.06
3990.29
3979.71
3969.28
3958.96
3903.85
3904.46
3905.13
3905.74
3906.27
3906.73
3907.11
3907.43
3907.65
3907.76
3907.77
3907.67
3907.46
3907.16
3906.76
3906.29
3905.76
3905.21
4226.79
4209.57
4192.58
4175.91
4159.68
4143.94
4128.74
4114.08
4099.96
4086.39
4073.32
4060.73
4048.59
4036.86
4025.5
4014.46
4003.71
3993.19
3982.87
3972.7
3962.63
3898.33
3898.85
3899.42
3899.93
3900.38
3900.75
3901.06
3901.31
3901.46
3901.51
3901.47
3901.34
3901.11
3900.8
3900.42
3899.98
3899.53
4203.81
4187.95
4172.27
4156.88
4141.87
4127.29
4113.17
4099.54
4086.39
4073.71
4061.48
4049.67
4038.25
4027.19
4016.45
4005.98
3995.75
3985.7
3975.81
3966.02
3892.74
3893.18
3893.66
3894.08
3894.44
3894.75
3895
3895.18
3895.27
3895.28
3895.2
3895.04
3894.81
3894.5
3894.15
3893.79
4182.15
4167.54
4153.09
4138.88
4125
4111.5
4098.41
4085.74
4073.5
4061.66
4050.23
4039.16
4028.43
4018
4007.85
3997.92
3988.18
3978.58
3969.09
3887.09
3887.46
3887.85
3888.19
3888.48
3888.73
3888.93
3889.05
3889.1
3889.06
3888.96
3888.79
3888.55
3888.26
3887.98
4161.72
4148.26
4134.95
4121.84
4109.02
4096.53
4084.4
4072.64
4061.26
4050.23
4039.54
4029.18
4019.1
4009.29
3999.69
3990.28
3981.01
3971.84
3881.39
3881.68
3882
3882.27
3882.51
3882.71
3882.85
3882.92
3882.93
3882.87
3882.75
3882.57
3882.34
3882.13
4142.43
4130.05
4117.79
4105.72
4093.89
4082.35
4071.13
4060.23
4049.65
4039.39
4029.42
4019.73
4010.28
4001.04
3991.98
3983.06
3974.24
3875.65
3875.86
3876.11
3876.33
3876.52
3876.67
3876.76
3876.8
3876.78
3876.7
3876.57
3876.39
3876.24
4124.2
4112.83
4101.57
4090.46
4079.57
4068.93
4058.56
4048.47
4038.67
4029.14
4019.86
4010.8
4001.95
3993.27
3984.72
3976.26
3869.86
3870.01
3870.2
3870.37
3870.52
3870.63
3870.68
3870.69
3870.65
3870.56
3870.43
3870.33
4106.98
4096.56
4086.23
4076.03
4066.02
4056.23
4046.67
4037.37
4028.3
4019.46
4010.83
4002.39
3994.11
3985.96
3977.89
3864.04
3864.13
3864.27
3864.41
3864.52
3864.58
3864.61
3864.59
3864.54
3864.44
3864.39
4090.7
4081.17
4071.73
4062.39
4053.22
4044.23
4035.45
4026.88
4018.52
4010.35
4002.34
3994.49
3986.75
3979.11
3858.18
3858.22
3858.33
3858.43
3858.51
3858.54
3858.55
3858.52
3858.45
3858.43
4075.32
4066.64
4058.02
4049.51
4041.13
4032.92
4024.88
4017.02
4009.32
4001.79
3994.38
3987.09
3979.88
3852.29
3852.29
3852.38
3852.45
3852.49
3852.51
3852.5
3852.46
3852.47
4060.79
4052.91
4045.09
4037.36
4029.74
4022.26
4014.93
4007.75
4000.7
3993.78
3986.95
3980.2
3846.39
3846.36
3846.42
3846.46
3846.49
3846.49
3846.46
3846.5
4047.06
4039.96
4032.9
4025.91
4019.03
4012.25
4005.6
3999.07
3992.65
3986.31
3980.04
3840.47
3840.42
3840.46
3840.48
3840.49
3840.48
3840.54
4034.12
4027.75
4021.42
4015.15
4008.97
4002.87
3996.88
3990.97
3985.15
3979.38
3834.54
3834.47
3834.49
3834.5
3834.5
3834.57
4021.92
4016.26
4010.64
4005.06
3999.55
3994.11
3988.75
3983.45
3978.21
3828.59
3828.52
3828.53
3828.53
3828.62
4010.44
4005.47
4000.52
3995.61
3990.76
3985.96
3981.21
3976.5
3822.64
3822.57
3822.58
3822.68
3999.66
3995.35
3991.07
3986.81
3982.59
3978.4
3974.25
3816.7
3816.64
3816.74
3989.55
3985.9
3982.25
3978.63
3975.02
3971.45
3810.78
3810.82
3980.11
3977.09
3974.07
3971.06
3968.07
3804.98
3971.31
3968.91
3966.51
3964.11
3963.15
3961.36
3959.57
3955.62
3954.43
3948.7
)
;

boundaryField
{
    lowerOutlet
    {
        type            MarshakRadiation;
        refValue        nonuniform List<scalar> 
146
(
1837.21
1837.21
1837.21
1837.21
1837.21
1837.21
1837.21
1837.21
1837.21
1837.21
1837.21
1837.21
1837.21
1837.21
1837.21
1837.21
1837.21
1837.21
1837.21
1837.21
1837.21
1837.21
1837.21
1837.21
1837.21
1837.21
1837.21
1837.21
1837.21
1837.21
1837.21
1837.21
1837.21
1837.21
1837.21
1837.21
1837.21
1837.21
1837.21
1837.21
1837.21
1837.21
1837.21
1912.22
1837.21
2234.51
1837.21
1837.21
28420.4
1837.21
1837.21
1837.21
1837.21
1837.21
1837.21
1837.21
1837.21
1837.21
1837.21
1837.21
1837.21
1837.21
1837.21
1837.21
1837.21
1837.21
1837.21
1837.21
1837.21
1837.21
1837.21
1837.21
1837.21
1837.21
1837.21
1837.21
1837.21
1837.21
1837.21
1837.21
1837.21
1837.21
1837.21
1837.21
1837.21
1837.21
1837.21
1837.21
1837.21
1837.21
1837.21
1837.21
1837.21
1837.21
1837.21
1837.21
1837.21
1837.21
1837.21
1837.21
1995.99
1837.21
1914.64
2290.39
1837.21
5133.11
1837.21
1837.21
1837.21
1837.21
1837.21
1837.21
1837.21
1837.21
1837.21
1837.21
1837.21
1837.21
1837.21
1837.21
2284.89
1837.21
1837.21
1837.21
1837.21
1837.21
1837.21
1837.21
1837.21
1837.21
1837.21
1837.21
1837.21
1837.21
1837.21
1837.21
1837.21
1837.21
1837.21
1837.21
1837.21
1837.21
1837.21
1837.21
1837.21
1837.21
)
;
        refGradient     uniform 0;
        valueFraction   nonuniform List<scalar> 
146
(
0.00149744
0.00149645
0.00149549
0.00149452
0.00149354
0.00149258
0.00149161
0.00149063
0.00148968
0.0014887
0.00148774
0.00148676
0.00148583
0.00148484
0.00148388
0.00148293
0.00148196
0.001481
0.00148004
0.0014791
0.00147814
0.00147719
0.00147624
0.0014753
0.00147465
0.00147347
0.00147039
0.00146697
0.00146364
0.00145714
0.00144995
0.00144407
0.00143887
0.000682716
0.000678759
0.000675794
0.000674807
0.000674225
0.000673038
0.000666547
0.000657851
0.000650775
0.000735948
0.000410558
0.000265398
0.000899407
0.000629965
0.000515406
0.00795359
0.000290659
0.0002695
0.000264226
0.000266464
0.000642443
0.000647764
0.000653754
0.000662333
0.000670491
0.000673963
0.000674421
0.00067518
0.000677268
0.000680259
0.00143886
0.00144405
0.00144995
0.00145714
0.00146364
0.00146697
0.00147039
0.00147347
0.00147465
0.0014753
0.00147624
0.00147719
0.00147814
0.0014791
0.00148004
0.001481
0.00148196
0.00148293
0.00148388
0.00148484
0.00148583
0.00148676
0.00148774
0.0014887
0.00148968
0.00149063
0.00149161
0.00149258
0.00149354
0.00149452
0.00149549
0.00149645
0.00149744
0.000670491
0.000662333
0.000653765
0.000651729
0.00134209
0.000267553
0.000370463
0.0011029
0.000547437
0.00326279
0.000301582
0.000273286
0.000265436
0.000264718
0.000268166
0.000644928
0.000650633
0.000657849
0.000666547
0.000673038
0.000674421
0.000673963
0.000281781
0.000264269
0.00111275
0.000564894
0.000364598
0.000345887
0.000282768
0.000267148
0.000263545
0.000267959
0.000674225
0.000674807
0.000269625
0.000268223
0.000754403
0.000635209
0.000368031
0.000316535
0.000277437
0.000266241
0.000263689
0.000268358
0.000680259
0.000677269
0.000675181
0.000675794
0.000678759
0.000682716
)
;
        value           nonuniform List<scalar> 
146
(
4002.09
4009.32
4017.32
4026.1
4035.68
4046.07
4057.28
4069.35
4082.3
4096.16
4110.96
4126.77
4143.61
4161.54
4180.64
4200.97
4222.61
4245.65
4270.21
4296.41
4324.38
4354.29
4386.33
4420.73
4457.8
4497.88
4541.28
4588.44
4639.88
4696.26
4758.42
4827.3
4904.17
4969.88
5064.94
5173.53
5298.95
5445.72
5620.08
5831.4
6092.65
6425.92
6898.52
7779.37
8629.58
9674.45
12608.6
15307.8
11120.8
8722.13
7653.32
6956.32
6459.42
6048.22
5770.55
5551.24
5373.12
5225.52
5101.32
4995.13
4902.98
4822.07
4750.34
4669.98
4613.62
4562.43
4515.66
4472.73
4433.16
4396.5
4362.47
4330.76
4301.2
4273.57
4247.64
4223.26
4200.31
4178.68
4158.28
4139.01
4120.81
4103.61
4087.36
4071.99
4057.48
4043.78
4030.85
4018.66
4007.2
3996.43
3986.34
3976.91
3968.12
3959.97
3952.44
3945.54
5720.41
5954.72
6248.23
6634.05
7322.91
8426.21
9288.33
11856.9
14632.4
16905.6
9106.24
7873.9
7107.37
6569.9
6173.34
5900.75
5654.84
5457.8
5296.03
5160.85
5369.34
5528.95
8020.01
8834.89
10387.4
13247.2
15875.5
10095.2
8400.05
7454.15
6817.39
6356.88
5046.26
4947.49
8224.54
9044.79
11097.9
13928.8
16338.2
9568.19
8120.79
7272.74
6688.96
6261.73
5015.91
5117.34
5233.89
4861.27
4785.17
4717.37
)
;
        emissivityMode  lookup;
        emissivity      uniform 1;
    }
    top
    {
        type            MarshakRadiation;
        refValue        nonuniform List<scalar> 
100
(
1837.21
1837.21
1837.21
1837.21
1837.21
1837.21
1845.31
1851.78
1855.62
1857
1858.46
1859.91
1861.17
1862.31
1863.76
1865.7
1867.74
1869.54
1870.56
1871.22
1871.92
1872.43
1872.72
1872.8
1872.69
1872.39
1871.97
1871.43
1870.81
1870.33
1870.03
1869.86
1869.81
1869.86
1870.02
1870.37
1871.22
1874.13
1884.28
1912.96
1945.84
1961.06
1957.61
1937.1
1902.76
1877.71
1872.09
1871.84
1872.32
1872.81
1873.24
1873.55
1873.7
1874
1874.14
1874.15
1874.02
1873.75
1873.38
1872.91
1872.38
1871.84
1871.35
1870.94
1870.63
1870.38
1870.07
1869.53
1868.72
1867.59
1866.49
1865.07
1862.26
1859.54
1856.33
1852.96
1851.2
1850.47
1850.03
1849.58
1849.37
1849.55
1850.17
1851.12
1852.58
1854.42
1856.52
1858.57
1860.26
1861.41
1861.96
1861.92
1861.31
1860.09
1858.31
1855.79
1837.21
1837.21
1837.21
1837.21
)
;
        refGradient     uniform 0;
        valueFraction   nonuniform List<scalar> 
100
(
0.00146072
0.00145998
0.00145947
0.00145883
0.00145811
0.00145736
0.00145649
0.00145579
0.00145659
0.00145776
0.00145898
0.00146024
0.0014616
0.00146291
0.0014637
0.0014629
0.00146056
0.00145941
0.00146081
0.00146351
0.00146657
0.00146979
0.00147322
0.00147689
0.00148076
0.00148481
0.00148889
0.00149259
0.00149588
0.0014984
0.0015011
0.00150401
0.00150639
0.00150853
0.00151136
0.00151455
0.00152412
0.00155845
0.00166547
0.00195008
0.00227391
0.00242042
0.00238695
0.00218906
0.00184328
0.00157093
0.00150169
0.00149172
0.00149067
0.00149055
0.00149055
0.00149059
0.0014906
0.00149062
0.00149065
0.00149065
0.00149069
0.00149073
0.00149076
0.0014908
0.00149084
0.00149088
0.0014909
0.00149099
0.00149107
0.00149114
0.00149122
0.00149125
0.0014913
0.00149141
0.00149156
0.00149183
0.00149089
0.00148837
0.00148468
0.00148074
0.00147689
0.00147322
0.00146979
0.00146658
0.00146351
0.00146082
0.00145942
0.00146056
0.0014629
0.0014637
0.00146291
0.0014616
0.00146024
0.00145898
0.00145776
0.00145659
0.00145579
0.00145649
0.00145736
0.00145811
0.00145883
0.00145947
0.00145998
0.00146072
)
;
        value           nonuniform List<scalar> 
100
(
3797.68
3803.36
3809.05
3814.65
3820.16
3825.58
3830.91
3836.15
3841.26
3846.25
3851.11
3855.84
3860.44
3864.9
3869.22
3873.41
3877.46
3881.36
3885.12
3888.74
3892.24
3895.63
3898.94
3902.18
3905.38
3908.56
3911.77
3915.02
3918.34
3921.74
3925.25
3928.84
3932.48
3936.14
3939.76
3943.27
3946.59
3949.59
3952.16
3954.21
3956.54
3960.05
3964.74
3970.22
3975.9
3980.68
3984.1
3986.67
3988.7
3990.27
3991.47
3992.31
3992.83
3993.05
3992.98
3992.64
3992.03
3991.16
3990.04
3988.67
3987.05
3985.19
3983.1
3980.78
3978.23
3975.46
3972.48
3969.28
3965.87
3962.26
3958.46
3954.47
3950.29
3945.94
3941.43
3936.77
3931.98
3927.06
3922.02
3916.87
3911.62
3906.28
3900.85
3895.34
3889.75
3884.12
3878.43
3872.7
3866.93
3861.12
3855.27
3849.39
3843.5
3837.58
3831.66
3825.72
3819.74
3813.81
3807.9
3802.11
)
;
        emissivityMode  lookup;
        emissivity      uniform 1;
    }
    sides
    {
        type            MarshakRadiation;
        refValue        uniform 1837.21;
        refGradient     uniform 0;
        valueFraction   nonuniform List<scalar> 
100
(
0.00149193
0.00149205
0.00149201
0.001492
0.001492
0.001492
0.00149199
0.00149203
0.00149202
0.00149195
0.00149195
0.00149198
0.00149197
0.00149197
0.00149197
0.00149199
0.00149203
0.00149203
0.00149206
0.0014921
0.0014921
0.00149213
0.00149216
0.0014922
0.00149223
0.00149227
0.00149234
0.00149238
0.00149248
0.00149263
0.00149164
0.0014893
0.00148609
0.00148277
0.00147941
0.00147612
0.00147294
0.00146994
0.00146708
0.00146438
0.00146174
0.00145926
0.00145696
0.00145474
0.00145259
0.00145059
0.00144866
0.00144685
0.00144511
0.00144339
0.00149193
0.00149205
0.00149201
0.001492
0.001492
0.001492
0.00149199
0.00149203
0.00149202
0.00149195
0.00149195
0.00149198
0.00149197
0.00149197
0.00149197
0.00149199
0.00149203
0.00149203
0.00149206
0.0014921
0.0014921
0.00149213
0.00149216
0.0014922
0.00149223
0.00149227
0.00149234
0.00149238
0.00149248
0.00149263
0.00149164
0.0014893
0.00148609
0.00148277
0.00147941
0.00147612
0.00147294
0.00146994
0.00146708
0.00146438
0.00146174
0.00145926
0.00145696
0.00145474
0.00145259
0.00145059
0.00144866
0.00144685
0.00144511
0.00144339
)
;
        value           nonuniform List<scalar> 
100
(
4002.1
4007.84
4012.83
4017.08
4020.6
4023.39
4025.47
4026.86
4027.57
4027.62
4027.05
4025.87
4024.1
4021.79
4018.95
4015.62
4011.83
4007.61
4002.98
3997.99
3992.66
3987.02
3981.1
3974.94
3968.55
3961.97
3955.23
3948.35
3941.35
3934.25
3927.09
3919.87
3912.62
3905.35
3898.1
3890.86
3883.67
3876.52
3869.44
3862.43
3855.49
3848.65
3841.9
3835.25
3828.7
3822.27
3815.94
3809.72
3803.62
3797.71
3945.55
3951.27
3956.4
3960.94
3964.89
3968.26
3971.07
3973.31
3975.01
3976.18
3976.84
3977
3976.68
3975.91
3974.7
3973.07
3971.05
3968.66
3965.91
3962.84
3959.46
3955.8
3951.87
3947.69
3943.29
3938.69
3933.9
3928.94
3923.82
3918.57
3913.2
3907.72
3902.14
3896.47
3890.74
3884.96
3879.12
3873.25
3867.34
3861.42
3855.48
3849.53
3843.57
3837.62
3831.67
3825.73
3819.8
3813.88
3807.97
3802.14
)
;
        emissivityMode  lookup;
        emissivity      uniform 1;
    }
    front
    {
        type            empty;
    }
    back
    {
        type            empty;
    }
    roller
    {
        type            MarshakRadiation;
        refValue        uniform 1837.21;
        refGradient     uniform 0;
        valueFraction   nonuniform List<scalar> 
144
(
0.000368911
0.000370508
0.000369308
0.000385003
0.000379066
0.000405488
0.000430021
0.000438062
0.000439453
0.000423805
0.000366848
0.000369322
0.000372542
0.000381305
0.000368861
0.000371019
0.00037167
0.000409581
0.000377874
0.000410517
0.000427413
0.00041425
0.00043648
0.000415371
0.000366262
0.000365551
0.000368914
0.000372432
0.00039961
0.000402814
0.000379894
0.000417609
0.000432489
0.000438893
0.000366813
0.000369463
0.000365606
0.000368624
0.000388415
0.000395529
0.000406701
0.000375928
0.000376582
0.000414252
0.000410839
0.000414231
0.000415607
0.00040696
0.000408957
0.000440691
0.000421711
0.000422293
0.000365328
0.000365247
0.000369455
0.000412379
0.000384532
0.000392064
0.000398904
0.000401293
0.000411176
0.000412109
0.000436478
0.000432155
0.000427362
0.000367899
0.000369581
0.000369851
0.000369897
0.000366653
0.000415227
0.000383052
0.000415662
0.00041572
0.000389975
0.000415535
0.000411955
0.000397458
0.000411246
0.000403914
0.000418369
0.000419332
0.000440027
0.000440568
0.000424695
0.000423169
0.000437248
0.000433218
0.000428204
0.000366139
0.000369527
0.000368531
0.00036878
0.000369751
0.000374876
0.000413329
0.000386382
0.000393713
0.000410415
0.000412024
0.000410942
0.00041649
0.000439184
0.000440751
0.000420285
0.000420891
0.000434701
0.000430906
0.000426442
0.000368616
0.000369219
0.000369879
0.000369891
0.000367923
0.000368366
0.00036857
0.00036859
0.000373984
0.000378098
0.000370439
0.000392477
0.000373467
0.000374109
0.000381546
0.000416018
0.000416018
0.000388196
0.000414026
0.000413153
0.00039552
0.000402591
0.000410183
0.000421101
0.00042361
0.00041281
0.000434467
0.000417347
0.000439557
0.000440565
0.000425823
0.000419755
0.000438471
0.000434543
0.00042928
)
;
        value           nonuniform List<scalar> 
144
(
13579.8
10330.7
7169.44
7993.55
5184.25
4586.89
4412.8
4310.44
4229.9
4263.47
19800
15077.5
9806.25
8332.08
7531.1
6276.37
6096.85
6331.39
5259.63
4798.92
4443.02
4418.77
4333.88
4395.65
13398.3
14245.7
12327.4
5897.48
6810.15
6619.58
5134.09
4537.36
4384.92
4226.46
18846.2
16240.8
15193.4
10255
7601.66
7023.18
6493.04
5403.12
5339.1
5937.93
4851.65
4628.24
4579.51
4557.16
4531.07
4246.72
4286.11
4278.15
17256
16163.7
18746.8
6177.14
4968.94
4816.32
4696.95
4662.18
4746.69
4682.75
4223.58
4229.25
4242.56
20683.2
21776.3
21704.3
20018.6
12567.2
5802.86
5012.03
5701.95
5410.78
4851.24
5321.2
5081.37
4724.16
5011.45
4609.7
4339.75
4324.3
4233.14
4238.91
4258.69
4270.62
4223.67
4226.99
4238.68
18076.7
17352.9
11187
11122.2
6837.17
5500.4
6072.01
4928
4783.55
4924.97
4459.4
4482.39
4375.06
4293.91
4255.76
4303.79
4294.63
4224.13
4231.97
4246.79
21225.2
21602.7
21373.8
20803.6
11834.6
9411.83
8739.33
8133.97
9297.06
8716.7
6491.19
7253.84
5723.43
5606.52
5071.82
5602.88
5505.1
4888.57
5236.2
5156.12
4752.87
4631.87
4505.29
4500.96
4469.42
4439.29
4358.68
4356.53
4279.53
4266.82
4252.71
4313.61
4224.45
4225.26
4235.14
)
;
        emissivityMode  lookup;
        emissivity      uniform 1;
    }
    burner
    {
        type            MarshakRadiation;
        refValue        uniform 270452;
        refGradient     uniform 0;
        valueFraction   nonuniform List<scalar> 
16
(
0.00948591
0.0110476
0.0111452
0.0111336
0.0109895
0.0111343
0.0111431
0.0114457
0.0104272
0.0110886
0.0111505
0.0111361
0.0109051
0.0111165
0.011149
0.0111918
)
;
        value           nonuniform List<scalar> 
16
(
22353.8
34329.8
39507.4
36889.7
32073.3
38802.8
38584
23235.2
25889.7
36194.4
39758.7
34140
29278.7
37688.6
39486
29891.3
)
;
        emissivityMode  lookup;
        emissivity      uniform 1;
    }
}


// ************************************************************************* //
