/*--------------------------------*- C++ -*----------------------------------*\
  =========                 |
  \\      /  F ield         | OpenFOAM: The Open Source CFD Toolbox
   \\    /   O peration     | Website:  https://openfoam.org
    \\  /    A nd           | Version:  dev
     \\/     M anipulation  |
\*---------------------------------------------------------------------------*/
FoamFile
{
    version     2.0;
    format      ascii;
    class       volScalarField;
    location    "2500";
    object      T;
}
// * * * * * * * * * * * * * * * * * * * * * * * * * * * * * * * * * * * * * //

dimensions      [0 0 0 1 0 0 0];

internalField   nonuniform List<scalar> 
9842
(
300.101
300.146
300.125
300.157
300.222
300.108
300.152
300.275
300.235
300.088
300.149
300.292
300.312
300.22
300.084
300.14
300.303
300.383
300.305
300.18
300.075
300.123
300.282
300.408
300.393
300.295
300.164
300.065
300.125
300.292
300.427
300.455
300.383
300.262
300.155
300.064
300.122
300.28
300.409
300.487
300.455
300.352
300.231
300.14
300.058
300.108
300.249
300.409
300.51
300.511
300.432
300.327
300.216
300.134
300.058
300.106
300.259
300.406
300.507
300.552
300.501
300.402
300.29
300.201
300.125
300.052
300.097
300.236
300.375
300.495
300.576
300.562
300.482
300.375
300.273
300.186
300.121
300.054
300.093
300.226
300.376
300.492
300.594
300.603
300.545
300.455
300.344
300.256
300.179
300.114
300.052
300.105
300.217
300.358
300.472
300.587
300.632
300.605
300.524
300.413
300.316
300.243
300.171
300.11
300.048
300.103
300.221
300.335
300.464
300.576
300.652
300.644
300.589
300.485
300.384
300.308
300.236
300.166
300.107
300.049
300.104
300.215
300.307
300.454
300.545
300.659
300.679
300.64
300.551
300.447
300.365
300.287
300.225
300.164
300.104
300.047
300.103
300.209
300.311
300.438
300.521
300.659
300.7
300.682
300.613
300.521
300.425
300.348
300.282
300.219
300.159
300.101
300.045
300.102
300.206
300.312
300.414
300.515
300.645
300.711
300.717
300.665
300.588
300.481
300.405
300.331
300.272
300.214
300.156
300.1
300.044
300.1
300.202
300.297
300.394
300.504
300.63
300.719
300.743
300.713
300.645
300.543
300.459
300.389
300.326
300.265
300.21
300.153
300.097
300.045
300.098
300.199
300.295
300.394
300.493
300.61
300.713
300.76
300.753
300.701
300.604
300.512
300.438
300.373
300.316
300.259
300.206
300.149
300.094
300.041
300.097
300.199
300.286
300.379
300.461
300.585
300.699
300.767
300.78
300.746
300.668
300.574
300.493
300.425
300.366
300.311
300.255
300.202
300.147
300.095
300.041
300.089
300.195
300.28
300.367
300.453
300.553
300.677
300.766
300.799
300.781
300.722
300.638
300.546
300.472
300.411
300.356
300.305
300.25
300.199
300.144
300.094
300.043
300.093
300.195
300.268
300.359
300.442
300.517
300.668
300.757
300.809
300.814
300.767
300.689
300.602
300.525
300.461
300.403
300.353
300.3
300.249
300.194
300.143
300.089
300.042
300.092
300.182
300.265
300.348
300.423
300.518
300.648
300.746
300.81
300.836
300.811
300.746
300.658
300.575
300.505
300.45
300.395
300.349
300.296
300.246
300.194
300.14
300.088
300.042
300.091
300.183
300.269
300.343
300.419
300.511
300.62
300.724
300.812
300.851
300.844
300.791
300.713
300.627
300.551
300.491
300.441
300.392
300.344
300.295
300.242
300.192
300.139
300.089
300.041
300.085
300.177
300.263
300.331
300.413
300.487
300.599
300.707
300.812
300.854
300.871
300.832
300.763
300.679
300.602
300.536
300.48
300.431
300.386
300.339
300.29
300.243
300.19
300.139
300.089
300.039
300.083
300.178
300.26
300.332
300.407
300.48
300.586
300.683
300.793
300.862
300.891
300.867
300.807
300.729
300.65
300.581
300.524
300.473
300.427
300.383
300.339
300.289
300.24
300.19
300.139
300.09
300.041
300.083
300.177
300.254
300.321
300.397
300.462
300.557
300.648
300.759
300.865
300.901
300.898
300.85
300.777
300.697
300.626
300.565
300.515
300.468
300.423
300.38
300.336
300.285
300.239
300.188
300.137
300.089
300.041
300.086
300.176
300.246
300.318
300.392
300.459
300.54
300.622
300.758
300.861
300.909
300.919
300.89
300.822
300.742
300.668
300.605
300.551
300.507
300.463
300.422
300.379
300.334
300.287
300.237
300.19
300.138
300.089
300.041
300.085
300.169
300.244
300.31
300.375
300.445
300.532
300.625
300.746
300.838
300.912
300.935
300.92
300.868
300.793
300.716
300.648
300.593
300.542
300.502
300.459
300.418
300.38
300.332
300.289
300.24
300.189
300.138
300.087
300.041
300.083
300.165
300.239
300.302
300.37
300.447
300.528
300.61
300.719
300.825
300.909
300.947
300.944
300.906
300.838
300.761
300.69
300.629
300.581
300.537
300.498
300.458
300.42
300.377
300.333
300.286
300.237
300.187
300.14
300.088
300.042
300.078
300.161
300.228
300.3
300.369
300.444
300.51
300.598
300.69
300.81
300.901
300.954
300.965
300.939
300.882
300.808
300.733
300.67
300.619
300.573
300.533
300.498
300.46
300.42
300.377
300.332
300.286
300.238
300.188
300.14
300.089
300.04
300.077
300.16
300.226
300.294
300.362
300.435
300.507
300.593
300.67
300.794
300.891
300.956
300.981
300.968
300.92
300.85
300.776
300.713
300.654
300.608
300.566
300.529
300.493
300.456
300.418
300.377
300.333
300.287
300.238
300.19
300.141
300.093
300.042
300.078
300.158
300.225
300.292
300.357
300.421
300.497
300.575
300.657
300.777
300.878
300.954
300.992
300.991
300.956
300.892
300.82
300.748
300.691
300.642
300.6
300.562
300.527
300.493
300.457
300.42
300.379
300.335
300.289
300.24
300.191
300.143
300.093
300.018
300.044
300.076
300.154
300.22
300.284
300.348
300.417
300.491
300.567
300.641
300.744
300.866
300.948
300.998
301.008
300.986
300.934
300.864
300.789
300.727
300.676
300.634
300.595
300.561
300.527
300.494
300.459
300.422
300.382
300.338
300.291
300.244
300.194
300.137
300.07
300.096
300.019
300.043
300.075
300.152
300.219
300.28
300.35
300.412
300.478
300.557
300.633
300.723
300.85
300.943
301.001
301.024
301.01
300.966
300.901
300.83
300.764
300.711
300.667
300.628
300.593
300.561
300.529
300.496
300.462
300.425
300.385
300.341
300.296
300.247
300.174
300.2
300.122
300.162
300.149
300.069
300.096
300.019
300.045
300.074
300.147
300.216
300.27
300.346
300.405
300.468
300.549
300.623
300.711
300.837
300.933
301.001
301.034
301.031
300.996
300.937
300.869
300.802
300.745
300.699
300.659
300.625
300.593
300.562
300.531
300.499
300.466
300.429
300.389
300.346
300.299
300.228
300.255
300.189
300.123
300.176
300.151
300.07
300.098
300.021
300.045
300.071
300.14
300.21
300.264
300.342
300.395
300.462
300.532
300.62
300.705
300.824
300.926
300.999
301.042
301.049
301.023
300.972
300.906
300.839
300.78
300.732
300.69
300.655
300.623
300.594
300.564
300.534
300.503
300.47
300.434
300.395
300.35
300.283
300.308
300.219
300.247
300.203
300.126
300.179
300.155
300.072
300.101
300.02
300.047
300.067
300.138
300.212
300.271
300.331
300.397
300.464
300.531
300.619
300.696
300.8
300.915
300.996
301.047
301.064
301.048
301.003
300.942
300.875
300.814
300.764
300.721
300.685
300.652
300.624
300.595
300.567
300.538
300.508
300.476
300.44
300.4
300.335
300.361
300.276
300.304
300.23
300.258
300.207
300.13
300.184
300.16
300.076
300.106
300.021
300.05
300.071
300.146
300.206
300.266
300.326
300.399
300.454
300.526
300.606
300.682
300.782
300.901
300.991
301.05
301.077
301.069
301.033
300.976
300.911
300.849
300.796
300.752
300.714
300.682
300.653
300.625
300.598
300.571
300.543
300.514
300.482
300.447
300.388
300.413
300.332
300.359
300.285
300.313
300.236
300.264
300.213
300.136
300.189
300.166
300.08
300.111
300.023
300.053
300.068
300.138
300.209
300.259
300.328
300.394
300.455
300.521
300.592
300.676
300.775
300.882
300.981
301.05
301.087
301.088
301.06
301.008
300.945
300.883
300.829
300.783
300.744
300.71
300.68
300.654
300.628
300.602
300.576
300.549
300.521
300.489
300.439
300.462
300.387
300.414
300.34
300.368
300.292
300.32
300.241
300.27
300.219
300.142
300.197
300.173
300.084
300.117
300.024
300.056
300.065
300.139
300.209
300.266
300.331
300.387
300.448
300.505
300.59
300.675
300.765
300.868
300.973
301.049
301.094
301.105
301.085
301.038
300.978
300.917
300.862
300.814
300.774
300.738
300.707
300.681
300.656
300.631
300.607
300.582
300.557
300.529
300.486
300.507
300.441
300.466
300.395
300.422
300.348
300.377
300.299
300.328
300.248
300.278
300.227
300.149
300.205
300.182
300.089
300.124
300.026
300.06
300.07
300.146
300.21
300.269
300.32
300.375
300.448
300.513
300.593
300.668
300.756
300.854
300.959
301.045
301.099
301.119
301.106
301.067
301.009
300.948
300.893
300.846
300.804
300.768
300.737
300.708
300.683
300.66
300.636
300.614
300.591
300.566
300.529
300.547
300.491
300.513
300.449
300.476
300.405
300.433
300.357
300.387
300.308
300.338
300.257
300.288
300.236
300.158
300.215
300.192
300.095
300.132
300.028
300.064
300.068
300.137
300.205
300.269
300.322
300.386
300.447
300.514
300.585
300.662
300.747
300.842
300.95
301.039
301.1
301.13
301.126
301.092
301.037
300.977
300.922
300.874
300.835
300.802
300.77
300.739
300.712
300.689
300.667
300.646
300.627
300.605
300.567
300.588
300.535
300.556
300.501
300.524
300.461
300.49
300.417
300.449
300.37
300.404
300.32
300.355
300.268
300.302
300.248
300.168
300.227
300.204
300.102
300.141
300.03
300.07
300.069
300.14
300.2
300.26
300.324
300.377
300.448
300.521
300.585
300.659
300.74
300.829
300.94
301.033
301.1
301.138
301.142
301.114
301.062
301.003
300.948
300.902
300.869
300.839
300.809
300.779
300.75
300.724
300.704
300.689
300.681
300.674
300.623
300.616
300.58
300.608
300.55
300.58
300.521
300.558
300.488
300.542
300.448
300.515
300.398
300.468
300.342
300.403
300.284
300.331
300.265
300.179
300.244
300.221
300.11
300.152
300.032
300.075
300.072
300.145
300.203
300.256
300.318
300.372
300.45
300.503
300.588
300.656
300.735
300.819
300.928
301.027
301.099
301.143
301.156
301.135
301.086
301.026
300.971
300.933
300.909
300.889
300.869
300.843
300.812
300.784
300.77
300.781
300.827
300.886
300.944
300.659
300.812
300.623
300.695
300.613
300.707
300.63
300.783
300.637
300.874
300.606
300.891
300.53
300.81
300.422
300.644
300.321
300.452
300.309
300.195
300.291
300.263
300.119
300.164
300.034
300.081
300.079
300.156
300.212
300.262
300.318
300.378
300.449
300.509
300.592
300.657
300.733
300.812
300.92
301.02
301.097
301.147
301.166
301.152
301.108
301.048
300.995
300.972
300.971
300.983
300.991
300.979
300.947
300.92
300.955
301.101
301.298
301.523
301.836
301.613
302.182
300.831
301.136
300.869
301.194
301.062
301.534
301.329
302.049
301.462
302.457
301.406
302.581
301.178
302.303
300.81
301.709
300.486
301.012
300.506
300.227
300.498
300.447
300.129
300.185
300.035
300.086
300.092
300.176
300.228
300.276
300.324
300.381
300.43
300.508
300.585
300.66
300.73
300.809
300.911
301.012
301.094
301.149
301.175
301.167
301.127
301.069
301.025
301.031
301.094
301.195
301.278
301.304
301.273
301.268
301.499
302.083
302.702
303.086
303.485
303.025
303.957
302.968
303.793
301.645
302.263
302.132
302.868
302.921
303.874
303.699
305.017
304.19
305.973
304.225
306.462
303.589
306.257
302.357
305.104
301.209
303.038
301.344
300.358
301.364
301.22
300.139
300.254
300.037
300.091
300.108
300.205
300.259
300.304
300.337
300.385
300.434
300.516
300.58
300.66
300.727
300.806
300.904
301.004
301.089
301.149
301.182
301.181
301.146
301.089
301.062
301.133
301.35
301.657
301.927
302.027
301.992
302.075
302.718
304.106
305.372
305.838
305.74
305.133
305.93
304.662
305.734
305.287
306.163
303.651
304.459
304.838
305.826
306.323
307.583
307.753
309.432
308.748
310.956
309.099
311.844
308.506
311.868
306.673
310.707
303.628
308.107
304
300.934
304.04
303.663
300.166
300.581
300.04
300.1
300.099
300.226
300.297
300.342
300.355
300.392
300.456
300.518
300.579
300.659
300.721
300.809
300.9
300.995
301.083
301.149
301.187
301.194
301.162
301.111
301.112
301.295
301.773
302.396
302.827
302.914
302.874
303.1
304.209
306.248
308.399
309.61
309.481
309.092
306.663
308.388
307.071
308.097
308.562
309.445
306.778
307.683
308.774
309.912
310.986
312.403
312.986
314.791
314.383
316.673
314.996
317.767
314.53
317.91
312.687
316.867
309.184
314.302
309.754
302.896
309.692
308.9
300.299
301.923
300.037
300.15
300.159
300.297
300.37
300.392
300.424
300.486
300.521
300.576
300.653
300.721
300.807
300.897
300.988
301.075
301.147
301.191
301.203
301.179
301.134
301.174
301.519
302.332
303.271
303.801
303.862
303.789
304.181
305.655
308.426
311.342
313.22
313.984
313.325
311.734
313.358
309.15
310.457
310.34
311.287
312.774
313.614
310.953
311.896
313.707
314.88
316.394
317.796
318.65
320.312
320.158
322.159
320.808
323.125
320.364
323.225
318.694
322.311
315.369
320.029
315.897
307.462
315.811
315.061
301.039
305.547
300.067
300.678
300.171
300.341
300.419
300.473
300.518
300.524
300.584
300.663
300.723
300.798
300.898
300.981
301.069
301.143
301.195
301.212
301.193
301.158
301.232
301.749
302.923
304.183
304.807
304.829
304.743
305.228
307.084
310.211
312.856
314.772
316.28
317.249
314.963
316.821
314.627
316.005
312.305
313.422
314.421
315.227
317.596
318.296
315.908
316.804
319.036
320.086
321.721
322.862
323.696
324.776
324.745
325.731
325.114
326.111
324.867
326.203
323.553
325.806
320.829
324.331
321.134
313.638
320.948
320.321
317.248
303.788
311.627
300.842
303.832
300.169
300.371
300.483
300.553
300.549
300.601
300.668
300.725
300.798
300.893
300.978
301.061
301.139
301.195
301.223
301.207
301.172
301.272
301.936
303.469
305.074
305.817
305.808
305.695
306.256
308.219
310.852
312.701
314.403
316.034
317.877
319.846
317.376
319.306
317.89
318.908
316.071
316.95
318.917
319.495
322.238
322.656
320.967
321.679
323.776
324.408
325.519
325.966
326.331
326.659
326.605
326.823
326.706
326.866
326.77
326.96
326.364
326.98
324.755
326.659
325.755
322.988
324.761
319.635
315.774
319.183
322.518
324.606
324.555
322.281
306.816
310.617
318.329
317.922
314.561
306.28
310.734
308.712
311.748
300.17
300.423
300.582
300.579
300.612
300.674
300.73
300.799
300.884
300.979
301.055
301.134
301.195
301.23
301.226
301.19
301.287
302.038
303.898
305.896
306.812
306.798
306.659
307.251
309.102
310.779
312.046
313.037
314.204
316.253
319.121
321.764
321.536
320.026
321.124
321.151
321.75
320.048
320.595
322.972
323.214
325.168
325.179
324.821
325.054
326.258
326.313
326.835
326.847
326.956
326.938
326.814
326.649
326.736
326.173
327.019
326.893
326.592
326.051
326.996
327.096
326.681
326.516
326.968
326.644
325.87
326.828
327.087
325.938
321.852
321.296
324.31
325.826
325.942
324.028
314.479
320.783
320.435
317.681
302.979
306.079
313.346
315.178
316.02
300.2
300.525
300.617
300.632
300.683
300.739
300.805
300.88
300.983
301.053
301.129
301.193
301.234
301.241
301.211
301.285
302.049
304.14
306.591
307.774
307.784
307.622
308.21
309.624
310.602
311.09
310.679
309.612
310.544
314.231
319.602
323.013
322.746
322.407
322.931
323.765
323.992
323.406
323.586
325.172
325.165
326.026
325.879
326.272
326.173
326.791
326.624
326.83
326.552
326.317
325.863
325.395
324.595
325.485
324.821
324.273
323.647
326.223
325.532
324.77
327.132
326.877
325.8
325.381
326.27
327.13
326.814
327.163
327.126
326.835
323.645
323.221
325.652
326.807
326.729
325.418
317.958
322.841
322.587
320.353
300.281
302.123
311.455
318.525
316.515
300.335
300.651
300.669
300.703
300.753
300.816
300.881
300.977
301.054
301.126
301.191
301.236
301.252
301.228
301.265
301.978
304.174
307.075
308.667
308.764
308.541
309.066
309.949
310.416
310.241
308.503
305.927
305.932
308.412
312.487
321.057
317.33
324.042
323.245
324.189
324.221
325.215
325.236
325.167
325.185
325.77
325.722
325.71
325.518
326.331
326.006
326.056
325.441
325.215
324.41
323.772
322.923
323.137
322.548
322.067
321.515
324.006
323.264
322.564
321.884
324.947
324.031
323.111
326.75
325.989
324.36
323.798
324.963
327.111
327.169
327.102
326.631
327.184
325.126
324.808
326.62
327.19
327.193
326.466
320.54
324.517
324.289
322.494
300.043
307.659
300.882
319.828
314.874
300.593
300.698
300.733
300.773
300.83
300.887
300.971
301.058
301.126
301.189
301.237
301.26
301.245
301.244
301.775
304.037
307.248
309.422
309.677
309.447
309.754
310.115
310.249
309.486
306.925
303.88
303.338
304.886
307.881
311.736
320.605
316.837
324.662
323.396
325.227
325.112
325.814
325.82
325.727
325.762
325.471
325.518
324.117
324.131
324.845
324.373
323.494
322.649
321.877
321.052
321.092
320.645
320.357
320.121
321.27
320.677
320.17
319.727
322.225
321.399
320.649
319.991
323.287
322.21
321.188
325.73
324.575
322.57
321.916
323.276
326.526
327.095
326.456
325.514
327.12
326.272
326.045
327.183
327.166
327.251
327.143
322.136
325.808
325.537
324.001
300.033
305.328
300.652
319.92
313.451
300.747
300.766
300.797
300.847
300.898
300.97
301.059
301.127
301.189
301.238
301.266
301.261
301.239
301.561
303.57
307.182
309.907
310.471
310.258
310.249
310.291
310.074
308.746
305.797
302.894
302.054
302.775
305.534
310.063
313.551
312.247
320.103
316.501
324.9
323.181
325.778
325.565
325.991
326.046
325.621
325.819
324.277
324.614
321.757
321.987
322.034
321.722
320.489
320.075
319.875
320.002
319.447
319.366
319.444
319.593
319.427
318.996
318.763
318.763
320.272
319.49
318.856
318.401
321.354
320.231
319.268
324.238
322.818
320.59
319.953
321.35
325.356
326.454
325.267
323.967
326.515
327.072
326.95
327.339
326.671
326.894
327.433
322.981
326.755
326.429
325.001
300.024
304.448
300.507
319.813
312.735
300.804
300.827
300.867
300.911
300.972
301.054
301.132
301.189
301.239
301.271
301.275
301.245
301.395
302.902
306.798
310.03
311.088
310.897
310.651
310.435
309.813
307.982
304.806
302.352
301.489
301.666
303.398
309.246
313.898
314.481
314.364
319.703
316.524
324.864
322.783
325.999
325.717
325.911
326.045
325.086
325.558
322.566
323.398
319.107
319.58
319.591
319.16
320.016
319.891
320.949
321.623
322.648
322.174
318.892
319.208
319.672
320.279
318.192
318.22
318.446
318.885
318.502
317.961
317.702
317.721
319.409
318.445
317.749
322.441
320.888
318.743
318.238
319.446
323.778
325.27
323.685
322.157
325.4
327.509
327.527
327.187
325.676
326.097
327.472
323.575
327.433
327.135
325.765
300.017
303.99
300.451
319.898
312.686
300.862
300.891
300.927
300.978
301.052
301.139
301.192
301.24
301.275
301.286
301.262
301.298
302.256
305.839
309.904
311.473
311.414
311.036
310.535
309.408
307.095
303.891
301.963
301.253
301.178
301.836
305.33
311.893
316.646
316.03
316.142
316.221
319.609
317.164
324.632
322.405
326.001
325.669
325.659
325.908
324.286
325.085
320.545
321.791
317.347
317.171
319.223
318.328
322.847
322.893
323.571
323.636
324.647
326.108
325.507
319.552
320.425
321.435
322.531
317.976
318.493
319.307
320.359
317.352
317.304
317.469
318.021
317.817
317.211
317.006
320.536
319.066
317.356
317.047
317.873
321.979
323.72
321.924
320.299
323.935
327.685
327.864
326.652
324.357
325.01
327.274
324.217
327.915
327.755
326.515
300.049
304.002
300.837
320.442
313.404
300.921
300.947
300.987
301.053
301.137
301.199
301.243
301.279
301.295
301.28
301.263
301.757
304.569
309.367
311.561
311.837
311.378
310.53
308.884
306.094
303.126
301.703
301.151
301.022
301.173
302.266
305.737
311.364
317.775
316.135
318.189
318.14
320.043
318.59
324.339
322.281
325.877
325.501
325.077
325.495
323.095
324.243
318.03
319.507
316.961
315.328
321.853
319.402
326.312
326.151
329.638
328.747
327.352
328.52
330.02
329.431
321.614
323.034
324.516
325.98
318.864
319.999
321.401
323.001
317.077
317.508
318.291
319.414
316.881
316.813
317.083
318.803
317.626
316.718
316.624
316.848
320.183
322.027
320.215
318.658
322.357
327.761
328.069
325.888
322.948
323.863
326.84
325.004
328.262
328.229
327.215
300.985
305.527
303.249
321.65
315.792
300.972
301
301.056
301.134
301.208
301.249
301.283
301.303
301.297
301.261
301.453
303.301
308.019
311.438
312.103
311.676
310.511
308.434
305.247
302.68
301.558
301.138
301.003
300.989
301.228
302.287
304.206
310.176
305.403
317.65
314.302
319.858
319.15
321.12
320.297
324.117
322.53
325.511
325.175
323.803
324.48
321.155
322.654
315.161
316.359
318.651
314.659
327.525
325.649
323.654
330.213
330.102
332.15
331.195
331.062
332.105
333.149
332.818
324.716
326.478
328.176
329.724
320.845
322.526
324.38
326.296
317.718
318.718
320.077
321.754
316.753
317.18
318.007
317.47
316.733
316.727
316.68
316.548
318.643
320.438
318.803
317.432
320.918
327.715
328.238
325.094
321.714
322.92
326.379
325.908
328.509
328.583
327.813
310.921
310.717
313.476
323.474
320.744
301.018
301.064
301.135
301.215
301.257
301.288
301.31
301.311
301.279
301.313
302.307
306.193
310.893
312.146
311.943
310.54
307.976
304.597
302.515
301.588
301.181
301.025
300.97
300.972
301.164
301.5
301.562
305.98
302.74
314.752
310.41
319.793
317.898
321.662
320.839
323.692
322.617
324.655
324.453
321.347
322.32
318.148
319.91
312.748
312.572
323.169
319.811
316.029
329.979
328.336
325.518
328.083
333.156
332.827
332.88
331.859
333.983
334.711
335.037
335.05
328.174
329.954
331.557
332.918
323.653
325.667
327.683
329.599
319.224
320.81
322.686
324.748
317.286
318.26
319.739
316.673
316.476
317.299
317.163
316.586
317.548
319.184
317.864
316.722
319.854
327.58
328.34
324.393
320.921
322.304
326.037
326.837
328.712
328.859
328.307
318.43
320.142
323.908
325.548
325.014
301.076
301.142
301.216
301.269
301.297
301.318
301.324
301.301
301.275
301.696
304.336
309.39
312.026
312.153
310.641
307.814
304.35
302.616
301.787
301.343
301.111
301.001
300.952
300.936
300.94
300.908
300.957
300.805
302.733
301.378
309.794
305.599
316.959
313.862
320.482
319.082
322.37
321.532
322.777
322.772
317.386
318.538
314.03
315.811
311.533
309.573
324.505
321.608
319.954
316.496
330.775
329.539
326.631
328.336
334.607
333.843
332.729
331.64
335.909
336.246
335.778
336.231
331.34
332.865
334.169
335.206
326.863
328.914
330.802
332.484
321.564
323.631
325.819
328.004
318.45
320.156
322.249
316.467
316.508
318.34
318.024
316.947
316.977
318.45
317.507
316.604
319.38
327.493
328.439
324.009
320.643
322.169
325.825
327.636
328.88
329.104
328.683
310.094
325.993
325.791
327.151
327.377
301.154
301.222
301.287
301.309
301.326
301.335
301.321
301.278
301.401
302.865
307.19
311.444
312.189
310.904
307.894
304.417
302.857
302.216
301.751
301.352
301.101
300.986
300.93
300.885
300.842
300.779
300.773
300.755
301.198
300.86
304.39
302.188
311.44
307.821
316.579
314.397
318.999
318.097
319.17
319.306
311.896
313.029
309.174
310.501
313.681
310.764
308.358
325.021
322.767
320.887
318.029
330.634
329.597
326.743
327.945
334.927
333.889
331.7
330.363
337.228
337.199
335.892
336.732
334.006
335.273
336.26
336.934
330.071
331.924
333.587
335.05
324.557
326.893
329.128
331.188
320.189
322.542
325.213
316.573
316.785
319.835
319.395
317.712
316.962
318.33
317.632
316.802
319.46
327.458
328.532
323.894
320.816
322.352
325.722
328.3
329.079
329.339
329.037
317.41
328.005
327.286
328.175
328.486
301.235
301.298
301.324
301.338
301.346
301.339
301.302
301.301
301.95
304.964
309.764
312.028
311.291
308.158
304.606
303.18
302.648
302.342
301.92
301.366
301.079
300.967
300.913
300.862
300.817
300.761
300.736
300.743
300.783
300.74
301.467
300.953
304.846
302.688
309.959
307.509
313.071
311.835
313.577
313.649
305.605
306.244
306.318
305.6
314.878
311.681
308.187
310.905
324.949
323.161
321.339
319.175
329.458
328.759
326.144
326.826
334.763
333.25
330.21
328.537
338.007
337.544
335.679
336.761
336.263
337.19
337.814
338.062
333.005
334.63
336.012
337.13
327.883
330.268
332.313
334.042
322.33
325.253
328.316
316.908
317.598
321.849
321.317
319.016
317.351
318.667
318.371
317.374
320.048
327.506
328.715
323.993
321.651
323.108
325.902
328.838
329.262
329.577
329.365
306.441
328.782
324.15
328.825
329.073
301.308
301.339
301.353
301.358
301.354
301.328
301.287
301.503
303.201
307.343
311.289
311.415
308.778
304.957
303.453
303.037
302.911
302.627
301.969
301.323
301.036
300.953
300.903
300.856
300.807
300.736
300.735
300.757
300.722
300.71
300.713
300.776
300.721
301.372
300.949
303.383
302.193
305.756
304.67
306.543
306.44
302.829
302.306
305.984
303.87
316.54
313.674
309.746
312.58
324.319
323.099
321.357
319.696
327.646
327.212
325.006
325.265
334.113
332.207
328.624
326.662
338.172
337.49
335.024
336.503
337.971
338.5
338.648
338.576
335.616
336.898
337.893
338.581
331.088
333.36
335.099
336.483
324.945
328.304
331.5
317.925
319.249
324.38
324.305
321.362
318.385
319.789
319.856
318.928
321.409
327.741
328.798
324.506
322.615
323.548
326.288
329.244
329.48
329.784
329.642
305.043
328.763
321.376
329.252
329.363
301.351
301.368
301.372
301.369
301.35
301.301
301.337
302.104
304.993
309.255
311.204
309.73
305.636
303.683
303.32
303.379
303.295
302.721
301.915
301.209
301.015
300.942
300.887
300.84
300.792
300.725
300.727
300.749
300.711
300.691
300.701
300.683
300.684
300.725
300.691
300.984
300.812
301.551
301.246
302.067
301.839
302.977
301.744
310.094
307.698
305.612
317.719
315.306
312.392
314.606
323.275
322.56
320.865
319.741
325.637
325.364
323.545
323.516
333.131
330.906
326.843
324.725
338.019
337.178
334.086
335.841
338.946
339.017
338.933
338.614
337.662
338.47
338.954
339.165
334.043
335.914
337.201
338.074
327.953
331.499
334.399
320.164
322.216
327.843
328.123
325.018
320.524
321.402
321.728
321.704
322.373
328.126
329.028
324.888
323.179
323.864
326.614
329.556
329.6
329.96
329.872
306.314
328.072
320.322
329.549
329.402
301.379
301.389
301.384
301.369
301.332
301.3
301.567
303.184
306.752
310.263
310.098
306.907
304.057
303.491
303.686
303.832
303.455
302.726
301.68
301.132
300.996
300.93
300.874
300.823
300.774
300.714
300.721
300.737
300.7
300.679
300.689
300.662
300.67
300.655
300.656
300.675
300.659
300.793
300.713
301.19
300.929
306.004
303.101
311.874
309.629
307.646
309.762
318.257
316.564
313.793
315.436
321.847
321.571
319.75
319.143
323.712
323.482
321.829
321.656
331.902
329.377
324.927
322.655
337.594
336.483
332.982
334.965
339.191
339.12
338.814
338.278
338.701
339.054
339.184
339.189
336.266
337.456
338.159
338.567
331.488
334.414
335.994
323.534
325.639
331.036
329.589
327.511
322.479
322.341
322.448
323.558
322.68
328.395
329.13
325.09
323.242
323.748
326.698
329.798
329.765
330.08
330.048
304.735
327.304
318.721
329.758
329.311
301.406
301.402
301.387
301.359
301.306
301.363
302.088
304.5
308.036
309.821
308.118
304.937
303.687
303.822
304.168
304.075
303.503
302.53
301.444
301.071
300.979
300.919
300.862
300.81
300.754
300.73
300.706
300.714
300.692
300.669
300.68
300.648
300.658
300.636
300.642
300.643
300.634
300.77
300.675
301.638
301.019
308.688
307.676
306.013
304.153
312.805
311.306
310.188
318.184
316.91
314.215
315.482
319.996
319.982
317.814
317.648
321.76
321.591
319.856
319.607
330.539
327.705
322.937
320.427
336.79
335.575
331.839
333.962
339.088
338.791
338.274
337.68
338.838
338.91
338.862
338.725
337.002
337.589
337.888
338.011
332.865
334.093
334.44
324.845
325.568
330.388
328.213
326.961
322.93
322.519
322.375
323.345
322.643
328.172
329.105
325.017
323.02
323.589
326.905
329.982
329.764
330.121
330.153
303.911
326.583
318.371
329.867
329.142
301.426
301.405
301.383
301.337
301.312
301.561
302.877
305.681
308.599
308.536
306.212
304.124
303.909
304.3
304.496
304.165
303.4
302.179
301.23
301.036
300.965
300.906
300.849
300.801
300.719
300.722
300.713
300.747
300.699
300.707
300.684
300.659
300.671
300.634
300.647
300.608
300.619
300.624
300.608
300.839
300.68
302.164
301.237
308.887
307.157
306.023
303.942
312.787
311.564
310.036
317.238
316.513
313.783
314.536
317.708
317.815
315.175
315.193
319.666
319.528
317.439
317.248
329.16
325.964
320.989
318.063
336.167
334.859
330.999
333.181
338.412
338.089
337.709
337.153
337.99
337.942
337.834
337.623
334.854
335.154
335.298
335.4
331.625
332.745
325.402
324.084
321.999
324.661
324.797
323.49
322.513
322.425
322.096
320.056
322.488
328.331
329.113
324.629
323.18
323.972
326.685
330.108
329.652
330.12
330.218
300.961
326.294
314.744
329.909
329.006
301.436
301.4
301.369
301.315
301.365
301.939
303.733
306.442
308.173
307.022
305.045
304.1
304.32
304.669
304.663
304.147
303.079
301.717
301.124
301.013
300.95
300.892
300.837
300.788
300.706
300.715
300.697
300.735
300.69
300.676
300.647
300.661
300.621
300.633
300.6
300.609
300.616
300.6
300.841
300.675
302.192
301.25
308.128
306.195
305.461
304.429
302.856
302.318
311.737
310.991
308.887
315.151
314.989
312.177
312.327
314.814
315.069
311.973
312.092
317.382
317.214
314.602
314.573
328.262
324.628
320.071
315.972
335.454
334.41
330.621
332.841
337.422
337.343
336.692
336.106
335.398
335.547
335.535
335.574
325.561
325.796
325.821
325.883
325.526
326.331
318.477
321.913
316.894
318.394
318.509
317.778
319.406
322.283
318.946
315.711
318.394
328.331
328.808
325.322
318.259
318.391
326.408
330.167
329.601
330.052
330.218
300.865
326.068
314.255
329.905
328.991
301.438
301.388
301.347
301.32
301.504
302.436
304.424
306.733
307.129
305.831
304.58
304.349
304.679
304.927
304.703
303.91
302.581
301.332
301.071
300.994
300.935
300.879
300.826
300.767
300.688
300.697
300.708
300.682
300.725
300.666
300.637
300.65
300.608
300.622
300.585
300.595
300.594
300.584
300.762
300.639
301.704
301.043
306.741
304.768
303.093
301.916
301.807
309.572
309.381
307.046
312.181
312.277
309.439
309.189
311.582
311.763
308.513
308.622
314.883
314.614
311.596
311.65
327.957
324.136
319.854
315.013
334.466
333.597
330.345
332.365
335.525
335.475
335.76
334.933
325.835
325.982
325.972
326.194
318.377
318.468
318.439
318.494
318.499
318.894
310.406
316.463
309.886
310.462
310.529
310.22
315.032
319.012
314.508
309.171
313.843
327.744
328.93
325.112
318.428
313.583
313.5
326.57
330.16
329.368
329.956
330.185
389.799
326.549
319.034
329.883
329.073
301.433
301.369
301.326
301.352
301.736
302.918
304.83
306.537
306.068
305.108
304.505
304.633
304.967
305.048
304.577
303.462
301.932
301.166
301.041
300.977
300.921
300.866
300.816
300.744
300.718
300.672
300.679
300.688
300.701
300.657
300.625
300.641
300.595
300.61
300.566
300.58
300.559
300.558
300.612
300.573
300.82
300.695
304.903
303.169
301.913
301.145
301.098
306.696
306.953
304.739
308.779
308.996
306.214
305.937
308.564
308.472
306.686
306.295
312.469
311.793
308.703
309.094
327.888
324.024
320.616
315.261
333.355
332.319
330.115
331.916
326.392
333.888
334.422
333.843
318.455
318.67
318.717
319.003
310.33
310.374
310.365
310.4
310.475
310.632
303.263
309.541
303.147
303.293
303.312
303.249
308.776
314.167
308.475
302.935
308.049
328.237
328.484
319.057
313.427
307.861
307.787
319.503
330.094
329.391
329.587
330.023
719.857
327.764
341.176
329.818
329.259
301.42
301.346
301.324
301.431
302.005
303.278
304.941
305.9
305.307
304.745
304.619
304.921
305.177
305.035
304.226
302.806
301.396
301.097
301.019
300.961
300.907
300.854
300.808
300.73
300.713
300.707
300.662
300.67
300.681
300.694
300.646
300.613
300.629
300.58
300.597
300.549
300.564
300.524
300.534
300.525
300.521
300.794
300.606
300.578
300.538
303
301.828
301.161
300.815
303.981
304.367
302.736
306.072
305.836
304.149
304.463
307.443
307.069
306.667
306.051
311.449
309.745
307.784
308.407
328.189
324.666
323.216
317.845
326.849
331.846
330.239
331.474
319.219
327.436
326.516
326.473
310.39
310.553
310.594
310.825
303.249
303.251
303.25
303.263
303.317
303.317
303.048
302.82
308.252
302.7
302.556
327.002
319.769
328.74
313.571
307.697
302.49
302.459
313.752
329.974
328.554
329.45
329.882
841.687
328.929
391.976
329.723
329.277
301.402
301.329
301.338
301.548
302.244
303.471
304.895
305.225
304.826
304.639
304.788
305.156
305.276
304.814
303.64
301.99
301.188
301.063
301.001
300.946
300.894
300.844
300.794
300.724
300.703
300.696
300.688
300.651
300.661
300.674
300.634
300.6
300.617
300.566
300.583
300.535
300.55
300.508
300.521
300.486
300.494
300.627
300.54
300.53
300.485
301.829
301.254
300.907
300.702
303.249
302.865
302.08
305.481
304.983
303.824
304.563
307.722
307.247
308.714
307.583
312.275
309.508
308.321
309.339
329.271
326.626
327.508
323.359
320.576
327.443
330.328
327.164
311.009
320.192
319.702
320.068
303.272
303.329
303.361
303.465
302.623
320.384
313.965
327.202
320.545
307.712
302.437
307.761
329.776
328.721
328.627
329.532
952.341
333.37
576.742
329.543
329.481
301.378
301.324
301.371
301.674
302.409
303.533
304.664
304.754
304.621
304.692
305.035
305.327
305.199
304.342
302.823
301.394
301.113
301.04
300.984
300.932
300.882
300.836
300.776
300.719
300.692
300.687
300.681
300.675
300.668
300.642
300.655
300.624
300.589
300.606
300.556
300.572
300.525
300.54
300.494
300.509
300.466
300.477
300.584
300.521
300.499
300.49
300.469
300.465
301.538
301.152
300.887
300.704
303.559
302.642
302.177
306.428
305.374
304.937
306.399
310.471
309.639
313.449
311.791
316.891
311.487
311.556
313.684
329.801
328.891
329.421
329.654
312.089
321.212
327.894
321.246
303.55
311.605
311.417
311.791
314.275
307.852
320.997
314.463
302.432
302.44
329.597
327.179
321.08
327.938
329.212
979.459
350.984
740.831
329.392
330.758
301.355
301.326
301.42
301.777
302.502
303.492
304.352
304.505
304.585
304.828
305.269
305.387
304.872
303.599
301.87
301.188
301.08
301.022
300.969
300.919
300.872
300.83
300.77
300.715
300.685
300.682
300.669
300.665
300.662
300.655
300.648
300.635
300.616
300.58
300.598
300.546
300.563
300.514
300.53
300.48
300.497
300.455
300.458
300.462
300.588
300.519
300.482
300.46
301.801
301.434
301.094
300.826
305.598
303.619
303.33
309.963
308.091
307.737
310.089
316.238
314.863
319.939
317.803
325.712
318.239
318.393
322.83
327.956
329.477
329.037
331.241
303.87
312.571
322.711
312.789
303.65
303.66
303.748
307.975
302.466
314.69
308.082
329.261
321.753
314.895
327.299
320.864
328.519
993.641
392.765
836.659
329.334
334.437
301.341
301.333
301.468
301.851
302.541
303.394
304.09
304.369
304.634
305.082
305.41
305.22
304.249
302.604
301.339
301.123
301.059
301.006
300.956
300.907
300.863
300.818
300.769
300.714
300.681
300.68
300.661
300.657
300.649
300.644
300.641
300.634
300.628
300.609
300.572
300.59
300.537
300.554
300.503
300.52
300.468
300.485
300.449
300.435
300.44
300.45
300.644
300.537
300.48
300.452
302.792
302.144
301.516
301.036
308.524
305.864
305.339
315.329
312.705
311.347
314.511
324.559
322.097
326.984
324.062
331.958
329.643
328.965
333.276
322.696
328.59
330.376
323.792
304.05
313.22
304.098
302.495
308.188
302.53
329.019
315.338
308.322
327.409
320.679
315.085
328.308
1002.5
443.661
895.57
329.482
341.619
301.333
301.345
301.509
301.904
302.527
303.259
303.868
304.319
304.781
305.331
305.392
304.746
303.316
301.641
301.178
301.095
301.042
300.992
300.944
300.897
300.854
300.805
300.755
300.711
300.679
300.679
300.654
300.652
300.64
300.635
300.628
300.623
300.621
300.613
300.601
300.563
300.582
300.527
300.545
300.492
300.509
300.458
300.474
300.421
300.429
300.43
300.434
300.445
300.44
300.731
300.563
300.481
304.319
303.129
302.052
301.275
311.33
308.295
307.167
321.124
317.885
314.773
318.684
334.818
330.596
334.335
329.937
333.432
334.423
336.524
336.769
313.441
323.583
331.491
324.3
313.904
304.232
302.562
328.764
308.523
302.606
325.612
320.839
314.977
308.501
327.344
1007.83
523.395
928.203
329.808
357.441
301.33
301.359
301.547
301.924
302.489
303.137
303.775
304.381
305.097
305.416
305.086
303.918
302.162
301.268
301.131
301.077
301.028
300.98
300.934
300.888
300.845
300.801
300.746
300.704
300.677
300.677
300.652
300.653
300.63
300.627
300.618
300.614
300.607
300.602
300.593
300.554
300.574
300.518
300.536
300.482
300.5
300.443
300.462
300.42
300.418
300.437
300.426
300.441
300.481
300.429
300.821
300.586
305.624
304.044
302.564
301.467
313.663
310.274
308.452
326.244
322.611
317.751
322.237
338.854
337.811
339.487
335.816
335.693
338.68
337.692
304.291
313.778
324.635
332.275
314.113
304.416
328.287
302.655
321.372
315.067
308.476
302.678
326.85
1011.27
600.433
950.347
331.207
379.96
301.33
301.378
301.569
301.923
302.45
303.104
303.826
304.674
305.349
305.272
304.393
302.767
301.43
301.171
301.111
301.062
301.016
300.971
300.926
300.883
300.835
300.796
300.748
300.702
300.676
300.673
300.655
300.654
300.624
300.622
300.609
300.606
300.597
300.592
300.587
300.581
300.547
300.567
300.51
300.529
300.471
300.49
300.431
300.45
300.413
300.429
300.409
300.474
300.416
300.478
300.592
300.412
300.41
300.871
306.422
304.425
302.75
301.533
315.594
311.739
309.252
330.842
326.549
320.301
325.202
340.193
340.404
341.446
340.038
339.329
332.949
304.37
314.188
324.652
304.442
328.157
315.397
320.489
308.558
302.687
326.518
1013.37
681.382
963.695
333.378
413.036
301.333
301.392
301.58
301.93
302.465
303.188
304.154
305.147
305.317
304.737
303.319
301.682
301.221
301.143
301.097
301.051
301.007
300.964
300.92
300.879
300.832
300.789
300.745
300.666
300.704
300.654
300.661
300.622
300.622
300.603
300.6
300.588
300.585
300.576
300.572
300.561
300.541
300.503
300.521
300.463
300.482
300.425
300.443
300.418
300.405
300.46
300.403
300.576
300.59
300.879
300.405
300.404
300.4
306.7
304.495
302.775
301.535
317.175
312.81
309.713
335.405
330.06
322.443
327.874
340.564
341.268
342.16
341.978
333.173
324.672
304.45
314.055
328.202
308.701
314.983
320.413
302.709
326.281
1014.64
751.724
972.342
340.052
450.212
301.34
301.408
301.606
301.98
302.607
303.595
304.825
305.286
304.954
303.75
302.029
301.289
301.176
301.129
301.086
301.043
301.001
300.959
300.918
300.875
300.83
300.787
300.743
300.665
300.625
300.626
300.708
300.623
300.617
300.598
300.597
300.583
300.582
300.568
300.564
300.556
300.551
300.535
300.496
300.515
300.456
300.475
300.418
300.436
300.441
300.407
300.397
300.547
300.398
300.818
300.865
300.4
300.397
300.393
300.394
306.738
304.453
302.697
301.472
318.508
313.614
309.937
339.384
333.596
324.372
330.492
333.291
341.476
342.418
342.751
324.554
313.994
304.404
328.664
302.736
308.605
314.913
320.374
326.182
1015.41
815.782
977.979
347.383
495.304
301.354
301.437
301.673
302.167
303.105
304.473
305.184
305.056
304.075
302.424
301.386
301.209
301.162
301.119
301.078
301.037
300.996
300.956
300.915
300.873
300.831
300.788
300.747
300.668
300.628
300.632
300.595
300.599
300.713
300.596
300.597
300.581
300.581
300.561
300.559
300.547
300.543
300.53
300.49
300.509
300.45
300.468
300.412
300.43
300.51
300.423
300.397
300.392
300.748
301.337
300.392
300.39
300.387
300.39
300.387
300.387
306.643
304.238
302.49
319.672
314.208
309.991
341.541
337.042
326.19
333.165
324.428
333.578
341.738
342.48
343.304
313.879
304.384
329.291
302.737
308.541
314.899
320.416
326.217
1015.84
860.932
981.232
363.194
541.487
301.386
301.512
301.897
302.767
304.182
305.037
305.063
304.3
302.768
301.513
301.241
301.191
301.154
301.113
301.071
301.032
300.993
300.953
300.915
300.874
300.834
300.786
300.748
300.669
300.633
300.632
300.604
300.606
300.577
300.579
300.718
300.581
300.581
300.557
300.555
300.54
300.538
300.526
300.522
300.485
300.504
300.445
300.463
300.408
300.426
300.67
300.472
300.406
300.389
301.17
302.223
300.388
300.384
300.381
300.384
300.381
300.382
300.378
300.383
306.455
303.912
320.76
314.672
309.996
342.873
339.649
328.039
335.715
313.778
324.536
334.556
342.521
333.975
343.473
304.35
331.725
302.711
308.529
314.938
320.218
326.45
1015.79
889.605
980.985
378.125
596.119
301.489
301.795
302.661
304.028
304.912
305.032
304.435
303.037
301.652
301.275
301.218
301.185
301.15
301.115
301.073
301.034
300.995
300.955
300.918
300.878
300.839
300.795
300.755
300.628
300.671
300.612
300.617
300.583
300.583
300.555
300.555
300.722
300.554
300.554
300.537
300.536
300.52
300.518
300.5
300.481
300.441
300.46
300.404
300.422
301.012
300.596
300.44
300.394
301.949
303.567
300.385
300.378
300.375
300.379
300.376
300.375
300.372
300.378
300.374
300.385
306.19
321.842
315.104
309.981
343.587
341.587
329.909
338.003
304.327
313.823
324.772
334.63
324.681
343.44
334.954
302.704
308.57
314.749
320.403
327.05
1015.17
905.175
976.507
404.802
639.735
301.848
302.68
304.016
304.844
304.982
304.497
303.213
301.787
301.31
301.243
301.212
301.179
301.144
301.115
301.076
301.042
301.001
300.956
300.922
300.883
300.846
300.803
300.767
300.633
300.592
300.594
300.682
300.581
300.589
300.551
300.555
300.536
300.532
300.728
300.536
300.536
300.516
300.515
300.497
300.495
300.478
300.437
300.456
300.401
300.419
301.709
300.878
300.536
300.416
303.264
305.929
300.383
300.373
300.369
300.374
300.371
300.369
300.367
300.369
300.365
300.378
300.372
300.4
322.991
315.543
309.986
344.034
343.06
331.826
340.048
304.354
313.929
334.638
324.985
313.908
343.53
342.637
302.714
308.439
314.857
320.066
328.19
1011.95
902.139
964.447
430.364
678.168
302.896
304.049
304.833
304.946
304.498
303.31
301.889
301.344
301.266
301.24
301.213
301.181
301.145
301.118
301.083
301.044
301.009
300.958
300.929
300.892
300.857
300.809
300.777
300.635
300.595
300.599
300.57
300.574
300.685
300.564
300.566
300.531
300.531
300.515
300.517
300.734
300.515
300.515
300.494
300.493
300.475
300.434
300.455
300.398
300.417
303.027
301.511
300.782
300.492
305.733
300.365
300.38
300.369
300.367
300.364
300.363
300.361
300.358
300.367
300.362
300.387
300.378
300.459
324.201
316.03
310.062
344.221
344.035
333.719
341.764
304.379
325.248
335.132
314.06
304.388
352.714
302.68
308.472
314.62
320.141
330.093
984.599
892.87
899.333
462.438
679.654
304.214
304.841
304.913
304.476
303.331
301.956
301.371
301.287
301.265
301.242
301.215
301.184
301.149
301.12
301.089
301.053
301.022
300.979
300.939
300.902
300.868
300.829
300.795
300.595
300.643
300.579
300.587
300.542
300.548
300.694
300.531
300.537
300.517
300.515
300.493
300.495
300.755
300.493
300.493
300.474
300.472
300.433
300.454
300.396
300.416
305.593
302.845
301.378
300.706
300.357
300.362
300.355
300.379
300.361
300.359
300.356
300.354
300.357
300.353
300.37
300.364
300.433
300.414
300.648
325.475
316.581
310.173
344.243
344.591
335.537
343.113
314.232
325.454
335.216
304.422
368.268
302.683
308.357
314.646
320.761
328.285
335.083
596.068
855.731
602.389
479.826
665.098
304.87
304.877
304.408
303.312
301.971
301.393
301.303
301.287
301.269
301.246
301.22
301.19
301.156
301.129
301.095
301.062
301.024
300.985
300.949
300.913
300.876
300.841
300.803
300.604
300.567
300.569
300.652
300.555
300.563
300.519
300.526
300.706
300.515
300.519
300.497
300.497
300.472
300.472
300.769
300.471
300.471
300.453
300.431
300.395
300.414
305.512
302.71
301.273
300.35
300.359
300.351
300.353
300.349
300.378
300.352
300.351
300.349
300.346
300.357
300.352
300.396
300.382
300.596
300.55
301.184
326.761
317.169
310.318
344.314
344.961
337.238
344.239
304.474
314.329
325.777
335.597
381.913
302.656
308.354
314.769
320.83
328.926
340.737
300.405
797.608
370.387
495.95
639.283
304.791
304.309
303.211
301.962
301.403
301.317
301.306
301.295
301.274
301.252
301.227
301.199
301.168
301.136
301.103
301.069
301.036
300.996
300.96
300.925
300.889
300.855
300.818
300.567
300.611
300.547
300.556
300.662
300.532
300.538
300.502
300.505
300.723
300.495
300.497
300.472
300.472
300.455
300.457
300.787
300.453
300.453
300.431
300.395
300.414
305.457
302.604
300.339
300.349
300.359
300.346
300.347
300.348
300.338
300.378
300.342
300.34
300.347
300.343
300.368
300.358
300.504
300.463
301.087
300.987
302.497
327.952
317.759
310.45
344.51
345.173
338.69
344.961
304.519
314.521
325.977
336.802
395.917
302.649
308.406
314.552
320.904
330.473
348.426
300.095
654.948
308.573
501.946
625.281
304.059
303.074
301.894
301.409
301.327
301.323
301.317
301.302
301.281
301.26
301.233
301.206
301.178
301.146
301.113
301.081
301.047
301.009
300.974
300.941
300.907
300.873
300.843
300.57
300.535
300.539
300.617
300.525
300.529
300.68
300.51
300.518
300.482
300.485
300.737
300.476
300.477
300.459
300.461
300.431
300.433
300.808
300.431
300.394
300.414
305.383
300.332
300.346
300.358
300.344
300.345
300.336
300.337
300.329
300.378
300.339
300.335
300.35
300.344
300.425
300.397
300.873
300.759
302.349
302.163
305.26
328.874
318.247
310.492
345.196
339.685
345.427
304.609
314.799
326.672
335.821
412.637
302.645
308.247
314.564
320.918
331.068
359.747
300.041
475.446
301.978
515.073
582.452
302.737
301.825
301.414
301.337
301.333
301.338
301.328
301.309
301.289
301.266
301.243
301.215
301.189
301.155
301.124
301.1
301.063
301.029
300.992
300.96
300.923
300.894
300.862
300.54
300.582
300.518
300.524
300.622
300.495
300.509
300.69
300.487
300.491
300.458
300.463
300.752
300.458
300.457
300.436
300.44
300.414
300.414
300.833
300.395
300.33
300.335
300.343
300.358
300.334
300.332
300.335
300.327
300.328
300.326
300.378
300.339
300.334
300.374
300.36
300.648
300.559
301.925
301.659
305.048
304.749
310.421
329.45
318.504
345.341
340.361
345.653
304.678
314.961
326.525
336.537
427.699
302.627
308.192
314.642
321.45
335.21
374.837
300.017
346.711
300.23
544.081
469.624
301.68
301.416
301.36
301.345
301.35
301.352
301.336
301.317
301.298
301.272
301.253
301.23
301.2
301.174
301.146
301.114
301.08
301.046
301.013
300.976
300.951
300.916
300.882
300.542
300.503
300.508
300.588
300.485
300.498
300.644
300.477
300.481
300.705
300.468
300.474
300.444
300.443
300.778
300.444
300.443
300.415
300.417
300.396
300.855
300.333
300.327
300.344
300.332
300.33
300.359
300.328
300.328
300.327
300.319
300.323
300.328
300.38
300.348
300.341
300.484
300.435
301.381
301.128
304.358
303.873
310.173
309.757
318.563
329.649
345.469
340.651
345.773
304.731
314.95
327.15
336.955
456.645
302.61
308.212
314.651
330.769
321.601
343.837
393.575
300.016
306.014
300.064
524.976
350.424
301.421
301.375
301.371
301.363
301.368
301.363
301.344
301.325
301.312
301.288
301.265
301.242
301.213
301.188
301.159
301.131
301.099
301.067
301.036
301.002
300.975
300.936
300.904
300.511
300.551
300.484
300.494
300.6
300.47
300.479
300.659
300.455
300.46
300.723
300.449
300.449
300.423
300.427
300.799
300.42
300.424
300.398
300.401
300.88
300.358
300.317
300.327
300.344
300.327
300.327
300.361
300.315
300.316
300.316
300.319
300.324
300.347
300.381
300.4
300.379
300.906
300.736
303.328
302.761
309.166
308.422
318.393
317.936
329.684
345.599
340.791
345.839
304.729
315.304
327.196
337.351
497.383
302.603
308.176
314.847
332.215
322.599
356.165
429.628
300.014
300.903
300.04
460.516
312.177
301.405
301.388
301.388
301.38
301.383
301.369
301.353
301.333
301.317
301.297
301.273
301.254
301.224
301.203
301.175
301.146
301.118
301.085
301.056
301.029
300.996
300.968
300.94
300.515
300.474
300.483
300.56
300.461
300.469
300.615
300.449
300.454
300.674
300.44
300.443
300.745
300.43
300.436
300.412
300.411
300.825
300.404
300.407
300.383
300.913
300.465
300.316
300.327
300.318
300.318
300.345
300.317
300.318
300.363
300.309
300.308
300.312
300.326
300.334
300.424
300.61
300.53
302.215
301.742
307.538
306.534
317.238
316.308
329.332
345.855
340.85
345.855
304.808
315.302
327.592
337.574
487.921
302.586
308.267
315.132
336.461
333.197
322.739
374.614
467.112
300.013
300.198
300.034
359.711
302.624
301.424
301.406
301.403
301.397
301.394
301.375
301.361
301.341
301.325
301.308
301.284
301.264
301.24
301.215
301.187
301.159
301.133
301.103
301.077
301.048
301.02
300.991
300.97
300.483
300.521
300.457
300.469
300.569
300.441
300.448
300.629
300.43
300.433
300.694
300.42
300.426
300.768
300.413
300.415
300.391
300.397
300.851
300.385
300.388
300.366
300.936
300.846
300.318
300.317
300.328
300.316
300.312
300.31
300.346
300.307
300.308
300.309
300.305
300.313
300.361
300.387
300.694
301.347
301.062
305.462
304.416
315.09
313.616
328.745
327.857
346.059
340.673
345.76
304.826
315.545
327.667
337.811
452.566
302.601
308.37
315.347
346.161
334.235
324.469
412.055
462.905
300.012
300.078
300.031
319.208
300.547
301.444
301.424
301.417
301.412
301.401
301.383
301.368
301.352
301.335
301.315
301.295
301.272
301.25
301.225
301.2
301.172
301.145
301.119
301.094
301.067
301.04
301.013
300.987
300.49
300.45
300.457
300.533
300.438
300.442
300.586
300.425
300.431
300.646
300.414
300.419
300.716
300.405
300.41
300.793
300.398
300.402
300.377
300.38
300.882
300.37
300.373
300.349
300.962
302.015
300.342
300.312
300.33
300.313
300.313
300.3
300.299
300.302
300.3
300.315
300.309
300.327
300.49
300.581
301.526
303.452
302.648
311.904
310.061
326.582
324.844
340.286
346.085
345.621
304.894
315.605
327.935
338.171
374.173
302.614
308.451
315.935
362.799
339.686
337.777
324.59
446.318
441.566
300.011
300.055
300.029
304.98
300.147
301.461
301.443
301.432
301.423
301.407
301.397
301.381
301.362
301.344
301.322
301.302
301.282
301.259
301.233
301.208
301.185
301.16
301.135
301.111
301.083
301.057
301.038
301.01
300.459
300.499
300.435
300.446
300.547
300.419
300.427
300.6
300.408
300.414
300.666
300.398
300.403
300.737
300.389
300.395
300.832
300.382
300.385
300.358
300.361
300.913
300.351
300.354
300.333
300.982
304.985
300.43
300.301
300.315
300.305
300.305
300.303
300.294
300.296
300.302
300.299
300.349
300.33
300.385
300.913
301.183
303.749
308.183
306.453
322.608
319.97
339.698
338.699
346.135
345.444
304.909
315.744
328.135
338.142
325.79
302.635
308.733
316.2
397.695
353.671
337.935
325.565
444.535
384.841
300.01
300.047
300.026
301.103
300.077
301.473
301.463
301.447
301.432
301.422
301.406
301.387
301.369
301.349
301.328
301.309
301.286
301.265
301.242
301.217
301.195
301.171
301.148
301.123
301.101
301.076
301.051
301.027
300.465
300.428
300.433
300.51
300.416
300.424
300.56
300.402
300.411
300.621
300.393
300.4
300.689
300.381
300.386
300.782
300.372
300.373
300.858
300.365
300.367
300.342
300.346
300.934
300.336
300.339
300.317
301.002
311.064
300.712
300.294
300.305
300.305
300.297
300.299
300.295
300.291
300.298
300.313
300.302
300.464
300.409
300.582
302.097
302.799
308.641
316.912
313.793
337.092
334.443
345.172
346.226
304.962
315.897
328.163
338.425
307.443
302.697
308.842
316.778
430.16
383.75
348.324
339.107
328.254
431.23
330.907
300.009
300.043
300.024
300.263
300.061
301.48
301.469
301.458
301.444
301.428
301.411
301.392
301.372
301.352
301.332
301.311
301.289
301.268
301.246
301.224
301.201
301.179
301.155
301.133
301.11
301.087
301.065
301.043
300.432
300.474
300.412
300.42
300.523
300.398
300.403
300.576
300.386
300.39
300.638
300.374
300.376
300.724
300.365
300.37
300.802
300.357
300.362
300.881
300.349
300.352
300.326
300.329
300.959
300.32
300.323
300.302
301.019
321.486
301.518
300.29
300.3
300.302
300.288
300.289
300.287
300.294
300.312
300.363
300.323
300.815
300.645
301.161
304.945
306.508
317.549
330.704
326
344.768
344.046
346.192
304.98
315.906
328.354
338.376
301.826
302.734
309.066
317.79
430.115
415.82
374.744
347.585
344.102
328.214
390.682
309.698
300.009
300.039
300.022
300.106
300.055
301.492
301.48
301.464
301.447
301.43
301.413
301.394
301.375
301.354
301.334
301.313
301.291
301.269
301.247
301.226
301.204
301.183
301.161
301.138
301.117
301.095
301.074
301.053
300.402
300.44
300.486
300.395
300.401
300.536
300.383
300.388
300.592
300.37
300.377
300.671
300.359
300.365
300.745
300.351
300.355
300.826
300.341
300.345
300.908
300.336
300.339
300.313
300.317
300.979
300.306
300.309
300.294
300.294
301.032
336.73
303.512
300.29
300.291
300.293
300.283
300.283
300.285
300.312
300.365
300.52
300.397
301.781
301.281
302.628
310.669
313.557
331.485
342.725
340.302
346.176
346.114
304.989
315.926
328.337
338.576
300.431
302.792
309.468
318.055
421.917
419.922
405.778
366.752
343.737
328.608
334.547
302.568
300.008
300.036
300.021
300.075
300.05
301.497
301.483
301.466
301.448
301.431
301.411
301.392
301.372
301.352
301.331
301.311
301.29
301.269
301.246
301.226
301.206
301.183
301.162
301.141
301.12
301.1
301.079
301.058
300.408
300.388
300.374
300.376
300.451
300.499
300.379
300.55
300.366
300.372
300.618
300.356
300.361
300.691
300.346
300.351
300.772
300.334
300.341
300.855
300.327
300.331
300.934
300.32
300.324
300.297
300.3
301.001
300.292
300.294
300.291
300.289
301.038
344.699
307.794
300.302
300.285
300.287
300.282
300.277
300.285
300.377
300.519
300.952
300.62
304.016
302.822
305.876
320.4
325.321
343.281
346.023
345.767
338.63
304.987
315.936
328.412
300.142
302.892
309.6
318.728
393.025
414.342
411.86
398.534
360.585
340.368
329.181
311.588
300.608
300.008
300.033
300.019
300.065
300.046
301.498
301.481
301.462
301.443
301.424
301.405
301.386
301.367
301.346
301.326
301.306
301.284
301.264
301.242
301.222
301.202
301.179
301.158
301.138
301.118
301.099
301.078
301.057
300.378
300.418
300.367
300.36
300.367
300.464
300.513
300.362
300.576
300.349
300.357
300.642
300.341
300.345
300.717
300.329
300.335
300.8
300.321
300.324
300.886
300.314
300.318
300.961
300.305
300.309
300.287
300.289
301.011
300.286
300.286
300.284
300.283
300.281
301.037
346.376
315.522
300.343
300.277
300.278
300.287
300.276
300.297
300.568
300.926
301.99
301.228
308.611
306.128
312.04
334.955
339.97
346.433
345.802
346.545
328.44
339.25
304.989
315.911
300.088
302.943
309.943
319.169
336.653
391.549
407.507
405.095
392.515
361.656
344.107
329.736
303.198
300.181
300.007
300.031
300.018
300.059
300.043
301.492
301.473
301.454
301.434
301.415
301.396
301.376
301.357
301.337
301.317
301.295
301.275
301.254
301.233
301.215
301.191
301.171
301.151
301.131
301.111
301.09
301.069
301.05
300.347
300.386
300.43
300.353
300.345
300.35
300.475
300.53
300.347
300.591
300.338
300.341
300.666
300.324
300.331
300.743
300.318
300.321
300.832
300.308
300.313
300.912
300.302
300.303
300.979
300.292
300.298
300.275
300.278
301.017
300.279
300.282
300.278
300.276
300.276
300.275
301.03
338.612
327.929
300.461
300.274
300.273
300.308
300.279
300.338
301.083
301.886
304.24
302.672
316.767
312.158
322.012
344.585
346.033
346.518
338.703
315.956
328.575
304.995
300.074
303.031
310.177
319.443
312.723
340.216
387.533
400.804
398.518
389.206
361.375
355.331
330.512
300.771
300.1
300.007
300.029
300.017
300.055
300.04
301.481
301.462
301.442
301.421
301.401
301.382
301.362
301.343
301.323
301.302
301.281
301.261
301.24
301.221
301.198
301.176
301.158
301.138
301.118
301.096
301.074
301.055
301.034
300.318
300.355
300.334
300.398
300.44
300.339
300.328
300.491
300.546
300.334
300.614
300.321
300.328
300.69
300.313
300.317
300.776
300.302
300.308
300.861
300.296
300.301
300.937
300.286
300.292
300.991
300.28
300.285
300.269
300.271
300.273
300.27
301.016
300.271
300.273
300.27
300.269
300.268
301.003
328.319
339.15
341.844
300.772
300.273
300.269
300.371
300.298
300.468
302.324
303.895
308.754
305.713
329.33
322.103
336.693
347.062
347.088
328.367
305.002
316.079
300.067
303.101
310.348
319.927
303.578
313.504
341.249
381.06
393.712
392.113
384.292
342.359
374.433
330.817
300.217
300.082
300.007
300.027
300.016
300.051
300.038
301.467
301.445
301.425
301.404
301.384
301.364
301.345
301.325
301.304
301.285
301.266
301.246
301.221
301.2
301.175
301.161
301.14
301.12
301.098
301.075
301.054
301.032
301
300.319
300.318
300.308
300.297
300.302
300.366
300.408
300.453
300.325
300.315
300.506
300.566
300.32
300.639
300.309
300.315
300.716
300.3
300.305
300.808
300.291
300.295
300.89
300.283
300.287
300.956
300.276
300.28
300.995
300.27
300.274
300.262
300.266
300.265
300.258
301.003
300.266
300.268
300.263
300.264
300.265
300.98
315.757
328.484
338.801
346.987
301.515
300.278
300.269
300.537
300.371
300.837
304.923
307.724
316.308
311.347
342.831
336.984
345.538
347.11
315.774
305
300.062
303.156
310.588
320.255
300.861
303.77
313.493
337.031
373.301
386.278
384.951
359.865
382.406
344.519
331.517
300.111
300.074
300.006
300.026
300.015
300.048
300.035
301.447
301.425
301.404
301.383
301.363
301.344
301.324
301.303
301.283
301.264
301.245
301.223
301.205
301.179
301.16
301.137
301.117
301.096
301.072
301.048
301.025
301.001
300.975
300.299
300.325
300.301
300.293
300.286
300.288
300.376
300.418
300.467
300.312
300.523
300.589
300.304
300.666
300.296
300.298
300.755
300.288
300.292
300.838
300.28
300.284
300.916
300.273
300.277
300.969
300.266
300.27
300.994
300.261
300.263
300.26
300.257
300.258
300.255
300.251
300.254
300.982
300.259
300.261
300.258
300.26
300.264
300.947
304.928
315.889
328.191
339.58
347.904
303.188
300.301
300.274
301.015
300.558
301.736
309.567
314.169
328.047
320.297
347.881
346.188
347.961
304.936
300.058
303.223
310.788
320.629
300.235
300.903
303.698
311.933
331.391
363.216
377.39
376.153
380.093
360.727
349.157
331.598
300.088
300.069
300.006
300.025
300.015
300.045
300.034
301.426
301.404
301.382
301.361
301.341
301.32
301.299
301.279
301.259
301.24
301.22
301.2
301.178
301.159
301.132
301.113
301.089
301.068
301.036
301.012
300.986
300.956
300.94
300.274
300.306
300.343
300.295
300.288
300.279
300.271
300.276
300.385
300.433
300.482
300.543
300.616
300.291
300.697
300.284
300.288
300.782
300.275
300.279
300.868
300.268
300.272
300.934
300.261
300.264
300.973
300.256
300.256
300.979
300.253
300.252
300.255
300.252
300.247
300.245
300.248
300.957
300.256
300.257
300.253
300.258
300.27
300.905
304.92
315.559
328.484
338.975
306.351
300.372
300.297
302.137
301.024
303.678
316.593
323.968
342.322
333.712
348.846
349.05
348.221
300.055
303.286
310.985
320.603
300.117
300.244
300.881
303.17
310.078
324.512
350.606
378.57
367.794
374.731
360.324
358.646
333.384
300.08
300.065
300.014
300.024
300.043
300.032
301.405
301.382
301.36
301.339
301.317
301.295
301.274
301.253
301.233
301.213
301.193
301.17
301.147
301.128
301.103
301.079
301.056
301.021
301
300.972
300.944
300.916
300.876
300.25
300.28
300.265
300.316
300.354
300.282
300.276
300.267
300.257
300.4
300.444
300.5
300.568
300.641
300.279
300.726
300.27
300.277
300.814
300.263
300.266
300.892
300.257
300.261
300.947
300.251
300.253
300.97
300.246
300.248
300.961
300.24
300.244
300.25
300.245
300.243
300.24
300.241
300.918
300.253
300.252
300.248
300.259
300.291
300.856
304.848
315.594
327.979
339.939
311.578
300.556
300.362
304.378
302.132
307.279
326.897
338.437
348.287
345.46
339.236
349.462
300.052
303.346
310.975
321.318
300.093
300.12
300.248
300.735
302.564
307.419
318.934
374.5
336.396
373.955
370.559
368.278
351.269
332.794
300.074
300.061
300.013
300.022
300.022
300.041
300.03
301.385
301.361
301.339
301.318
301.295
301.274
301.25
301.228
301.208
301.185
301.156
301.136
301.112
301.089
301.07
301.047
301.019
300.99
300.958
300.932
300.901
300.861
300.839
300.223
300.255
300.249
300.239
300.286
300.323
300.366
300.272
300.261
300.254
300.244
300.409
300.459
300.52
300.591
300.67
300.268
300.759
300.26
300.262
300.845
300.253
300.256
300.915
300.247
300.25
300.952
300.241
300.244
300.957
300.235
300.239
300.933
300.234
300.236
300.238
300.234
300.244
300.242
300.238
300.236
300.867
300.252
300.248
300.244
300.271
300.346
300.789
304.827
315.328
328.383
319.069
300.983
300.519
308.184
304.519
312.927
341.821
347.62
349.932
349.675
340.062
327.733
300.049
303.361
311.248
321.115
300.085
300.096
300.127
300.212
300.59
301.772
305.099
357.046
312.604
366.635
368.465
361.451
367.892
357.994
333.964
300.07
300.058
300.012
300.028
300.03
300.038
301.368
301.343
301.32
301.298
301.275
301.251
301.228
301.207
301.183
301.156
301.13
301.102
301.088
301.063
301.037
301.003
300.974
300.945
300.916
300.881
300.844
300.815
300.768
300.202
300.226
300.224
300.216
300.259
300.234
300.295
300.335
300.375
300.26
300.251
300.242
300.421
300.474
300.544
300.616
300.701
300.255
300.791
300.249
300.252
300.871
300.242
300.246
300.925
300.237
300.239
300.946
300.231
300.233
300.933
300.228
300.227
300.876
300.228
300.231
300.231
300.225
300.241
300.237
300.234
300.229
300.811
300.257
300.246
300.241
300.306
300.466
300.737
304.767
315.343
329.743
301.951
300.867
313.889
308.51
320.736
349.168
350.863
350.216
350.812
339.899
328.017
315.099
300.046
303.422
311.212
321.38
300.079
300.088
300.102
300.118
300.193
300.407
301.124
324.81
303.093
341.216
354.762
366.864
360.964
358.208
364.616
336.202
300.067
300.054
300.026
300.011
300.036
300.035
300.038
301.356
301.329
301.307
301.283
301.258
301.234
301.209
301.184
301.157
301.128
301.103
301.079
301.054
301.031
300.997
300.969
300.937
300.909
300.87
300.837
300.802
300.76
300.736
300.168
300.203
300.2
300.191
300.232
300.221
300.209
300.267
300.229
300.305
300.343
300.386
300.243
300.237
300.435
300.501
300.564
300.646
300.735
300.242
300.821
300.237
300.24
300.892
300.232
300.235
300.929
300.226
300.23
300.931
300.221
300.224
300.899
300.22
300.219
300.835
300.227
300.224
300.225
300.222
300.217
300.219
300.236
300.233
300.229
300.226
300.757
300.271
300.246
300.24
300.387
300.706
300.69
304.744
343.95
303.947
301.595
321.57
314.123
331.821
351.97
351.833
351.081
327.657
340.429
315.106
304.688
300.045
303.43
311.246
322.281
300.075
300.084
300.093
300.101
300.121
300.158
300.282
307.223
300.654
316.124
325.504
363.641
337.644
353.43
363.364
363.638
335.835
300.063
300.053
300.04
300.025
300.011
300.042
300.043
301.346
301.318
301.297
301.273
301.248
301.22
301.191
301.162
301.132
301.104
301.077
301.055
301.031
300.994
300.964
300.931
300.898
300.855
300.824
300.784
300.742
300.716
300.672
300.154
300.177
300.174
300.166
300.205
300.199
300.189
300.237
300.218
300.208
300.276
300.227
300.313
300.353
300.398
300.234
300.457
300.517
300.59
300.679
300.768
300.232
300.851
300.226
300.227
300.903
300.222
300.224
300.922
300.217
300.218
300.905
300.212
300.215
300.854
300.215
300.207
300.211
300.772
300.222
300.22
300.215
300.213
300.233
300.229
300.226
300.221
300.695
300.308
300.251
300.239
300.543
301.171
300.612
350.489
307.683
303.033
332.453
321.491
345.297
352.892
352.101
314.953
327.559
340.584
304.667
303.437
311.547
322.412
300.071
300.079
300.087
300.094
300.104
300.115
300.137
301.635
300.198
304.3
307.911
347.131
314.635
360.328
363.397
353.519
360.082
336.992
300.061
300.05
300.053
300.038
300.023
300.01
300.05
301.333
301.308
301.288
301.266
301.24
301.21
301.176
301.142
301.11
301.081
301.055
301.023
300.98
300.953
300.928
300.895
300.852
300.815
300.776
300.731
300.698
300.666
300.602
300.131
300.157
300.155
300.145
300.184
300.174
300.162
300.212
300.195
300.184
300.241
300.215
300.203
300.283
300.223
300.32
300.365
300.417
300.474
300.542
300.626
300.712
300.802
300.22
300.869
300.215
300.218
300.905
300.21
300.212
300.905
300.208
300.209
300.867
300.204
300.204
300.796
300.208
300.202
300.206
300.202
300.715
300.219
300.214
300.212
300.208
300.231
300.226
300.221
300.218
300.643
300.386
300.264
300.242
300.818
302.062
300.569
353.115
312.965
305.652
345.843
331.692
351.67
353.136
304.628
314.832
327.659
340.581
303.503
311.642
322.78
300.068
300.075
300.083
300.09
300.097
300.106
300.113
300.371
300.128
300.825
301.757
321.248
303.787
362.413
356.881
328.539
360.872
361.922
339.495
300.057
300.059
300.057
300.051
300.06
300.036
300.023
300.01
301.311
301.292
301.275
301.257
301.233
301.202
301.164
301.125
301.09
301.059
301.031
300.989
300.959
300.922
300.878
300.843
300.807
300.775
300.734
300.693
300.652
300.603
300.548
300.109
300.134
300.131
300.122
300.16
300.153
300.14
300.188
300.17
300.162
300.217
300.194
300.182
300.253
300.212
300.201
300.29
300.333
300.378
300.433
300.493
300.57
300.655
300.748
300.827
300.209
300.881
300.205
300.207
300.897
300.201
300.203
300.874
300.198
300.2
300.818
300.195
300.197
300.726
300.2
300.194
300.203
300.194
300.206
300.194
300.652
300.213
300.211
300.207
300.23
300.222
300.219
300.215
300.586
300.528
300.292
300.249
301.284
303.585
300.513
353.997
319.707
309.965
352.056
344.353
354.159
304.592
314.827
327.418
340.689
303.534
311.72
323.942
300.065
300.072
300.079
300.086
300.092
300.099
300.105
300.154
300.114
300.229
300.364
306.594
300.751
358.697
334.944
310.335
361.944
357.618
359.47
338.93
300.063
300.066
300.063
300.049
300.066
300.035
300.022
300.01
301.278
301.264
301.253
301.243
301.227
301.195
301.153
301.109
301.07
301.034
300.996
300.967
300.923
300.881
300.848
300.811
300.769
300.725
300.694
300.642
300.598
300.541
300.513
300.086
300.111
300.11
300.098
300.137
300.13
300.118
300.164
300.151
300.14
300.196
300.171
300.159
300.226
300.191
300.18
300.262
300.199
300.3
300.343
300.392
300.449
300.517
300.599
300.69
300.778
300.849
300.881
300.196
300.197
300.876
300.192
300.195
300.834
300.187
300.191
300.752
300.187
300.186
300.681
300.194
300.199
300.191
300.201
300.193
300.205
300.186
300.592
300.212
300.207
300.23
300.221
300.215
300.212
300.513
300.751
300.342
300.264
302.047
305.962
300.47
354.27
328.953
315.642
355.129
351.323
355.18
304.575
314.676
327.337
341.193
303.557
312.163
324.123
300.07
300.077
300.083
300.09
300.097
300.102
300.121
300.108
300.137
300.156
301.409
300.219
340.754
314.268
302.469
361.134
360.399
344.974
361.135
340.063
300.073
300.061
300.07
300.069
300.047
300.072
300.034
300.021
300.01
301.233
301.222
301.228
301.225
301.216
301.188
301.143
301.094
301.049
301.01
300.978
300.926
300.888
300.846
300.809
300.763
300.731
300.691
300.63
300.596
300.547
300.505
300.452
300.065
300.088
300.086
300.076
300.111
300.107
300.096
300.141
300.128
300.117
300.165
300.148
300.136
300.199
300.167
300.16
300.233
300.189
300.178
300.27
300.31
300.355
300.408
300.47
300.545
300.631
300.726
300.807
300.858
300.871
300.182
300.185
300.845
300.182
300.183
300.781
300.18
300.181
300.694
300.179
300.178
300.603
300.189
300.194
300.199
300.185
300.202
300.186
300.205
300.176
300.183
300.538
300.208
300.233
300.219
300.213
300.208
300.478
301.097
300.429
300.29
303.245
309.577
300.408
340.25
323.311
356.25
355.195
355.498
304.536
314.571
327.586
342.065
303.66
312.299
324.733
300.079
300.085
300.091
300.098
300.114
300.103
300.122
300.128
300.315
300.142
318.124
303.961
300.486
360.673
348.531
321.704
361.215
360.985
340.794
300.072
300.058
300.075
300.075
300.045
300.078
300.032
300.021
300.01
301.189
301.177
301.188
301.206
301.204
301.181
301.133
301.079
301.032
300.993
300.933
300.893
300.846
300.812
300.773
300.725
300.676
300.624
300.585
300.547
300.505
300.453
300.412
300.064
300.041
300.066
300.088
300.085
300.075
300.115
300.106
300.097
300.143
300.127
300.116
300.172
300.146
300.137
300.206
300.166
300.157
300.24
300.175
300.278
300.321
300.37
300.425
300.493
300.575
300.67
300.757
300.825
300.858
300.848
300.174
300.799
300.173
300.174
300.723
300.168
300.168
300.626
300.168
300.169
300.556
300.188
300.186
300.195
300.199
300.182
300.201
300.205
300.169
300.177
300.174
300.479
300.237
300.217
300.209
300.205
300.412
301.595
300.563
300.328
304.899
314.757
300.362
348.147
332.98
356.998
357.077
355.926
304.511
314.637
327.509
341.711
303.708
312.551
325.266
300.084
300.089
300.097
300.109
300.1
300.115
300.12
300.154
300.128
305.589
300.802
300.181
351.281
324.608
307.308
361.224
361.3
353.08
341.445
300.082
300.069
300.056
300.08
300.08
300.044
300.032
300.02
300.009
301.131
301.122
301.147
301.183
301.191
301.171
301.124
301.067
301.018
300.949
300.904
300.855
300.817
300.776
300.723
300.683
300.632
300.593
300.547
300.498
300.452
300.407
300.359
300.042
300.063
300.054
300.02
300.042
300.067
300.088
300.085
300.076
300.119
300.105
300.094
300.146
300.125
300.116
300.179
300.146
300.135
300.211
300.165
300.155
300.247
300.286
300.333
300.383
300.447
300.519
300.608
300.702
300.783
300.834
300.847
300.81
300.165
300.741
300.162
300.162
300.633
300.161
300.162
300.559
300.161
300.161
300.477
300.189
300.185
300.181
300.194
300.199
300.177
300.2
300.161
300.169
300.166
300.173
300.425
300.245
300.216
300.207
300.201
300.36
302.282
300.754
300.382
307.172
321.931
300.304
353.436
341.549
357.227
358.213
304.51
314.556
327.45
342.901
303.77
312.816
325.758
300.086
300.093
300.107
300.097
300.112
300.116
300.131
300.123
301.199
300.225
300.139
327.393
308.846
301.644
361.198
361.562
354.084
329.585
341.825
300.081
300.086
300.087
300.089
300.065
300.055
300.043
300.032
300.02
300.009
301.019
301.02
301.098
301.164
301.182
301.165
301.117
301.055
300.976
300.921
300.871
300.825
300.774
300.737
300.69
300.641
300.595
300.542
300.5
300.452
300.398
300.349
300.3
300.02
300.042
300.032
300.064
300.051
300.021
300.044
300.068
300.093
300.085
300.074
300.121
300.103
300.092
300.149
300.125
300.115
300.183
300.145
300.135
300.217
300.155
300.255
300.298
300.346
300.402
300.469
300.548
300.645
300.734
300.802
300.83
300.812
300.762
300.664
300.153
300.156
300.589
300.152
300.152
300.503
300.15
300.151
300.432
300.185
300.189
300.182
300.177
300.195
300.199
300.153
300.162
300.157
300.168
300.165
300.172
300.374
300.255
300.216
300.204
300.31
303.189
301.005
300.451
310.222
329.751
300.248
356.889
348.26
357.589
358.726
304.48
314.554
327.745
341.983
303.847
313.056
326.137
300.092
300.104
300.095
300.109
300.112
300.126
300.119
300.286
300.148
300.132
310.26
302.105
300.357
361.17
361.959
354.523
331.073
311.156
342.512
300.078
300.092
300.092
300.092
300.066
300.054
300.042
300.031
300.02
300.009
300.91
300.959
301.046
301.145
301.163
301.155
301.106
301.019
300.95
300.896
300.84
300.788
300.749
300.699
300.648
300.598
300.546
300.501
300.453
300.402
300.342
300.297
300.251
300.02
300.01
300.042
300.031
300.063
300.052
300.021
300.045
300.068
300.094
300.084
300.073
300.122
300.104
300.094
300.156
300.124
300.112
300.188
300.142
300.134
300.225
300.263
300.31
300.359
300.422
300.495
300.584
300.679
300.761
300.81
300.814
300.777
300.703
300.602
300.141
300.14
300.513
300.142
300.143
300.444
300.143
300.142
300.378
300.186
300.182
300.19
300.176
300.196
300.202
300.144
300.153
300.149
300.16
300.158
300.169
300.165
300.174
300.308
300.268
300.216
300.256
304.332
301.313
300.533
314.41
337.253
300.199
358.746
353.691
358.879
304.473
314.573
327.453
343.46
303.918
313.274
326.632
300.103
300.107
300.111
300.123
300.117
300.158
300.136
300.127
302.48
300.429
300.169
361.227
362.159
354.348
331.307
311.785
302.766
342.691
300.088
300.076
300.099
300.096
300.097
300.064
300.054
300.042
300.031
300.02
300.009
300.783
300.891
301.011
301.113
301.148
301.141
301.078
300.997
300.93
300.862
300.807
300.756
300.704
300.648
300.603
300.554
300.501
300.452
300.404
300.351
300.301
300.249
300.199
300.02
300.009
300.041
300.031
300.06
300.052
300.022
300.046
300.071
300.098
300.085
300.072
300.126
300.104
300.093
300.159
300.125
300.112
300.195
300.13
300.23
300.276
300.32
300.378
300.443
300.525
300.618
300.712
300.778
300.805
300.784
300.724
300.614
300.537
300.132
300.462
300.133
300.133
300.386
300.134
300.134
300.321
300.183
300.188
300.177
300.193
300.199
300.216
300.134
300.145
300.141
300.152
300.148
300.161
300.156
300.168
300.166
300.174
300.261
300.283
300.202
305.633
301.677
300.624
319.652
343.774
300.149
359.749
357.068
359.218
304.47
314.476
328.234
342.376
303.989
313.541
326.915
300.105
300.11
300.121
300.115
300.142
300.132
300.125
300.495
300.179
300.145
361.25
362.471
353.999
330.963
311.692
302.795
300.514
343.009
300.099
300.085
300.076
300.102
300.104
300.108
300.063
300.052
300.042
300.03
300.02
300.009
300.65
300.846
300.974
301.087
301.134
301.125
301.061
300.978
300.896
300.832
300.775
300.707
300.655
300.61
300.556
300.503
300.455
300.404
300.345
300.293
300.25
300.201
300.144
300.02
300.009
300.041
300.031
300.062
300.052
300.021
300.047
300.073
300.103
300.083
300.073
300.132
300.101
300.093
300.165
300.122
300.112
300.2
300.241
300.284
300.338
300.396
300.468
300.557
300.659
300.738
300.784
300.786
300.738
300.648
300.557
300.471
300.122
300.394
300.123
300.123
300.326
300.122
300.122
300.263
300.184
300.178
300.19
300.196
300.215
300.298
300.125
300.137
300.133
300.145
300.14
300.152
300.149
300.16
300.158
300.17
300.166
300.175
300.211
300.149
307.208
302.1
300.72
325.091
348.933
300.096
360.228
359.52
304.453
314.6
327.666
360.279
343.777
304.069
313.712
327.215
300.108
300.12
300.112
300.137
300.131
300.123
300.19
300.153
300.141
361.474
362.499
353.37
329.809
311.187
302.714
300.501
300.192
342.825
300.109
300.098
300.086
300.074
300.11
300.112
300.063
300.052
300.04
300.031
300.02
300.009
300.58
300.812
300.946
301.067
301.121
301.113
301.044
300.947
300.867
300.8
300.724
300.673
300.622
300.566
300.515
300.451
300.404
300.344
300.296
300.239
300.199
300.149
300.096
300.02
300.009
300.041
300.03
300.062
300.051
300.023
300.048
300.073
300.105
300.083
300.073
300.136
300.101
300.093
300.169
300.112
300.208
300.248
300.298
300.352
300.416
300.495
300.598
300.692
300.754
300.777
300.746
300.681
300.587
300.484
300.398
300.329
300.112
300.113
300.268
300.113
300.114
300.214
300.18
300.184
300.194
300.213
300.311
300.129
300.117
300.136
300.131
300.144
300.141
300.153
300.15
300.162
300.159
300.171
300.167
300.176
300.15
300.099
308.945
302.566
300.822
330.204
353.089
300.045
360.794
304.457
314.37
327.906
360.426
343.429
304.129
313.903
327.336
300.117
300.134
300.129
300.12
300.156
300.147
300.14
361.613
362.411
352.472
328.535
310.339
302.507
300.471
300.191
300.158
342.609
300.117
300.106
300.095
300.085
300.074
300.115
300.117
300.063
300.052
300.041
300.03
300.02
300.55
300.786
300.928
301.055
301.113
301.1
301.016
300.916
300.833
300.749
300.685
300.625
300.577
300.521
300.456
300.405
300.356
300.301
300.244
300.197
300.145
300.093
300.044
300.041
300.062
300.052
300.024
300.049
300.078
300.108
300.083
300.072
300.14
300.102
300.094
300.176
300.215
300.259
300.31
300.372
300.441
300.537
300.638
300.714
300.757
300.756
300.697
300.613
300.5
300.415
300.346
300.261
300.103
300.1
300.215
300.106
300.103
300.153
300.181
300.187
300.211
300.322
300.127
300.123
300.136
300.133
300.145
300.142
300.155
300.152
300.164
300.161
300.173
300.169
300.178
300.097
300.047
310.898
303.085
300.925
334.922
355.993
361.408
304.4
314.445
327.829
360.417
344.101
304.193
314.03
327.435
300.132
300.126
300.12
300.15
300.143
300.137
361.71
362.139
351.133
326.625
309.21
302.237
300.431
300.191
300.162
300.153
300.119
300.095
300.084
300.073
300.063
300.531
300.763
300.921
301.051
301.105
301.081
300.985
300.881
300.785
300.706
300.64
300.585
300.517
300.469
300.406
300.35
300.294
300.245
300.191
300.146
300.097
300.043
300.024
300.049
300.08
300.112
300.084
300.072
300.144
300.094
300.182
300.223
300.269
300.325
300.393
300.477
300.58
300.665
300.73
300.746
300.701
300.642
300.538
300.427
300.359
300.285
300.219
300.094
300.162
300.096
300.185
300.208
300.33
300.129
300.125
300.137
300.134
300.147
300.143
300.156
300.154
300.166
300.163
300.175
300.171
300.182
300.044
313.129
303.658
301.037
339.263
358.336
361.722
304.394
314.408
327.835
360.509
304.24
314.121
300.129
300.148
300.141
300.135
361.865
361.535
349.353
324.38
308.056
301.956
300.404
300.191
300.166
300.158
300.151
300.084
300.513
300.753
300.921
301.053
301.098
301.057
300.948
300.835
300.738
300.661
300.589
300.528
300.477
300.407
300.351
300.306
300.239
300.188
300.147
300.096
300.041
300.023
300.053
300.082
300.115
300.149
300.189
300.232
300.283
300.347
300.416
300.512
300.608
300.689
300.731
300.718
300.651
300.553
300.424
300.367
300.286
300.226
300.161
300.102
300.048
300.202
300.336
300.138
300.149
300.146
300.158
300.157
300.168
300.165
300.178
300.174
300.199
315.801
304.328
301.162
343.43
360.238
304.376
314.328
304.278
346.762
321.772
306.964
301.698
300.378
300.191
300.169
300.16
300.504
300.754
300.929
301.06
301.089
301.025
300.903
300.785
300.692
300.61
300.534
300.476
300.416
300.358
300.303
300.246
300.198
300.141
300.098
300.045
300.025
300.055
300.085
300.119
300.156
300.196
300.245
300.299
300.365
300.449
300.546
300.645
300.701
300.713
300.66
300.58
300.455
300.371
300.292
300.233
300.163
300.105
300.043
300.341
300.172
300.194
300.192
300.346
318.791
305.089
301.31
304.341
305.974
301.483
300.361
300.511
300.772
300.945
301.067
301.076
300.985
300.851
300.734
300.639
300.556
300.485
300.431
300.366
300.308
300.253
300.201
300.142
300.096
300.041
300.026
300.056
300.087
300.123
300.162
300.207
300.255
300.314
300.386
300.481
300.585
300.664
300.699
300.671
300.608
300.496
300.394
300.313
300.234
300.165
300.104
300.05
300.536
300.806
300.969
301.069
301.053
300.934
300.794
300.679
300.582
300.501
300.432
300.372
300.316
300.253
300.2
300.143
300.092
300.044
300.026
300.058
300.091
300.128
300.169
300.215
300.271
300.336
300.424
300.519
300.615
300.673
300.676
300.627
300.535
300.418
300.321
300.236
300.176
300.112
300.046
300.575
300.851
300.997
301.065
301.015
300.875
300.734
300.619
300.523
300.443
300.381
300.316
300.264
300.2
300.149
300.092
300.045
300.028
300.059
300.094
300.134
300.176
300.227
300.287
300.361
300.454
300.558
300.636
300.666
300.639
300.558
300.418
300.327
300.245
300.18
300.116
300.048
300.635
300.898
301.023
301.055
300.962
300.809
300.669
300.556
300.462
300.388
300.329
300.268
300.2
300.151
300.093
300.046
300.028
300.062
300.099
300.139
300.184
300.241
300.303
300.387
300.491
300.588
300.642
300.639
300.567
300.442
300.356
300.26
300.177
300.118
300.05
300.71
300.943
301.041
301.031
300.898
300.737
300.6
300.49
300.4
300.328
300.274
300.212
300.152
300.095
300.045
300.03
300.065
300.103
300.146
300.197
300.256
300.33
300.424
300.529
300.606
300.628
300.587
300.492
300.369
300.278
300.196
300.121
300.053
300.795
300.977
301.041
300.983
300.823
300.66
300.528
300.424
300.339
300.275
300.218
300.155
300.093
300.041
300.03
300.067
300.108
300.154
300.208
300.273
300.356
300.463
300.556
300.607
300.593
300.502
300.381
300.289
300.2
300.115
300.052
300.876
301.007
301.027
300.915
300.741
300.58
300.454
300.356
300.286
300.223
300.157
300.1
300.043
300.033
300.071
300.114
300.164
300.222
300.298
300.393
300.494
300.572
300.588
300.536
300.419
300.292
300.213
300.126
300.058
300.943
301.021
300.991
300.833
300.652
300.498
300.38
300.292
300.225
300.158
300.105
300.043
300.034
300.075
300.121
300.174
300.239
300.323
300.429
300.525
300.57
300.545
300.449
300.327
300.22
300.129
300.061
300.988
301.016
300.927
300.742
300.56
300.415
300.307
300.228
300.161
300.106
300.044
300.034
300.078
300.128
300.186
300.262
300.358
300.464
300.537
300.545
300.472
300.339
300.232
300.142
300.063
301.009
300.987
300.841
300.644
300.466
300.334
300.237
300.168
300.11
300.049
300.036
300.083
300.136
300.199
300.286
300.394
300.49
300.527
300.489
300.379
300.254
300.15
300.067
301.006
300.93
300.744
300.539
300.373
300.257
300.173
300.112
300.049
300.038
300.088
300.148
300.22
300.319
300.427
300.499
300.489
300.411
300.262
300.155
300.065
300.98
300.85
300.638
300.433
300.284
300.186
300.119
300.052
300.04
300.094
300.157
300.243
300.356
300.451
300.48
300.423
300.269
300.169
300.07
300.93
300.754
300.524
300.328
300.201
300.118
300.052
300.042
300.103
300.176
300.275
300.388
300.453
300.431
300.314
300.157
300.07
300.857
300.642
300.401
300.229
300.126
300.053
300.048
300.112
300.194
300.315
300.405
300.427
300.335
300.183
300.082
300.754
300.501
300.278
300.14
300.056
300.052
300.124
300.22
300.345
300.403
300.36
300.217
300.089
300.556
300.335
300.166
300.06
300.058
300.143
300.256
300.357
300.354
300.23
300.096
300.281
300.197
300.069
300.061
300.166
300.286
300.339
300.249
300.084
300.163
300.082
300.071
300.188
300.288
300.263
300.111
300.081
300.079
300.208
300.251
300.111
300.1
300.203
300.128
300.114
300.126
300.092
)
;

boundaryField
{
    lowerOutlet
    {
        type            inletOutlet;
        inletValue      uniform 300;
        value           nonuniform List<scalar> 
146
(
300
300
300
300
300
300
300
300
300
300
300
300
300
300
300
300
300
300
300
300
300
300
300
300
300
300
300
300
300
300
300
300
300
300
300
300
300
300
300
300
300
300
300
303.001
300
313.424
300
300
595.454
300
300
300
300
300
300
300
300
300
300
300
300
300
300
300
300
300
300
300
300
300
300
300
300
300
300
300
300
300
300
300
300
300
300
300
300
300
300
300
300
300
300
300
300
300
300
300
300
300
300
300
306.283
300
300
317.117
300
388.784
300
300
300
300
300
300
300
300
300
300
300
300
300
300
318.08
300
300
300
300
300
300
300
300
300
300
300
300
300
300
300
300
300
300
300
300
300
300
300
300
300
)
;
    }
    top
    {
        type            inletOutlet;
        inletValue      uniform 300;
        value           nonuniform List<scalar> 
100
(
300
300
300
300
300
300
300.332
300.593
300.748
300.804
300.863
300.922
300.973
301.019
301.077
301.155
301.237
301.31
301.352
301.379
301.406
301.427
301.438
301.44
301.435
301.423
301.406
301.383
301.358
301.342
301.331
301.327
301.325
301.328
301.335
301.349
301.382
301.492
301.874
302.97
304.277
304.902
304.796
304.029
302.689
301.659
301.417
301.405
301.424
301.443
301.46
301.473
301.479
301.491
301.497
301.497
301.492
301.481
301.466
301.447
301.426
301.404
301.384
301.368
301.356
301.345
301.333
301.311
301.278
301.233
301.188
301.131
301.018
300.909
300.78
300.645
300.575
300.545
300.527
300.508
300.5
300.507
300.532
300.571
300.63
300.705
300.79
300.872
300.94
300.986
301.007
301.005
300.98
300.93
300.857
300.755
300
300
300
300
)
;
    }
    sides
    {
        type            inletOutlet;
        inletValue      uniform 300;
        value           uniform 300;
    }
    front
    {
        type            empty;
    }
    back
    {
        type            empty;
    }
    roller
    {
        type            fixedValue;
        value           uniform 300;
    }
    burner
    {
        type            fixedValue;
        value           uniform 1044.97;
    }
}


// ************************************************************************* //
