/*--------------------------------*- C++ -*----------------------------------*\
  =========                 |
  \\      /  F ield         | OpenFOAM: The Open Source CFD Toolbox
   \\    /   O peration     | Website:  https://openfoam.org
    \\  /    A nd           | Version:  dev
     \\/     M anipulation  |
\*---------------------------------------------------------------------------*/
FoamFile
{
    version     2.0;
    format      ascii;
    class       volScalarField;
    location    "2500";
    object      O2;
}
// * * * * * * * * * * * * * * * * * * * * * * * * * * * * * * * * * * * * * //

dimensions      [0 0 0 0 0 0 0];

internalField   nonuniform List<scalar> 
9978
(
0.23301
0.23301
0.23301
0.23301
0.23301
0.23301
0.23301
0.23301
0.23301
0.23301
0.23301
0.23301
0.23301
0.23301
0.23301
0.23301
0.23301
0.23301
0.23301
0.23301
0.23301
0.23301
0.23301
0.23301
0.23301
0.23301
0.23301
0.23301
0.23301
0.23301
0.23301
0.23301
0.23301
0.23301
0.23301
0.23301
0.23301
0.23301
0.23301
0.23301
0.23301
0.23301
0.23301
0.23301
0.23301
0.23301
0.23301
0.23301
0.23301
0.23301
0.23301
0.23301
0.23301
0.23301
0.23301
0.23301
0.23301
0.23301
0.23301
0.23301
0.23301
0.23301
0.23301
0.23301
0.23301
0.23301
0.23301
0.23301
0.23301
0.23301
0.23301
0.23301
0.23301
0.23301
0.23301
0.23301
0.23301
0.23301
0.23301
0.23301
0.23301
0.23301
0.23301
0.23301
0.23301
0.23301
0.23301
0.23301
0.23301
0.23301
0.23301
0.23301
0.23301
0.23301
0.23301
0.23301
0.23301
0.23301
0.23301
0.23301
0.23301
0.23301
0.23301
0.23301
0.23301
0.23301
0.23301
0.23301
0.23301
0.23301
0.23301
0.23301
0.23301
0.23301
0.23301
0.23301
0.23301
0.23301
0.23301
0.23301
0.23301
0.23301
0.23301
0.23301
0.23301
0.23301
0.23301
0.23301
0.23301
0.23301
0.23301
0.23301
0.23301
0.23301
0.23301
0.23301
0.23301
0.23301
0.23301
0.23301
0.23301
0.23301
0.23301
0.23301
0.23301
0.23301
0.23301
0.23301
0.23301
0.23301
0.23301
0.23301
0.23301
0.23301
0.23301
0.23301
0.23301
0.23301
0.23301
0.23301
0.23301
0.23301
0.23301
0.23301
0.23301
0.23301
0.23301
0.23301
0.23301
0.23301
0.23301
0.23301
0.23301
0.23301
0.23301
0.23301
0.23301
0.23301
0.23301
0.23301
0.23301
0.23301
0.23301
0.23301
0.23301
0.23301
0.23301
0.23301
0.23301
0.23301
0.23301
0.23301
0.23301
0.23301
0.23301
0.23301
0.23301
0.23301
0.23301
0.23301
0.23301
0.23301
0.23301
0.23301
0.23301
0.23301
0.23301
0.23301
0.23301
0.23301
0.23301
0.23301
0.23301
0.23301
0.23301
0.23301
0.23301
0.23301
0.23301
0.23301
0.23301
0.23301
0.23301
0.23301
0.23301
0.23301
0.23301
0.23301
0.23301
0.23301
0.23301
0.23301
0.23301
0.23301
0.23301
0.23301
0.23301
0.23301
0.23301
0.23301
0.23301
0.23301
0.23301
0.23301
0.23301
0.23301
0.23301
0.23301
0.23301
0.23301
0.23301
0.23301
0.23301
0.23301
0.23301
0.23301
0.23301
0.23301
0.23301
0.23301
0.23301
0.23301
0.23301
0.23301
0.23301
0.23301
0.23301
0.23301
0.23301
0.23301
0.23301
0.23301
0.23301
0.23301
0.23301
0.23301
0.23301
0.23301
0.23301
0.23301
0.23301
0.23301
0.23301
0.23301
0.23301
0.23301
0.23301
0.23301
0.23301
0.23301
0.23301
0.23301
0.23301
0.23301
0.23301
0.23301
0.23301
0.23301
0.23301
0.23301
0.23301
0.23301
0.23301
0.23301
0.23301
0.23301
0.23301
0.23301
0.23301
0.23301
0.23301
0.23301
0.23301
0.23301
0.23301
0.23301
0.23301
0.23301
0.23301
0.23301
0.23301
0.23301
0.23301
0.23301
0.23301
0.23301
0.23301
0.23301
0.23301
0.23301
0.23301
0.23301
0.23301
0.23301
0.23301
0.23301
0.23301
0.23301
0.23301
0.23301
0.23301
0.23301
0.23301
0.23301
0.23301
0.23301
0.23301
0.23301
0.23301
0.23301
0.23301
0.23301
0.23301
0.23301
0.23301
0.23301
0.23301
0.23301
0.23301
0.23301
0.23301
0.23301
0.23301
0.23301
0.23301
0.23301
0.23301
0.23301
0.23301
0.23301
0.23301
0.23301
0.23301
0.23301
0.23301
0.23301
0.23301
0.23301
0.23301
0.23301
0.23301
0.23301
0.23301
0.23301
0.23301
0.23301
0.23301
0.23301
0.23301
0.23301
0.23301
0.23301
0.23301
0.23301
0.23301
0.23301
0.23301
0.23301
0.23301
0.23301
0.23301
0.23301
0.23301
0.23301
0.23301
0.23301
0.23301
0.23301
0.23301
0.23301
0.23301
0.23301
0.23301
0.23301
0.23301
0.23301
0.23301
0.23301
0.23301
0.23301
0.23301
0.23301
0.23301
0.23301
0.23301
0.23301
0.23301
0.23301
0.23301
0.23301
0.23301
0.23301
0.23301
0.23301
0.23301
0.23301
0.23301
0.23301
0.23301
0.23301
0.23301
0.23301
0.23301
0.23301
0.23301
0.23301
0.23301
0.23301
0.23301
0.23301
0.23301
0.23301
0.23301
0.23301
0.23301
0.23301
0.23301
0.23301
0.23301
0.23301
0.23301
0.23301
0.23301
0.23301
0.23301
0.23301
0.23301
0.23301
0.23301
0.23301
0.23301
0.23301
0.23301
0.23301
0.23301
0.23301
0.23301
0.23301
0.23301
0.23301
0.23301
0.23301
0.23301
0.23301
0.23301
0.23301
0.23301
0.23301
0.23301
0.23301
0.23301
0.23301
0.23301
0.23301
0.23301
0.23301
0.23301
0.23301
0.23301
0.23301
0.23301
0.23301
0.23301
0.23301
0.23301
0.23301
0.23301
0.23301
0.23301
0.23301
0.23301
0.23301
0.23301
0.23301
0.23301
0.23301
0.23301
0.23301
0.23301
0.23301
0.23301
0.23301
0.23301
0.23301
0.23301
0.23301
0.23301
0.23301
0.23301
0.23301
0.23301
0.23301
0.23301
0.23301
0.23301
0.23301
0.23301
0.23301
0.23301
0.23301
0.23301
0.23301
0.23301
0.23301
0.23301
0.23301
0.23301
0.23301
0.23301
0.23301
0.23301
0.23301
0.23301
0.23301
0.23301
0.23301
0.23301
0.23301
0.23301
0.23301
0.23301
0.23301
0.23301
0.23301
0.23301
0.23301
0.23301
0.23301
0.23301
0.23301
0.23301
0.23301
0.23301
0.23301
0.23301
0.23301
0.23301
0.23301
0.23301
0.23301
0.23301
0.23301
0.23301
0.23301
0.23301
0.23301
0.23301
0.23301
0.23301
0.23301
0.23301
0.23301
0.23301
0.23301
0.23301
0.23301
0.23301
0.23301
0.23301
0.23301
0.23301
0.23301
0.23301
0.23301
0.23301
0.23301
0.23301
0.23301
0.23301
0.23301
0.23301
0.23301
0.23301
0.23301
0.23301
0.23301
0.23301
0.23301
0.23301
0.23301
0.23301
0.23301
0.23301
0.23301
0.23301
0.23301
0.23301
0.23301
0.23301
0.23301
0.23301
0.23301
0.23301
0.23301
0.23301
0.23301
0.23301
0.23301
0.23301
0.23301
0.23301
0.23301
0.23301
0.23301
0.23301
0.23301
0.23301
0.23301
0.23301
0.23301
0.23301
0.23301
0.23301
0.23301
0.23301
0.23301
0.23301
0.23301
0.23301
0.23301
0.23301
0.23301
0.23301
0.23301
0.23301
0.23301
0.23301
0.23301
0.23301
0.23301
0.23301
0.23301
0.23301
0.23301
0.23301
0.23301
0.23301
0.23301
0.23301
0.23301
0.23301
0.23301
0.23301
0.23301
0.23301
0.23301
0.23301
0.23301
0.23301
0.23301
0.23301
0.23301
0.23301
0.23301
0.23301
0.23301
0.23301
0.23301
0.23301
0.23301
0.23301
0.23301
0.23301
0.23301
0.23301
0.23301
0.23301
0.23301
0.23301
0.23301
0.23301
0.23301
0.23301
0.23301
0.23301
0.23301
0.23301
0.23301
0.23301
0.23301
0.23301
0.23301
0.23301
0.23301
0.23301
0.23301
0.23301
0.23301
0.23301
0.23301
0.23301
0.23301
0.23301
0.23301
0.23301
0.23301
0.23301
0.23301
0.23301
0.23301
0.23301
0.23301
0.23301
0.23301
0.23301
0.23301
0.23301
0.23301
0.23301
0.23301
0.23301
0.23301
0.23301
0.23301
0.23301
0.23301
0.23301
0.23301
0.23301
0.23301
0.23301
0.23301
0.23301
0.23301
0.23301
0.23301
0.23301
0.23301
0.23301
0.23301
0.23301
0.23301
0.23301
0.23301
0.23301
0.23301
0.23301
0.23301
0.23301
0.23301
0.23301
0.23301
0.23301
0.23301
0.23301
0.23301
0.23301
0.23301
0.23301
0.23301
0.23301
0.23301
0.23301
0.23301
0.23301
0.23301
0.23301
0.23301
0.23301
0.23301
0.23301
0.23301
0.23301
0.23301
0.23301
0.23301
0.23301
0.23301
0.23301
0.23301
0.23301
0.23301
0.23301
0.23301
0.23301
0.23301
0.23301
0.23301
0.23301
0.23301
0.23301
0.23301
0.23301
0.23301
0.23301
0.23301
0.23301
0.23301
0.23301
0.23301
0.23301
0.23301
0.23301
0.23301
0.23301
0.23301
0.23301
0.23301
0.23301
0.23301
0.23301
0.23301
0.23301
0.23301
0.23301
0.23301
0.23301
0.23301
0.23301
0.23301
0.23301
0.23301
0.23301
0.23301
0.23301
0.23301
0.23301
0.23301
0.23301
0.23301
0.23301
0.23301
0.23301
0.23301
0.23301
0.23301
0.23301
0.23301
0.23301
0.23301
0.23301
0.23301
0.23301
0.23301
0.23301
0.23301
0.23301
0.23301
0.23301
0.23301
0.23301
0.23301
0.23301
0.23301
0.23301
0.23301
0.23301
0.23301
0.23301
0.23301
0.23301
0.23301
0.23301
0.23301
0.23301
0.23301
0.23301
0.23301
0.23301
0.23301
0.23301
0.23301
0.23301
0.23301
0.23301
0.23301
0.23301
0.23301
0.23301
0.23301
0.23301
0.23301
0.23301
0.23301
0.23301
0.23301
0.23301
0.23301
0.23301
0.23301
0.23301
0.23301
0.23301
0.23301
0.23301
0.23301
0.23301
0.23301
0.23301
0.23301
0.23301
0.23301
0.23301
0.23301
0.23301
0.23301
0.23301
0.23301
0.23301
0.23301
0.23301
0.23301
0.23301
0.23301
0.23301
0.23301
0.23301
0.23301
0.23301
0.23301
0.23301
0.23301
0.23301
0.23301
0.23301
0.23301
0.23301
0.23301
0.23301
0.23301
0.23301
0.23301
0.23301
0.23301
0.23301
0.23301
0.23301
0.23301
0.23301
0.23301
0.23301
0.23301
0.23301
0.23301
0.23301
0.23301
0.23301
0.23301
0.23301
0.23301
0.23301
0.23301
0.23301
0.23301
0.23301
0.23301
0.23301
0.23301
0.23301
0.23301
0.23301
0.23301
0.23301
0.23301
0.23301
0.23301
0.23301
0.23301
0.23301
0.23301
0.23301
0.23301
0.23301
0.23301
0.23301
0.23301
0.23301
0.23301
0.23301
0.23301
0.23301
0.23301
0.23301
0.23301
0.23301
0.23301
0.23301
0.23301
0.23301
0.23301
0.23301
0.23301
0.23301
0.23301
0.23301
0.23301
0.23301
0.23301
0.23301
0.23301
0.23301
0.23301
0.23301
0.23301
0.23301
0.23301
0.23301
0.23301
0.23301
0.23301
0.23301
0.23301
0.233009
0.23301
0.233009
0.23301
0.233009
0.23301
0.233009
0.23301
0.233009
0.23301
0.233009
0.23301
0.23301
0.23301
0.23301
0.23301
0.23301
0.23301
0.23301
0.23301
0.23301
0.23301
0.23301
0.23301
0.23301
0.23301
0.23301
0.23301
0.23301
0.23301
0.23301
0.23301
0.23301
0.23301
0.23301
0.23301
0.23301
0.23301
0.23301
0.23301
0.23301
0.23301
0.23301
0.23301
0.23301
0.23301
0.23301
0.23301
0.23301
0.23301
0.23301
0.23301
0.23301
0.23301
0.23301
0.233009
0.233008
0.233008
0.233007
0.233008
0.233005
0.233007
0.233003
0.233007
0.233003
0.233008
0.233003
0.233008
0.233004
0.233009
0.233007
0.233008
0.233009
0.233008
0.233007
0.23301
0.233009
0.23301
0.23301
0.23301
0.23301
0.23301
0.23301
0.23301
0.23301
0.23301
0.23301
0.23301
0.23301
0.23301
0.23301
0.23301
0.23301
0.23301
0.23301
0.23301
0.23301
0.23301
0.23301
0.23301
0.23301
0.23301
0.23301
0.23301
0.23301
0.23301
0.23301
0.23301
0.23301
0.23301
0.23301
0.23301
0.233008
0.233006
0.233012
0.233004
0.232997
0.232999
0.232986
0.232994
0.232974
0.232991
0.232962
0.23299
0.232956
0.232993
0.23296
0.232998
0.232971
0.233003
0.232985
0.232998
0.233006
0.232993
0.232988
0.23301
0.233006
0.23301
0.23301
0.23301
0.23301
0.23301
0.23301
0.23301
0.23301
0.23301
0.23301
0.23301
0.23301
0.23301
0.23301
0.23301
0.23301
0.23301
0.23301
0.23301
0.23301
0.23301
0.23301
0.23301
0.23301
0.23301
0.23301
0.23301
0.23301
0.23301
0.23301
0.23301
0.23301
0.23301
0.23301
0.233009
0.233002
0.232957
0.232986
0.232956
0.232965
0.232917
0.232929
0.232846
0.232894
0.232765
0.232875
0.232701
0.232875
0.232676
0.232894
0.232698
0.232927
0.232766
0.232965
0.232854
0.232938
0.232985
0.232909
0.232886
0.233007
0.232985
0.233008
0.23301
0.233009
0.23301
0.23301
0.23301
0.23301
0.23301
0.23301
0.23301
0.23301
0.23301
0.23301
0.23301
0.23301
0.23301
0.23301
0.23301
0.23301
0.23301
0.23301
0.23301
0.23301
0.23301
0.23301
0.23301
0.23301
0.23301
0.23301
0.23301
0.23301
0.23301
0.23301
0.233009
0.233006
0.232986
0.232875
0.232632
0.232492
0.232856
0.232754
0.232732
0.232569
0.232583
0.232356
0.232447
0.232145
0.232357
0.231982
0.232328
0.231882
0.232389
0.231869
0.232565
0.231993
0.232758
0.232301
0.232652
0.232873
0.232549
0.232471
0.23299
0.232876
0.232997
0.23301
0.233004
0.233008
0.23301
0.23301
0.23301
0.23301
0.23301
0.23301
0.23301
0.23301
0.23301
0.23301
0.23301
0.23301
0.23301
0.23301
0.23301
0.23301
0.23301
0.23301
0.23301
0.23301
0.23301
0.23301
0.23301
0.23301
0.23301
0.23301
0.23301
0.23301
0.233009
0.233007
0.232994
0.232938
0.232719
0.232337
0.232156
0.231978
0.231766
0.232384
0.23218
0.232101
0.231829
0.23182
0.231491
0.231581
0.231173
0.231399
0.230908
0.231299
0.230708
0.231324
0.230611
0.23154
0.2307
0.232005
0.231056
0.231724
0.232426
0.231461
0.231277
0.232895
0.23243
0.232926
0.233009
0.23296
0.232982
0.23301
0.23301
0.23301
0.23301
0.23301
0.23301
0.23301
0.23301
0.23301
0.23301
0.23301
0.23301
0.23301
0.23301
0.23301
0.23301
0.23301
0.23301
0.23301
0.23301
0.23301
0.23301
0.23301
0.23301
0.23301
0.23301
0.23301
0.23301
0.233008
0.232997
0.232953
0.232813
0.232404
0.231921
0.231849
0.231564
0.23133
0.231049
0.230801
0.231561
0.2313
0.231156
0.23082
0.230766
0.230368
0.230412
0.229928
0.230111
0.229532
0.229898
0.229197
0.229839
0.228982
0.230025
0.229002
0.230549
0.229349
0.230104
0.231167
0.229699
0.229411
0.232483
0.231164
0.232578
0.232971
0.232673
0.232666
0.23301
0.23301
0.23301
0.23301
0.233009
0.233009
0.23301
0.23301
0.23301
0.23301
0.23301
0.23301
0.23301
0.23301
0.23301
0.23301
0.23301
0.23301
0.23301
0.23301
0.23301
0.23301
0.23301
0.23301
0.23301
0.23301
0.233009
0.233002
0.232965
0.23283
0.232513
0.231964
0.230986
0.231145
0.230763
0.230565
0.230308
0.229894
0.229608
0.230498
0.230188
0.229966
0.229574
0.229455
0.228997
0.228965
0.22842
0.228519
0.22788
0.228171
0.227403
0.228006
0.227064
0.228135
0.227014
0.228673
0.227329
0.228114
0.229209
0.227646
0.227328
0.231274
0.22914
0.231459
0.232131
0.231454
0.230645
0.23301
0.23301
0.233009
0.233009
0.233009
0.233009
0.233009
0.23301
0.23301
0.23301
0.23301
0.23301
0.23301
0.23301
0.23301
0.23301
0.23301
0.23301
0.23301
0.23301
0.23301
0.23301
0.23301
0.23301
0.23301
0.233009
0.23299
0.232884
0.232563
0.232061
0.23145
0.230466
0.229515
0.229484
0.230067
0.229829
0.229338
0.22905
0.228509
0.228186
0.229201
0.228845
0.22854
0.228097
0.227898
0.227398
0.22727
0.226696
0.226682
0.22603
0.226222
0.225453
0.225956
0.225054
0.226032
0.224967
0.226556
0.225245
0.225978
0.227092
0.225555
0.225335
0.229172
0.226962
0.229169
0.232353
0.228672
0.229134
0.23301
0.23301
0.233009
0.233009
0.233008
0.233009
0.233009
0.23301
0.23301
0.23301
0.23301
0.23301
0.23301
0.23301
0.23301
0.23301
0.23301
0.23301
0.23301
0.23301
0.23301
0.23301
0.23301
0.23301
0.233008
0.23298
0.232783
0.232228
0.231517
0.230852
0.229915
0.228212
0.228306
0.227818
0.22879
0.228514
0.227884
0.227572
0.22692
0.226579
0.227682
0.227289
0.226907
0.226436
0.226158
0.225651
0.225433
0.22489
0.224779
0.224212
0.224326
0.223783
0.224241
0.223728
0.224397
0.223883
0.224792
0.224148
0.224541
0.225136
0.22442
0.224301
0.22466
0.226807
0.225896
0.225071
0.226569
0.231498
0.226662
0.226634
0.23301
0.23301
0.233009
0.233007
0.233007
0.233007
0.233009
0.23301
0.23301
0.23301
0.23301
0.23301
0.23301
0.23301
0.23301
0.23301
0.23301
0.23301
0.23301
0.23301
0.23301
0.23301
0.23301
0.233008
0.232975
0.232708
0.231899
0.23091
0.23009
0.229206
0.227751
0.226309
0.226046
0.226793
0.226531
0.22729
0.227023
0.22626
0.225946
0.225226
0.224908
0.226005
0.225599
0.225167
0.224706
0.224399
0.223934
0.223729
0.223294
0.22335
0.222983
0.223344
0.223027
0.223537
0.223285
0.223828
0.223601
0.224107
0.223903
0.223962
0.224217
0.224134
0.224316
0.224522
0.224209
0.224184
0.22422
0.224198
0.224189
0.225714
0.224916
0.225077
0.224418
0.224909
0.225686
0.224853
0.229221
0.22558
0.224743
0.224875
0.224529
0.225324
0.224303
0.23301
0.233009
0.233007
0.233003
0.233004
0.233006
0.233009
0.23301
0.23301
0.23301
0.23301
0.23301
0.23301
0.23301
0.23301
0.23301
0.23301
0.23301
0.23301
0.23301
0.23301
0.23301
0.233009
0.232977
0.232682
0.231668
0.23031
0.229213
0.228182
0.22677
0.225807
0.225529
0.224888
0.224717
0.22524
0.225048
0.225673
0.225443
0.2246
0.224338
0.223619
0.223382
0.224312
0.223929
0.223501
0.223116
0.222904
0.222554
0.222654
0.222356
0.222734
0.222454
0.223039
0.22278
0.223462
0.22338
0.223283
0.223171
0.223853
0.223821
0.223509
0.223704
0.223776
0.22402
0.224103
0.22414
0.224011
0.224218
0.224171
0.224133
0.224121
0.224255
0.224454
0.224333
0.224304
0.224266
0.224326
0.22403
0.224218
0.22418
0.233
0.231012
0.22601
0.223958
0.22411
0.223752
0.224167
0.23301
0.233008
0.233001
0.232993
0.232996
0.233004
0.233009
0.23301
0.23301
0.23301
0.23301
0.23301
0.23301
0.23301
0.23301
0.23301
0.23301
0.23301
0.23301
0.23301
0.23301
0.23301
0.232985
0.232691
0.23158
0.229873
0.228421
0.227113
0.225991
0.224929
0.224619
0.224445
0.223938
0.223985
0.223934
0.223919
0.224144
0.224008
0.223212
0.223172
0.222541
0.22256
0.222822
0.222622
0.222308
0.222157
0.222114
0.221964
0.222199
0.222017
0.222514
0.222273
0.223055
0.222918
0.222786
0.222644
0.223421
0.223308
0.223179
0.224003
0.223977
0.223601
0.223798
0.223913
0.224192
0.224304
0.224402
0.224221
0.224496
0.224328
0.224044
0.224313
0.224586
0.224691
0.224892
0.224697
0.223919
0.223814
0.223926
0.223725
0.223636
0.232914
0.231595
0.227554
0.223519
0.223385
0.223463
0.224597
0.23301
0.233002
0.232982
0.232967
0.23298
0.233001
0.233009
0.23301
0.23301
0.23301
0.23301
0.23301
0.23301
0.23301
0.23301
0.23301
0.23301
0.23301
0.23301
0.23301
0.23301
0.232998
0.232745
0.231598
0.229666
0.227885
0.226812
0.226009
0.225165
0.224459
0.224729
0.224088
0.22421
0.223657
0.22384
0.223373
0.223508
0.223195
0.223258
0.222629
0.222769
0.222219
0.222388
0.22211
0.222138
0.221906
0.221924
0.221893
0.221893
0.222079
0.222014
0.222523
0.222416
0.222334
0.222283
0.223042
0.2229
0.222764
0.222639
0.223471
0.223327
0.223177
0.224206
0.224134
0.223653
0.223841
0.224004
0.224461
0.224638
0.224719
0.224454
0.224886
0.224766
0.224237
0.224769
0.225081
0.225139
0.225388
0.225238
0.22378
0.223619
0.224088
0.223448
0.223292
0.232772
0.228048
0.230945
0.223151
0.223099
0.223425
0.224905
0.233009
0.232982
0.232938
0.232916
0.232965
0.233
0.233008
0.23301
0.23301
0.23301
0.23301
0.23301
0.23301
0.23301
0.23301
0.23301
0.23301
0.23301
0.23301
0.23301
0.233005
0.23285
0.231723
0.229669
0.227874
0.226919
0.226283
0.225864
0.2262
0.224874
0.225795
0.224071
0.224431
0.223869
0.224224
0.223341
0.223583
0.222939
0.22313
0.22262
0.2229
0.222467
0.222828
0.221997
0.222171
0.221967
0.222158
0.222093
0.222261
0.222261
0.222272
0.222396
0.22254
0.222474
0.222439
0.222433
0.223029
0.222892
0.222776
0.222688
0.223491
0.223324
0.223169
0.224369
0.224222
0.223661
0.22384
0.224038
0.224713
0.224989
0.224983
0.224617
0.22526
0.225337
0.224676
0.225348
0.225619
0.225533
0.2258
0.22581
0.223873
0.223619
0.224477
0.223358
0.223121
0.232569
0.227777
0.230414
0.222958
0.222978
0.223445
0.224993
0.233007
0.232936
0.232861
0.232863
0.232954
0.232999
0.233008
0.233009
0.23301
0.23301
0.23301
0.23301
0.23301
0.23301
0.23301
0.23301
0.23301
0.23301
0.23301
0.233009
0.232934
0.232048
0.229823
0.227992
0.227225
0.227013
0.227525
0.228882
0.228163
0.229429
0.226049
0.227069
0.224678
0.225283
0.224677
0.225212
0.223863
0.224239
0.223205
0.223524
0.223219
0.223622
0.223286
0.223741
0.222482
0.22286
0.222489
0.222747
0.222469
0.22254
0.222443
0.222459
0.22228
0.222383
0.222634
0.222605
0.222584
0.222561
0.223033
0.222923
0.222841
0.22278
0.223482
0.223319
0.223182
0.224451
0.224246
0.223647
0.22382
0.224029
0.224875
0.225261
0.225146
0.224692
0.225544
0.225938
0.225236
0.225956
0.226054
0.22583
0.226113
0.226273
0.224177
0.223811
0.224988
0.22343
0.223087
0.232406
0.227559
0.230099
0.222876
0.22292
0.223428
0.224972
0.233
0.232857
0.232769
0.232827
0.232953
0.233
0.233007
0.233009
0.233009
0.23301
0.23301
0.23301
0.23301
0.23301
0.23301
0.23301
0.23301
0.23301
0.233009
0.232981
0.232407
0.230258
0.228267
0.227654
0.228023
0.229531
0.231105
0.231923
0.230173
0.231511
0.227738
0.228925
0.22588
0.22672
0.225979
0.226694
0.224892
0.225393
0.224029
0.224446
0.224208
0.224684
0.223833
0.224321
0.223056
0.223413
0.22258
0.222732
0.222176
0.222035
0.22183
0.221925
0.222524
0.222476
0.221646
0.221891
0.222726
0.222666
0.222586
0.222481
0.22307
0.222977
0.222888
0.222785
0.223475
0.223327
0.223196
0.224468
0.224232
0.223629
0.223783
0.224002
0.224948
0.225431
0.225226
0.224709
0.225727
0.226438
0.22582
0.22649
0.226375
0.226034
0.226343
0.226611
0.224608
0.224131
0.225526
0.22362
0.223147
0.232462
0.2273
0.229914
0.222847
0.222866
0.223361
0.224815
0.232977
0.232754
0.232683
0.23282
0.232958
0.233
0.233005
0.233007
0.233009
0.233009
0.233009
0.23301
0.23301
0.23301
0.23301
0.23301
0.23301
0.23301
0.232998
0.232696
0.230882
0.228639
0.227991
0.228853
0.230869
0.232124
0.232676
0.232788
0.232916
0.231938
0.232543
0.229809
0.231014
0.227566
0.228608
0.227644
0.228541
0.226259
0.226899
0.225176
0.225693
0.224877
0.225499
0.223714
0.224242
0.222976
0.223293
0.221401
0.221492
0.221407
0.221191
0.2209
0.221021
0.222331
0.222127
0.220616
0.220946
0.222657
0.222488
0.222259
0.221982
0.22307
0.222931
0.22276
0.222541
0.223455
0.223286
0.223108
0.224456
0.224201
0.223569
0.223685
0.223947
0.224973
0.225523
0.225263
0.224702
0.225838
0.226797
0.226355
0.226878
0.226625
0.226166
0.226496
0.226869
0.225078
0.224505
0.226019
0.223868
0.223252
0.232692
0.226912
0.229859
0.222833
0.222795
0.223248
0.224548
0.232915
0.232628
0.232636
0.232831
0.232965
0.232998
0.233004
0.233006
0.233007
0.233008
0.233009
0.233009
0.23301
0.23301
0.23301
0.23301
0.23301
0.233004
0.232868
0.231531
0.229164
0.2282
0.229257
0.231381
0.232418
0.232857
0.232988
0.232957
0.232989
0.232715
0.232887
0.231696
0.232355
0.229606
0.230734
0.229441
0.230425
0.227698
0.228522
0.226186
0.226927
0.224881
0.22564
0.222454
0.223014
0.221689
0.222014
0.22025
0.220486
0.220663
0.220907
0.220341
0.220135
0.2201
0.220046
0.221655
0.2213
0.219566
0.219833
0.222261
0.221919
0.221518
0.221079
0.222905
0.222658
0.222347
0.221963
0.22335
0.223111
0.222839
0.224421
0.224133
0.22341
0.223493
0.223823
0.224977
0.225576
0.225283
0.224676
0.225911
0.227051
0.226773
0.227134
0.226803
0.226259
0.226604
0.227059
0.225523
0.224877
0.226428
0.224123
0.223359
0.232616
0.226331
0.229261
0.222808
0.222713
0.223104
0.224189
0.232793
0.23251
0.232644
0.232858
0.232973
0.232997
0.233002
0.233003
0.233003
0.233004
0.233006
0.233008
0.23301
0.23301
0.23301
0.23301
0.233008
0.232952
0.232112
0.229828
0.228404
0.229266
0.231379
0.232372
0.232821
0.232984
0.233001
0.233003
0.232975
0.232993
0.232872
0.23294
0.232508
0.232743
0.231353
0.23207
0.230524
0.231387
0.228476
0.229518
0.226508
0.227464
0.223746
0.224707
0.22198
0.222252
0.22109
0.221321
0.221638
0.220217
0.220545
0.220896
0.221206
0.219459
0.219517
0.219927
0.219694
0.220625
0.220199
0.219041
0.219033
0.221507
0.220999
0.220472
0.219965
0.222508
0.222097
0.221606
0.221051
0.223108
0.222752
0.222317
0.224353
0.223996
0.223115
0.223162
0.223617
0.224963
0.225614
0.22529
0.224613
0.225967
0.22722
0.227045
0.227282
0.226924
0.22633
0.226681
0.227183
0.225905
0.225204
0.226729
0.224344
0.223438
0.229658
0.225492
0.22616
0.222763
0.222618
0.222948
0.223778
0.232581
0.23248
0.232677
0.232895
0.232975
0.232994
0.232995
0.232996
0.232997
0.233
0.233004
0.233008
0.233009
0.23301
0.23301
0.233009
0.232987
0.232541
0.230604
0.228742
0.229133
0.231207
0.232121
0.232612
0.232914
0.233002
0.233001
0.233005
0.232961
0.232988
0.232841
0.232914
0.232595
0.23274
0.232003
0.232376
0.230567
0.231283
0.228328
0.22954
0.225832
0.227062
0.22258
0.223105
0.223221
0.222958
0.221461
0.221682
0.222862
0.222845
0.220747
0.221291
0.221814
0.222242
0.219189
0.219423
0.220216
0.219755
0.219516
0.219186
0.218938
0.218752
0.220462
0.219886
0.219374
0.218972
0.221797
0.221205
0.220574
0.219944
0.222654
0.222098
0.221462
0.224233
0.223799
0.222596
0.222633
0.223284
0.224922
0.225639
0.225253
0.224509
0.225999
0.227318
0.227191
0.227336
0.22699
0.226355
0.226692
0.227225
0.226196
0.225454
0.22691
0.224495
0.223459
0.22963
0.224396
0.225303
0.222694
0.222514
0.222765
0.223325
0.232392
0.232511
0.232752
0.232921
0.232969
0.232975
0.232971
0.232974
0.232984
0.232994
0.233002
0.233007
0.233009
0.233009
0.233009
0.232997
0.232797
0.231399
0.229272
0.229002
0.230792
0.231734
0.232218
0.232664
0.232975
0.233007
0.232998
0.233005
0.232926
0.232976
0.232669
0.23283
0.232205
0.232449
0.231701
0.231967
0.229213
0.229956
0.226772
0.228128
0.224053
0.225327
0.222737
0.222718
0.224124
0.225184
0.224929
0.224664
0.224294
0.22256
0.222765
0.224172
0.221657
0.2224
0.223068
0.223583
0.219219
0.219652
0.220904
0.220221
0.21874
0.218693
0.219011
0.218721
0.219369
0.218895
0.218579
0.218454
0.220783
0.220105
0.219474
0.218937
0.221913
0.221146
0.220372
0.224033
0.223456
0.221835
0.22182
0.222721
0.224806
0.225594
0.225119
0.22429
0.225949
0.227339
0.22723
0.227319
0.226984
0.226302
0.226634
0.227203
0.226381
0.225589
0.22694
0.224546
0.22342
0.231099
0.223836
0.226101
0.222598
0.222383
0.222532
0.223015
0.232401
0.232605
0.232822
0.23291
0.232921
0.232903
0.232902
0.232925
0.232957
0.232983
0.232999
0.233005
0.233008
0.233009
0.233003
0.232921
0.232066
0.229977
0.229019
0.230142
0.231318
0.231789
0.232267
0.232872
0.232999
0.233008
0.233005
0.233009
0.232995
0.232882
0.232963
0.232398
0.23271
0.231405
0.231939
0.23046
0.230903
0.226866
0.227783
0.224575
0.225753
0.222914
0.223525
0.224181
0.223521
0.225342
0.226235
0.225967
0.225645
0.225247
0.223937
0.224122
0.225413
0.222569
0.223485
0.224286
0.22487
0.219452
0.22003
0.221612
0.220752
0.218445
0.21854
0.219244
0.218833
0.218539
0.218318
0.218254
0.218265
0.219663
0.219062
0.218591
0.218275
0.220949
0.220063
0.21929
0.223645
0.222815
0.220822
0.220695
0.221797
0.224558
0.225462
0.224866
0.223822
0.225816
0.227301
0.22718
0.227238
0.226918
0.226167
0.226475
0.227114
0.226416
0.225606
0.226847
0.224493
0.223332
0.23178
0.223908
0.226905
0.222454
0.222209
0.222319
0.22285
0.232482
0.232712
0.232806
0.232811
0.232753
0.232713
0.232747
0.232836
0.232917
0.232969
0.232993
0.233003
0.233007
0.233005
0.232974
0.232518
0.230772
0.229164
0.229571
0.230828
0.231354
0.231813
0.232563
0.232965
0.233008
0.233006
0.233009
0.23301
0.232995
0.232846
0.232957
0.232037
0.23257
0.230267
0.231226
0.22855
0.229342
0.224734
0.225628
0.22329
0.223903
0.22311
0.223068
0.225594
0.22508
0.22474
0.226403
0.227081
0.226819
0.226472
0.226069
0.225238
0.225393
0.226466
0.223279
0.22435
0.225289
0.225932
0.21978
0.220452
0.222225
0.221268
0.218364
0.218544
0.21952
0.21903
0.218136
0.218103
0.218116
0.218212
0.218705
0.218311
0.218073
0.217983
0.219856
0.219035
0.218443
0.222895
0.221754
0.21966
0.219436
0.220543
0.224078
0.225179
0.224302
0.223043
0.225495
0.227152
0.226994
0.226977
0.226704
0.225774
0.225981
0.226807
0.226274
0.225455
0.226535
0.224377
0.223147
0.232143
0.224131
0.227221
0.222261
0.222017
0.222138
0.222799
0.232582
0.232683
0.232644
0.232527
0.232437
0.232447
0.232554
0.232723
0.232874
0.232953
0.232987
0.233
0.233004
0.232989
0.23278
0.231549
0.229598
0.229362
0.230286
0.230919
0.231347
0.232082
0.232861
0.232998
0.23301
0.233006
0.233009
0.23301
0.232997
0.232838
0.232958
0.231797
0.232514
0.229081
0.230584
0.226588
0.227701
0.223643
0.224322
0.223249
0.223328
0.223962
0.22344
0.226303
0.225773
0.225992
0.225456
0.227239
0.227724
0.227484
0.227157
0.226757
0.226304
0.226445
0.227281
0.224034
0.225125
0.226053
0.226727
0.220142
0.22091
0.222903
0.221835
0.218385
0.218657
0.21983
0.219274
0.217958
0.217971
0.218074
0.218242
0.218069
0.217903
0.217842
0.217824
0.218807
0.218187
0.217881
0.221727
0.22026
0.218527
0.218122
0.218971
0.223089
0.224503
0.223043
0.221463
0.224669
0.226696
0.226544
0.226364
0.226091
0.224741
0.2248
0.226023
0.225881
0.225153
0.22594
0.224111
0.222863
0.232794
0.224223
0.228439
0.222035
0.221828
0.222
0.222773
0.232515
0.232439
0.232258
0.232131
0.232111
0.232208
0.232395
0.232625
0.232833
0.23294
0.232981
0.232999
0.232992
0.232908
0.232166
0.230291
0.229387
0.229794
0.230473
0.230895
0.231557
0.232557
0.232969
0.233008
0.23301
0.23301
0.23301
0.233007
0.23301
0.233
0.232856
0.232968
0.231767
0.232529
0.228583
0.230403
0.225332
0.226766
0.223809
0.224214
0.223922
0.223739
0.225123
0.2244
0.227023
0.226542
0.226884
0.226268
0.227851
0.228271
0.228066
0.227789
0.227441
0.227106
0.227251
0.227864
0.224803
0.225925
0.226796
0.227354
0.220526
0.221383
0.223585
0.222409
0.218498
0.218835
0.220137
0.21953
0.217848
0.217952
0.218121
0.218361
0.217751
0.217706
0.217702
0.217734
0.217962
0.217696
0.217625
0.219596
0.21845
0.217748
0.217739
0.217955
0.220946
0.222932
0.220706
0.219236
0.222836
0.225846
0.225888
0.225614
0.224864
0.222951
0.223147
0.224902
0.22535
0.224665
0.225357
0.223713
0.222531
0.232797
0.22418
0.228237
0.221811
0.221646
0.221902
0.222678
0.232185
0.231983
0.231814
0.231769
0.231851
0.232041
0.232295
0.232564
0.232801
0.232928
0.23298
0.23299
0.232959
0.232559
0.231024
0.229546
0.229512
0.23004
0.230465
0.231047
0.232035
0.232884
0.233002
0.23301
0.23301
0.23301
0.23301
0.233008
0.23301
0.233005
0.232905
0.232985
0.231967
0.232645
0.228748
0.230639
0.225196
0.226782
0.225039
0.225347
0.22549
0.22513
0.226848
0.226378
0.226229
0.227823
0.227401
0.227976
0.227471
0.228367
0.228846
0.228683
0.228459
0.228174
0.227686
0.227826
0.228372
0.225549
0.226702
0.227525
0.227986
0.220893
0.221831
0.224237
0.222955
0.21866
0.219051
0.220412
0.219776
0.217859
0.218019
0.21824
0.218512
0.217565
0.217572
0.217649
0.217776
0.217586
0.217511
0.217446
0.218448
0.218058
0.217562
0.21763
0.217834
0.219407
0.220807
0.219788
0.218791
0.221274
0.224908
0.225197
0.224845
0.223437
0.221741
0.222375
0.223728
0.22481
0.224145
0.22479
0.223257
0.222216
0.209032
0.223795
0.226158
0.221579
0.221482
0.221781
0.222439
0.231689
0.231514
0.231436
0.231506
0.231695
0.231964
0.232267
0.232554
0.232788
0.232929
0.232977
0.232967
0.232772
0.231706
0.229975
0.229462
0.229687
0.230068
0.230576
0.231492
0.232666
0.232983
0.233009
0.23301
0.23301
0.23301
0.23301
0.233009
0.23301
0.233007
0.23296
0.232999
0.232359
0.23281
0.229703
0.231341
0.226285
0.227846
0.227282
0.227479
0.228127
0.227528
0.228238
0.227555
0.22863
0.228227
0.228704
0.228378
0.229094
0.22873
0.228915
0.229471
0.229357
0.229188
0.228973
0.228229
0.228341
0.228913
0.226258
0.227453
0.22823
0.228605
0.221207
0.222219
0.224821
0.223428
0.218851
0.219263
0.220606
0.219976
0.217932
0.218136
0.218386
0.218684
0.217467
0.217588
0.217728
0.217896
0.21738
0.217381
0.217458
0.218473
0.218163
0.217492
0.217215
0.217248
0.219399
0.220484
0.22002
0.218943
0.221256
0.223989
0.224506
0.22401
0.222944
0.221931
0.222482
0.223378
0.224235
0.22371
0.224202
0.22288
0.22188
0.115295
0.22286
0.217567
0.221359
0.221319
0.221611
0.222016
0.231204
0.231135
0.231181
0.231371
0.231651
0.231975
0.23229
0.232568
0.232791
0.232933
0.232962
0.232868
0.2322
0.230548
0.229522
0.229462
0.22973
0.230155
0.230969
0.232231
0.232932
0.233006
0.23301
0.23301
0.23301
0.23301
0.23301
0.23301
0.23301
0.233009
0.232992
0.233006
0.232728
0.232934
0.23103
0.23215
0.228285
0.229584
0.230065
0.229986
0.230639
0.229541
0.230369
0.230399
0.229639
0.229221
0.230115
0.229594
0.229374
0.230107
0.229914
0.229505
0.230083
0.230031
0.229923
0.229777
0.228788
0.228885
0.229495
0.226737
0.228143
0.228886
0.229206
0.221389
0.222382
0.2251
0.223645
0.219044
0.219461
0.220663
0.220121
0.218084
0.218304
0.21854
0.218839
0.217597
0.217765
0.217901
0.218045
0.217395
0.217303
0.217391
0.217465
0.217334
0.217219
0.217038
0.217032
0.217875
0.220652
0.218159
0.217654
0.218916
0.223601
0.224018
0.223778
0.222893
0.219261
0.219729
0.223153
0.223846
0.223244
0.223774
0.222417
0.221562
0.0789011
0.22169
0.197769
0.221146
0.22115
0.221348
0.221709
0.230836
0.230896
0.231069
0.231353
0.231696
0.232045
0.23236
0.232619
0.232818
0.232935
0.232891
0.232476
0.231099
0.229725
0.22937
0.229472
0.229801
0.2305
0.231702
0.232812
0.232999
0.23301
0.23301
0.23301
0.23301
0.23301
0.23301
0.23301
0.23301
0.23301
0.23301
0.233009
0.233004
0.233008
0.232917
0.232985
0.232195
0.232709
0.2305
0.231355
0.231836
0.231924
0.230763
0.231107
0.231134
0.231681
0.230476
0.230386
0.23074
0.230344
0.230241
0.230524
0.230515
0.230083
0.230454
0.230462
0.230443
0.230407
0.229364
0.229462
0.230066
0.226867
0.228421
0.229407
0.229768
0.221455
0.222393
0.225146
0.223676
0.219216
0.219567
0.220636
0.220165
0.218232
0.218434
0.218654
0.218896
0.217567
0.217626
0.217817
0.21788
0.21727
0.217219
0.217304
0.217083
0.217049
0.21709
0.216945
0.216918
0.21725
0.218531
0.217396
0.217148
0.21777
0.223649
0.223656
0.22341
0.22004
0.21803
0.218306
0.220323
0.223315
0.222766
0.22328
0.222006
0.221233
0.0466714
0.218445
0.124142
0.220933
0.22096
0.221115
0.220949
0.230634
0.23079
0.231055
0.231411
0.2318
0.232166
0.232472
0.232705
0.232865
0.232881
0.232591
0.231537
0.230091
0.229381
0.229295
0.22952
0.230098
0.231202
0.232589
0.232979
0.233009
0.23301
0.23301
0.23301
0.23301
0.23301
0.23301
0.23301
0.23301
0.23301
0.23301
0.233007
0.233009
0.232981
0.233001
0.23277
0.232922
0.232145
0.232488
0.232151
0.232565
0.230935
0.231065
0.231395
0.231801
0.231127
0.231197
0.230599
0.230668
0.230675
0.230523
0.230509
0.230446
0.230518
0.230433
0.230477
0.230503
0.230517
0.230525
0.22992
0.230025
0.23041
0.226759
0.228399
0.229615
0.230059
0.221426
0.222205
0.224951
0.223573
0.219364
0.219553
0.220382
0.220043
0.218145
0.218202
0.218473
0.218698
0.217458
0.217501
0.217673
0.217715
0.217178
0.21713
0.217253
0.216906
0.216909
0.217022
0.216926
0.216894
0.216958
0.217578
0.217027
0.216927
0.217223
0.222782
0.220457
0.223257
0.222906
0.218567
0.217381
0.217562
0.218832
0.222909
0.222317
0.222959
0.221566
0.220965
0.0391892
0.206568
0.0777379
0.220716
0.220772
0.220933
0.218801
0.230547
0.230756
0.231087
0.231495
0.23192
0.232303
0.232589
0.232778
0.232838
0.232601
0.231762
0.230431
0.22946
0.229187
0.229316
0.229776
0.230776
0.232228
0.232936
0.233007
0.23301
0.23301
0.23301
0.23301
0.23301
0.23301
0.23301
0.23301
0.23301
0.23301
0.23301
0.233008
0.233009
0.233
0.233006
0.232945
0.232983
0.232756
0.232873
0.231519
0.231263
0.232573
0.230449
0.230263
0.230148
0.230151
0.230094
0.230363
0.229774
0.230279
0.230373
0.229614
0.229832
0.230439
0.230065
0.23012
0.23017
0.230219
0.230262
0.230363
0.230414
0.226058
0.22787
0.229466
0.230044
0.221218
0.221829
0.224218
0.22303
0.219405
0.219793
0.219367
0.219084
0.217903
0.217934
0.218128
0.218896
0.218154
0.217344
0.217385
0.21753
0.217567
0.217092
0.217095
0.217239
0.216846
0.216861
0.217004
0.216859
0.217118
0.216893
0.216849
0.217029
0.220682
0.219023
0.222726
0.220797
0.217763
0.217129
0.217262
0.217955
0.222413
0.221849
0.222485
0.22123
0.220704
0.0358801
0.180073
0.0572574
0.220519
0.220576
0.220492
0.213617
0.230512
0.230743
0.23111
0.231552
0.232007
0.232396
0.232637
0.232738
0.232563
0.231787
0.2306
0.229598
0.229144
0.229176
0.229537
0.23043
0.231835
0.232852
0.233003
0.23301
0.23301
0.23301
0.23301
0.23301
0.23301
0.23301
0.23301
0.23301
0.23301
0.23301
0.23301
0.233009
0.23301
0.233006
0.233008
0.232989
0.233001
0.232867
0.232958
0.229599
0.229282
0.230978
0.230268
0.232084
0.229144
0.228828
0.228763
0.228912
0.228693
0.229175
0.228148
0.229286
0.22943
0.227965
0.228291
0.230017
0.228853
0.228964
0.229062
0.22916
0.230265
0.230372
0.22998
0.224477
0.226393
0.228388
0.229434
0.220766
0.221185
0.222816
0.222057
0.218958
0.219527
0.218378
0.218389
0.217677
0.217699
0.217791
0.218331
0.217786
0.217291
0.217338
0.217459
0.2175
0.217039
0.216934
0.219255
0.218173
0.222413
0.220818
0.219454
0.217467
0.217615
0.222082
0.221581
0.222111
0.220902
0.220481
0.0342195
0.145483
0.0469456
0.220318
0.220407
0.219413
0.202897
0.230485
0.2307
0.231073
0.231525
0.231988
0.232356
0.232526
0.232412
0.231721
0.230602
0.229639
0.229131
0.229088
0.229377
0.23017
0.231495
0.232727
0.232994
0.23301
0.23301
0.23301
0.23301
0.23301
0.23301
0.23301
0.23301
0.23301
0.23301
0.23301
0.23301
0.23301
0.23301
0.23301
0.23301
0.233008
0.233009
0.232996
0.233006
0.232804
0.232963
0.228321
0.229019
0.227835
0.230254
0.231282
0.227494
0.227319
0.227461
0.226745
0.227369
0.226347
0.227501
0.227692
0.225826
0.226233
0.22878
0.226839
0.226978
0.227164
0.227316
0.229783
0.229904
0.228739
0.222261
0.223788
0.225719
0.227641
0.219486
0.221942
0.221602
0.218298
0.218456
0.217767
0.217801
0.217579
0.217601
0.217649
0.217864
0.217648
0.218398
0.217862
0.220875
0.219593
0.218602
0.221852
0.221233
0.221825
0.220842
0.220643
0.220245
0.033306
0.112984
0.0409159
0.22015
0.220169
0.216905
0.188418
0.230433
0.2306
0.230935
0.231346
0.231738
0.232018
0.232018
0.231494
0.230521
0.229616
0.229107
0.229041
0.229288
0.230006
0.231246
0.232581
0.23298
0.233009
0.23301
0.23301
0.23301
0.23301
0.23301
0.23301
0.23301
0.23301
0.23301
0.23301
0.23301
0.23301
0.23301
0.23301
0.23301
0.23301
0.233009
0.23301
0.232995
0.233006
0.23257
0.232929
0.227741
0.227009
0.228582
0.226453
0.229782
0.230907
0.229485
0.225964
0.22606
0.224784
0.225484
0.224813
0.225227
0.225493
0.223714
0.224201
0.226753
0.224292
0.224457
0.224711
0.224955
0.228368
0.228622
0.226621
0.221494
0.221412
0.222083
0.223811
0.218324
0.219635
0.219426
0.217812
0.217728
0.217539
0.217593
0.217661
0.218056
0.219736
0.218796
0.218258
0.221345
0.220979
0.220833
0.21984
0.220322
0.220043
0.0327926
0.0840652
0.0374765
0.219982
0.219679
0.212574
0.172101
0.230354
0.230436
0.230675
0.230962
0.231191
0.231227
0.230915
0.230259
0.229525
0.229066
0.229027
0.229266
0.229939
0.231107
0.232443
0.232962
0.233008
0.23301
0.23301
0.23301
0.23301
0.23301
0.23301
0.23301
0.23301
0.23301
0.23301
0.23301
0.23301
0.23301
0.23301
0.23301
0.23301
0.23301
0.23301
0.233009
0.23301
0.232987
0.233006
0.232379
0.232875
0.226593
0.227478
0.225812
0.228426
0.225179
0.229423
0.229505
0.230501
0.231483
0.224797
0.223144
0.223913
0.223704
0.222906
0.22329
0.221903
0.222485
0.224061
0.221574
0.221886
0.222214
0.222539
0.225616
0.226306
0.223647
0.219261
0.220771
0.220547
0.220151
0.21762
0.218257
0.218091
0.217625
0.217484
0.218965
0.218549
0.221081
0.2207
0.22056
0.219946
0.21917
0.220091
0.219832
0.0325021
0.0668371
0.0355255
0.219825
0.218676
0.206646
0.152022
0.230255
0.230228
0.230316
0.230411
0.2304
0.230195
0.229795
0.22933
0.229035
0.229037
0.229288
0.229951
0.231075
0.23235
0.232942
0.233007
0.23301
0.23301
0.23301
0.23301
0.23301
0.23301
0.23301
0.23301
0.23301
0.23301
0.23301
0.23301
0.23301
0.23301
0.23301
0.23301
0.23301
0.23301
0.23301
0.23301
0.233009
0.23301
0.232984
0.233005
0.232393
0.232866
0.225622
0.226511
0.227459
0.224791
0.22846
0.22406
0.228694
0.229763
0.230861
0.231569
0.221931
0.222779
0.22305
0.220862
0.221358
0.220465
0.221167
0.220936
0.218887
0.219527
0.220025
0.220439
0.22117
0.222776
0.21999
0.218637
0.217917
0.218108
0.219293
0.217394
0.217544
0.21743
0.218686
0.220937
0.220594
0.219969
0.220428
0.219325
0.218994
0.219831
0.219643
0.0323374
0.0564022
0.0344074
0.219637
0.216891
0.199211
0.131287
0.23016
0.230024
0.229946
0.229864
0.229705
0.229468
0.229214
0.229039
0.229091
0.22938
0.230044
0.231128
0.232328
0.232929
0.233006
0.23301
0.23301
0.23301
0.23301
0.23301
0.23301
0.23301
0.23301
0.23301
0.23301
0.23301
0.23301
0.23301
0.23301
0.23301
0.23301
0.23301
0.23301
0.23301
0.23301
0.23301
0.23301
0.233009
0.23301
0.232986
0.233005
0.23254
0.23289
0.224749
0.225682
0.226659
0.227647
0.223861
0.228054
0.229097
0.230178
0.231207
0.231829
0.221125
0.22207
0.222906
0.219287
0.219835
0.219433
0.22024
0.218245
0.217334
0.21769
0.218219
0.218796
0.218935
0.21913
0.217849
0.217615
0.217345
0.217617
0.217363
0.217296
0.217239
0.220499
0.220495
0.219984
0.219421
0.22
0.219088
0.219602
0.219497
0.0322233
0.0495349
0.0336383
0.219277
0.214495
0.189796
0.112394
0.230095
0.22987
0.22972
0.229566
0.229398
0.229218
0.229111
0.229239
0.229598
0.230275
0.231309
0.232377
0.232924
0.233005
0.23301
0.23301
0.23301
0.23301
0.23301
0.23301
0.23301
0.23301
0.23301
0.23301
0.23301
0.23301
0.23301
0.23301
0.23301
0.23301
0.23301
0.23301
0.23301
0.23301
0.23301
0.23301
0.23301
0.23301
0.233009
0.23301
0.232994
0.233006
0.232754
0.232047
0.232939
0.223912
0.225004
0.226059
0.227046
0.22763
0.228602
0.22962
0.230647
0.231591
0.220786
0.221859
0.222976
0.218097
0.218738
0.218794
0.21973
0.217109
0.216747
0.216864
0.217152
0.217501
0.21844
0.217902
0.21722
0.217232
0.21717
0.217186
0.217307
0.217146
0.22034
0.219988
0.219494
0.219245
0.219778
0.220166
0.219428
0.219374
0.0321802
0.0453262
0.0333328
0.218712
0.211215
0.179841
0.0959986
0.230118
0.229787
0.22962
0.229464
0.229336
0.229332
0.229552
0.229951
0.230638
0.231602
0.232499
0.232928
0.233005
0.23301
0.23301
0.23301
0.23301
0.23301
0.23301
0.23301
0.23301
0.23301
0.23301
0.23301
0.23301
0.23301
0.23301
0.23301
0.23301
0.23301
0.23301
0.23301
0.23301
0.23301
0.23301
0.23301
0.23301
0.233009
0.23301
0.233003
0.233008
0.232926
0.23256
0.232371
0.232985
0.224316
0.22558
0.226654
0.227405
0.228322
0.229246
0.230211
0.23116
0.232001
0.220763
0.221891
0.223395
0.217363
0.218021
0.218604
0.219618
0.216744
0.216545
0.21661
0.216693
0.216916
0.217659
0.217002
0.217129
0.217111
0.217091
0.217021
0.217104
0.219964
0.21955
0.21931
0.219576
0.219989
0.219903
0.219281
0.219259
0.0321605
0.0420525
0.0332402
0.217781
0.207413
0.168776
0.0851951
0.23032
0.22987
0.229772
0.229695
0.229793
0.230018
0.230443
0.231115
0.231963
0.232646
0.232946
0.233005
0.23301
0.23301
0.23301
0.23301
0.23301
0.23301
0.23301
0.23301
0.23301
0.23301
0.23301
0.23301
0.23301
0.23301
0.23301
0.23301
0.23301
0.23301
0.23301
0.23301
0.23301
0.23301
0.23301
0.23301
0.23301
0.23301
0.23301
0.23301
0.233008
0.233009
0.232786
0.232988
0.232876
0.23234
0.233003
0.225037
0.226358
0.227231
0.228222
0.22908
0.229945
0.23083
0.231671
0.220931
0.222245
0.224109
0.217067
0.217755
0.21861
0.21969
0.216604
0.216431
0.216443
0.216579
0.216697
0.216901
0.217105
0.217099
0.217035
0.219597
0.21937
0.2194
0.219817
0.219831
0.219606
0.219155
0.219074
0.0321832
0.0412519
0.0333701
0.216562
0.202679
0.159957
0.0761088
0.230769
0.230313
0.230368
0.23042
0.230649
0.231059
0.231675
0.232329
0.232784
0.232969
0.233006
0.23301
0.23301
0.23301
0.23301
0.23301
0.23301
0.23301
0.23301
0.23301
0.23301
0.23301
0.23301
0.23301
0.23301
0.23301
0.23301
0.23301
0.23301
0.23301
0.23301
0.23301
0.23301
0.23301
0.23301
0.23301
0.23301
0.23301
0.23301
0.23301
0.23301
0.233009
0.23301
0.23264
0.233005
0.232985
0.232956
0.232817
0.232125
0.233008
0.225881
0.226807
0.228111
0.229052
0.229855
0.230647
0.231433
0.221557
0.222914
0.225007
0.216963
0.217696
0.21886
0.220105
0.216533
0.216853
0.216435
0.216431
0.216536
0.216666
0.217035
0.21712
0.217114
0.219435
0.219246
0.219651
0.219743
0.219598
0.219466
0.219051
0.218821
0.0324866
0.0416455
0.0347041
0.214899
0.197903
0.151114
0.0756066
0.231395
0.23106
0.231187
0.23138
0.231739
0.232205
0.232635
0.232891
0.232988
0.233008
0.23301
0.23301
0.23301
0.23301
0.23301
0.23301
0.23301
0.23301
0.23301
0.23301
0.23301
0.23301
0.23301
0.23301
0.23301
0.23301
0.23301
0.23301
0.23301
0.23301
0.23301
0.23301
0.23301
0.23301
0.23301
0.23301
0.23301
0.23301
0.23301
0.23301
0.23301
0.23301
0.23301
0.232499
0.233001
0.233009
0.233007
0.232981
0.232936
0.232756
0.231976
0.233009
0.226011
0.227773
0.228953
0.229818
0.230575
0.231309
0.222372
0.223814
0.21697
0.217745
0.219348
0.220801
0.216868
0.217071
0.216955
0.216527
0.216617
0.216759
0.217153
0.217154
0.219142
0.219499
0.219644
0.219574
0.219482
0.218953
0.218412
0.0363231
0.0435951
0.0455997
0.212883
0.192765
0.145768
0.0775811
0.232021
0.231889
0.232076
0.232316
0.232608
0.232835
0.232958
0.233
0.233009
0.23301
0.23301
0.23301
0.23301
0.23301
0.23301
0.23301
0.23301
0.23301
0.23301
0.23301
0.23301
0.23301
0.23301
0.23301
0.23301
0.23301
0.23301
0.23301
0.23301
0.23301
0.23301
0.23301
0.23301
0.23301
0.23301
0.23301
0.23301
0.23301
0.23301
0.23301
0.23301
0.23301
0.23301
0.232415
0.233
0.23301
0.233009
0.233009
0.233006
0.232973
0.232913
0.232721
0.231882
0.23301
0.224888
0.22709
0.228701
0.229752
0.230532
0.231234
0.223431
0.217198
0.217991
0.220033
0.221744
0.217126
0.217208
0.217214
0.217052
0.216655
0.216849
0.216978
0.217203
0.219025
0.219363
0.219542
0.219533
0.219481
0.218854
0.217837
0.162147
0.0523547
0.172713
0.210471
0.188026
0.142656
0.0863094
0.232547
0.232549
0.232693
0.232839
0.232942
0.232991
0.233005
0.233009
0.23301
0.23301
0.23301
0.23301
0.23301
0.23301
0.23301
0.23301
0.23301
0.23301
0.23301
0.23301
0.23301
0.23301
0.23301
0.23301
0.23301
0.23301
0.23301
0.23301
0.23301
0.23301
0.23301
0.23301
0.23301
0.23301
0.23301
0.23301
0.23301
0.23301
0.23301
0.23301
0.23301
0.23301
0.23301
0.232343
0.232997
0.23301
0.23301
0.23301
0.233009
0.233008
0.233005
0.232968
0.232899
0.232684
0.231815
0.23301
0.226074
0.228158
0.229574
0.23048
0.231192
0.224662
0.21754
0.218413
0.220887
0.222866
0.217266
0.217262
0.217339
0.217303
0.217286
0.217129
0.217313
0.218911
0.219242
0.219438
0.219479
0.219463
0.218738
0.216947
0.233065
0.0815755
0.228928
0.207781
0.183733
0.142547
0.0935765
0.23285
0.232883
0.232945
0.232986
0.233002
0.233008
0.23301
0.23301
0.23301
0.23301
0.23301
0.23301
0.23301
0.23301
0.23301
0.23301
0.23301
0.23301
0.23301
0.23301
0.23301
0.23301
0.23301
0.23301
0.23301
0.23301
0.23301
0.23301
0.23301
0.23301
0.23301
0.23301
0.23301
0.23301
0.23301
0.23301
0.23301
0.23301
0.23301
0.23301
0.23301
0.23301
0.23301
0.23301
0.232292
0.232995
0.233009
0.23301
0.233009
0.233009
0.233009
0.233009
0.233008
0.233004
0.232964
0.232886
0.232656
0.231776
0.23301
0.227302
0.229183
0.230372
0.231157
0.226015
0.217927
0.218926
0.221892
0.224193
0.21732
0.217386
0.21743
0.2174
0.217399
0.217455
0.217678
0.218821
0.219171
0.219336
0.219415
0.219431
0.218553
0.215822
0.233009
0.164969
0.23281
0.204781
0.180026
0.142075
0.113472
0.23297
0.232989
0.233
0.233007
0.233009
0.23301
0.23301
0.23301
0.23301
0.23301
0.23301
0.23301
0.23301
0.23301
0.23301
0.23301
0.23301
0.23301
0.23301
0.23301
0.23301
0.23301
0.23301
0.23301
0.23301
0.23301
0.23301
0.23301
0.23301
0.23301
0.23301
0.23301
0.23301
0.23301
0.23301
0.23301
0.23301
0.23301
0.23301
0.23301
0.23301
0.23301
0.23301
0.232264
0.232994
0.233009
0.233009
0.233009
0.233008
0.233008
0.233009
0.233008
0.233007
0.233007
0.233003
0.23296
0.232876
0.232638
0.231753
0.23301
0.228535
0.230125
0.231094
0.22744
0.218337
0.219522
0.223019
0.225654
0.217484
0.217499
0.217514
0.217694
0.218026
0.218746
0.219043
0.219244
0.219343
0.219386
0.218264
0.214226
0.23301
0.221991
0.232989
0.201732
0.176786
0.137501
0.167207
0.233
0.233006
0.233009
0.23301
0.23301
0.23301
0.23301
0.23301
0.23301
0.23301
0.23301
0.23301
0.23301
0.23301
0.23301
0.23301
0.23301
0.23301
0.23301
0.23301
0.23301
0.23301
0.23301
0.23301
0.23301
0.23301
0.23301
0.23301
0.23301
0.23301
0.23301
0.23301
0.23301
0.23301
0.23301
0.23301
0.23301
0.23301
0.23301
0.23301
0.23301
0.23301
0.23301
0.23301
0.232252
0.232991
0.233006
0.233007
0.233009
0.233007
0.233007
0.233005
0.233007
0.233004
0.233003
0.233004
0.232998
0.232955
0.23287
0.232633
0.231721
0.23301
0.229679
0.230956
0.228829
0.218725
0.220197
0.224269
0.227204
0.217536
0.217595
0.217734
0.217795
0.218412
0.218663
0.218947
0.219153
0.219267
0.219329
0.217733
0.212504
0.23301
0.231694
0.233008
0.198051
0.171417
0.145622
0.216256
0.233009
0.23301
0.23301
0.23301
0.23301
0.23301
0.23301
0.23301
0.23301
0.23301
0.23301
0.23301
0.23301
0.23301
0.23301
0.23301
0.23301
0.23301
0.23301
0.23301
0.23301
0.23301
0.23301
0.23301
0.23301
0.23301
0.23301
0.23301
0.23301
0.23301
0.23301
0.23301
0.23301
0.23301
0.23301
0.23301
0.23301
0.23301
0.23301
0.23301
0.23301
0.23301
0.23301
0.23301
0.232244
0.232986
0.233001
0.233003
0.233007
0.233009
0.232999
0.232998
0.233002
0.232996
0.233001
0.232993
0.232994
0.232998
0.23299
0.23295
0.232869
0.232638
0.231659
0.23301
0.230684
0.230096
0.219115
0.220899
0.225546
0.228724
0.217611
0.21779
0.217819
0.21816
0.218802
0.218728
0.218535
0.21906
0.218887
0.219189
0.219265
0.217049
0.210167
0.23301
0.232892
0.23301
0.193937
0.15914
0.170844
0.230134
0.23301
0.23301
0.23301
0.23301
0.23301
0.23301
0.23301
0.23301
0.23301
0.23301
0.23301
0.23301
0.23301
0.23301
0.23301
0.23301
0.23301
0.23301
0.23301
0.23301
0.23301
0.23301
0.23301
0.23301
0.23301
0.23301
0.23301
0.23301
0.23301
0.23301
0.23301
0.23301
0.23301
0.23301
0.23301
0.23301
0.23301
0.23301
0.23301
0.23301
0.23301
0.23301
0.23301
0.232225
0.232975
0.232982
0.23299
0.233007
0.232997
0.232997
0.233009
0.232978
0.232973
0.232985
0.232973
0.232984
0.232966
0.232966
0.232985
0.232973
0.232938
0.232866
0.23264
0.231525
0.23301
0.23117
0.219465
0.221564
0.22684
0.230106
0.217817
0.217846
0.21802
0.218299
0.219072
0.218671
0.218395
0.219109
0.218986
0.218806
0.219195
0.216079
0.20731
0.23301
0.232996
0.23301
0.186746
0.163157
0.212494
0.232563
0.23301
0.23301
0.23301
0.23301
0.23301
0.23301
0.23301
0.23301
0.23301
0.23301
0.23301
0.23301
0.23301
0.23301
0.23301
0.23301
0.23301
0.23301
0.23301
0.23301
0.23301
0.23301
0.23301
0.23301
0.23301
0.23301
0.23301
0.23301
0.23301
0.23301
0.23301
0.23301
0.23301
0.23301
0.23301
0.23301
0.23301
0.23301
0.23301
0.23301
0.23301
0.23301
0.23301
0.232178
0.23295
0.23294
0.23296
0.233007
0.232997
0.232998
0.23297
0.232969
0.23301
0.232933
0.232919
0.232946
0.232923
0.232946
0.232907
0.232903
0.232946
0.232934
0.23291
0.232852
0.232627
0.23301
0.231983
0.219742
0.222105
0.228025
0.231166
0.217865
0.217986
0.218107
0.218639
0.218667
0.218177
0.219121
0.219035
0.218921
0.218771
0.214426
0.203407
0.23301
0.233008
0.23301
0.172961
0.177479
0.227261
0.232947
0.23301
0.23301
0.23301
0.23301
0.23301
0.23301
0.23301
0.23301
0.23301
0.23301
0.23301
0.23301
0.23301
0.23301
0.23301
0.23301
0.23301
0.23301
0.23301
0.23301
0.23301
0.23301
0.23301
0.23301
0.23301
0.23301
0.23301
0.23301
0.23301
0.23301
0.23301
0.23301
0.23301
0.23301
0.23301
0.23301
0.23301
0.23301
0.23301
0.23301
0.23301
0.23301
0.23301
0.232905
0.232853
0.232897
0.232996
0.233008
0.232971
0.232978
0.232909
0.232905
0.23301
0.232837
0.232809
0.232867
0.232822
0.232869
0.232791
0.232775
0.23286
0.232823
0.232837
0.232812
0.232514
0.23301
0.220006
0.218702
0.222514
0.228944
0.23187
0.217978
0.218053
0.218344
0.218639
0.217655
0.219048
0.218978
0.218856
0.218704
0.212365
0.195145
0.23301
0.23301
0.23301
0.175107
0.207395
0.231814
0.233002
0.23301
0.23301
0.23301
0.23301
0.23301
0.23301
0.23301
0.23301
0.23301
0.23301
0.23301
0.23301
0.23301
0.23301
0.23301
0.23301
0.23301
0.23301
0.23301
0.23301
0.23301
0.23301
0.23301
0.23301
0.23301
0.23301
0.23301
0.23301
0.23301
0.23301
0.23301
0.23301
0.23301
0.23301
0.23301
0.23301
0.23301
0.23301
0.23301
0.23301
0.23301
0.23301
0.23301
0.23279
0.232681
0.23277
0.232934
0.233005
0.232957
0.233009
0.232904
0.232912
0.232785
0.232774
0.23301
0.232657
0.232603
0.232714
0.232631
0.232716
0.232569
0.232515
0.232678
0.232572
0.232656
0.232668
0.23301
0.220217
0.219097
0.218405
0.222877
0.229329
0.232031
0.218045
0.218193
0.218582
0.216785
0.218975
0.218921
0.218738
0.218697
0.208572
0.18253
0.23301
0.23301
0.23301
0.184212
0.224967
0.232809
0.233009
0.23301
0.23301
0.23301
0.23301
0.23301
0.23301
0.23301
0.23301
0.23301
0.23301
0.23301
0.23301
0.23301
0.23301
0.23301
0.23301
0.23301
0.23301
0.23301
0.23301
0.23301
0.23301
0.23301
0.23301
0.23301
0.23301
0.23301
0.23301
0.23301
0.23301
0.23301
0.23301
0.23301
0.23301
0.23301
0.23301
0.23301
0.23301
0.23301
0.23301
0.23301
0.23301
0.23301
0.232444
0.232357
0.232539
0.232805
0.233008
0.232993
0.23298
0.232855
0.23301
0.23277
0.232775
0.232557
0.232532
0.23301
0.232346
0.232256
0.232441
0.232295
0.232438
0.232164
0.232019
0.2323
0.232031
0.231961
0.23301
0.220375
0.219199
0.218626
0.218225
0.22308
0.229273
0.218145
0.218732
0.218344
0.215061
0.218934
0.218775
0.218709
0.218683
0.200282
0.183768
0.23301
0.23301
0.23301
0.205501
0.230996
0.232982
0.23301
0.23301
0.23301
0.23301
0.23301
0.23301
0.23301
0.23301
0.23301
0.23301
0.23301
0.23301
0.23301
0.23301
0.23301
0.23301
0.23301
0.23301
0.23301
0.23301
0.23301
0.23301
0.23301
0.23301
0.23301
0.23301
0.23301
0.23301
0.23301
0.23301
0.23301
0.23301
0.23301
0.23301
0.23301
0.23301
0.23301
0.23301
0.23301
0.23301
0.23301
0.23301
0.23301
0.23301
0.23301
0.231513
0.231765
0.232147
0.232568
0.233
0.233009
0.232968
0.232913
0.232644
0.23301
0.232523
0.232526
0.232178
0.232133
0.23301
0.231851
0.23172
0.231996
0.231741
0.231956
0.231473
0.231112
0.23154
0.230802
0.220449
0.219423
0.218672
0.21834
0.21817
0.223115
0.228695
0.218732
0.217839
0.21169
0.218807
0.218736
0.218627
0.218703
0.189513
0.189662
0.23301
0.23301
0.23301
0.223537
0.232614
0.233006
0.23301
0.23301
0.23301
0.23301
0.23301
0.23301
0.23301
0.23301
0.23301
0.23301
0.23301
0.23301
0.23301
0.23301
0.23301
0.23301
0.23301
0.23301
0.23301
0.23301
0.23301
0.23301
0.23301
0.23301
0.23301
0.23301
0.23301
0.23301
0.23301
0.23301
0.23301
0.23301
0.23301
0.23301
0.23301
0.23301
0.23301
0.23301
0.23301
0.23301
0.23301
0.23301
0.23301
0.23301
0.23301
0.230748
0.231526
0.232169
0.233008
0.23295
0.23299
0.23301
0.232856
0.232742
0.232283
0.23301
0.232114
0.232117
0.231608
0.231538
0.23112
0.230947
0.231315
0.230882
0.231172
0.230345
0.229504
0.230068
0.227861
0.220474
0.219434
0.218813
0.218355
0.21824
0.223009
0.21866
0.2166
0.203941
0.218757
0.218617
0.218614
0.218847
0.218701
0.190028
0.205283
0.23301
0.23301
0.23301
0.230309
0.232947
0.23301
0.23301
0.23301
0.23301
0.23301
0.23301
0.23301
0.23301
0.23301
0.23301
0.23301
0.23301
0.23301
0.23301
0.23301
0.23301
0.23301
0.23301
0.23301
0.23301
0.23301
0.23301
0.23301
0.23301
0.23301
0.23301
0.23301
0.23301
0.23301
0.23301
0.23301
0.23301
0.23301
0.23301
0.23301
0.23301
0.23301
0.23301
0.23301
0.23301
0.23301
0.23301
0.23301
0.23301
0.23301
0.23301
0.23301
0.229054
0.2306
0.231573
0.233009
0.233003
0.233007
0.23282
0.232944
0.23301
0.232623
0.232435
0.231727
0.231508
0.231508
0.230805
0.230716
0.230104
0.229902
0.230337
0.22962
0.229976
0.228611
0.22666
0.227127
0.222677
0.220479
0.219465
0.218809
0.218421
0.218256
0.21837
0.213589
0.194647
0.218634
0.218586
0.218545
0.21882
0.218712
0.193941
0.222778
0.23301
0.23301
0.23301
0.232408
0.233002
0.23301
0.23301
0.23301
0.23301
0.23301
0.23301
0.23301
0.23301
0.23301
0.23301
0.23301
0.23301
0.23301
0.23301
0.23301
0.23301
0.23301
0.23301
0.23301
0.23301
0.23301
0.23301
0.23301
0.23301
0.23301
0.23301
0.23301
0.23301
0.23301
0.23301
0.23301
0.23301
0.23301
0.23301
0.23301
0.23301
0.23301
0.23301
0.23301
0.23301
0.23301
0.23301
0.23301
0.23301
0.23301
0.23301
0.23301
0.23301
0.23301
0.226297
0.229292
0.230773
0.233008
0.23301
0.232989
0.233003
0.232536
0.232825
0.232218
0.23194
0.230968
0.230682
0.230684
0.229744
0.229651
0.228758
0.228555
0.228999
0.227855
0.228214
0.226008
0.22231
0.222474
0.220486
0.219467
0.218824
0.218408
0.218288
0.217431
0.206697
0.1945
0.218573
0.218485
0.218522
0.218676
0.218874
0.21874
0.205674
0.229835
0.23301
0.23301
0.23301
0.232906
0.233009
0.23301
0.23301
0.23301
0.23301
0.23301
0.23301
0.23301
0.23301
0.23301
0.23301
0.23301
0.23301
0.23301
0.23301
0.23301
0.23301
0.23301
0.23301
0.23301
0.23301
0.23301
0.23301
0.23301
0.23301
0.23301
0.23301
0.23301
0.23301
0.23301
0.23301
0.23301
0.23301
0.23301
0.23301
0.23301
0.23301
0.23301
0.23301
0.23301
0.23301
0.23301
0.23301
0.23301
0.23301
0.23301
0.23301
0.23301
0.23301
0.23301
0.23301
0.222258
0.227529
0.229768
0.233004
0.233009
0.233008
0.232949
0.232991
0.232062
0.232542
0.231618
0.231244
0.230008
0.229621
0.229632
0.228407
0.228336
0.227052
0.226889
0.227253
0.22546
0.225698
0.222322
0.220481
0.219404
0.218809
0.218413
0.21828
0.214862
0.198409
0.197263
0.218467
0.218403
0.218522
0.21791
0.218757
0.218901
0.218742
0.222643
0.232254
0.23301
0.23301
0.23301
0.232995
0.23301
0.23301
0.23301
0.23301
0.23301
0.23301
0.23301
0.23301
0.23301
0.23301
0.23301
0.23301
0.23301
0.23301
0.23301
0.23301
0.23301
0.23301
0.23301
0.23301
0.23301
0.23301
0.23301
0.23301
0.23301
0.23301
0.23301
0.23301
0.23301
0.23301
0.23301
0.23301
0.23301
0.23301
0.23301
0.23301
0.23301
0.23301
0.23301
0.23301
0.23301
0.23301
0.23301
0.23301
0.23301
0.23301
0.23301
0.23301
0.23301
0.23301
0.23301
0.23301
0.23301
0.220416
0.225223
0.22857
0.232996
0.233009
0.233006
0.232852
0.232962
0.2314
0.232053
0.230827
0.230356
0.228859
0.228322
0.228364
0.226796
0.226767
0.224959
0.224922
0.225033
0.222325
0.2224
0.220301
0.219327
0.218755
0.218404
0.218283
0.208575
0.197774
0.20674
0.218361
0.218385
0.218502
0.215648
0.218181
0.21879
0.218723
0.229721
0.232872
0.23301
0.23301
0.233008
0.23301
0.23301
0.23301
0.23301
0.23301
0.23301
0.23301
0.23301
0.23301
0.23301
0.23301
0.23301
0.23301
0.23301
0.23301
0.23301
0.23301
0.23301
0.23301
0.23301
0.23301
0.23301
0.23301
0.23301
0.23301
0.23301
0.23301
0.23301
0.23301
0.23301
0.23301
0.23301
0.23301
0.23301
0.23301
0.23301
0.23301
0.23301
0.23301
0.23301
0.23301
0.23301
0.23301
0.23301
0.23301
0.23301
0.23301
0.23301
0.23301
0.23301
0.23301
0.23301
0.23301
0.23301
0.219213
0.222303
0.227184
0.232977
0.233007
0.233009
0.233
0.232637
0.232895
0.230573
0.231403
0.229866
0.229292
0.227541
0.22678
0.226915
0.224921
0.224951
0.222448
0.222585
0.222308
0.220312
0.220388
0.219836
0.218693
0.218379
0.218278
0.201017
0.199983
0.22299
0.218336
0.21831
0.218507
0.209679
0.216082
0.218342
0.218688
0.218702
0.232198
0.23299
0.23301
0.23301
0.23301
0.23301
0.23301
0.23301
0.23301
0.23301
0.23301
0.23301
0.23301
0.23301
0.23301
0.23301
0.23301
0.23301
0.23301
0.23301
0.23301
0.23301
0.23301
0.23301
0.23301
0.23301
0.23301
0.23301
0.23301
0.23301
0.23301
0.23301
0.23301
0.23301
0.23301
0.23301
0.23301
0.23301
0.23301
0.23301
0.23301
0.23301
0.23301
0.23301
0.23301
0.23301
0.23301
0.23301
0.23301
0.23301
0.23301
0.23301
0.23301
0.23301
0.23301
0.23301
0.23301
0.23301
0.233009
0.23301
0.23301
0.23301
0.218612
0.219101
0.220218
0.225631
0.232938
0.233004
0.233008
0.23299
0.232224
0.232765
0.229595
0.230598
0.228751
0.228069
0.226071
0.225044
0.225292
0.222773
0.22292
0.220294
0.220347
0.220183
0.219732
0.219811
0.218352
0.218264
0.200344
0.208391
0.229822
0.218245
0.218303
0.218506
0.202825
0.209769
0.216051
0.218052
0.21862
0.218676
0.232856
0.233007
0.23301
0.23301
0.23301
0.23301
0.23301
0.23301
0.23301
0.23301
0.23301
0.23301
0.23301
0.23301
0.23301
0.23301
0.23301
0.23301
0.23301
0.23301
0.23301
0.23301
0.23301
0.23301
0.23301
0.23301
0.23301
0.23301
0.23301
0.23301
0.23301
0.23301
0.23301
0.23301
0.23301
0.23301
0.23301
0.23301
0.23301
0.23301
0.23301
0.23301
0.23301
0.23301
0.23301
0.23301
0.23301
0.23301
0.23301
0.23301
0.23301
0.23301
0.23301
0.23301
0.23301
0.23301
0.23301
0.23301
0.233009
0.23301
0.23301
0.23301
0.23301
0.218319
0.218546
0.218893
0.21961
0.223944
0.232865
0.232998
0.233006
0.232969
0.231629
0.232529
0.228478
0.229666
0.22749
0.226697
0.224476
0.223201
0.223484
0.220571
0.220775
0.219457
0.219392
0.21944
0.218754
0.218249
0.202339
0.22375
0.232212
0.218217
0.218301
0.218504
0.20248
0.204135
0.209191
0.215368
0.217677
0.218545
0.218642
0.232986
0.23301
0.23301
0.23301
0.23301
0.23301
0.23301
0.23301
0.23301
0.23301
0.23301
0.23301
0.23301
0.23301
0.23301
0.23301
0.23301
0.23301
0.23301
0.23301
0.23301
0.23301
0.23301
0.23301
0.23301
0.23301
0.23301
0.23301
0.23301
0.23301
0.23301
0.23301
0.23301
0.23301
0.23301
0.23301
0.23301
0.23301
0.23301
0.23301
0.23301
0.23301
0.23301
0.23301
0.23301
0.23301
0.23301
0.23301
0.23301
0.23301
0.23301
0.23301
0.23301
0.23301
0.23301
0.23301
0.23301
0.23301
0.23301
0.23301
0.233008
0.233009
0.23301
0.23301
0.23301
0.23301
0.218232
0.218287
0.218423
0.218609
0.222134
0.232738
0.232989
0.233004
0.232933
0.2309
0.232132
0.227224
0.228611
0.226104
0.225199
0.22277
0.221157
0.221563
0.219455
0.219522
0.219146
0.218996
0.219161
0.218353
0.210433
0.230085
0.232856
0.21821
0.218304
0.21851
0.204593
0.20419
0.205143
0.208172
0.214169
0.217093
0.218437
0.21859
0.233007
0.23301
0.23301
0.23301
0.23301
0.23301
0.23301
0.23301
0.23301
0.23301
0.23301
0.23301
0.23301
0.23301
0.23301
0.23301
0.23301
0.23301
0.23301
0.23301
0.23301
0.23301
0.23301
0.23301
0.23301
0.23301
0.23301
0.23301
0.23301
0.23301
0.23301
0.23301
0.23301
0.23301
0.23301
0.23301
0.23301
0.23301
0.23301
0.23301
0.23301
0.23301
0.23301
0.23301
0.23301
0.23301
0.23301
0.23301
0.23301
0.23301
0.23301
0.23301
0.23301
0.23301
0.23301
0.23301
0.23301
0.23301
0.23301
0.23301
0.23301
0.233007
0.233009
0.233009
0.23301
0.23301
0.23301
0.218214
0.218236
0.218291
0.218457
0.220279
0.232554
0.232973
0.233
0.232874
0.230069
0.231581
0.225816
0.227408
0.224597
0.223582
0.221
0.219638
0.219871
0.219017
0.218933
0.218302
0.218687
0.218207
0.22474
0.232286
0.232986
0.218212
0.218316
0.218504
0.212966
0.206748
0.205562
0.205962
0.207676
0.21145
0.216071
0.217466
0.218577
0.23301
0.23301
0.23301
0.23301
0.23301
0.23301
0.23301
0.23301
0.23301
0.23301
0.23301
0.23301
0.23301
0.23301
0.23301
0.23301
0.23301
0.23301
0.23301
0.23301
0.23301
0.23301
0.23301
0.23301
0.23301
0.23301
0.23301
0.23301
0.23301
0.23301
0.23301
0.23301
0.23301
0.23301
0.23301
0.23301
0.23301
0.23301
0.23301
0.23301
0.23301
0.23301
0.23301
0.23301
0.23301
0.23301
0.23301
0.23301
0.23301
0.23301
0.23301
0.23301
0.23301
0.23301
0.23301
0.23301
0.23301
0.23301
0.23301
0.23301
0.23301
0.23301
0.23301
0.23301
0.23301
0.23301
0.233005
0.233009
0.233009
0.23301
0.23301
0.23301
0.218188
0.218179
0.218204
0.219172
0.23231
0.232949
0.232993
0.232786
0.229115
0.230914
0.224277
0.226025
0.222991
0.221885
0.21956
0.219012
0.21907
0.21868
0.21862
0.218159
0.218154
0.218173
0.230475
0.232872
0.233007
0.218222
0.21832
0.218504
0.225938
0.215954
0.208982
0.20677
0.206834
0.207572
0.209881
0.218488
0.212529
0.218513
0.23301
0.23301
0.23301
0.23301
0.23301
0.23301
0.23301
0.23301
0.23301
0.23301
0.23301
0.23301
0.23301
0.23301
0.23301
0.23301
0.23301
0.23301
0.23301
0.23301
0.23301
0.23301
0.23301
0.23301
0.23301
0.23301
0.23301
0.23301
0.23301
0.23301
0.23301
0.23301
0.23301
0.23301
0.23301
0.23301
0.23301
0.23301
0.23301
0.23301
0.23301
0.23301
0.23301
0.23301
0.23301
0.23301
0.23301
0.23301
0.23301
0.23301
0.23301
0.23301
0.23301
0.23301
0.23301
0.23301
0.23301
0.23301
0.23301
0.23301
0.23301
0.23301
0.23301
0.23301
0.23301
0.23301
0.23301
0.233003
0.233008
0.233009
0.23301
0.23301
0.23301
0.218159
0.218155
0.218683
0.231986
0.232916
0.232984
0.232674
0.228002
0.230122
0.22268
0.224489
0.221338
0.220198
0.218734
0.218681
0.218645
0.218086
0.218224
0.218083
0.21813
0.232405
0.232988
0.23301
0.218228
0.218337
0.218496
0.230928
0.22723
0.219307
0.211508
0.208309
0.207831
0.208111
0.215652
0.20894
0.218062
0.218356
0.23301
0.23301
0.23301
0.23301
0.23301
0.23301
0.23301
0.23301
0.23301
0.23301
0.23301
0.23301
0.23301
0.23301
0.23301
0.23301
0.23301
0.23301
0.23301
0.23301
0.23301
0.23301
0.23301
0.23301
0.23301
0.23301
0.23301
0.23301
0.23301
0.23301
0.23301
0.23301
0.23301
0.23301
0.23301
0.23301
0.23301
0.23301
0.23301
0.23301
0.23301
0.23301
0.23301
0.23301
0.23301
0.23301
0.23301
0.23301
0.23301
0.23301
0.23301
0.23301
0.23301
0.23301
0.23301
0.23301
0.23301
0.23301
0.23301
0.23301
0.23301
0.23301
0.23301
0.23301
0.23301
0.23301
0.23301
0.23301
0.23301
0.232999
0.233007
0.233009
0.23301
0.23301
0.23301
0.218147
0.218378
0.231522
0.232874
0.232971
0.232545
0.226714
0.229182
0.221105
0.222889
0.219795
0.2191
0.218356
0.218273
0.21837
0.217932
0.218057
0.218113
0.218135
0.232897
0.233007
0.23301
0.21825
0.218355
0.218486
0.232531
0.231371
0.228369
0.223005
0.214463
0.210466
0.208962
0.21027
0.208977
0.214547
0.215153
0.218125
0.23301
0.23301
0.23301
0.23301
0.23301
0.23301
0.23301
0.23301
0.23301
0.23301
0.23301
0.23301
0.23301
0.23301
0.23301
0.23301
0.23301
0.23301
0.23301
0.23301
0.23301
0.23301
0.23301
0.23301
0.23301
0.23301
0.23301
0.23301
0.23301
0.23301
0.23301
0.23301
0.23301
0.23301
0.23301
0.23301
0.23301
0.23301
0.23301
0.23301
0.23301
0.23301
0.23301
0.23301
0.23301
0.23301
0.23301
0.23301
0.23301
0.23301
0.23301
0.23301
0.23301
0.23301
0.23301
0.23301
0.23301
0.23301
0.23301
0.23301
0.23301
0.23301
0.23301
0.23301
0.23301
0.23301
0.23301
0.23301
0.23301
0.23301
0.23301
0.23301
0.232995
0.233006
0.233008
0.233009
0.23301
0.23301
0.217928
0.230904
0.232822
0.232956
0.232376
0.225253
0.228052
0.2197
0.22133
0.218842
0.218429
0.218131
0.217894
0.217899
0.217862
0.217983
0.218101
0.218128
0.232993
0.23301
0.218276
0.218371
0.218434
0.232924
0.232656
0.231776
0.229829
0.225639
0.219269
0.213639
0.20923
0.21109
0.210425
0.211359
0.216638
0.217951
0.23301
0.23301
0.23301
0.23301
0.23301
0.23301
0.23301
0.23301
0.23301
0.23301
0.23301
0.23301
0.23301
0.23301
0.23301
0.23301
0.23301
0.23301
0.23301
0.23301
0.23301
0.23301
0.23301
0.23301
0.23301
0.23301
0.23301
0.23301
0.23301
0.23301
0.23301
0.23301
0.23301
0.23301
0.23301
0.23301
0.23301
0.23301
0.23301
0.23301
0.23301
0.23301
0.23301
0.23301
0.23301
0.23301
0.23301
0.23301
0.23301
0.23301
0.23301
0.23301
0.23301
0.23301
0.23301
0.23301
0.23301
0.23301
0.23301
0.23301
0.23301
0.23301
0.23301
0.23301
0.23301
0.23301
0.23301
0.23301
0.23301
0.23301
0.23301
0.23301
0.23301
0.23301
0.23301
0.23299
0.233004
0.233008
0.233009
0.23301
0.23301
0.217735
0.230101
0.232755
0.232936
0.232157
0.223678
0.226727
0.21878
0.219953
0.218225
0.218146
0.217781
0.217806
0.217968
0.218072
0.218123
0.233008
0.218298
0.218384
0.218402
0.232997
0.232949
0.232754
0.232216
0.230861
0.227802
0.223711
0.210081
0.218682
0.210223
0.213976
0.210535
0.214133
0.217558
0.23301
0.23301
0.23301
0.23301
0.23301
0.23301
0.23301
0.23301
0.23301
0.23301
0.23301
0.23301
0.23301
0.23301
0.23301
0.23301
0.23301
0.23301
0.23301
0.23301
0.23301
0.23301
0.23301
0.23301
0.23301
0.23301
0.23301
0.23301
0.23301
0.23301
0.23301
0.23301
0.23301
0.23301
0.23301
0.23301
0.23301
0.23301
0.23301
0.23301
0.23301
0.23301
0.23301
0.23301
0.23301
0.23301
0.23301
0.23301
0.23301
0.23301
0.23301
0.23301
0.23301
0.23301
0.23301
0.23301
0.23301
0.23301
0.23301
0.23301
0.23301
0.23301
0.23301
0.23301
0.23301
0.23301
0.23301
0.23301
0.23301
0.23301
0.23301
0.23301
0.23301
0.23301
0.23301
0.23301
0.23301
0.23301
0.23301
0.232984
0.233002
0.233007
0.233009
0.23301
0.23301
0.217712
0.22906
0.232665
0.232913
0.23187
0.222119
0.225232
0.218159
0.218942
0.218
0.217908
0.217683
0.217933
0.218071
0.218111
0.218328
0.218397
0.218281
0.233008
0.233001
0.232968
0.232859
0.232531
0.231576
0.229935
0.214482
0.226944
0.212478
0.211398
0.211601
0.211888
0.215241
0.217495
0.23301
0.23301
0.23301
0.23301
0.23301
0.23301
0.23301
0.23301
0.23301
0.23301
0.23301
0.23301
0.23301
0.23301
0.23301
0.23301
0.23301
0.23301
0.23301
0.23301
0.23301
0.23301
0.23301
0.23301
0.23301
0.23301
0.23301
0.23301
0.23301
0.23301
0.23301
0.23301
0.23301
0.23301
0.23301
0.23301
0.23301
0.23301
0.23301
0.23301
0.23301
0.23301
0.23301
0.23301
0.23301
0.23301
0.23301
0.23301
0.23301
0.23301
0.23301
0.23301
0.23301
0.23301
0.23301
0.23301
0.23301
0.23301
0.23301
0.23301
0.23301
0.23301
0.23301
0.23301
0.23301
0.23301
0.23301
0.23301
0.23301
0.23301
0.23301
0.23301
0.23301
0.23301
0.23301
0.23301
0.23301
0.23301
0.23301
0.23301
0.23301
0.232976
0.233
0.233006
0.233009
0.23301
0.23301
0.21767
0.217873
0.227764
0.232542
0.232881
0.231468
0.220729
0.223674
0.217901
0.218199
0.217787
0.217677
0.218063
0.218115
0.218352
0.218391
0.218242
0.233009
0.233004
0.232987
0.232929
0.232735
0.23228
0.223823
0.231114
0.220124
0.211688
0.216789
0.213301
0.211866
0.213541
0.217288
0.23301
0.23301
0.23301
0.23301
0.23301
0.23301
0.23301
0.23301
0.23301
0.23301
0.23301
0.23301
0.23301
0.23301
0.23301
0.23301
0.23301
0.23301
0.23301
0.23301
0.23301
0.23301
0.23301
0.23301
0.23301
0.23301
0.23301
0.23301
0.23301
0.23301
0.23301
0.23301
0.23301
0.23301
0.23301
0.23301
0.23301
0.23301
0.23301
0.23301
0.23301
0.23301
0.23301
0.23301
0.23301
0.23301
0.23301
0.23301
0.23301
0.23301
0.23301
0.23301
0.23301
0.23301
0.23301
0.23301
0.23301
0.23301
0.23301
0.23301
0.23301
0.23301
0.23301
0.23301
0.23301
0.23301
0.23301
0.23301
0.23301
0.23301
0.23301
0.23301
0.23301
0.23301
0.23301
0.23301
0.23301
0.23301
0.23301
0.23301
0.23301
0.23301
0.23301
0.232965
0.232997
0.233005
0.233009
0.23301
0.23301
0.217869
0.217557
0.218034
0.226266
0.23239
0.232837
0.230845
0.219639
0.222193
0.217678
0.217847
0.217566
0.21757
0.218116
0.218377
0.218395
0.218178
0.233009
0.233007
0.232999
0.232967
0.232884
0.229779
0.232628
0.22747
0.21466
0.225527
0.212287
0.213685
0.213891
0.21255
0.21706
0.23301
0.23301
0.23301
0.23301
0.23301
0.23301
0.23301
0.23301
0.23301
0.23301
0.23301
0.23301
0.23301
0.23301
0.23301
0.23301
0.23301
0.23301
0.23301
0.23301
0.23301
0.23301
0.23301
0.23301
0.23301
0.23301
0.23301
0.23301
0.23301
0.23301
0.23301
0.23301
0.23301
0.23301
0.23301
0.23301
0.23301
0.23301
0.23301
0.23301
0.23301
0.23301
0.23301
0.23301
0.23301
0.23301
0.23301
0.23301
0.23301
0.23301
0.23301
0.23301
0.23301
0.23301
0.23301
0.23301
0.23301
0.23301
0.23301
0.23301
0.23301
0.23301
0.23301
0.23301
0.23301
0.23301
0.23301
0.23301
0.23301
0.23301
0.23301
0.23301
0.23301
0.23301
0.23301
0.23301
0.23301
0.23301
0.23301
0.23301
0.23301
0.23301
0.23301
0.23301
0.23301
0.232949
0.232994
0.233004
0.233008
0.23301
0.23301
0.21804
0.217793
0.217499
0.218107
0.224787
0.232197
0.23278
0.229819
0.218736
0.220941
0.217482
0.217583
0.217508
0.218399
0.218394
0.218106
0.23301
0.233009
0.233004
0.232993
0.232222
0.232952
0.231333
0.22276
0.23033
0.213327
0.220352
0.213854
0.212886
0.21328
0.216677
0.23301
0.23301
0.23301
0.23301
0.23301
0.23301
0.23301
0.23301
0.23301
0.23301
0.23301
0.23301
0.23301
0.23301
0.23301
0.23301
0.23301
0.23301
0.23301
0.23301
0.23301
0.23301
0.23301
0.23301
0.23301
0.23301
0.23301
0.23301
0.23301
0.23301
0.23301
0.23301
0.23301
0.23301
0.23301
0.23301
0.23301
0.23301
0.23301
0.23301
0.23301
0.23301
0.23301
0.23301
0.23301
0.23301
0.23301
0.23301
0.23301
0.23301
0.23301
0.23301
0.23301
0.23301
0.23301
0.23301
0.23301
0.23301
0.23301
0.23301
0.23301
0.23301
0.23301
0.23301
0.23301
0.23301
0.23301
0.23301
0.23301
0.23301
0.23301
0.23301
0.23301
0.23301
0.23301
0.23301
0.23301
0.23301
0.23301
0.23301
0.23301
0.23301
0.23301
0.23301
0.23301
0.23301
0.23301
0.23301
0.232928
0.232989
0.233002
0.233008
0.23301
0.23301
0.218112
0.218021
0.217786
0.217399
0.22334
0.231928
0.232708
0.22855
0.21809
0.219812
0.217368
0.217466
0.218419
0.21839
0.217928
0.23301
0.233009
0.233008
0.232875
0.233003
0.232695
0.22902
0.23238
0.21813
0.227544
0.214618
0.213026
0.213327
0.216786
0.216685
0.23301
0.23301
0.23301
0.23301
0.23301
0.23301
0.23301
0.23301
0.23301
0.23301
0.23301
0.23301
0.23301
0.23301
0.23301
0.23301
0.23301
0.23301
0.23301
0.23301
0.23301
0.23301
0.23301
0.23301
0.23301
0.23301
0.23301
0.23301
0.23301
0.23301
0.23301
0.23301
0.23301
0.23301
0.23301
0.23301
0.23301
0.23301
0.23301
0.23301
0.23301
0.23301
0.23301
0.23301
0.23301
0.23301
0.23301
0.23301
0.23301
0.23301
0.23301
0.23301
0.23301
0.23301
0.23301
0.23301
0.23301
0.23301
0.23301
0.23301
0.23301
0.23301
0.23301
0.23301
0.23301
0.23301
0.23301
0.23301
0.23301
0.23301
0.23301
0.23301
0.23301
0.23301
0.23301
0.23301
0.23301
0.23301
0.23301
0.23301
0.23301
0.23301
0.23301
0.23301
0.23301
0.23301
0.23301
0.23301
0.23301
0.23301
0.233009
0.232902
0.232983
0.233
0.233007
0.23301
0.23301
0.218114
0.218024
0.217727
0.217264
0.221903
0.231525
0.232609
0.227069
0.217678
0.218886
0.217278
0.217229
0.218437
0.218345
0.217879
0.23301
0.23301
0.232992
0.233009
0.232966
0.231924
0.232917
0.226065
0.231322
0.213536
0.213383
0.215926
0.224577
0.213689
0.216559
0.23301
0.23301
0.23301
0.23301
0.23301
0.23301
0.23301
0.23301
0.23301
0.23301
0.23301
0.23301
0.23301
0.23301
0.23301
0.23301
0.23301
0.23301
0.23301
0.23301
0.23301
0.23301
0.23301
0.23301
0.23301
0.23301
0.23301
0.23301
0.23301
0.23301
0.23301
0.23301
0.23301
0.23301
0.23301
0.23301
0.23301
0.23301
0.23301
0.23301
0.23301
0.23301
0.23301
0.23301
0.23301
0.23301
0.23301
0.23301
0.23301
0.23301
0.23301
0.23301
0.23301
0.23301
0.23301
0.23301
0.23301
0.23301
0.23301
0.23301
0.23301
0.23301
0.23301
0.23301
0.23301
0.23301
0.23301
0.23301
0.23301
0.23301
0.23301
0.23301
0.23301
0.23301
0.23301
0.23301
0.23301
0.23301
0.23301
0.23301
0.23301
0.23301
0.23301
0.23301
0.23301
0.23301
0.23301
0.23301
0.23301
0.23301
0.23301
0.233009
0.232867
0.232975
0.232998
0.233007
0.23301
0.23301
0.21812
0.218015
0.217635
0.217218
0.220527
0.230899
0.232457
0.225361
0.217377
0.218118
0.217127
0.218436
0.21833
0.217799
0.23301
0.233008
0.23301
0.233005
0.232818
0.232999
0.230588
0.232686
0.213478
0.215379
0.223075
0.229846
0.213806
0.213586
0.21646
0.23301
0.23301
0.23301
0.23301
0.23301
0.23301
0.23301
0.23301
0.23301
0.23301
0.23301
0.23301
0.23301
0.23301
0.23301
0.23301
0.23301
0.23301
0.23301
0.23301
0.23301
0.23301
0.23301
0.23301
0.23301
0.23301
0.23301
0.23301
0.23301
0.23301
0.23301
0.23301
0.23301
0.23301
0.23301
0.23301
0.23301
0.23301
0.23301
0.23301
0.23301
0.23301
0.23301
0.23301
0.23301
0.23301
0.23301
0.23301
0.23301
0.23301
0.23301
0.23301
0.23301
0.23301
0.23301
0.23301
0.23301
0.23301
0.23301
0.23301
0.23301
0.23301
0.23301
0.23301
0.23301
0.23301
0.23301
0.23301
0.23301
0.23301
0.23301
0.23301
0.23301
0.23301
0.23301
0.23301
0.23301
0.23301
0.23301
0.23301
0.23301
0.23301
0.23301
0.23301
0.23301
0.23301
0.23301
0.23301
0.23301
0.23301
0.23301
0.23301
0.23301
0.23301
0.233009
0.232813
0.232964
0.232994
0.233007
0.23301
0.23301
0.218126
0.217973
0.217628
0.217042
0.21929
0.229834
0.232232
0.223521
0.217077
0.217453
0.218442
0.218307
0.217723
0.23301
0.23301
0.23301
0.232986
0.233009
0.232461
0.232968
0.215062
0.221789
0.229005
0.232225
0.213905
0.213681
0.214841
0.216354
0.23301
0.23301
0.23301
0.23301
0.23301
0.23301
0.23301
0.23301
0.23301
0.23301
0.23301
0.23301
0.23301
0.23301
0.23301
0.23301
0.23301
0.23301
0.23301
0.23301
0.23301
0.23301
0.23301
0.23301
0.23301
0.23301
0.23301
0.23301
0.23301
0.23301
0.23301
0.23301
0.23301
0.23301
0.23301
0.23301
0.23301
0.23301
0.23301
0.23301
0.23301
0.23301
0.23301
0.23301
0.23301
0.23301
0.23301
0.23301
0.23301
0.23301
0.23301
0.23301
0.23301
0.23301
0.23301
0.23301
0.23301
0.23301
0.23301
0.23301
0.23301
0.23301
0.23301
0.23301
0.23301
0.23301
0.23301
0.23301
0.23301
0.23301
0.23301
0.23301
0.23301
0.23301
0.23301
0.23301
0.23301
0.23301
0.23301
0.23301
0.23301
0.23301
0.23301
0.23301
0.23301
0.23301
0.23301
0.23301
0.23301
0.23301
0.23301
0.23301
0.23301
0.23301
0.23301
0.233009
0.232718
0.232945
0.232988
0.233005
0.23301
0.23301
0.218115
0.217982
0.217545
0.216945
0.216894
0.218204
0.228132
0.231868
0.221786
0.217046
0.218442
0.218279
0.217641
0.23301
0.23301
0.233008
0.23301
0.232931
0.233006
0.220627
0.228234
0.231891
0.232892
0.214039
0.213773
0.21482
0.219845
0.216295
0.23301
0.23301
0.23301
0.23301
0.23301
0.23301
0.23301
0.23301
0.23301
0.23301
0.23301
0.23301
0.23301
0.23301
0.23301
0.23301
0.23301
0.23301
0.23301
0.23301
0.23301
0.23301
0.23301
0.23301
0.23301
0.23301
0.23301
0.23301
0.23301
0.23301
0.23301
0.23301
0.23301
0.23301
0.23301
0.23301
0.23301
0.23301
0.23301
0.23301
0.23301
0.23301
0.23301
0.23301
0.23301
0.23301
0.23301
0.23301
0.23301
0.23301
0.23301
0.23301
0.23301
0.23301
0.23301
0.23301
0.23301
0.23301
0.23301
0.23301
0.23301
0.23301
0.23301
0.23301
0.23301
0.23301
0.23301
0.23301
0.23301
0.23301
0.23301
0.23301
0.23301
0.23301
0.23301
0.23301
0.23301
0.23301
0.23301
0.23301
0.23301
0.23301
0.23301
0.23301
0.23301
0.23301
0.23301
0.23301
0.23301
0.23301
0.23301
0.23301
0.23301
0.23301
0.23301
0.23301
0.23301
0.23301
0.23301
0.233009
0.232549
0.232908
0.232974
0.233004
0.23301
0.23301
0.218125
0.217972
0.217465
0.216764
0.216828
0.217312
0.226015
0.231237
0.220061
0.21668
0.218437
0.218245
0.217573
0.23301
0.23301
0.23301
0.233001
0.23301
0.227442
0.231574
0.232822
0.232998
0.214142
0.213864
0.214855
0.219253
0.226792
0.216259
0.23301
0.23301
0.23301
0.23301
0.23301
0.23301
0.23301
0.23301
0.23301
0.23301
0.23301
0.23301
0.23301
0.23301
0.23301
0.23301
0.23301
0.23301
0.23301
0.23301
0.23301
0.23301
0.23301
0.23301
0.23301
0.23301
0.23301
0.23301
0.23301
0.23301
0.23301
0.23301
0.23301
0.23301
0.23301
0.23301
0.23301
0.23301
0.23301
0.23301
0.23301
0.23301
0.23301
0.23301
0.23301
0.23301
0.23301
0.23301
0.23301
0.23301
0.23301
0.23301
0.23301
0.23301
0.23301
0.23301
0.23301
0.23301
0.23301
0.23301
0.23301
0.23301
0.23301
0.23301
0.23301
0.23301
0.23301
0.23301
0.23301
0.23301
0.23301
0.23301
0.23301
0.23301
0.23301
0.23301
0.23301
0.23301
0.23301
0.23301
0.23301
0.23301
0.23301
0.23301
0.23301
0.23301
0.23301
0.23301
0.23301
0.23301
0.23301
0.23301
0.23301
0.23301
0.23301
0.23301
0.23301
0.23301
0.23301
0.23301
0.233008
0.232244
0.232834
0.232944
0.232999
0.23301
0.23301
0.218137
0.21794
0.217446
0.21654
0.216603
0.216659
0.223596
0.23016
0.218523
0.218426
0.21821
0.217514
0.23301
0.23301
0.233009
0.23301
0.231214
0.232748
0.232989
0.233009
0.214278
0.213966
0.214955
0.219095
0.226307
0.230882
0.216229
0.23301
0.23301
0.23301
0.23301
0.23301
0.23301
0.23301
0.23301
0.23301
0.23301
0.23301
0.23301
0.23301
0.23301
0.23301
0.23301
0.23301
0.23301
0.23301
0.23301
0.23301
0.23301
0.23301
0.23301
0.23301
0.23301
0.23301
0.23301
0.23301
0.23301
0.23301
0.23301
0.23301
0.23301
0.23301
0.23301
0.23301
0.23301
0.23301
0.23301
0.23301
0.23301
0.23301
0.23301
0.23301
0.23301
0.23301
0.23301
0.23301
0.23301
0.23301
0.23301
0.23301
0.23301
0.23301
0.23301
0.23301
0.23301
0.23301
0.23301
0.23301
0.23301
0.23301
0.23301
0.23301
0.23301
0.23301
0.23301
0.23301
0.23301
0.23301
0.23301
0.23301
0.23301
0.23301
0.23301
0.23301
0.23301
0.23301
0.23301
0.23301
0.23301
0.23301
0.23301
0.23301
0.23301
0.23301
0.23301
0.23301
0.23301
0.23301
0.23301
0.23301
0.23301
0.23301
0.23301
0.23301
0.23301
0.233008
0.231716
0.232687
0.232881
0.23299
0.23301
0.23301
0.218135
0.217952
0.217314
0.216313
0.216583
0.216203
0.221257
0.228407
0.217296
0.21841
0.218175
0.217459
0.23301
0.23301
0.23301
0.232659
0.232982
0.233008
0.23301
0.214381
0.214093
0.215139
0.219179
0.225946
0.230626
0.232556
0.216226
0.23301
0.23301
0.23301
0.23301
0.23301
0.23301
0.23301
0.23301
0.23301
0.23301
0.23301
0.23301
0.23301
0.23301
0.23301
0.23301
0.23301
0.23301
0.23301
0.23301
0.23301
0.23301
0.23301
0.23301
0.23301
0.23301
0.23301
0.23301
0.23301
0.23301
0.23301
0.23301
0.23301
0.23301
0.23301
0.23301
0.23301
0.23301
0.23301
0.23301
0.23301
0.23301
0.23301
0.23301
0.23301
0.23301
0.23301
0.23301
0.23301
0.23301
0.23301
0.23301
0.23301
0.23301
0.23301
0.23301
0.23301
0.23301
0.23301
0.23301
0.23301
0.23301
0.23301
0.23301
0.23301
0.23301
0.23301
0.23301
0.23301
0.23301
0.23301
0.23301
0.23301
0.23301
0.23301
0.23301
0.23301
0.23301
0.23301
0.23301
0.23301
0.23301
0.23301
0.233009
0.233006
0.23301
0.23301
0.23301
0.23301
0.23301
0.23301
0.23301
0.23301
0.23301
0.230885
0.232416
0.232763
0.23297
0.23301
0.23301
0.218152
0.217918
0.217357
0.216041
0.216381
0.219399
0.225931
0.216389
0.21839
0.218139
0.217415
0.23301
0.23297
0.233008
0.23301
0.23301
0.214585
0.21426
0.215412
0.219402
0.225946
0.230403
0.232486
0.23296
0.216202
0.23301
0.23301
0.23301
0.23301
0.23301
0.23301
0.23301
0.23301
0.23301
0.23301
0.23301
0.23301
0.23301
0.23301
0.23301
0.23301
0.23301
0.23301
0.23301
0.23301
0.23301
0.23301
0.23301
0.23301
0.23301
0.23301
0.23301
0.23301
0.23301
0.23301
0.23301
0.23301
0.23301
0.23301
0.23301
0.23301
0.23301
0.23301
0.23301
0.23301
0.23301
0.23301
0.23301
0.23301
0.23301
0.23301
0.23301
0.23301
0.23301
0.23301
0.23301
0.23301
0.23301
0.23301
0.23301
0.23301
0.23301
0.23301
0.23301
0.23301
0.23301
0.23301
0.23301
0.23301
0.23301
0.23301
0.23301
0.23301
0.23301
0.233009
0.233002
0.23301
0.23301
0.23301
0.23301
0.23301
0.23301
0.23301
0.23301
0.22965
0.231974
0.232567
0.232933
0.23301
0.23301
0.21816
0.217955
0.217295
0.21577
0.216367
0.217903
0.223513
0.215904
0.218367
0.218105
0.217377
0.233007
0.23301
0.23301
0.23301
0.214747
0.214474
0.215785
0.219811
0.226048
0.23038
0.232408
0.232951
0.233007
0.216308
0.23301
0.23301
0.23301
0.23301
0.23301
0.23301
0.23301
0.23301
0.23301
0.23301
0.23301
0.23301
0.23301
0.23301
0.23301
0.23301
0.23301
0.23301
0.23301
0.23301
0.23301
0.23301
0.23301
0.23301
0.23301
0.23301
0.23301
0.23301
0.23301
0.23301
0.23301
0.23301
0.23301
0.23301
0.23301
0.23301
0.23301
0.23301
0.23301
0.23301
0.23301
0.23301
0.23301
0.23301
0.23301
0.23301
0.23301
0.23301
0.23301
0.23301
0.23301
0.23301
0.23301
0.23301
0.23301
0.23301
0.23301
0.233008
0.232996
0.23301
0.23301
0.23301
0.23301
0.23301
0.23301
0.23301
0.23301
0.227965
0.231332
0.232289
0.232874
0.23301
0.218191
0.217958
0.21732
0.215539
0.216197
0.216714
0.221254
0.21545
0.218343
0.218073
0.217358
0.23301
0.23301
0.23301
0.214965
0.214775
0.216313
0.220431
0.226296
0.230429
0.232383
0.232939
0.233006
0.23301
0.23301
0.23301
0.23301
0.23301
0.23301
0.23301
0.23301
0.23301
0.23301
0.23301
0.23301
0.23301
0.23301
0.23301
0.23301
0.23301
0.23301
0.23301
0.23301
0.23301
0.23301
0.23301
0.23301
0.23301
0.23301
0.23301
0.23301
0.23301
0.23301
0.23301
0.23301
0.23301
0.23301
0.23301
0.23301
0.23301
0.23301
0.23301
0.23301
0.23301
0.23301
0.23301
0.23301
0.23301
0.23301
0.23301
0.23301
0.23301
0.23301
0.233008
0.232986
0.23301
0.23301
0.23301
0.23301
0.23301
0.23301
0.23301
0.23301
0.225789
0.2305
0.231932
0.23279
0.218207
0.217972
0.217251
0.215344
0.215771
0.219503
0.215148
0.218318
0.218045
0.23301
0.23301
0.215208
0.217039
0.221271
0.226792
0.23055
0.232393
0.232933
0.233005
0.23301
0.23301
0.23301
0.23301
0.23301
0.23301
0.23301
0.23301
0.23301
0.23301
0.23301
0.23301
0.23301
0.23301
0.23301
0.23301
0.23301
0.23301
0.23301
0.23301
0.23301
0.23301
0.23301
0.23301
0.23301
0.23301
0.23301
0.23301
0.23301
0.23301
0.23301
0.23301
0.23301
0.23301
0.23301
0.23301
0.23301
0.23301
0.23301
0.23301
0.23301
0.23301
0.23301
0.23301
0.23301
0.23301
0.23301
0.23301
0.233007
0.232973
0.23301
0.23301
0.23301
0.23301
0.23301
0.23301
0.233006
0.223933
0.229528
0.231533
0.232688
0.218225
0.217981
0.218044
0.218294
0.23301
0.222366
0.227534
0.230805
0.232426
0.232934
0.233005
0.23301
0.23301
0.23301
0.23301
0.23301
0.23301
0.23301
0.23301
0.23301
0.23301
0.23301
0.23301
0.23301
0.23301
0.23301
0.23301
0.23301
0.23301
0.23301
0.23301
0.23301
0.23301
0.23301
0.23301
0.23301
0.23301
0.23301
0.23301
0.23301
0.23301
0.23301
0.23301
0.23301
0.23301
0.23301
0.23301
0.23301
0.23301
0.23301
0.23301
0.23301
0.23301
0.23301
0.23301
0.23301
0.232959
0.23301
0.233005
0.233005
0.232946
0.228507
0.231142
0.232582
0.218243
0.232489
0.232938
0.23301
0.23301
0.23301
0.23301
0.23301
0.23301
0.23301
0.23301
0.23301
0.23301
0.23301
0.23301
0.23301
0.23301
0.23301
0.23301
0.23301
0.23301
0.23301
0.23301
0.23301
0.23301
0.23301
0.23301
0.23301
0.23301
0.23301
0.23301
0.23301
0.23301
0.23301
0.23301
0.23301
0.23301
0.23301
0.23301
0.23301
0.23301
0.23301
0.23301
0.23301
0.23301
0.23301
0.23301
0.23301
0.23301
0.23301
0.23301
0.23301
0.23301
0.23301
0.23301
0.23301
0.23301
0.23301
0.23301
0.23301
0.23301
0.23301
0.23301
0.23301
0.23301
0.23301
0.23301
0.23301
0.23301
0.23301
0.23301
0.23301
0.23301
0.23301
0.23301
0.23301
0.23301
0.23301
0.23301
0.23301
0.23301
0.23301
0.23301
0.23301
0.23301
0.23301
0.23301
0.23301
0.23301
0.23301
0.23301
0.23301
0.23301
0.23301
0.23301
0.23301
0.23301
0.23301
0.23301
0.23301
0.23301
0.23301
0.23301
0.23301
0.23301
0.23301
0.23301
0.23301
0.23301
0.23301
0.23301
0.23301
0.23301
0.23301
0.23301
0.23301
0.23301
0.23301
0.23301
0.23301
0.23301
0.23301
0.23301
0.23301
0.23301
0.23301
0.23301
0.23301
0.23301
0.23301
0.23301
0.23301
0.23301
0.23301
0.23301
0.23301
0.23301
0.23301
0.23301
0.23301
0.23301
0.23301
0.23301
0.23301
0.23301
0.23301
0.23301
0.23301
0.23301
0.23301
0.23301
0.23301
0.23301
0.23301
0.23301
0.23301
0.23301
0.23301
0.23301
0.23301
0.23301
0.23301
0.23301
0.23301
0.23301
0.23301
0.23301
0.23301
0.23301
0.23301
0.23301
0.23301
0.23301
0.23301
0.23301
0.23301
0.23301
0.23301
0.23301
0.23301
0.23301
0.23301
0.23301
0.23301
0.23301
0.23301
0.23301
0.23301
0.23301
0.23301
0.23301
0.23301
0.23301
0.23301
0.23301
0.23301
0.23301
0.23301
0.23301
0.23301
0.23301
0.23301
0.23301
0.23301
0.23301
0.23301
0.23301
0.23301
0.23301
0.23301
0.23301
0.23301
0.23301
0.23301
0.23301
0.23301
0.23301
0.23301
0.23301
0.23301
0.23301
0.23301
0.23301
0.23301
0.23301
0.23301
0.23301
0.23301
0.23301
0.23301
0.23301
0.23301
0.23301
0.23301
0.23301
0.23301
0.23301
0.23301
0.23301
0.23301
0.23301
0.23301
0.23301
0.23301
0.23301
0.23301
0.23301
0.23301
0.23301
0.23301
0.23301
0.23301
0.23301
0.23301
0.23301
0.23301
0.23301
0.23301
0.23301
0.23301
0.23301
0.23301
0.23301
0.23301
0.23301
0.23301
0.23301
0.23301
0.23301
0.23301
0.23301
0.23301
0.23301
0.23301
0.23301
0.23301
0.23301
0.23301
0.23301
0.23301
0.23301
0.23301
0.23301
0.23301
0.23301
0.23301
0.23301
0.23301
0.23301
0.23301
0.23301
0.23301
0.23301
0.23301
0.23301
0.23301
0.23301
0.23301
0.23301
0.23301
0.23301
0.23301
0.23301
0.23301
0.23301
0.23301
0.23301
0.23301
0.23301
0.23301
0.23301
0.23301
0.23301
0.23301
0.23301
0.23301
0.23301
0.23301
0.23301
0.23301
0.23301
0.23301
0.23301
0.23301
0.23301
0.23301
0.23301
0.23301
0.23301
0.23301
0.23301
0.23301
0.23301
0.23301
0.23301
0.23301
0.23301
0.23301
0.23301
0.23301
0.23301
0.23301
0.23301
0.23301
0.23301
0.23301
0.23301
0.23301
0.23301
0.23301
0.23301
0.23301
0.23301
0.23301
0.23301
0.23301
0.23301
0.23301
0.23301
0.23301
0.23301
0.23301
0.23301
0.23301
0.23301
0.23301
0.23301
0.23301
0.23301
0.23301
0.23301
0.23301
0.23301
0.23301
0.23301
0.23301
0.23301
0.23301
0.23301
0.23301
0.23301
0.23301
0.23301
0.23301
0.23301
0.23301
0.23301
0.23301
0.23301
0.23301
0.23301
0.23301
0.23301
0.23301
0.23301
0.23301
0.23301
0.23301
0.23301
0.23301
0.23301
0.23301
0.23301
0.23301
0.23301
0.23301
0.23301
0.23301
0.23301
0.23301
0.23301
0.23301
0.23301
0.23301
0.23301
0.23301
0.23301
0.23301
0.23301
0.23301
0.23301
0.23301
0.23301
0.23301
0.23301
0.23301
0.23301
0.23301
0.23301
0.23301
0.23301
0.23301
0.23301
0.23301
0.23301
0.23301
0.23301
0.23301
0.23301
0.23301
0.23301
0.23301
0.23301
0.23301
0.23301
0.23301
0.23301
0.23301
0.23301
0.23301
)
;

boundaryField
{
    lowerOutlet
    {
        type            inletOutlet;
        inletValue      uniform 0.23301;
        value           nonuniform List<scalar> 
140
(
0.23301
0.23301
0.23301
0.23301
0.23301
0.23301
0.23301
0.23301
0.23301
0.23301
0.23301
0.23301
0.23301
0.23301
0.23301
0.23301
0.23301
0.23301
0.23301
0.23301
0.23301
0.23301
0.23301
0.23301
0.23301
0.23301
0.23301
0.23301
0.23301
0.23301
0.23301
0.23301
0.23301
0.23301
0.23301
0.23301
0.23301
0.23301
0.23301
0.23301
0.23301
0.23301
0.232131
0.23301
0.23301
0.23301
0.229658
0.23301
0.162147
0.23301
0.23301
0.23301
0.23301
0.23301
0.23301
0.23301
0.23301
0.23301
0.23301
0.23301
0.23301
0.23301
0.23301
0.23301
0.23301
0.23301
0.23301
0.23301
0.23301
0.23301
0.23301
0.23301
0.23301
0.23301
0.23301
0.23301
0.23301
0.23301
0.23301
0.23301
0.23301
0.23301
0.23301
0.23301
0.23301
0.23301
0.23301
0.23301
0.23301
0.23301
0.23301
0.23301
0.23301
0.23301
0.23301
0.23301
0.23301
0.23301
0.23301
0.23301
0.23301
0.229221
0.23301
0.23301
0.23301
0.209032
0.23301
0.23301
0.23301
0.23301
0.23301
0.23301
0.23301
0.23301
0.23301
0.23301
0.23301
0.23301
0.23301
0.23301
0.23301
0.23301
0.23301
0.23301
0.23301
0.23301
0.23301
0.23301
0.23301
0.23301
0.23301
0.23301
0.23301
0.23301
0.23301
0.23301
0.23301
0.23301
0.23301
0.23301
)
;
    }
    top
    {
        type            inletOutlet;
        inletValue      uniform 0.23301;
        value           nonuniform List<scalar> 
100
(
0.23301
0.23301
0.23301
0.23301
0.23301
0.23301
0.23301
0.23301
0.23301
0.23301
0.23301
0.23301
0.23301
0.23301
0.23301
0.232392
0.232401
0.232482
0.232582
0.232515
0.232185
0.231689
0.231204
0.230836
0.230634
0.230547
0.230512
0.230485
0.230433
0.230354
0.230255
0.23016
0.230095
0.230118
0.23032
0.230769
0.231395
0.232021
0.232547
0.23285
0.23297
0.233
0.233009
0.23301
0.23301
0.23301
0.23301
0.23301
0.23301
0.23301
0.23301
0.23301
0.23301
0.23301
0.23301
0.23301
0.23301
0.23301
0.23301
0.23301
0.23301
0.23301
0.23301
0.23301
0.23301
0.23301
0.23301
0.23301
0.23301
0.23301
0.23301
0.23301
0.23301
0.23301
0.23301
0.23301
0.23301
0.23301
0.23301
0.23301
0.23301
0.23301
0.23301
0.23301
0.23301
0.23301
0.23301
0.23301
0.23301
0.23301
0.23301
0.23301
0.23301
0.23301
0.23301
0.23301
0.23301
0.23301
0.23301
0.23301
)
;
    }
    sides
    {
        type            inletOutlet;
        inletValue      uniform 0.23301;
        value           uniform 0.23301;
    }
    front
    {
        type            empty;
    }
    back
    {
        type            empty;
    }
    roller
    {
        type            zeroGradient;
    }
    burner
    {
        type            fixedValue;
        value           uniform 0.032;
    }
}


// ************************************************************************* //
