/*--------------------------------*- C++ -*----------------------------------*\
  =========                 |
  \\      /  F ield         | OpenFOAM: The Open Source CFD Toolbox
   \\    /   O peration     | Website:  https://openfoam.org
    \\  /    A nd           | Version:  dev
     \\/     M anipulation  |
\*---------------------------------------------------------------------------*/
FoamFile
{
    version     2.0;
    format      ascii;
    class       volScalarField;
    location    "2500";
    object      N2;
}
// * * * * * * * * * * * * * * * * * * * * * * * * * * * * * * * * * * * * * //

dimensions      [0 0 0 0 0 0 0];

internalField   nonuniform List<scalar> 
9842
(
0.76699
0.76699
0.76699
0.76699
0.76699
0.76699
0.76699
0.76699
0.76699
0.76699
0.76699
0.76699
0.76699
0.76699
0.76699
0.76699
0.76699
0.76699
0.76699
0.76699
0.76699
0.76699
0.76699
0.76699
0.76699
0.76699
0.76699
0.76699
0.76699
0.76699
0.76699
0.76699
0.76699
0.76699
0.76699
0.76699
0.76699
0.76699
0.76699
0.76699
0.76699
0.76699
0.76699
0.76699
0.76699
0.76699
0.76699
0.76699
0.76699
0.76699
0.76699
0.76699
0.76699
0.76699
0.76699
0.76699
0.76699
0.76699
0.76699
0.76699
0.76699
0.76699
0.76699
0.76699
0.76699
0.76699
0.76699
0.76699
0.76699
0.76699
0.76699
0.76699
0.76699
0.76699
0.76699
0.76699
0.76699
0.76699
0.76699
0.76699
0.76699
0.76699
0.76699
0.76699
0.76699
0.76699
0.76699
0.76699
0.76699
0.76699
0.76699
0.76699
0.76699
0.76699
0.76699
0.76699
0.76699
0.76699
0.76699
0.76699
0.76699
0.76699
0.76699
0.76699
0.76699
0.76699
0.76699
0.76699
0.76699
0.76699
0.76699
0.76699
0.76699
0.76699
0.76699
0.76699
0.76699
0.76699
0.76699
0.76699
0.76699
0.76699
0.76699
0.76699
0.76699
0.76699
0.76699
0.76699
0.76699
0.76699
0.76699
0.76699
0.76699
0.76699
0.76699
0.76699
0.76699
0.76699
0.76699
0.76699
0.76699
0.76699
0.76699
0.76699
0.76699
0.76699
0.76699
0.76699
0.76699
0.76699
0.76699
0.76699
0.76699
0.76699
0.76699
0.76699
0.76699
0.76699
0.76699
0.76699
0.76699
0.76699
0.76699
0.76699
0.76699
0.76699
0.76699
0.76699
0.76699
0.76699
0.76699
0.76699
0.76699
0.76699
0.76699
0.76699
0.76699
0.76699
0.76699
0.76699
0.76699
0.76699
0.76699
0.76699
0.76699
0.76699
0.76699
0.76699
0.76699
0.76699
0.76699
0.76699
0.76699
0.76699
0.76699
0.76699
0.76699
0.76699
0.76699
0.76699
0.76699
0.76699
0.76699
0.76699
0.76699
0.76699
0.76699
0.76699
0.76699
0.76699
0.76699
0.76699
0.76699
0.76699
0.76699
0.76699
0.76699
0.76699
0.76699
0.76699
0.76699
0.76699
0.76699
0.76699
0.76699
0.76699
0.76699
0.76699
0.76699
0.76699
0.76699
0.76699
0.76699
0.76699
0.76699
0.76699
0.76699
0.76699
0.76699
0.76699
0.76699
0.76699
0.76699
0.76699
0.76699
0.76699
0.76699
0.76699
0.76699
0.76699
0.76699
0.76699
0.76699
0.76699
0.76699
0.76699
0.76699
0.76699
0.76699
0.76699
0.76699
0.76699
0.76699
0.76699
0.76699
0.76699
0.76699
0.76699
0.76699
0.76699
0.76699
0.76699
0.76699
0.76699
0.76699
0.76699
0.76699
0.76699
0.76699
0.76699
0.76699
0.76699
0.76699
0.76699
0.76699
0.76699
0.76699
0.76699
0.76699
0.76699
0.76699
0.76699
0.76699
0.76699
0.76699
0.76699
0.76699
0.76699
0.76699
0.76699
0.76699
0.76699
0.76699
0.76699
0.76699
0.76699
0.76699
0.76699
0.76699
0.76699
0.76699
0.76699
0.76699
0.76699
0.76699
0.76699
0.76699
0.76699
0.76699
0.76699
0.76699
0.76699
0.76699
0.76699
0.76699
0.76699
0.76699
0.76699
0.76699
0.76699
0.76699
0.76699
0.76699
0.76699
0.76699
0.76699
0.76699
0.76699
0.76699
0.76699
0.76699
0.76699
0.76699
0.76699
0.76699
0.76699
0.76699
0.76699
0.76699
0.76699
0.76699
0.76699
0.76699
0.76699
0.76699
0.76699
0.76699
0.76699
0.76699
0.76699
0.76699
0.76699
0.76699
0.76699
0.76699
0.76699
0.76699
0.76699
0.76699
0.76699
0.76699
0.76699
0.76699
0.76699
0.76699
0.76699
0.76699
0.76699
0.76699
0.76699
0.76699
0.76699
0.76699
0.76699
0.76699
0.76699
0.76699
0.76699
0.76699
0.76699
0.76699
0.76699
0.76699
0.76699
0.76699
0.76699
0.76699
0.76699
0.76699
0.76699
0.76699
0.76699
0.76699
0.76699
0.76699
0.76699
0.76699
0.76699
0.76699
0.76699
0.76699
0.76699
0.76699
0.76699
0.76699
0.76699
0.76699
0.76699
0.76699
0.76699
0.76699
0.76699
0.76699
0.76699
0.76699
0.76699
0.76699
0.76699
0.76699
0.76699
0.76699
0.76699
0.76699
0.76699
0.76699
0.76699
0.76699
0.76699
0.76699
0.76699
0.76699
0.76699
0.76699
0.76699
0.76699
0.76699
0.76699
0.76699
0.76699
0.76699
0.76699
0.76699
0.76699
0.76699
0.76699
0.76699
0.76699
0.76699
0.76699
0.76699
0.76699
0.76699
0.76699
0.76699
0.76699
0.76699
0.76699
0.76699
0.76699
0.76699
0.76699
0.76699
0.76699
0.76699
0.76699
0.76699
0.76699
0.76699
0.76699
0.76699
0.76699
0.76699
0.76699
0.76699
0.76699
0.76699
0.76699
0.76699
0.76699
0.76699
0.76699
0.76699
0.76699
0.76699
0.76699
0.76699
0.76699
0.76699
0.76699
0.76699
0.76699
0.76699
0.76699
0.76699
0.76699
0.76699
0.76699
0.76699
0.76699
0.76699
0.76699
0.76699
0.76699
0.76699
0.76699
0.76699
0.76699
0.76699
0.76699
0.76699
0.76699
0.76699
0.76699
0.76699
0.76699
0.76699
0.76699
0.76699
0.76699
0.76699
0.76699
0.76699
0.76699
0.76699
0.76699
0.76699
0.76699
0.76699
0.76699
0.76699
0.76699
0.76699
0.76699
0.76699
0.76699
0.76699
0.76699
0.76699
0.76699
0.76699
0.76699
0.76699
0.76699
0.76699
0.76699
0.76699
0.76699
0.76699
0.76699
0.76699
0.76699
0.76699
0.76699
0.76699
0.76699
0.76699
0.76699
0.76699
0.76699
0.76699
0.76699
0.76699
0.76699
0.76699
0.76699
0.76699
0.76699
0.76699
0.76699
0.76699
0.76699
0.76699
0.76699
0.76699
0.76699
0.76699
0.76699
0.76699
0.76699
0.76699
0.76699
0.76699
0.76699
0.76699
0.76699
0.76699
0.76699
0.76699
0.76699
0.76699
0.76699
0.76699
0.76699
0.76699
0.76699
0.76699
0.76699
0.76699
0.76699
0.76699
0.76699
0.76699
0.76699
0.76699
0.76699
0.76699
0.76699
0.76699
0.76699
0.76699
0.76699
0.76699
0.76699
0.76699
0.76699
0.76699
0.76699
0.76699
0.76699
0.76699
0.76699
0.76699
0.76699
0.76699
0.76699
0.76699
0.76699
0.76699
0.76699
0.76699
0.76699
0.76699
0.76699
0.76699
0.76699
0.76699
0.76699
0.76699
0.76699
0.76699
0.76699
0.76699
0.76699
0.76699
0.76699
0.76699
0.76699
0.76699
0.76699
0.76699
0.76699
0.76699
0.76699
0.76699
0.76699
0.76699
0.76699
0.76699
0.76699
0.76699
0.76699
0.76699
0.76699
0.76699
0.76699
0.76699
0.76699
0.76699
0.76699
0.76699
0.76699
0.76699
0.76699
0.76699
0.76699
0.76699
0.76699
0.76699
0.76699
0.76699
0.76699
0.76699
0.76699
0.76699
0.76699
0.76699
0.76699
0.76699
0.76699
0.76699
0.76699
0.76699
0.76699
0.76699
0.76699
0.76699
0.76699
0.76699
0.76699
0.76699
0.76699
0.76699
0.76699
0.76699
0.76699
0.76699
0.76699
0.76699
0.76699
0.76699
0.76699
0.76699
0.76699
0.76699
0.76699
0.76699
0.76699
0.76699
0.76699
0.76699
0.76699
0.76699
0.76699
0.76699
0.76699
0.76699
0.76699
0.76699
0.76699
0.76699
0.76699
0.76699
0.76699
0.76699
0.76699
0.76699
0.76699
0.76699
0.76699
0.76699
0.76699
0.76699
0.76699
0.76699
0.76699
0.76699
0.76699
0.76699
0.76699
0.76699
0.76699
0.76699
0.76699
0.76699
0.76699
0.76699
0.76699
0.76699
0.76699
0.76699
0.76699
0.76699
0.76699
0.76699
0.76699
0.76699
0.76699
0.76699
0.76699
0.76699
0.76699
0.76699
0.76699
0.76699
0.76699
0.76699
0.76699
0.76699
0.76699
0.76699
0.76699
0.76699
0.76699
0.76699
0.76699
0.76699
0.76699
0.76699
0.76699
0.76699
0.76699
0.76699
0.76699
0.76699
0.76699
0.76699
0.76699
0.76699
0.76699
0.76699
0.76699
0.76699
0.76699
0.76699
0.76699
0.76699
0.76699
0.76699
0.76699
0.76699
0.76699
0.76699
0.76699
0.76699
0.76699
0.76699
0.76699
0.76699
0.76699
0.76699
0.76699
0.76699
0.76699
0.76699
0.76699
0.76699
0.76699
0.76699
0.76699
0.76699
0.76699
0.76699
0.76699
0.76699
0.76699
0.76699
0.76699
0.76699
0.76699
0.76699
0.76699
0.76699
0.76699
0.76699
0.76699
0.76699
0.76699
0.76699
0.76699
0.76699
0.76699
0.76699
0.76699
0.76699
0.76699
0.76699
0.76699
0.76699
0.76699
0.76699
0.76699
0.76699
0.76699
0.76699
0.76699
0.76699
0.76699
0.76699
0.76699
0.76699
0.76699
0.76699
0.76699
0.76699
0.76699
0.76699
0.76699
0.76699
0.76699
0.76699
0.76699
0.76699
0.76699
0.76699
0.76699
0.76699
0.76699
0.76699
0.76699
0.76699
0.76699
0.76699
0.76699
0.76699
0.76699
0.76699
0.76699
0.76699
0.76699
0.76699
0.76699
0.76699
0.76699
0.76699
0.76699
0.76699
0.76699
0.76699
0.76699
0.76699
0.76699
0.76699
0.76699
0.76699
0.76699
0.76699
0.76699
0.76699
0.76699
0.76699
0.76699
0.76699
0.76699
0.76699
0.76699
0.76699
0.76699
0.76699
0.76699
0.76699
0.76699
0.76699
0.76699
0.76699
0.76699
0.76699
0.76699
0.76699
0.76699
0.76699
0.76699
0.76699
0.76699
0.76699
0.76699
0.76699
0.76699
0.76699
0.76699
0.76699
0.76699
0.76699
0.76699
0.76699
0.76699
0.76699
0.76699
0.76699
0.76699
0.76699
0.76699
0.76699
0.76699
0.76699
0.76699
0.76699
0.76699
0.76699
0.76699
0.76699
0.76699
0.76699
0.76699
0.76699
0.76699
0.76699
0.76699
0.76699
0.76699
0.76699
0.76699
0.76699
0.76699
0.76699
0.76699
0.76699
0.76699
0.76699
0.76699
0.76699
0.76699
0.76699
0.76699
0.76699
0.76699
0.76699
0.76699
0.76699
0.76699
0.76699
0.76699
0.76699
0.76699
0.76699
0.76699
0.76699
0.76699
0.76699
0.76699
0.76699
0.76699
0.76699
0.76699
0.76699
0.76699
0.76699
0.76699
0.76699
0.76699
0.76699
0.76699
0.76699
0.76699
0.76699
0.76699
0.76699
0.76699
0.76699
0.76699
0.76699
0.76699
0.76699
0.76699
0.76699
0.76699
0.76699
0.76699
0.76699
0.76699
0.76699
0.76699
0.76699
0.76699
0.76699
0.76699
0.76699
0.76699
0.76699
0.76699
0.76699
0.76699
0.76699
0.76699
0.76699
0.76699
0.76699
0.76699
0.76699
0.76699
0.76699
0.76699
0.76699
0.76699
0.76699
0.76699
0.76699
0.76699
0.76699
0.76699
0.76699
0.76699
0.76699
0.76699
0.76699
0.76699
0.76699
0.76699
0.76699
0.76699
0.76699
0.76699
0.76699
0.76699
0.76699
0.76699
0.76699
0.76699
0.76699
0.76699
0.76699
0.76699
0.76699
0.76699
0.76699
0.76699
0.76699
0.76699
0.76699
0.76699
0.76699
0.76699
0.76699
0.76699
0.76699
0.76699
0.76699
0.76699
0.76699
0.76699
0.76699
0.76699
0.76699
0.76699
0.76699
0.76699
0.76699
0.76699
0.76699
0.76699
0.76699
0.76699
0.76699
0.76699
0.76699
0.76699
0.76699
0.76699
0.76699
0.76699
0.76699
0.76699
0.76699
0.76699
0.76699
0.76699
0.76699
0.76699
0.76699
0.76699
0.76699
0.76699
0.76699
0.76699
0.76699
0.76699
0.76699
0.76699
0.76699
0.76699
0.76699
0.76699
0.76699
0.76699
0.76699
0.76699
0.76699
0.76699
0.76699
0.766989
0.76699
0.766989
0.76699
0.766989
0.76699
0.76699
0.76699
0.76699
0.76699
0.76699
0.76699
0.76699
0.76699
0.76699
0.76699
0.76699
0.76699
0.76699
0.76699
0.76699
0.76699
0.76699
0.76699
0.76699
0.76699
0.76699
0.76699
0.76699
0.76699
0.76699
0.76699
0.76699
0.76699
0.76699
0.76699
0.76699
0.76699
0.76699
0.76699
0.76699
0.76699
0.76699
0.76699
0.76699
0.76699
0.76699
0.76699
0.76699
0.76699
0.76699
0.76699
0.76699
0.76699
0.76699
0.766989
0.766989
0.766988
0.766989
0.766987
0.766988
0.766985
0.766988
0.766985
0.766989
0.766986
0.76699
0.766988
0.766989
0.76699
0.766989
0.766989
0.76699
0.76699
0.76699
0.76699
0.76699
0.76699
0.76699
0.76699
0.76699
0.76699
0.76699
0.76699
0.76699
0.76699
0.76699
0.76699
0.76699
0.76699
0.76699
0.76699
0.76699
0.76699
0.76699
0.76699
0.76699
0.76699
0.76699
0.76699
0.76699
0.76699
0.76699
0.76699
0.76699
0.76699
0.76699
0.76699
0.76699
0.76699
0.76699
0.766989
0.766989
0.76699
0.766989
0.766989
0.766988
0.766987
0.766985
0.766983
0.766978
0.766979
0.766968
0.766976
0.766959
0.766977
0.766956
0.766981
0.766963
0.766986
0.766975
0.766985
0.766989
0.766985
0.766985
0.76699
0.76699
0.76699
0.76699
0.76699
0.76699
0.76699
0.76699
0.76699
0.76699
0.76699
0.76699
0.76699
0.76699
0.76699
0.76699
0.76699
0.76699
0.76699
0.76699
0.76699
0.76699
0.76699
0.76699
0.76699
0.76699
0.76699
0.76699
0.76699
0.76699
0.76699
0.76699
0.76699
0.76699
0.76699
0.766989
0.766989
0.766989
0.766988
0.766989
0.766988
0.766985
0.766983
0.766987
0.766986
0.766982
0.766978
0.76697
0.766959
0.76695
0.766926
0.766928
0.766882
0.766913
0.766844
0.766919
0.766831
0.766941
0.766861
0.766968
0.766914
0.766963
0.766987
0.766961
0.766965
0.76699
0.766988
0.76699
0.76699
0.76699
0.76699
0.76699
0.76699
0.76699
0.76699
0.76699
0.76699
0.76699
0.76699
0.76699
0.76699
0.766989
0.766989
0.766989
0.76699
0.76699
0.76699
0.76699
0.76699
0.76699
0.76699
0.76699
0.76699
0.76699
0.76699
0.76699
0.76699
0.766989
0.766989
0.766988
0.766987
0.766985
0.766976
0.766987
0.766981
0.766981
0.766977
0.766959
0.766949
0.766973
0.766967
0.766946
0.766927
0.766894
0.766858
0.766825
0.766761
0.766756
0.766659
0.766711
0.766576
0.766714
0.76654
0.766785
0.766577
0.766888
0.766706
0.76687
0.766973
0.766869
0.766889
0.766989
0.766981
0.76699
0.76699
0.76699
0.76699
0.76699
0.76699
0.76699
0.76699
0.76699
0.76699
0.76699
0.766989
0.766989
0.766988
0.766988
0.766988
0.766989
0.766989
0.766989
0.76699
0.76699
0.76699
0.76699
0.76699
0.76699
0.76699
0.76699
0.76699
0.766989
0.766987
0.766983
0.766978
0.766972
0.766964
0.766943
0.766933
0.766891
0.76697
0.766955
0.766935
0.766914
0.766855
0.766824
0.766906
0.766882
0.766816
0.766771
0.766693
0.766625
0.766557
0.76646
0.766439
0.766307
0.766362
0.766192
0.766353
0.766139
0.766439
0.766173
0.766642
0.766318
0.766606
0.766923
0.76662
0.766689
0.766987
0.766957
0.76699
0.766989
0.76699
0.76699
0.76699
0.76699
0.76699
0.76699
0.76699
0.76699
0.766989
0.766987
0.766985
0.766984
0.766984
0.766985
0.766987
0.766988
0.766989
0.766989
0.76699
0.76699
0.76699
0.76699
0.76699
0.76699
0.766988
0.766985
0.766975
0.766959
0.766938
0.766916
0.766895
0.766858
0.766822
0.766779
0.766797
0.766726
0.766887
0.766844
0.766789
0.766747
0.766634
0.766588
0.766725
0.76668
0.766556
0.766492
0.766369
0.766283
0.766184
0.766074
0.766036
0.765898
0.765945
0.765778
0.765929
0.765725
0.766015
0.765756
0.766233
0.765895
0.766196
0.766785
0.766217
0.76629
0.766549
0.76698
0.766893
0.76699
0.766988
0.76699
0.76699
0.76699
0.76699
0.76699
0.76699
0.766989
0.766987
0.766983
0.766977
0.766972
0.766971
0.766974
0.766979
0.766983
0.766986
0.766988
0.766989
0.766989
0.76699
0.76699
0.76699
0.766989
0.766986
0.766974
0.766943
0.766891
0.766824
0.766764
0.76672
0.766673
0.766547
0.766667
0.766533
0.766579
0.766506
0.766699
0.766642
0.76654
0.766488
0.766325
0.766274
0.766433
0.766377
0.766204
0.766134
0.765978
0.765891
0.765778
0.765679
0.765638
0.765523
0.765559
0.765428
0.765543
0.765387
0.765621
0.765411
0.765821
0.765548
0.765682
0.766001
0.765804
0.766382
0.766712
0.766447
0.766066
0.765832
0.765824
0.766115
0.766968
0.766589
0.766683
0.766877
0.76699
0.766989
0.76699
0.76699
0.76699
0.76699
0.76699
0.766988
0.766984
0.766975
0.766961
0.766947
0.76694
0.766944
0.766954
0.766967
0.766977
0.766983
0.766986
0.766988
0.766989
0.766989
0.76699
0.766989
0.766984
0.766958
0.766893
0.76678
0.76666
0.766548
0.76645
0.766367
0.766265
0.766232
0.766153
0.766429
0.766334
0.766303
0.76623
0.766432
0.76637
0.766223
0.766169
0.765967
0.76592
0.766073
0.766018
0.765816
0.765754
0.765597
0.765529
0.765432
0.765365
0.765329
0.765258
0.765276
0.765202
0.76536
0.765297
0.765249
0.765205
0.765443
0.765345
0.76526
0.765211
0.765273
0.765529
0.765646
0.765492
0.765406
0.765639
0.766187
0.766292
0.765878
0.765667
0.765644
0.765935
0.766826
0.766972
0.76691
0.766411
0.766566
0.76699
0.766965
0.766984
0.766989
0.76699
0.76699
0.76699
0.76699
0.766988
0.76698
0.766963
0.766935
0.766902
0.766876
0.766869
0.766888
0.766921
0.766949
0.766968
0.766979
0.766984
0.766987
0.766988
0.766989
0.766989
0.766983
0.766944
0.766838
0.766678
0.766495
0.76634
0.766206
0.766088
0.765968
0.7658
0.765976
0.765822
0.766151
0.766054
0.765989
0.765923
0.766112
0.766052
0.765873
0.765826
0.76562
0.765588
0.765703
0.765659
0.765476
0.765438
0.765314
0.765282
0.765212
0.765183
0.765155
0.765122
0.765174
0.765147
0.765128
0.76511
0.765206
0.765168
0.76514
0.76531
0.765235
0.765169
0.76514
0.76518
0.765375
0.765484
0.765355
0.765279
0.76548
0.766017
0.766123
0.765707
0.765488
0.765511
0.765768
0.766724
0.766868
0.766259
0.766423
0.766989
0.76699
0.76699
0.766951
0.766981
0.76699
0.76699
0.76699
0.766987
0.766976
0.766948
0.766899
0.766838
0.766785
0.76676
0.766772
0.766816
0.766877
0.766929
0.766959
0.766975
0.766982
0.766986
0.766988
0.766989
0.766982
0.766936
0.766795
0.766583
0.766374
0.766215
0.766095
0.765987
0.765877
0.765758
0.765625
0.765641
0.765705
0.765649
0.765851
0.765773
0.765685
0.765643
0.765777
0.76573
0.765559
0.765537
0.765387
0.765389
0.765411
0.765395
0.765264
0.765259
0.765161
0.765153
0.765097
0.765077
0.765095
0.765079
0.765063
0.765043
0.765119
0.765102
0.765087
0.765071
0.765137
0.765115
0.765098
0.765206
0.765153
0.765114
0.765098
0.765118
0.765256
0.765345
0.76524
0.765182
0.765343
0.765852
0.765964
0.765551
0.765351
0.765372
0.765612
0.766613
0.766804
0.766107
0.766284
0.766989
0.76699
0.76699
0.766924
0.766974
0.76699
0.76699
0.766986
0.766971
0.766932
0.766859
0.766766
0.766681
0.766636
0.766635
0.766677
0.76675
0.766834
0.766909
0.766951
0.766972
0.766982
0.766986
0.766988
0.766983
0.766936
0.766775
0.766521
0.766324
0.766207
0.766107
0.766008
0.765908
0.765803
0.765699
0.765586
0.765628
0.765569
0.765572
0.765608
0.765582
0.765505
0.765506
0.76552
0.765511
0.765394
0.765404
0.765292
0.76532
0.765263
0.765274
0.765156
0.765165
0.765054
0.765048
0.765022
0.764999
0.764977
0.764955
0.765053
0.76503
0.765002
0.764968
0.765084
0.765069
0.765051
0.765026
0.765097
0.765084
0.765071
0.765131
0.765101
0.765085
0.765077
0.765086
0.765164
0.76523
0.76515
0.765114
0.765228
0.765697
0.765811
0.76541
0.765234
0.765251
0.765468
0.766492
0.766718
0.765959
0.766146
0.766988
0.76699
0.76699
0.766886
0.766967
0.76699
0.766986
0.766968
0.766918
0.766823
0.766696
0.766581
0.76651
0.766496
0.76653
0.766603
0.7667
0.766803
0.766891
0.766947
0.766971
0.766982
0.766987
0.766983
0.766938
0.766772
0.766496
0.766333
0.766234
0.76616
0.766094
0.76603
0.765964
0.765928
0.765826
0.765971
0.765619
0.765708
0.765535
0.765565
0.76551
0.765519
0.765455
0.765477
0.76542
0.765437
0.765348
0.76538
0.765268
0.765318
0.765189
0.765224
0.765056
0.765079
0.764861
0.76484
0.764932
0.764893
0.764854
0.764815
0.764993
0.764951
0.7649
0.764844
0.765055
0.765031
0.764997
0.76495
0.765075
0.765062
0.765042
0.765088
0.765077
0.765069
0.765066
0.765072
0.765101
0.765142
0.76509
0.765078
0.765138
0.76555
0.765664
0.765284
0.76514
0.76515
0.765336
0.76637
0.766622
0.765815
0.766009
0.766989
0.76699
0.76699
0.766845
0.766966
0.766986
0.766967
0.766909
0.766791
0.766635
0.766489
0.766399
0.766374
0.766399
0.766463
0.76656
0.766676
0.766793
0.766888
0.766948
0.766973
0.766983
0.766983
0.766944
0.766777
0.766501
0.76636
0.766298
0.766288
0.766307
0.766335
0.76636
0.766396
0.766437
0.766034
0.766259
0.765754
0.765883
0.765588
0.765657
0.765503
0.765538
0.765495
0.765542
0.765414
0.765452
0.765373
0.765434
0.765262
0.765347
0.765126
0.765187
0.764856
0.764901
0.764569
0.764539
0.764537
0.764529
0.764784
0.764723
0.764664
0.764611
0.76489
0.764818
0.764737
0.764652
0.76501
0.764963
0.764899
0.764818
0.765055
0.76503
0.764988
0.76507
0.765069
0.765051
0.765047
0.765065
0.765069
0.765081
0.76506
0.765064
0.765075
0.765413
0.765524
0.765174
0.765071
0.765073
0.765217
0.766249
0.76653
0.765675
0.765874
0.766989
0.76699
0.76699
0.76682
0.766968
0.766969
0.766904
0.766772
0.766587
0.766416
0.766317
0.766288
0.766304
0.766355
0.766437
0.76655
0.766679
0.766799
0.766894
0.766953
0.766977
0.766983
0.766953
0.766793
0.766514
0.766394
0.766366
0.766437
0.766571
0.766677
0.766718
0.766747
0.766784
0.766703
0.766855
0.766304
0.766518
0.765969
0.766125
0.76574
0.765841
0.765596
0.76566
0.765632
0.765702
0.765498
0.765564
0.765446
0.765545
0.765212
0.765345
0.764984
0.765089
0.764555
0.764593
0.764608
0.764317
0.764302
0.76434
0.764311
0.764566
0.764484
0.764412
0.764355
0.764722
0.764616
0.764505
0.764393
0.764925
0.764841
0.764737
0.764618
0.765018
0.764963
0.764882
0.765067
0.765065
0.765006
0.764993
0.765044
0.765058
0.76505
0.765051
0.765066
0.76504
0.765286
0.765389
0.765084
0.76503
0.765022
0.765113
0.76613
0.76645
0.765537
0.76574
0.766989
0.76699
0.76699
0.76681
0.766967
0.766907
0.766763
0.766557
0.766363
0.766269
0.766241
0.76625
0.766285
0.766349
0.766445
0.766567
0.766699
0.76682
0.766911
0.766963
0.76698
0.766961
0.766822
0.766538
0.766421
0.766423
0.766564
0.766757
0.766853
0.766892
0.766913
0.766933
0.766967
0.766897
0.766958
0.766617
0.766789
0.766247
0.766423
0.76597
0.766096
0.765778
0.765866
0.765833
0.765927
0.765642
0.765738
0.765485
0.765638
0.765072
0.765264
0.764749
0.764902
0.764388
0.764447
0.764514
0.764598
0.764087
0.764117
0.764263
0.764181
0.764289
0.764201
0.764135
0.764096
0.764487
0.76435
0.764217
0.764096
0.764777
0.764652
0.764509
0.764355
0.764936
0.764836
0.764712
0.765066
0.765042
0.764908
0.764885
0.764984
0.765064
0.765041
0.76506
0.765067
0.765027
0.765168
0.76526
0.765019
0.76501
0.764991
0.765028
0.766008
0.76637
0.7654
0.765597
0.766988
0.766987
0.766985
0.766792
0.766959
0.766767
0.766542
0.766334
0.766245
0.766222
0.766224
0.766253
0.766305
0.766381
0.766483
0.766607
0.766739
0.766854
0.766934
0.766972
0.766965
0.766851
0.766572
0.766443
0.766459
0.766637
0.766836
0.766924
0.766957
0.76697
0.766977
0.766985
0.766987
0.766989
0.766969
0.766983
0.766861
0.766935
0.766573
0.766737
0.766261
0.766407
0.766026
0.766136
0.766062
0.766187
0.765792
0.765932
0.765469
0.765672
0.764991
0.76517
0.764666
0.764741
0.76485
0.764346
0.76443
0.764623
0.764698
0.763977
0.76407
0.764291
0.764174
0.764
0.763934
0.763902
0.763914
0.764197
0.764048
0.763919
0.763822
0.764565
0.764401
0.764226
0.764053
0.764791
0.764647
0.764479
0.765043
0.764979
0.76475
0.764717
0.764868
0.765068
0.76505
0.765066
0.765046
0.765034
0.765062
0.765133
0.764974
0.76501
0.764975
0.764963
0.765872
0.766272
0.765257
0.765444
0.766978
0.766949
0.766945
0.76674
0.766921
0.766545
0.766322
0.766236
0.766217
0.766223
0.766252
0.766299
0.76636
0.76644
0.766543
0.766666
0.766792
0.766894
0.766956
0.766966
0.766878
0.766613
0.766462
0.766478
0.766666
0.766855
0.766941
0.766975
0.766984
0.766987
0.766989
0.76699
0.766989
0.76699
0.766985
0.766988
0.766958
0.766977
0.766837
0.766915
0.766587
0.766724
0.766314
0.766447
0.766249
0.766412
0.765873
0.766069
0.765385
0.765633
0.765051
0.765096
0.765205
0.764757
0.764811
0.765022
0.764997
0.764416
0.764528
0.764857
0.764919
0.76397
0.764108
0.764456
0.764278
0.763762
0.763748
0.763779
0.76386
0.763895
0.763765
0.763673
0.763626
0.764295
0.764103
0.763921
0.763761
0.764586
0.764397
0.764193
0.764981
0.76486
0.764532
0.764487
0.764692
0.765052
0.765059
0.765054
0.76499
0.765046
0.764971
0.765013
0.764941
0.765019
0.764974
0.764914
0.76572
0.766125
0.765111
0.765284
0.766926
0.76679
0.766761
0.766588
0.766784
0.766324
0.766236
0.766219
0.766233
0.766267
0.766309
0.766363
0.766433
0.766517
0.766618
0.766735
0.766848
0.766931
0.766963
0.7669
0.766658
0.766477
0.766485
0.766663
0.766847
0.766937
0.766975
0.766987
0.766989
0.76699
0.76699
0.76699
0.76699
0.76699
0.76699
0.766988
0.766989
0.766979
0.766985
0.766937
0.766965
0.766805
0.766886
0.76656
0.766693
0.766329
0.766508
0.765888
0.766122
0.765364
0.765583
0.765178
0.765196
0.765344
0.765373
0.764955
0.764978
0.765176
0.765184
0.764622
0.764758
0.76516
0.765198
0.764039
0.764246
0.764707
0.764475
0.763623
0.763666
0.763752
0.763872
0.763637
0.763555
0.763523
0.763525
0.76399
0.763804
0.763649
0.763535
0.764321
0.764099
0.763886
0.764864
0.764683
0.764255
0.764205
0.764459
0.765003
0.765052
0.765017
0.764881
0.765041
0.764897
0.764908
0.764918
0.765018
0.764969
0.764871
0.765549
0.765912
0.764971
0.76512
0.766735
0.766918
0.766595
0.766281
0.766447
0.766242
0.766225
0.766258
0.766314
0.766352
0.766383
0.766439
0.766515
0.766603
0.766701
0.766807
0.7669
0.766953
0.766914
0.766704
0.766492
0.766482
0.766646
0.766819
0.766916
0.766969
0.766986
0.766989
0.76699
0.76699
0.76699
0.76699
0.76699
0.76699
0.76699
0.766989
0.766989
0.766982
0.766987
0.766955
0.766973
0.766868
0.766923
0.76666
0.766781
0.766323
0.766513
0.765835
0.766092
0.76542
0.765484
0.765628
0.765338
0.765333
0.765487
0.765495
0.765205
0.765197
0.765359
0.765395
0.764913
0.765067
0.765466
0.76548
0.764132
0.764391
0.764967
0.764678
0.763566
0.763644
0.763759
0.76392
0.763466
0.763444
0.763446
0.763481
0.763701
0.763555
0.763453
0.7634
0.764016
0.763795
0.763612
0.764693
0.764454
0.763948
0.763911
0.764185
0.764908
0.76503
0.764949
0.764726
0.765027
0.764836
0.764817
0.764902
0.765
0.764949
0.76483
0.76536
0.765667
0.764842
0.764957
0.766437
0.766968
0.766631
0.765958
0.766121
0.766235
0.766279
0.766356
0.766414
0.766442
0.766465
0.766524
0.766604
0.766693
0.766784
0.766873
0.766935
0.76692
0.766747
0.766511
0.766477
0.766609
0.766773
0.766875
0.766947
0.766983
0.766989
0.76699
0.76699
0.76699
0.76699
0.76699
0.76699
0.76699
0.76699
0.766989
0.76699
0.766984
0.766987
0.766959
0.766976
0.766872
0.766927
0.766667
0.766786
0.76629
0.766491
0.765832
0.766063
0.765522
0.765567
0.765793
0.765731
0.76552
0.765495
0.765662
0.765654
0.765468
0.765435
0.765564
0.765619
0.765217
0.765389
0.765736
0.765744
0.764187
0.764482
0.765172
0.764821
0.763544
0.763638
0.763769
0.763951
0.763384
0.763386
0.763413
0.763463
0.763478
0.763391
0.76335
0.763338
0.763717
0.763537
0.763414
0.76449
0.764213
0.763669
0.763671
0.76393
0.764795
0.764985
0.764869
0.764576
0.764991
0.764773
0.76472
0.764869
0.764959
0.764893
0.764776
0.76517
0.765441
0.764717
0.764802
0.766239
0.766972
0.766617
0.765684
0.765869
0.76629
0.766381
0.766454
0.766498
0.766523
0.766552
0.766614
0.766696
0.766781
0.766861
0.766918
0.76692
0.76678
0.766535
0.766472
0.766569
0.76672
0.766827
0.766917
0.766977
0.766988
0.76699
0.76699
0.76699
0.76699
0.76699
0.76699
0.76699
0.76699
0.76699
0.76699
0.766989
0.76699
0.766986
0.766988
0.766965
0.766979
0.766879
0.766935
0.766658
0.766788
0.766319
0.766519
0.765938
0.766118
0.765661
0.765688
0.7659
0.765863
0.76573
0.765686
0.76587
0.765847
0.765721
0.765675
0.765786
0.765848
0.765479
0.765671
0.765958
0.765971
0.76422
0.76454
0.76531
0.764917
0.763534
0.763636
0.763776
0.763966
0.76334
0.76336
0.763395
0.763448
0.763341
0.763312
0.763302
0.763302
0.763486
0.763365
0.763301
0.764303
0.763998
0.763467
0.763441
0.763694
0.764677
0.764913
0.764743
0.764404
0.764909
0.764682
0.764609
0.76479
0.76486
0.764756
0.764649
0.764994
0.765229
0.764593
0.764656
0.766092
0.766919
0.766474
0.765442
0.765623
0.766383
0.766464
0.766522
0.766566
0.766602
0.766644
0.766707
0.766785
0.766859
0.766905
0.766915
0.766797
0.766561
0.766471
0.766532
0.766665
0.766775
0.766879
0.766968
0.766987
0.76699
0.76699
0.76699
0.76699
0.76699
0.76699
0.76699
0.76699
0.76699
0.76699
0.76699
0.76699
0.76699
0.766987
0.766989
0.766973
0.766983
0.766905
0.766951
0.766692
0.766822
0.766417
0.766587
0.766085
0.766137
0.76627
0.765838
0.765842
0.766052
0.766035
0.765963
0.765911
0.766113
0.766074
0.765954
0.765909
0.766021
0.766078
0.76566
0.765885
0.766134
0.766157
0.764231
0.764563
0.765395
0.764962
0.763523
0.763628
0.763773
0.76397
0.763313
0.763335
0.763371
0.763426
0.763273
0.763266
0.763264
0.763267
0.763335
0.763263
0.76324
0.764054
0.763657
0.763299
0.763291
0.7634
0.764469
0.764758
0.764461
0.76406
0.764722
0.764558
0.764491
0.764619
0.764618
0.764517
0.764479
0.764818
0.765022
0.764473
0.764517
0.765768
0.765983
0.765644
0.765201
0.765314
0.766448
0.766522
0.766579
0.766631
0.76668
0.766735
0.7668
0.766857
0.766893
0.766901
0.766798
0.766579
0.766469
0.7665
0.766611
0.766722
0.766836
0.766951
0.766984
0.766989
0.76699
0.76699
0.76699
0.76699
0.76699
0.76699
0.76699
0.76699
0.76699
0.76699
0.76699
0.76699
0.76699
0.766988
0.766989
0.766978
0.766985
0.766927
0.766962
0.766745
0.766859
0.766572
0.766676
0.766238
0.766259
0.766471
0.766436
0.766048
0.766037
0.766232
0.766239
0.766205
0.766159
0.766362
0.766324
0.766155
0.766126
0.766251
0.766291
0.765795
0.766052
0.766288
0.766323
0.764221
0.764561
0.765422
0.764973
0.763504
0.763611
0.763758
0.763956
0.763282
0.763308
0.763344
0.763395
0.763234
0.76323
0.763234
0.763249
0.763242
0.76322
0.76321
0.76361
0.763411
0.763252
0.76327
0.763327
0.764038
0.76443
0.764053
0.763656
0.764369
0.764436
0.764386
0.764428
0.764328
0.764295
0.764312
0.764645
0.764832
0.764357
0.764384
0.765265
0.765417
0.765096
0.764971
0.76503
0.766482
0.766568
0.766632
0.766691
0.766749
0.766805
0.766853
0.766884
0.766887
0.766793
0.766582
0.766467
0.766475
0.766564
0.766671
0.766791
0.766926
0.76698
0.766989
0.76699
0.76699
0.76699
0.76699
0.76699
0.76699
0.76699
0.76699
0.76699
0.76699
0.76699
0.76699
0.76699
0.76699
0.76699
0.766988
0.766989
0.766981
0.766986
0.76694
0.766968
0.766794
0.766886
0.766584
0.766723
0.766742
0.766809
0.766421
0.766421
0.766581
0.766286
0.766255
0.766433
0.766453
0.766425
0.766395
0.766507
0.7665
0.766328
0.766319
0.766452
0.766471
0.765855
0.766178
0.766386
0.766451
0.76414
0.764483
0.765396
0.764916
0.763467
0.763564
0.763691
0.763882
0.76327
0.763298
0.763331
0.763374
0.763201
0.763207
0.763223
0.763245
0.763214
0.763178
0.763175
0.763475
0.763405
0.763223
0.763287
0.763335
0.763741
0.764059
0.763815
0.763598
0.764077
0.764269
0.764264
0.764234
0.764126
0.764154
0.764182
0.764497
0.764654
0.76425
0.764293
0.764958
0.766049
0.764923
0.764768
0.7648
0.766496
0.766596
0.766672
0.766738
0.766795
0.76684
0.766868
0.766868
0.766779
0.766578
0.766461
0.766454
0.766523
0.766624
0.766748
0.766895
0.766974
0.766988
0.76699
0.76699
0.76699
0.76699
0.76699
0.76699
0.76699
0.76699
0.76699
0.76699
0.76699
0.76699
0.76699
0.76699
0.76699
0.76699
0.766989
0.76699
0.766984
0.766988
0.766956
0.766975
0.766866
0.766922
0.766718
0.76681
0.766819
0.766907
0.766595
0.766587
0.766711
0.76649
0.766475
0.766586
0.76657
0.766518
0.766512
0.76652
0.766528
0.766472
0.766477
0.766523
0.766525
0.765862
0.766224
0.766402
0.766484
0.763993
0.764308
0.765237
0.764735
0.763429
0.763518
0.763627
0.763762
0.763269
0.763299
0.763329
0.763367
0.763185
0.763196
0.763214
0.763258
0.763193
0.76318
0.763153
0.763518
0.763207
0.763149
0.763168
0.763181
0.763733
0.763914
0.763842
0.76363
0.764008
0.764163
0.764158
0.764141
0.764067
0.764087
0.764146
0.764365
0.764493
0.764185
0.764199
0.764751
0.76605
0.764816
0.76459
0.764636
0.766496
0.766593
0.766685
0.766756
0.766806
0.766835
0.76683
0.766746
0.766564
0.766451
0.766436
0.766488
0.766583
0.766708
0.766864
0.766967
0.766987
0.76699
0.76699
0.76699
0.76699
0.76699
0.76699
0.76699
0.76699
0.76699
0.76699
0.76699
0.76699
0.76699
0.76699
0.76699
0.76699
0.76699
0.766989
0.76699
0.766987
0.766989
0.766976
0.766983
0.766939
0.766963
0.766785
0.766833
0.766866
0.766865
0.766881
0.766926
0.766656
0.76669
0.766747
0.766538
0.766551
0.766611
0.766563
0.76651
0.766513
0.766407
0.766439
0.766514
0.766524
0.766506
0.766502
0.765758
0.766198
0.766316
0.766431
0.763786
0.764034
0.764907
0.764418
0.763406
0.763471
0.763562
0.763672
0.763276
0.763313
0.76333
0.763384
0.763178
0.763196
0.763207
0.763238
0.763143
0.763151
0.763146
0.763262
0.763133
0.763118
0.763121
0.763124
0.763374
0.763924
0.763453
0.763329
0.763962
0.764104
0.764071
0.764077
0.764022
0.764041
0.764056
0.764264
0.764354
0.764106
0.764152
0.764638
0.760459
0.764597
0.764454
0.764524
0.76649
0.766559
0.766642
0.766714
0.766759
0.766758
0.766677
0.766526
0.766435
0.76642
0.766461
0.766549
0.766674
0.766836
0.766958
0.766986
0.76699
0.76699
0.76699
0.76699
0.76699
0.76699
0.76699
0.76699
0.76699
0.76699
0.76699
0.76699
0.76699
0.76699
0.76699
0.76699
0.76699
0.76699
0.76699
0.76699
0.766989
0.766989
0.766984
0.766987
0.766953
0.766975
0.766783
0.766799
0.7668
0.766806
0.766891
0.766613
0.766694
0.766703
0.766477
0.766521
0.766512
0.766414
0.766359
0.766383
0.766129
0.766186
0.766474
0.766491
0.766338
0.766326
0.765464
0.765999
0.766012
0.766193
0.763678
0.763778
0.764384
0.763984
0.763402
0.763438
0.763497
0.763602
0.763248
0.763282
0.763291
0.763329
0.763176
0.763188
0.763199
0.76323
0.763122
0.763142
0.763144
0.763156
0.763095
0.763104
0.7631
0.763095
0.763211
0.763515
0.763253
0.763185
0.763569
0.764025
0.764028
0.764045
0.763618
0.763653
0.764021
0.76418
0.764244
0.764039
0.76408
0.764569
0.740066
0.763727
0.764342
0.764429
0.766471
0.766511
0.766562
0.766602
0.766606
0.766553
0.766469
0.766414
0.766405
0.76644
0.766525
0.766649
0.766812
0.766949
0.766985
0.766989
0.76699
0.76699
0.76699
0.76699
0.76699
0.76699
0.76699
0.76699
0.76699
0.76699
0.76699
0.76699
0.76699
0.76699
0.76699
0.76699
0.76699
0.76699
0.76699
0.76699
0.76699
0.766989
0.76699
0.766984
0.766988
0.766901
0.766948
0.76697
0.766691
0.766677
0.766677
0.766697
0.76682
0.766431
0.766582
0.766542
0.76625
0.766327
0.766277
0.766143
0.766033
0.766079
0.765736
0.765824
0.766276
0.766305
0.765999
0.765977
0.764933
0.765495
0.76531
0.765683
0.763582
0.763651
0.763876
0.763751
0.763342
0.763425
0.76349
0.763502
0.763236
0.763262
0.763272
0.763298
0.763171
0.763182
0.763193
0.76322
0.76312
0.763137
0.763144
0.763103
0.763081
0.763099
0.763093
0.763084
0.763126
0.763292
0.763147
0.763115
0.763333
0.764017
0.763959
0.763682
0.763372
0.763405
0.763706
0.764108
0.764172
0.76399
0.764046
0.764459
0.73203
0.76121
0.764272
0.764358
0.76645
0.766459
0.766474
0.766475
0.766454
0.766418
0.766394
0.766392
0.766429
0.766511
0.766633
0.766796
0.766942
0.766984
0.766989
0.76699
0.76699
0.76699
0.76699
0.76699
0.76699
0.76699
0.76699
0.76699
0.76699
0.76699
0.76699
0.76699
0.76699
0.76699
0.76699
0.76699
0.76699
0.76699
0.76699
0.76699
0.76699
0.766989
0.76699
0.766981
0.766988
0.766846
0.766915
0.766944
0.766514
0.766513
0.766543
0.766596
0.766737
0.76617
0.766361
0.766324
0.765917
0.766023
0.765996
0.76584
0.765586
0.765657
0.765309
0.76543
0.765867
0.765933
0.765533
0.765481
0.764194
0.764676
0.764258
0.764772
0.763417
0.763563
0.76367
0.763673
0.763306
0.763376
0.763378
0.763408
0.76323
0.763251
0.76326
0.76328
0.763169
0.763181
0.763191
0.763217
0.76312
0.763135
0.763084
0.763095
0.763171
0.763105
0.763089
0.763198
0.763923
0.763695
0.76395
0.763438
0.763227
0.763255
0.763468
0.764094
0.764131
0.763934
0.764012
0.764232
0.721653
0.753533
0.764211
0.76434
0.766435
0.766421
0.766412
0.766402
0.766388
0.766379
0.766387
0.766428
0.76651
0.76663
0.766791
0.766937
0.766983
0.766989
0.76699
0.76699
0.76699
0.76699
0.76699
0.76699
0.76699
0.76699
0.76699
0.76699
0.76699
0.76699
0.76699
0.76699
0.76699
0.76699
0.76699
0.76699
0.76699
0.76699
0.76699
0.76699
0.76699
0.76699
0.766989
0.76699
0.766972
0.766986
0.766787
0.766876
0.766941
0.766838
0.766883
0.766328
0.766369
0.766441
0.766533
0.766665
0.765925
0.766122
0.766134
0.765559
0.765693
0.765743
0.765565
0.76509
0.765197
0.764896
0.765056
0.765202
0.76538
0.764992
0.764864
0.763791
0.763913
0.763706
0.763862
0.763439
0.763351
0.763578
0.763433
0.763287
0.763329
0.763328
0.763348
0.763227
0.763247
0.763255
0.763274
0.763127
0.763149
0.763709
0.763482
0.76386
0.763689
0.763285
0.763168
0.763202
0.763314
0.764066
0.764114
0.763902
0.763982
0.763469
0.719166
0.742432
0.764192
0.764266
0.766428
0.766405
0.766391
0.766381
0.766378
0.76639
0.766434
0.766516
0.766636
0.766797
0.766937
0.766983
0.766989
0.76699
0.76699
0.76699
0.76699
0.76699
0.76699
0.76699
0.76699
0.76699
0.76699
0.76699
0.76699
0.76699
0.76699
0.76699
0.76699
0.76699
0.76699
0.76699
0.76699
0.76699
0.76699
0.76699
0.76699
0.76699
0.76699
0.766989
0.76699
0.766965
0.766925
0.766984
0.76674
0.766813
0.766876
0.766191
0.766285
0.766399
0.766514
0.76663
0.76574
0.765937
0.76601
0.765222
0.765389
0.765542
0.765334
0.764573
0.764739
0.764507
0.764716
0.764202
0.764635
0.76439
0.764111
0.763659
0.763644
0.76356
0.763547
0.763356
0.763324
0.763436
0.763356
0.763281
0.763303
0.763304
0.763321
0.763503
0.763333
0.763699
0.763511
0.763222
0.763255
0.764047
0.764101
0.763901
0.763674
0.763934
0.761531
0.717585
0.733642
0.764198
0.76406
0.766441
0.766402
0.76639
0.766389
0.766408
0.766457
0.76654
0.766659
0.766822
0.766943
0.766983
0.766989
0.76699
0.76699
0.76699
0.76699
0.76699
0.76699
0.76699
0.76699
0.76699
0.76699
0.76699
0.76699
0.76699
0.76699
0.76699
0.76699
0.76699
0.76699
0.76699
0.76699
0.76699
0.76699
0.76699
0.76699
0.76699
0.76699
0.76699
0.766989
0.766989
0.766964
0.766922
0.766922
0.766984
0.766723
0.766806
0.766873
0.766123
0.766257
0.766391
0.766514
0.766623
0.765608
0.765815
0.765944
0.764922
0.765124
0.765384
0.765142
0.764036
0.764286
0.764129
0.764403
0.763653
0.763833
0.763782
0.763613
0.763421
0.76356
0.763379
0.763481
0.763329
0.763318
0.76336
0.763335
0.763295
0.763298
0.763313
0.763359
0.763277
0.763526
0.763376
0.764031
0.764103
0.763831
0.763676
0.763528
0.763916
0.758389
0.7164
0.727074
0.764197
0.763612
0.766486
0.766431
0.766432
0.766455
0.766509
0.766591
0.76671
0.76686
0.766955
0.766985
0.766989
0.76699
0.76699
0.76699
0.76699
0.76699
0.76699
0.76699
0.76699
0.76699
0.76699
0.76699
0.76699
0.76699
0.76699
0.76699
0.76699
0.76699
0.76699
0.76699
0.76699
0.76699
0.76699
0.76699
0.76699
0.76699
0.76699
0.76699
0.76699
0.76699
0.766989
0.766989
0.766925
0.76693
0.766956
0.766976
0.766876
0.766985
0.766722
0.766807
0.766099
0.766254
0.766395
0.766527
0.766629
0.765512
0.765741
0.765912
0.76466
0.764898
0.765256
0.764978
0.763631
0.763829
0.763767
0.7641
0.763478
0.763513
0.763505
0.763435
0.763352
0.763405
0.763362
0.763343
0.763323
0.763338
0.763333
0.7633
0.763398
0.763325
0.764025
0.764105
0.763687
0.763534
0.763411
0.763906
0.76368
0.753921
0.715646
0.72332
0.764166
0.762693
0.766575
0.766516
0.766546
0.766589
0.766667
0.766781
0.7669
0.766967
0.766987
0.76699
0.76699
0.76699
0.76699
0.76699
0.76699
0.76699
0.76699
0.76699
0.76699
0.76699
0.76699
0.76699
0.76699
0.76699
0.76699
0.76699
0.76699
0.76699
0.76699
0.76699
0.76699
0.76699
0.76699
0.76699
0.76699
0.76699
0.76699
0.76699
0.76699
0.76699
0.76699
0.766989
0.766989
0.766884
0.766892
0.766934
0.76696
0.766974
0.766817
0.766985
0.766731
0.766092
0.766256
0.766406
0.766538
0.766645
0.765437
0.76569
0.76589
0.76442
0.764702
0.765147
0.764834
0.763459
0.763566
0.763563
0.763803
0.763432
0.763424
0.7634
0.763386
0.763341
0.763349
0.763347
0.763343
0.763347
0.763336
0.763348
0.764024
0.764117
0.763546
0.763424
0.763366
0.763905
0.763685
0.76355
0.749228
0.71515
0.720662
0.76409
0.761385
0.7667
0.766656
0.766699
0.766766
0.766858
0.766937
0.766977
0.766988
0.76699
0.76699
0.76699
0.76699
0.76699
0.76699
0.76699
0.76699
0.76699
0.76699
0.76699
0.76699
0.76699
0.76699
0.76699
0.76699
0.76699
0.76699
0.76699
0.76699
0.76699
0.76699
0.76699
0.76699
0.76699
0.76699
0.76699
0.76699
0.76699
0.76699
0.76699
0.76699
0.76699
0.766988
0.766989
0.766829
0.766832
0.766892
0.766932
0.766958
0.766974
0.766746
0.766983
0.766972
0.766084
0.766256
0.766404
0.766534
0.766654
0.765369
0.765648
0.765865
0.764189
0.764523
0.765045
0.764697
0.763387
0.763444
0.763456
0.763612
0.763373
0.763364
0.763349
0.763342
0.763344
0.76334
0.763332
0.763351
0.763353
0.764032
0.764124
0.763441
0.763385
0.763915
0.763698
0.763557
0.763452
0.744278
0.714823
0.718823
0.763924
0.75963
0.766821
0.766814
0.766864
0.766919
0.766963
0.766984
0.766989
0.76699
0.76699
0.76699
0.76699
0.76699
0.76699
0.76699
0.76699
0.76699
0.76699
0.76699
0.76699
0.76699
0.76699
0.76699
0.76699
0.76699
0.76699
0.76699
0.76699
0.76699
0.76699
0.76699
0.76699
0.76699
0.76699
0.76699
0.76699
0.76699
0.76699
0.76699
0.76699
0.76699
0.76699
0.76699
0.766988
0.766989
0.766753
0.766746
0.766824
0.766881
0.766922
0.766949
0.766976
0.766966
0.766956
0.766064
0.766234
0.766373
0.766498
0.766648
0.765296
0.765602
0.765825
0.763949
0.764347
0.764937
0.764556
0.763346
0.763382
0.763397
0.76349
0.763328
0.763325
0.763347
0.763356
0.76334
0.763359
0.763994
0.764123
0.7634
0.763871
0.763715
0.763568
0.763462
0.763414
0.73901
0.714608
0.717525
0.763592
0.757561
0.76692
0.76693
0.766958
0.766978
0.766987
0.766989
0.76699
0.76699
0.76699
0.76699
0.76699
0.76699
0.76699
0.76699
0.76699
0.76699
0.76699
0.76699
0.76699
0.76699
0.76699
0.76699
0.76699
0.76699
0.76699
0.76699
0.76699
0.76699
0.76699
0.76699
0.76699
0.76699
0.76699
0.76699
0.76699
0.76699
0.76699
0.76699
0.76699
0.76699
0.76699
0.76699
0.766986
0.766989
0.76661
0.766706
0.766787
0.766852
0.766898
0.766933
0.766971
0.766944
0.76693
0.766909
0.766021
0.766176
0.7663
0.766417
0.765209
0.765543
0.765762
0.763748
0.764158
0.764812
0.764396
0.763333
0.763348
0.763361
0.76342
0.763322
0.763342
0.763365
0.76336
0.764003
0.76412
0.763738
0.763579
0.763474
0.763427
0.733947
0.714461
0.716587
0.763168
0.754656
0.76697
0.766977
0.766985
0.766988
0.76699
0.76699
0.76699
0.76699
0.76699
0.76699
0.76699
0.76699
0.76699
0.76699
0.76699
0.76699
0.76699
0.76699
0.76699
0.76699
0.76699
0.76699
0.76699
0.76699
0.76699
0.76699
0.76699
0.76699
0.76699
0.76699
0.76699
0.76699
0.76699
0.76699
0.76699
0.76699
0.76699
0.76699
0.76699
0.76699
0.76699
0.76699
0.766986
0.766989
0.766529
0.766633
0.766725
0.766801
0.766862
0.766971
0.766918
0.766913
0.766881
0.766853
0.766815
0.765943
0.766078
0.766183
0.766296
0.765093
0.765459
0.765666
0.763592
0.763961
0.764662
0.764215
0.763323
0.763335
0.763345
0.763375
0.763344
0.763365
0.763371
0.764014
0.763749
0.764084
0.763598
0.763484
0.763437
0.728995
0.714369
0.715983
0.762201
0.751774
0.766986
0.766988
0.766989
0.76699
0.76699
0.76699
0.76699
0.76699
0.76699
0.76699
0.76699
0.76699
0.76699
0.76699
0.76699
0.76699
0.76699
0.76699
0.76699
0.76699
0.76699
0.76699
0.76699
0.76699
0.76699
0.76699
0.76699
0.76699
0.76699
0.76699
0.76699
0.76699
0.76699
0.76699
0.76699
0.76699
0.76699
0.76699
0.76699
0.76699
0.76699
0.76699
0.766987
0.766989
0.766413
0.766528
0.766636
0.766733
0.766976
0.766914
0.766921
0.766831
0.766823
0.766764
0.766718
0.766656
0.765826
0.76594
0.766031
0.766144
0.764942
0.765342
0.765532
0.763478
0.763774
0.764483
0.764019
0.763346
0.763322
0.763335
0.763336
0.763345
0.763369
0.763376
0.764036
0.763771
0.763611
0.763967
0.7635
0.763447
0.72562
0.714298
0.715548
0.761102
0.748277
0.766989
0.76699
0.76699
0.76699
0.76699
0.76699
0.76699
0.76699
0.76699
0.76699
0.76699
0.76699
0.76699
0.76699
0.76699
0.76699
0.76699
0.76699
0.76699
0.76699
0.76699
0.76699
0.76699
0.76699
0.76699
0.76699
0.76699
0.76699
0.76699
0.76699
0.76699
0.76699
0.76699
0.76699
0.76699
0.76699
0.76699
0.76699
0.76699
0.76699
0.76699
0.76699
0.76699
0.766989
0.76699
0.766272
0.766404
0.766534
0.766985
0.766934
0.766949
0.766825
0.766841
0.766685
0.766677
0.766581
0.766519
0.766431
0.765672
0.765769
0.765855
0.765977
0.764754
0.765186
0.765361
0.763395
0.763601
0.764284
0.763819
0.763373
0.763348
0.763323
0.763321
0.763328
0.763381
0.764045
0.763782
0.763628
0.763511
0.763697
0.763461
0.723191
0.714294
0.715605
0.759468
0.745428
0.76699
0.76699
0.76699
0.76699
0.76699
0.76699
0.76699
0.76699
0.76699
0.76699
0.76699
0.76699
0.76699
0.76699
0.76699
0.76699
0.76699
0.76699
0.76699
0.76699
0.76699
0.76699
0.76699
0.76699
0.76699
0.76699
0.76699
0.76699
0.76699
0.76699
0.76699
0.76699
0.76699
0.76699
0.76699
0.76699
0.76699
0.76699
0.76699
0.76699
0.76699
0.76699
0.76699
0.76699
0.766122
0.766275
0.766989
0.766964
0.766977
0.766867
0.766899
0.766683
0.766712
0.766483
0.766477
0.76634
0.766272
0.766158
0.765484
0.765577
0.765671
0.765814
0.764534
0.764989
0.765154
0.763359
0.763464
0.76407
0.763631
0.763385
0.763376
0.763349
0.763317
0.76335
0.763316
0.764036
0.763803
0.763639
0.763524
0.763471
0.763172
0.723071
0.714403
0.71616
0.758085
0.74317
0.76699
0.76699
0.76699
0.76699
0.76699
0.76699
0.76699
0.76699
0.76699
0.76699
0.76699
0.76699
0.76699
0.76699
0.76699
0.76699
0.76699
0.76699
0.76699
0.76699
0.76699
0.76699
0.76699
0.76699
0.76699
0.76699
0.76699
0.76699
0.76699
0.76699
0.76699
0.76699
0.76699
0.76699
0.76699
0.76699
0.76699
0.76699
0.76699
0.76699
0.76699
0.76699
0.76699
0.76699
0.76699
0.765981
0.76699
0.766985
0.766988
0.766932
0.766959
0.766759
0.766815
0.766495
0.766543
0.766243
0.766244
0.766063
0.766001
0.765861
0.765275
0.765378
0.7655
0.765671
0.7643
0.764761
0.764924
0.76332
0.763376
0.763864
0.763481
0.763388
0.763377
0.763349
0.763312
0.763378
0.763964
0.764024
0.763657
0.76384
0.763534
0.763479
0.762625
0.723997
0.715497
0.71991
0.756668
0.74331
0.76699
0.76699
0.76699
0.76699
0.76699
0.76699
0.76699
0.76699
0.76699
0.76699
0.76699
0.76699
0.76699
0.76699
0.76699
0.76699
0.76699
0.76699
0.76699
0.76699
0.76699
0.76699
0.76699
0.76699
0.76699
0.76699
0.76699
0.76699
0.76699
0.76699
0.76699
0.76699
0.76699
0.76699
0.76699
0.76699
0.76699
0.76699
0.76699
0.76699
0.76699
0.76699
0.76699
0.76699
0.76699
0.76699
0.766989
0.766989
0.766978
0.766986
0.766874
0.766924
0.766616
0.766702
0.766281
0.766356
0.765986
0.766
0.765771
0.765723
0.765557
0.765056
0.765192
0.765357
0.764068
0.764517
0.76469
0.763304
0.763343
0.763682
0.763382
0.763389
0.763379
0.763347
0.76331
0.763391
0.764012
0.763864
0.763548
0.763681
0.763849
0.763488
0.762016
0.726869
0.746149
0.741807
0.755905
0.743882
0.76699
0.76699
0.76699
0.76699
0.76699
0.76699
0.76699
0.76699
0.76699
0.76699
0.76699
0.76699
0.76699
0.76699
0.76699
0.76699
0.76699
0.76699
0.76699
0.76699
0.76699
0.76699
0.76699
0.76699
0.76699
0.76699
0.76699
0.76699
0.76699
0.76699
0.76699
0.76699
0.76699
0.76699
0.76699
0.76699
0.76699
0.76699
0.76699
0.76699
0.76699
0.76699
0.76699
0.76699
0.76699
0.76699
0.76699
0.766988
0.766989
0.766961
0.76698
0.766792
0.766872
0.766458
0.766577
0.766061
0.766169
0.765718
0.765754
0.765478
0.765441
0.765251
0.764853
0.765035
0.763864
0.764279
0.764475
0.763294
0.763318
0.763539
0.763341
0.763392
0.763377
0.763346
0.763305
0.763999
0.763716
0.763505
0.763567
0.763691
0.763856
0.761397
0.731387
0.766924
0.760745
0.755097
0.746315
0.76699
0.76699
0.76699
0.76699
0.76699
0.76699
0.76699
0.76699
0.76699
0.76699
0.76699
0.76699
0.76699
0.76699
0.76699
0.76699
0.76699
0.76699
0.76699
0.76699
0.76699
0.76699
0.76699
0.76699
0.76699
0.76699
0.76699
0.76699
0.76699
0.76699
0.76699
0.76699
0.76699
0.76699
0.76699
0.76699
0.76699
0.76699
0.76699
0.76699
0.76699
0.76699
0.76699
0.76699
0.76699
0.76699
0.76699
0.766989
0.76699
0.766986
0.766989
0.766933
0.766969
0.766698
0.766809
0.766305
0.766458
0.765844
0.765985
0.765442
0.76549
0.765174
0.765135
0.764916
0.764679
0.763701
0.76407
0.764293
0.763286
0.763287
0.763446
0.76332
0.76339
0.763376
0.763343
0.763304
0.763974
0.763468
0.763516
0.763578
0.763705
0.763858
0.760719
0.74045
0.766974
0.765736
0.754885
0.747225
0.76699
0.76699
0.76699
0.76699
0.76699
0.76699
0.76699
0.76699
0.76699
0.76699
0.76699
0.76699
0.76699
0.76699
0.76699
0.76699
0.76699
0.76699
0.76699
0.76699
0.76699
0.76699
0.76699
0.76699
0.76699
0.76699
0.76699
0.76699
0.76699
0.76699
0.76699
0.76699
0.76699
0.76699
0.76699
0.76699
0.76699
0.76699
0.76699
0.76699
0.76699
0.76699
0.76699
0.76699
0.76699
0.76699
0.76699
0.76699
0.76699
0.766989
0.76699
0.766983
0.766988
0.766896
0.766954
0.766612
0.76675
0.766163
0.766355
0.765601
0.76578
0.765135
0.765186
0.764834
0.76479
0.764545
0.763589
0.763905
0.764155
0.763283
0.763408
0.763311
0.763389
0.763371
0.76334
0.763306
0.76393
0.76312
0.763531
0.763591
0.763716
0.763856
0.759971
0.75048
0.766983
0.766613
0.75441
0.748315
0.76699
0.76699
0.76699
0.76699
0.76699
0.76699
0.76699
0.76699
0.76699
0.76699
0.76699
0.76699
0.76699
0.76699
0.76699
0.76699
0.76699
0.76699
0.76699
0.76699
0.76699
0.76699
0.76699
0.76699
0.76699
0.76699
0.76699
0.76699
0.76699
0.76699
0.76699
0.76699
0.76699
0.76699
0.76699
0.76699
0.76699
0.76699
0.76699
0.76699
0.76699
0.76699
0.76699
0.76699
0.76699
0.76699
0.76699
0.76699
0.76699
0.76699
0.766989
0.76699
0.766977
0.766986
0.76686
0.766936
0.766542
0.766704
0.76601
0.766255
0.765308
0.765512
0.764788
0.764837
0.764453
0.764409
0.76353
0.763789
0.764062
0.763282
0.763395
0.76331
0.763384
0.76337
0.763339
0.763305
0.763886
0.762634
0.763541
0.763604
0.763727
0.763858
0.759272
0.760798
0.766989
0.766949
0.752261
0.752181
0.76699
0.76699
0.76699
0.76699
0.76699
0.76699
0.76699
0.76699
0.76699
0.76699
0.76699
0.76699
0.76699
0.76699
0.76699
0.76699
0.76699
0.76699
0.76699
0.76699
0.76699
0.76699
0.76699
0.76699
0.76699
0.76699
0.76699
0.76699
0.76699
0.76699
0.76699
0.76699
0.76699
0.76699
0.76699
0.76699
0.76699
0.76699
0.76699
0.76699
0.76699
0.76699
0.76699
0.76699
0.76699
0.76699
0.76699
0.76699
0.76699
0.76699
0.76699
0.766989
0.766988
0.76699
0.76697
0.766983
0.766833
0.766922
0.766486
0.766674
0.765794
0.76612
0.764961
0.765176
0.764404
0.764448
0.764025
0.76351
0.76372
0.76329
0.763391
0.763321
0.763382
0.763366
0.763335
0.763307
0.763886
0.76373
0.762
0.763556
0.763617
0.763738
0.763846
0.758077
0.765946
0.76699
0.766986
0.752432
0.761208
0.76699
0.76699
0.76699
0.76699
0.76699
0.76699
0.76699
0.76699
0.76699
0.76699
0.76699
0.76699
0.76699
0.76699
0.76699
0.76699
0.76699
0.76699
0.76699
0.76699
0.76699
0.76699
0.76699
0.76699
0.76699
0.76699
0.76699
0.76699
0.76699
0.76699
0.76699
0.76699
0.76699
0.76699
0.76699
0.76699
0.76699
0.76699
0.76699
0.76699
0.76699
0.76699
0.76699
0.76699
0.76699
0.76699
0.76699
0.76699
0.76699
0.76699
0.76699
0.76699
0.76699
0.766989
0.766987
0.76699
0.766964
0.766981
0.766817
0.766914
0.766427
0.766656
0.765487
0.765876
0.764566
0.764778
0.76402
0.764058
0.763701
0.763506
0.763302
0.763403
0.763343
0.763377
0.763359
0.763333
0.76331
0.763856
0.763484
0.761225
0.763569
0.763634
0.763743
0.763837
0.755028
0.766852
0.76699
0.766989
0.754665
0.765462
0.76699
0.76699
0.76699
0.76699
0.76699
0.76699
0.76699
0.76699
0.76699
0.76699
0.76699
0.76699
0.76699
0.76699
0.76699
0.76699
0.76699
0.76699
0.76699
0.76699
0.76699
0.76699
0.76699
0.76699
0.76699
0.76699
0.76699
0.76699
0.76699
0.76699
0.76699
0.76699
0.76699
0.76699
0.76699
0.76699
0.76699
0.76699
0.76699
0.76699
0.76699
0.76699
0.76699
0.76699
0.76699
0.76699
0.76699
0.76699
0.76699
0.76699
0.76699
0.76699
0.76699
0.766989
0.766986
0.76699
0.76696
0.766979
0.766816
0.766915
0.766299
0.766631
0.765093
0.765508
0.764164
0.764356
0.7637
0.763739
0.763515
0.763324
0.76343
0.763368
0.763369
0.763355
0.763329
0.763313
0.763819
0.763009
0.759863
0.763587
0.763644
0.76375
0.763822
0.755003
0.766971
0.76699
0.76699
0.760636
0.766671
0.76699
0.76699
0.76699
0.76699
0.76699
0.76699
0.76699
0.76699
0.76699
0.76699
0.76699
0.76699
0.76699
0.76699
0.76699
0.76699
0.76699
0.76699
0.76699
0.76699
0.76699
0.76699
0.76699
0.76699
0.76699
0.76699
0.76699
0.76699
0.76699
0.76699
0.76699
0.76699
0.76699
0.76699
0.76699
0.76699
0.76699
0.76699
0.76699
0.76699
0.76699
0.76699
0.76699
0.76699
0.76699
0.766989
0.76699
0.76699
0.76699
0.76699
0.76699
0.76699
0.76699
0.76699
0.76699
0.76699
0.766988
0.766986
0.766959
0.766979
0.766824
0.766919
0.766009
0.76649
0.764644
0.765042
0.763829
0.763982
0.763559
0.763348
0.763468
0.763402
0.763364
0.763347
0.763327
0.763318
0.763736
0.762346
0.756929
0.7636
0.763656
0.763754
0.763785
0.763815
0.756323
0.766988
0.76699
0.76699
0.76497
0.766936
0.76699
0.76699
0.76699
0.76699
0.76699
0.76699
0.76699
0.76699
0.76699
0.76699
0.76699
0.76699
0.76699
0.76699
0.76699
0.76699
0.76699
0.76699
0.76699
0.76699
0.76699
0.76699
0.76699
0.76699
0.76699
0.76699
0.76699
0.76699
0.76699
0.76699
0.76699
0.76699
0.76699
0.76699
0.76699
0.76699
0.76699
0.76699
0.76699
0.76699
0.76699
0.76699
0.76699
0.76699
0.76699
0.76699
0.766989
0.76699
0.76699
0.76699
0.76699
0.76699
0.76699
0.76699
0.76699
0.76699
0.76699
0.76699
0.766988
0.766986
0.766961
0.766979
0.766802
0.766911
0.765557
0.766136
0.764211
0.764541
0.763623
0.763724
0.763362
0.763514
0.763443
0.763355
0.763342
0.763322
0.763322
0.763455
0.760874
0.756658
0.763615
0.763672
0.763758
0.763737
0.763789
0.760315
0.76699
0.76699
0.76699
0.766486
0.766983
0.76699
0.76699
0.76699
0.76699
0.76699
0.76699
0.76699
0.76699
0.76699
0.76699
0.76699
0.76699
0.76699
0.76699
0.76699
0.76699
0.76699
0.76699
0.76699
0.76699
0.76699
0.76699
0.76699
0.76699
0.76699
0.76699
0.76699
0.76699
0.76699
0.76699
0.76699
0.76699
0.76699
0.76699
0.76699
0.76699
0.76699
0.76699
0.76699
0.76699
0.76699
0.76699
0.76699
0.76699
0.76699
0.76699
0.76699
0.76699
0.766989
0.76699
0.76699
0.76699
0.76699
0.76699
0.76699
0.76699
0.76699
0.766989
0.766989
0.766989
0.766987
0.766985
0.76696
0.76698
0.766657
0.766873
0.764994
0.765568
0.763869
0.764085
0.763575
0.763388
0.763494
0.763348
0.763333
0.76332
0.763328
0.762918
0.758216
0.757522
0.763636
0.763682
0.763758
0.763631
0.763665
0.763774
0.764663
0.76699
0.76699
0.76699
0.766893
0.766989
0.76699
0.76699
0.76699
0.76699
0.76699
0.76699
0.76699
0.76699
0.76699
0.76699
0.76699
0.76699
0.76699
0.76699
0.76699
0.76699
0.76699
0.76699
0.76699
0.76699
0.76699
0.76699
0.76699
0.76699
0.76699
0.76699
0.76699
0.76699
0.76699
0.76699
0.76699
0.76699
0.76699
0.76699
0.76699
0.76699
0.76699
0.76699
0.76699
0.76699
0.76699
0.76699
0.76699
0.76699
0.76699
0.76699
0.76699
0.76699
0.76699
0.766987
0.76699
0.76699
0.76699
0.76699
0.76699
0.76699
0.76699
0.766989
0.76699
0.766987
0.766988
0.766987
0.766982
0.766982
0.766954
0.766975
0.766207
0.76674
0.764403
0.764859
0.763655
0.763765
0.76342
0.76355
0.763338
0.763329
0.763314
0.763338
0.761561
0.757831
0.760361
0.763648
0.763694
0.763758
0.763162
0.763624
0.763756
0.766348
0.76699
0.76699
0.76699
0.766975
0.76699
0.76699
0.76699
0.76699
0.76699
0.76699
0.76699
0.76699
0.76699
0.76699
0.76699
0.76699
0.76699
0.76699
0.76699
0.76699
0.76699
0.76699
0.76699
0.76699
0.76699
0.76699
0.76699
0.76699
0.76699
0.76699
0.76699
0.76699
0.76699
0.76699
0.76699
0.76699
0.76699
0.76699
0.76699
0.76699
0.76699
0.76699
0.76699
0.76699
0.76699
0.76699
0.76699
0.76699
0.76699
0.76699
0.76699
0.76699
0.76699
0.76699
0.76699
0.76699
0.766982
0.76699
0.76699
0.76699
0.76699
0.76699
0.76699
0.76699
0.766989
0.766988
0.766989
0.76698
0.766981
0.766981
0.766966
0.766965
0.766898
0.766955
0.765458
0.766144
0.763922
0.764163
0.763609
0.76349
0.763334
0.763315
0.763311
0.763348
0.759149
0.758448
0.764595
0.763662
0.763701
0.763753
0.762044
0.76327
0.763655
0.763732
0.766855
0.76699
0.76699
0.76699
0.766988
0.76699
0.76699
0.76699
0.76699
0.76699
0.76699
0.76699
0.76699
0.76699
0.76699
0.76699
0.76699
0.76699
0.76699
0.76699
0.76699
0.76699
0.76699
0.76699
0.76699
0.76699
0.76699
0.76699
0.76699
0.76699
0.76699
0.76699
0.76699
0.76699
0.76699
0.76699
0.76699
0.76699
0.76699
0.76699
0.76699
0.76699
0.76699
0.76699
0.76699
0.76699
0.76699
0.76699
0.76699
0.76699
0.76699
0.76699
0.76699
0.76699
0.76699
0.76699
0.76699
0.76699
0.766964
0.76699
0.76699
0.76699
0.76699
0.76699
0.76699
0.766989
0.766988
0.766983
0.766985
0.766958
0.766958
0.76696
0.766909
0.766899
0.766687
0.766843
0.764541
0.765126
0.763676
0.76376
0.76351
0.763318
0.76331
0.763307
0.763356
0.758708
0.760692
0.766289
0.763671
0.763709
0.763746
0.759776
0.76202
0.763153
0.763607
0.763693
0.766967
0.76699
0.76699
0.76699
0.76699
0.76699
0.76699
0.76699
0.76699
0.76699
0.76699
0.76699
0.76699
0.76699
0.76699
0.76699
0.76699
0.76699
0.76699
0.76699
0.76699
0.76699
0.76699
0.76699
0.76699
0.76699
0.76699
0.76699
0.76699
0.76699
0.76699
0.76699
0.76699
0.76699
0.76699
0.76699
0.76699
0.76699
0.76699
0.76699
0.76699
0.76699
0.76699
0.76699
0.76699
0.76699
0.76699
0.76699
0.76699
0.76699
0.76699
0.76699
0.76699
0.76699
0.76699
0.76699
0.76699
0.76699
0.76699
0.76699
0.766909
0.76699
0.76699
0.76699
0.76699
0.76699
0.76699
0.766986
0.766981
0.766963
0.766972
0.766899
0.766899
0.766902
0.766733
0.766648
0.765861
0.766439
0.763905
0.764165
0.763558
0.763608
0.763311
0.763296
0.7633
0.763364
0.759205
0.764674
0.766833
0.763683
0.763714
0.763734
0.759385
0.760124
0.761724
0.76302
0.763499
0.763644
0.766987
0.76699
0.76699
0.76699
0.76699
0.76699
0.76699
0.76699
0.76699
0.76699
0.76699
0.76699
0.76699
0.76699
0.76699
0.76699
0.76699
0.76699
0.76699
0.76699
0.76699
0.76699
0.76699
0.76699
0.76699
0.76699
0.76699
0.76699
0.76699
0.76699
0.76699
0.76699
0.76699
0.76699
0.76699
0.76699
0.76699
0.76699
0.76699
0.76699
0.76699
0.76699
0.76699
0.76699
0.76699
0.76699
0.76699
0.76699
0.76699
0.76699
0.76699
0.76699
0.76699
0.76699
0.76699
0.76699
0.76699
0.76699
0.76699
0.76699
0.76699
0.76699
0.76676
0.766989
0.76699
0.76699
0.76699
0.76699
0.766989
0.766975
0.766955
0.766909
0.766929
0.766761
0.766766
0.766762
0.766238
0.765914
0.764582
0.765227
0.763652
0.763744
0.763373
0.763296
0.763289
0.763295
0.761177
0.766298
0.766961
0.763692
0.763716
0.763717
0.759836
0.75991
0.760336
0.761398
0.762831
0.763377
0.763581
0.766989
0.76699
0.76699
0.76699
0.76699
0.76699
0.76699
0.76699
0.76699
0.76699
0.76699
0.76699
0.76699
0.76699
0.76699
0.76699
0.76699
0.76699
0.76699
0.76699
0.76699
0.76699
0.76699
0.76699
0.76699
0.76699
0.76699
0.76699
0.76699
0.76699
0.76699
0.76699
0.76699
0.76699
0.76699
0.76699
0.76699
0.76699
0.76699
0.76699
0.76699
0.76699
0.76699
0.76699
0.76699
0.76699
0.76699
0.76699
0.76699
0.76699
0.76699
0.76699
0.76699
0.76699
0.76699
0.76699
0.76699
0.76699
0.76699
0.76699
0.76699
0.76699
0.76699
0.76699
0.766412
0.766985
0.76699
0.76699
0.766989
0.76699
0.766987
0.766936
0.766882
0.766785
0.766822
0.766492
0.766513
0.76646
0.765085
0.764439
0.763873
0.764053
0.763376
0.763611
0.763286
0.763289
0.763275
0.764853
0.766825
0.766985
0.763699
0.763715
0.763693
0.76173
0.760345
0.760306
0.760521
0.761234
0.762646
0.763226
0.763528
0.76699
0.76699
0.76699
0.76699
0.76699
0.76699
0.76699
0.76699
0.76699
0.76699
0.76699
0.76699
0.76699
0.76699
0.76699
0.76699
0.76699
0.76699
0.76699
0.76699
0.76699
0.76699
0.76699
0.76699
0.76699
0.76699
0.76699
0.76699
0.76699
0.76699
0.76699
0.76699
0.76699
0.76699
0.76699
0.76699
0.76699
0.76699
0.76699
0.76699
0.76699
0.76699
0.76699
0.76699
0.76699
0.76699
0.76699
0.76699
0.76699
0.76699
0.76699
0.76699
0.76699
0.76699
0.76699
0.76699
0.76699
0.76699
0.76699
0.76699
0.76699
0.76699
0.76699
0.76699
0.76699
0.76699
0.765643
0.766972
0.76699
0.76699
0.766988
0.766989
0.766983
0.766833
0.766721
0.766552
0.766611
0.766018
0.766094
0.765887
0.763866
0.763687
0.763693
0.76368
0.763385
0.763276
0.763265
0.763274
0.766337
0.766957
0.766989
0.763704
0.763711
0.763669
0.765081
0.762174
0.760771
0.760579
0.760707
0.761259
0.762491
0.763135
0.763484
0.76699
0.76699
0.76699
0.76699
0.76699
0.76699
0.76699
0.76699
0.76699
0.76699
0.76699
0.76699
0.76699
0.76699
0.76699
0.76699
0.76699
0.76699
0.76699
0.76699
0.76699
0.76699
0.76699
0.76699
0.76699
0.76699
0.76699
0.76699
0.76699
0.76699
0.76699
0.76699
0.76699
0.76699
0.76699
0.76699
0.76699
0.76699
0.76699
0.76699
0.76699
0.76699
0.76699
0.76699
0.76699
0.76699
0.76699
0.76699
0.76699
0.76699
0.76699
0.76699
0.76699
0.76699
0.76699
0.76699
0.76699
0.76699
0.76699
0.76699
0.76699
0.76699
0.76699
0.76699
0.76699
0.76699
0.76699
0.76699
0.764204
0.766933
0.76699
0.76699
0.766984
0.766988
0.766969
0.766626
0.766439
0.766178
0.766272
0.765234
0.76545
0.764848
0.763515
0.763538
0.763345
0.763301
0.763259
0.76325
0.763264
0.766823
0.766984
0.76699
0.763707
0.763705
0.763645
0.76639
0.765239
0.762523
0.761089
0.760815
0.760913
0.761336
0.762412
0.76303
0.763468
0.76699
0.76699
0.76699
0.76699
0.76699
0.76699
0.76699
0.76699
0.76699
0.76699
0.76699
0.76699
0.76699
0.76699
0.76699
0.76699
0.76699
0.76699
0.76699
0.76699
0.76699
0.76699
0.76699
0.76699
0.76699
0.76699
0.76699
0.76699
0.76699
0.76699
0.76699
0.76699
0.76699
0.76699
0.76699
0.76699
0.76699
0.76699
0.76699
0.76699
0.76699
0.76699
0.76699
0.76699
0.76699
0.76699
0.76699
0.76699
0.76699
0.76699
0.76699
0.76699
0.76699
0.76699
0.76699
0.76699
0.76699
0.76699
0.76699
0.76699
0.76699
0.76699
0.76699
0.76699
0.76699
0.76699
0.76699
0.76699
0.76699
0.76699
0.76348
0.766831
0.766989
0.76699
0.766974
0.766985
0.766936
0.766306
0.766028
0.765631
0.765787
0.763982
0.764494
0.763695
0.763187
0.763266
0.763236
0.763198
0.763234
0.76325
0.766954
0.766989
0.76699
0.763707
0.763696
0.763636
0.766826
0.766425
0.76538
0.762836
0.761413
0.76107
0.761143
0.761449
0.762443
0.76269
0.763458
0.76699
0.76699
0.76699
0.76699
0.76699
0.76699
0.76699
0.76699
0.76699
0.76699
0.76699
0.76699
0.76699
0.76699
0.76699
0.76699
0.76699
0.76699
0.76699
0.76699
0.76699
0.76699
0.76699
0.76699
0.76699
0.76699
0.76699
0.76699
0.76699
0.76699
0.76699
0.76699
0.76699
0.76699
0.76699
0.76699
0.76699
0.76699
0.76699
0.76699
0.76699
0.76699
0.76699
0.76699
0.76699
0.76699
0.76699
0.76699
0.76699
0.76699
0.76699
0.76699
0.76699
0.76699
0.76699
0.76699
0.76699
0.76699
0.76699
0.76699
0.76699
0.76699
0.76699
0.76699
0.76699
0.76699
0.76699
0.76699
0.76699
0.76699
0.76699
0.76699
0.76699
0.763333
0.766619
0.766989
0.76699
0.76695
0.766979
0.766863
0.765865
0.765484
0.764871
0.76514
0.763347
0.763506
0.763298
0.763138
0.763112
0.763169
0.763223
0.7632
0.763237
0.766983
0.76699
0.76699
0.763705
0.763692
0.76362
0.766952
0.766831
0.766456
0.765519
0.763208
0.761808
0.761365
0.761415
0.761717
0.763187
0.762053
0.763436
0.76699
0.76699
0.76699
0.76699
0.76699
0.76699
0.76699
0.76699
0.76699
0.76699
0.76699
0.76699
0.76699
0.76699
0.76699
0.76699
0.76699
0.76699
0.76699
0.76699
0.76699
0.76699
0.76699
0.76699
0.76699
0.76699
0.76699
0.76699
0.76699
0.76699
0.76699
0.76699
0.76699
0.76699
0.76699
0.76699
0.76699
0.76699
0.76699
0.76699
0.76699
0.76699
0.76699
0.76699
0.76699
0.76699
0.76699
0.76699
0.76699
0.76699
0.76699
0.76699
0.76699
0.76699
0.76699
0.76699
0.76699
0.76699
0.76699
0.76699
0.76699
0.76699
0.76699
0.76699
0.76699
0.76699
0.76699
0.76699
0.76699
0.76699
0.76699
0.76699
0.766299
0.766987
0.766989
0.766902
0.766964
0.766712
0.765313
0.764796
0.763835
0.764299
0.76316
0.763123
0.763206
0.763183
0.763096
0.763067
0.76319
0.763232
0.763218
0.766989
0.76699
0.76699
0.763704
0.763685
0.763603
0.766983
0.766953
0.76684
0.766499
0.765666
0.76372
0.762308
0.761735
0.761762
0.762595
0.761891
0.7631
0.763475
0.76699
0.76699
0.76699
0.76699
0.76699
0.76699
0.76699
0.76699
0.76699
0.76699
0.76699
0.76699
0.76699
0.76699
0.76699
0.76699
0.76699
0.76699
0.76699
0.76699
0.76699
0.76699
0.76699
0.76699
0.76699
0.76699
0.76699
0.76699
0.76699
0.76699
0.76699
0.76699
0.76699
0.76699
0.76699
0.76699
0.76699
0.76699
0.76699
0.76699
0.76699
0.76699
0.76699
0.76699
0.76699
0.76699
0.76699
0.76699
0.76699
0.76699
0.76699
0.76699
0.76699
0.76699
0.76699
0.76699
0.76699
0.76699
0.76699
0.76699
0.76699
0.76699
0.76699
0.76699
0.76699
0.76699
0.76699
0.76699
0.76699
0.76699
0.76699
0.76699
0.76699
0.76699
0.765881
0.766983
0.766988
0.76682
0.766937
0.766452
0.764623
0.763921
0.763248
0.763454
0.763001
0.763037
0.763215
0.763165
0.763087
0.763215
0.76699
0.76699
0.76699
0.7637
0.763676
0.763613
0.766989
0.766983
0.766956
0.766855
0.766563
0.765846
0.76437
0.76296
0.762204
0.762075
0.762108
0.762612
0.762853
0.763465
0.76699
0.76699
0.76699
0.76699
0.76699
0.76699
0.76699
0.76699
0.76699
0.76699
0.76699
0.76699
0.76699
0.76699
0.76699
0.76699
0.76699
0.76699
0.76699
0.76699
0.76699
0.76699
0.76699
0.76699
0.76699
0.76699
0.76699
0.76699
0.76699
0.76699
0.76699
0.76699
0.76699
0.76699
0.76699
0.76699
0.76699
0.76699
0.76699
0.76699
0.76699
0.76699
0.76699
0.76699
0.76699
0.76699
0.76699
0.76699
0.76699
0.76699
0.76699
0.76699
0.76699
0.76699
0.76699
0.76699
0.76699
0.76699
0.76699
0.76699
0.76699
0.76699
0.76699
0.76699
0.76699
0.76699
0.76699
0.76699
0.76699
0.76699
0.76699
0.76699
0.76699
0.76699
0.76699
0.766989
0.76699
0.765347
0.766975
0.766986
0.766682
0.76689
0.766088
0.763754
0.763275
0.763011
0.763067
0.762951
0.763069
0.763213
0.763173
0.76699
0.76699
0.76699
0.763696
0.763675
0.763613
0.76699
0.766989
0.766984
0.766961
0.766881
0.766652
0.766022
0.765134
0.763796
0.762139
0.762978
0.76226
0.762911
0.762474
0.763446
0.76699
0.76699
0.76699
0.76699
0.76699
0.76699
0.76699
0.76699
0.76699
0.76699
0.76699
0.76699
0.76699
0.76699
0.76699
0.76699
0.76699
0.76699
0.76699
0.76699
0.76699
0.76699
0.76699
0.76699
0.76699
0.76699
0.76699
0.76699
0.76699
0.76699
0.76699
0.76699
0.76699
0.76699
0.76699
0.76699
0.76699
0.76699
0.76699
0.76699
0.76699
0.76699
0.76699
0.76699
0.76699
0.76699
0.76699
0.76699
0.76699
0.76699
0.76699
0.76699
0.76699
0.76699
0.76699
0.76699
0.76699
0.76699
0.76699
0.76699
0.76699
0.76699
0.76699
0.76699
0.76699
0.76699
0.76699
0.76699
0.76699
0.76699
0.76699
0.76699
0.76699
0.76699
0.76699
0.76699
0.766989
0.766988
0.76699
0.76466
0.76696
0.766982
0.766445
0.766812
0.765593
0.763219
0.762979
0.762949
0.762932
0.762933
0.763043
0.763175
0.763221
0.76699
0.76699
0.763694
0.763673
0.763602
0.76699
0.76699
0.766989
0.766985
0.766969
0.766914
0.766742
0.766385
0.765638
0.76252
0.76485
0.762463
0.763178
0.762552
0.7625
0.763463
0.76699
0.76699
0.76699
0.76699
0.76699
0.76699
0.76699
0.76699
0.76699
0.76699
0.76699
0.76699
0.76699
0.76699
0.76699
0.76699
0.76699
0.76699
0.76699
0.76699
0.76699
0.76699
0.76699
0.76699
0.76699
0.76699
0.76699
0.76699
0.76699
0.76699
0.76699
0.76699
0.76699
0.76699
0.76699
0.76699
0.76699
0.76699
0.76699
0.76699
0.76699
0.76699
0.76699
0.76699
0.76699
0.76699
0.76699
0.76699
0.76699
0.76699
0.76699
0.76699
0.76699
0.76699
0.76699
0.76699
0.76699
0.76699
0.76699
0.76699
0.76699
0.76699
0.76699
0.76699
0.76699
0.76699
0.76699
0.76699
0.76699
0.76699
0.76699
0.76699
0.76699
0.76699
0.76699
0.76699
0.76699
0.76699
0.76699
0.76699
0.76699
0.766989
0.766986
0.76699
0.763793
0.766934
0.766973
0.766041
0.766681
0.764911
0.762935
0.762881
0.762889
0.763051
0.762881
0.763176
0.763229
0.76699
0.763691
0.763667
0.763603
0.76699
0.76699
0.76699
0.766989
0.766987
0.766977
0.766943
0.766851
0.766617
0.7639
0.766191
0.763285
0.762795
0.762541
0.762965
0.76293
0.76345
0.76699
0.76699
0.76699
0.76699
0.76699
0.76699
0.76699
0.76699
0.76699
0.76699
0.76699
0.76699
0.76699
0.76699
0.76699
0.76699
0.76699
0.76699
0.76699
0.76699
0.76699
0.76699
0.76699
0.76699
0.76699
0.76699
0.76699
0.76699
0.76699
0.76699
0.76699
0.76699
0.76699
0.76699
0.76699
0.76699
0.76699
0.76699
0.76699
0.76699
0.76699
0.76699
0.76699
0.76699
0.76699
0.76699
0.76699
0.76699
0.76699
0.76699
0.76699
0.76699
0.76699
0.76699
0.76699
0.76699
0.76699
0.76699
0.76699
0.76699
0.76699
0.76699
0.76699
0.76699
0.76699
0.76699
0.76699
0.76699
0.76699
0.76699
0.76699
0.76699
0.76699
0.76699
0.76699
0.76699
0.76699
0.76699
0.76699
0.76699
0.76699
0.766989
0.76699
0.76699
0.766987
0.76698
0.76699
0.763257
0.766887
0.766957
0.765383
0.766445
0.764017
0.762837
0.76284
0.763187
0.763039
0.762883
0.763235
0.763687
0.763665
0.763601
0.76699
0.76699
0.76699
0.76699
0.76699
0.766988
0.766983
0.766967
0.76692
0.765683
0.766801
0.765045
0.762586
0.762829
0.764424
0.76293
0.762659
0.763419
0.76699
0.76699
0.76699
0.76699
0.76699
0.76699
0.76699
0.76699
0.76699
0.76699
0.76699
0.76699
0.76699
0.76699
0.76699
0.76699
0.76699
0.76699
0.76699
0.76699
0.76699
0.76699
0.76699
0.76699
0.76699
0.76699
0.76699
0.76699
0.76699
0.76699
0.76699
0.76699
0.76699
0.76699
0.76699
0.76699
0.76699
0.76699
0.76699
0.76699
0.76699
0.76699
0.76699
0.76699
0.76699
0.76699
0.76699
0.76699
0.76699
0.76699
0.76699
0.76699
0.76699
0.76699
0.76699
0.76699
0.76699
0.76699
0.76699
0.76699
0.76699
0.76699
0.76699
0.76699
0.76699
0.76699
0.76699
0.76699
0.76699
0.76699
0.76699
0.76699
0.76699
0.76699
0.76699
0.76699
0.76699
0.76699
0.76699
0.76699
0.76699
0.76699
0.76699
0.76699
0.766988
0.76699
0.76699
0.766984
0.766968
0.76699
0.762948
0.7668
0.766924
0.764422
0.765996
0.763363
0.762806
0.763249
0.763197
0.763045
0.762849
0.763684
0.763663
0.763586
0.76699
0.76699
0.76699
0.76699
0.76699
0.766989
0.766987
0.76698
0.766601
0.766962
0.766312
0.76274
0.763879
0.765931
0.762671
0.763111
0.762717
0.763414
0.76699
0.76699
0.76699
0.76699
0.76699
0.76699
0.76699
0.76699
0.76699
0.76699
0.76699
0.76699
0.76699
0.76699
0.76699
0.76699
0.76699
0.76699
0.76699
0.76699
0.76699
0.76699
0.76699
0.76699
0.76699
0.76699
0.76699
0.76699
0.76699
0.76699
0.76699
0.76699
0.76699
0.76699
0.76699
0.76699
0.76699
0.76699
0.76699
0.76699
0.76699
0.76699
0.76699
0.76699
0.76699
0.76699
0.76699
0.76699
0.76699
0.76699
0.76699
0.76699
0.76699
0.76699
0.76699
0.76699
0.76699
0.76699
0.76699
0.76699
0.76699
0.76699
0.76699
0.76699
0.76699
0.76699
0.76699
0.76699
0.76699
0.76699
0.76699
0.76699
0.76699
0.76699
0.76699
0.76699
0.76699
0.76699
0.76699
0.76699
0.76699
0.76699
0.76699
0.76699
0.76699
0.76699
0.76699
0.76699
0.766986
0.766989
0.766989
0.766976
0.766942
0.76699
0.762807
0.766634
0.766861
0.763637
0.765094
0.762974
0.763264
0.763211
0.763047
0.762845
0.763681
0.763655
0.76358
0.76699
0.76699
0.76699
0.76699
0.76699
0.76699
0.766989
0.766919
0.766987
0.76684
0.76347
0.76559
0.766703
0.76281
0.762689
0.763217
0.762813
0.763386
0.76699
0.76699
0.76699
0.76699
0.76699
0.76699
0.76699
0.76699
0.76699
0.76699
0.76699
0.76699
0.76699
0.76699
0.76699
0.76699
0.76699
0.76699
0.76699
0.76699
0.76699
0.76699
0.76699
0.76699
0.76699
0.76699
0.76699
0.76699
0.76699
0.76699
0.76699
0.76699
0.76699
0.76699
0.76699
0.76699
0.76699
0.76699
0.76699
0.76699
0.76699
0.76699
0.76699
0.76699
0.76699
0.76699
0.76699
0.76699
0.76699
0.76699
0.76699
0.76699
0.76699
0.76699
0.76699
0.76699
0.76699
0.76699
0.76699
0.76699
0.76699
0.76699
0.76699
0.76699
0.76699
0.76699
0.76699
0.76699
0.76699
0.76699
0.76699
0.76699
0.76699
0.76699
0.76699
0.76699
0.76699
0.76699
0.76699
0.76699
0.76699
0.76699
0.76699
0.76699
0.76699
0.76699
0.76699
0.76699
0.76699
0.76698
0.766987
0.766988
0.766955
0.766887
0.76699
0.762775
0.766335
0.766735
0.763064
0.764122
0.762776
0.763282
0.763227
0.763053
0.762822
0.763677
0.76365
0.763569
0.76699
0.76699
0.76699
0.76699
0.76699
0.76699
0.766981
0.76699
0.76697
0.765146
0.766542
0.766945
0.762679
0.763038
0.764695
0.762803
0.762649
0.763364
0.76699
0.76699
0.76699
0.76699
0.76699
0.76699
0.76699
0.76699
0.76699
0.76699
0.76699
0.76699
0.76699
0.76699
0.76699
0.76699
0.76699
0.76699
0.76699
0.76699
0.76699
0.76699
0.76699
0.76699
0.76699
0.76699
0.76699
0.76699
0.76699
0.76699
0.76699
0.76699
0.76699
0.76699
0.76699
0.76699
0.76699
0.76699
0.76699
0.76699
0.76699
0.76699
0.76699
0.76699
0.76699
0.76699
0.76699
0.76699
0.76699
0.76699
0.76699
0.76699
0.76699
0.76699
0.76699
0.76699
0.76699
0.76699
0.76699
0.76699
0.76699
0.76699
0.76699
0.76699
0.76699
0.76699
0.76699
0.76699
0.76699
0.76699
0.76699
0.76699
0.76699
0.76699
0.76699
0.76699
0.76699
0.76699
0.76699
0.76699
0.76699
0.76699
0.76699
0.76699
0.76699
0.76699
0.76699
0.766989
0.76699
0.76699
0.76699
0.76699
0.766964
0.766982
0.766986
0.766907
0.766779
0.76699
0.765792
0.766504
0.762785
0.763366
0.762735
0.763302
0.763245
0.763061
0.762812
0.763672
0.763643
0.763556
0.76699
0.76699
0.76699
0.76699
0.76699
0.766989
0.76699
0.766988
0.766341
0.766902
0.766985
0.762915
0.764294
0.766103
0.762787
0.762631
0.76283
0.763329
0.76699
0.76699
0.76699
0.76699
0.76699
0.76699
0.76699
0.76699
0.76699
0.76699
0.76699
0.76699
0.76699
0.76699
0.76699
0.76699
0.76699
0.76699
0.76699
0.76699
0.76699
0.76699
0.76699
0.76699
0.76699
0.76699
0.76699
0.76699
0.76699
0.76699
0.76699
0.76699
0.76699
0.76699
0.76699
0.76699
0.76699
0.76699
0.76699
0.76699
0.76699
0.76699
0.76699
0.76699
0.76699
0.76699
0.76699
0.76699
0.76699
0.76699
0.76699
0.76699
0.76699
0.76699
0.76699
0.76699
0.76699
0.76699
0.76699
0.76699
0.76699
0.76699
0.76699
0.76699
0.76699
0.76699
0.76699
0.76699
0.76699
0.76699
0.76699
0.76699
0.76699
0.76699
0.76699
0.76699
0.76699
0.76699
0.76699
0.76699
0.76699
0.76699
0.76699
0.76699
0.76699
0.76699
0.76699
0.76699
0.766988
0.766989
0.76699
0.76699
0.76699
0.766927
0.766971
0.766979
0.766809
0.766585
0.76699
0.764811
0.766109
0.762678
0.762902
0.762689
0.763324
0.763266
0.76307
0.762817
0.763665
0.763634
0.763537
0.76699
0.76699
0.76699
0.76699
0.76699
0.76699
0.76699
0.766846
0.766979
0.76699
0.763914
0.765847
0.766763
0.762762
0.762599
0.762766
0.763634
0.763295
0.76699
0.76699
0.76699
0.76699
0.76699
0.76699
0.76699
0.76699
0.76699
0.76699
0.76699
0.76699
0.76699
0.76699
0.76699
0.76699
0.76699
0.76699
0.76699
0.76699
0.76699
0.76699
0.76699
0.76699
0.76699
0.76699
0.76699
0.76699
0.76699
0.76699
0.76699
0.76699
0.76699
0.76699
0.76699
0.76699
0.76699
0.76699
0.76699
0.76699
0.76699
0.76699
0.76699
0.76699
0.76699
0.76699
0.76699
0.76699
0.76699
0.76699
0.76699
0.76699
0.76699
0.76699
0.76699
0.76699
0.76699
0.76699
0.76699
0.76699
0.76699
0.76699
0.76699
0.76699
0.76699
0.76699
0.76699
0.76699
0.76699
0.76699
0.76699
0.76699
0.76699
0.76699
0.76699
0.76699
0.76699
0.76699
0.76699
0.76699
0.76699
0.76699
0.76699
0.76699
0.76699
0.76699
0.76699
0.76699
0.76699
0.76699
0.76699
0.766985
0.766988
0.76699
0.76699
0.76699
0.76685
0.766945
0.766963
0.766633
0.766257
0.76699
0.763826
0.765454
0.762639
0.762666
0.763348
0.763282
0.763097
0.762804
0.763655
0.763623
0.763517
0.76699
0.76699
0.76699
0.76699
0.76699
0.76699
0.766971
0.766989
0.76699
0.765595
0.766661
0.766957
0.762732
0.762558
0.762708
0.763447
0.765321
0.763257
0.76699
0.76699
0.76699
0.76699
0.76699
0.76699
0.76699
0.76699
0.76699
0.76699
0.76699
0.76699
0.76699
0.76699
0.76699
0.76699
0.76699
0.76699
0.76699
0.76699
0.76699
0.76699
0.76699
0.76699
0.76699
0.76699
0.76699
0.76699
0.76699
0.76699
0.76699
0.76699
0.76699
0.76699
0.76699
0.76699
0.76699
0.76699
0.76699
0.76699
0.76699
0.76699
0.76699
0.76699
0.76699
0.76699
0.76699
0.76699
0.76699
0.76699
0.76699
0.76699
0.76699
0.76699
0.76699
0.76699
0.76699
0.76699
0.76699
0.76699
0.76699
0.76699
0.76699
0.76699
0.76699
0.76699
0.76699
0.76699
0.76699
0.76699
0.76699
0.76699
0.76699
0.76699
0.76699
0.76699
0.76699
0.76699
0.76699
0.76699
0.76699
0.76699
0.76699
0.76699
0.76699
0.76699
0.76699
0.76699
0.76699
0.76699
0.76699
0.76699
0.766978
0.766987
0.766989
0.76699
0.76671
0.766892
0.766933
0.766351
0.765744
0.76699
0.763116
0.764427
0.762597
0.762577
0.763365
0.763311
0.763112
0.762836
0.763646
0.763611
0.763494
0.76699
0.76699
0.76699
0.76699
0.76699
0.766988
0.76699
0.76699
0.766546
0.766935
0.766987
0.762699
0.762513
0.762661
0.763329
0.765081
0.766417
0.763222
0.76699
0.76699
0.76699
0.76699
0.76699
0.76699
0.76699
0.76699
0.76699
0.76699
0.76699
0.76699
0.76699
0.76699
0.76699
0.76699
0.76699
0.76699
0.76699
0.76699
0.76699
0.76699
0.76699
0.76699
0.76699
0.76699
0.76699
0.76699
0.76699
0.76699
0.76699
0.76699
0.76699
0.76699
0.76699
0.76699
0.76699
0.76699
0.76699
0.76699
0.76699
0.76699
0.76699
0.76699
0.76699
0.76699
0.76699
0.76699
0.76699
0.76699
0.76699
0.76699
0.76699
0.76699
0.76699
0.76699
0.76699
0.76699
0.76699
0.76699
0.76699
0.76699
0.76699
0.76699
0.76699
0.76699
0.76699
0.76699
0.76699
0.76699
0.76699
0.76699
0.76699
0.76699
0.76699
0.76699
0.76699
0.76699
0.76699
0.76699
0.76699
0.76699
0.76699
0.76699
0.76699
0.766989
0.76699
0.76699
0.76699
0.76699
0.76699
0.76699
0.76699
0.76699
0.76699
0.766966
0.766983
0.76699
0.76648
0.766798
0.766883
0.765938
0.764994
0.76699
0.76275
0.763527
0.762545
0.763393
0.76333
0.763153
0.762841
0.763637
0.763597
0.763469
0.76699
0.76699
0.76699
0.76699
0.76699
0.76699
0.766906
0.766984
0.76699
0.762672
0.762471
0.762617
0.763238
0.764901
0.766289
0.766865
0.76318
0.76699
0.76699
0.76699
0.76699
0.76699
0.76699
0.76699
0.76699
0.76699
0.76699
0.76699
0.76699
0.76699
0.76699
0.76699
0.76699
0.76699
0.76699
0.76699
0.76699
0.76699
0.76699
0.76699
0.76699
0.76699
0.76699
0.76699
0.76699
0.76699
0.76699
0.76699
0.76699
0.76699
0.76699
0.76699
0.76699
0.76699
0.76699
0.76699
0.76699
0.76699
0.76699
0.76699
0.76699
0.76699
0.76699
0.76699
0.76699
0.76699
0.76699
0.76699
0.76699
0.76699
0.76699
0.76699
0.76699
0.76699
0.76699
0.76699
0.76699
0.76699
0.76699
0.76699
0.76699
0.76699
0.76699
0.76699
0.76699
0.76699
0.76699
0.76699
0.76699
0.76699
0.76699
0.76699
0.76699
0.76699
0.76699
0.76699
0.76699
0.76699
0.76699
0.766988
0.766978
0.76699
0.76699
0.76699
0.76699
0.76699
0.76699
0.76699
0.76699
0.76699
0.76699
0.76699
0.766945
0.76699
0.766153
0.766651
0.766805
0.765375
0.764077
0.76699
0.76256
0.762952
0.762515
0.763412
0.763364
0.763177
0.762896
0.763627
0.763581
0.763441
0.76699
0.76699
0.76699
0.76699
0.76699
0.766981
0.76699
0.76699
0.762613
0.76244
0.762583
0.763217
0.764768
0.766181
0.766821
0.766975
0.763144
0.76699
0.76699
0.76699
0.76699
0.76699
0.76699
0.76699
0.76699
0.76699
0.76699
0.76699
0.76699
0.76699
0.76699
0.76699
0.76699
0.76699
0.76699
0.76699
0.76699
0.76699
0.76699
0.76699
0.76699
0.76699
0.76699
0.76699
0.76699
0.76699
0.76699
0.76699
0.76699
0.76699
0.76699
0.76699
0.76699
0.76699
0.76699
0.76699
0.76699
0.76699
0.76699
0.76699
0.76699
0.76699
0.76699
0.76699
0.76699
0.76699
0.76699
0.76699
0.76699
0.76699
0.76699
0.76699
0.76699
0.76699
0.76699
0.76699
0.76699
0.76699
0.76699
0.76699
0.76699
0.76699
0.76699
0.76699
0.76699
0.76699
0.76699
0.76699
0.76699
0.76699
0.76699
0.76699
0.76699
0.76699
0.76699
0.76699
0.76699
0.76699
0.766987
0.76697
0.766915
0.76699
0.76699
0.76699
0.76699
0.76699
0.76699
0.76699
0.76699
0.76699
0.76699
0.76699
0.76699
0.76699
0.76699
0.765737
0.766444
0.766702
0.764683
0.763429
0.76699
0.762494
0.762649
0.763442
0.763386
0.763226
0.76247
0.762916
0.763616
0.763564
0.763413
0.76699
0.76699
0.76699
0.76699
0.766989
0.76699
0.76699
0.762549
0.762402
0.762581
0.763229
0.764688
0.766092
0.766776
0.766967
0.766989
0.7631
0.76699
0.76699
0.76699
0.76699
0.76699
0.76699
0.76699
0.76699
0.76699
0.76699
0.76699
0.76699
0.76699
0.76699
0.76699
0.76699
0.76699
0.76699
0.76699
0.76699
0.76699
0.76699
0.76699
0.76699
0.76699
0.76699
0.76699
0.76699
0.76699
0.76699
0.76699
0.76699
0.76699
0.76699
0.76699
0.76699
0.76699
0.76699
0.76699
0.76699
0.76699
0.76699
0.76699
0.76699
0.76699
0.76699
0.76699
0.76699
0.76699
0.76699
0.76699
0.76699
0.76699
0.76699
0.76699
0.76699
0.76699
0.76699
0.76699
0.76699
0.76699
0.76699
0.76699
0.76699
0.76699
0.76699
0.76699
0.76699
0.76699
0.76699
0.76699
0.76699
0.76699
0.766989
0.766985
0.76696
0.766875
0.76699
0.76699
0.76699
0.76699
0.76699
0.76699
0.76699
0.76699
0.76699
0.76699
0.76699
0.76699
0.76699
0.76526
0.766183
0.766577
0.764076
0.762932
0.76699
0.762503
0.763463
0.763423
0.76326
0.762457
0.762943
0.763604
0.763546
0.763381
0.76699
0.76699
0.76699
0.76699
0.76699
0.762491
0.762388
0.762596
0.763259
0.764687
0.766015
0.766733
0.766957
0.766988
0.76699
0.763009
0.76699
0.76699
0.76699
0.76699
0.76699
0.76699
0.76699
0.76699
0.76699
0.76699
0.76699
0.76699
0.76699
0.76699
0.76699
0.76699
0.76699
0.76699
0.76699
0.76699
0.76699
0.76699
0.76699
0.76699
0.76699
0.76699
0.76699
0.76699
0.76699
0.76699
0.76699
0.76699
0.76699
0.76699
0.76699
0.76699
0.76699
0.76699
0.76699
0.76699
0.76699
0.76699
0.76699
0.76699
0.76699
0.76699
0.76699
0.76699
0.76699
0.76699
0.76699
0.76699
0.76699
0.76699
0.76699
0.76699
0.76699
0.76699
0.76699
0.76699
0.76699
0.766989
0.766984
0.766949
0.766828
0.76699
0.76699
0.76699
0.76699
0.76699
0.76699
0.76699
0.76699
0.76699
0.76699
0.766989
0.76699
0.76699
0.764786
0.765894
0.76644
0.76359
0.762651
0.76246
0.763493
0.763448
0.763293
0.762457
0.76359
0.763526
0.763334
0.76699
0.76699
0.76699
0.76699
0.762433
0.7624
0.762634
0.76333
0.764708
0.765988
0.766694
0.766946
0.766987
0.76699
0.76699
0.762474
0.76699
0.76699
0.76699
0.76699
0.76699
0.76699
0.76699
0.76699
0.76699
0.76699
0.76699
0.76699
0.76699
0.76699
0.76699
0.76699
0.76699
0.76699
0.76699
0.76699
0.76699
0.76699
0.76699
0.76699
0.76699
0.76699
0.76699
0.76699
0.76699
0.76699
0.76699
0.76699
0.76699
0.76699
0.76699
0.76699
0.76699
0.76699
0.76699
0.76699
0.76699
0.76699
0.76699
0.76699
0.76699
0.76699
0.76699
0.76699
0.76699
0.766983
0.766938
0.76678
0.76699
0.76699
0.76699
0.76699
0.76699
0.76699
0.76699
0.76699
0.766989
0.766989
0.766982
0.76699
0.764362
0.7656
0.766302
0.763188
0.762497
0.762431
0.763513
0.763471
0.763574
0.763497
0.76699
0.76699
0.762428
0.762723
0.763471
0.76477
0.765993
0.766674
0.766933
0.766985
0.76699
0.76699
0.76699
0.76699
0.76699
0.76699
0.76699
0.76699
0.76699
0.76699
0.76699
0.76699
0.76699
0.76699
0.76699
0.76699
0.76699
0.76699
0.76699
0.76699
0.76699
0.76699
0.76699
0.76699
0.76699
0.76699
0.76699
0.76699
0.76699
0.76699
0.76699
0.76699
0.76699
0.76699
0.76699
0.76699
0.76699
0.76699
0.76699
0.76699
0.76699
0.76699
0.76699
0.76699
0.76699
0.76699
0.76699
0.76699
0.766929
0.766736
0.76699
0.766989
0.76699
0.766982
0.766982
0.766925
0.763988
0.765326
0.766173
0.762902
0.763533
0.763551
0.763688
0.7649
0.766019
0.766674
0.766925
0.766984
0.76699
0.76699
0.76699
0.76699
0.76699
0.76699
0.76699
0.76699
0.76699
0.76699
0.76699
0.76699
0.76699
0.76699
0.76699
0.76699
0.76699
0.76699
0.76699
0.76699
0.76699
0.76699
0.76699
0.76699
0.76699
0.76699
0.76699
0.76699
0.76699
0.76699
0.76699
0.76699
0.76699
0.76699
0.76699
0.76699
0.76699
0.76699
0.76699
0.76699
0.76699
0.76699
0.76699
0.766699
0.766924
0.766681
0.765088
0.766075
0.76699
0.76699
0.76699
0.76699
0.76699
0.76699
0.76699
0.76699
0.76699
0.76699
0.76699
0.76699
0.76699
0.76699
0.76699
0.76699
0.76699
0.76699
0.76699
0.76699
0.76699
0.76699
0.76699
0.76699
0.76699
0.76699
0.76699
0.76699
0.76699
0.76699
0.76699
0.76699
0.76699
0.76699
0.76699
0.76699
0.76699
0.76699
0.76699
0.76699
0.76699
0.76699
0.76699
0.76699
0.76699
0.76699
0.76699
0.76699
0.76699
0.76699
0.76699
0.76699
0.76699
0.76699
0.76699
0.76699
0.76699
0.76699
0.76699
0.76699
0.76699
0.76699
0.76699
0.76699
0.76699
0.76699
0.76699
0.76699
0.76699
0.76699
0.76699
0.76699
0.76699
0.76699
0.76699
0.76699
0.76699
0.76699
0.76699
0.76699
0.76699
0.76699
0.76699
0.76699
0.76699
0.76699
0.76699
0.76699
0.76699
0.76699
0.76699
0.76699
0.76699
0.76699
0.76699
0.76699
0.76699
0.76699
0.76699
0.76699
0.76699
0.76699
0.76699
0.76699
0.76699
0.76699
0.76699
0.76699
0.76699
0.76699
0.76699
0.76699
0.76699
0.76699
0.76699
0.76699
0.76699
0.76699
0.76699
0.76699
0.76699
0.76699
0.76699
0.76699
0.76699
0.76699
0.76699
0.76699
0.76699
0.76699
0.76699
0.76699
0.76699
0.76699
0.76699
0.76699
0.76699
0.76699
0.76699
0.76699
0.76699
0.76699
0.76699
0.76699
0.76699
0.76699
0.76699
0.76699
0.76699
0.76699
0.76699
0.76699
0.76699
0.76699
0.76699
0.76699
0.76699
0.76699
0.76699
0.76699
0.76699
0.76699
0.76699
0.76699
0.76699
0.76699
0.76699
0.76699
0.76699
0.76699
0.76699
0.76699
0.76699
0.76699
0.76699
0.76699
0.76699
0.76699
0.76699
0.76699
0.76699
0.76699
0.76699
0.76699
0.76699
0.76699
0.76699
0.76699
0.76699
0.76699
0.76699
0.76699
0.76699
0.76699
0.76699
0.76699
0.76699
0.76699
0.76699
0.76699
0.76699
0.76699
0.76699
0.76699
0.76699
0.76699
0.76699
0.76699
0.76699
0.76699
0.76699
0.76699
0.76699
0.76699
0.76699
0.76699
0.76699
0.76699
0.76699
0.76699
0.76699
0.76699
0.76699
0.76699
0.76699
0.76699
0.76699
0.76699
0.76699
0.76699
0.76699
0.76699
0.76699
0.76699
0.76699
0.76699
0.76699
0.76699
0.76699
0.76699
0.76699
0.76699
0.76699
0.76699
0.76699
0.76699
0.76699
0.76699
0.76699
0.76699
0.76699
0.76699
0.76699
0.76699
0.76699
0.76699
0.76699
0.76699
0.76699
0.76699
0.76699
0.76699
0.76699
0.76699
0.76699
0.76699
0.76699
0.76699
0.76699
0.76699
0.76699
0.76699
0.76699
0.76699
0.76699
0.76699
0.76699
0.76699
0.76699
0.76699
0.76699
0.76699
0.76699
0.76699
0.76699
0.76699
0.76699
0.76699
0.76699
0.76699
0.76699
0.76699
0.76699
0.76699
0.76699
0.76699
0.76699
0.76699
0.76699
0.76699
0.76699
0.76699
0.76699
0.76699
0.76699
0.76699
0.76699
0.76699
0.76699
0.76699
0.76699
0.76699
0.76699
0.76699
0.76699
0.76699
0.76699
0.76699
0.76699
0.76699
0.76699
0.76699
0.76699
0.76699
0.76699
0.76699
0.76699
0.76699
0.76699
0.76699
0.76699
0.76699
0.76699
0.76699
0.76699
0.76699
0.76699
0.76699
0.76699
0.76699
0.76699
0.76699
0.76699
0.76699
0.76699
0.76699
0.76699
0.76699
0.76699
0.76699
0.76699
0.76699
0.76699
0.76699
0.76699
0.76699
0.76699
0.76699
0.76699
0.76699
0.76699
0.76699
0.76699
0.76699
0.76699
0.76699
0.76699
0.76699
0.76699
0.76699
0.76699
0.76699
0.76699
0.76699
0.76699
0.76699
0.76699
0.76699
0.76699
0.76699
0.76699
0.76699
0.76699
0.76699
0.76699
0.76699
0.76699
0.76699
0.76699
0.76699
0.76699
0.76699
0.76699
0.76699
0.76699
0.76699
0.76699
0.76699
0.76699
0.76699
0.76699
0.76699
0.76699
0.76699
0.76699
0.76699
0.76699
0.76699
0.76699
0.76699
0.76699
0.76699
0.76699
0.76699
0.76699
0.76699
0.76699
0.76699
0.76699
0.76699
0.76699
0.76699
0.76699
0.76699
0.76699
0.76699
0.76699
0.76699
0.76699
0.76699
0.76699
0.76699
0.76699
0.76699
0.76699
0.76699
0.76699
0.76699
0.76699
0.76699
0.76699
0.76699
0.76699
)
;

boundaryField
{
    lowerOutlet
    {
        type            inletOutlet;
        inletValue      uniform 0.76699;
        value           nonuniform List<scalar> 
144
(
0.76699
0.76699
0.76699
0.76699
0.76699
0.76699
0.76699
0.76699
0.76699
0.76699
0.76699
0.76699
0.76699
0.76699
0.76699
0.76699
0.76699
0.76699
0.76699
0.76699
0.76699
0.76699
0.76699
0.76699
0.76699
0.76699
0.76699
0.76699
0.76699
0.76699
0.76699
0.76699
0.76699
0.76699
0.76699
0.76699
0.76699
0.76699
0.76699
0.76699
0.76699
0.76699
0.76699
0.76699
0.76699
0.76699
0.76699
0.765417
0.746149
0.76699
0.76699
0.76699
0.76699
0.76699
0.76699
0.76699
0.76699
0.76699
0.76699
0.76699
0.76699
0.76699
0.76699
0.76699
0.76699
0.76699
0.76699
0.76699
0.76699
0.76699
0.76699
0.76699
0.76699
0.76699
0.76699
0.76699
0.76699
0.76699
0.76699
0.76699
0.76699
0.76699
0.76699
0.76699
0.76699
0.76699
0.76699
0.76699
0.76699
0.76699
0.76699
0.76699
0.76699
0.76699
0.76699
0.76699
0.76699
0.76699
0.76699
0.76699
0.76699
0.76699
0.76699
0.76699
0.765983
0.760459
0.76699
0.76699
0.76699
0.76699
0.76699
0.76699
0.76699
0.76699
0.76699
0.76699
0.76699
0.76699
0.76699
0.76699
0.76699
0.76699
0.76699
0.76699
0.76699
0.76699
0.76699
0.76699
0.76699
0.76699
0.76699
0.76679
0.76699
0.76699
0.76699
0.76699
0.76699
0.76699
0.76699
0.76699
0.76699
0.76699
0.76699
0.76699
)
;
    }
    top
    {
        type            inletOutlet;
        inletValue      uniform 0.76699;
        value           nonuniform List<scalar> 
100
(
0.76699
0.76699
0.76699
0.76699
0.76699
0.76699
0.76699
0.76699
0.76699
0.766986
0.766969
0.766907
0.766767
0.766545
0.766324
0.766242
0.766235
0.76629
0.766383
0.766448
0.766482
0.766496
0.766496
0.76649
0.766471
0.76645
0.766435
0.766428
0.766441
0.766486
0.766575
0.7667
0.766821
0.76692
0.76697
0.766986
0.766989
0.76699
0.76699
0.76699
0.76699
0.76699
0.76699
0.76699
0.76699
0.76699
0.76699
0.76699
0.76699
0.76699
0.76699
0.76699
0.76699
0.76699
0.76699
0.76699
0.76699
0.76699
0.76699
0.76699
0.76699
0.76699
0.76699
0.76699
0.76699
0.76699
0.76699
0.76699
0.76699
0.76699
0.76699
0.76699
0.76699
0.76699
0.76699
0.76699
0.76699
0.76699
0.76699
0.76699
0.76699
0.76699
0.76699
0.76699
0.76699
0.76699
0.76699
0.76699
0.76699
0.76699
0.76699
0.76699
0.76699
0.76699
0.76699
0.76699
0.76699
0.76699
0.76699
0.76699
)
;
    }
    sides
    {
        type            inletOutlet;
        inletValue      uniform 0.76699;
        value           uniform 0.76699;
    }
    front
    {
        type            empty;
    }
    back
    {
        type            empty;
    }
    roller
    {
        type            zeroGradient;
    }
    burner
    {
        type            fixedValue;
        value           uniform 0.732;
    }
}


// ************************************************************************* //
