/*--------------------------------*- C++ -*----------------------------------*\
  =========                 |
  \\      /  F ield         | OpenFOAM: The Open Source CFD Toolbox
   \\    /   O peration     | Website:  https://openfoam.org
    \\  /    A nd           | Version:  dev
     \\/     M anipulation  |
\*---------------------------------------------------------------------------*/
FoamFile
{
    version     2.0;
    format      ascii;
    class       volScalarField;
    location    "2500";
    object      omega;
}
// * * * * * * * * * * * * * * * * * * * * * * * * * * * * * * * * * * * * * //

dimensions      [0 0 -1 0 0 0 0];

internalField   nonuniform List<scalar> 
9842
(
1.29441
1.30356
1.25917
1.20536
1.41587
1.13463
1.09224
1.42012
1.35063
1.05754
1.0399
1.37523
1.4207
1.2082
1.03417
1.017
1.26954
1.44161
1.34563
1.11273
1.0226
1.00651
1.15362
1.42738
1.41251
1.20683
1.07111
1.01462
1.00119
1.08339
1.38051
1.43198
1.30985
1.1195
1.04866
1.00918
0.995397
1.04293
1.28808
1.43211
1.38358
1.18256
1.07791
1.03275
1.00558
0.990938
1.017
1.18676
1.41619
1.4139
1.26405
1.10787
1.05355
1.02096
1.00308
0.988801
1.00175
1.1027
1.37229
1.42038
1.34021
1.15158
1.06972
1.03609
1.01257
1.00119
0.989344
0.993403
1.05481
1.29495
1.41839
1.38429
1.21369
1.0881
1.04659
1.02266
1.00621
0.999984
0.991491
0.987796
1.02463
1.20232
1.40414
1.40377
1.28599
1.11764
1.05471
1.02995
1.01231
1.00103
0.998524
0.993067
0.981289
1.0047
1.11485
1.3661
1.40702
1.34491
1.16693
1.06589
1.03443
1.01698
1.00396
0.997326
0.997621
0.993508
0.976485
0.991031
1.06328
1.3
1.40515
1.37631
1.22798
1.08699
1.03818
1.01969
1.00659
0.997507
0.994022
0.99686
0.992962
0.974152
0.981725
1.02884
1.2116
1.3933
1.39155
1.29038
1.12181
1.04479
1.02097
1.00812
0.998242
0.992104
0.99156
0.996187
0.992265
0.974815
0.976219
1.006
1.12626
1.35964
1.39383
1.33839
1.17525
1.0576
1.02088
1.00844
0.998812
0.991568
0.987641
0.989619
0.995619
0.99193
0.975747
0.970358
0.990758
1.06953
1.29922
1.39187
1.36486
1.23166
1.08265
1.02325
1.00712
0.998665
0.9913
0.985589
0.9841
0.98801
0.995139
0.991973
0.975797
0.964961
0.979187
1.03192
1.21754
1.38067
1.37832
1.28514
1.12443
1.03077
1.00143
0.996521
0.990518
0.984718
0.980367
0.981294
0.986628
0.994738
0.992145
0.975046
0.961248
0.970644
1.00596
1.13437
1.3503
1.38003
1.32733
1.17789
1.0476
1.0019
0.989713
0.987803
0.983567
0.978504
0.976096
0.979001
0.985451
0.994402
0.992343
0.974003
0.959637
0.964165
0.988067
1.07173
1.29482
1.3781
1.35192
1.22875
1.08127
1.00628
0.982445
0.980987
0.980799
0.977259
0.972983
0.972532
0.977059
0.984429
0.994127
0.992561
0.972937
0.958144
0.95638
0.974174
1.03174
1.22171
1.36845
1.36467
1.27647
1.12614
1.01823
0.981271
0.972405
0.974461
0.974807
0.971354
0.968188
0.969598
0.975385
0.983559
0.993898
0.992762
0.971992
0.955857
0.948071
0.961652
1.00183
1.14357
1.3438
1.36752
1.31507
1.17652
1.04303
0.983948
0.965665
0.966154
0.969447
0.969451
0.965862
0.963999
0.967166
0.973985
0.982851
0.993725
0.992966
0.971088
0.952971
0.941491
0.95068
0.979022
1.0742
1.29726
1.36687
1.33976
1.22213
1.08055
0.992256
0.962409
0.957448
0.961701
0.965359
0.964243
0.960746
0.960452
0.965135
0.972778
0.982217
0.993576
0.993027
0.970064
0.949904
0.935921
0.939607
0.960877
1.02861
1.23551
1.36076
1.35307
1.266
1.12453
1.01007
0.963978
0.950756
0.95261
0.958428
0.961351
0.959126
0.956182
0.957565
0.963485
0.971759
0.981669
0.993412
0.992966
0.968844
0.946528
0.930361
0.928276
0.94486
0.994386
1.16172
1.34352
1.35858
1.30255
1.17069
1.03949
0.969553
0.945937
0.944475
0.949645
0.955755
0.957193
0.954243
0.952224
0.955202
0.962115
0.971005
0.981342
0.993416
0.992852
0.967339
0.94277
0.924464
0.917468
0.930828
0.967396
1.09181
1.30787
1.3602
1.3287
1.21219
1.07716
0.981964
0.946606
0.937296
0.940837
0.947808
0.953165
0.952948
0.949601
0.948812
0.953138
0.960894
0.970267
0.98098
0.993365
0.992663
0.965573
0.938764
0.918143
0.907086
0.918046
0.945923
1.03536
1.25835
1.35712
1.34398
1.25219
1.11916
1.00431
0.950077
0.932497
0.932711
0.938986
0.946585
0.950383
0.948585
0.945414
0.946029
0.951551
0.959925
0.96964
0.980792
0.993368
0.992406
0.963513
0.93442
0.911479
0.897208
0.905652
0.928021
0.995748
1.1977
1.34658
1.352
1.2875
1.15993
1.03483
0.958323
0.931596
0.926135
0.930396
0.938283
0.94532
0.947073
0.944227
0.94168
0.943791
0.950425
0.959299
0.969276
0.980803
0.993463
0.992114
0.961053
0.929602
0.904366
0.887675
0.893609
0.912546
0.96538
1.13265
1.32385
1.3554
1.31642
1.19746
1.07082
0.974726
0.933428
0.921724
0.923061
0.929706
0.938114
0.94369
0.943344
0.939893
0.938398
0.941795
0.949355
0.958755
0.969077
0.980969
0.99365
0.991779
0.95809
0.924305
0.896929
0.878451
0.882473
0.898889
0.941154
1.0733
1.28679
1.35509
1.33479
1.23291
1.10834
0.998017
0.938852
0.919403
0.917298
0.922077
0.930088
0.938175
0.941621
0.939388
0.935909
0.935718
0.940497
0.948792
0.95831
0.96893
0.981099
0.993952
0.991359
0.954524
0.918358
0.889368
0.869755
0.872354
0.886853
0.921612
1.02251
1.2406
1.35103
1.34569
1.26868
1.14314
1.02738
0.950068
0.920471
0.913257
0.915536
0.922389
0.931089
0.937907
0.938646
0.935317
0.932471
0.933757
0.93975
0.948586
0.958482
0.969561
0.981662
0.994416
0.990788
0.950348
0.911984
0.881901
0.861875
0.863409
0.876325
0.905823
0.985062
1.19036
1.33916
1.35103
1.3017
1.17752
1.05978
0.967936
0.924049
0.910979
0.911074
0.915639
0.92343
0.931387
0.936535
0.93503
0.93137
0.92958
0.932319
0.93953
0.948887
0.959314
0.97065
0.982828
0.995354
0.989966
0.945604
0.90552
0.874813
0.855175
0.85593
0.867335
0.893119
0.957559
1.13702
1.31528
1.35518
1.32452
1.21003
1.09196
0.991263
0.931618
0.911703
0.907255
0.911146
0.917285
0.925066
0.932065
0.934292
0.931314
0.927876
0.92726
0.931203
0.939263
0.94963
0.960821
0.972233
0.984472
0.998612
0.994541
0.988731
0.940471
0.8993
0.868456
0.849908
0.850171
0.860049
0.883023
0.937166
1.08735
1.28093
1.35445
1.33954
1.24717
1.12288
1.01789
0.944807
0.914226
0.906283
0.906963
0.913406
0.920071
0.927031
0.932226
0.931231
0.927645
0.925041
0.925988
0.93139
0.940044
0.951336
0.963346
0.975036
0.989056
0.983906
0.999096
0.995234
0.986883
0.935278
0.893713
0.863215
0.846184
0.846127
0.854624
0.875344
0.921972
1.04626
1.24087
1.34928
1.34897
1.28182
1.15489
1.04615
0.962263
0.919565
0.9072
0.905102
0.90876
0.914984
0.921245
0.92737
0.930468
0.927674
0.924526
0.923524
0.926434
0.932864
0.942579
0.954994
0.967979
0.964232
0.979904
0.96944
0.976422
0.990232
0.985714
0.999365
0.996334
0.984386
0.930674
0.889261
0.859456
0.844128
0.843651
0.851002
0.870104
0.911068
1.01442
1.20005
1.3354
1.35286
1.31161
1.18844
1.07503
0.9829
0.929628
0.909958
0.905669
0.907229
0.912583
0.917702
0.922841
0.92722
0.927293
0.923962
0.921651
0.922609
0.927624
0.935884
0.94772
0.960883
0.95764
0.966627
0.982121
0.974315
0.979822
0.991965
0.98789
0.999758
0.99777
0.981678
0.927156
0.886322
0.857527
0.843891
0.842754
0.849006
0.867399
0.904003
0.991191
1.16204
1.31131
1.35397
1.33036
1.22331
1.10475
1.00624
0.942446
0.916007
0.907906
0.907913
0.912784
0.917381
0.921308
0.924457
0.925651
0.923226
0.920075
0.919212
0.922821
0.930186
0.941455
0.954485
0.951792
0.963998
0.961801
0.972309
0.985267
0.978619
0.984422
0.993963
0.990885
1.00024
0.999445
0.979086
0.92476
0.884945
0.857617
0.845533
0.843504
0.848673
0.866883
0.900099
0.974895
1.12938
1.28376
1.35211
1.34183
1.25881
1.13589
1.03355
0.958739
0.925832
0.913099
0.910311
0.914302
0.918246
0.921575
0.92399
0.924828
0.923021
0.919632
0.917362
0.919029
0.926069
0.936761
0.949286
0.947359
0.959317
0.957447
0.970297
0.96855
0.977717
0.990048
0.984626
0.990482
0.996677
0.995338
1.00113
1.00133
0.977048
0.923901
0.885196
0.859761
0.849004
0.846196
0.850335
0.868453
0.899396
0.964552
1.10213
1.25553
1.34578
1.3481
1.29137
1.16859
1.06312
0.979331
0.938299
0.922141
0.915513
0.918065
0.921215
0.92327
0.924567
0.924919
0.923092
0.91964
0.917
0.917134
0.922589
0.933328
0.945486
0.944154
0.955567
0.954379
0.966902
0.965799
0.976728
0.975881
0.985356
0.995638
0.992465
0.997718
1.00047
1.00047
1.00226
1.00411
0.975954
0.924705
0.88727
0.86375
0.85413
0.850806
0.854842
0.872674
0.900498
0.958369
1.08137
1.22881
1.33334
1.3497
1.31586
1.20308
1.09397
1.00438
0.952619
0.934399
0.925614
0.926482
0.928384
0.928144
0.927047
0.925846
0.923456
0.919638
0.916443
0.915384
0.91917
0.929595
0.942497
0.941207
0.953152
0.952369
0.965009
0.964615
0.975356
0.975574
0.986055
0.986724
0.995882
1.00197
1.00376
1.00769
1.00471
1.00592
1.00357
1.00717
0.976155
0.927198
0.89105
0.86932
0.860731
0.857391
0.862084
0.880058
0.90569
0.95682
1.06738
1.20626
1.31707
1.35106
1.33108
1.23783
1.12581
1.03178
0.972415
0.947971
0.939111
0.939254
0.940941
0.938807
0.933206
0.929006
0.924783
0.919831
0.91533
0.912951
0.914919
0.924614
0.939594
0.938189
0.951355
0.95047
0.96441
0.964417
0.976218
0.977392
0.987738
0.989489
0.999074
1.00141
1.01059
1.01
1.01943
1.02243
1.00905
1.01237
1.00516
1.01047
0.977957
0.931579
0.896398
0.876379
0.868542
0.866063
0.872491
0.890928
0.914844
0.958939
1.06063
1.18967
1.29977
1.35135
1.34161
1.27208
1.15791
1.05956
0.996692
0.966629
0.953139
0.95581
0.956079
0.954244
0.947446
0.937275
0.929266
0.921534
0.915137
0.911088
0.911135
0.919948
0.936165
0.934267
0.949491
0.948195
0.964339
0.964319
0.978783
0.980488
0.992551
0.995887
1.00452
1.00953
1.01674
1.02124
1.03048
1.02091
1.04016
1.0431
1.01383
1.02
1.00695
1.01408
0.981252
0.938127
0.903533
0.88495
0.877574
0.877068
0.886633
0.90525
0.927734
0.968312
1.0603
1.18054
1.2855
1.34969
1.34899
1.30211
1.19274
1.08929
1.02447
0.991732
0.973564
0.974134
0.978381
0.976009
0.970787
0.959092
0.943215
0.9284
0.917173
0.910877
0.908901
0.915674
0.931905
0.929919
0.947162
0.945701
0.964198
0.964003
0.982077
0.98389
0.999669
1.00457
1.01616
1.02314
1.0283
1.03842
1.03992
1.04896
1.0565
1.03594
1.06736
1.06975
1.01919
1.0291
1.00884
1.01784
0.984642
0.946373
0.912798
0.895431
0.888563
0.890925
0.904506
0.923369
0.945918
0.986498
1.06701
1.17897
1.27747
1.34556
1.36044
1.32816
1.23213
1.12522
1.05677
1.02315
1.00184
1.00121
1.00763
1.00603
0.997814
0.986654
0.969774
0.948944
0.92765
0.913053
0.907846
0.912531
0.928424
0.924852
0.944106
0.943107
0.964092
0.964239
0.985803
0.989702
1.00992
1.01768
1.03253
1.04695
1.05152
1.06994
1.06301
1.08317
1.0711
1.0889
1.09052
1.05726
1.10255
1.10013
1.02505
1.04028
1.01047
1.02133
0.98645
0.954984
0.924093
0.908238
0.902188
0.908064
0.926139
0.946334
0.970431
1.01239
1.08851
1.1837
1.27631
1.34487
1.37273
1.35206
1.27711
1.17065
1.09819
1.05732
1.03442
1.03858
1.04758
1.04419
1.02919
1.01065
0.991758
0.969679
0.944557
0.921298
0.907813
0.909542
0.930576
0.941145
0.943993
0.964679
0.966008
0.994261
1.00269
1.03054
1.05778
1.07213
1.12023
1.10711
1.18619
1.12489
1.22139
1.12425
1.21205
1.11638
1.17549
1.13949
1.07924
1.15072
1.13977
1.03101
1.05158
1.01146
1.0242
0.984711
0.9613
0.936794
0.923135
0.919021
0.929262
0.951495
0.97483
1.00257
1.04829
1.12267
1.20361
1.28105
1.34825
1.38562
1.37786
1.32336
1.22671
1.147
1.102
1.06965
1.08007
1.10467
1.09878
1.07631
1.04365
1.01546
0.987787
0.958418
0.93111
0.910705
0.909292
0.929943
0.97844
0.986653
0.968691
0.973181
1.01434
1.03464
1.09473
1.16095
1.21663
1.39716
1.35637
1.68
1.45291
1.94635
1.44474
2.01408
1.34976
1.84748
1.23406
1.54266
1.28527
1.10381
1.30952
1.28039
1.03565
1.0659
1.01196
1.02511
0.979935
0.963706
0.948934
0.939334
0.939219
0.954638
0.980683
1.0094
1.04364
1.0963
1.17048
1.2435
1.3031
1.36329
1.40662
1.41146
1.37548
1.29183
1.20877
1.15376
1.12035
1.12102
1.16367
1.17647
1.15801
1.11134
1.0607
1.01959
0.981685
0.950495
0.92586
0.921745
0.935318
0.997904
1.0216
1.16008
1.2287
1.06498
1.10594
1.25587
1.40197
1.65048
2.02367
2.24443
3.02657
2.84934
4.14648
3.20859
5.04971
3.00997
5.30075
2.45868
4.54274
1.7634
3.21302
1.94789
1.2023
2.02823
1.93461
1.04101
1.12255
1.01123
1.02456
0.979931
0.967682
0.958854
0.95607
0.962669
0.984016
1.01413
1.05042
1.09511
1.15898
1.23731
1.30519
1.35968
1.40826
1.45237
1.4788
1.45338
1.38105
1.28774
1.22038
1.18344
1.17518
1.20796
1.25764
1.27209
1.23976
1.1623
1.08851
1.03481
1.00317
0.99336
1.01481
1.10469
1.10738
0.912187
1.3321
1.4974
2.16924
2.56778
1.59992
1.84296
2.50935
3.14702
3.99601
5.10284
5.71244
7.38009
7.2027
9.36597
8.10133
10.766
7.97871
11.3165
6.41884
10.7112
3.93987
8.3119
4.45479
1.70175
4.59392
4.25439
1.06443
1.42976
1.0085
1.0302
1.00105
0.981181
0.969994
0.97113
0.988215
1.01638
1.05224
1.09794
1.15814
1.23973
1.33027
1.40333
1.46355
1.51425
1.56213
1.59246
1.57946
1.51221
1.41042
1.31766
1.2729
1.25777
1.25828
1.31806
1.38553
1.40409
1.35223
1.24917
1.19242
1.21524
1.33359
1.52679
1.8967
3.17352
1.81487
3.04739
3.15349
3.92485
5.67418
6.73805
3.88745
4.71889
6.32733
7.6104
9.00072
10.4885
11.2961
12.792
12.842
14.319
13.7603
15.269
13.9364
15.7927
12.965
15.725
9.82044
14.5666
10.6789
3.50934
10.6929
9.73007
1.20554
2.58555
1.00799
1.07266
1.0173
0.996617
0.988018
1.0142
1.05091
1.09409
1.15235
1.23317
1.34199
1.4589
1.55603
1.6378
1.70647
1.75798
1.78352
1.76935
1.70534
1.59647
1.47932
1.41114
1.3809
1.34886
1.37697
1.47249
1.56559
1.60186
1.60975
1.72726
2.11345
2.68279
3.33916
4.39622
6.89891
8.30567
10.1916
5.03004
6.84126
7.9699
9.27057
11.1449
12.0659
8.88419
10.0748
11.7802
12.8221
13.8597
14.5775
15.237
15.7907
16.1705
16.6865
16.8107
17.4211
17.1578
18.0475
16.9784
18.3517
15.5873
18.01
16.1988
7.7799
16.3926
16.0205
1.76214
5.36222
1.01188
1.25199
1.03336
1.02519
1.03839
1.09048
1.13826
1.21287
1.32016
1.46804
1.6318
1.78254
1.91754
2.02627
2.09067
2.09803
2.0584
1.97301
1.84829
1.7061
1.60076
1.54702
1.49677
1.47415
1.54382
1.69692
1.90928
2.31881
3.19655
4.73822
6.52585
7.9732
8.86593
10.3217
11.0234
12.2813
12.5069
12.9862
10.5904
11.6938
12.7999
13.333
14.4062
14.6145
13.5499
14.0632
15.0585
15.3415
16.1184
16.2907
17.0014
17.1965
17.8919
18.3359
18.7997
19.5494
19.4795
20.5837
19.6277
21.086
18.9549
20.9107
19.7514
14.3262
20.2899
20.5338
17.9204
3.2415
10.6208
1.03343
1.67273
1.07057
1.08083
1.12688
1.18922
1.27543
1.4187
1.61708
1.8526
2.09285
2.32398
2.51066
2.60368
2.58939
2.48958
2.34041
2.16901
1.99292
1.84124
1.75762
1.70213
1.64617
1.6429
1.80184
2.24304
3.28939
5.45651
8.18415
10.006
10.9149
11.4021
11.9257
12.859
13.2045
13.3983
13.9907
13.9294
13.7116
13.9494
14.7325
14.7261
15.4933
15.4101
15.4886
15.5251
16.3497
16.3249
17.3288
17.4291
18.7491
19.0995
20.3038
21.0356
21.6223
22.7029
22.5242
23.9458
22.6864
24.4361
22.0535
23.8632
22.8146
21.4952
22.8485
20.1493
16.2446
20.0484
21.9866
23.5613
23.136
22.1255
5.64452
19.0317
18.1544
12.1539
1.06189
2.18388
1.14238
1.17378
1.23762
1.34684
1.51672
1.78635
2.1136
2.48076
2.84887
3.14882
3.29454
3.26745
3.10459
2.86819
2.60176
2.35646
2.15199
2.02107
1.95857
1.90462
1.85125
1.92908
2.5574
4.28947
7.43956
10.1474
11.3291
11.8098
11.9
11.9895
12.6115
13.1751
12.8225
13.7973
13.5208
14.326
14.0595
14.6747
14.5471
15.2606
15.0653
15.9771
15.7847
16.2564
16.1331
17.482
17.4675
19.3995
19.6203
21.6411
22.0932
23.6914
24.5448
25.3196
26.5685
24.9243
25.7371
26.4972
27.3728
24.7674
25.8737
26.7697
27.9854
26.8245
24.4464
23.8832
25.1516
25.553
24.3824
22.1036
21.8117
23.6718
25.0745
24.7984
23.7875
15.258
5.75222
12.4981
21.3414
20.369
1.09498
7.22711
4.12094
1.77384
1.24142
1.30449
1.39729
1.62805
1.95162
2.4029
2.91646
3.451
3.8761
4.08794
4.06089
3.85543
3.55622
3.21368
2.85233
2.56301
2.3608
2.2642
2.22469
2.1782
2.18552
2.85272
5.1823
8.84169
10.9656
11.6099
11.7249
11.7167
11.7738
11.9947
12.6661
13.0928
12.9789
13.753
13.4367
14.3149
14.0495
14.8376
14.5794
15.5824
15.3853
17.1705
17.0022
17.4171
17.3171
19.7162
19.6826
22.4199
22.5327
25.1736
25.5243
27.6071
28.3485
28.0591
28.8174
29.3716
29.9569
27.7311
28.6451
29.4755
26.6829
27.8297
28.9803
30.1455
29.0022
26.2855
25.6099
26.8911
27.5042
26.0853
23.7607
23.5851
25.2921
26.4669
26.7657
25.4062
18.8684
15.7343
23.2006
22.5248
2.1172
1.12856
1.67386
11.0082
5.74478
1.35626
1.47274
1.6937
2.13723
2.68068
3.36736
4.06241
4.60848
4.85735
4.8379
4.62716
4.28627
3.88813
3.47417
3.08241
2.78656
2.62608
2.57445
2.5529
2.55426
3.14564
5.76688
9.63543
11.2417
11.5319
11.3883
11.3099
11.4639
11.9831
12.8162
13.7473
13.8914
13.6007
13.6283
13.8061
13.6357
14.8825
14.7645
15.2029
15.0355
16.8416
16.6874
19.0812
18.8047
19.5692
19.3567
22.4591
22.238
25.603
25.4775
28.7642
28.8468
30.3564
30.7564
31.0126
31.2506
30.2283
30.8862
31.4498
31.9219
29.9696
30.8767
31.6883
28.7714
30.0533
31.2461
32.5147
31.3143
28.248
27.4594
28.9253
29.6491
27.9447
25.4132
25.2866
26.9789
28.338
28.6456
27.0899
21.327
19.1537
24.9874
24.4382
3.42918
1.1934
2.03252
14.79
8.99606
1.49527
1.78456
2.25563
2.97219
3.77655
4.63947
5.25468
5.50485
5.47412
5.28351
4.96941
4.56412
4.11812
3.67147
3.28704
3.03832
2.93868
2.92483
2.9369
3.41059
5.99473
9.96089
11.23
11.3098
10.9997
10.9996
11.3304
12.1998
13.4734
14.903
14.9296
15.2191
14.673
14.7709
14.6783
14.6525
16.2013
16.0793
16.5214
16.3575
18.5642
18.307
20.8773
20.3829
21.854
21.3821
25.112
24.4807
28.7736
28.4245
31.4034
31.5126
31.596
31.5974
32.3048
32.6096
32.8633
33.0935
32.4014
32.9948
33.4677
33.8312
32.2528
33.1544
33.9194
31.056
32.4405
33.6378
35.0048
33.7698
30.4501
29.5239
31.165
31.9968
30.0295
27.1053
26.9968
28.8479
30.4404
30.7584
28.9396
23.5152
21.8081
26.7359
26.2783
4.74849
1.20094
2.07656
18.4399
12.287
1.7631
2.42509
3.16674
4.17119
5.13032
5.79098
5.97125
5.92131
5.73797
5.47343
5.13105
4.72062
4.27167
3.83524
3.49751
3.32185
3.28107
3.29731
3.65714
5.98109
9.97675
11.1763
10.995
10.6477
10.8477
11.3714
12.4245
13.6137
14.8005
15.7456
15.6468
15.824
15.8049
15.8598
15.8263
15.983
15.9091
17.4506
17.1524
18.0476
17.7554
19.8807
19.3607
22.0424
21.2092
23.7164
22.8791
27.6421
26.6156
32.6991
32.2518
33.314
33.5442
33.7744
34.0681
34.1244
34.3983
34.7112
35.0897
34.5118
34.922
35.2011
35.4343
34.622
35.4019
35.9209
33.5156
34.9884
36.0551
37.4007
36.3349
32.8477
31.7905
33.6003
34.5185
32.3167
28.9151
28.7674
30.9578
32.7468
33.0735
31.021
25.5069
24.1384
28.505
28.0953
5.161
1.19474
2.14706
21.4046
14.7044
2.41048
3.44152
4.42926
5.56651
6.16047
6.29103
6.18126
5.99521
5.75185
5.47403
5.15597
4.78309
4.37139
3.98646
3.72844
3.62929
3.62717
3.87963
5.88632
9.90245
11.0713
10.722
10.3343
10.551
11.2233
12.1914
13.2387
14.1795
14.8804
15.8987
15.4983
16.1629
16.0377
16.4394
16.2856
16.8752
16.6343
17.9215
17.5119
18.8559
18.3694
20.4024
19.673
22.799
21.5929
25.3926
24.0837
31.1973
29.7324
37.3618
37.3553
36.7068
37.1948
35.5477
36.0657
36.5886
37.0255
35.7255
36.1588
36.768
37.5487
36.1789
36.3147
36.4852
36.8331
36.7897
37.0931
37.1372
36.142
37.5925
37.9474
38.88
38.5912
35.417
34.2578
36.2157
37.1976
34.8036
30.9257
30.6897
33.2769
35.2547
35.5991
33.331
27.4334
26.3475
30.3557
29.9406
5.52077
1.20202
2.56046
24.2794
16.9803
3.47694
4.75811
5.83757
6.46881
6.4845
6.34928
6.08904
5.81484
5.57383
5.3444
5.08958
4.77754
4.43101
4.13382
3.96831
3.92683
4.0832
5.64999
9.69077
10.9549
10.5263
10.1443
10.2179
10.7276
11.4184
11.9493
12.0498
11.3892
13.058
10.5792
15.6104
14.8514
16.1761
15.9436
16.5694
16.3609
17.1426
16.8262
17.8496
17.3355
19.0161
18.4135
20.5013
19.4854
23.9753
22.1894
27.8703
25.899
36.0512
34.8948
34.546
41.2312
41.1761
40.0452
40.7866
38.4563
39.3941
40.2477
40.8934
37.4517
38.3693
39.5488
40.9095
37.1477
37.2978
37.7703
38.6497
38.0086
37.8546
37.7656
38.7359
39.5844
38.7394
39.3302
39.7062
38.1352
36.8986
38.9631
39.7493
37.4646
33.1815
32.8293
35.8178
37.9428
38.3314
35.8338
29.4109
28.7606
32.3599
31.926
6.85278
1.96257
5.71417
27.6304
20.3406
4.82893
6.16502
6.64346
6.6855
6.4291
6.08525
5.77803
5.54511
5.34847
5.16038
4.963
4.72335
4.46875
4.27781
4.19413
4.2699
5.41481
9.23238
10.8169
10.4195
10.0701
10.0633
10.1489
9.7267
8.68707
7.53233
6.72191
5.67987
9.04427
6.35653
14.1901
11.9292
15.6645
15.163
16.2263
15.9654
16.8912
16.5246
17.0512
16.4533
18.5839
17.7731
20.5944
19.2039
26.3338
23.8502
31.7309
28.9888
38.9989
37.9641
37.9497
35.9077
45.2824
44.8699
42.7408
44.0058
42.3059
43.5743
44.571
45.1696
39.9317
41.5476
43.3649
45.1974
37.9606
38.6168
39.8097
41.4864
38.3955
38.2612
38.5518
40.4339
40.411
38.8207
39.2729
39.7943
40.6154
39.664
41.3514
41.1876
40.2561
35.6007
35.1644
38.5533
40.8062
41.2591
38.4796
31.6003
31.6492
34.6181
34.1693
12.1044
11.2358
18.2599
31.7615
28.3208
6.26194
6.90975
6.7953
6.52234
6.04976
5.64807
5.3969
5.26473
5.13365
4.98089
4.82386
4.65662
4.50347
4.41362
4.43686
5.2208
8.6152
10.6295
10.3637
10.0618
10.0632
9.83651
8.42306
6.00202
4.81766
4.35033
4.0634
4.40218
3.93423
5.87408
4.82729
9.93205
7.51093
14.0507
12.4003
15.2468
14.8169
15.9829
15.6027
15.5856
14.8353
17.852
16.5978
21.5869
19.4852
28.5072
25.917
34.5846
32.8391
31.1216
41.2319
39.5311
38.0471
36.2965
48.8236
47.7916
44.2314
46.2098
46.8516
48.1579
48.9756
49.2103
43.5299
45.7608
47.9642
49.9372
39.467
40.9984
43.0632
45.4876
38.7259
39.1645
40.3785
40.9915
40.241
39.236
39.8228
39.7914
41.8834
42.024
42.5733
41.5889
42.6913
38.1005
37.6114
41.4065
43.3427
43.8096
41.0781
34.1346
34.9894
37.1552
36.7933
27.7665
30.0482
38.4378
37.0717
38.9144
7.05602
7.01407
6.57741
6.03497
5.51991
5.17438
5.02109
4.99643
4.93881
4.82053
4.69763
4.59737
4.53516
4.55029
5.07046
7.90984
10.3827
10.3168
10.0778
10.1143
9.80347
7.95206
4.8578
3.65467
3.36933
3.3579
3.47234
4.04789
3.73419
4.81276
4.37436
6.46267
5.45538
9.89239
7.97408
12.9088
11.6743
14.2488
13.6786
14.2333
12.864
17.5528
15.8128
23.3878
20.8939
29.7753
28.4999
26.9077
34.7941
33.4278
30.8793
32.1855
42.0282
39.9368
37.4824
35.8923
51.5178
49.6867
44.4611
47.286
51.5109
52.5407
52.8838
52.6246
48.0555
50.5481
52.7779
54.5932
42.2789
44.6981
47.4332
50.2571
39.9011
41.424
43.6953
40.7679
40.4046
40.7179
41.7071
40.5095
42.278
43.3089
43.0866
41.432
44.0557
40.5871
40.2217
43.7591
44.7152
44.9954
43.3391
37.0212
38.4474
39.863
39.6579
38.2896
60.7533
56.1834
41.0536
40.6453
7.18629
6.72313
6.05461
5.4854
5.04854
4.80273
4.74126
4.77705
4.76784
4.68349
4.60024
4.55306
4.56785
4.9423
7.20176
10.0615
10.2531
10.1118
10.2673
9.90901
8.0015
4.71506
3.22284
2.92329
2.95235
3.0883
3.44939
3.22681
3.89699
3.6255
4.52066
4.1717
5.43295
4.91704
6.99599
6.10339
9.45401
8.14482
11.7225
10.6372
13.8405
12.0241
18.4337
16.0244
24.5699
22.216
29.9422
28.8924
27.9697
26.7588
34.5739
33.3653
31.0038
32.0043
41.8609
39.4675
36.1044
34.8417
53.4905
50.7943
43.9389
47.5049
55.855
56.3771
56.2912
55.3718
52.9565
55.3758
57.4016
58.9194
46.441
49.424
52.4348
55.2836
42.6197
45.2842
48.3623
41.1075
41.3699
43.9819
45.6315
42.8674
42.2473
43.9055
43.1218
41.9415
44.6988
43.145
42.9523
45.1895
45.177
45.8083
45.5642
39.8773
40.9603
42.7426
42.4077
41.287
74.5541
79.5044
41.1394
39.4563
6.94609
6.18248
5.52526
5.042
4.71208
4.55043
4.54207
4.6002
4.62162
4.57582
4.53952
4.55359
4.81801
6.56739
9.61734
10.1362
10.1222
10.5002
10.2375
8.46722
5.11441
3.12897
2.67509
2.66264
2.77805
2.91352
3.32157
3.11581
3.7743
3.54179
4.37154
4.05748
5.21673
4.75742
6.45704
5.78455
8.20529
7.2635
10.5537
9.29371
15.0913
13.0567
19.8293
17.4028
25.7237
24.5024
23.0506
30.0922
29.0395
28.2538
27.1875
33.8727
32.9626
31.0535
31.884
40.6045
37.9703
34.4032
33.6403
55.2668
51.701
43.0757
47.4678
59.734
59.8859
59.364
57.8408
57.8476
60.0411
61.7693
62.9727
51.5656
54.7344
57.7024
60.3972
47.1193
50.5461
54.0271
42.3932
44.3272
49.2978
51.9359
47.7551
42.8188
43.9613
43.6743
43.3471
44.8432
45.7854
46.0587
46.9126
45.9433
47.5015
48.0356
42.3766
41.7896
45.9125
45.4391
48.1416
55.2374
91.7287
40.1499
39.5196
6.50273
5.74787
5.14492
4.72502
4.48142
4.37641
4.38439
4.4445
4.49166
4.49751
4.51809
4.71088
6.04568
9.07336
9.97015
10.1134
10.6951
10.601
9.21094
6.25819
3.2398
2.53646
2.44301
2.52331
2.63736
2.7831
3.2371
3.0628
3.67862
3.43766
4.27217
3.94576
5.15216
4.6626
6.57536
5.77416
8.70627
7.56737
11.3629
9.94963
16.3972
14.3937
20.8068
18.5643
26.0863
25.0355
22.9842
24.2626
30.2762
29.2879
28.6812
27.6122
33.1281
32.5859
31.1212
31.7873
38.7608
35.9345
32.8495
32.553
57.5691
53.3031
42.5561
48.1063
63.4426
63.4306
62.6012
60.648
62.7447
64.6631
66.1612
67.2199
57.3663
60.4887
63.318
65.8349
53.1431
56.9576
60.6277
45.3649
49.0126
56.2034
58.3291
53.4455
44.2632
44.6096
45.401
46.2911
46.0813
49.4112
50.3055
49.7169
48.4058
51.4542
52.6612
43.9195
41.8389
50.0007
47.7364
56.7663
51.1826
101.244
39.3607
40.3755
6.24775
5.52216
4.88557
4.5054
4.3339
4.26646
4.27556
4.32953
4.39326
4.45146
4.61042
5.64643
8.48613
9.74956
10.0634
10.8405
10.9301
9.9011
7.36439
3.70719
2.49654
2.28552
2.31854
2.41065
2.51729
2.79043
2.96622
2.61703
3.17316
3.59156
3.36257
4.17936
3.8586
5.1007
4.58179
6.67329
5.77915
9.33471
7.87246
12.5951
10.9363
17.2335
15.1617
21.5818
19.3783
26.4878
25.3634
23.6125
24.7173
30.4994
29.6703
29.1039
28.0764
32.4503
32.2406
31.1705
31.5953
37.6065
34.0204
31.7941
31.5927
60.3496
55.5037
43.1957
49.6078
67.5274
67.4061
66.2061
63.8851
67.9708
69.8042
71.2722
72.0916
64.0043
67.0792
69.8141
72.2242
60.4688
64.6537
68.6689
50.2902
55.9202
63.4651
70.0178
62.6773
47.8913
47.3939
50.7958
53.0058
50.6961
55.2998
55.8149
56.2718
54.6612
61.7099
60.6808
45.2167
42.1038
53.5558
50.848
63.8833
50.985
105.31
39.5342
42.5076
6.14233
5.38477
4.73198
4.39001
4.26192
4.21974
4.22789
4.27794
4.35603
4.53647
5.39387
7.90924
9.49672
10.0003
10.9373
11.2222
10.5093
8.38776
4.65477
2.54547
2.18218
2.15984
2.22463
2.30335
2.40501
2.91182
2.70394
2.56417
3.09781
3.51991
3.29285
4.10248
3.78289
5.03121
4.50609
6.66887
5.73038
9.49424
7.91245
13.2123
11.3142
17.8298
15.6673
22.7848
21.4054
19.9653
26.9711
25.8264
23.9595
25.1639
30.5876
29.9566
29.4759
28.5442
31.7346
31.77
30.9939
31.1041
37.2209
33.1602
31.392
31.0094
63.9599
58.6402
44.9217
52.1131
72.2822
72.0391
70.5082
67.8396
74.4204
76.2399
77.5782
78.1784
72.304
75.5744
78.4903
81.1046
68.7927
74.2713
79.7509
61.1133
71.7397
77.7362
95.4183
83.2801
57.5387
56.1497
65.8076
68.6974
60.9342
62.363
61.2233
67.0706
70.2813
75.422
69.6969
47.0697
42.7196
58.8254
54.132
63.174
103.008
92.3569
40.2822
42.6746
6.10966
5.32618
4.67667
4.3535
4.23823
4.21176
4.23377
4.3112
4.52703
5.32272
7.45745
9.22477
9.90129
10.9934
11.4797
11.0244
9.31136
5.82937
2.72979
2.13017
2.03942
2.07542
2.12877
2.20291
2.32529
2.86843
2.66067
2.52279
3.03453
3.45781
3.23408
4.04401
3.72287
4.97972
4.44925
6.62931
5.68479
9.52641
7.89085
13.5605
11.4746
18.0865
15.8959
23.1525
21.9456
19.5844
20.987
27.4939
26.3391
24.4169
25.7279
30.5774
30.1485
29.9832
29.1559
30.988
31.0832
30.7055
30.7162
37.8147
32.9568
31.5554
30.9098
68.8008
63.2385
48.5229
56.236
78.284
77.6821
75.8753
72.8933
83.4498
85.2557
86.2597
86.5833
84.5783
88.7907
92.4424
95.4298
85.1319
92.9773
102.957
84.1884
105.947
111.821
164.541
129.3
81.2727
71.9404
89.854
106.096
82.6535
69.8807
68.0372
78.0071
86.5143
88.498
78.4553
48.4146
43.9966
62.8732
56.4096
53.5422
105.374
102.563
40.6768
41.7099
6.18741
5.38245
4.73914
4.39915
4.27279
4.25536
4.32386
4.55261
5.34398
7.26408
8.98912
9.8113
11.0453
11.7053
11.4458
10.0978
7.03936
3.10275
2.12661
1.95423
1.95707
1.9876
2.03505
2.12298
2.32811
2.46085
2.19567
2.80542
2.61145
2.98371
3.4037
3.17678
3.98899
3.66827
4.91848
4.39271
6.57323
5.62293
9.52772
7.84969
13.7504
11.5728
19.9128
18.9041
17.4366
15.7854
23.6065
22.2035
21.1847
28.1598
26.9492
25.1177
26.627
30.7014
30.4613
31.0838
30.3344
30.767
30.7333
30.7672
30.8015
40.0472
33.9814
32.9824
31.5994
75.3003
69.905
54.8543
62.4928
86.3106
85.1106
83.0478
79.6079
98.07
99.6214
100.359
100.325
110.025
116.229
120.116
123.545
131.346
162.674
202.801
151.653
202.983
206.201
240.03
203.811
120.818
104.036
149.538
166.249
108.253
76.9462
72.6004
88.987
110.607
111.586
88.1806
51.1303
44.9191
66.7883
61.6859
49.9466
82.9195
97.424
40.7982
41.8158
6.43162
5.67124
5.02491
4.58156
4.42165
4.43287
4.6642
5.4517
7.26181
8.90925
9.80466
11.1058
11.8933
11.7817
10.7473
8.07311
3.68819
2.17232
1.90065
1.86449
1.87546
1.89733
1.95995
2.0363
2.42205
2.2545
2.15663
2.75796
2.55441
2.92689
3.34669
3.12249
3.92505
3.6094
4.82348
4.31768
6.39429
5.49397
9.24125
7.60967
13.5447
11.3232
20.2177
19.2816
17.751
15.845
24.6395
22.7816
22.0552
29.3578
28.011
26.5931
28.4844
31.7369
31.4565
33.6084
32.7811
31.0986
30.8675
31.9062
32.0703
44.9762
37.4705
37.1468
34.2102
83.9833
79.3716
64.6796
71.4635
98.0869
95.4343
92.9863
89.0519
125.737
127.109
127.908
125.713
200.407
205.998
207.581
203.419
207.168
218.798
456.035
217.276
497.994
488.659
486.61
506.567
203.273
154.284
205.991
211.559
157.594
85.2249
80.5983
111.113
159.268
159.965
108.711
53.2863
46.5916
77.9739
66.033
48.8322
70.7596
94.5983
41.7657
42.983
6.84113
6.18533
5.57813
5.04202
4.83226
5.00254
5.73746
7.35447
8.93381
9.83838
11.2039
12.0522
12.0514
11.2674
8.94563
4.48574
2.28084
1.87081
1.79443
1.78765
1.78724
1.82942
1.88756
1.9628
2.38089
2.21829
2.12145
2.70364
2.50497
2.87097
3.2824
3.06188
3.84219
3.53832
4.68175
4.2142
6.07837
5.28613
8.53508
7.12953
12.8969
10.4723
21.5135
21.1073
18.3869
20.6775
20.2676
16.0427
27.0055
24.4041
24.4552
31.7652
30.2405
29.6436
32.0598
34.7438
34.1357
38.1918
37.0165
32.9424
32.3527
35.1828
35.5965
53.7993
45.1263
46.6754
40.862
95.9089
92.1636
78.2541
83.575
120.327
111.746
106.734
103.524
201.023
190.661
187.969
175.642
460.872
439.239
447.726
438.714
500.444
447.559
862.081
493.701
917.304
901.544
881.399
919.369
490.585
214.047
480.799
487.771
217.848
103.767
106.584
159.658
220.317
222.228
156.478
57.998
50.6094
86.0033
77.6841
48.4641
215.8
115.895
44.4501
45.6119
7.36035
6.86798
6.40297
6.01546
5.91426
6.41833
7.64135
9.05748
9.9569
11.3475
12.1922
12.2637
11.6661
9.66058
5.30369
2.42881
1.8579
1.74156
1.71929
1.70103
1.72409
1.76472
1.81775
1.88399
2.06765
2.32534
2.17226
2.64958
2.45401
2.81273
3.21078
2.99829
3.7446
3.45629
4.51425
4.09095
5.70647
5.0416
7.79977
6.56902
13.1152
9.96723
24.6922
24.8457
24.7343
24.0819
19.1414
31.2031
27.8348
28.7504
35.8143
34.1461
34.2777
36.8338
40.2734
39.1729
44.2977
42.5604
37.7095
36.3261
41.0997
42.0036
67.3217
58.5379
63.7255
54.2865
113.972
109.031
94.9497
99.172
169.109
151.001
128.138
125.797
438.845
428.681
429.959
426.427
872.417
829.639
841.755
835.238
919.91
833.953
2489.11
900.724
2543.37
2516.32
2479.11
2515.75
920.903
483.745
908.583
901.269
478.437
159.773
116.891
223.044
476.457
475.251
208.201
64.8289
54.975
108.691
85.2278
54.5431
376.61
204.906
50.5536
52.2471
7.95806
7.69877
7.4342
7.38947
7.64987
8.4003
9.39881
10.2356
11.5823
12.3232
12.432
11.9618
10.202
6.0407
2.60541
1.85509
1.70199
1.66436
1.63385
1.63817
1.665
1.70071
1.74855
1.81112
2.03934
1.9868
2.28072
2.12649
2.59388
2.4004
2.75262
3.13593
2.9315
3.64156
3.37029
4.33973
3.96089
5.36157
4.79608
7.64369
6.1254
18.1581
13.5238
10.4698
29.418
29.5307
29.0228
27.7834
22.9632
36.0529
32.6694
33.5506
40.9313
39.1167
38.8649
41.3696
47.4912
45.8718
50.4572
48.1322
47.0041
43.8953
48.8776
50.8937
84.9105
77.8263
87.4494
75.0798
141.1
137.494
114.159
116.533
423.31
214.85
160.901
162.879
831.845
830.182
831.231
838.441
2525.81
2451.65
2470.32
2470.67
2579.99
2440.54
15589.6
2490.98
15620.5
15584.4
15591
15599.1
2536.14
907.756
2501.58
2480.02
900.375
154.112
161.938
471.259
891.616
899.85
462.844
71.0752
63.991
116.165
97.4175
71.7137
265.836
142.465
58.9843
59.7297
8.61981
8.63469
8.61381
8.86715
9.3568
10.0741
10.8037
11.8792
12.4585
12.5684
12.1759
10.5769
6.60177
2.79119
1.86027
1.67275
1.61891
1.58117
1.56743
1.58435
1.60583
1.64093
1.68872
1.73616
1.9558
1.90225
2.08758
2.23335
2.53754
2.3514
2.69069
3.06026
2.86333
3.54489
3.28598
4.18026
3.84216
5.078
4.57274
7.98666
5.96981
21.061
16.2873
13.0606
33.6439
32.9514
31.5562
29.7746
25.9524
39.6595
36.933
36.8127
45.9124
43.8143
42.1882
44.9151
54.7954
52.5531
55.8184
53.0177
61.6703
55.5915
57.5437
61.8491
104.265
100.037
110.792
102.725
366.261
172.807
136.824
131.511
841.898
379.573
398.299
385.686
2470.18
2472.19
2480.09
2507.99
15597.2
15598.3
15600.9
15606.6
15597
15605.1
15614.3
15614.2
2504.18
15617.8
15603.5
2491.16
228.352
464.847
155.358
887.485
2479.01
2502.57
884.332
85.3279
72.9551
153.094
121.055
91.743
205.962
156.445
65.3776
72.1962
9.30679
9.58709
9.784
10.211
10.7357
11.3863
12.1521
12.5884
12.6766
12.3184
10.798
6.91173
2.93903
1.86808
1.65137
1.58023
1.5388
1.50766
1.51763
1.52689
1.55305
1.58935
1.62504
1.6657
1.86915
1.81649
2.03832
1.99796
2.1868
2.48249
2.30087
2.63004
2.98618
2.79623
3.45253
3.20407
4.0406
3.73232
4.89204
4.3929
8.99985
6.02241
23.6441
18.7699
13.0596
20.8766
18.3643
35.8986
34.4724
32.7502
30.7355
27.5962
41.862
39.438
38.4499
50.2145
47.7361
44.6488
47.96
62.3225
58.5984
60.9324
57.3697
82.8192
71.6513
67.8301
76.8536
121.452
119.96
125.604
123.657
355.784
765.63
163.325
352.076
2524.31
781.36
812.401
820.973
15596.1
15595.6
15606.2
15596.9
15610
15611.6
459.329
885.734
232.387
464.624
2480.76
15612.2
15612
2480.44
92.1578
79.7858
180.013
126.975
90.9346
172.694
155.776
74.5295
79.4382
9.96241
10.4512
10.8047
11.2921
11.815
12.3577
12.6682
12.7309
12.3716
10.8759
6.91837
3.00859
1.867
1.63243
1.54803
1.50127
1.45763
1.46084
1.45954
1.47888
1.50505
1.53285
1.56785
1.60207
1.78485
1.73493
1.9464
1.90559
2.14003
2.08951
2.4287
2.24936
2.57179
2.91719
2.73297
3.36532
3.12787
3.91693
3.6288
4.8013
4.25605
10.1201
14.5074
6.21242
25.0007
21.9532
18.3826
36.9998
35.3149
33.4296
31.3085
28.4064
43.5639
40.9027
39.4742
53.9557
51.2061
46.9913
50.9633
71.8019
65.2384
67.0988
62.0804
108.063
94.7404
81.7518
99.1424
131.333
135.748
131.833
134.079
785.333
2415.39
330.931
772.646
15594
2437.37
2493.38
2553.86
878.771
2489.74
451.989
883.388
15611.1
15611.5
106.291
91.324
171.151
479.822
167.705
91.7932
178.723
158.566
80.0873
80.2811
10.5383
11.1316
11.5967
12.0524
12.4248
12.671
12.7213
12.3336
10.8034
6.56403
2.96419
1.85334
1.61092
1.52196
1.46668
1.41613
1.4111
1.40125
1.41449
1.43179
1.45366
1.48408
1.51249
1.54404
1.70596
1.65989
1.85507
1.81511
2.0414
1.99029
2.1967
2.37285
2.51174
2.84624
2.66791
3.27956
3.05033
3.81297
3.53317
4.75511
4.15825
10.4417
15.1542
14.9565
6.25031
25.6402
22.4458
18.871
37.7934
35.973
34.0016
31.8239
28.8679
45.3085
42.1701
40.4596
57.4839
54.409
49.4793
53.9305
84.4512
74.0081
74.9609
68.0278
120.433
111.767
99.4678
110.539
341.992
154.403
348.046
146.965
2477.53
15600.8
762.78
2444.5
15605.6
15595.9
15594
2477.53
15600.3
865.225
2489.7
121.56
96.0922
265.984
480.112
909.581
185.581
95.2099
198.092
168.925
84.8591
79.7203
10.9172
11.6169
12.0324
12.3827
12.6083
12.6262
12.1371
10.3442
5.72256
2.76035
1.81206
1.58818
1.49956
1.43282
1.38172
1.36664
1.35097
1.35784
1.36777
1.38472
1.40946
1.43307
1.46208
1.48957
1.63376
1.59248
1.76679
1.72844
1.94345
1.89336
2.14188
2.089
2.31552
2.4497
2.77125
2.60012
3.18911
2.96757
3.71561
3.43695
4.69689
4.07205
15.2434
15.4341
12.4942
8.73376
19.0441
6.1723
26.0262
22.742
38.604
36.6933
34.7125
32.5173
29.3201
47.2088
43.5536
41.5775
61.4623
57.453
52.1288
56.8753
98.0578
85.0745
84.0033
75.2665
131.612
118.248
108.129
115.2
766.907
327.442
345.449
768.868
15610.7
2443.99
15599.7
15609.6
2461.78
15601.8
130.05
103.616
477.308
902.919
2531.95
205.133
497.582
102.587
216.581
180.431
85.8692
78.813
11.0593
11.8601
12.1938
12.3981
12.3211
11.6288
9.02805
4.79725
2.45065
1.76381
1.55686
1.47878
1.40149
1.35202
1.32703
1.30772
1.30815
1.3121
1.32455
1.34344
1.36255
1.38803
1.4132
1.43818
1.57005
1.53327
1.68315
1.64851
1.8476
1.79798
2.035
1.98401
2.25617
2.19686
2.38486
2.6917
2.52871
3.09363
2.87961
3.61251
3.3361
4.60388
3.97088
19.2731
19.7304
15.7703
12.2303
9.09253
23.0479
6.22226
26.432
39.5828
37.6653
35.7375
33.6429
30.0304
49.2733
45.0867
42.9594
66.5611
60.7536
54.9627
59.9477
104.801
95.0502
90.9764
82.9618
153.124
130.735
112.259
130.443
2438.93
752.606
360.854
760.045
2436.44
15590.3
15609
142.154
104.561
883.436
2527.18
15596.1
219.609
499.325
925.242
107.528
230.84
192.645
85.6787
78.499
10.7031
11.7346
11.8305
11.58
10.2957
7.08784
3.81388
2.17291
1.69307
1.53242
1.4524
1.37399
1.32526
1.29255
1.27051
1.26481
1.2642
1.27218
1.28594
1.30116
1.32243
1.3444
1.36716
1.39057
1.51337
1.47882
1.60929
1.58091
1.75263
1.70544
1.93147
1.88067
2.13816
2.08076
2.31935
2.60863
2.45561
2.98824
2.7855
3.48851
3.22028
4.52001
3.8438
23.6036
24.6572
20.6516
16.6195
12.9248
9.27674
27.0874
6.48986
9.74181
40.8961
39.0535
37.3014
35.3626
31.206
51.6649
46.8807
44.6654
72.8012
64.6805
58.1328
63.2821
109.159
100.125
94.6488
88.3671
154.117
129.087
157.035
15578.9
2415.92
766.396
368.933
2415.63
15570.2
140.812
109.852
2478.33
15599.4
216.4
491.718
920.914
2544.49
115.169
229.414
196.837
85.2715
78.8844
9.4832
10.6254
9.66393
7.79133
5.02277
2.92664
1.92981
1.6286
1.50151
1.42882
1.34846
1.30031
1.26289
1.23878
1.22765
1.22334
1.22706
1.23631
1.24829
1.26562
1.28408
1.30413
1.32535
1.34735
1.4598
1.42677
1.54805
1.52371
1.6647
1.62467
1.82781
1.77786
2.02405
1.96677
2.25385
2.19076
2.52559
2.3827
2.87961
2.69019
3.35995
3.09924
4.53087
3.72795
28.2317
30.0793
26.4579
22.3179
18.025
14.0957
7.24083
10.5762
11.6954
42.6772
40.9901
39.4866
37.7297
33.0287
54.4807
49.0104
46.8284
79.5631
69.5451
61.6266
67.0179
128.561
105.39
99.6615
91.2759
156.072
378.679
15583.9
2415.75
773.25
15621.8
178.876
116.844
15612.2
293.256
494.102
910.451
2536.73
15605.4
123.755
222.254
198.414
83.0987
79.9843
6.74331
6.9735
5.12398
3.46121
2.25609
1.75666
1.55957
1.47482
1.39315
1.32752
1.27703
1.2376
1.21175
1.19653
1.18898
1.18887
1.19425
1.20299
1.2169
1.23228
1.24968
1.26815
1.28724
1.30398
1.4102
1.38414
1.49269
1.46747
1.59198
1.56052
1.72822
1.68318
1.90994
1.85434
2.12694
2.06305
2.31288
2.44599
2.77307
2.59805
3.2329
2.9794
4.53558
3.6182
35.5337
32.6392
28.984
24.6544
20.1121
15.7735
7.60108
12.8759
13.9876
17.6426
44.9381
43.4752
42.2077
40.5962
57.8037
51.5874
49.4561
84.5095
75.2333
65.4344
71.3857
155.141
126.507
111.946
95.6638
378.408
774.469
15612.9
2422.19
193.426
117.01
485.805
902.993
2505.7
15605.8
134.169
219.362
202.267
80.3616
83.211
3.62143
3.3633
2.38787
1.87491
1.60652
1.50669
1.43437
1.36674
1.30036
1.25533
1.21596
1.1889
1.17103
1.16073
1.15745
1.15953
1.16536
1.17599
1.18835
1.20363
1.21952
1.23644
1.25197
1.36606
1.26706
1.43573
1.4105
1.53443
1.50707
1.63968
1.60198
1.80172
1.75171
1.99818
1.93599
2.24235
2.17129
2.36623
2.66577
2.50576
3.09669
2.85654
4.3859
3.47714
38.4639
35.5995
31.8787
27.3901
22.488
7.33002
14.5229
14.5819
19.3796
20.711
24.773
47.706
46.3903
45.2541
43.6168
61.6747
54.6696
52.5549
87.6306
80.5028
69.5829
76.0455
380.884
152.163
132.26
105.557
770.169
2426.2
15594.3
194.669
485.129
110.978
907.523
2492.74
15603
143.662
222.43
206.435
78.1765
86.4941
2.00655
1.87445
1.60261
1.52116
1.44316
1.39682
1.33146
1.28204
1.23196
1.19595
1.16868
1.14953
1.13745
1.13174
1.13126
1.13456
1.1426
1.15232
1.16511
1.17886
1.19405
1.20909
1.22391
1.31945
1.42674
1.39795
1.23747
1.48268
1.45475
1.56615
1.53587
1.70452
1.66007
1.8763
1.8211
2.0993
2.0297
2.28652
2.55965
2.4144
2.95137
2.73343
4.02504
3.28768
41.4256
38.4814
34.681
30.0274
6.20102
14.1684
13.2025
21.2385
21.1766
26.5789
27.6945
32.16
50.8896
49.594
48.3343
46.5
65.9811
58.2508
56.1012
91.3448
84.4127
73.92
80.391
770.411
377.267
159.409
154.548
125.377
2418.52
15586.5
193.755
469.052
902.696
101.664
2493.02
15602.1
154.075
237.346
212.106
75.8325
91.6169
1.48081
1.49462
1.4147
1.4051
1.34508
1.30356
1.25283
1.21533
1.17781
1.15043
1.13043
1.11654
1.10905
1.10675
1.1084
1.11415
1.12231
1.13333
1.145
1.15884
1.17304
1.18735
1.20056
1.28123
1.38007
1.35289
1.46021
1.43455
1.2122
1.50824
1.485
1.61785
1.5783
1.76842
1.72009
1.96316
1.90087
2.20654
2.12966
2.45497
2.32391
2.79967
2.61046
3.55346
3.06782
44.0604
40.9439
37.005
4.73562
11.7884
10.0119
20.4986
19.1038
27.9064
27.6274
33.6002
34.1468
38.6605
54.3603
52.8723
51.282
49.0405
70.5434
62.3241
59.9643
98.2015
88.0957
78.1476
84.4741
2428.02
772.828
369.475
370.928
146.717
15592.5
196.697
476.76
886.226
2488.98
90.7744
15610.1
156.398
254.194
209.245
74.6775
95.6257
1.34119
1.37786
1.33218
1.31694
1.26838
1.23334
1.19094
1.16215
1.13395
1.11305
1.09737
1.08695
1.0821
1.08234
1.08691
1.09398
1.10428
1.11557
1.12857
1.14226
1.15591
1.16909
1.18176
1.33412
1.24771
1.40567
1.37937
1.48975
1.46763
1.19339
1.54361
1.51445
1.67309
1.62871
1.84144
1.78671
2.05661
1.98821
2.2377
2.35511
2.65362
2.4922
3.17384
2.86334
46.2348
42.8219
3.74237
8.23287
6.4502
17.1146
14.6789
26.5175
24.7823
34.0685
33.3048
39.5279
39.6368
44.0875
57.9693
56.0573
53.9436
51.163
75.0887
66.6968
63.9896
109.005
92.3274
82.1662
88.0525
15597.3
2451.89
736.059
359.346
753.477
152.474
158.927
465.918
912.636
2467.3
15600.8
83.3988
154.656
319.592
188.259
73.7486
98.0263
1.28843
1.30643
1.26374
1.2486
1.20749
1.1783
1.14426
1.11958
1.09847
1.08109
1.06891
1.06157
1.0585
1.05946
1.0649
1.07407
1.0852
1.09901
1.11302
1.12728
1.14104
1.15491
1.1674
1.29063
1.39231
1.3616
1.22232
1.44586
1.42114
1.51537
1.48769
1.17782
1.58641
1.54892
1.73507
1.68706
1.92175
1.85928
2.15754
2.08367
2.26414
2.52948
2.38695
2.94351
2.70601
47.8894
3.33098
5.18361
4.29168
11.9467
9.2314
22.3793
19.4872
31.7963
29.6752
39.2955
38.0494
44.5813
44.5476
49.0154
61.5352
59.0448
56.1997
52.8195
79.2805
71.0612
67.9088
126.495
98.205
85.5274
91.6211
15575.9
2391.41
731.662
360.881
2444.98
132.137
224.641
894.68
456.043
2544.66
15598.7
78.8546
144.008
487.499
222.671
72.7176
98.8456
1.23895
1.24684
1.20934
1.19203
1.15871
1.13557
1.10932
1.09031
1.07503
1.06337
1.05504
1.04986
1.04763
1.04846
1.05277
1.0601
1.07041
1.08358
1.09815
1.11316
1.12816
1.14204
1.15408
1.25616
1.34445
1.31708
1.42395
1.3966
1.20212
1.46565
1.44555
1.55873
1.52178
1.16587
1.64157
1.59887
1.80011
1.7459
2.01235
1.94358
2.18219
2.42201
2.29379
2.79371
2.58055
3.12253
3.92011
3.75615
6.8592
5.11513
16.2102
12.8002
26.9511
23.7217
36.1655
33.6396
43.8521
42.3415
49.4269
49.3656
54.0009
64.9017
61.6457
57.9998
82.9075
75.1652
71.5306
145.95
106.353
88.3795
95.1634
15614.1
2391.32
733.682
349.946
15636.3
223.948
116.74
2498.97
871.131
498.198
15598.6
75.4552
145.806
341.391
469.703
72.738
100.048
1.19975
1.19908
1.16696
1.15073
1.12547
1.10774
1.09064
1.07585
1.06405
1.05533
1.04927
1.04555
1.04384
1.04422
1.04736
1.05351
1.06185
1.07285
1.08587
1.10071
1.11533
1.12905
1.14271
1.29769
1.22841
1.36756
1.34354
1.44832
1.42665
1.18797
1.49273
1.46885
1.60435
1.561
1.15282
1.6958
1.64846
1.87794
1.81672
2.10584
2.0311
2.33437
2.21178
2.68601
2.48521
3.68433
2.99242
4.35305
3.96678
9.60442
6.98269
20.0971
16.2201
30.5751
27.0672
40.0334
37.076
48.5596
46.8488
54.545
54.5677
59.3345
67.8398
63.8079
85.7948
78.7231
74.626
148.974
116.944
90.8987
98.7822
15614.6
2407.95
731.568
353.93
217.665
105.185
15600.6
2460.87
929.246
493.593
73.2695
168.142
39.3784
270.02
73.2348
107.045
1.16833
1.16323
1.14046
1.12585
1.10871
1.09384
1.08013
1.06834
1.05887
1.0517
1.04698
1.04437
1.04316
1.04345
1.04595
1.05127
1.0582
1.06766
1.07875
1.09101
1.10408
1.11795
1.12979
1.25956
1.34836
1.3219
1.20981
1.40242
1.37857
1.46835
1.44591
1.17442
1.52491
1.49508
1.6573
1.60761
1.14047
1.76112
1.70669
1.96021
1.89272
2.13006
2.24551
2.5713
2.38804
3.44217
3.95736
4.15188
2.83639
5.324
4.56653
12.3776
8.96061
23.2192
19.1281
33.5435
29.6509
44.1768
40.68
53.8909
52.2809
60.2259
60.4197
65.4758
70.3268
88.0614
81.6182
77.1937
160.123
134.23
93.1754
103.298
15614.6
2435.24
717.931
342.456
201.597
95.3748
15609.5
2562.1
919.083
496.553
72.0261
254.954
35.9951
108.788
75.4937
128.293
1.14584
1.14148
1.1247
1.11287
1.09819
1.08666
1.0759
1.06588
1.05783
1.05105
1.04667
1.04442
1.04405
1.04557
1.048
1.05169
1.05745
1.06586
1.07562
1.08628
1.09757
1.10853
1.11949
1.29863
1.23286
1.37428
1.34847
1.19504
1.41991
1.40287
1.49701
1.47452
1.16138
1.56401
1.53127
1.7165
1.66095
1.12938
1.83316
1.77217
2.05304
1.9774
2.16048
2.44734
2.29047
3.84507
3.24617
3.80305
4.22385
4.59731
2.67299
6.41348
5.22199
14.9999
11.1884
25.5264
21.2664
36.5013
31.9812
49.4567
45.388
60.1681
58.7599
66.7052
67.2497
72.3059
89.7692
83.8692
79.2365
155.399
95.3756
107.167
15590.8
2370.2
720.553
346.9
201.795
86.5765
15601
2534.08
926.255
487.04
71.8651
206.887
6.61089
43.2622
78.9175
164.817
1.12946
1.12673
1.11195
1.10302
1.09138
1.08072
1.07207
1.06432
1.05768
1.05187
1.04811
1.04696
1.04764
1.04943
1.05262
1.05758
1.06278
1.06848
1.0752
1.08462
1.09462
1.10415
1.11347
1.2614
1.34902
1.31938
1.2136
1.40117
1.38375
1.18147
1.44174
1.42569
1.52316
1.5008
1.14879
1.60422
1.56823
1.78402
1.72966
1.12146
1.91267
1.84669
2.07497
2.34601
2.1983
3.98007
3.01706
3.81555
3.87723
5.07081
5.54985
2.53163
8.13441
6.38391
16.9965
12.9971
27.3693
22.8633
40.353
34.865
56.2006
52.0879
67.2347
66.3825
73.7856
74.7753
91.3226
85.6221
80.8126
156.429
97.3643
110.623
15593.3
2394.1
722.298
349.492
160.869
81.1268
15598.9
2541.01
915.868
496.13
71.9767
129.718
1.60425
11.1773
93.5347
147.724
1.11557
1.11257
1.0999
1.09157
1.08398
1.07697
1.07061
1.06408
1.05922
1.05562
1.05371
1.05359
1.05453
1.05682
1.06041
1.06436
1.06924
1.07523
1.08172
1.08784
1.09435
1.10262
1.11101
1.29901
1.23159
1.37593
1.34197
1.20097
1.41393
1.40068
1.16642
1.46236
1.44143
1.5595
1.53221
1.13858
1.65776
1.61755
1.84874
1.80009
1.11769
1.99875
1.92713
2.23097
2.10436
4.75937
3.46777
2.80755
4.14723
4.01204
4.42192
5.85723
6.43056
2.39217
9.64872
7.43431
18.4667
14.4569
29.355
24.2686
46.3986
39.4924
64.2783
60.6381
74.9746
74.7833
82.0053
92.6651
87.0835
168.709
98.9784
112.996
15589.9
2395.38
725.529
349.917
231.858
127.319
77.1583
15601.3
2517.12
909.836
521.969
73.5136
55.9086
1.11052
2.70956
124.54
104.806
1.10318
1.09929
1.09072
1.08566
1.08127
1.07617
1.07206
1.06977
1.06899
1.06786
1.06698
1.06671
1.06748
1.06915
1.07124
1.0744
1.07874
1.08379
1.08885
1.09468
1.10109
1.10632
1.1112
1.25436
1.34695
1.31184
1.21711
1.39908
1.37093
1.18393
1.43315
1.41588
1.1563
1.49173
1.46892
1.60089
1.56306
1.12798
1.7179
1.67479
1.92517
1.87181
1.11683
2.02955
2.15251
5.5004
3.24573
3.89636
3.78626
2.60867
4.81499
4.46488
5.18049
7.17122
7.84874
2.29046
11.2009
8.97913
19.5428
15.4195
32.3176
25.9446
55.1831
47.7295
73.3952
70.791
82.6039
82.7359
88.3137
93.9179
168.231
100.484
114.773
15591.9
2406.85
723.641
353.139
217.318
106.362
74.2383
15603.2
2507.22
940.885
508.86
81.7964
15.594
1.0366
1.33413
117.884
54.3099
1.09591
1.09216
1.08775
1.08438
1.08281
1.08369
1.08647
1.08906
1.09083
1.09198
1.0923
1.09162
1.09015
1.08958
1.09007
1.09118
1.09342
1.09599
1.09975
1.10431
1.10824
1.11246
1.11747
1.28856
1.22991
1.36538
1.33724
1.20215
1.41131
1.38445
1.1703
1.45537
1.4266
1.14442
1.51511
1.4922
1.66853
1.61207
1.12321
1.7833
1.73463
2.02877
1.95136
1.12165
6.6366
3.69209
2.92072
4.16611
3.93364
2.44727
5.84439
5.44129
6.24832
8.23979
8.97669
2.16912
12.2446
10.1495
20.473
16.1106
38.4777
29.2861
66.3487
59.6881
82.5348
81.1589
89.2941
89.9964
95.0898
168.791
101.918
115.615
15588.9
2399.32
733.339
353.482
206.734
90.1357
73.9116
15609.6
2531.86
928.126
508.734
102.501
4.47318
1.05975
1.24793
97.7315
20.6459
1.09385
1.09066
1.09188
1.09375
1.10001
1.10663
1.11297
1.11817
1.12266
1.12587
1.12784
1.12868
1.12827
1.12636
1.12293
1.11916
1.11777
1.1173
1.11769
1.11863
1.12064
1.12342
1.12579
1.24601
1.33458
1.2978
1.21649
1.38074
1.3565
1.18462
1.42766
1.40485
1.15981
1.48337
1.44541
1.13326
1.54691
1.51504
1.72342
1.67407
1.12159
1.85183
1.77965
2.05937
1.12794
7.56216
3.30677
3.87212
4.12766
2.69873
4.99496
4.5449
2.30199
6.6317
6.24609
7.06972
9.56815
10.4047
13.213
11.5052
22.0671
16.8038
50.0376
38.0164
78.5445
73.9918
90.3056
90.3924
96.2619
160.994
103.4
116.903
15571.2
2427.87
738.661
334.376
159.245
80.7889
77.3747
15596.3
2522.83
926.941
208.706
499.613
101.352
2.0134
1.08867
1.31819
61.1382
7.20332
1.10197
1.10045
1.11142
1.12015
1.12893
1.1373
1.1456
1.15321
1.15972
1.16498
1.16897
1.17162
1.17256
1.17227
1.17041
1.16583
1.15985
1.15314
1.14752
1.14527
1.14353
1.14198
1.14134
1.27075
1.22564
1.34366
1.32443
1.20055
1.3968
1.36636
1.17084
1.43506
1.41701
1.14871
1.50805
1.45973
1.1274
1.59462
1.53786
1.76431
1.72489
1.12476
1.95131
1.84424
2.1858
1.14141
8.7089
3.6758
3.04055
3.46941
4.4243
4.92022
2.44742
5.8372
5.42237
7.42017
6.90912
8.04349
10.8987
11.972
14.0884
12.934
26.5559
18.7242
66.4397
54.591
89.9928
88.3996
97.3111
98.3952
163.004
104.827
118.078
15595.2
2481.31
690.564
344.115
117.364
76.7717
89.2355
15595.1
2507.51
919.407
201.505
494.876
93.2605
1.59011
1.06832
1.3691
26.9292
2.89004
1.12425
1.12581
1.13833
1.14842
1.15915
1.16949
1.17962
1.18901
1.19747
1.20472
1.21048
1.21468
1.2174
1.21887
1.21818
1.21591
1.21232
1.20704
1.19994
1.19125
1.18319
1.1768
1.17217
1.23686
1.30848
1.27436
1.21204
1.35818
1.33745
1.18296
1.408
1.38675
1.1607
1.44617
1.42469
1.13663
1.53826
1.49181
1.12536
1.66073
1.57844
1.8179
1.75564
1.12973
2.0618
1.95207
2.31672
1.16984
9.94587
3.98701
2.68053
3.33227
3.62135
5.06884
5.53221
6.41856
5.97926
8.38059
7.64912
9.13562
12.9835
13.8252
15.8048
14.4206
39.1792
25.3271
85.0085
78.03
99.5527
100.772
106.316
162.087
118.936
15583.8
2334.65
716.065
350.512
92.1936
77.7021
92.1425
15607.5
2498.89
918.817
154.04
201.073
487.395
69.5177
1.6215
1.05855
1.32984
10.1925
1.99697
1.15233
1.15806
1.16828
1.17873
1.18986
1.20082
1.2117
1.22232
1.2323
1.24127
1.24884
1.25514
1.25959
1.26285
1.26526
1.26522
1.26333
1.25919
1.25317
1.24658
1.24036
1.23399
1.22795
1.25323
1.21817
1.32342
1.29111
1.1964
1.36973
1.35103
1.16848
1.41186
1.39513
1.15115
1.46818
1.43192
1.13004
1.56611
1.52276
1.12706
1.70691
1.62961
1.92535
1.80571
1.14164
2.1622
2.07817
2.47492
1.22283
11.992
4.68025
2.98958
3.67032
3.34856
4.13782
5.29657
5.81085
7.01579
6.3258
10.3036
9.34849
11.147
15.2936
15.7961
19.3689
16.8219
65.1302
46.9649
101.456
101.43
108.104
110.407
156.468
119.377
15550.7
2376.13
737.213
351.212
81.6812
82.393
89.5495
15597.2
2497.01
914.349
109.806
185.306
476.428
33.6507
1.65739
1.0636
1.27261
3.92513
1.86773
1.1699
1.17906
1.18925
1.19992
1.21103
1.22253
1.23406
1.24557
1.25682
1.26759
1.27745
1.28634
1.29397
1.30067
1.30554
1.3079
1.30847
1.30765
1.30528
1.30036
1.29419
1.28773
1.28171
1.2249
1.27732
1.25089
1.2056
1.33961
1.30379
1.17756
1.37528
1.3576
1.16093
1.41684
1.40026
1.13758
1.49584
1.44933
1.12801
1.60891
1.55152
1.13106
1.73857
1.67776
2.04492
1.9023
1.16818
2.251
2.15394
2.74265
1.27624
14.9519
4.9606
3.18056
3.02147
4.20183
3.77222
4.59543
5.59694
6.3955
8.3733
7.34034
13.4581
12.3689
14.3821
20.5577
21.6084
31.6275
25.254
97.9848
87.1255
113.275
116.693
120.873
146.278
15457.8
2423.36
751.459
326.155
79.95
88.0443
74.1172
15604.5
2495.98
905.974
88.7306
136.8
185.699
465.201
13.24
1.58997
1.04797
1.27927
2.32872
1.79196
1.17725
1.18886
1.1986
1.20965
1.22078
1.23265
1.24451
1.25647
1.26823
1.2798
1.29082
1.30126
1.31093
1.31969
1.32771
1.33383
1.33847
1.34157
1.3428
1.34162
1.33912
1.33554
1.33134
1.23314
1.21015
1.28563
1.26184
1.18791
1.34649
1.32068
1.16584
1.37977
1.35923
1.1503
1.42511
1.40453
1.13132
1.52218
1.4683
1.12865
1.64711
1.58644
1.14175
1.77908
1.70263
2.11221
2.00503
1.21908
2.38055
2.20104
2.92569
1.32687
20.1101
5.0609
3.34829
3.09616
4.38794
4.08479
4.76161
6.26679
7.67493
10.9181
9.27852
19.2743
18.0055
19.8321
33.7999
39.4081
67.7297
49.2633
120.345
121.144
122.485
124.686
144.332
15458
2508.03
708.158
327.174
81.5401
87.6926
39.9311
15594.8
2496.17
895.549
82.7428
97.3209
137.192
185.377
452.502
4.95057
1.49614
1.04189
1.24336
1.96423
1.68953
1.17829
1.19241
1.20139
1.21276
1.2238
1.236
1.24821
1.26058
1.2726
1.28439
1.29581
1.30693
1.31801
1.32811
1.33757
1.34557
1.35203
1.35704
1.36055
1.36179
1.36183
1.36132
1.3604
1.23801
1.21223
1.19551
1.30181
1.26906
1.17091
1.34816
1.32888
1.15879
1.38525
1.35981
1.13702
1.43544
1.40825
1.12941
1.55854
1.49376
1.13172
1.66582
1.61492
1.16738
1.87258
1.73642
2.13821
2.05076
1.27147
2.66077
2.30678
2.90128
3.05659
1.35925
31.1953
5.31687
3.72931
3.34147
4.47141
4.18401
4.89507
7.7819
10.5639
16.2335
13.4296
28.7155
27.1451
29.6028
62.1185
80.6145
117.965
100.37
128.108
132.425
138.924
136.936
15551.1
2403.14
712.919
321.476
86.3619
75.539
15.8057
15605.5
2486.1
889.626
83.2291
85.9398
99.3905
135.745
179.564
441.775
2.56172
1.44327
1.05277
1.18805
1.82788
1.56695
1.16152
1.1843
1.18715
1.20262
1.21177
1.2254
1.23781
1.25159
1.26498
1.2788
1.29282
1.30715
1.31979
1.33099
1.34085
1.3492
1.35603
1.36159
1.36593
1.36842
1.3701
1.37138
1.37247
1.213
1.27996
1.26016
1.22967
1.19902
1.17592
1.30887
1.16282
1.34606
1.33135
1.14584
1.38803
1.35898
1.13145
1.45246
1.41037
1.12932
1.58326
1.52486
1.14201
1.68789
1.62792
1.21651
1.95157
1.81654
2.22176
2.06921
1.32304
2.79309
2.53058
3.02094
3.29251
1.37316
53.7383
5.85969
3.86216
3.58586
4.60632
4.26959
5.1027
11.9287
16.9026
25.4306
21.5621
44.4368
40.6404
47.3887
112.687
129.189
136.354
137.381
136.49
135.245
307.808
15584.5
2404.67
721.992
87.0012
44.2062
5.794
15604.5
2487.86
882.533
86.5293
85.3174
87.5069
98.9993
132.434
175.446
425.534
2.02056
1.38625
1.03579
1.18424
1.73373
1.47798
1.12455
1.15443
1.14785
1.16694
1.17146
1.18757
1.20022
1.21867
1.2351
1.25313
1.27152
1.28887
1.30503
1.31936
1.33232
1.34374
1.35319
1.3604
1.36502
1.36826
1.37069
1.37256
1.37439
1.2123
1.19979
1.28965
1.26512
1.23646
1.18094
1.16463
1.31211
1.15329
1.34092
1.33168
1.1355
1.39189
1.35822
1.12938
1.47969
1.41956
1.13179
1.5952
1.54502
1.16743
1.7468
1.64114
1.26741
1.98497
1.88468
2.40666
2.13097
1.35816
2.96342
2.75415
2.62704
3.2056
3.39395
1.37581
92.4003
7.23499
3.91525
3.6654
4.72824
4.3419
5.47522
20.9648
27.8705
38.5557
34.1796
67.4396
59.4318
75.5123
142.493
143.693
135.824
142.41
306.283
146.033
709.252
15596.2
2447.59
75.7952
17.4864
2.8146
15605
2484.55
866.364
87.2956
87.7405
86.5531
87.9068
97.7493
129.664
169
415.652
1.87043
1.29165
1.03098
1.16306
1.60845
1.42539
1.06388
1.09863
1.08091
1.09456
1.09812
1.11301
1.12541
1.14473
1.16482
1.18848
1.21127
1.23595
1.25976
1.27985
1.29876
1.31555
1.32959
1.34019
1.34773
1.3535
1.35791
1.3613
1.36389
1.21016
1.19527
1.18386
1.29322
1.27145
1.24304
1.16529
1.15699
1.31274
1.13971
1.33282
1.32259
1.13106
1.39406
1.35877
1.12885
1.49717
1.42816
1.14244
1.60065
1.55616
1.21423
1.81176
1.66887
1.32018
1.99748
1.9141
2.49164
2.28002
1.37341
3.11594
2.9139
2.61466
2.82933
3.25476
3.43721
1.36564
132.047
11.4113
4.01978
3.70415
5.04826
4.36024
6.80212
34.3818
42.1297
54.8901
49.9167
96.7695
83.3086
115.392
144.757
139.741
135.899
139.057
264.69
713.176
2424.67
15572.5
45.8771
6.49728
2.11648
15604.7
2470.61
859.618
75.2569
87.8771
88.9969
87.1986
87.8579
96.5039
125.894
164.933
403.678
1.77751
1.23111
1.03155
1.11377
1.5027
1.36344
0.988639
1.01762
1.0038
1.01544
1.01871
1.03206
1.04311
1.05983
1.07488
1.09353
1.11404
1.1379
1.16462
1.1925
1.21913
1.24363
1.26569
1.28309
1.29488
1.30451
1.31182
1.31735
1.32147
1.20992
1.18984
1.24564
1.18492
1.16537
1.29461
1.27234
1.1582
1.14366
1.30302
1.1337
1.32827
1.31377
1.12838
1.39793
1.36427
1.13154
1.51044
1.44195
1.16773
1.60712
1.55991
1.26462
1.84217
1.71753
1.35694
2.03659
1.9244
2.71687
2.49722
2.76778
2.35578
1.37662
3.14405
3.02709
2.95201
3.26715
3.51077
1.32365
144.385
21.723
4.05976
3.80188
6.09735
4.59256
10.3913
49.4049
57.6821
73.2745
67.3443
125.738
111.972
137.191
139.512
140.059
294.17
297.458
647.769
2459.78
15590.4
18.3729
3.07304
1.92476
15603.8
2479.31
841.543
45.6219
74.8194
88.2746
89.5364
87.4476
87.5268
94.6347
121.431
154.643
405.613
1.65903
1.19359
1.05811
1.43261
1.29447
0.919091
0.941079
0.932662
0.944515
0.948897
0.961675
0.971453
0.985173
0.998547
1.01647
1.03557
1.05626
1.07605
1.09429
1.11201
1.12953
1.14775
1.16605
1.18293
1.19691
1.20751
1.21551
1.2211
1.18369
1.24979
1.25016
1.22742
1.19313
1.17951
1.16454
1.15735
1.28523
1.2696
1.1464
1.13497
1.29501
1.12881
1.32396
1.30675
1.12771
1.39941
1.36665
1.1423
1.51551
1.44866
1.21271
1.62438
1.55869
1.31787
1.85145
1.7565
1.37318
2.13805
1.9361
2.81595
2.88229
2.65128
2.50301
1.36624
3.14555
3.05298
2.98643
3.35255
3.62691
1.22305
139.612
36.6085
4.05988
3.8407
8.88296
5.38618
19.3581
63.8916
73.6474
93.7742
85.0621
135.827
128.752
140.948
300.781
270.397
698.284
702.578
2351
15594.5
7.02343
2.20603
1.82011
15601.8
2460.79
843.101
18.8358
45.4561
74.4433
88.0933
89.6682
87.7752
87.3224
92.582
123.935
117.756
399.482
1.55983
1.15926
1.02516
1.12413
1.40644
1.19408
0.873539
0.891534
0.886926
0.897867
0.902305
0.913862
0.923001
0.936995
0.950403
0.965601
0.980709
0.994491
1.00739
1.02068
1.03412
1.0472
1.05979
1.07048
1.07915
1.08492
1.08883
1.09156
1.09289
1.17636
1.17183
1.26301
1.24505
1.22268
1.19556
1.16428
1.15392
1.14753
1.28079
1.13554
1.13019
1.28647
1.1264
1.32186
1.29709
1.13068
1.39972
1.36897
1.16807
1.51614
1.45392
1.26294
1.65575
1.55695
1.35589
1.84908
1.77051
1.37674
2.21723
1.98429
2.91767
2.86254
2.73173
2.79581
2.73166
2.4938
1.32371
3.22081
3.05817
2.99891
3.50621
3.70575
1.09146
139.215
51.9167
4.24717
3.8603
14.5664
7.29759
33.9885
77.9099
90.2041
115.497
103.5
133.205
133.353
136.902
707.045
296.067
656.415
2435.02
2412.7
15592.7
3.27383
1.96779
1.69775
15609.3
2464.66
831.976
7.40257
19.0178
45.4708
73.4979
86.7503
89.8039
87.8609
87.5056
94.9557
178.569
99.3732
380.913
1.49286
1.13708
1.02806
1.16072
1.28475
0.84433
0.85916
0.857645
0.868439
0.872427
0.882701
0.891811
0.904489
0.916142
0.929189
0.941714
0.953812
0.965313
0.976352
0.985918
0.993796
0.999903
1.00506
1.00826
1.0102
1.01127
1.01192
1.01205
1.16642
1.16188
1.15962
1.26553
1.24968
1.23561
1.22208
1.19685
1.14964
1.14718
1.13548
1.13055
1.12557
1.27222
1.12603
1.32243
1.29002
1.14169
1.39611
1.3679
1.21202
1.50505
1.45572
1.31648
1.67407
1.55605
1.37279
1.85596
1.77115
1.36601
2.32503
2.05512
2.94926
2.88991
2.82967
2.7223
2.59563
1.22057
3.38361
3.1151
3.03904
3.62855
3.7646
1.01066
66.2138
4.78565
4.03249
26.2881
10.9073
49.0163
92.5429
108.331
124.923
117.171
131.289
131.481
149.259
2438.27
690.861
316.106
2367.86
15595.5
15593.2
2.26869
1.86017
1.6586
15605.7
2459.95
812.209
3.39037
7.49736
18.8306
45.1039
70.3934
85.2609
89.1322
88.3461
89.2133
121.062
89.4729
152.74
405.982
1.34473
1.22225
1.07004
1.20555
1.01084
1.23917
0.822389
0.831752
0.831536
0.842068
0.847018
0.857465
0.866017
0.878238
0.890669
0.904005
0.91733
0.928929
0.938584
0.946714
0.952214
0.956128
0.959818
0.962513
0.964398
0.965475
0.965958
0.966627
0.96767
1.15975
1.15173
1.19388
1.15343
1.14487
1.25524
1.24037
1.22538
1.20715
1.14304
1.1342
1.12966
1.12465
1.12407
1.26528
1.1292
1.32011
1.28714
1.1688
1.39031
1.36135
1.26211
1.4932
1.45268
1.35543
1.68094
1.55963
1.37656
1.86761
1.75418
1.32198
2.3979
2.15481
2.96116
2.89593
2.83567
2.76655
2.63585
1.08674
3.57561
3.25002
3.12117
3.73994
3.94092
0.967659
79.9131
5.9912
4.42237
41.0194
17.177
63.4929
109.027
117.487
126.652
121.496
332.573
137.731
15617.2
2376.03
720.777
15617.1
1.99256
1.77543
1.46959
15618.9
2445.35
836.474
2.28772
3.36865
7.27216
17.7814
41.8611
66.4104
82.5526
86.7951
89.1991
92.8248
89.5932
114.016
128.549
396.512
1.28271
1.25188
1.17331
1.04418
1.23691
1.00792
0.804919
0.808933
0.808726
0.819538
0.828071
0.840944
0.852275
0.865705
0.878437
0.890335
0.901391
0.911108
0.919061
0.9246
0.927364
0.930076
0.932356
0.933775
0.934722
0.9352
0.935454
0.936875
0.938283
1.15086
1.14067
1.19142
1.18349
1.14351
1.13891
1.13797
1.24315
1.22346
1.2074
1.20049
1.13238
1.12749
1.12303
1.12216
1.12374
1.25237
1.1411
1.31501
1.28016
1.21194
1.38185
1.35163
1.31657
1.4796
1.44213
1.37268
1.66989
1.56387
1.36541
1.90369
1.73977
1.21457
2.54137
2.33901
2.66298
2.21218
3.03514
2.95803
2.88653
2.77712
1.00788
3.74607
3.48613
3.37874
3.9093
4.24227
0.938821
94.7407
8.31788
5.17695
55.6437
28.7305
77.9738
116.501
119.601
127.269
121.392
330.904
737.259
15638.9
2410.71
1.94779
1.58432
1.37561
15629.7
2450.16
826.72
2.08186
2.38286
3.35747
6.72952
16.1745
35.8206
61.4232
76.1141
84.1366
89.281
88.4674
91.9167
124.53
98.3719
381.54
1.31691
1.0789
1.20719
1.22487
1.02225
1.2934
1.00312
0.797572
0.799877
0.799827
0.810478
0.820578
0.834505
0.84701
0.860654
0.873159
0.883733
0.891966
0.899338
0.904811
0.90709
0.908347
0.909817
0.910342
0.910642
0.911232
0.911489
0.912593
0.914493
0.916784
1.1374
1.12941
1.17152
1.16316
1.13327
1.18295
1.13162
1.13194
1.12794
1.22737
1.20976
1.19863
1.12447
1.12101
1.11957
1.12118
1.12749
1.24374
1.16961
1.30835
1.27762
1.26284
1.37279
1.33651
1.35595
1.46568
1.42485
1.37651
1.63761
1.56304
1.31917
1.95538
1.72797
1.08074
2.52074
2.67289
2.37121
2.22447
3.21687
3.05895
2.90893
2.79103
0.966433
3.91456
3.74823
3.65632
4.15783
4.78512
0.918996
110.051
12.3012
6.62312
71.6218
43.1106
94.9188
117.946
118.834
140.677
125.139
341.83
717.645
2446.91
15616.4
1.73611
1.44271
15611.8
2466.44
815.919
1.91734
2.06925
2.3465
3.14742
5.78398
12.8451
29.3491
50.752
67.788
89.5006
78.2896
90.1956
163.153
99.8797
92.0378
393.489
1.36248
1.16071
1.04679
1.25771
1.28641
1.00955
1.34216
1.00043
0.796196
0.797883
0.797985
0.808017
0.818701
0.832851
0.845871
0.859477
0.871686
0.881416
0.887437
0.891119
0.892564
0.89228
0.89193
0.891941
0.891854
0.892237
0.892726
0.893837
0.895723
0.898757
0.901711
1.12084
1.11706
1.14834
1.13969
1.12212
1.17266
1.15804
1.12253
1.17877
1.12465
1.12309
1.12065
1.21784
1.1983
1.11792
1.11623
1.1181
1.12104
1.14069
1.23943
1.21292
1.29308
1.26621
1.31845
1.35949
1.32163
1.37322
1.44732
1.40282
1.36479
1.61918
1.54014
1.20674
1.97511
1.72116
1.00455
2.67537
2.55121
2.38451
2.38209
2.29276
2.14297
3.46148
3.21727
3.03074
2.85192
0.940097
4.10067
3.87659
3.82216
4.55811
5.78949
0.903205
116.624
18.8538
9.25421
91.5604
60.1207
111.089
117.786
123.909
138.189
739.005
337.415
2390.95
15576.5
1.57745
15590.5
2442.24
813.162
1.68942
1.87177
2.03659
2.26775
2.86285
4.64933
9.61563
20.8821
38.7561
85.2378
53.8694
87.464
115.794
91.9473
90.2128
126.641
389.388
1.46538
1.20217
1.07886
1.19552
1.02313
1.28956
1.32379
1.00252
1.404
0.999036
0.801049
0.800713
0.802347
0.811194
0.822838
0.837076
0.851344
0.864181
0.874341
0.881438
0.885666
0.885137
0.883106
0.880235
0.878362
0.877612
0.877679
0.877873
0.87884
0.880975
0.883869
0.886901
0.889487
1.10206
1.10416
1.12441
1.11663
1.11084
1.14192
1.13089
1.11282
1.1694
1.15095
1.11652
1.18101
1.11668
1.11551
1.11398
1.20521
1.11277
1.11404
1.11772
1.12582
1.17076
1.22846
1.26503
1.27999
1.25615
1.35773
1.33845
1.30615
1.37684
1.42781
1.38112
1.31546
1.58196
1.52093
1.07342
2.16194
1.98232
1.70722
0.966595
2.7047
2.55323
2.38028
2.23739
3.72119
3.50391
3.20538
2.93027
0.919907
4.46666
4.07159
4.01861
5.34288
7.64933
0.892878
117.744
29.9868
13.8623
110.685
81.9878
117.712
123.563
136.933
2437.6
726.596
337.702
15597.8
15600.5
2420.5
815.672
1.53646
1.68356
1.81061
1.97965
2.16956
2.55284
3.63778
6.50138
13.5813
68.368
25.4898
76.774
93.1629
91.4171
82.0893
121.585
97.6391
376.889
1.25903
1.13494
1.03875
1.2284
1.00854
1.35796
1.40561
0.998653
1.49699
0.998838
0.817235
0.81316
0.81676
0.829194
0.843891
0.859028
0.871832
0.880745
0.88579
0.887471
0.885478
0.881939
0.876711
0.871348
0.867428
0.866387
0.866169
0.866382
0.86858
0.871431
0.874177
0.877591
0.88229
1.08277
1.09004
1.10062
1.09315
1.09889
1.1135
1.10438
1.10271
1.14184
1.12681
1.1071
1.17256
1.15716
1.10951
1.19485
1.1099
1.10938
1.10866
1.1096
1.11332
1.11841
1.14066
1.21499
1.22334
1.32169
1.26017
1.24212
1.37447
1.31661
1.28579
1.36412
1.40506
1.35595
1.19576
1.54943
1.48642
1.00194
2.15875
1.95209
2.09961
1.69929
0.940668
2.71068
2.5634
2.37032
2.22368
3.88732
3.63104
3.33708
3.02752
0.905719
5.03001
4.34656
4.16247
6.71546
11.0417
0.888016
118.038
46.0975
21.4187
118.443
105.901
118.594
135.039
15594.4
2399.82
728.942
333.554
15595.5
2478.59
804.138
1.56702
1.72469
1.81845
2.00343
2.17166
2.42566
2.92648
4.46488
38.2177
7.95054
51.8516
91.7212
86.8636
61.5501
97.9809
159.776
92.4115
384.743
1.29889
1.07334
1.16918
1.19586
1.01602
1.26946
0.999894
1.3998
1.45679
0.995924
0.998598
0.853117
0.846099
0.849997
0.868712
0.886562
0.901249
0.908277
0.907377
0.901112
0.893134
0.885909
0.878273
0.871065
0.864122
0.858995
0.857149
0.856563
0.85776
0.860621
0.863611
0.867287
0.872798
0.879023
1.06298
1.07553
1.07685
1.06918
1.08632
1.08895
1.08076
1.09237
1.11628
1.10633
1.0975
1.15018
1.13762
1.10127
1.18918
1.17675
1.103
1.10384
1.10402
1.10478
1.10826
1.11345
1.12442
1.17208
1.26812
1.20764
1.36024
1.24419
1.2246
1.37742
1.29343
1.26648
1.30998
1.37851
1.32995
1.06512
1.51318
1.44609
0.966299
2.0204
1.93195
2.07361
1.84132
2.17459
1.68694
0.921872
2.76411
2.56497
2.36286
3.97463
3.78612
3.47827
3.14434
0.898259
6.09105
4.74028
4.45702
9.45897
17.289
0.885898
123.291
67.4367
34.3701
119.362
116.76
118.721
15588.1
2401.21
733.38
330.44
15589.1
2437.49
801.344
1.5764
1.65107
1.80169
1.93322
2.10444
2.28485
2.56378
14.026
3.16363
23.2621
88.9236
70.4657
33.1
113.836
92.0253
90.9298
119.944
377.597
1.35887
1.10911
1.03701
1.19681
1.22687
1.00307
1.30947
0.995627
1.48914
0.995821
0.998614
0.919479
0.917245
0.920438
0.953824
0.974235
0.98368
0.976157
0.953846
0.927147
0.904473
0.88727
0.874497
0.865001
0.857546
0.851357
0.849107
0.849034
0.851242
0.854759
0.858658
0.864117
0.870814
0.877883
1.04377
1.05997
1.05516
1.04856
1.07304
1.06797
1.06137
1.08161
1.09466
1.0882
1.08748
1.13145
1.11846
1.0925
1.17008
1.15296
1.09559
1.19646
1.09772
1.09877
1.09975
1.10291
1.10789
1.11559
1.14056
1.21811
1.32577
1.3758
1.2229
1.20935
1.36262
1.26734
1.24213
1.18044
1.34363
1.30207
0.999264
1.47425
1.40653
0.941587
1.97463
2.10997
1.86066
2.15659
1.84301
2.35437
1.65159
0.910085
2.78806
2.55615
4.16918
3.84525
3.52102
3.18643
0.89457
8.26083
5.56094
4.98377
14.6399
27.8179
0.885453
131.961
92.974
53.5157
118.854
119.23
122.901
15595.6
2413.26
732.358
329.667
15597.5
2423.43
794.64
1.55869
1.66221
1.77078
1.92089
2.03671
2.2216
4.46555
2.38892
7.04841
76.7577
42.3508
11.4381
93.0753
91.731
81.6539
122.8
94.3276
379.578
1.42572
1.17516
1.05498
1.01351
1.22979
1.2711
0.997052
1.36203
0.993566
0.99674
0.99894
1.02317
1.05283
1.04298
1.09537
1.12198
1.12305
1.09027
1.02915
0.967526
0.92019
0.889954
0.871065
0.859073
0.849755
0.843875
0.842359
0.843668
0.847207
0.851485
0.856502
0.863037
0.87041
0.878765
1.02597
1.04397
1.03854
1.03375
1.05919
1.05027
1.04487
1.06992
1.07644
1.07
1.07754
1.10925
1.09561
1.08329
1.14355
1.1242
1.08742
1.179
1.16339
1.09071
1.0929
1.09458
1.09722
1.10219
1.10879
1.1228
1.17397
1.27253
1.36317
1.3777
1.20302
1.18859
1.30127
1.24233
1.22042
1.0566
1.30839
1.27077
0.965306
1.43309
1.36463
0.924497
1.93369
2.08827
2.33097
1.82899
2.35015
1.77984
2.55725
1.59198
1.74653
0.903951
2.85424
4.3801
3.8988
3.52396
3.21345
0.893172
12.4677
7.14165
5.89772
23.9084
44.5136
0.888971
108.881
75.7551
119.452
118.129
129.706
15613.8
2421.39
734.611
319.072
15582.2
2435.45
799.881
1.50107
1.58521
1.69803
1.80564
1.92622
2.6377
2.07325
3.07212
51.1042
17.1388
3.81613
92.1695
85.4816
58.6614
126.914
95.1386
92.2794
373.644
1.09969
1.25776
1.20931
1.22148
1.02505
1.00073
1.31374
0.994111
1.42004
0.993947
0.997656
0.999509
1.15565
1.22961
1.21734
1.26847
1.29232
1.2809
1.23024
1.13372
1.02035
0.940156
0.89207
0.866606
0.851374
0.842694
0.838066
0.83802
0.840873
0.845202
0.850214
0.855961
0.863878
0.87382
0.884891
1.02732
1.01695
1.02835
1.0445
1.03657
1.03272
1.05744
1.05777
1.05156
1.06696
1.08366
1.07126
1.07382
1.11368
1.09452
1.07896
1.1464
1.12845
1.08317
1.17222
1.08653
1.08883
1.09145
1.0961
1.10209
1.11258
1.14069
1.22252
1.33049
1.37748
1.35935
1.18134
1.16215
1.21309
1.19435
0.995284
1.27049
1.23673
0.942528
1.38262
1.32121
0.914537
2.06367
1.89894
2.32418
2.53838
1.76852
2.54704
2.87519
1.52172
1.69645
1.65868
0.901044
4.85643
4.07866
3.5378
3.19361
0.893737
20.1546
10.2524
7.88612
38.4912
63.0797
0.895861
114.787
94.8701
123.054
116.42
132.655
15622.3
2422.69
725.321
328.336
15590.3
2448.79
789.089
1.48491
1.56445
1.65756
1.7434
2.19431
1.86338
2.37196
23.4834
5.30716
2.51583
87.7508
65.1622
30.3611
130.205
94.9544
92.1414
89.2269
370.847
1.04955
1.1323
1.30314
1.22629
1.24618
1.01178
0.996316
1.36824
0.994088
0.995702
0.998587
0.999973
1.31141
1.41905
1.41363
1.44884
1.45468
1.4154
1.34112
1.23216
1.08166
0.959435
0.892214
0.860244
0.84468
0.837258
0.834552
0.835872
0.839595
0.844516
0.850182
0.858751
0.8698
0.880516
0.892071
1.01167
1.02698
1.02294
1.00462
1.01598
1.0299
1.04402
1.04103
1.03585
1.05564
1.05969
1.04974
1.06397
1.08391
1.06784
1.07014
1.11317
1.09473
1.07507
1.1506
1.13376
1.07938
1.08274
1.08565
1.08991
1.09581
1.10444
1.12137
1.17655
1.27808
1.36647
1.37821
1.28821
1.15935
1.04789
1.18554
1.17125
0.964564
1.23272
1.20352
0.927035
1.33291
1.27437
0.9097
2.27777
2.02822
1.85812
2.51063
2.87706
1.74002
2.88228
1.44836
1.61479
1.5778
1.68545
0.900312
5.79203
4.36985
3.58712
3.16071
0.899764
32.4333
16.1521
11.4364
54.5477
79.5569
0.904862
115.373
103.892
131.67
115.752
15570.3
2398.87
742.079
314.131
15591.7
2425.03
786.063
1.42291
1.50089
1.5664
1.9518
1.65756
2.08286
7.3358
2.7614
2.17889
70.2693
36.8986
10.334
132.275
94.2681
91.6994
90.1372
74.2476
366.494
1.07597
1.02213
1.2067
1.3512
1.25892
1.28485
1.00258
0.995423
0.995879
0.997772
0.999877
1.00038
1.47405
1.59885
1.59282
1.61114
1.58487
1.51238
1.41853
1.29869
1.13424
0.973091
0.890626
0.854731
0.839398
0.833978
0.832784
0.835025
0.839371
0.845815
0.854621
0.865521
0.876298
0.888649
0.902145
1.00418
1.01603
1.01259
1.02551
1.02149
1.00546
1.01699
1.03037
1.04316
1.03991
1.03326
1.0534
1.05776
1.04516
1.06099
1.08182
1.06482
1.06682
1.11335
1.09634
1.07181
1.13856
1.07602
1.07966
1.08368
1.08938
1.09684
1.10984
1.14113
1.22773
1.33618
1.37939
1.3538
1.14295
0.992154
1.15495
1.14552
0.94328
1.19369
1.17074
0.919276
1.27589
1.22992
0.907901
2.25662
2.47281
2.00386
1.83463
2.83639
3.14354
1.37151
1.53437
1.5064
1.65915
1.60845
1.78772
0.903693
7.45571
4.92789
3.69078
0.907952
46.407
25.7574
17.2161
67.8328
90.7577
0.916749
111.603
106.956
131.914
120.998
15583.6
2446.44
725.923
330.775
15594.5
2421.82
778.051
1.41187
1.47402
1.73357
1.53889
1.82602
3.11051
2.30311
1.91195
42.864
13.9905
3.55432
133.842
93.3879
91.1162
90.5064
77.4787
47.9357
364.798
1.1111
1.04747
1.01038
1.28563
1.23349
1.24163
1.33497
0.999276
0.997087
0.998158
1.00013
1.00125
1.0008
1.63372
1.76181
1.75078
1.74013
1.66373
1.56914
1.46891
1.3423
1.1635
0.979431
0.887819
0.849682
0.835976
0.832154
0.832105
0.83531
0.842215
0.850639
0.86112
0.872674
0.885516
0.899495
0.914704
1.0064
1.00282
1.01488
1.01169
1.02404
1.01787
1.00573
1.01751
1.03015
1.04193
1.03794
1.02925
1.05115
1.05499
1.04169
1.05819
1.07917
1.06402
1.06387
1.11649
1.09805
1.06869
1.07328
1.07735
1.08291
1.08973
1.1006
1.12008
1.17942
1.28532
1.37005
1.3782
1.27072
1.0392
0.963981
1.12898
1.12225
0.930528
1.15629
1.14029
0.915656
1.22532
1.18374
0.908339
2.44512
2.19904
2.80413
1.95373
3.13428
3.84248
1.29898
1.46035
1.43756
1.58391
1.53939
1.76722
1.7167
1.92578
0.911522
10.1838
5.85268
0.9189
57.9933
37.6843
25.2696
78.2669
96.1743
0.93117
110.149
106.352
129.66
15578.1
2393.03
746.387
320.796
15600.8
2411.88
777.554
1.61301
1.37909
1.67887
2.43094
1.99665
1.75702
18.0611
4.37563
2.51153
132.884
92.6282
90.4635
91.0884
79.4037
52.3923
22.1715
359.861
1.16144
1.06531
1.02748
1.00602
1.32628
1.25364
1.28064
1.00047
0.99957
1.00095
1.00236
1.00258
1.00102
1.79178
1.91511
1.8771
1.80337
1.69802
1.59521
1.49479
1.36461
1.17619
0.98119
0.882974
0.845252
0.833744
0.83143
0.83272
0.839057
0.846998
0.857358
0.869525
0.882604
0.897018
0.91287
0.929757
1.00589
1.00299
1.01387
1.00947
1.02132
1.01501
1.00581
1.01749
1.02957
1.04038
1.03519
1.02587
1.04905
1.05103
1.03932
1.05569
1.0779
1.06277
1.06117
1.0988
1.0662
1.07092
1.07637
1.08282
1.09222
1.10703
1.14161
1.23456
1.34311
1.38161
1.34646
1.12325
0.988862
0.944292
1.10272
0.924436
1.12233
1.1089
0.914791
1.17343
1.14495
0.915165
2.38816
2.75693
2.16436
3.12535
4.09233
7.11509
1.23542
1.39321
1.37252
1.5132
1.47607
1.6959
1.6457
1.86931
1.83702
2.10942
0.921126
13.9562
0.932666
66.6774
48.1093
34.4391
85.2682
98.0714
0.947844
110.133
103.107
128.543
15589.2
2451.44
732.975
337.251
15590.5
2420.78
769.561
1.44356
1.49367
2.08789
1.81819
1.55863
5.43563
2.66027
2.16045
134.032
91.7484
89.9469
91.1702
80.6556
55.7101
26.135
6.89839
357.944
1.21509
1.10744
1.04217
1.01704
1.00551
1.37915
1.27752
1.31489
1.00298
1.00273
1.00372
1.00444
1.00407
1.00132
1.95766
2.00768
1.92662
1.82275
1.70671
1.60296
1.50457
1.37259
1.1795
0.977761
0.875123
0.841151
0.832882
0.831825
0.836335
0.84426
0.854365
0.866723
0.879983
0.894923
0.911128
0.928386
0.947034
1.00588
1.00192
1.01197
1.00764
1.01781
1.01225
1.00584
1.01724
1.02876
1.03893
1.03108
1.02278
1.04703
1.04747
1.03669
1.05334
1.07889
1.06047
1.05889
1.06419
1.06972
1.07616
1.08429
1.09676
1.11885
1.18319
1.29458
1.3739
1.37746
1.24907
1.02972
0.962334
0.934385
1.0803
0.922253
1.09174
1.08461
0.918583
1.13785
1.106
0.92378
2.70808
2.35955
3.11249
4.37916
8.73025
18.4689
1.19407
1.33941
1.32319
1.4463
1.41421
1.62477
1.57546
1.78254
1.74574
2.06405
2.01382
2.29011
0.934232
0.948714
73.4976
55.9827
42.0536
89.584
98.2275
0.966998
116.525
101.899
15598.2
2393.44
751.895
126.982
339.858
15590.4
2415.31
768.54
1.42609
1.89886
1.6079
1.47638
2.77293
2.25405
1.95401
125.524
91.3037
89.9007
90.9782
81.8071
57.9051
29.628
8.68253
2.97857
351.492
1.29157
1.13741
1.3147
1.07173
1.03324
1.01571
1.00788
1.36153
1.00636
1.00642
1.00644
1.00596
1.00526
2.00922
2.01167
1.92441
1.8086
1.69375
1.599
1.50525
1.37259
1.17264
0.962193
0.865373
0.839401
0.833057
0.835335
0.842514
0.852385
0.86418
0.877792
0.893019
0.909406
0.927108
0.946335
0.966651
1.00951
1.01351
1.00961
1.00572
1.01687
1.02786
1.03752
1.02656
1.01977
1.04515
1.04522
1.03281
1.05135
1.05948
1.05705
1.06285
1.06936
1.07685
1.08765
1.10431
1.14317
1.24238
1.35068
1.38369
1.33661
1.10212
0.984601
0.946294
0.930029
0.922799
1.0659
1.06034
0.927029
1.09942
1.07894
0.935787
2.65297
3.0971
4.71844
10.4292
23.7169
1.37784
1.34577
1.55317
1.50106
1.6992
1.65866
1.95589
1.91427
2.253
2.17589
2.59152
0.949604
0.967301
78.798
61.9693
47.6727
91.573
95.9721
0.988159
101.375
15608.7
2436.45
759.961
126.045
338.314
15601.4
2411.81
759.979
1.6702
1.52128
2.32231
2.03683
1.72335
125.626
91.3147
89.9609
90.7221
81.8589
59.7169
32.3666
10.5899
3.27941
2.4171
344.743
1.38182
1.343
1.05209
1.02796
1.01713
1.01136
1.39314
1.00979
1.78412
1.90528
1.85038
1.74701
1.65388
1.57874
1.49454
1.35864
1.14568
0.938736
0.858309
0.839035
0.836571
0.841898
0.851265
0.862242
0.875917
0.891134
0.90788
0.926044
0.945663
0.966217
0.988114
1.00558
1.01641
1.027
1.03617
1.0228
1.01557
1.04345
1.04314
1.02952
1.04975
1.05573
1.06239
1.06964
1.07905
1.09333
1.11803
1.18814
1.30628
1.37787
1.3755
1.22202
1.01965
0.961168
0.938868
0.928986
0.930256
1.04502
1.0433
0.93744
0.950649
3.06208
5.0194
12.0864
28.5047
1.47433
1.41353
1.6194
1.57199
1.85461
1.8191
2.13306
2.06225
2.54352
2.47596
3.01293
0.967672
0.988218
83.0767
66.8809
51.7554
92.2173
94.6215
101.499
15598.4
2454.17
738.347
133.389
15592.5
2414.12
760.567
1.56823
2.09036
1.78518
1.62065
112.172
91.5446
90.1296
90.474
81.5024
60.9502
34.6147
12.1416
3.70107
2.48334
2.16692
133.619
1.44441
1.02719
1.01934
1.50586
1.72845
1.72777
1.66214
1.60128
1.54793
1.47273
1.3302
1.10537
0.916444
0.855062
0.841417
0.842757
0.850723
0.861174
0.874361
0.889477
0.906609
0.925124
0.944954
0.965795
0.988102
1.0054
1.01594
1.02618
1.03493
1.04207
1.04848
1.0552
1.06239
1.07106
1.08329
1.10199
1.14594
1.25152
1.35885
1.38522
1.32304
1.08045
0.980626
0.948965
0.936218
0.933007
0.93962
0.951816
0.968064
5.2131
13.4589
31.9747
1.5346
1.47638
1.75879
1.72294
2.01543
1.95078
2.42535
2.34749
2.95236
2.85975
5.26331
0.988251
85.8148
71.1269
55.2576
92.2811
93.5635
104.775
15591.2
2374.3
15589.8
2423.41
1.8398
1.66428
91.9863
90.7205
89.9602
80.6389
60.9714
36.4002
13.6118
4.1177
2.57328
2.21899
1.89898
1.24436
1.50867
1.57291
1.56449
1.54512
1.51419
1.44273
1.29147
1.0595
0.897413
0.854093
0.846638
0.851219
0.860914
0.873302
0.88825
0.905459
0.924183
0.944266
0.965502
0.988101
1.00522
1.01553
1.02541
1.03383
1.04103
1.04784
1.05514
1.06336
1.07391
1.08993
1.11797
1.19574
1.31973
1.38196
1.37159
1.18752
1.0106
0.96142
0.943513
0.936384
0.942329
0.952874
0.968449
0.988321
14.4162
34.5713
2.29992
2.75676
2.64692
5.25418
5.02481
14.8535
87.9071
74.7832
58.0204
91.4435
15592.6
15602
89.0692
79.2619
60.6462
36.9789
14.7487
4.60696
1.08008
1.27602
1.40673
1.46348
1.491
1.47929
1.40735
1.24405
1.01162
0.883375
0.855323
0.853872
0.86161
0.872851
0.887497
0.904455
0.923346
0.943697
0.965301
0.988072
1.00507
1.01515
1.02472
1.03304
1.04037
1.04769
1.05581
1.06545
1.07876
1.10041
1.15006
1.26356
1.36768
1.3865
1.30164
1.06091
0.977899
0.952252
0.942071
0.944731
0.953847
0.968962
0.988384
36.1532
14.9959
36.7953
77.3778
59.8087
1.02379
1.11509
1.25234
1.3751
1.44468
1.44473
1.36782
1.18827
0.965905
0.877254
0.860437
0.863761
0.873222
0.887239
0.9038
0.922743
0.943247
0.965117
0.988028
1.00493
1.01482
1.02423
1.03247
1.04015
1.04818
1.05732
1.06897
1.08681
1.11849
1.20632
1.33313
1.3868
1.36432
1.15002
1.00215
0.962528
0.948993
0.946508
0.955202
0.969573
0.988379
1.00039
1.04224
1.14491
1.30751
1.40897
1.41229
1.32273
1.1242
0.929186
0.875654
0.86819
0.87492
0.887674
0.903575
0.922358
0.942883
0.964948
0.987998
1.00481
1.01458
1.02388
1.03226
1.04037
1.04939
1.06002
1.07471
1.09886
1.15551
1.27746
1.37645
1.38825
1.26996
1.04222
0.975857
0.955984
0.949198
0.957069
0.96998
0.988308
0.986211
1.00668
1.09272
1.27352
1.38491
1.37942
1.26932
1.05566
0.908369
0.877118
0.878335
0.889039
0.903838
0.922245
0.942656
0.964848
0.987964
1.00474
1.01444
1.02374
1.0324
1.04129
1.05135
1.06436
1.08374
1.11957
1.21828
1.3474
1.39164
1.3505
1.11196
0.99494
0.964416
0.954359
0.958707
0.97024
0.988304
0.979318
0.992566
1.07532
1.26346
1.36649
1.34273
1.20707
0.992548
0.900102
0.884613
0.891549
0.904722
0.92246
0.942679
0.964807
0.987948
1.0047
1.01441
1.02386
1.03304
1.04283
1.05461
1.07094
1.09753
1.16099
1.29431
1.38442
1.38682
1.22786
1.02608
0.974732
0.96057
0.959771
0.970948
0.988352
0.978166
0.987813
1.07445
1.26668
1.34811
1.29997
1.13612
0.946797
0.898528
0.895682
0.906444
0.923032
0.942889
0.964868
0.988007
1.0047
1.01454
1.02433
1.03412
1.04525
1.05983
1.0806
1.12114
1.23062
1.36127
1.39554
1.3287
1.0807
0.989308
0.966972
0.96142
0.972216
0.988201
0.977966
0.987903
1.09149
1.27715
1.32456
1.24831
1.05918
0.926483
0.902168
0.90921
0.924076
0.94333
0.965176
0.987958
1.00475
1.01485
1.02516
1.03592
1.04908
1.06706
1.09579
1.1674
1.31373
1.39147
1.38024
1.17817
1.01255
0.974923
0.965467
0.973165
0.987883
0.978448
0.995206
1.12405
1.28192
1.29426
1.1849
0.988702
0.920415
0.913495
0.925782
0.944121
0.965567
0.988175
1.00489
1.01539
1.02637
1.03881
1.05461
1.07736
1.12274
1.2442
1.37477
1.39722
1.2937
1.05341
0.985754
0.970793
0.973324
0.987782
0.980505
1.00933
1.16433
1.27842
1.25505
1.10796
0.952239
0.920803
0.928154
0.94516
0.966107
0.988414
1.00509
1.0162
1.0283
1.04288
1.06242
1.09349
1.17588
1.333
1.39771
1.36628
1.12483
1.00245
0.976849
0.973583
0.98799
0.982346
1.03497
1.20205
1.26342
1.20159
1.02571
0.939737
0.930758
0.946531
0.966852
0.988715
1.00535
1.01742
1.03121
1.04843
1.07371
1.12338
1.26169
1.38627
1.39749
1.2408
1.03118
0.984277
0.975568
0.988043
0.978566
1.0748
1.22065
1.23654
1.13115
0.973638
0.938503
0.94797
0.96788
0.989086
1.00577
1.01911
1.0352
1.05654
1.09047
1.18592
1.35139
1.4032
1.33915
1.08336
0.995393
0.979721
0.987547
0.983757
1.11939
1.2186
1.19356
1.04702
0.955555
0.948666
0.968822
0.989566
1.00639
1.02148
1.04057
1.06837
1.12371
1.28212
1.39463
1.3888
1.17716
1.01346
0.985417
0.986761
1.00355
1.15278
1.19758
1.12941
0.986827
0.953799
0.968571
0.990205
1.00722
1.02476
1.04837
1.08636
1.19497
1.36685
1.40475
1.29219
1.04753
0.991046
0.986195
1.03384
1.16036
1.1606
1.0472
0.96835
0.967047
0.991166
1.00825
1.02945
1.05982
1.12322
1.29975
1.40211
1.36974
1.10807
1.00075
0.987642
1.05946
1.14239
1.10176
0.989664
0.969753
0.991965
1.00975
1.03605
1.07806
1.20207
1.38023
1.40382
1.21557
1.01948
0.990393
1.06646
1.10186
1.02351
0.975646
0.989826
1.01195
1.046
1.11704
1.31541
1.40864
1.32755
1.05526
0.99518
1.05456
1.04062
0.987972
0.984664
1.01521
1.06168
1.20405
1.38751
1.38598
1.11669
1.00214
1.01346
0.988725
0.98917
1.02033
1.0978
1.32471
1.40476
1.2323
1.01159
0.962326
0.983366
1.02636
1.18942
1.3837
1.33533
1.03305
0.955669
1.04368
1.31326
1.37725
1.0792
1.11421
1.36954
1.18318
1.22214
1.26839
1.25376
)
;

boundaryField
{
    lowerOutlet
    {
        type            inletOutlet;
        inletValue      uniform 1;
        value           nonuniform List<scalar> 
144
(
1
1
1
1
1
1
1
1
1
1
1
1
1
1
1
1
1
1
1
1
1
1
1
1
1
1
1
1
1
1
1
1
1
1
1
1
1
1
1
1
1
1
1
1
1
1
1
105.374
341.391
1
1
1
1
1
1
1
1
1
1
1
1
1
1
1
1
1
1
1
1
1
1
1
1
1
1
1
1
1
1
1
1
1
1
1
1
1
1
1
1
1
1
1
1
1
1
1
1
1
1
1
1
1
1
1
103.008
215.8
1
1
1
1
1
1
1
1
1
1
1
1
1
1
1
1
1
1
1
1
1
1
1
1
1
60.7533
1
1
1
1
1
1
1
1
1
1
1
1
)
;
    }
    top
    {
        type            inletOutlet;
        inletValue      uniform 1;
        value           nonuniform List<scalar> 
100
(
1.00105
1.0173
1.03336
1.07057
1.14238
1.24142
1.35626
1.49527
1.7631
2.41048
3.47694
4.82893
6.26194
7.05602
7.18629
6.94609
6.50273
6.24775
6.14233
6.10966
6.18741
6.43162
6.84113
7.36035
7.95806
8.61981
9.30679
9.96241
10.5383
10.9172
11.0593
10.7031
9.4832
6.74331
3.62143
2.00655
1.48081
1.34119
1.28843
1.23895
1.19975
1.16833
1.14584
1.12946
1.11557
1.10318
1.09591
1.09385
1.10197
1.12425
1.15233
1.1699
1.17725
1.17829
1.16152
1.12455
1.06388
0.988639
0.919091
0.873539
0.84433
0.822389
0.804919
0.797572
0.796196
0.801049
0.817235
0.853117
0.919479
1.02317
1.15565
1.31141
1.47405
1.63372
1.79178
1.95766
1
1
1
1
1
1
1
1
1
1
1
1
1
1
0.978566
0.983757
1.00355
1.03384
1.05946
1.06646
1.05456
1.01346
0.962326
0.955669
)
;
    }
    sides
    {
        type            inletOutlet;
        inletValue      uniform 1;
        value           uniform 1;
    }
    front
    {
        type            empty;
    }
    back
    {
        type            empty;
    }
    roller
    {
        Cmu             0.09;
        kappa           0.41;
        E               9.8;
        beta1           0.075;
        blended         false;
        type            omegaWallFunction;
        value           nonuniform List<scalar> 
142
(
15612.2
15596.3
15611.1
15610
15595.5
15598.4
15612.9
15597.3
15589.9
15595.5
15603
15601
15599.4
15609.6
15604.5
15601.8
15600.5
15594
15621.8
15592.5
15613.8
15614.6
15617.2
15601.8
15609
15595.1
15605
15609.3
15614.3
15620.5
15589.1
15602
15610.7
15578.9
15594.3
15593.2
15605.8
15610.1
15603.2
15611.5
15609.6
15596.1
15597.2
15607.5
15605.5
15611.6
15603.5
15599.1
15629.7
15611.8
15590.5
15605.1
15595.9
15599.7
15590.3
15608.7
15598.2
15589.2
15614.6
15602.1
15598.9
15591
15584.4
15590.3
15590.5
15589.8
15600.8
15595.2
15458
15572.5
15598.7
15598.6
15604.5
15589.6
15582.2
15597.2
15606.6
15600.8
15596.1
15596.9
15592.5
15594
15591.2
15622.3
15594.4
15597.8
15593.3
15592.7
15571.2
15457.8
15596.2
15605.4
15601.3
15612
15617.8
15618.9
15597
15591.7
15590.4
15605.6
15583.6
15578.1
15595.6
15588.1
15575.9
15616.4
15591.9
15583.8
15551.1
15590.4
15600.8
15600.6
15609.5
15600.3
15594.8
15612.2
15604.7
15603.8
15614.2
15605.7
15597.5
15598.3
15600.9
15594.5
15595.6
15606.2
15601.4
15592.6
15583.9
15570.2
15570.3
15586.5
15614.1
15636.3
15590.8
15617.1
15638.9
15576.5
15588.9
15550.7
15584.5
15594.5
)
;
    }
    burner
    {
        type            zeroGradient;
    }
}


// ************************************************************************* //
