/*--------------------------------*- C++ -*----------------------------------*\
  =========                 |
  \\      /  F ield         | OpenFOAM: The Open Source CFD Toolbox
   \\    /   O peration     | Website:  https://openfoam.org
    \\  /    A nd           | Version:  dev
     \\/     M anipulation  |
\*---------------------------------------------------------------------------*/
FoamFile
{
    version     2.0;
    format      ascii;
    class       volScalarField;
    location    "2500";
    object      a;
}
// * * * * * * * * * * * * * * * * * * * * * * * * * * * * * * * * * * * * * //

dimensions      [0 -1 0 0 0 0 0];

internalField   nonuniform List<scalar> 
9851
(
0.100011
0.100011
0.100011
0.100011
0.100011
0.100011
0.100011
0.100011
0.100011
0.100011
0.10001
0.100011
0.100011
0.100011
0.100011
0.10001
0.10001
0.100011
0.100011
0.100011
0.100011
0.10001
0.10001
0.10001
0.100011
0.100011
0.100011
0.100011
0.10001
0.10001
0.10001
0.10001
0.100011
0.100011
0.100011
0.100011
0.100009
0.10001
0.10001
0.10001
0.10001
0.100011
0.100011
0.100011
0.100011
0.100009
0.100009
0.10001
0.10001
0.10001
0.10001
0.100011
0.100011
0.100011
0.100011
0.100009
0.100009
0.100009
0.10001
0.10001
0.10001
0.10001
0.100011
0.100011
0.100011
0.100011
0.100009
0.100009
0.100009
0.100009
0.10001
0.10001
0.10001
0.10001
0.100011
0.100011
0.100011
0.100011
0.100009
0.100009
0.100009
0.100009
0.100009
0.10001
0.10001
0.10001
0.10001
0.100011
0.100011
0.100011
0.100011
0.100008
0.100009
0.100009
0.100009
0.100009
0.100009
0.10001
0.10001
0.10001
0.10001
0.100011
0.100011
0.100011
0.100011
0.100008
0.100008
0.100009
0.100009
0.100009
0.100009
0.100009
0.10001
0.10001
0.10001
0.10001
0.100011
0.100011
0.100011
0.100011
0.100008
0.100008
0.100008
0.100009
0.100009
0.100009
0.100009
0.100009
0.10001
0.10001
0.10001
0.10001
0.100011
0.100011
0.100011
0.100011
0.100008
0.100008
0.100008
0.100008
0.100009
0.100009
0.100009
0.100009
0.100009
0.10001
0.10001
0.10001
0.10001
0.100011
0.100011
0.100011
0.100011
0.100007
0.100008
0.100008
0.100008
0.100008
0.100009
0.100009
0.100009
0.100009
0.100009
0.10001
0.10001
0.10001
0.10001
0.100011
0.100011
0.100011
0.100011
0.100007
0.100007
0.100008
0.100008
0.100008
0.100008
0.100009
0.100009
0.100009
0.100009
0.100009
0.10001
0.10001
0.10001
0.10001
0.100011
0.100011
0.100011
0.100011
0.100007
0.100007
0.100007
0.100008
0.100008
0.100008
0.100008
0.100009
0.100009
0.100009
0.100009
0.100009
0.10001
0.10001
0.10001
0.10001
0.100011
0.100011
0.100011
0.100011
0.100007
0.100007
0.100007
0.100007
0.100008
0.100008
0.100008
0.100008
0.100008
0.100009
0.100009
0.100009
0.100009
0.10001
0.10001
0.10001
0.10001
0.100011
0.100011
0.100011
0.100011
0.100006
0.100007
0.100007
0.100007
0.100007
0.100008
0.100008
0.100008
0.100008
0.100008
0.100009
0.100009
0.100009
0.100009
0.10001
0.10001
0.10001
0.10001
0.100011
0.100011
0.100011
0.100011
0.100006
0.100006
0.100007
0.100007
0.100007
0.100007
0.100008
0.100008
0.100008
0.100008
0.100008
0.100009
0.100009
0.100009
0.100009
0.10001
0.10001
0.10001
0.10001
0.100011
0.100011
0.100011
0.100011
0.100006
0.100006
0.100006
0.100007
0.100007
0.100007
0.100007
0.100008
0.100008
0.100008
0.100008
0.100008
0.100009
0.100009
0.100009
0.100009
0.10001
0.10001
0.10001
0.10001
0.100011
0.100011
0.100011
0.100011
0.100006
0.100006
0.100006
0.100006
0.100007
0.100007
0.100007
0.100007
0.100008
0.100008
0.100008
0.100008
0.100008
0.100009
0.100009
0.100009
0.100009
0.10001
0.10001
0.10001
0.10001
0.100011
0.100011
0.100011
0.100011
0.100006
0.100006
0.100006
0.100006
0.100006
0.100007
0.100007
0.100007
0.100007
0.100008
0.100008
0.100008
0.100008
0.100008
0.100009
0.100009
0.100009
0.100009
0.10001
0.10001
0.10001
0.10001
0.100011
0.100011
0.100011
0.100011
0.100005
0.100006
0.100006
0.100006
0.100006
0.100006
0.100007
0.100007
0.100007
0.100007
0.100008
0.100008
0.100008
0.100008
0.100008
0.100009
0.100009
0.100009
0.100009
0.10001
0.10001
0.10001
0.10001
0.100011
0.100011
0.100011
0.100011
0.100005
0.100005
0.100006
0.100006
0.100006
0.100006
0.100006
0.100007
0.100007
0.100007
0.100007
0.100008
0.100008
0.100008
0.100008
0.100008
0.100009
0.100009
0.100009
0.100009
0.10001
0.10001
0.10001
0.10001
0.100011
0.100011
0.100011
0.100011
0.100005
0.100005
0.100005
0.100006
0.100006
0.100006
0.100006
0.100006
0.100007
0.100007
0.100007
0.100007
0.100008
0.100008
0.100008
0.100008
0.100008
0.100009
0.100009
0.100009
0.100009
0.10001
0.10001
0.10001
0.10001
0.100011
0.100011
0.100011
0.100011
0.100005
0.100005
0.100005
0.100005
0.100006
0.100006
0.100006
0.100006
0.100006
0.100007
0.100007
0.100007
0.100007
0.100008
0.100008
0.100008
0.100008
0.100008
0.100009
0.100009
0.100009
0.100009
0.10001
0.10001
0.10001
0.10001
0.100011
0.100011
0.100011
0.100011
0.100004
0.100005
0.100005
0.100005
0.100005
0.100006
0.100006
0.100006
0.100006
0.100006
0.100007
0.100007
0.100007
0.100007
0.100008
0.100008
0.100008
0.100008
0.100008
0.100009
0.100009
0.100009
0.100009
0.10001
0.10001
0.10001
0.10001
0.100011
0.100011
0.100011
0.100011
0.100004
0.100004
0.100005
0.100005
0.100005
0.100005
0.100006
0.100006
0.100006
0.100006
0.100006
0.100007
0.100007
0.100007
0.100007
0.100008
0.100008
0.100008
0.100008
0.100008
0.100009
0.100009
0.100009
0.100009
0.10001
0.10001
0.10001
0.10001
0.100011
0.100011
0.100011
0.100011
0.100004
0.100004
0.100004
0.100005
0.100005
0.100005
0.100005
0.100006
0.100006
0.100006
0.100006
0.100006
0.100007
0.100007
0.100007
0.100007
0.100008
0.100008
0.100008
0.100008
0.100008
0.100009
0.100009
0.100009
0.100009
0.10001
0.10001
0.10001
0.10001
0.100011
0.100011
0.100011
0.100011
0.100004
0.100004
0.100004
0.100004
0.100005
0.100005
0.100005
0.100005
0.100006
0.100006
0.100006
0.100006
0.100006
0.100007
0.100007
0.100007
0.100007
0.100008
0.100008
0.100008
0.100008
0.100008
0.100009
0.100009
0.100009
0.100009
0.10001
0.10001
0.10001
0.10001
0.100011
0.100011
0.100011
0.100011
0.100011
0.100004
0.100004
0.100004
0.100004
0.100004
0.100005
0.100005
0.100005
0.100005
0.100006
0.100006
0.100006
0.100006
0.100006
0.100007
0.100007
0.100007
0.100007
0.100008
0.100008
0.100008
0.100008
0.100008
0.100009
0.100009
0.100009
0.100009
0.10001
0.10001
0.10001
0.10001
0.100011
0.100011
0.100011
0.100011
0.100011
0.100011
0.100003
0.100004
0.100004
0.100004
0.100004
0.100004
0.100005
0.100005
0.100005
0.100005
0.100006
0.100006
0.100006
0.100006
0.100006
0.100007
0.100007
0.100007
0.100007
0.100008
0.100008
0.100008
0.100008
0.100008
0.100009
0.100009
0.100009
0.100009
0.10001
0.10001
0.10001
0.10001
0.100011
0.10001
0.100011
0.100011
0.100011
0.100011
0.100011
0.100011
0.100011
0.100003
0.100003
0.100004
0.100004
0.100004
0.100004
0.100004
0.100005
0.100005
0.100005
0.100005
0.100006
0.100006
0.100006
0.100006
0.100006
0.100007
0.100007
0.100007
0.100007
0.100008
0.100008
0.100008
0.100008
0.100008
0.100009
0.100009
0.100009
0.100009
0.10001
0.10001
0.10001
0.10001
0.10001
0.100011
0.100011
0.100011
0.100011
0.100011
0.100011
0.100011
0.100011
0.100003
0.100003
0.100003
0.100004
0.100004
0.100004
0.100004
0.100004
0.100005
0.100005
0.100005
0.100005
0.100006
0.100006
0.100006
0.100006
0.100006
0.100007
0.100007
0.100007
0.100007
0.100008
0.100008
0.100008
0.100008
0.100009
0.100009
0.100009
0.100009
0.10001
0.10001
0.100011
0.100011
0.100011
0.10001
0.100011
0.100011
0.100011
0.100011
0.100011
0.100011
0.100011
0.100011
0.100011
0.100003
0.100003
0.100003
0.100003
0.100004
0.100004
0.100004
0.100004
0.100004
0.100005
0.100005
0.100005
0.100005
0.100006
0.100006
0.100006
0.100006
0.100006
0.100007
0.100007
0.100007
0.100007
0.100008
0.100008
0.100008
0.100008
0.100009
0.100009
0.10001
0.100011
0.100014
0.100017
0.100014
0.100022
0.100012
0.100017
0.100011
0.100013
0.100011
0.100011
0.100011
0.100012
0.100011
0.100011
0.100011
0.100011
0.100002
0.100003
0.100003
0.100003
0.100003
0.100004
0.100004
0.100004
0.100004
0.100004
0.100005
0.100005
0.100005
0.100005
0.100006
0.100006
0.100006
0.100006
0.100006
0.100007
0.100007
0.100007
0.100007
0.100008
0.100008
0.100008
0.100008
0.100009
0.100012
0.100018
0.100032
0.100053
0.100043
0.100093
0.100033
0.100075
0.100022
0.10005
0.100014
0.100028
0.100015
0.100011
0.100016
0.100015
0.100011
0.100011
0.100011
0.100011
0.100002
0.100002
0.100003
0.100003
0.100003
0.100003
0.100004
0.100004
0.100004
0.100004
0.100004
0.100005
0.100005
0.100005
0.100005
0.100006
0.100006
0.100006
0.100006
0.100006
0.100007
0.100007
0.100007
0.100007
0.100008
0.100008
0.100009
0.100011
0.100017
0.100039
0.100097
0.100221
0.100203
0.100446
0.100177
0.100407
0.100129
0.100327
0.100074
0.100213
0.100034
0.100105
0.100038
0.100014
0.100039
0.100036
0.100011
0.100013
0.100011
0.100011
0.100002
0.100002
0.100002
0.100003
0.100003
0.100003
0.100003
0.100004
0.100004
0.100004
0.100004
0.100004
0.100005
0.100005
0.100005
0.100005
0.100006
0.100006
0.100006
0.100006
0.100006
0.100007
0.100007
0.100007
0.100007
0.100008
0.100009
0.100014
0.100033
0.100097
0.100296
0.100791
0.100911
0.101911
0.100903
0.10191
0.100782
0.101757
0.100575
0.101428
0.10033
0.100941
0.100135
0.100467
0.100158
0.10003
0.100163
0.100145
0.100012
0.100022
0.100011
0.100012
0.100002
0.100002
0.100002
0.100002
0.100003
0.100003
0.100003
0.100003
0.100004
0.100004
0.100004
0.100004
0.100004
0.100005
0.100005
0.100005
0.100005
0.100006
0.100006
0.100006
0.100006
0.100006
0.100007
0.100007
0.100007
0.100008
0.100011
0.100023
0.100073
0.100243
0.100768
0.102299
0.103197
0.105615
0.103648
0.106268
0.103668
0.106683
0.103227
0.106484
0.102422
0.105483
0.101416
0.103762
0.100602
0.101942
0.100693
0.100107
0.100702
0.100612
0.100017
0.100068
0.100011
0.100014
0.100001
0.100002
0.100002
0.100002
0.100002
0.100003
0.100003
0.100003
0.100003
0.100004
0.100004
0.100004
0.100004
0.100004
0.100005
0.100005
0.100005
0.100005
0.100006
0.100006
0.100006
0.100006
0.100006
0.100007
0.100007
0.100008
0.100015
0.100044
0.100164
0.100588
0.101852
0.105009
0.108136
0.111767
0.109602
0.113461
0.110576
0.115052
0.110942
0.11612
0.110366
0.11624
0.108496
0.115007
0.105335
0.111953
0.10243
0.10691
0.102716
0.100439
0.102686
0.102307
0.100039
0.100263
0.100012
0.100022
0.100001
0.100001
0.100002
0.100002
0.100002
0.100002
0.100003
0.100003
0.100003
0.100003
0.100004
0.100004
0.100004
0.100004
0.100004
0.100005
0.100005
0.100005
0.100005
0.100006
0.100006
0.100006
0.100006
0.100006
0.100007
0.10001
0.100023
0.100086
0.100352
0.101297
0.104048
0.110359
0.115463
0.118092
0.117509
0.121996
0.11974
0.124434
0.121497
0.12684
0.122459
0.128605
0.122153
0.129229
0.119976
0.128194
0.115377
0.124772
0.108182
0.118247
0.108767
0.101657
0.108504
0.107313
0.100135
0.10098
0.100014
0.100059
0.100001
0.100001
0.100001
0.100002
0.100002
0.100002
0.100002
0.100003
0.100003
0.100003
0.100003
0.100004
0.100004
0.100004
0.100004
0.100004
0.100005
0.100005
0.100005
0.100005
0.100006
0.100006
0.100006
0.100006
0.100007
0.100012
0.10004
0.100174
0.100708
0.102574
0.107399
0.116608
0.1307
0.12566
0.131894
0.129024
0.133567
0.131957
0.136786
0.13441
0.13984
0.135949
0.142166
0.136036
0.143235
0.133974
0.1425
0.128973
0.139144
0.120207
0.132187
0.120917
0.105284
0.120071
0.117434
0.100486
0.103181
0.100021
0.100199
0.100001
0.100001
0.100001
0.100001
0.100002
0.100002
0.100002
0.100002
0.100003
0.100003
0.100003
0.100003
0.100004
0.100004
0.100004
0.100004
0.100004
0.100005
0.100005
0.100005
0.100005
0.100006
0.100006
0.100006
0.100008
0.100018
0.100073
0.100327
0.101329
0.104397
0.111389
0.122988
0.138064
0.145394
0.1492
0.137816
0.141962
0.141328
0.145654
0.144825
0.149364
0.147775
0.152821
0.149717
0.155446
0.150117
0.156762
0.148304
0.156271
0.143407
0.153213
0.134177
0.146453
0.134763
0.113106
0.133666
0.130514
0.10165
0.10881
0.100061
0.100736
0.100001
0.100001
0.100001
0.100001
0.100001
0.100002
0.100002
0.100002
0.100002
0.100003
0.100003
0.100003
0.100003
0.100004
0.100004
0.100004
0.100004
0.100004
0.100005
0.100005
0.100005
0.100005
0.100006
0.100006
0.100009
0.100028
0.100127
0.100571
0.102209
0.106749
0.115731
0.128758
0.144273
0.152125
0.155149
0.15642
0.159326
0.149618
0.15322
0.153501
0.157312
0.157289
0.161228
0.160415
0.164697
0.162417
0.167197
0.162907
0.168386
0.161361
0.167956
0.156973
0.165381
0.148193
0.159418
0.1485
0.125291
0.147063
0.14361
0.105085
0.118968
0.1002
0.102258
0.1
0.100001
0.100001
0.100001
0.100001
0.100001
0.100002
0.100002
0.100002
0.100002
0.100003
0.100003
0.100003
0.100003
0.100004
0.100004
0.100004
0.100004
0.100004
0.100005
0.100005
0.100005
0.100005
0.100006
0.10001
0.100042
0.100211
0.100917
0.103349
0.10941
0.120144
0.134609
0.14958
0.157356
0.158973
0.161786
0.1638
0.166119
0.168237
0.160691
0.163629
0.164704
0.167772
0.168344
0.171476
0.171142
0.174312
0.172611
0.175715
0.172742
0.175896
0.171496
0.175256
0.168054
0.17363
0.160633
0.169536
0.160518
0.138367
0.158882
0.155614
0.112129
0.131175
0.100589
0.105621
0.1
0.1
0.100001
0.100001
0.100001
0.100001
0.100001
0.100002
0.100002
0.100002
0.100002
0.100003
0.100003
0.100003
0.100003
0.100004
0.100004
0.100004
0.100004
0.100004
0.100005
0.100005
0.100005
0.100006
0.100012
0.100061
0.100324
0.101402
0.10472
0.112191
0.124237
0.139673
0.153618
0.163026
0.165153
0.166577
0.169771
0.170724
0.174064
0.175052
0.170377
0.172515
0.174102
0.176219
0.176803
0.178669
0.177957
0.179583
0.177969
0.17938
0.177416
0.178614
0.176507
0.177819
0.174719
0.176934
0.170044
0.175158
0.169577
0.150492
0.16807
0.165359
0.121706
0.142795
0.101403
0.111002
0.1
0.1
0.100001
0.100001
0.100001
0.100001
0.100001
0.100002
0.100002
0.100002
0.100002
0.100003
0.100003
0.100003
0.100003
0.100004
0.100004
0.100004
0.100004
0.100004
0.100005
0.100005
0.100006
0.100015
0.100085
0.100471
0.102004
0.106355
0.11502
0.128069
0.143416
0.154273
0.161528
0.168119
0.165478
0.170543
0.169789
0.174995
0.174313
0.178608
0.178131
0.177723
0.17853
0.179964
0.180732
0.180751
0.181477
0.180349
0.181081
0.179429
0.179884
0.178406
0.178371
0.177648
0.177228
0.176992
0.176864
0.17514
0.176751
0.174625
0.160732
0.173586
0.171797
0.131775
0.152962
0.103803
0.118126
0.1
0.1
0.100001
0.100001
0.100001
0.100001
0.100001
0.100002
0.100002
0.100002
0.100002
0.100003
0.100003
0.100003
0.100003
0.100004
0.100004
0.100004
0.100004
0.100004
0.100005
0.100006
0.100017
0.100112
0.10065
0.102733
0.108147
0.117921
0.131501
0.145808
0.153749
0.158235
0.162784
0.159576
0.167485
0.16358
0.172762
0.170506
0.176988
0.175031
0.179928
0.178466
0.180939
0.180667
0.181868
0.181804
0.181496
0.181479
0.179983
0.179689
0.177841
0.176935
0.175968
0.174194
0.175183
0.17256
0.175751
0.17267
0.17634
0.174737
0.17588
0.168083
0.175386
0.174644
0.172869
0.141559
0.161368
0.106775
0.125529
0.1
0.1
0.100001
0.100001
0.100001
0.100001
0.100001
0.100002
0.100002
0.100002
0.100002
0.100003
0.100003
0.100003
0.100003
0.100004
0.100004
0.100004
0.100004
0.100004
0.100006
0.100019
0.100141
0.100848
0.103552
0.110118
0.120759
0.134643
0.1473
0.152832
0.154821
0.151517
0.159163
0.153646
0.163495
0.15787
0.172223
0.168346
0.176059
0.172625
0.178042
0.175065
0.181303
0.180136
0.180972
0.17985
0.178976
0.177705
0.175666
0.173948
0.171995
0.169344
0.169211
0.165434
0.168364
0.163565
0.17023
0.163992
0.173886
0.168203
0.171491
0.175087
0.173336
0.173981
0.169248
0.172866
0.174999
0.173702
0.173445
0.17483
0.150325
0.171186
0.168522
0.162374
0.107676
0.132764
0.1
0.1
0.100001
0.100001
0.100001
0.100001
0.100001
0.100002
0.100002
0.100002
0.100002
0.100003
0.100003
0.100003
0.100003
0.100004
0.100004
0.100004
0.100004
0.100006
0.10002
0.100169
0.101061
0.104419
0.112136
0.123638
0.137415
0.148434
0.152474
0.152306
0.145307
0.14071
0.1365
0.151852
0.145835
0.155985
0.148828
0.168114
0.162525
0.171158
0.166239
0.171604
0.167228
0.17794
0.175199
0.175766
0.173074
0.171626
0.168657
0.166239
0.162618
0.161248
0.156469
0.158172
0.152888
0.157295
0.156355
0.153001
0.164799
0.161001
0.153803
0.157341
0.167349
0.170758
0.167046
0.163554
0.170744
0.174444
0.173773
0.174124
0.171701
0.171091
0.174356
0.164919
0.150665
0.159767
0.172556
0.170519
0.115731
0.153553
0.145376
0.133957
0.1
0.1
0.100001
0.100001
0.100001
0.100001
0.100001
0.100002
0.100002
0.100002
0.100002
0.100003
0.100003
0.100003
0.100003
0.100004
0.100004
0.100004
0.100005
0.100022
0.100186
0.10126
0.10531
0.114093
0.126383
0.140024
0.149362
0.152276
0.150648
0.141603
0.126702
0.129631
0.124561
0.141618
0.135016
0.145293
0.137107
0.160238
0.153184
0.162041
0.155934
0.160336
0.154892
0.169587
0.165296
0.164983
0.160589
0.158252
0.15352
0.151779
0.147875
0.148085
0.144868
0.150475
0.148189
0.146491
0.145311
0.150673
0.148175
0.14977
0.147901
0.159621
0.155583
0.149033
0.152045
0.16277
0.16705
0.162533
0.158531
0.167306
0.174324
0.173977
0.172441
0.167937
0.168845
0.173128
0.167307
0.162695
0.173221
0.171766
0.13805
0.120528
0.129662
0.156821
0.149802
0.1
0.1
0.100001
0.100001
0.100001
0.100001
0.100001
0.100002
0.100002
0.100002
0.100002
0.100003
0.100003
0.100003
0.100003
0.100004
0.100004
0.100005
0.100021
0.100189
0.101397
0.106121
0.116003
0.128843
0.142346
0.150123
0.152197
0.149633
0.139739
0.124705
0.113288
0.112623
0.118198
0.115001
0.129407
0.122954
0.132352
0.124034
0.148852
0.14088
0.148868
0.142158
0.14444
0.138639
0.155543
0.150075
0.148678
0.143825
0.145015
0.142634
0.143471
0.143359
0.144836
0.144922
0.145304
0.146433
0.146191
0.145225
0.145159
0.145628
0.14697
0.146312
0.146244
0.145677
0.15439
0.150773
0.147037
0.148085
0.157918
0.162692
0.157812
0.15361
0.163208
0.173614
0.173697
0.169952
0.164113
0.165322
0.171121
0.16922
0.16526
0.173307
0.172382
0.142677
0.125762
0.135436
0.159977
0.153661
0.1
0.1
0.100001
0.100001
0.100001
0.100001
0.100001
0.100002
0.100002
0.100002
0.100002
0.100003
0.100003
0.100004
0.100004
0.100005
0.100006
0.100019
0.100184
0.101443
0.106706
0.11766
0.131298
0.14408
0.150675
0.152067
0.148837
0.138807
0.124064
0.108598
0.10575
0.105098
0.108279
0.106548
0.116817
0.111525
0.118804
0.111816
0.134763
0.12684
0.132556
0.126201
0.130279
0.125602
0.139255
0.134792
0.140117
0.13736
0.143943
0.144334
0.147776
0.149664
0.151651
0.15437
0.147059
0.149055
0.151548
0.154442
0.145806
0.146828
0.148859
0.15166
0.147094
0.146515
0.148337
0.147818
0.150017
0.148035
0.14841
0.147724
0.153326
0.158123
0.153437
0.14983
0.15887
0.172171
0.172895
0.166826
0.160013
0.161512
0.168482
0.170549
0.167395
0.173012
0.172482
0.146856
0.129716
0.139809
0.162743
0.156943
0.1
0.1
0.100001
0.100001
0.100001
0.100001
0.100001
0.100002
0.100002
0.100003
0.100003
0.100005
0.100006
0.100007
0.100007
0.100009
0.100019
0.100166
0.101432
0.10697
0.118899
0.133246
0.14541
0.150739
0.151719
0.147902
0.137824
0.123471
0.108483
0.102079
0.102073
0.102212
0.102009
0.10321
0.102537
0.107115
0.104552
0.108618
0.105119
0.119761
0.113646
0.120848
0.116131
0.127329
0.123281
0.134372
0.131014
0.144446
0.143899
0.162409
0.167656
0.157506
0.160588
0.163279
0.164563
0.155183
0.159254
0.163762
0.168454
0.150275
0.153688
0.158044
0.163075
0.150823
0.150896
0.1546
0.15468
0.148542
0.148631
0.153629
0.150305
0.15022
0.153971
0.150945
0.149333
0.154925
0.170103
0.171451
0.163372
0.156233
0.157922
0.165449
0.171301
0.168982
0.172291
0.172291
0.150388
0.130298
0.141543
0.165049
0.15954
0.1
0.1
0.100001
0.100001
0.100001
0.100001
0.100002
0.100003
0.100004
0.100007
0.10001
0.100014
0.100016
0.100016
0.100017
0.100025
0.100146
0.101358
0.106991
0.119558
0.134585
0.145952
0.15051
0.151177
0.146444
0.136166
0.12225
0.108058
0.101501
0.10074
0.100651
0.100908
0.100802
0.101365
0.101068
0.103049
0.101945
0.105065
0.103069
0.111767
0.108024
0.119071
0.114817
0.137246
0.132945
0.142781
0.140456
0.170206
0.170897
0.188991
0.191835
0.195751
0.193939
0.173107
0.177549
0.181719
0.185487
0.168628
0.174414
0.180217
0.185809
0.15968
0.165609
0.172069
0.178757
0.15894
0.159983
0.165842
0.16657
0.149801
0.152264
0.16353
0.156811
0.150275
0.151873
0.151311
0.151006
0.152946
0.167582
0.169532
0.159991
0.154222
0.155636
0.162356
0.171606
0.16998
0.171026
0.171792
0.152546
0.126562
0.139661
0.166768
0.161403
0.1
0.1
0.100001
0.100001
0.100001
0.100002
0.100005
0.10001
0.10002
0.100033
0.100043
0.100045
0.100044
0.100042
0.100046
0.100142
0.101202
0.106838
0.119678
0.135366
0.145824
0.150037
0.149997
0.144014
0.133295
0.119485
0.106945
0.101522
0.100286
0.100263
0.100332
0.100279
0.100477
0.100392
0.10081
0.100585
0.101879
0.101202
0.104795
0.102932
0.110883
0.107504
0.128055
0.122668
0.16378
0.157809
0.170759
0.167933
0.197007
0.198538
0.20533
0.206477
0.20879
0.211301
0.210465
0.191018
0.195728
0.199948
0.203543
0.185463
0.191948
0.198035
0.203586
0.173824
0.181392
0.188946
0.196221
0.171755
0.173735
0.180799
0.182124
0.154264
0.160051
0.177381
0.168038
0.152199
0.152251
0.153454
0.156194
0.153381
0.164811
0.167289
0.157307
0.154392
0.155397
0.159487
0.171567
0.17053
0.169433
0.170941
0.152837
0.119823
0.134059
0.167941
0.162686
0.1
0.1
0.100001
0.100002
0.100005
0.100012
0.10003
0.100063
0.100104
0.100133
0.100141
0.100135
0.100119
0.100107
0.100162
0.101073
0.106557
0.119582
0.135411
0.145427
0.149046
0.147811
0.140733
0.129527
0.115867
0.105446
0.101308
0.10018
0.100126
0.100096
0.100193
0.100153
0.100322
0.100247
0.100714
0.100462
0.101815
0.101125
0.107842
0.104575
0.117247
0.112148
0.150681
0.14236
0.193147
0.18548
0.203529
0.198888
0.211541
0.211119
0.223913
0.222583
0.221687
0.223421
0.22505
0.224558
0.208505
0.212758
0.216409
0.219378
0.203065
0.209326
0.214928
0.219819
0.190549
0.198667
0.20628
0.213237
0.187415
0.190086
0.197451
0.199147
0.163059
0.172128
0.193382
0.182498
0.15775
0.154245
0.158968
0.165558
0.155047
0.162074
0.16496
0.156505
0.155654
0.156245
0.157931
0.171391
0.170785
0.167656
0.16988
0.150717
0.112472
0.126651
0.168691
0.16279
0.1
0.100001
0.100003
0.100011
0.100033
0.100088
0.10019
0.100323
0.100429
0.100466
0.100431
0.100355
0.100278
0.100255
0.101022
0.106043
0.119326
0.135191
0.144562
0.147469
0.145174
0.137041
0.125278
0.112052
0.104034
0.100938
0.100168
0.100058
0.100045
0.100079
0.100062
0.100137
0.100102
0.100282
0.100188
0.100831
0.100473
0.102454
0.101381
0.116624
0.10995
0.133584
0.124759
0.176504
0.166114
0.212931
0.204566
0.221056
0.219737
0.219876
0.225112
0.22478
0.232852
0.23111
0.23402
0.235076
0.235558
0.23552
0.223973
0.227422
0.230255
0.232437
0.219485
0.224959
0.22966
0.233608
0.207639
0.215392
0.222342
0.228428
0.204009
0.206958
0.213869
0.21568
0.175611
0.186888
0.209719
0.198574
0.167401
0.159569
0.168483
0.178247
0.159532
0.159866
0.162709
0.156952
0.159018
0.158149
0.157719
0.171063
0.170871
0.165917
0.168729
0.145761
0.105879
0.118374
0.169127
0.161664
0.100001
0.100007
0.100026
0.100094
0.100238
0.100554
0.100967
0.101347
0.101468
0.101344
0.101058
0.100748
0.10053
0.10106
0.1057
0.118528
0.13463
0.143281
0.145766
0.142483
0.13352
0.121391
0.109144
0.102832
0.100644
0.100125
0.100031
0.100036
0.100029
0.100057
0.100045
0.100108
0.100076
0.100305
0.100174
0.10116
0.100631
0.105252
0.102469
0.130681
0.119703
0.154777
0.142734
0.194949
0.184166
0.223153
0.218892
0.215156
0.228939
0.226387
0.226402
0.230109
0.23523
0.234201
0.240054
0.238078
0.243716
0.244107
0.243894
0.244156
0.236825
0.23938
0.241372
0.242801
0.233685
0.238117
0.241785
0.244746
0.223479
0.230297
0.236164
0.241115
0.219867
0.222735
0.228779
0.230469
0.190431
0.202832
0.22494
0.214521
0.179962
0.168345
0.18037
0.192908
0.167106
0.158945
0.161005
0.158011
0.164979
0.162533
0.158279
0.170666
0.170991
0.164174
0.16756
0.139042
0.101659
0.110119
0.169051
0.158805
0.100011
0.10005
0.100194
0.100622
0.101415
0.102703
0.103783
0.104284
0.103917
0.103028
0.101986
0.101234
0.101332
0.105608
0.117638
0.133485
0.141942
0.144079
0.140056
0.130582
0.118404
0.1072
0.102063
0.100438
0.100089
0.100023
0.100018
0.100013
0.100025
0.100022
0.100039
0.10003
0.100101
0.100058
0.100424
0.100205
0.102236
0.100927
0.110994
0.105276
0.145742
0.132099
0.172276
0.159359
0.205134
0.194277
0.228027
0.223784
0.224547
0.218918
0.235737
0.233063
0.231908
0.235427
0.242997
0.241645
0.246019
0.243898
0.25121
0.251278
0.250586
0.251076
0.247056
0.248793
0.250057
0.250867
0.245246
0.248609
0.251299
0.253391
0.237101
0.242661
0.24726
0.251017
0.233915
0.23643
0.241369
0.242765
0.206097
0.218356
0.23817
0.229115
0.194157
0.179472
0.194075
0.208151
0.177185
0.158994
0.160243
0.160615
0.173562
0.169289
0.159465
0.170232
0.170967
0.162715
0.166383
0.130718
0.100268
0.104077
0.168528
0.154123
0.100083
0.10034
0.10113
0.102909
0.105331
0.10764
0.108577
0.108184
0.106695
0.104786
0.102996
0.102206
0.105735
0.117169
0.132271
0.140606
0.142514
0.138081
0.128404
0.116434
0.106008
0.101584
0.100331
0.100062
0.100017
0.10001
0.100012
0.100011
0.100017
0.100014
0.100032
0.100022
0.100122
0.100056
0.100695
0.100275
0.104403
0.10167
0.11965
0.110138
0.156482
0.142775
0.182418
0.169761
0.214248
0.207925
0.201371
0.233251
0.229028
0.229476
0.224409
0.241427
0.2386
0.237152
0.240698
0.249198
0.247758
0.251334
0.249205
0.257158
0.25703
0.256113
0.256701
0.254958
0.256057
0.256766
0.257083
0.254064
0.256483
0.258368
0.259802
0.247962
0.252116
0.255408
0.258004
0.245476
0.247423
0.251166
0.252163
0.221146
0.232369
0.248914
0.241634
0.209056
0.192409
0.208156
0.222702
0.189032
0.159528
0.160221
0.165167
0.184225
0.178419
0.162035
0.169681
0.170829
0.161802
0.165109
0.121215
0.100048
0.101307
0.16733
0.14797
0.100528
0.101766
0.104541
0.10848
0.111765
0.113418
0.113043
0.111074
0.108303
0.105657
0.104151
0.106397
0.117121
0.131317
0.139354
0.141123
0.136565
0.127031
0.115346
0.105384
0.101304
0.100261
0.100048
0.100013
0.100008
0.100007
0.100009
0.100008
0.100014
0.100011
0.100033
0.10002
0.100169
0.100069
0.101052
0.100382
0.107712
0.102994
0.128965
0.116499
0.161906
0.148423
0.188643
0.175363
0.218892
0.21297
0.204337
0.21221
0.238485
0.234177
0.234945
0.229838
0.246728
0.243887
0.242396
0.245906
0.254599
0.253112
0.256258
0.254217
0.261953
0.261719
0.260808
0.261336
0.260855
0.261587
0.26195
0.262044
0.260014
0.26155
0.262732
0.263668
0.255845
0.258622
0.260711
0.262281
0.254386
0.255497
0.258407
0.258698
0.234421
0.243949
0.256776
0.251373
0.222679
0.205796
0.221287
0.235064
0.201691
0.160553
0.16071
0.171967
0.195796
0.188217
0.166241
0.169127
0.170512
0.161576
0.164163
0.112366
0.100017
0.100389
0.165517
0.140016
0.102512
0.106257
0.111548
0.116101
0.118353
0.118266
0.115846
0.112255
0.108788
0.106649
0.108123
0.117337
0.130907
0.138303
0.139924
0.135449
0.126236
0.115025
0.105169
0.101211
0.100219
0.100039
0.100011
0.100007
0.100006
0.100007
0.100007
0.100006
0.100008
0.100014
0.10001
0.100043
0.100022
0.100222
0.100102
0.101717
0.100578
0.111679
0.104843
0.13514
0.12248
0.165719
0.151182
0.196145
0.180977
0.224305
0.218387
0.210136
0.217233
0.243857
0.239616
0.240462
0.235404
0.251819
0.24904
0.247665
0.251057
0.259508
0.257996
0.260851
0.258957
0.265796
0.265378
0.264672
0.26517
0.264409
0.264989
0.265431
0.265711
0.263481
0.26436
0.26512
0.265794
0.261084
0.262858
0.264049
0.265011
0.260402
0.261338
0.262165
0.263045
0.2453
0.253387
0.26106
0.258579
0.235085
0.218703
0.234698
0.24678
0.214395
0.162368
0.161404
0.179957
0.207875
0.199568
0.172237
0.168555
0.170027
0.161915
0.163806
0.106532
0.100013
0.100134
0.162881
0.131477
0.108043
0.114342
0.120136
0.123376
0.123573
0.120934
0.116686
0.112444
0.109679
0.110586
0.11813
0.130877
0.137502
0.138931
0.134662
0.125812
0.115049
0.105156
0.10117
0.1002
0.100034
0.100009
0.100006
0.100006
0.100006
0.100007
0.100006
0.100006
0.100008
0.100016
0.100011
0.100063
0.100029
0.100294
0.100142
0.102577
0.100854
0.114541
0.106733
0.137663
0.125211
0.171629
0.154452
0.208763
0.199303
0.189489
0.229848
0.223792
0.216014
0.222971
0.249129
0.245024
0.245828
0.240907
0.256725
0.254067
0.25279
0.256023
0.264041
0.262515
0.265096
0.263369
0.267942
0.26808
0.267545
0.267943
0.266349
0.266813
0.267206
0.267572
0.26586
0.26664
0.267278
0.26778
0.264279
0.265245
0.266066
0.266727
0.262158
0.263545
0.263071
0.264716
0.254963
0.258545
0.262053
0.259899
0.247173
0.233778
0.247463
0.254761
0.230729
0.165764
0.162675
0.18979
0.224497
0.215014
0.17935
0.168229
0.169418
0.162737
0.164006
0.103411
0.100012
0.100072
0.159513
0.123688
0.11707
0.123608
0.127908
0.128702
0.126197
0.121744
0.116878
0.113469
0.113854
0.120066
0.131107
0.136974
0.138134
0.134068
0.125735
0.115243
0.105255
0.10117
0.100192
0.100031
0.100008
0.100006
0.100005
0.100005
0.100006
0.100007
0.100007
0.100006
0.100009
0.100021
0.100013
0.100093
0.100042
0.100396
0.100184
0.103019
0.101132
0.115201
0.107419
0.139113
0.126047
0.180116
0.160259
0.213609
0.205391
0.191327
0.202421
0.23546
0.229471
0.221294
0.228389
0.25423
0.250263
0.250954
0.246142
0.261391
0.258881
0.257741
0.260777
0.267312
0.266703
0.26844
0.267186
0.269185
0.269372
0.269534
0.269452
0.268223
0.268608
0.26892
0.269124
0.267226
0.267688
0.26811
0.268512
0.265528
0.266354
0.266797
0.267231
0.263191
0.264644
0.263914
0.265339
0.257248
0.2592
0.262363
0.261383
0.254077
0.245935
0.252871
0.255992
0.241979
0.170772
0.1651
0.202868
0.237039
0.230175
0.190279
0.167987
0.16869
0.163419
0.164513
0.101969
0.100014
0.100096
0.155411
0.117507
0.126887
0.131864
0.133095
0.131274
0.127326
0.122295
0.118456
0.118166
0.123335
0.131892
0.136766
0.137546
0.133607
0.125602
0.115496
0.105432
0.101197
0.100191
0.100029
0.100008
0.100005
0.100005
0.100005
0.100005
0.100006
0.100006
0.100006
0.100008
0.100007
0.10001
0.100028
0.100015
0.100125
0.100058
0.100496
0.100222
0.103133
0.101263
0.115068
0.10743
0.141809
0.126593
0.197262
0.192311
0.180434
0.167714
0.218905
0.210774
0.206414
0.240789
0.234878
0.226553
0.23358
0.25905
0.255261
0.255696
0.251038
0.265724
0.263441
0.262376
0.265123
0.269128
0.268844
0.269615
0.269248
0.270269
0.270484
0.270473
0.270533
0.268906
0.269297
0.269665
0.269982
0.267573
0.26792
0.268261
0.268606
0.265916
0.26627
0.266569
0.266798
0.262591
0.264405
0.2629
0.264555
0.258925
0.260276
0.261541
0.260954
0.25538
0.250612
0.25349
0.25728
0.247806
0.17857
0.168323
0.219359
0.243751
0.238531
0.203635
0.168078
0.167888
0.164553
0.165447
0.101812
0.100035
0.100389
0.151299
0.116258
0.134313
0.136335
0.135477
0.132623
0.128316
0.124586
0.123865
0.127765
0.133454
0.136713
0.137114
0.133215
0.125495
0.115557
0.105499
0.101219
0.100191
0.100028
0.100007
0.100005
0.100005
0.100005
0.100005
0.100005
0.100006
0.100006
0.100006
0.100008
0.100007
0.100011
0.100036
0.100019
0.100142
0.100075
0.100525
0.100239
0.103052
0.10127
0.115009
0.107111
0.146813
0.128485
0.201365
0.1947
0.185041
0.166357
0.178397
0.223549
0.215233
0.210511
0.245802
0.239982
0.231252
0.2383
0.263356
0.25984
0.259893
0.255454
0.268647
0.267166
0.265971
0.267785
0.270323
0.270007
0.270731
0.270151
0.270469
0.270772
0.271113
0.270941
0.268969
0.269362
0.269781
0.270133
0.266932
0.267123
0.267441
0.267638
0.264316
0.26436
0.264441
0.264492
0.258071
0.263083
0.258142
0.263162
0.258535
0.259547
0.25837
0.258021
0.255844
0.250659
0.253479
0.256496
0.247439
0.185354
0.173087
0.230679
0.243565
0.238974
0.216573
0.168352
0.167541
0.167412
0.16693
0.103273
0.102281
0.102266
0.150719
0.119192
0.137588
0.138066
0.136666
0.133804
0.130951
0.130272
0.132446
0.135229
0.13681
0.136748
0.132767
0.125274
0.115439
0.105437
0.101209
0.10019
0.100028
0.100007
0.100005
0.100004
0.100005
0.100005
0.100005
0.100005
0.100006
0.100006
0.100006
0.100009
0.100007
0.100012
0.10004
0.100021
0.100145
0.100081
0.100518
0.10024
0.102908
0.10122
0.115894
0.106986
0.152968
0.132394
0.204333
0.197151
0.187588
0.169479
0.179166
0.227739
0.219371
0.213741
0.250392
0.244676
0.235477
0.242524
0.265868
0.263355
0.262475
0.259003
0.269602
0.269094
0.267734
0.26904
0.271137
0.271042
0.271158
0.270842
0.269964
0.270524
0.271113
0.270754
0.26795
0.268355
0.269039
0.269588
0.264789
0.264773
0.265147
0.265157
0.257543
0.257406
0.257308
0.257074
0.255278
0.258122
0.255035
0.258009
0.257519
0.258094
0.255597
0.255751
0.256651
0.250331
0.256222
0.257286
0.246968
0.197824
0.181151
0.23268
0.241494
0.236028
0.224438
0.168949
0.168344
0.169901
0.168594
0.107636
0.618826
0.122822
0.153439
0.132614
0.138556
0.13865
0.137519
0.135998
0.135378
0.135842
0.136664
0.137217
0.136291
0.132108
0.124753
0.114996
0.105238
0.101138
0.100182
0.100026
0.100006
0.100004
0.100004
0.100004
0.100005
0.100005
0.100005
0.100005
0.100006
0.100006
0.100006
0.100009
0.100007
0.100013
0.10004
0.100021
0.100142
0.10008
0.100489
0.100232
0.102846
0.101148
0.118031
0.10726
0.156321
0.136668
0.206753
0.198381
0.188751
0.17038
0.179643
0.231311
0.222791
0.216323
0.254407
0.248825
0.239132
0.246143
0.267005
0.265056
0.263599
0.260778
0.270355
0.269686
0.268685
0.26941
0.271236
0.271234
0.270912
0.270914
0.267903
0.268967
0.269936
0.269434
0.265494
0.265492
0.266178
0.267732
0.25688
0.256517
0.256221
0.255899
0.254061
0.253718
0.253382
0.252987
0.25374
0.254801
0.253387
0.25449
0.255993
0.255943
0.254186
0.254473
0.255953
0.25519
0.256057
0.256172
0.253756
0.210108
0.187407
0.230151
0.25151
0.249737
0.221693
0.170601
0.169378
0.175834
0.170809
0.132965
2.0751
0.228928
0.161367
0.153265
0.1385
0.138715
0.138306
0.1379
0.137775
0.137794
0.137266
0.135607
0.13105
0.123656
0.113915
0.104759
0.101008
0.100161
0.100024
0.100006
0.100004
0.100004
0.100004
0.100004
0.100005
0.100005
0.100005
0.100005
0.100006
0.100006
0.100006
0.100006
0.100009
0.100007
0.100012
0.100038
0.100021
0.100136
0.100074
0.100446
0.100219
0.102834
0.101076
0.120171
0.107983
0.161638
0.170423
0.150897
0.137912
0.208234
0.198659
0.188982
0.179387
0.234291
0.225617
0.218174
0.257103
0.252275
0.242164
0.248906
0.267649
0.265852
0.264308
0.261618
0.270566
0.27002
0.268857
0.269355
0.270538
0.270774
0.269459
0.270021
0.264353
0.265063
0.266754
0.266622
0.255554
0.255049
0.26279
0.264742
0.252597
0.252141
0.251692
0.25124
0.252107
0.251682
0.251247
0.250789
0.253771
0.253032
0.253372
0.252644
0.255062
0.254838
0.254274
0.254613
0.255496
0.255544
0.255687
0.255358
0.255354
0.213536
0.198218
0.246495
0.254405
0.253621
0.219699
0.243513
0.172474
0.171549
0.180915
0.174997
0.157853
2.37449
0.334128
0.16884
0.167747
0.137504
0.138486
0.13854
0.138389
0.137931
0.136914
0.134443
0.129292
0.121803
0.111835
0.103997
0.100866
0.100135
0.100021
0.100005
0.100004
0.100004
0.100004
0.100004
0.100004
0.100005
0.100005
0.100005
0.100005
0.100005
0.100005
0.100006
0.100006
0.100008
0.100007
0.100012
0.100035
0.100019
0.100122
0.100066
0.100404
0.100202
0.102838
0.101018
0.120454
0.108164
0.16954
0.159172
0.151079
0.137117
0.208901
0.198411
0.188593
0.177957
0.236614
0.227789
0.219358
0.258334
0.254197
0.244158
0.250255
0.267671
0.266192
0.264462
0.262139
0.270064
0.269948
0.268153
0.268639
0.268075
0.268869
0.265714
0.267809
0.253006
0.261085
0.262328
0.262783
0.250751
0.250222
0.254855
0.25385
0.250327
0.249847
0.24937
0.248904
0.25196
0.251503
0.251033
0.250554
0.252965
0.252547
0.255334
0.255048
0.255923
0.255756
0.256203
0.255701
0.255873
0.210411
0.203377
0.252624
0.255616
0.255452
0.239633
0.250851
0.174665
0.174606
0.189632
0.179412
0.176119
2.71668
0.475713
0.17471
0.176151
0.135596
0.137884
0.137887
0.137299
0.135735
0.132371
0.126607
0.118788
0.109193
0.103001
0.100677
0.100107
0.100017
0.100005
0.100003
0.100004
0.100004
0.100004
0.100004
0.100004
0.100005
0.100005
0.100005
0.100005
0.100005
0.100005
0.100006
0.100006
0.100006
0.100008
0.100007
0.100011
0.100031
0.100017
0.100106
0.100059
0.100378
0.100184
0.102768
0.100981
0.119209
0.107791
0.16722
0.157072
0.149596
0.129436
0.147154
0.138129
0.209024
0.197417
0.187084
0.175504
0.237866
0.229204
0.219825
0.259004
0.255053
0.245073
0.250919
0.266311
0.265756
0.263257
0.262143
0.268316
0.268634
0.266696
0.266616
0.262843
0.265162
0.259513
0.2637
0.252494
0.24844
0.250337
0.251288
0.248437
0.24799
0.249769
0.249009
0.250068
0.249582
0.249103
0.24864
0.256416
0.25659
0.209256
0.235545
0.201459
0.255001
0.256639
0.256649
0.249208
0.254391
0.179274
0.17899
0.195502
0.185467
0.193331
2.92419
0.644495
0.179672
0.182302
0.132097
0.135636
0.13488
0.132944
0.128598
0.122627
0.11457
0.106642
0.102072
0.100408
0.10008
0.100013
0.100004
0.100003
0.100003
0.100003
0.100004
0.100004
0.100004
0.100004
0.100005
0.100005
0.100005
0.100005
0.100005
0.100005
0.100006
0.100006
0.100006
0.100006
0.100008
0.100006
0.10001
0.100026
0.100015
0.100096
0.100051
0.10036
0.100166
0.102516
0.100915
0.116243
0.128553
0.106732
0.164433
0.153867
0.143937
0.134229
0.208775
0.195874
0.184809
0.172381
0.238402
0.22982
0.219911
0.259334
0.255662
0.245542
0.251372
0.264238
0.264015
0.261201
0.260443
0.264977
0.266035
0.264063
0.263235
0.258493
0.259777
0.25527
0.256841
0.248041
0.246669
0.246827
0.249614
0.2473
0.248194
0.247782
0.247576
0.247019
0.230898
0.24668
0.200835
0.227329
0.256473
0.253732
0.25616
0.183619
0.182539
0.195364
0.189091
0.215581
2.98344
0.834787
0.183827
0.186802
0.125962
0.129773
0.126645
0.122916
0.117014
0.109927
0.104344
0.101331
0.100285
0.100051
0.10001
0.100004
0.100003
0.100003
0.100003
0.100003
0.100004
0.100004
0.100004
0.100004
0.100005
0.100005
0.100005
0.100005
0.100005
0.100005
0.100006
0.100006
0.100006
0.100006
0.100006
0.100007
0.100009
0.100023
0.100013
0.100088
0.100045
0.100327
0.100154
0.102049
0.100781
0.111595
0.122402
0.125481
0.105105
0.160739
0.149937
0.139926
0.130824
0.207964
0.193856
0.181942
0.168566
0.238754
0.230074
0.219741
0.259192
0.255732
0.24577
0.251344
0.261102
0.261419
0.25838
0.258067
0.260224
0.261493
0.260131
0.257454
0.248526
0.247824
0.252349
0.246374
0.246645
0.245756
0.246533
0.245955
0.247401
0.246921
0.244147
0.252499
0.222471
0.241248
0.255893
0.186374
0.185811
0.194337
0.221106
0.192281
0.264208
3.03143
0.952867
0.187048
0.193616
0.11723
0.119468
0.115619
0.110957
0.106057
0.102522
0.100786
0.100192
0.100032
0.100007
0.100003
0.100003
0.100003
0.100003
0.100003
0.100003
0.100004
0.100004
0.100004
0.100004
0.100005
0.100005
0.100005
0.100005
0.100005
0.100005
0.100006
0.100006
0.100006
0.100006
0.100006
0.100006
0.100007
0.100008
0.10002
0.100012
0.100076
0.100037
0.100256
0.10013
0.101388
0.100578
0.118931
0.115732
0.109751
0.105772
0.126897
0.103246
0.156371
0.14553
0.135831
0.206773
0.191519
0.178727
0.16417
0.238747
0.230102
0.219098
0.257339
0.255184
0.245582
0.250673
0.256768
0.258104
0.255045
0.255174
0.253774
0.255999
0.254446
0.250428
0.246005
0.246978
0.245747
0.246406
0.245986
0.245625
0.246097
0.251283
0.255049
0.238048
0.249764
0.189575
0.188729
0.199918
0.219221
0.235839
0.195002
0.308291
3.08126
1.35479
0.190045
0.202912
0.109367
0.109245
0.106087
0.103274
0.101333
0.100407
0.100115
0.100021
0.100005
0.100003
0.100002
0.100003
0.100003
0.100003
0.100003
0.100003
0.100004
0.100004
0.100004
0.100004
0.100005
0.100005
0.100005
0.100005
0.100005
0.100005
0.100006
0.100006
0.100006
0.100006
0.100006
0.100006
0.100007
0.100006
0.100008
0.100016
0.10001
0.100057
0.100029
0.100165
0.100097
0.10068
0.100329
0.122924
0.119013
0.112265
0.106737
0.105214
0.131312
0.101443
0.151589
0.140877
0.205278
0.188882
0.175084
0.159445
0.238238
0.229679
0.218043
0.254546
0.253659
0.24477
0.249208
0.250778
0.253859
0.251186
0.251964
0.249718
0.250238
0.247949
0.247102
0.245435
0.246184
0.245462
0.245442
0.24593
0.254476
0.247907
0.253359
0.191743
0.191208
0.216582
0.23437
0.246489
0.196271
0.217339
0.407525
3.12253
1.8221
0.1932
0.212026
0.103718
0.103022
0.101579
0.100651
0.100182
0.100057
0.100013
0.100003
0.100002
0.100002
0.100002
0.100003
0.100003
0.100003
0.100003
0.100003
0.100004
0.100004
0.100004
0.100004
0.100005
0.100005
0.100005
0.100005
0.100005
0.100005
0.100006
0.100006
0.100006
0.100006
0.100006
0.100006
0.100006
0.100006
0.100007
0.100012
0.100009
0.100035
0.10002
0.100087
0.100062
0.100273
0.100149
0.126862
0.122523
0.115187
0.109149
0.104783
0.103036
0.135947
0.100528
0.102116
0.146596
0.203472
0.186057
0.171236
0.154741
0.237212
0.228762
0.216686
0.251799
0.250901
0.243428
0.246884
0.24586
0.248341
0.246711
0.248565
0.245468
0.24563
0.245095
0.245852
0.245272
0.245449
0.245945
0.252428
0.193758
0.193451
0.232137
0.245001
0.251097
0.197684
0.217121
0.231466
0.612954
3.15174
2.03907
0.195885
0.258941
0.101093
0.100683
0.100273
0.100106
0.100027
0.100007
0.100002
0.100002
0.100002
0.100002
0.100002
0.100003
0.100003
0.100003
0.100003
0.100003
0.100004
0.100004
0.100004
0.100004
0.100005
0.100005
0.100005
0.100005
0.100005
0.100005
0.100006
0.100006
0.100006
0.100006
0.100006
0.100006
0.100006
0.100006
0.100007
0.100006
0.100009
0.100008
0.100021
0.100013
0.100057
0.100036
0.100124
0.100079
0.131111
0.126494
0.11841
0.111788
0.106714
0.103079
0.141398
0.100216
0.101125
0.100738
0.201433
0.183069
0.167277
0.149877
0.235856
0.227523
0.215083
0.248775
0.248121
0.241692
0.244326
0.244318
0.244438
0.242914
0.244946
0.245185
0.244721
0.245393
0.245644
0.246126
0.195497
0.195488
0.243112
0.249456
0.199176
0.21688
0.230588
0.24184
0.728902
3.17299
2.1899
0.201111
0.299426
0.100254
0.100127
0.100057
0.100013
0.100004
0.100002
0.100002
0.100002
0.100002
0.100002
0.100002
0.100003
0.100003
0.100003
0.100003
0.100003
0.100004
0.100004
0.100004
0.100004
0.100005
0.100005
0.100005
0.100005
0.100005
0.100005
0.100006
0.100006
0.100006
0.100006
0.100006
0.100006
0.100006
0.100006
0.100006
0.100006
0.100007
0.100008
0.100015
0.10001
0.100039
0.100025
0.100066
0.10005
0.136287
0.131498
0.122161
0.114695
0.108859
0.104533
0.101895
0.100097
0.100408
0.100281
0.101149
0.199247
0.179971
0.163194
0.145134
0.234318
0.226052
0.21337
0.245699
0.245427
0.239828
0.241665
0.243916
0.244446
0.242944
0.241486
0.241644
0.24595
0.245507
0.246688
0.246519
0.197055
0.197562
0.24799
0.200698
0.216686
0.229712
0.240584
0.246214
0.815187
3.1941
2.48976
0.208888
0.341394
0.100067
0.100023
0.100007
0.100002
0.100001
0.100001
0.100001
0.100002
0.100002
0.100002
0.100002
0.100003
0.100003
0.100003
0.100003
0.100003
0.100004
0.100004
0.100004
0.100004
0.100005
0.100005
0.100005
0.100006
0.100005
0.100006
0.100006
0.100006
0.100006
0.100006
0.100006
0.100006
0.100006
0.100006
0.100006
0.100007
0.100006
0.100007
0.100011
0.100008
0.100024
0.100015
0.10004
0.100034
0.140546
0.127037
0.11821
0.111421
0.106346
0.103011
0.100054
0.100161
0.100111
0.100656
0.10039
0.101881
0.196986
0.176838
0.159166
0.232731
0.2245
0.211604
0.242843
0.242785
0.237697
0.239437
0.244095
0.245762
0.242117
0.241194
0.240359
0.246985
0.247011
0.247841
0.198693
0.1999
0.202228
0.216653
0.228927
0.239325
0.244862
0.974891
3.21552
2.70192
0.219309
0.415979
0.100009
0.100003
0.100001
0.100001
0.100001
0.100001
0.100001
0.100002
0.100002
0.100002
0.100002
0.100003
0.100003
0.100003
0.100003
0.100003
0.100004
0.100004
0.100004
0.100004
0.100005
0.100005
0.100005
0.100006
0.100006
0.100006
0.100005
0.100006
0.100006
0.100006
0.100006
0.100006
0.100006
0.100006
0.100006
0.100006
0.100006
0.100007
0.100008
0.100007
0.100014
0.10001
0.100028
0.10002
0.155161
0.136163
0.122955
0.114726
0.108642
0.104444
0.100036
0.100073
0.100059
0.100226
0.100146
0.101125
0.100644
0.102969
0.194692
0.1737
0.231196
0.222942
0.209867
0.240218
0.240396
0.235758
0.23741
0.24617
0.244135
0.247605
0.241005
0.244198
0.239769
0.248278
0.200365
0.202573
0.203838
0.216351
0.228232
0.238131
0.243511
1.15268
3.22908
2.86318
0.235089
0.502496
0.100001
0.100001
0.100001
0.100001
0.100001
0.100001
0.100001
0.100002
0.100002
0.100002
0.100002
0.100003
0.100003
0.100003
0.100003
0.100003
0.100004
0.100004
0.100004
0.100004
0.100005
0.100005
0.100005
0.100006
0.100006
0.100006
0.100006
0.100006
0.100005
0.100006
0.100006
0.100006
0.100006
0.100006
0.100006
0.100006
0.100006
0.100006
0.100006
0.100007
0.100007
0.100011
0.100009
0.10002
0.100014
0.151259
0.132117
0.119369
0.111759
0.10641
0.100027
0.100048
0.100042
0.100093
0.100071
0.100369
0.100235
0.101921
0.101191
0.104629
0.192421
0.170608
0.22974
0.221458
0.208203
0.238951
0.238355
0.23412
0.235773
0.248283
0.246526
0.248962
0.244318
0.24725
0.239953
0.202096
0.206013
0.204661
0.217213
0.227591
0.236997
0.2422
1.31362
3.24778
2.87251
0.263255
0.583077
0.1
0.1
0.100001
0.100001
0.100001
0.100001
0.100001
0.100002
0.100002
0.100002
0.100002
0.100003
0.100003
0.100003
0.100003
0.100003
0.100004
0.100004
0.100004
0.100004
0.100005
0.100005
0.100005
0.100006
0.100006
0.100006
0.100006
0.100006
0.100006
0.100005
0.100006
0.100006
0.100006
0.100006
0.100006
0.100006
0.100006
0.100006
0.100007
0.100007
0.100009
0.100008
0.100014
0.100011
0.147528
0.128439
0.116307
0.109292
0.10002
0.100035
0.10003
0.100057
0.100049
0.100154
0.100112
0.100727
0.10046
0.103273
0.102257
0.107256
0.190193
0.167569
0.228494
0.220096
0.20665
0.23848
0.236989
0.232825
0.234624
0.249805
0.248738
0.244706
0.247809
0.249819
0.239948
0.20399
0.211968
0.206436
0.217009
0.227252
0.235944
0.240912
1.3609
3.24545
2.78461
0.294645
0.636008
0.1
0.1
0.100001
0.100001
0.100001
0.100001
0.100001
0.100002
0.100002
0.100002
0.100002
0.100003
0.100003
0.100003
0.100003
0.100003
0.100004
0.100004
0.100004
0.100004
0.100005
0.100005
0.100005
0.100006
0.100006
0.100006
0.100006
0.100006
0.100006
0.100006
0.100006
0.100005
0.100006
0.100006
0.100006
0.100006
0.100006
0.100006
0.100006
0.100006
0.100007
0.100008
0.100007
0.100011
0.100009
0.143964
0.125121
0.113727
0.100014
0.100025
0.100021
0.10004
0.100032
0.100083
0.10007
0.100293
0.100201
0.101525
0.10103
0.105622
0.104299
0.111524
0.188014
0.164571
0.227582
0.218895
0.205207
0.238441
0.236641
0.232003
0.234369
0.250239
0.248381
0.244949
0.250786
0.251477
0.206145
0.21967
0.207995
0.218239
0.226855
0.235052
0.239696
1.3198
3.22882
2.50826
0.328451
0.656995
0.1
0.1
0.100001
0.100001
0.100001
0.100001
0.100001
0.100002
0.100002
0.100002
0.100002
0.100003
0.100003
0.100003
0.100003
0.100003
0.100004
0.100004
0.100004
0.100004
0.100005
0.100005
0.100005
0.100006
0.100006
0.100006
0.100006
0.100006
0.100006
0.100006
0.100006
0.100006
0.100006
0.100005
0.100006
0.100006
0.100006
0.100006
0.100006
0.100006
0.100007
0.100007
0.100007
0.100009
0.100008
0.140571
0.122121
0.100011
0.100019
0.100016
0.100026
0.100022
0.100059
0.100049
0.100141
0.100109
0.100684
0.100451
0.103223
0.102371
0.109665
0.108041
0.11945
0.185845
0.161584
0.226679
0.21789
0.203862
0.239242
0.236661
0.231874
0.234534
0.251421
0.249162
0.245336
0.252606
0.208672
0.231069
0.209446
0.218536
0.226746
0.234212
0.238578
1.206
2.09308
1.70819
0.357011
0.653165
0.1
0.1
0.100001
0.100001
0.100001
0.100001
0.100001
0.100002
0.100002
0.100002
0.100002
0.100003
0.100003
0.100003
0.100003
0.100003
0.100004
0.100004
0.100004
0.100004
0.100005
0.100005
0.100005
0.100006
0.100006
0.100006
0.100006
0.100006
0.100006
0.100006
0.100006
0.100006
0.100006
0.100006
0.100005
0.100006
0.100006
0.100006
0.100006
0.100007
0.100006
0.100007
0.100007
0.100008
0.100007
0.137302
0.100014
0.100009
0.100018
0.100016
0.100038
0.100031
0.100088
0.100077
0.10029
0.100196
0.101703
0.101183
0.106576
0.105256
0.11702
0.1148
0.134156
0.183661
0.158564
0.22624
0.21711
0.202596
0.239191
0.237614
0.232195
0.235317
0.253434
0.252683
0.249926
0.246002
0.21213
0.246458
0.212024
0.21906
0.226632
0.233539
0.23753
0.960959
0.4058
0.907257
0.379927
0.633997
0.1
0.1
0.100001
0.100001
0.100001
0.100001
0.100001
0.100002
0.100002
0.100002
0.100002
0.100003
0.100003
0.100003
0.100003
0.100003
0.100004
0.100004
0.100004
0.100004
0.100005
0.100005
0.100005
0.100006
0.100006
0.100006
0.100006
0.100006
0.100006
0.100006
0.100006
0.100006
0.100006
0.100006
0.100006
0.100006
0.100005
0.100006
0.100006
0.100006
0.100006
0.100007
0.100007
0.100007
0.100007
0.100011
0.100014
0.100017
0.100008
0.100025
0.100021
0.100062
0.10005
0.100137
0.10011
0.100777
0.100492
0.104058
0.103031
0.112769
0.110864
0.131034
0.127923
0.155478
0.18142
0.22621
0.21657
0.201376
0.238896
0.232683
0.236302
0.254826
0.253438
0.250833
0.246693
0.217128
0.263395
0.213465
0.220838
0.226548
0.232943
0.236638
0.894832
0.232013
0.776824
0.397887
0.592864
0.1
0.1
0.100001
0.100001
0.100001
0.100001
0.100001
0.100002
0.100002
0.100002
0.100002
0.100003
0.100003
0.100003
0.100003
0.100003
0.100004
0.100004
0.100004
0.100004
0.100005
0.100005
0.100005
0.100006
0.100006
0.100006
0.100006
0.100006
0.100006
0.100006
0.100006
0.100006
0.100006
0.100006
0.100006
0.100006
0.100006
0.100005
0.100006
0.100006
0.100007
0.100007
0.100007
0.100007
0.100007
0.100012
0.100009
0.100011
0.100019
0.100024
0.100008
0.100038
0.100031
0.100092
0.10008
0.100303
0.100199
0.102145
0.10143
0.108931
0.107096
0.124789
0.121616
0.1522
0.148709
0.179064
0.226386
0.216275
0.200155
0.239069
0.233303
0.237774
0.255513
0.254647
0.251691
0.247403
0.225163
0.280681
0.216485
0.215552
0.220721
0.22697
0.232495
0.2358
0.857408
0.16332
0.615876
0.40516
0.592507
0.1
0.1
0.100001
0.100001
0.100001
0.100001
0.100001
0.100002
0.100002
0.100002
0.100002
0.100003
0.100003
0.100003
0.100003
0.100003
0.100004
0.100004
0.100004
0.100004
0.100005
0.100005
0.100005
0.100006
0.100006
0.100006
0.100006
0.100006
0.100006
0.100006
0.100006
0.100006
0.100006
0.100006
0.100006
0.100006
0.100006
0.100007
0.100007
0.100005
0.100007
0.100007
0.100007
0.100007
0.100007
0.100015
0.100008
0.10001
0.10001
0.100012
0.100033
0.100042
0.100007
0.100065
0.100054
0.10014
0.100112
0.100886
0.10054
0.105405
0.103898
0.118447
0.115404
0.144919
0.140807
0.176429
0.173463
0.22683
0.216216
0.198751
0.239751
0.233999
0.238953
0.256967
0.255466
0.252599
0.247878
0.234595
0.299026
0.217201
0.220028
0.222737
0.226636
0.232151
0.235135
0.809362
0.131074
0.443003
0.421175
0.610757
0.1
0.1
0.100001
0.100001
0.100001
0.100001
0.100001
0.100002
0.100002
0.100002
0.100002
0.100003
0.100003
0.100003
0.100003
0.100003
0.100004
0.100004
0.100004
0.100004
0.100005
0.100005
0.100005
0.100006
0.100006
0.100006
0.100006
0.100006
0.100006
0.100006
0.100006
0.100006
0.100006
0.100007
0.100007
0.100006
0.100007
0.100007
0.100007
0.100007
0.100005
0.100007
0.100007
0.100007
0.100007
0.100025
0.100009
0.100008
0.10001
0.100011
0.100019
0.100059
0.100069
0.100007
0.100097
0.100084
0.100325
0.10022
0.102638
0.101684
0.112482
0.109629
0.136391
0.131728
0.170011
0.166031
0.197058
0.227784
0.216186
0.240106
0.235701
0.241474
0.257687
0.256638
0.253528
0.248831
0.247877
0.316463
0.218985
0.226199
0.223668
0.227711
0.231703
0.234557
0.728645
0.12695
0.376374
0.446353
0.639414
0.1
0.1
0.100001
0.100001
0.100001
0.100001
0.100001
0.100002
0.100002
0.100002
0.100002
0.100003
0.100003
0.100003
0.100003
0.100003
0.100004
0.100004
0.100004
0.100004
0.100005
0.100005
0.100005
0.100006
0.100007
0.100007
0.100006
0.100007
0.100007
0.100006
0.100007
0.100007
0.100006
0.100007
0.100007
0.100007
0.100007
0.100006
0.100007
0.100007
0.100007
0.100007
0.100005
0.100007
0.100007
0.100048
0.100008
0.100011
0.10001
0.100007
0.100012
0.100015
0.100034
0.100085
0.100101
0.100007
0.100153
0.10012
0.101023
0.100627
0.107088
0.104918
0.126896
0.122047
0.161476
0.15634
0.194852
0.192051
0.216081
0.228876
0.236856
0.242082
0.250296
0.259039
0.257479
0.254403
0.261701
0.34232
0.221291
0.233979
0.228038
0.224722
0.231622
0.233978
0.6464
0.216376
0.446307
0.485149
0.63332
0.1
0.1
0.100001
0.100001
0.100001
0.100001
0.100001
0.100002
0.100002
0.100002
0.100002
0.100003
0.100003
0.100003
0.100003
0.100003
0.100004
0.100004
0.100004
0.100004
0.100005
0.100005
0.100005
0.100007
0.100006
0.100007
0.100007
0.100006
0.100007
0.100007
0.100006
0.100007
0.100007
0.100006
0.100007
0.100007
0.100007
0.100007
0.100006
0.100007
0.100007
0.100007
0.100007
0.100005
0.100078
0.100008
0.100009
0.100008
0.100015
0.100013
0.100007
0.10002
0.100026
0.100063
0.100149
0.100213
0.100007
0.100421
0.100282
0.103263
0.102049
0.11736
0.113009
0.150536
0.144133
0.188509
0.18417
0.215607
0.214713
0.229795
0.237789
0.244385
0.251694
0.255532
0.259797
0.258528
0.281431
0.376037
0.222434
0.224436
0.2461
0.231651
0.228458
0.225712
0.233638
0.587988
0.12311
0.289438
0.538296
0.614843
0.1
0.1
0.100001
0.100001
0.100001
0.100001
0.100001
0.100002
0.100002
0.100002
0.100002
0.100003
0.100003
0.100003
0.100003
0.100003
0.100004
0.100004
0.100004
0.100004
0.100005
0.100005
0.100005
0.100007
0.100007
0.100007
0.100006
0.100007
0.100007
0.100006
0.100007
0.100007
0.100006
0.100007
0.100007
0.100006
0.100007
0.100007
0.100007
0.100007
0.100006
0.100007
0.100007
0.100007
0.100005
0.100119
0.100008
0.100007
0.10001
0.100009
0.100028
0.100022
0.100007
0.100039
0.100056
0.100096
0.100428
0.100636
0.101349
0.100872
0.109429
0.106424
0.13724
0.13018
0.178656
0.172063
0.213153
0.210713
0.23052
0.238737
0.245413
0.252506
0.256605
0.259402
0.26107
0.307768
0.423177
0.22409
0.23008
0.263489
0.233505
0.231687
0.228897
0.226856
0.490247
0.105071
0.174671
0.569051
0.570919
0.1
0.1
0.100001
0.100001
0.100001
0.100001
0.100001
0.100002
0.100002
0.100002
0.100002
0.100003
0.100003
0.100003
0.100003
0.100003
0.100004
0.100004
0.100004
0.100004
0.100005
0.100005
0.100005
0.100007
0.100007
0.100007
0.100007
0.100006
0.100007
0.100007
0.100006
0.100007
0.100007
0.100006
0.100007
0.100007
0.100006
0.100007
0.100007
0.100007
0.100007
0.100006
0.100007
0.100007
0.100007
0.100005
0.100328
0.100009
0.100008
0.100008
0.100007
0.100015
0.100013
0.100055
0.100043
0.100067
0.100083
0.100211
0.101362
0.102016
0.104371
0.102847
0.123596
0.117533
0.164409
0.155948
0.206795
0.201221
0.230837
0.230864
0.239717
0.246209
0.253612
0.257487
0.26049
0.261732
0.342785
0.469246
0.226231
0.238883
0.28875
0.233408
0.231835
0.229416
0.226768
0.227822
0.36154
0.100883
0.117951
0.562612
0.485669
0.1
0.1
0.100001
0.100001
0.100001
0.100001
0.100001
0.100002
0.100002
0.100002
0.100002
0.100003
0.100003
0.100003
0.100003
0.100003
0.100004
0.100004
0.100004
0.100004
0.100005
0.100005
0.100005
0.100007
0.100007
0.100007
0.100007
0.100007
0.100007
0.100006
0.100007
0.100007
0.100006
0.100007
0.100007
0.100006
0.100007
0.100007
0.100006
0.100007
0.100007
0.100007
0.100007
0.100006
0.100007
0.100007
0.100007
0.100005
0.101009
0.100012
0.100007
0.100008
0.100008
0.100009
0.10003
0.100022
0.100085
0.100074
0.100111
0.100157
0.100686
0.104276
0.106092
0.112619
0.108726
0.147159
0.138342
0.1943
0.186258
0.230352
0.227255
0.240663
0.246649
0.254472
0.258595
0.261267
0.262941
0.384906
0.517495
0.229723
0.253215
0.321997
0.233459
0.231996
0.229923
0.228124
0.228897
0.221916
0.100114
0.102774
0.534533
0.371279
0.1
0.1
0.100001
0.100001
0.100001
0.100001
0.100001
0.100002
0.100002
0.100002
0.100002
0.100003
0.100003
0.100003
0.100003
0.100003
0.100004
0.100004
0.100004
0.100004
0.100005
0.100005
0.100005
0.100007
0.100007
0.100007
0.100007
0.100007
0.100007
0.100007
0.100006
0.100007
0.100007
0.100006
0.100007
0.100007
0.100006
0.100007
0.100007
0.100006
0.100007
0.100007
0.100007
0.100007
0.100006
0.100007
0.100007
0.100007
0.100005
0.103046
0.100024
0.100008
0.100008
0.100009
0.100013
0.100053
0.100039
0.100181
0.100118
0.100316
0.100465
0.102199
0.111919
0.116435
0.129995
0.122476
0.177022
0.167248
0.223284
0.21713
0.241657
0.242173
0.247618
0.255897
0.259505
0.262239
0.263576
0.433921
0.518693
0.236009
0.276228
0.36262
0.233524
0.232247
0.23048
0.230831
0.231676
0.230261
0.134898
0.100021
0.100327
0.467064
0.235176
0.1
0.1
0.100001
0.100001
0.100001
0.100001
0.100001
0.100002
0.100002
0.100002
0.100002
0.100003
0.100003
0.100003
0.100003
0.100003
0.100004
0.100004
0.100004
0.100004
0.100005
0.100005
0.100005
0.100007
0.100007
0.100007
0.100007
0.100007
0.100007
0.100007
0.100007
0.100007
0.100006
0.100007
0.100007
0.100006
0.100007
0.100007
0.100006
0.100007
0.100007
0.100006
0.100007
0.100007
0.100007
0.100007
0.100006
0.100007
0.100007
0.100007
0.100005
0.108585
0.100053
0.100008
0.100008
0.100008
0.10001
0.100024
0.100082
0.100072
0.100566
0.100359
0.101018
0.10146
0.106357
0.128378
0.136934
0.157047
0.146597
0.209309
0.199957
0.241823
0.240271
0.248319
0.257029
0.260256
0.262946
0.264542
0.47797
0.498998
0.247883
0.306692
0.411078
0.23369
0.232491
0.231087
0.234961
0.232248
0.231323
0.106302
0.100012
0.100041
0.363237
0.142575
0.1
0.1
0.100001
0.100001
0.100001
0.100001
0.100001
0.100002
0.100002
0.100002
0.100002
0.100003
0.100003
0.100003
0.100003
0.100003
0.100004
0.100004
0.100004
0.100004
0.100005
0.100005
0.100005
0.100007
0.100007
0.100007
0.100007
0.100007
0.100007
0.100007
0.100007
0.100007
0.100007
0.100006
0.100007
0.100007
0.100006
0.100007
0.100007
0.100006
0.100007
0.100007
0.100006
0.100007
0.100007
0.100007
0.100007
0.100006
0.100007
0.100007
0.100008
0.100005
0.121316
0.100069
0.100009
0.100008
0.10001
0.100016
0.100057
0.100165
0.100107
0.101824
0.101147
0.10314
0.104426
0.116091
0.155503
0.167065
0.189925
0.178369
0.2372
0.232416
0.249724
0.249757
0.258488
0.261537
0.263494
0.265061
0.483881
0.442533
0.268316
0.346909
0.450139
0.233853
0.232843
0.231771
0.244326
0.235291
0.233953
0.232401
0.100783
0.100011
0.100014
0.23456
0.108659
0.1
0.1
0.100001
0.100001
0.100001
0.100001
0.100001
0.100002
0.100002
0.100002
0.100002
0.100003
0.100003
0.100003
0.100003
0.100003
0.100004
0.100004
0.100004
0.100004
0.100005
0.100005
0.100005
0.100008
0.100007
0.100007
0.100007
0.100007
0.100007
0.100007
0.100007
0.100007
0.100007
0.100007
0.100006
0.100007
0.100007
0.100006
0.100007
0.100007
0.100006
0.100007
0.100007
0.100006
0.100007
0.100007
0.100008
0.100008
0.100006
0.100008
0.100008
0.100008
0.100008
0.100005
0.144845
0.10013
0.100011
0.100009
0.100016
0.100034
0.100081
0.100511
0.100276
0.105526
0.103492
0.108629
0.111751
0.135271
0.189455
0.202333
0.224988
0.213407
0.250225
0.25068
0.253288
0.253047
0.259422
0.262516
0.264355
0.265829
0.466059
0.344358
0.298264
0.39378
0.453902
0.234116
0.233224
0.232472
0.26305
0.244004
0.23708
0.235471
0.233396
0.100088
0.100011
0.100011
0.143692
0.101207
0.1
0.1
0.100001
0.100001
0.100001
0.100001
0.100001
0.100002
0.100002
0.100002
0.100002
0.100003
0.100003
0.100003
0.100003
0.100003
0.100004
0.100004
0.100004
0.100004
0.100005
0.100005
0.100005
0.100008
0.100008
0.100008
0.100008
0.100007
0.100007
0.100008
0.100007
0.100008
0.100008
0.100007
0.100008
0.100008
0.100006
0.100008
0.100008
0.100006
0.100008
0.100008
0.100006
0.100008
0.100008
0.100006
0.100008
0.100008
0.100008
0.100008
0.100006
0.100008
0.100008
0.100008
0.100009
0.100005
0.177733
0.100377
0.100019
0.100011
0.100041
0.100065
0.100172
0.10169
0.100831
0.114433
0.109469
0.120384
0.126947
0.164845
0.225841
0.238405
0.249929
0.243996
0.254894
0.256899
0.26118
0.26356
0.264973
0.266254
0.414538
0.223886
0.338497
0.42717
0.436104
0.234394
0.233652
0.233175
0.294098
0.261147
0.245346
0.238726
0.236486
0.234267
0.100018
0.100011
0.100011
0.109416
0.10014
0.1
0.1
0.100001
0.100001
0.100001
0.100001
0.100001
0.100002
0.100002
0.100002
0.100002
0.100003
0.100003
0.100003
0.100003
0.100003
0.100004
0.100004
0.100004
0.100004
0.100005
0.100005
0.100005
0.100008
0.100008
0.100008
0.100008
0.100008
0.100007
0.100007
0.100008
0.100007
0.100008
0.100008
0.100007
0.100008
0.100008
0.100006
0.100008
0.100008
0.100006
0.100008
0.100008
0.100006
0.100008
0.100008
0.100006
0.100008
0.100008
0.100008
0.100008
0.100006
0.100008
0.100008
0.100008
0.100009
0.100011
0.100005
0.215039
0.101185
0.100044
0.100019
0.100061
0.100087
0.100458
0.105302
0.102461
0.131648
0.12209
0.141549
0.153086
0.200426
0.253319
0.258364
0.258624
0.258883
0.263854
0.265115
0.26443
0.26557
0.266827
0.319028
0.139769
0.381891
0.426978
0.3833
0.234727
0.234125
0.233872
0.335583
0.293351
0.262703
0.247494
0.240206
0.237017
0.235006
0.100012
0.100011
0.100011
0.1014
0.100024
0.1
0.1
0.100001
0.100001
0.100001
0.100001
0.100001
0.100002
0.100002
0.100002
0.100002
0.100003
0.100003
0.100003
0.100003
0.100003
0.100004
0.100004
0.100004
0.100004
0.100005
0.100005
0.100005
0.100008
0.100008
0.100008
0.100008
0.100008
0.100008
0.100007
0.100007
0.100008
0.100007
0.100008
0.100008
0.100007
0.100008
0.100008
0.100006
0.100008
0.100008
0.100006
0.100008
0.100008
0.100006
0.100008
0.100008
0.100006
0.100008
0.100008
0.100008
0.100008
0.100006
0.100008
0.100008
0.100008
0.100008
0.100011
0.100018
0.100005
0.248801
0.103436
0.100062
0.100044
0.100091
0.100215
0.10131
0.114273
0.107071
0.159396
0.144054
0.172755
0.18791
0.237824
0.265751
0.265519
0.261663
0.262692
0.265998
0.266677
0.266524
0.265896
0.267155
0.206139
0.108645
0.406885
0.407007
0.288195
0.235111
0.234629
0.234558
0.373868
0.335018
0.296993
0.26642
0.250176
0.241715
0.236881
0.235583
0.100011
0.100011
0.100011
0.100173
0.100012
0.1
0.1
0.100001
0.100001
0.100001
0.100001
0.100001
0.100002
0.100002
0.100002
0.100002
0.100003
0.100003
0.100003
0.100003
0.100003
0.100004
0.100004
0.100004
0.100004
0.100005
0.100005
0.100005
0.100008
0.100008
0.100008
0.100008
0.100008
0.100008
0.100008
0.100007
0.100007
0.100008
0.100007
0.100008
0.100008
0.100007
0.100008
0.100008
0.100006
0.100008
0.100008
0.100006
0.100008
0.100008
0.100006
0.100008
0.100008
0.100006
0.100008
0.100008
0.100008
0.100008
0.100008
0.100008
0.100006
0.10001
0.100008
0.100008
0.100016
0.100039
0.100005
0.264913
0.10927
0.100085
0.100059
0.100211
0.100536
0.103672
0.131554
0.118022
0.194943
0.175878
0.209046
0.22576
0.262051
0.26903
0.267385
0.268111
0.266579
0.267713
0.26662
0.267292
0.132695
0.10133
0.402439
0.349394
0.184395
0.235538
0.235159
0.2352
0.389755
0.366388
0.336057
0.303525
0.273768
0.254621
0.243765
0.236715
0.236256
0.100011
0.100011
0.100027
0.100011
0.1
0.1
0.100001
0.100001
0.100001
0.100001
0.100001
0.100002
0.100002
0.100002
0.100002
0.100003
0.100003
0.100003
0.100003
0.100003
0.100004
0.100004
0.100004
0.100004
0.100005
0.100005
0.100005
0.100008
0.100008
0.100008
0.100008
0.100008
0.100008
0.100008
0.100008
0.100008
0.100008
0.100007
0.100007
0.100008
0.100007
0.100008
0.100008
0.100007
0.100008
0.100008
0.100006
0.100008
0.100008
0.100006
0.100008
0.100008
0.100006
0.100008
0.100008
0.100006
0.100008
0.100008
0.100008
0.100008
0.100008
0.100008
0.100008
0.100006
0.100014
0.100009
0.100009
0.100033
0.100053
0.100005
0.271442
0.12211
0.100184
0.10008
0.100554
0.10141
0.109636
0.158797
0.138535
0.231921
0.212493
0.246041
0.256766
0.271755
0.271167
0.270419
0.268002
0.267607
0.267127
0.26755
0.106909
0.100171
0.377489
0.253545
0.124298
0.236004
0.235707
0.235775
0.380471
0.372545
0.356399
0.335444
0.309555
0.284726
0.26346
0.246568
0.241141
0.236712
0.100011
0.100011
0.100011
0.100013
0.100011
0.1
0.1
0.100001
0.100001
0.100001
0.100001
0.100001
0.100002
0.100002
0.100002
0.100002
0.100003
0.100003
0.100003
0.100003
0.100003
0.100004
0.100004
0.100004
0.100004
0.100005
0.100005
0.100005
0.100008
0.100008
0.100008
0.100008
0.100009
0.100009
0.100008
0.100008
0.100008
0.100008
0.100007
0.100007
0.100008
0.100007
0.100008
0.100008
0.100007
0.100008
0.100008
0.100006
0.100008
0.100008
0.100006
0.100008
0.100008
0.100006
0.100008
0.100008
0.100006
0.100008
0.100008
0.100008
0.100008
0.100008
0.100008
0.100008
0.100006
0.100027
0.100011
0.100009
0.100042
0.100069
0.100005
0.272482
0.14416
0.100451
0.100172
0.101372
0.103643
0.123605
0.193579
0.169316
0.260904
0.248714
0.267385
0.270663
0.274608
0.268982
0.272948
0.269178
0.266902
0.267548
0.101061
0.100028
0.312113
0.161814
0.104882
0.2365
0.236223
0.236389
0.348059
0.359029
0.35444
0.344852
0.332303
0.313617
0.298708
0.275123
0.236768
0.263821
0.237453
0.100011
0.100011
0.100011
0.100011
0.1
0.1
0.100001
0.100001
0.100001
0.100001
0.100001
0.100002
0.100002
0.100002
0.100002
0.100003
0.100003
0.100003
0.100003
0.100003
0.100004
0.100004
0.100004
0.100004
0.100005
0.100005
0.100005
0.100009
0.100008
0.100008
0.100008
0.100008
0.100009
0.100009
0.100009
0.100008
0.100008
0.100008
0.100007
0.100007
0.100008
0.100007
0.100008
0.100008
0.100007
0.100008
0.100008
0.100006
0.100008
0.100008
0.100006
0.100008
0.100008
0.100006
0.100008
0.100008
0.100006
0.100008
0.100008
0.100009
0.100008
0.100008
0.100008
0.100008
0.100006
0.100037
0.100016
0.100012
0.100057
0.100112
0.100005
0.1759
0.101084
0.100349
0.103293
0.10889
0.147504
0.229584
0.205905
0.27445
0.268731
0.276056
0.27622
0.27318
0.266565
0.26967
0.267001
0.267178
0.100142
0.100013
0.217545
0.116206
0.100739
0.236992
0.236788
0.236956
0.271248
0.316041
0.334757
0.336587
0.33241
0.323849
0.315666
0.302331
0.248536
0.293451
0.243458
0.237928
0.100011
0.100011
0.100011
0.100011
0.100011
0.1
0.1
0.100001
0.100001
0.100001
0.100001
0.100001
0.100002
0.100002
0.100002
0.100002
0.100003
0.100003
0.100003
0.100003
0.100003
0.100004
0.100004
0.100004
0.100004
0.100005
0.100005
0.100005
0.100009
0.100009
0.100009
0.100008
0.100008
0.100008
0.100009
0.100009
0.100009
0.100008
0.100008
0.100008
0.100007
0.100007
0.100008
0.100007
0.100008
0.100008
0.100007
0.100008
0.100008
0.100006
0.100008
0.100008
0.100006
0.100008
0.100008
0.100006
0.100008
0.100008
0.100006
0.100008
0.100008
0.100008
0.100008
0.10001
0.100009
0.100008
0.100008
0.100006
0.100046
0.100028
0.100016
0.10008
0.100253
0.100005
0.211545
0.102603
0.100823
0.107669
0.120298
0.178559
0.258744
0.241275
0.279152
0.277998
0.278765
0.277198
0.274444
0.269167
0.266366
0.266318
0.266901
0.100025
0.100011
0.141174
0.103066
0.100101
0.237529
0.237321
0.237572
0.183019
0.229822
0.275013
0.304756
0.317215
0.31728
0.314649
0.30913
0.277983
0.304442
0.270735
0.23777
0.238989
0.100011
0.100011
0.100011
0.100011
0.100011
0.1
0.1
0.100001
0.100001
0.100001
0.100001
0.100001
0.100002
0.100002
0.100002
0.100002
0.100003
0.100003
0.100003
0.100003
0.100003
0.100004
0.100004
0.100004
0.100004
0.100005
0.100005
0.100005
0.100009
0.100009
0.100009
0.100009
0.100009
0.100008
0.100008
0.100009
0.100009
0.100009
0.100009
0.100008
0.100008
0.100008
0.100007
0.100007
0.100009
0.100007
0.100009
0.100009
0.100007
0.100009
0.100009
0.100006
0.100009
0.100009
0.100006
0.100008
0.100008
0.100006
0.100008
0.100008
0.100006
0.100008
0.100008
0.100008
0.100008
0.100012
0.100009
0.100008
0.100008
0.100006
0.100061
0.100032
0.100018
0.100163
0.100567
0.100005
0.245708
0.105882
0.101874
0.11693
0.143811
0.211907
0.273303
0.264435
0.280501
0.28034
0.278896
0.274209
0.269052
0.265679
0.265954
0.100012
0.109817
0.100454
0.100021
0.23805
0.237903
0.238175
0.12524
0.154549
0.190726
0.229773
0.265797
0.28905
0.299219
0.301403
0.296513
0.300526
0.29149
0.253479
0.250626
0.240214
0.100011
0.100011
0.100011
0.100011
0.100011
0.100011
0.100011
0.1
0.1
0.100001
0.100001
0.100001
0.100001
0.100001
0.100002
0.100002
0.100002
0.100002
0.100003
0.100003
0.100003
0.100003
0.100003
0.100004
0.100004
0.100004
0.100004
0.100005
0.100005
0.100005
0.100009
0.100009
0.100009
0.100009
0.100009
0.100009
0.100009
0.100008
0.100008
0.100009
0.100009
0.100009
0.100008
0.100008
0.100008
0.100007
0.100007
0.100009
0.100007
0.100009
0.100009
0.100007
0.100009
0.100009
0.100006
0.100009
0.100009
0.100006
0.100009
0.100009
0.100006
0.100009
0.100009
0.100006
0.100008
0.100008
0.100008
0.100009
0.100009
0.100014
0.10001
0.100009
0.100008
0.100006
0.100088
0.100045
0.100026
0.100324
0.101218
0.100005
0.265697
0.112484
0.104048
0.135352
0.174715
0.243628
0.279468
0.275367
0.274075
0.280985
0.268463
0.265225
0.265199
0.101706
0.100065
0.100012
0.238619
0.238459
0.238976
0.105364
0.114261
0.1308
0.157362
0.186608
0.219585
0.247726
0.270014
0.297852
0.280575
0.280778
0.295327
0.244027
0.276263
0.241422
0.100011
0.100011
0.100011
0.100011
0.100011
0.100011
0.100011
0.1
0.1
0.100001
0.100001
0.100001
0.100001
0.100001
0.100002
0.100002
0.100002
0.100002
0.100003
0.100003
0.100003
0.100003
0.100003
0.100004
0.100004
0.100004
0.100004
0.100005
0.100005
0.100005
0.10001
0.100009
0.100009
0.100009
0.100009
0.100009
0.100009
0.100009
0.100009
0.100009
0.100008
0.100008
0.100009
0.100009
0.100008
0.100008
0.100008
0.100007
0.100007
0.100009
0.100007
0.100009
0.100009
0.100007
0.100009
0.100009
0.100006
0.100009
0.100009
0.100006
0.100009
0.100009
0.100006
0.100009
0.100009
0.100006
0.100008
0.100009
0.100009
0.100009
0.100009
0.100009
0.100016
0.10001
0.100009
0.100009
0.100006
0.10019
0.100061
0.100037
0.100708
0.102562
0.100005
0.275351
0.124967
0.108271
0.163928
0.206209
0.262924
0.28108
0.279954
0.267838
0.274186
0.264421
0.264659
0.10025
0.100017
0.239163
0.239095
0.239673
0.100874
0.102709
0.107026
0.116503
0.13071
0.151959
0.174846
0.199577
0.285724
0.223281
0.290645
0.287771
0.261686
0.287732
0.259628
0.242782
0.100011
0.100011
0.100011
0.100011
0.100011
0.100011
0.100011
0.100011
0.100011
0.1
0.1
0.100001
0.100001
0.100001
0.100001
0.100001
0.100002
0.100002
0.100002
0.100002
0.100003
0.100003
0.100003
0.100003
0.100003
0.100004
0.100004
0.100004
0.100004
0.100005
0.100005
0.100005
0.10001
0.10001
0.10001
0.10001
0.100009
0.100009
0.100009
0.100009
0.100009
0.100009
0.100009
0.100009
0.100009
0.100008
0.100008
0.100009
0.100008
0.100008
0.100008
0.100007
0.100007
0.100009
0.100007
0.100009
0.100009
0.100007
0.100009
0.100009
0.100006
0.100009
0.100009
0.100006
0.100009
0.100009
0.100006
0.100009
0.100009
0.100009
0.100006
0.100009
0.100009
0.100009
0.100009
0.100009
0.100021
0.100012
0.100009
0.100009
0.100006
0.100359
0.100089
0.100053
0.101439
0.105072
0.100005
0.279405
0.148159
0.1161
0.193459
0.236281
0.273018
0.281457
0.28135
0.263582
0.267406
0.273457
0.26377
0.100039
0.239769
0.239691
0.240431
0.100126
0.100416
0.101202
0.103212
0.107142
0.115181
0.125677
0.140814
0.24352
0.157176
0.286947
0.258288
0.282333
0.285796
0.258011
0.279386
0.244377
0.100011
0.100011
0.100011
0.100011
0.100011
0.100011
0.100011
0.100011
0.100014
0.100011
0.1
0.1
0.100001
0.100001
0.100001
0.100001
0.100001
0.100002
0.100002
0.100002
0.100002
0.100003
0.100003
0.100003
0.100003
0.100003
0.100004
0.100004
0.100004
0.100004
0.100005
0.100005
0.100005
0.10001
0.10001
0.10001
0.10001
0.10001
0.10001
0.10001
0.100009
0.100009
0.100009
0.100009
0.100009
0.100009
0.100009
0.100009
0.100009
0.100008
0.100008
0.100008
0.100008
0.100008
0.100007
0.100007
0.100009
0.100007
0.100009
0.100009
0.100007
0.100009
0.100009
0.100006
0.100009
0.100009
0.100006
0.100009
0.100009
0.100006
0.100009
0.100009
0.100009
0.100009
0.100006
0.100009
0.100009
0.100009
0.100009
0.100009
0.100025
0.100014
0.100009
0.100009
0.100006
0.100727
0.100181
0.100073
0.102844
0.109504
0.100005
0.280973
0.175975
0.129625
0.222677
0.256896
0.277429
0.2815
0.262871
0.262988
0.266412
0.272912
0.240347
0.240307
0.24129
0.100024
0.100062
0.100178
0.100504
0.101236
0.103026
0.10585
0.111198
0.175711
0.118074
0.267093
0.193192
0.283965
0.271886
0.274956
0.258608
0.28278
0.246086
0.100011
0.100011
0.100011
0.100011
0.100011
0.100011
0.100011
0.100011
0.100012
0.100011
0.100011
0.1
0.1
0.100001
0.100001
0.100001
0.100001
0.100001
0.100002
0.100002
0.100002
0.100002
0.100003
0.100003
0.100003
0.100003
0.100004
0.100004
0.100004
0.100004
0.100004
0.100005
0.100005
0.100005
0.10001
0.10001
0.10001
0.10001
0.10001
0.10001
0.10001
0.10001
0.10001
0.10001
0.100009
0.100009
0.100009
0.100009
0.100009
0.100009
0.100009
0.100009
0.100008
0.100008
0.100008
0.100008
0.100008
0.100007
0.100007
0.100009
0.100007
0.100009
0.100009
0.100007
0.100009
0.100009
0.100006
0.100009
0.100009
0.100006
0.100009
0.100009
0.100006
0.100009
0.100009
0.100009
0.100009
0.100009
0.100009
0.100006
0.100009
0.100009
0.100009
0.100009
0.100039
0.100016
0.10001
0.100006
0.101389
0.10033
0.100152
0.105307
0.117326
0.100005
0.280992
0.20387
0.153602
0.246926
0.268522
0.279679
0.281021
0.262225
0.26197
0.265516
0.272454
0.240934
0.240944
0.24252
0.100016
0.100032
0.100069
0.100189
0.100461
0.101008
0.102127
0.127611
0.103839
0.210894
0.138339
0.273984
0.226256
0.274444
0.280861
0.254427
0.275289
0.247715
0.100011
0.100011
0.100011
0.100011
0.100011
0.100011
0.100011
0.100011
0.100011
0.100011
0.100011
0.1
0.1
0.100001
0.100001
0.100001
0.100001
0.100001
0.100002
0.100002
0.100002
0.100002
0.100003
0.100003
0.100003
0.100003
0.100004
0.100004
0.100004
0.100004
0.100004
0.100005
0.100005
0.100005
0.100011
0.10001
0.10001
0.10001
0.10001
0.10001
0.10001
0.10001
0.10001
0.10001
0.10001
0.10001
0.10001
0.100009
0.100009
0.100009
0.100009
0.100009
0.100009
0.100009
0.100008
0.100008
0.100008
0.100008
0.100008
0.100007
0.100007
0.100007
0.100009
0.100009
0.100007
0.100009
0.100009
0.100006
0.100009
0.100009
0.100006
0.100009
0.100009
0.100006
0.100009
0.100009
0.100009
0.100009
0.100009
0.100009
0.100009
0.100006
0.100009
0.100009
0.100009
0.100011
0.100057
0.100023
0.100006
0.102595
0.100641
0.100256
0.109482
0.130297
0.100005
0.280136
0.229963
0.180534
0.261969
0.274169
0.279875
0.261214
0.260998
0.264769
0.271015
0.241532
0.241757
0.243383
0.100013
0.100016
0.100033
0.100066
0.10015
0.100319
0.106805
0.100619
0.150041
0.11056
0.237939
0.162398
0.268034
0.280112
0.275265
0.246416
0.266972
0.249253
0.100011
0.100011
0.100011
0.100011
0.100011
0.100011
0.100011
0.100011
0.100011
0.100011
0.100011
0.1
0.1
0.100001
0.100001
0.100001
0.100001
0.100001
0.100002
0.100002
0.100002
0.100002
0.100003
0.100003
0.100003
0.100003
0.100004
0.100004
0.100004
0.100004
0.100004
0.100005
0.100005
0.100005
0.100011
0.100011
0.10001
0.100011
0.10001
0.10001
0.10001
0.10001
0.10001
0.10001
0.10001
0.10001
0.10001
0.10001
0.10001
0.10001
0.100009
0.100009
0.100009
0.100009
0.100009
0.100009
0.100008
0.100008
0.100008
0.100008
0.100008
0.100007
0.100007
0.100007
0.100009
0.100009
0.100007
0.100009
0.100009
0.100006
0.100009
0.100009
0.100006
0.100009
0.100009
0.100006
0.100009
0.100009
0.100009
0.100009
0.100009
0.100009
0.100009
0.100009
0.100009
0.100006
0.100009
0.100009
0.100011
0.100083
0.100033
0.100006
0.104693
0.10116
0.100459
0.116522
0.15229
0.100005
0.250851
0.207131
0.270567
0.27801
0.278854
0.260218
0.260279
0.263632
0.269882
0.24224
0.242454
0.244411
0.100011
0.100013
0.100016
0.100027
0.100048
0.101236
0.100091
0.115478
0.101987
0.174153
0.121061
0.278652
0.27529
0.251932
0.184591
0.267118
0.277286
0.250748
0.100011
0.100011
0.10001
0.10001
0.100011
0.100011
0.100011
0.100011
0.100011
0.100011
0.100011
0.100011
0.1
0.1
0.100001
0.100001
0.100001
0.100001
0.100001
0.100002
0.100002
0.100002
0.100002
0.100003
0.100003
0.100003
0.100003
0.100004
0.100004
0.100004
0.100004
0.100004
0.100005
0.100005
0.100005
0.100011
0.100011
0.100011
0.100011
0.10001
0.100011
0.10001
0.10001
0.10001
0.10001
0.10001
0.10001
0.10001
0.10001
0.10001
0.10001
0.10001
0.10001
0.100009
0.100009
0.100009
0.100009
0.100009
0.100008
0.100008
0.100008
0.100008
0.100008
0.100007
0.100007
0.100007
0.100009
0.100007
0.100009
0.100009
0.100006
0.100009
0.100009
0.100006
0.100009
0.100009
0.100006
0.100009
0.100009
0.100009
0.100009
0.100009
0.100009
0.100009
0.100009
0.100009
0.100009
0.100006
0.10001
0.100014
0.100165
0.100054
0.100006
0.108171
0.102091
0.100835
0.127793
0.17771
0.100005
0.263921
0.229975
0.275201
0.278478
0.259506
0.259255
0.262539
0.268924
0.24289
0.243194
0.245478
0.100011
0.100011
0.100012
0.100014
0.100183
0.100019
0.103298
0.100297
0.127514
0.104805
0.275148
0.255558
0.194458
0.133763
0.267455
0.276557
0.274969
0.252249
0.100011
0.10001
0.10001
0.10001
0.10001
0.100011
0.100011
0.100011
0.100011
0.100011
0.100011
0.100011
0.1
0.1
0.100001
0.100001
0.100001
0.100001
0.100001
0.100002
0.100002
0.100002
0.100002
0.100003
0.100003
0.100003
0.100003
0.100004
0.100004
0.100004
0.100004
0.100004
0.100005
0.100005
0.100005
0.100011
0.100011
0.100011
0.100011
0.100011
0.100011
0.100011
0.10001
0.100011
0.10001
0.10001
0.10001
0.10001
0.10001
0.10001
0.10001
0.10001
0.10001
0.10001
0.10001
0.10001
0.100009
0.100009
0.100009
0.100009
0.100008
0.100008
0.100008
0.100008
0.100008
0.100007
0.100007
0.100007
0.10001
0.100007
0.10001
0.10001
0.100006
0.10001
0.10001
0.100006
0.10001
0.10001
0.100006
0.100009
0.100009
0.100009
0.100009
0.100009
0.100009
0.100009
0.10001
0.10001
0.100009
0.100009
0.100009
0.100006
0.100017
0.100276
0.100077
0.100006
0.113799
0.103666
0.101454
0.145738
0.201999
0.100005
0.271419
0.248206
0.276817
0.278106
0.258516
0.258223
0.261433
0.268217
0.24356
0.243966
0.246586
0.10001
0.100011
0.100011
0.10003
0.100011
0.100541
0.100045
0.106823
0.100783
0.258074
0.202422
0.140137
0.108949
0.267955
0.27653
0.274719
0.259431
0.25354
0.10001
0.100011
0.10001
0.10001
0.10001
0.10001
0.100011
0.100011
0.100011
0.100011
0.100011
0.100011
0.1
0.1
0.100001
0.100001
0.100001
0.100001
0.100001
0.100002
0.100002
0.100002
0.100002
0.100003
0.100003
0.100003
0.100003
0.100004
0.100004
0.100004
0.100004
0.100004
0.100005
0.100005
0.100005
0.100011
0.100011
0.100011
0.100011
0.100011
0.100011
0.100011
0.100011
0.100011
0.10001
0.100011
0.10001
0.10001
0.10001
0.10001
0.10001
0.10001
0.10001
0.10001
0.10001
0.10001
0.10001
0.100009
0.100009
0.100009
0.100009
0.100008
0.100008
0.100008
0.100008
0.100008
0.100007
0.100007
0.100007
0.100007
0.10001
0.10001
0.100006
0.10001
0.10001
0.100006
0.10001
0.10001
0.100006
0.100009
0.100009
0.100009
0.100009
0.100009
0.100012
0.100011
0.100022
0.10001
0.100009
0.10001
0.100009
0.100009
0.100009
0.100006
0.100473
0.10011
0.100006
0.122319
0.106244
0.102488
0.16839
0.222469
0.100005
0.274228
0.260743
0.27733
0.277752
0.257508
0.257178
0.260659
0.266655
0.244255
0.244774
0.247654
0.10001
0.10001
0.100012
0.10001
0.100079
0.100014
0.101209
0.100111
0.209174
0.145759
0.111353
0.101627
0.268502
0.276714
0.27454
0.259853
0.213494
0.254915
0.10001
0.10001
0.100011
0.10001
0.10001
0.10001
0.100011
0.100011
0.100011
0.100011
0.100011
0.100011
0.1
0.1
0.100001
0.100001
0.100001
0.100001
0.100001
0.100002
0.100002
0.100002
0.100002
0.100003
0.100003
0.100003
0.100003
0.100004
0.100004
0.100004
0.100004
0.100004
0.100005
0.100005
0.100005
0.100011
0.100011
0.100011
0.100011
0.100011
0.100011
0.100011
0.100011
0.100011
0.100011
0.10001
0.100011
0.10001
0.10001
0.10001
0.10001
0.10001
0.10001
0.10001
0.10001
0.10001
0.10001
0.100009
0.100009
0.100009
0.100009
0.100008
0.100008
0.100008
0.100008
0.100008
0.100007
0.100007
0.100007
0.100007
0.10001
0.10001
0.100006
0.10001
0.10001
0.100006
0.10001
0.10001
0.100006
0.100009
0.100009
0.10001
0.100009
0.100014
0.100044
0.100031
0.10001
0.10001
0.10001
0.100009
0.10001
0.100009
0.100009
0.100009
0.100006
0.100798
0.100207
0.100006
0.13508
0.110285
0.104127
0.190634
0.239768
0.100005
0.275764
0.267782
0.276797
0.256484
0.25643
0.259311
0.265913
0.244972
0.245592
0.248779
0.10001
0.10001
0.100017
0.10001
0.100176
0.100021
0.150881
0.113567
0.102154
0.100227
0.269263
0.276907
0.27433
0.259511
0.216552
0.154732
0.256106
0.10001
0.10001
0.10001
0.100011
0.10001
0.10001
0.10001
0.10001
0.100011
0.100011
0.100011
0.100011
0.100011
0.100011
0.1
0.1
0.100001
0.100001
0.100001
0.100001
0.100001
0.100002
0.100002
0.100002
0.100002
0.100003
0.100003
0.100003
0.100003
0.100004
0.100004
0.100004
0.100004
0.100004
0.100005
0.100005
0.100005
0.100011
0.100011
0.100011
0.100011
0.100011
0.100011
0.100011
0.100011
0.100011
0.100011
0.10001
0.100011
0.10001
0.10001
0.10001
0.10001
0.10001
0.10001
0.10001
0.10001
0.10001
0.100009
0.100009
0.100009
0.100009
0.100008
0.100008
0.100008
0.100008
0.100008
0.100007
0.100007
0.100007
0.100007
0.10001
0.100006
0.10001
0.10001
0.100006
0.10001
0.10001
0.100006
0.100009
0.10001
0.100009
0.100016
0.100065
0.100319
0.10001
0.10001
0.10001
0.10001
0.10001
0.100009
0.10001
0.100009
0.100009
0.100009
0.100006
0.101341
0.100006
0.153244
0.116269
0.106594
0.209511
0.25299
0.100005
0.275902
0.27167
0.276185
0.255737
0.255302
0.258361
0.265475
0.24571
0.246444
0.249856
0.10001
0.100011
0.10001
0.100029
0.100011
0.115708
0.102646
0.100311
0.100034
0.269887
0.277067
0.273962
0.258582
0.216451
0.157593
0.11725
0.25713
0.10001
0.10001
0.10001
0.10001
0.100011
0.10001
0.10001
0.10001
0.100011
0.100011
0.100011
0.100011
0.100011
0.100011
0.1
0.1
0.100001
0.100001
0.100001
0.100001
0.100001
0.100002
0.100002
0.100002
0.100002
0.100003
0.100003
0.100003
0.100003
0.100004
0.100004
0.100004
0.100004
0.100004
0.100005
0.100005
0.100005
0.100011
0.100011
0.100011
0.100011
0.100011
0.100011
0.100011
0.100011
0.100011
0.100011
0.10001
0.100011
0.10001
0.10001
0.10001
0.10001
0.10001
0.10001
0.10001
0.10001
0.100009
0.100009
0.100009
0.100009
0.100008
0.100008
0.100008
0.100008
0.100008
0.100007
0.100007
0.100007
0.100007
0.10001
0.100006
0.10001
0.10001
0.100006
0.10001
0.10001
0.100006
0.10001
0.100009
0.100019
0.100095
0.100499
0.102132
0.10001
0.10001
0.10001
0.10001
0.10001
0.10001
0.100009
0.10001
0.100009
0.100009
0.100009
0.100006
0.100006
0.172661
0.124594
0.110109
0.226002
0.262701
0.100005
0.276061
0.273962
0.275813
0.25469
0.254494
0.257603
0.263167
0.24647
0.247296
0.250876
0.10001
0.100012
0.10001
0.103089
0.100372
0.100043
0.100012
0.270791
0.277175
0.273355
0.256687
0.215468
0.158542
0.118628
0.103444
0.258036
0.10001
0.10001
0.10001
0.10001
0.10001
0.100011
0.10001
0.10001
0.10001
0.100011
0.100011
0.100011
0.100011
0.100011
0.1
0.1
0.100001
0.100001
0.100001
0.100001
0.100001
0.100002
0.100002
0.100002
0.100002
0.100003
0.100003
0.100003
0.100003
0.100004
0.100004
0.100004
0.100004
0.100004
0.100005
0.100005
0.100005
0.100011
0.100011
0.100011
0.100011
0.100011
0.100011
0.100011
0.10001
0.100011
0.10001
0.10001
0.10001
0.10001
0.10001
0.10001
0.10001
0.100009
0.100009
0.100009
0.100009
0.100008
0.100008
0.100008
0.100008
0.100008
0.100007
0.100007
0.100007
0.100007
0.100006
0.10001
0.10001
0.100006
0.10001
0.10001
0.100006
0.100011
0.100022
0.10012
0.100745
0.10329
0.10001
0.10001
0.10001
0.10001
0.10001
0.10001
0.100009
0.10001
0.10001
0.10001
0.100011
0.100006
0.100006
0.191289
0.135711
0.114834
0.239716
0.269803
0.100005
0.27524
0.275046
0.253909
0.253622
0.256047
0.262336
0.247241
0.248147
0.25184
0.10001
0.10001
0.100435
0.100049
0.100013
0.10001
0.272216
0.277073
0.272558
0.25413
0.213232
0.157912
0.1187
0.10358
0.100459
0.258952
0.10001
0.10001
0.10001
0.10001
0.100011
0.10001
0.100011
0.1
0.1
0.100001
0.100001
0.100001
0.100001
0.100001
0.100002
0.100002
0.100002
0.100002
0.100003
0.100003
0.100003
0.100003
0.100004
0.100004
0.100004
0.100004
0.100004
0.100005
0.100005
0.100005
0.100011
0.100011
0.100011
0.100011
0.10001
0.100011
0.10001
0.10001
0.10001
0.10001
0.10001
0.10001
0.100009
0.100009
0.100009
0.100009
0.100008
0.100008
0.100008
0.100008
0.100008
0.100007
0.100007
0.100007
0.100007
0.100006
0.10001
0.10001
0.100006
0.100006
0.100026
0.100151
0.101067
0.104808
0.10001
0.10001
0.10001
0.10001
0.10001
0.10001
0.10001
0.10001
0.100011
0.100012
0.100031
0.100006
0.100006
0.206993
0.149992
0.120531
0.250769
0.27267
0.274813
0.275382
0.25314
0.252532
0.255068
0.261184
0.248023
0.248986
0.252793
0.10001
0.100055
0.100013
0.10001
0.10001
0.273373
0.276943
0.271407
0.250526
0.209526
0.156198
0.11831
0.103503
0.100452
0.100054
0.10001
0.10001
0.1
0.1
0.100001
0.100001
0.100001
0.100001
0.100001
0.100002
0.100002
0.100002
0.100002
0.100003
0.100003
0.100003
0.100003
0.100004
0.100004
0.100004
0.100004
0.100004
0.100005
0.100005
0.100011
0.100011
0.100011
0.100011
0.10001
0.10001
0.10001
0.10001
0.100009
0.100009
0.100009
0.100009
0.100008
0.100008
0.100008
0.100008
0.100008
0.100007
0.100007
0.100007
0.100007
0.100006
0.100006
0.100006
0.100213
0.101452
0.106743
0.10001
0.10001
0.10001
0.10001
0.10001
0.100012
0.100013
0.100036
0.10004
0.100263
0.100006
0.220361
0.164413
0.127221
0.259242
0.275567
0.274264
0.2749
0.25212
0.251709
0.254272
0.248803
0.249819
0.100013
0.10001
0.276471
0.269139
0.245976
0.204117
0.152826
0.117419
0.10338
0.10043
0.100052
0.100013
0.1
0.1
0.100001
0.100001
0.100001
0.100001
0.100001
0.100002
0.100002
0.100002
0.100002
0.100003
0.100003
0.100003
0.100003
0.100004
0.100004
0.100004
0.100004
0.100004
0.100005
0.100011
0.100011
0.100011
0.100011
0.10001
0.10001
0.10001
0.10001
0.100009
0.100009
0.100009
0.100009
0.100008
0.100008
0.100008
0.100008
0.100008
0.100007
0.100007
0.100007
0.100007
0.100006
0.100006
0.100006
0.101905
0.108955
0.10001
0.100013
0.100045
0.100049
0.100301
0.100347
0.102342
0.231466
0.17785
0.134292
0.2653
0.25134
0.250942
0.249585
0.239689
0.197681
0.147929
0.115811
0.103144
0.100403
0.1
0.1
0.100001
0.100001
0.100001
0.100001
0.100001
0.100002
0.100002
0.100002
0.100002
0.100003
0.100003
0.100003
0.100003
0.100004
0.100004
0.100004
0.100004
0.100004
0.100011
0.100011
0.100011
0.100011
0.10001
0.10001
0.10001
0.10001
0.100009
0.100009
0.100009
0.100009
0.100008
0.100008
0.100008
0.100008
0.100008
0.100007
0.100007
0.100007
0.100007
0.100006
0.100006
0.111392
0.102789
0.113686
0.188889
0.141532
0.250578
0.1
0.1
0.100001
0.100001
0.100001
0.100001
0.100001
0.100002
0.100002
0.100002
0.100002
0.100003
0.100003
0.100003
0.100003
0.100004
0.100004
0.100004
0.100004
0.100011
0.100011
0.100011
0.100011
0.10001
0.10001
0.10001
0.10001
0.100009
0.100009
0.100009
0.100009
0.100008
0.100008
0.100008
0.100008
0.100008
0.100007
0.100007
0.100007
0.100007
0.100006
0.1
0.1
0.100001
0.100001
0.100001
0.100001
0.100001
0.100002
0.100002
0.100002
0.100002
0.100003
0.100003
0.100003
0.100003
0.100004
0.100004
0.100004
0.100011
0.100011
0.100011
0.100011
0.10001
0.10001
0.10001
0.10001
0.100009
0.100009
0.100009
0.100009
0.100008
0.100008
0.100008
0.100008
0.100008
0.100007
0.100007
0.100007
0.100007
0.1
0.1
0.100001
0.100001
0.100001
0.100001
0.100001
0.100002
0.100002
0.100002
0.100002
0.100003
0.100003
0.100003
0.100003
0.100004
0.100004
0.100011
0.100011
0.100011
0.100011
0.10001
0.10001
0.10001
0.10001
0.100009
0.100009
0.100009
0.100009
0.100008
0.100008
0.100008
0.100008
0.100008
0.100007
0.100007
0.100007
0.1
0.1
0.100001
0.100001
0.100001
0.100001
0.100001
0.100002
0.100002
0.100002
0.100002
0.100003
0.100003
0.100003
0.100003
0.100004
0.100011
0.100011
0.100011
0.100011
0.10001
0.10001
0.10001
0.10001
0.100009
0.100009
0.100009
0.100009
0.100008
0.100008
0.100008
0.100008
0.100008
0.100007
0.100007
0.1
0.1
0.100001
0.100001
0.100001
0.100001
0.100001
0.100002
0.100002
0.100002
0.100002
0.100003
0.100003
0.100003
0.100003
0.100011
0.100011
0.100011
0.100011
0.10001
0.10001
0.10001
0.10001
0.100009
0.100009
0.100009
0.100009
0.100008
0.100008
0.100008
0.100008
0.100008
0.100007
0.1
0.1
0.100001
0.100001
0.100001
0.100001
0.100001
0.100002
0.100002
0.100002
0.100002
0.100003
0.100003
0.100003
0.100011
0.100011
0.100011
0.100011
0.10001
0.10001
0.10001
0.10001
0.100009
0.100009
0.100009
0.100009
0.100009
0.100008
0.100008
0.100008
0.100008
0.1
0.1
0.100001
0.100001
0.100001
0.100001
0.100001
0.100002
0.100002
0.100002
0.100002
0.100003
0.100003
0.100011
0.100011
0.100011
0.100011
0.10001
0.10001
0.10001
0.10001
0.100009
0.100009
0.100009
0.100009
0.100009
0.100008
0.100008
0.100008
0.1
0.1
0.100001
0.100001
0.100001
0.100001
0.100001
0.100002
0.100002
0.100002
0.100002
0.100003
0.100011
0.100011
0.100011
0.100011
0.10001
0.10001
0.10001
0.10001
0.100009
0.100009
0.100009
0.100009
0.100009
0.100008
0.100008
0.1
0.1
0.100001
0.100001
0.100001
0.100001
0.100001
0.100002
0.100002
0.100002
0.100002
0.100011
0.100011
0.100011
0.100011
0.10001
0.10001
0.10001
0.10001
0.100009
0.100009
0.100009
0.100009
0.100009
0.100008
0.1
0.1
0.100001
0.100001
0.100001
0.100001
0.100001
0.100002
0.100002
0.100002
0.100011
0.100011
0.100011
0.100011
0.10001
0.10001
0.10001
0.10001
0.100009
0.100009
0.100009
0.100009
0.100009
0.1
0.1
0.100001
0.100001
0.100001
0.100001
0.100001
0.100002
0.100002
0.100011
0.100011
0.100011
0.100011
0.10001
0.10001
0.10001
0.10001
0.100009
0.100009
0.100009
0.100009
0.1
0.1
0.100001
0.100001
0.100001
0.100001
0.100001
0.100002
0.100011
0.100011
0.100011
0.100011
0.10001
0.10001
0.10001
0.10001
0.100009
0.100009
0.100009
0.1
0.1
0.100001
0.100001
0.100001
0.100001
0.100001
0.100011
0.100011
0.100011
0.100011
0.10001
0.10001
0.10001
0.10001
0.100009
0.100009
0.1
0.1
0.100001
0.100001
0.100001
0.100001
0.100011
0.100011
0.100011
0.100011
0.10001
0.10001
0.10001
0.10001
0.100009
0.1
0.1
0.100001
0.100001
0.100001
0.100011
0.100011
0.100011
0.100011
0.10001
0.10001
0.10001
0.10001
0.1
0.1
0.100001
0.100001
0.100011
0.100011
0.100011
0.100011
0.10001
0.10001
0.10001
0.1
0.1
0.100001
0.100011
0.100011
0.100011
0.100011
0.10001
0.10001
0.1
0.1
0.100011
0.100011
0.100011
0.100011
0.10001
0.1
0.100011
0.100011
0.100011
0.100011
0.100011
0.100011
0.100011
0.100011
0.100011
0.100011
)
;

boundaryField
{
    lowerOutlet
    {
        type            calculated;
        value           nonuniform List<scalar> 
144
(
0.100011
0.100011
0.100011
0.100011
0.100011
0.100011
0.100011
0.100011
0.100011
0.100011
0.100011
0.100011
0.100011
0.100011
0.100011
0.100011
0.100011
0.100011
0.100011
0.100011
0.100011
0.100011
0.100011
0.100011
0.100011
0.100011
0.100011
0.100011
0.100011
0.100011
0.100011
0.100011
0.100011
0.100011
0.100011
0.100011
0.100011
0.100011
0.100012
0.100021
0.1002
0.101403
0.106775
0.115731
0.129716
0.112472
0.100048
0.100014
2.09308
0.131074
0.105071
0.100012
0.100011
0.100011
0.100011
0.100011
0.100011
0.100011
0.100011
0.100011
0.100011
0.100011
0.100011
0.100011
0.100011
0.100011
0.100011
0.100011
0.100011
0.100011
0.100011
0.100011
0.100011
0.100011
0.100011
0.100011
0.100011
0.100011
0.100011
0.100011
0.100011
0.100011
0.100011
0.100011
0.100011
0.100011
0.100011
0.100011
0.100011
0.100011
0.100011
0.100011
0.100011
0.100011
0.100011
0.100011
0.100014
0.100061
0.100589
0.103803
0.107676
0.125762
0.119823
0.100268
0.100012
0.618826
0.16332
0.12311
0.100021
0.100011
0.100011
0.100011
0.100011
0.100011
0.100011
0.100011
0.100011
0.130298
0.105879
0.100017
0.100035
0.4058
0.12695
0.100883
0.100011
0.100011
0.100011
0.120528
0.126562
0.101659
0.100013
0.102281
0.232013
0.216376
0.100114
0.100011
0.100011
0.100011
0.100011
0.100011
0.100011
0.100011
0.100011
0.100011
)
;
    }
    top
    {
        type            calculated;
        value           nonuniform List<scalar> 
100
(
0.1
0.1
0.1
0.1
0.1
0.1
0.1
0.1
0.1
0.1
0.1
0.1
0.1
0.100001
0.100011
0.100083
0.100528
0.102512
0.108043
0.11707
0.126887
0.134313
0.137588
0.138556
0.1385
0.137504
0.135596
0.132097
0.125962
0.11723
0.109367
0.103718
0.101093
0.100254
0.100067
0.100009
0.100001
0.1
0.1
0.1
0.1
0.1
0.1
0.1
0.1
0.1
0.1
0.1
0.1
0.1
0.1
0.1
0.1
0.1
0.1
0.1
0.1
0.1
0.1
0.1
0.1
0.1
0.1
0.1
0.1
0.1
0.1
0.1
0.1
0.1
0.1
0.1
0.1
0.1
0.1
0.1
0.1
0.1
0.1
0.1
0.1
0.1
0.1
0.1
0.1
0.1
0.1
0.1
0.1
0.1
0.1
0.1
0.1
0.1
0.1
0.1
0.1
0.1
0.1
0.1
)
;
    }
    sides
    {
        type            calculated;
        value           nonuniform List<scalar> 
100
(
0.100011
0.100011
0.100011
0.100011
0.10001
0.10001
0.10001
0.10001
0.100009
0.100009
0.100009
0.100009
0.100009
0.100008
0.100008
0.100008
0.100008
0.100007
0.100007
0.100007
0.100007
0.100006
0.100006
0.100006
0.100006
0.100006
0.100005
0.100005
0.100005
0.100005
0.100004
0.100004
0.100004
0.100004
0.100004
0.100003
0.100003
0.100003
0.100003
0.100002
0.100002
0.100002
0.100002
0.100001
0.100001
0.100001
0.100001
0.100001
0.1
0.1
0.100011
0.100011
0.100011
0.100011
0.10001
0.10001
0.10001
0.10001
0.100009
0.100009
0.100009
0.100009
0.100009
0.100008
0.100008
0.100008
0.100008
0.100007
0.100007
0.100007
0.100007
0.100006
0.100006
0.100006
0.100006
0.100006
0.100005
0.100005
0.100005
0.100005
0.100004
0.100004
0.100004
0.100004
0.100004
0.100003
0.100003
0.100003
0.100003
0.100002
0.100002
0.100002
0.100002
0.100001
0.100001
0.100001
0.100001
0.100001
0.1
0.1
)
;
    }
    front
    {
        type            empty;
    }
    back
    {
        type            empty;
    }
    roller
    {
        type            calculated;
        value           nonuniform List<scalar> 
144
(
0.249456
0.233505
0.256473
0.256416
0.240347
0.25212
0.246519
0.249805
0.262871
0.267548
0.244862
0.239696
0.2358
0.251097
0.233638
0.234394
0.236004
0.254274
0.239769
0.252547
0.246921
0.245986
0.25469
0.246126
0.259506
0.253434
0.266366
0.26377
0.253359
0.24799
0.234727
0.2365
0.255334
0.255048
0.240934
0.246406
0.24593
0.245852
0.246985
0.267155
0.267178
0.246214
0.240912
0.236638
0.255893
0.252428
0.254476
0.233978
0.233459
0.234116
0.254613
0.239163
0.252965
0.246097
0.253909
0.260218
0.254826
0.243511
0.238578
0.235135
0.253771
0.24224
0.24289
0.24571
0.248803
0.246645
0.257687
0.255049
0.233524
0.23369
0.233853
0.255701
0.237529
0.25196
0.250554
0.244972
0.250068
0.24864
0.248023
0.248194
0.25134
0.25314
0.258516
0.248962
0.248278
0.262225
0.256967
0.26755
0.2422
0.23753
0.234557
0.233408
0.25616
0.256649
0.25659
0.256203
0.23805
0.238619
0.253372
0.24356
0.24647
0.249585
0.250578
0.256484
0.247841
0.250239
0.264659
0.265199
0.259039
0.26107
0.261732
0.262941
0.265061
0.265829
0.267292
0.256639
0.235111
0.235538
0.255923
0.236992
0.241532
0.251503
0.251033
0.244255
0.249582
0.249103
0.247241
0.247782
0.247401
0.255737
0.245945
0.257508
0.261214
0.252606
0.251477
0.255513
0.266901
0.265954
0.259797
0.264542
0.263576
0.266827
0.266254
0.267607
)
;
    }
    burner
    {
        type            calculated;
        value           nonuniform List<scalar> 
16
(
2.0751
2.98344
3.15174
3.22908
2.92419
3.12253
3.21552
3.22882
2.37449
3.03143
3.17299
3.24778
2.71668
3.08126
3.1941
3.24545
)
;
    }
}


// ************************************************************************* //
