/*--------------------------------*- C++ -*----------------------------------*\
  =========                 |
  \\      /  F ield         | OpenFOAM: The Open Source CFD Toolbox
   \\    /   O peration     | Website:  https://openfoam.org
    \\  /    A nd           | Version:  dev
     \\/     M anipulation  |
\*---------------------------------------------------------------------------*/
FoamFile
{
    version     2.0;
    format      ascii;
    class       volScalarField;
    location    "2500";
    object      G;
}
// * * * * * * * * * * * * * * * * * * * * * * * * * * * * * * * * * * * * * //

dimensions      [1 0 -3 0 0 0 0];

internalField   nonuniform List<scalar> 
9836
(
3936.54
3942.15
3943.49
3947.1
3949.12
3951.14
3951.38
3954.08
3956.79
3959.5
3955
3958.37
3961.75
3965.16
3968.57
3957.97
3961.99
3966.04
3970.12
3974.24
3978.38
3960.3
3964.95
3969.65
3974.4
3979.21
3984.06
3988.93
3962.01
3967.28
3972.6
3978
3983.47
3989.02
3994.62
4000.26
3963.11
3968.98
3974.9
3980.92
3987.03
3993.25
3999.57
4005.95
4012.38
3963.63
3970.06
3976.57
3983.18
3989.91
3996.78
4003.77
4010.88
4018.07
4025.33
3963.58
3970.56
3977.62
3984.8
3992.12
3999.6
4007.24
4015.04
4022.98
4031.02
4039.14
3962.99
3970.49
3978.08
3985.8
3993.68
4001.74
4009.99
4018.45
4027.09
4035.9
4044.83
4053.85
3961.88
3969.87
3977.96
3986.2
3994.6
4003.21
4012.04
4021.11
4030.42
4039.95
4049.67
4059.54
4069.51
3960.27
3968.73
3977.29
3986.01
3994.91
4004.03
4013.41
4023.05
4032.97
4043.17
4053.64
4064.33
4075.2
4086.18
3958.2
3967.09
3976.1
3985.27
3994.63
4004.23
4014.11
4024.28
4034.78
4045.6
4056.75
4068.21
4079.93
4091.85
4103.92
3955.68
3964.99
3974.41
3983.99
3993.79
4003.84
4014.18
4024.84
4035.86
4047.25
4059.03
4071.18
4083.69
4096.51
4109.57
4122.79
3952.75
3962.44
3972.24
3982.22
3992.41
4002.87
4013.63
4024.75
4036.24
4048.15
4060.5
4073.29
4086.51
4100.14
4114.14
4128.41
4142.87
3949.42
3959.47
3969.63
3979.97
3990.53
4001.36
4012.51
4024.03
4035.96
4048.33
4061.19
4074.54
4088.41
4102.77
4117.62
4132.88
4148.46
4164.27
3945.74
3956.11
3966.6
3977.27
3988.16
3999.34
4010.84
4022.72
4035.03
4047.82
4061.13
4074.99
4089.42
4104.43
4120.03
4136.17
4152.8
4169.82
4187.09
3941.72
3952.39
3963.18
3974.15
3985.35
3996.83
4008.65
4020.86
4033.51
4046.66
4060.36
4074.65
4089.58
4105.16
4121.41
4138.33
4155.89
4174.01
4192.58
4211.46
3937.38
3948.33
3959.4
3970.64
3982.12
3993.87
4005.97
4018.47
4031.42
4044.89
4058.92
4073.59
4088.93
4104.99
4121.81
4139.4
4157.75
4176.84
4196.59
4216.87
4237.51
3932.76
3943.96
3955.28
3966.77
3978.49
3990.5
4002.84
4015.59
4028.8
4042.53
4056.86
4071.83
4087.52
4103.98
4121.27
4139.42
4158.45
4178.36
4199.12
4220.67
4242.84
4265.43
3927.88
3939.3
3950.84
3962.56
3974.5
3986.72
3999.29
4012.25
4025.69
4039.65
4054.21
4069.44
4085.41
4102.19
4119.84
4138.44
4158.03
4178.62
4200.24
4222.85
4246.37
4270.64
4295.41
3922.76
3934.38
3946.12
3958.04
3970.17
3982.59
3995.34
4008.5
4022.11
4036.26
4051.02
4066.45
4082.64
4099.66
4117.6
4136.54
4156.56
4177.7
4200
4223.49
4248.14
4273.86
4300.47
4327.69
3917.42
3929.22
3941.14
3953.23
3965.54
3978.12
3991.04
4004.35
4018.12
4032.42
4047.32
4062.91
4079.26
4096.46
4114.61
4133.79
4154.11
4175.65
4198.49
4222.67
4248.22
4275.14
4303.32
4332.57
4362.61
3911.88
3923.84
3935.92
3948.16
3960.62
3973.34
3986.4
3999.84
4013.73
4028.15
4043.16
4058.86
4075.32
4092.65
4110.93
4130.27
4150.78
4172.58
4195.79
4220.48
4246.72
4274.56
4304.01
4334.97
4367.26
4400.54
3906.18
3918.27
3930.48
3942.86
3955.44
3968.29
3981.45
3995
4008.99
4023.49
4038.59
4054.36
4070.89
4088.27
4106.62
4126.04
4146.65
4168.59
4192
4217.01
4243.73
4272.25
4302.65
4334.95
4369.1
4404.89
4441.81
3900.31
3912.53
3924.85
3937.34
3950.03
3962.98
3976.24
3989.86
4003.93
4018.49
4033.63
4049.43
4065.99
4083.39
4101.75
4121.18
4141.81
4163.78
4187.25
4212.4
4239.38
4268.34
4299.39
4332.65
4368.22
4406.04
4445.8
4486.95
3894.32
3906.63
3919.05
3931.63
3944.41
3957.44
3970.77
3984.46
3998.57
4013.17
4028.33
4044.14
4060.68
4078.05
4096.37
4115.75
4136.32
4158.24
4181.67
4206.79
4233.82
4262.96
4294.4
4328.28
4364.81
4404.12
4446.1
4490.45
4536.51
3888.2
3900.59
3913.1
3925.75
3938.6
3951.69
3965.08
3978.81
3992.95
4007.56
4022.72
4038.5
4055
4072.31
4090.55
4109.82
4130.27
4152.05
4175.34
4200.32
4227.22
4256.3
4287.82
4322
4359.09
4399.36
4442.91
4489.7
4539.42
4591.27
3881.98
3894.44
3907.01
3919.72
3932.62
3945.76
3959.18
3972.94
3987.09
4001.69
4016.83
4032.57
4049
4066.22
4084.33
4103.46
4123.73
4145.31
4168.37
4193.1
4219.75
4248.58
4279.89
4314.03
4351.3
4392.03
4436.51
4484.95
4537.35
4593.45
4652.19
3875.67
3888.19
3900.8
3913.56
3926.5
3939.66
3953.1
3966.87
3981.01
3995.6
4010.69
4026.37
4042.71
4059.81
4077.77
4096.71
4116.77
4138.09
4160.85
4185.25
4211.53
4239.96
4270.86
4304.62
4341.67
4382.43
4427.25
4476.56
4530.67
4589.72
4653.4
4720.38
3869.29
3881.84
3894.5
3907.28
3920.25
3933.43
3946.87
3960.63
3974.75
3989.3
4004.33
4019.93
4036.16
4053.12
4070.91
4089.64
4109.44
4130.46
4152.87
4176.87
4202.69
4230.6
4260.94
4294.09
4330.54
4370.86
4415.5
4464.96
4519.83
4580.59
4647.57
4720.42
4797.31
3862.85
3875.42
3888.1
3900.91
3913.88
3927.06
3940.5
3954.24
3968.32
3982.82
3997.77
4013.27
4029.39
4046.2
4063.8
4082.3
4101.82
4122.5
4144.52
4168.06
4193.34
4220.65
4250.3
4282.68
4318.26
4357.7
4401.63
4450.63
4505.4
4566.74
4635.34
4712.01
4795.9
4861.68
4863.18
3856.38
3868.94
3881.64
3894.46
3907.43
3920.6
3934.01
3947.72
3961.75
3976.18
3991.06
4006.44
4022.41
4039.05
4056.45
4074.71
4093.93
4114.27
4135.86
4158.9
4183.61
4210.24
4239.1
4270.58
4305.14
4343.39
4386.1
4434.03
4487.96
4548.84
4617.74
4695.65
4784.57
4861.75
4857.15
4908.65
4909.88
3849.88
3862.43
3875.12
3887.93
3900.89
3914.04
3927.43
3941.08
3955.06
3969.42
3984.19
3999.46
4015.29
4031.74
4048.92
4066.91
4085.83
4105.8
4126.96
4149.48
4173.57
4199.48
4227.5
4257.99
4291.39
4328.3
4369.46
4415.71
4468.09
4527.63
4595.57
4673.47
4752.16
4740.07
4849.84
4787.84
4839.32
4907.75
4902.25
4959.2
4960.07
3843.36
3855.89
3868.56
3881.35
3894.29
3907.42
3920.76
3934.36
3948.27
3962.54
3977.21
3992.35
4008.02
4024.29
4041.24
4058.96
4077.55
4097.14
4117.85
4139.85
4163.32
4188.48
4215.61
4245.06
4277.23
4312.68
4352.1
4396.33
4446.47
4503.83
4569.77
4645.98
4726.71
4711.53
4774.74
4893.53
4826.34
4881.61
4957.14
4950.52
5013.74
5014.16
3836.85
3849.34
3861.98
3874.74
3887.65
3900.73
3914.02
3927.56
3941.4
3955.57
3970.13
3985.13
4000.64
4016.71
4033.43
4050.88
4069.14
4088.34
4108.6
4130.06
4152.9
4177.32
4203.56
4231.93
4262.83
4296.74
4334.33
4376.38
4423.91
4478.3
4541.23
4614.55
4695.42
4677.9
4759.59
4742.7
4811.31
4940.31
4866.92
4926.65
5010.3
5002.35
5072.73
5072.68
3830.35
3842.79
3855.39
3868.1
3880.96
3893.99
3907.23
3920.7
3934.45
3948.53
3962.97
3977.83
3993.17
4009.05
4025.53
4042.7
4060.64
4079.46
4099.26
4120.18
4142.38
4166.05
4191.41
4218.72
4248.34
4280.7
4316.41
4356.19
4400.96
4452
4511.03
4580.23
4659.73
4640.42
4724.57
4705.26
4794.16
4775.23
4849.85
4990.45
4909.94
4974.77
5067.7
5058.16
5136.76
5136.15
3823.87
3836.26
3848.8
3861.46
3874.26
3887.22
3900.39
3913.79
3927.45
3941.42
3955.74
3970.46
3985.63
4001.31
4017.55
4034.44
4052.06
4070.5
4089.86
4110.26
4131.84
4154.76
4179.24
4205.5
4233.87
4264.72
4298.57
4336.06
4378.03
4425.6
4480.34
4544.4
4620.72
4600.27
4685.02
4663.88
4754.97
4733.53
4830.5
4809.26
4890.57
5044.27
4955.7
5026.25
5129.87
5118.42
5206.39
5205.24
3817.43
3829.74
3842.22
3854.82
3867.55
3880.44
3893.53
3906.84
3920.41
3934.27
3948.47
3963.04
3978.04
3993.51
4009.53
4026.14
4043.44
4061.5
4080.42
4100.31
4121.29
4143.52
4167.15
4192.39
4219.52
4248.89
4280.94
4316.21
4355.42
4399.55
4449.96
4508.51
4579.91
4559.31
4642.11
4619.88
4711.11
4687.84
4786.63
4762.81
4868.75
4844.92
4933.69
5102.16
5004.43
5081.35
5197.47
5183.72
5282.49
5280.69
3811.02
3823.26
3835.67
3848.19
3860.84
3873.65
3886.65
3899.86
3913.33
3927.08
3941.14
3955.57
3970.4
3985.68
4001.46
4017.81
4034.8
4052.49
4070.98
4090.38
4110.78
4132.32
4155.16
4179.45
4205.41
4233.35
4263.66
4296.81
4333.38
4374.19
4420.39
4473.54
4539.16
4519.16
4597.57
4575.32
4663.93
4639.68
4738.01
4712.44
4819.64
4793.22
4909.11
4882.43
4979.4
5164.61
5056.34
5140.5
5271.16
5254.65
5366
5363.34
3804.67
3816.83
3829.15
3841.59
3854.15
3866.87
3879.77
3892.88
3906.23
3919.86
3933.79
3948.07
3962.73
3977.81
3993.37
4009.46
4026.14
4043.48
4061.57
4080.48
4100.33
4121.22
4143.29
4166.69
4191.58
4218.2
4246.86
4277.99
4312.06
4349.75
4391.98
4440.01
4499.81
4480.77
4553.44
4532
4615.41
4591.36
4686.33
4660.04
4765.96
4738.13
4854.26
4825.26
4951.78
4922.09
5027.98
5232.16
5111.95
5204.33
5351.69
5332.01
5458.12
5454.39
3798.37
3810.44
3822.68
3835.02
3847.49
3860.11
3872.9
3885.9
3899.13
3912.63
3926.43
3940.55
3955.04
3969.93
3985.27
4001.1
4017.49
4034.49
4052.18
4070.64
4089.96
4110.24
4131.59
4154.13
4178.02
4203.44
4230.62
4259.9
4291.66
4326.44
4364.96
4408.25
4462.45
4444.53
4511.17
4490.92
4567.77
4544.78
4633.87
4608.08
4710
4681.89
4795.79
4766.06
4891.26
4860.2
4997.24
4964.98
5080.26
5305.6
5172.28
5273.92
5440.31
5416.91
5560.33
5555.28
3792.14
3804.12
3816.26
3828.51
3840.87
3853.38
3866.05
3878.93
3892.04
3905.4
3919.05
3933.02
3947.34
3962.04
3977.17
3992.75
4008.85
4025.53
4042.84
4060.86
4079.68
4099.38
4120.06
4141.82
4164.77
4189.08
4214.91
4242.54
4272.25
4304.42
4339.6
4378.51
4427.36
4410.84
4471.35
4452.41
4522.49
4500.9
4582.85
4558.33
4654.06
4626.72
4736.3
4706.85
4829.14
4798.2
4932.36
4900.24
5047
5013.37
5138.1
5386.16
5239.37
5351.5
5538.25
5510.62
5674.43
5667.63
3785.98
3797.86
3809.91
3822.04
3834.3
3846.69
3859.24
3871.99
3884.96
3898.18
3911.68
3925.49
3939.64
3954.15
3969.07
3984.42
4000.24
4016.6
4033.55
4051.16
4069.5
4088.65
4108.71
4129.74
4151.85
4175.15
4199.75
4225.89
4253.77
4283.68
4315.97
4351.15
4389.79
4434.25
4417.01
4480.05
4459.95
4534.6
4511.64
4600.04
4574.13
4677.82
4649.32
4767.63
4737.51
4868.76
4837.63
4980.45
4948.73
5103.93
5070.84
5204.83
5476.19
5316.93
5441.17
5646.99
5615.33
5802.74
5793.7
3779.9
3791.67
3803.62
3815.65
3827.78
3840.05
3852.48
3865.09
3877.91
3890.98
3904.32
3917.97
3931.94
3946.27
3960.98
3976.1
3991.67
4007.73
4024.33
4041.54
4059.42
4078.05
4097.52
4117.89
4139.23
4161.63
4185.16
4209.95
4236.2
4264.11
4293.92
4325.95
4360.62
4405.21
4388.77
4440.72
4422.52
4489.47
4468.1
4549.01
4524.67
4621.43
4594.21
4707.65
4678.07
4806.73
4775.96
4917.59
4886.37
5039.02
5008.01
5172.02
5140.59
5284.63
5579.78
5409.55
5547.99
5768.9
5734.97
5948.3
5936.41
3773.89
3785.57
3797.4
3809.32
3821.34
3833.48
3845.77
3858.23
3870.9
3883.81
3896.99
3910.47
3924.26
3938.4
3952.91
3967.81
3983.13
3998.91
4015.18
4032
4049.45
4067.59
4086.5
4106.25
4126.89
4148.48
4171.07
4194.72
4219.54
4245.69
4273.34
4302.66
4334.02
4373.44
4358.83
4410.2
4393.02
4447.7
4428.42
4501.1
4478.33
4567.65
4541.75
4648.84
4620.04
4745.06
4713.98
4854.91
4822.82
4977
4944.99
5109.77
5078.94
5254.01
5223.92
5380.05
5702.42
5519.85
5675.01
5907.59
5875.05
6114.84
6099.35
3767.96
3779.54
3791.27
3803.08
3814.97
3826.98
3839.12
3851.44
3863.95
3876.69
3889.7
3902.99
3916.61
3930.56
3944.87
3959.55
3974.64
3990.14
4006.11
4022.57
4039.61
4057.27
4075.65
4094.8
4114.8
4135.67
4157.43
4180.1
4203.73
4228.38
4254.17
4281.2
4309.6
4345.15
4332.12
4376.92
4361.81
4416.52
4398.22
4456.56
4435.96
4516.54
4492.08
4591.69
4563.84
4682.84
4651.81
4789.89
4756.2
4911.67
4876.74
5046.84
5012.2
5193.37
5160.91
5351.05
5321.37
5492.39
5848.3
5649.42
5824.25
6068.27
6041.53
6306.88
6287.52
3762.19
3773.59
3785.22
3796.92
3808.69
3820.56
3832.56
3844.71
3857.06
3869.62
3882.45
3895.56
3908.98
3922.74
3936.85
3951.33
3966.19
3981.44
3997.12
4013.25
4029.89
4047.1
4064.97
4083.56
4102.94
4123.14
4144.18
4166.02
4188.64
4212.07
4236.32
4261.43
4287.46
4314.37
4347.66
4334.31
4381.11
4365.13
4425.34
4405.58
4468.61
4446.36
4536.55
4509.96
4621.05
4590.65
4722.06
4687.82
4840.09
4802.22
4974.78
4934.9
5125.11
5085.22
5288.87
5251.59
5463.87
5431.98
5622.68
6020.03
5799.82
5998.35
6258.12
6238.81
6529.32
6507.01
3767.8
3779.26
3790.85
3802.5
3814.23
3826.08
3838.08
3850.25
3862.63
3875.26
3888.17
3901.39
3914.95
3928.86
3943.13
3957.78
3972.8
3988.21
4004.04
4020.31
4037.1
4054.47
4072.51
4091.3
4110.88
4131.26
4152.39
4174.19
4196.61
4219.61
4243.17
4267.3
4291.94
4323.11
4310.83
4350.22
4336.22
4387.1
4369.88
4437.16
4415.57
4484.4
4460.12
4560.75
4531.61
4653.77
4620.12
4763.67
4725.08
4892.67
4848.96
5041.42
4994.36
5209.21
5161.45
5393.87
5348.79
5592
5553.5
5771.21
6221.61
5972.92
6199.45
6484.85
6472.55
6788.38
6765.48
3773.46
3784.87
3796.4
3808
3819.7
3831.53
3843.52
3855.71
3868.14
3880.84
3893.85
3907.2
3920.9
3934.97
3949.41
3964.22
3979.39
3994.93
4010.87
4027.26
4044.16
4061.67
4079.87
4098.84
4118.61
4139.12
4160.26
4181.88
4203.88
4226.2
4248.79
4271.6
4299.54
4288.94
4325.16
4312.51
4353.83
4338.92
4395.39
4376.59
4451.77
4428.06
4503.62
4476.98
4587.12
4555.18
4686.9
4649.41
4804.71
4760.81
4944.71
4893.79
5108.86
5052.79
5296.77
5238.63
5506.54
5450.45
5733.63
5684.18
5936.97
6458.35
6169.69
6363.92
6382.82
6754.48
6749.86
7094.42
7076.33
3779.07
3790.41
3801.88
3813.43
3825.09
3836.9
3848.89
3861.1
3873.58
3886.37
3899.49
3912.98
3926.84
3941.08
3955.68
3970.63
3985.92
4001.57
4017.59
4034.05
4051.04
4068.67
4087.03
4106.2
4126.14
4146.75
4167.77
4189.01
4210.34
4231.7
4253.06
4274.32
4300.9
4290.06
4328.39
4314.99
4359.14
4343.07
4405.89
4385.24
4468.1
4442.22
4524.64
4495.6
4612.99
4578.13
4717.83
4676.13
4843.04
4793.38
4994.71
4936.15
5175.7
5109.99
5385.87
5316.31
5625.13
5555.7
5888.78
5772.45
5806.62
6089.17
6060.28
6506.24
6671.61
6656.75
6345.19
6317.27
6184.5
6486.69
7081.74
6820.32
6993.68
7001.13
7497.13
7490.38
3784.6
3795.86
3807.27
3818.77
3830.39
3842.18
3854.17
3866.42
3878.96
3891.85
3905.1
3918.74
3932.77
3947.18
3961.93
3977.01
3992.39
4008.1
4024.16
4040.66
4057.72
4075.46
4094
4113.38
4133.52
4154.13
4174.87
4195.46
4215.83
4235.99
4255.98
4281.09
4271.46
4302.78
4291.51
4332.9
4318.54
4366.16
4348.73
4417.97
4395.37
4484.19
4456.37
4545.05
4513.74
4636.17
4598.4
4745.3
4699.2
4878.38
4822.5
5042.94
4976.09
5242.54
5166.56
5474.28
5435.82
5395.73
5355.62
5737.33
5698.86
5521.13
5615.36
5658.08
5878.69
6030.76
5994.38
5842.22
6153.69
6640.15
6805.57
6461.71
6430.3
6286.68
6616.54
7184.85
7396.24
7394.36
6983.6
7177.54
8175.88
7638.28
7933.86
7970.95
3790.04
3801.22
3812.56
3824
3835.59
3847.35
3859.36
3871.65
3884.28
3897.28
3910.68
3924.49
3938.7
3953.27
3968.16
3983.34
3998.77
4014.48
4030.54
4047.04
4064.15
4082.02
4100.79
4120.45
4140.77
4161.27
4181.43
4201.05
4220.22
4239.04
4258.05
4282.72
4272.55
4305.52
4293.61
4338.49
4323.01
4374.56
4355.63
4430.27
4405.94
4498.29
4468.86
4562.92
4529.59
4655.65
4615.03
4769.07
4718.49
4910.87
4848.35
5089.82
5013.99
5313.76
5272.61
5229.65
5187.79
5480.23
5437.51
5393.79
5802.84
5760.47
5570.87
5669.04
5715.68
5955.76
6118.53
6078.46
5914.17
6250.71
6783.89
6964.77
6585.8
6393.7
6548.38
6754.34
7390.68
7633.63
7161.63
7377.65
8302.29
8666.28
8656.56
7917.45
8255.91
3795.4
3806.48
3817.75
3829.13
3840.67
3852.42
3864.44
3876.79
3889.52
3902.67
3916.24
3930.24
3944.63
3959.37
3974.37
3989.6
4005.03
4020.69
4036.68
4053.15
4070.31
4088.36
4107.45
4127.5
4147.97
4168.03
4187.19
4205.56
4223.37
4241
4264.46
4255.29
4284.82
4274.24
4309.04
4296.36
4344.72
4328.07
4383.56
4363.17
4441.25
4415.59
4509.33
4478.62
4577.27
4542.12
4671.36
4627.98
4789.13
4733.82
4940.49
4870.55
5144.68
5103.07
5060.76
5020.2
5349.36
5304.66
5259.24
5213.92
5525.86
5479.71
5432.57
5870.15
5823.56
5621.14
5724.16
5774.66
6034.73
6210.1
6165.04
5988.07
6351.77
6936.74
7135.48
6716.92
6505.19
6672.04
6899.73
7619.6
7897.03
7353.7
7595.44
8625.85
8938.05
8937.61
8216.54
8575.81
3800.66
3811.64
3822.81
3834.12
3845.62
3857.36
3869.41
3881.84
3894.7
3908.01
3921.78
3935.99
3950.58
3965.46
3980.54
3995.76
4011.11
4026.65
4042.52
4058.94
4076.17
4094.52
4114.19
4134.63
4154.83
4173.93
4191.78
4208.77
4225.19
4242.31
4265.74
4255.97
4287.26
4276.06
4313.07
4299.53
4350.85
4333.14
4392
4370.43
4449.93
4423.35
4517.18
4485.38
4588.11
4551.32
4683.06
4637.03
4804.85
4744.49
4979.62
4940.86
4902.65
4866.28
5168.51
5123.68
5079.2
5035.7
5384.95
5336.94
5288.44
5239.95
5572.31
5522.5
5471.77
5939.36
5888.3
5672.39
5780.6
5835.16
6116.04
6305.21
6254.52
6064.31
6456.67
7099.09
7318.11
6854.39
6621.17
6801.16
7052.94
7868.67
8177.47
7559.99
7829.91
8923.26
9233.07
9230.62
8522.91
8885.13
3805.81
3816.67
3827.75
3838.99
3850.43
3862.17
3874.26
3886.8
3899.81
3913.33
3927.33
3941.78
3956.56
3971.56
3986.66
4001.79
4016.97
4032.29
4047.97
4064.31
4081.79
4100.77
4120.9
4141.22
4160.59
4178.39
4194.86
4210.36
4225.76
4247.33
4238.28
4266.93
4256.77
4289.74
4277.86
4317.17
4302.77
4356.06
4337.54
4398.87
4376.46
4455.89
4428.69
4521.82
4489.2
4595.27
4557.08
4690.12
4641.62
4815.53
4749.99
4993.1
4951.79
4911.74
4873.59
5191.66
5143.89
5096.75
5050.59
5420.65
5369.17
5317.33
5265.56
5619.58
5565.86
5511.28
6010.67
5955.01
5724.67
5838.62
5897.6
6200.19
6403.65
6346.95
6143.26
6565.47
7271.38
7512.74
6998.24
6741.81
6935.94
7214.38
8133.15
8468.62
7780.12
8079.25
9225.52
9562.72
9560.15
8831.3
9196.27
3810.82
3821.56
3832.54
3843.69
3855.1
3866.84
3879.01
3891.68
3904.89
3918.65
3932.93
3947.63
3962.6
3977.67
3992.69
4007.61
4022.47
4037.47
4052.93
4069.39
4087.36
4106.75
4126.87
4146.49
4164.63
4181.02
4195.98
4210.17
4224.85
4247.27
4237.74
4267.82
4257.2
4291.87
4279.33
4320.78
4305.62
4359.75
4340.69
4403.65
4380.69
4459.17
4431.53
4523.08
4489.99
4598.32
4559.08
4692.07
4641.21
4839.03
4801.8
4734.06
4766.98
5005.56
4961.8
4919.45
4878.6
5214.17
5163.39
5113.46
5064.65
5456.38
5401.22
5345.8
5290.58
5667.64
5609.73
5550.98
6084.49
6024.13
5778.09
5898.25
5962.11
6287.2
6505.61
6442.56
6224.99
6678.23
7453.78
7719
7148.96
6867.46
7076.63
7384.52
8409.43
8768.52
8014.01
8341.39
9549.98
9914.47
9909.86
9145.32
9521
3815.69
3826.29
3837.15
3848.22
3859.59
3871.36
3883.64
3896.49
3909.96
3924.04
3938.64
3953.62
3968.73
3983.73
3998.51
4013.05
4027.49
4042.14
4057.55
4074.31
4092.7
4112.11
4131.49
4149.83
4166.5
4181.32
4194.87
4208.23
4227.88
4218.98
4246.88
4237.1
4268.24
4257.2
4293.29
4280.21
4323.38
4307.63
4361.66
4342.28
4406.14
4382.89
4459.66
4431.82
4520.7
4487.6
4596.7
4556.87
4704.17
4675.78
4635.65
4841.74
4802.88
4732.61
4766.5
5017.06
4970.79
4926.11
4883.03
5235.9
5182
5129.15
5077.64
5492
5432.88
5373.64
5314.79
5716.46
5653.96
5590.67
6160.96
6095.63
5832.61
5959.24
6028.51
6377.16
6611.09
6541.45
6309.53
6795.07
7646.48
7937.48
7307.24
6998.39
7223.7
7564.02
8697.29
9079.08
8261.68
8616.17
9891.68
10265.3
10262.9
9471.55
9861.79
3820.39
3830.83
3841.57
3852.55
3863.9
3875.74
3888.17
3901.28
3915.11
3929.59
3944.55
3959.7
3974.76
3989.52
4003.89
4017.94
4031.93
4046.38
4061.96
4079.21
4097.56
4116.14
4134.16
4150.87
4165.86
4179.39
4192.37
4205.58
4226.56
4217.57
4246.04
4236.02
4268.05
4256.68
4293.76
4280.34
4324.61
4308.49
4361.66
4342.16
4406.31
4382.99
4457.28
4429.51
4514.64
4481.9
4590.59
4550.53
4701.62
4673.33
4642.05
4616.41
4843.31
4802.82
4729.96
4765.01
5027.45
4978.67
4931.67
4886.45
5256.68
5199.54
5143.67
5089.36
5527.28
5463.92
5400.63
5337.96
5765.89
5698.33
5630.07
6240.23
6169.4
5888.06
6021.45
6096.66
6470.07
6720.14
6643.63
6397.07
6916.61
7850.25
8169.75
7473.98
7135.15
7378.16
7753.73
8999.2
9403.88
8523.1
8906.08
10243.2
10594.4
10598.3
9814.75
10219.4
3824.9
3835.17
3845.76
3856.66
3868.01
3879.96
3892.65
3906.16
3920.46
3935.33
3950.51
3965.65
3980.48
3994.83
4008.68
4022.22
4035.88
4050.45
4066.55
4083.79
4101.31
4118.5
4134.84
4149.93
4163.8
4176.92
4189.88
4208.06
4200.16
4225.27
4216.38
4244.82
4234.73
4267.2
4255.62
4293.22
4279.66
4324.33
4308.06
4359.72
4340.3
4404.13
4380.95
4451.96
4424.58
4505.33
4473.08
4594.4
4572.77
4540.54
4697.97
4668.85
4636.17
4611.02
4843.76
4801.66
4726.33
4762.5
5036.54
4985.27
4936
4888.74
5276.27
5215.8
5156.82
5099.65
5561.91
5494.03
5426.47
5359.82
5815.72
5742.51
5668.82
6322.19
6245.45
5944.24
6084.59
6166.4
6566.07
6833.51
6749.72
6487.35
7043.65
8066.99
8416.95
7649.9
7278.41
7540.77
7955.34
9318.23
9747.15
8799.82
9215
10598.5
10909.3
10928.2
10179.3
10596.9
3829.19
3839.25
3849.69
3860.52
3871.94
3884.12
3897.23
3911.25
3926
3941.16
3956.37
3971.3
3985.72
3999.53
4012.83
4025.98
4039.74
4054.85
4071.09
4087.6
4103.81
4119.44
4134.32
4148.39
4161.81
4175.03
4188.55
4207.11
4199.47
4224.06
4215.31
4243.43
4233.42
4265.76
4254.19
4291.72
4278.23
4322.58
4306.44
4355.9
4336.86
4399.6
4376.78
4443.83
4417.16
4504.98
4488.06
4461.34
4588.44
4567.31
4521.91
4541.23
4693.42
4663.56
4629.86
4604.69
4843.13
4799.45
4721.88
4759.03
5044.23
4990.55
4939.08
4889.86
5294.42
5230.52
5168.39
5108.36
5595.54
5522.85
5450.83
5380.03
5865.69
5786.14
5706.49
6406.59
6323.39
6000.67
6148.1
6237.29
6665.6
6951.59
6859.87
6580.39
7176.53
8298.58
8680.02
7836.68
7428.86
7713.32
8170.83
9657.75
10114.2
9095.51
9546.4
10973.2
11301
11339
10571.5
11009.6
3833.22
3843.04
3853.32
3864.14
3875.75
3888.37
3902.06
3916.63
3931.72
3946.95
3961.95
3976.48
3990.36
4003.61
4016.49
4029.69
4044.01
4059.45
4075.15
4090.47
4105.26
4119.6
4133.56
4147.26
4161
4174.98
4192.32
4185.9
4206.57
4199.19
4223.1
4214.54
4242.11
4232.28
4264
4252.66
4289.46
4276.23
4319.56
4303.84
4350.53
4332.25
4392.85
4370.7
4433.33
4407.6
4498.06
4481.4
4458.88
4444.08
4581.93
4560.83
4515.38
4533.95
4688.15
4657.64
4623.03
4597.79
4841.5
4796.37
4716.75
4754.77
5050.39
4994.43
4940.9
4889.86
5310.82
5243.44
5178.15
5115.27
5627.74
5550.01
5473.31
5398.23
5915.12
5828.65
5742.65
6492.98
6402.51
6056.56
6211.35
6308.65
6768.21
7074.58
6973.98
6675.58
7315.94
8546.7
8961.54
8036.36
7588.24
7897.88
8402.75
10022.4
10511.3
9414.93
9904.19
11430.8
11888.5
11925.8
11001.8
11490.2
3836.93
3846.49
3856.65
3867.59
3879.64
3892.92
3907.27
3922.26
3937.43
3952.46
3967.08
3981.09
3994.42
4007.24
4020.13
4033.88
4048.68
4063.81
4078.49
4092.54
4106.24
4119.93
4133.8
4147.97
4162.37
4176.93
4192.87
4186.68
4206.52
4199.44
4222.53
4214.21
4241.09
4231.49
4262.3
4251.34
4286.81
4274.08
4315.69
4300.62
4344.21
4327.03
4384.33
4363.25
4430.7
4417.64
4396.29
4490.73
4474.24
4451.46
4437.18
4574.91
4553.69
4508.11
4526.49
4682.29
4651.13
4615.89
4590.54
4838.92
4792.53
4711.06
4749.86
5054.87
4996.8
4941.36
4888.68
5325.16
5254.33
5185.96
5120.32
5658.1
5575.06
5493.52
5414.08
5963.3
5869.57
5776.96
6580.43
6481.73
6111.34
6272.9
6379.22
6873.74
7203.3
7092.25
6772.4
7462.89
8813.8
9266.62
8251.93
7758.29
8097.64
8654.83
10417.3
10946.2
9762.02
10292.5
12017.5
12680.3
12690.5
11487
12059.2
3840.27
3849.55
3859.72
3871.08
3883.89
3897.98
3912.82
3927.9
3942.89
3957.55
3971.68
3985.16
3998.08
4010.85
4024.25
4038.58
4053.32
4067.7
4081.34
4094.57
4107.97
4121.79
4136.03
4150.59
4165.25
4179.49
4193.68
4187.66
4206.93
4200.06
4222.48
4214.38
4240.52
4231.2
4260.92
4250.42
4284.16
4272.12
4311.44
4297.21
4337.39
4321.54
4374.5
4354.95
4423.83
4411.11
4381.83
4392.77
4483.01
4466.66
4443.75
4429.74
4567.47
4546.17
4500.41
4518.78
4675.99
4644.29
4608.67
4583.15
4835.37
4787.97
4704.93
4744.4
5057.57
4997.56
4940.34
4886.23
5337.14
5262.91
5191.6
5123.37
5686.29
5597.63
5511.07
5427.18
6009.74
5908.51
5809.08
6668.29
6560.16
6163.72
6331.22
6447.67
6981.96
7337.97
7214.51
6870.45
7618.76
9104.55
9600.35
8488.35
7942.41
8317.48
8931.05
10848.5
11427.9
10140.3
10714.9
12717.6
13596
13542.1
12038.5
12709.7
3843.13
3852.22
3862.75
3874.98
3888.76
3903.45
3918.43
3933.34
3947.97
3962.16
3975.79
3988.86
4001.69
4014.92
4028.93
4043.4
4057.67
4071.22
4084.26
4097.39
4110.96
4125.01
4139.44
4153.95
4168.18
4184.45
4188.72
4178.93
4194.64
4207.52
4200.85
4222.73
4214.8
4240.34
4231.28
4259.9
4249.88
4281.73
4270.47
4307.09
4293.87
4330.12
4315.76
4363.75
4345.98
4416.61
4404.28
4375.57
4386.03
4474.92
4458.75
4435.68
4421.91
4559.85
4538.45
4492.31
4510.84
4669.36
4637.28
4601.26
4575.59
4830.73
4782.6
4698.34
4738.39
5058.43
4996.63
4937.84
4882.48
5346.37
5268.84
5194.72
5124.08
5711.88
5617.23
5525.44
5437.08
6053.47
5944.51
5837.96
6755.83
6636.65
6212.37
6385.46
6512.82
7092.24
7479.8
7342.24
6968.78
7787.25
9423.44
9965.59
8748.99
8144.85
8560.6
9233.97
11321.9
11963.7
10551.5
11176.6
13487.8
14375.8
14356.4
12655.4
13422.6
3845.4
3854.68
3866.18
3879.61
3894.16
3909.07
3923.9
3938.44
3952.62
3966.33
3979.57
3992.54
4005.76
4019.54
4033.79
4048
4061.6
4074.64
4087.59
4100.87
4114.61
4128.7
4142.94
4157.09
4171.15
4190.11
4185.98
4180.34
4195.93
4208.48
4202
4223.15
4215.5
4240.13
4231.39
4258.84
4249.29
4279.29
4268.8
4302.59
4290.48
4322.52
4309.65
4360.04
4351.26
4336.66
4409.09
4397.16
4369.24
4379.17
4466.56
4450.52
4427.3
4413.78
4552.13
4530.63
4483.88
4502.53
4662.28
4629.95
4593.52
4567.67
4824.77
4776.15
4691.14
4731.58
5057.11
4993.75
4933.71
4877.3
5352.44
5271.69
5194.86
5121.97
5733.97
5633.11
5536.01
5443.14
6093.31
5976.33
5862.35
6841.8
6709.79
6256.65
6434.46
6573.33
7205.55
7632.56
7478.31
7067.47
7971.84
9772.81
10362.5
9034.11
8367.95
8825.53
9564.58
11842.4
12554.7
10998.4
11680.9
14279.1
15307.5
15222.8
13327.8
14176.4
3847.14
3857.43
3870.43
3884.92
3899.85
3914.65
3929.12
3943.21
3956.92
3970.27
3983.41
3996.66
4010.3
4024.36
4038.48
4052.14
4065.24
4078.12
4091.16
4104.55
4118.27
4132.2
4146.17
4160.13
4174.14
4191.68
4187.52
4181.86
4197.49
4209.83
4203.5
4223.87
4216.59
4239.93
4231.66
4257.57
4248.58
4276.61
4266.89
4297.81
4286.85
4315.24
4303.87
4354.14
4345.85
4326.7
4333.54
4401.34
4389.84
4362.89
4372.31
4457.89
4441.98
4418.59
4405.45
4544.1
4522.52
4475.14
4493.86
4654.72
4622.26
4585.26
4559.25
4817.25
4768.32
4683.07
4723.64
5053.19
4988.51
4927.57
4870.38
5354.69
5270.72
5191.27
5116.32
5751.46
5644.38
5541.91
5444.51
6128.64
6003.12
5881.44
6925.55
6778.09
6295.33
6473.28
6627.73
7323.22
7798.22
7623.72
7166.09
8173.41
10151.2
10791.7
9342.71
8608.9
9109.74
9920.9
12411.3
13196.1
11485
12229.6
15097.9
16226
16103.5
14047
14961.9
3848.85
3861.08
3875.59
3890.71
3905.62
3920.07
3934.07
3947.72
3961.1
3974.33
3987.6
4001.15
4015.04
4029.03
4042.67
4055.86
4068.73
4081.62
4094.72
4108.1
4121.71
4135.45
4149.25
4163.08
4176.99
4183.29
4193.27
4189
4199.13
4211.4
4205.15
4224.87
4217.95
4239.91
4232.19
4256.35
4247.98
4273.99
4265.01
4293.27
4283.38
4322.47
4313.07
4307.69
4298.48
4348.34
4340.65
4328.89
4393.45
4382.45
4356.57
4365.42
4448.77
4433
4409.53
4396.87
4535.64
4514.01
4465.94
4484.62
4646.53
4614.09
4576.06
4550.03
4807.81
4758.8
4673.73
4714.18
5045.98
4980.27
4918.75
4861.2
5352.23
5265.08
5183.07
5106.15
5763.52
5650.05
5542.13
5440.28
6158.61
6019.39
5888.6
6998.87
6835.55
6324.93
6534.42
6679.72
7445.96
7975.93
7770.61
7267.63
8388.01
10558.4
11256.1
9673.08
8863.06
9415.03
10300.8
13027.5
13885.1
12011.9
12822
15928.7
16825.8
16806.3
14804.8
15771.6
3851.48
3865.92
3881.49
3896.75
3911.32
3925.28
3938.84
3952.16
3965.37
3978.63
3992.1
4005.83
4019.64
4033.24
4046.47
4059.36
4072.15
4085.04
4098.14
4111.46
4124.94
4138.53
4152.18
4165.89
4181.82
4184.74
4186.08
4176.35
4194.77
4190.42
4200.65
4212.86
4206.66
4225.96
4219.28
4240.15
4232.92
4255.42
4247.66
4271.68
4263.42
4289.13
4280.24
4318.56
4309.55
4304.48
4293.55
4342.73
4335.6
4324.42
4385.42
4374.99
4350.35
4358.57
4439
4423.53
4400.09
4388.04
4526.47
4504.79
4455.97
4474.46
4637.33
4604.97
4565.42
4539.53
4795.53
4746.76
4662.41
4702.45
5034.38
4967.81
4906.12
4848.7
5344.26
5253.97
5169.45
5090.69
5765.93
5648.12
5536.4
5431.46
6186.99
6058.41
5874.89
7091.07
6847.17
6323.95
6511.34
6698.98
7568.39
8161.85
7934.25
7387.36
8612.73
10996.2
11758.8
10024
9123.2
9736.75
10708.2
13689.9
14618.9
12580.2
13458.4
16726.1
17315.7
17461.6
15597.2
16601.8
3855.82
3871.92
3887.91
3902.84
3916.85
3930.32
3943.53
3956.66
3969.85
3983.21
3996.76
4010.38
4023.91
4037.11
4050.01
4062.74
4075.48
4088.36
4101.42
4114.64
4127.99
4141.45
4154.98
4168.57
4187.42
4183.12
4191.77
4177.57
4196.18
4202.04
4214.12
4208.01
4226.87
4220.4
4240.36
4233.52
4254.59
4247.39
4269.51
4261.96
4285.25
4277.27
4314.7
4306.16
4301.63
4298.46
4291.82
4288.09
4337.18
4330.61
4320.08
4377.25
4367.5
4344.18
4351.73
4428.47
4413.52
4390.22
4378.96
4516.12
4494.5
4445.02
4463.11
4626.44
4594.29
4552.77
4527.24
4779.04
4731
4648.23
4687.51
5017.72
4950.52
4888.88
4831.75
5332.59
5239.91
5153.59
5073.67
5755.78
5639.86
5528.64
5423.58
6195.07
6037.17
5869.78
7064.11
6841.36
6318.52
6505.21
6693.91
7624.14
8362.91
7913.61
7367.4
8849.96
11470.8
12302.6
10397.4
9252.31
10076.4
9586.7
11150.6
14399.9
15391.9
13190.5
14141.9
17558.5
17980.3
18514.1
16427.2
17485.6
3861.88
3878.84
3894.52
3908.77
3922.23
3935.34
3948.34
3961.38
3974.57
3987.92
4001.36
4014.73
4027.86
4040.72
4053.4
4066.03
4078.73
4091.56
4104.53
4117.64
4130.88
4144.22
4157.66
4171.2
4193.07
4188.71
4184.41
4197.51
4178.87
4203.32
4215.22
4209.22
4227.58
4221.34
4240.43
4233.94
4253.72
4247.03
4267.38
4260.5
4281.42
4274.36
4310.9
4302.8
4295.63
4289.24
4285.67
4331.74
4325.75
4315.82
4368.95
4359.95
4338.1
4344.96
4417.08
4402.88
4379.98
4369.71
4504.07
4482.77
4432.92
4450.33
4612.95
4581.24
4537.56
4512.64
4757.7
4710.63
4630.44
4668.53
4999.91
4930.86
4867.36
4810.22
5324.19
5231.08
5144.64
5064.92
5750.89
5635.08
5523.99
5419.03
6190.53
6031.33
5865.36
7058.55
6836.1
6313.77
6499.92
6689.12
7619.23
8348.88
7908.26
7361.72
8835.61
12001.5
12887.3
10798.5
9247.19
10084.4
9580.75
11625.6
15150.8
16206.5
13845.5
14870.1
18600.9
21358
20232.9
17310.2
18483.3
3869.42
3886.15
3900.92
3914.52
3927.59
3940.46
3953.32
3966.29
3979.4
3992.61
4005.78
4018.78
4031.56
4044.17
4056.7
4069.24
4081.86
4094.61
4107.48
4120.49
4133.63
4146.88
4160.25
4173.75
4180.13
4198.78
4194.34
4189.98
4185.68
4204.53
4216.22
4210.35
4228.18
4222.17
4240.4
4234.26
4252.77
4246.57
4265.23
4259
4277.75
4271.48
4307.16
4299.56
4292.78
4286.76
4283.57
4326.39
4320.97
4311.64
4360.59
4352.41
4332.14
4338.3
4404.84
4391.63
4369.56
4360.41
4490
4469.3
4419.7
4436.16
4596.2
4565.31
4519.5
4495.6
4734.53
4687.61
4608.63
4645.47
4991.3
4897.65
4841.89
4786.57
5319.75
5226.74
5140.43
5060.85
5746.65
5630.98
5519.97
5415.13
6186.23
6026.52
5861.66
7053.39
6831.57
6309.66
6495.56
6684.94
7614.1
8343.68
7902.69
7356.29
8829.6
12559
13525.6
10808.9
9241.25
10077.7
9574.21
11650.3
15944.4
17069.7
14550.5
15641
19903.9
24969.9
22157
18261.2
19599.6
3877.7
3893.16
3907.05
3920.17
3932.95
3945.64
3958.38
3971.23
3984.16
3997.08
4009.9
4022.56
4035.06
4047.48
4059.88
4072.32
4084.85
4097.51
4110.28
4123.19
4136.23
4149.41
4162.75
4176.27
4181.43
4182.69
4200
4195.58
4191.24
4186.96
4205.69
4217.17
4211.41
4228.74
4222.94
4240.35
4234.54
4251.84
4246.12
4263.12
4257.52
4281.24
4276.4
4273.72
4268.64
4303.53
4296.36
4290.01
4284.31
4321.16
4316.28
4307.57
4352.28
4344.97
4326.3
4331.78
4392.01
4380
4359.15
4351.18
4473.95
4454.2
4405.67
4420.88
4575.75
4546.09
4498.74
4476.28
4721.72
4657.51
4583.64
4619.36
4987.43
4901.78
4827.64
4773.81
5315.95
5223.07
5136.83
5057.39
5743.11
5627.5
5516.61
5411.86
6182.44
6022.56
7048.8
7609.36
8338.15
7897.46
7351.46
8823.52
13123.9
12399.8
14209.5
10801.8
9235.41
10070.7
9567.93
11642.5
16782.9
17979.8
15315
16458.7
21264.2
28457.9
24173.3
19271.1
20746.3
3885.56
3899.7
3912.94
3925.72
3938.28
3950.8
3963.37
3976.01
3988.66
4001.26
4013.75
4026.13
4038.42
4050.67
4062.94
4075.27
4087.7
4100.25
4112.93
4125.75
4138.71
4151.85
4165.18
4178.78
4183.98
4185.26
4188.24
4201.2
4196.82
4192.51
4206.82
4218.09
4212.46
4229.3
4223.7
4240.34
4234.85
4251.02
4245.74
4261.14
4256.16
4279.17
4274.53
4271.92
4265.98
4299.98
4293.27
4287.33
4281.97
4316.08
4311.74
4303.64
4344.07
4337.66
4320.62
4325.41
4378.91
4368.28
4348.85
4342.08
4456.05
4437.65
4391.14
4404.83
4551.86
4523.71
4475.5
4454.79
4658.82
4718.25
4555.62
4604.61
4984.11
4898.03
4823.64
4770.16
5312.79
5219.98
5133.83
5054.48
8332.89
8817.89
13167.5
12389.8
14887.3
14050.1
10794.2
10064.1
11634.3
17659.8
18923.4
16115.4
17353
22578.4
31317.3
26468.8
20295.7
21839.2
3892.55
3905.82
3918.64
3931.14
3943.49
3955.8
3968.15
3980.52
3992.87
4005.16
4017.38
4029.52
4041.62
4053.72
4065.86
4078.08
4090.4
4102.85
4115.43
4128.17
4141.07
4154.18
4167.55
4181.3
4186.57
4187.88
4189.53
4190.84
4193.79
4202.39
4198.07
4207.96
4219.03
4213.51
4229.91
4224.5
4240.44
4235.23
4250.35
4245.49
4259.37
4254.98
4277.13
4272.72
4270.32
4268.67
4265.1
4263.13
4296.54
4290.31
4284.75
4279.71
4311.18
4307.36
4299.83
4336.01
4330.5
4315.12
4319.22
4365.78
4356.64
4338.74
4333.18
4436.52
4419.97
4376.34
4388.18
4526.23
4498.91
4450.87
4431.43
4655.32
4715.23
4555.22
4601.26
4981.32
4894.75
4820.34
4767.03
13158.5
12380.4
14946.3
14036.7
10787.1
11626.5
18566.4
19873.5
16914.9
15961.4
18265.5
23920.4
33663.9
28650.3
21278.7
22849.7
3898.88
3911.65
3924.14
3936.38
3948.49
3960.57
3972.66
3984.75
3996.82
4008.85
4020.82
4032.75
4044.68
4056.62
4068.63
4080.74
4092.95
4105.29
4117.78
4130.44
4143.31
4156.42
4169.88
4183.79
4189.23
4190.58
4192.18
4193.54
4195.09
4196.42
4199.34
4203.61
4209.13
4220.03
4214.61
4230.63
4225.38
4240.7
4235.75
4249.93
4245.45
4257.91
4261.98
4254.09
4275.12
4270.93
4267.18
4263.89
4293.27
4287.49
4282.28
4277.53
4306.47
4303.14
4296.2
4328.16
4323.55
4309.85
4313.3
4352.73
4345.15
4328.95
4324.58
4415.63
4401.28
4361.44
4371.18
4511.64
4473.39
4436.53
4408.14
4652.34
4712.67
4551.87
4598.36
4892.01
4817.61
4764.43
13149
12372
14934.8
14025
19481.1
20791.3
16996.7
15944.2
19171.2
18167.1
25210.7
35568.1
30514.9
22169.4
23732.9
3904.76
3917.24
3929.45
3941.41
3953.25
3965.07
3976.9
3988.73
4000.54
4012.32
4024.07
4035.81
4047.57
4059.37
4071.25
4083.23
4095.34
4107.58
4119.98
4132.58
4145.42
4158.58
4172.13
4186.2
4191.94
4193.28
4194.94
4196.36
4197.78
4199.19
4200.64
4201.98
4204.86
4210.34
4221.12
4215.77
4231.5
4226.37
4241.21
4236.46
4249.84
4245.69
4260.99
4256.87
4260.09
4253.59
4273.17
4269.24
4265.77
4262.73
4290.18
4284.81
4279.92
4275.39
4301.97
4299.09
4292.79
4320.61
4316.88
4304.85
4307.71
4339.9
4333.99
4319.65
4316.42
4393.61
4381.9
4346.64
4354.09
4508.45
4471.74
4404.54
4433.52
4649.85
4549
4595.91
13140
14923.3
14015
20373.9
21625.8
16980.5
15930
20054.3
19058.7
18146
26440.2
37051.9
31997.8
22922.4
24489.8
3910.32
3922.6
3934.52
3946.18
3957.75
3969.32
3980.9
3992.48
4004.04
4015.59
4027.14
4038.7
4050.3
4061.96
4073.71
4085.57
4097.56
4109.7
4122.03
4134.58
4147.42
4160.62
4174.25
4188.46
4194.61
4195.93
4197.78
4199.21
4200.65
4202.14
4203.37
4204.82
4206.15
4207.5
4211.61
4222.32
4217.01
4232.54
4227.51
4241.99
4237.39
4250.19
4246.28
4257.13
4258.73
4255.86
4259.32
4261.66
4253.63
4271.28
4267.63
4264.42
4287.26
4282.26
4277.62
4273.33
4297.77
4295.32
4289.61
4313.44
4310.57
4300.15
4302.47
4327.36
4323.28
4310.91
4308.83
4373.51
4362.31
4331.98
4337.06
4505.69
4468.53
4369.8
4401.51
4430.87
4546.6
14912.7
21195
22328.3
16965.8
15918.2
20864.7
19920.8
19032.8
18128.9
27517.6
38111
33073.9
23514.1
25092.2
3915.66
3927.74
3939.34
3950.69
3961.99
3973.32
3984.65
3995.99
4007.33
4018.67
4030.03
4041.42
4052.86
4064.38
4075.99
4087.73
4099.61
4111.66
4123.92
4136.44
4149.28
4162.49
4176.19
4190.52
4197.21
4198.46
4200.64
4202.06
4203.64
4205.16
4206.34
4207.9
4208.92
4210.41
4212.97
4223.65
4218.36
4233.8
4228.8
4243.09
4238.58
4251.04
4247.28
4258.34
4257.07
4259.98
4255.84
4260.73
4263.17
4254.29
4269.48
4266.09
4284.51
4279.81
4275.37
4271.31
4293.9
4291.83
4286.62
4306.77
4304.68
4295.82
4297.6
4315.05
4313.01
4302.64
4301.76
4345.07
4317.37
4322.57
4503.34
4465.77
4366.86
4341.23
4398.87
4428.61
21904.7
22865.4
16953.1
21543.3
20702.8
19889.1
19013
18115.1
28376.9
38726.5
33731.1
23925.5
25512
3920.79
3932.62
3943.87
3954.93
3965.99
3977.08
3988.18
3999.3
4010.42
4021.56
4032.74
4043.96
4055.24
4066.62
4078.11
4089.72
4101.49
4113.46
4125.65
4138.14
4150.95
4164.17
4177.92
4192.39
4199.69
4200.92
4203.45
4204.81
4206.69
4208.23
4209.5
4211.12
4211.99
4213.64
4214.41
4215.94
4225.12
4219.81
4235.27
4230.28
4244.56
4240.05
4252.47
4248.72
4258.18
4259.46
4257.24
4261.16
4256.07
4262.06
4264.64
4255.69
4256.52
4267.73
4281.87
4277.36
4273.12
4269.33
4290.28
4288.55
4283.74
4300.56
4299.18
4291.79
4293.04
4302.61
4302.94
4294.41
4294.85
4305.14
4318.52
4463.44
4364.26
4338.37
4396.63
22440.4
23219.9
21585.3
20662.6
19866.1
18997.7
28965
38853.2
33918.9
24140.1
25719.6
3925.72
3937.21
3948.12
3958.92
3969.75
3980.61
3991.49
4002.39
4013.31
4024.26
4035.26
4046.32
4057.45
4068.69
4080.04
4091.53
4103.2
4115.08
4127.21
4139.63
4152.4
4165.62
4179.41
4205.8
4193.9
4206.16
4207.44
4209.74
4211.23
4212.76
4214.42
4215.33
4217.06
4217.59
4219.32
4221.39
4226.74
4236.99
4231.95
4246.38
4241.82
4254.46
4250.62
4259.2
4258.29
4260.5
4257.66
4262.26
4263.34
4266.06
4257.83
4257.22
4258.15
4279.18
4274.83
4270.84
4267.39
4286.74
4285.37
4280.77
4294.61
4293.98
4287.81
4288.5
4291.86
4292.01
4285.36
4287.55
4300.78
4315.69
4362.03
4335.83
22803.3
22303.9
23367.8
21548
20635.2
19849.1
29199.2
38416.9
33568.8
24134.5
25682.2
3930.43
3941.5
3952.09
3962.66
3973.27
3983.91
3994.58
4005.28
4016
4026.77
4037.6
4048.49
4059.48
4070.57
4081.78
4093.16
4104.72
4116.51
4128.55
4140.89
4153.62
4166.81
4180.59
4207.68
4215.46
4216.7
4194.98
4212.7
4214.12
4216.07
4217.7
4218.83
4220.63
4221.12
4222.97
4223.1
4224.93
4228.52
4238.94
4233.81
4248.56
4243.87
4256.99
4252.95
4260.15
4259.25
4258.69
4261.45
4258.37
4263.24
4264.54
4260.63
4259.32
4260.68
4259.34
4276.33
4272.2
4268.57
4265.58
4282.99
4282.05
4277.53
4288.49
4288.75
4283.52
4283.51
4286.86
4282.19
4274.67
4278.85
4297.94
4313.15
4333.62
22948.9
22657.3
22255.4
23283
21521.7
20616.2
28989.7
37307.4
32571
23893.1
25353.3
3934.85
3945.49
3955.82
3966.18
3976.57
3987
3997.47
4007.96
4018.5
4029.09
4039.75
4050.48
4061.31
4072.25
4083.34
4094.59
4106.04
4117.72
4129.66
4141.91
4154.57
4167.71
4181.37
4209.09
4217.85
4218.9
4222.36
4223.75
4195.55
4219.32
4220.89
4222.42
4224.21
4224.89
4226.84
4226.85
4228.84
4230.44
4241.11
4235.85
4251.05
4246.19
4259.95
4255.65
4260.97
4260.13
4259.64
4259.41
4262.22
4263.99
4263.93
4262.24
4263.94
4260.58
4262.05
4260.44
4273.26
4269.48
4266.37
4278.7
4278.33
4273.92
4281.47
4282.88
4278.5
4277.59
4283.96
4278.34
4273.89
4263.47
4266.71
4295.39
4310.94
22840.4
22797
22605.2
22223.5
22955.4
21502.9
28211.9
35353.5
30785.6
23398.8
24652.1
3938.97
3949.2
3959.32
3969.47
3979.66
3989.88
4000.15
4010.45
4020.81
4031.22
4041.7
4052.27
4062.94
4073.74
4084.69
4095.82
4107.14
4118.69
4130.51
4142.67
4155.22
4168.23
4181.66
4210.04
4219.81
4220.63
4225.06
4226.25
4229.37
4230.93
4195.55
4225.99
4227.72
4228.8
4230.77
4230.91
4233.04
4232.5
4234.65
4243.47
4238.04
4253.82
4248.74
4263.27
4258.67
4261.57
4260.86
4260.5
4260.38
4262.71
4264.41
4267.58
4265.73
4267.65
4263.72
4265.53
4261.76
4263.34
4261.46
4270.02
4266.82
4273.72
4274.11
4270.06
4272.76
4275.82
4272.59
4270.59
4281.37
4275.32
4269.81
4257.68
4254.95
4293.16
22464.8
22685.5
22742.3
22571.5
22202.4
22385.7
26755.6
32288.6
28001.1
22623.9
23481.3
3942.76
3952.69
3962.6
3972.54
3982.53
3992.56
4002.63
4012.74
4022.91
4033.15
4043.46
4053.86
4064.38
4075.03
4085.84
4096.82
4108
4119.41
4131.1
4143.12
4155.52
4168.3
4181.44
4225.26
4210.3
4227.28
4228.14
4232.4
4233.74
4236.47
4238.23
4194.95
4232.74
4234.64
4235.19
4237.37
4236.9
4239.21
4240.38
4246
4256.83
4251.49
4266.89
4261.97
4261.83
4261.34
4261.19
4261.25
4262.79
4264.38
4271.55
4269.57
4271.67
4267.45
4269.44
4265.13
4267.07
4262.88
4264.58
4262.4
4266.79
4268.22
4269.51
4266.17
4262.49
4267.46
4266.02
4262.76
4279.11
4272.65
4266.64
4246.9
4254.37
4244.87
21833.4
22311.4
22629.5
22707.3
22549.5
21571.9
24491.3
27652.5
23941.5
21526.4
21751.3
3946.26
3955.96
3965.66
3975.41
3985.2
3995.03
4004.9
4014.83
4024.82
4034.87
4045.01
4055.25
4065.61
4076.11
4086.76
4097.58
4108.6
4119.86
4131.39
4143.25
4155.43
4167.9
4180.67
4225.79
4236.79
4237.48
4209.91
4234.92
4235.93
4239.88
4241.39
4243.68
4245.65
4193.72
4239.53
4241.64
4241.57
4243.98
4242.82
4245.35
4248.66
4260.03
4254.41
4270.77
4265.49
4261.63
4261.44
4261.6
4261.95
4262.35
4263.8
4275.83
4273.75
4276.03
4271.49
4273.63
4269.1
4271.18
4266.49
4268.56
4263.91
4265.73
4263.15
4262.57
4264.82
4262.51
4251.41
4258.06
4259.23
4254.63
4270.35
4263.88
4243.61
4239.48
4251.55
4235.57
20976.6
21689.5
22255.7
22593.9
22684.7
20495
21344.7
20475.8
18218.2
20080.2
19469.2
3949.53
3959.01
3968.51
3978.06
3987.65
3997.29
4006.97
4016.71
4026.52
4036.39
4046.36
4056.43
4066.63
4076.96
4087.43
4098.08
4108.94
4120.03
4131.38
4143.01
4154.88
4167
4179.33
4225.65
4237.96
4238.26
4244.9
4245.71
4208.81
4242.72
4243.89
4247.5
4249.19
4250.98
4253.18
4191.83
4246.37
4248.71
4247.94
4250.59
4251.44
4263.39
4257.46
4274.89
4269.21
4260.82
4261.01
4261.58
4262.35
4261.24
4280.64
4280.39
4275.84
4278.16
4273.32
4275.53
4270.7
4272.87
4267.79
4269.98
4264.77
4266.73
4263.6
4257.16
4260.36
4259.32
4239.93
4248.4
4252.7
4246.82
4261.54
4240.79
4236.24
4231.23
4249.18
20465.7
19867.2
20549.5
21636.2
22220.5
22571.1
19172.7
17428.5
10834.2
12193.4
18331.9
16808.4
3952.58
3961.85
3971.16
3980.51
3989.91
3999.35
4008.84
4018.39
4028.01
4037.7
4047.5
4057.4
4067.41
4077.56
4087.86
4098.33
4109
4119.89
4131.02
4142.34
4153.87
4165.57
4177.4
4242.28
4224.68
4246.29
4246.6
4253.22
4254.18
4206.97
4250.7
4252.05
4255.26
4257.16
4258.4
4260.86
4189.27
4253.25
4255.85
4254.3
4257.23
4266.91
4260.63
4279.21
4273.11
4259.27
4259.91
4261.01
4262.31
4282.64
4285.68
4285.32
4285.19
4277.81
4280.19
4275.08
4277.35
4272.23
4274.48
4268.93
4271.26
4265.33
4267.44
4263.6
4252.3
4256.41
4256.79
4230.54
4239.28
4246.77
4239.67
4238.41
4233.43
4227.75
4222.64
19413.2
18587.9
20509.8
19191.6
21602.6
22198
17676.5
13441.4
9978.42
10036.4
16399.9
14133.6
3955.41
3964.49
3973.6
3982.75
3991.95
4001.2
4010.5
4019.86
4029.29
4038.81
4048.42
4058.13
4067.96
4077.92
4088.02
4098.3
4108.76
4119.42
4130.25
4141.24
4152.38
4163.61
4174.87
4241.46
4255.49
4255.46
4222.88
4254.87
4255.3
4261.78
4262.88
4204.37
4258.88
4260.43
4263.18
4265.31
4265.93
4268.68
4186.04
4260.17
4263.07
4263.87
4270.51
4283.67
4277.11
4257.99
4259.71
4261.66
4284.74
4291.01
4290.9
4288.01
4287.48
4290.18
4279.7
4282.16
4276.74
4279.06
4273.63
4275.96
4269.81
4272.31
4265.45
4267.74
4262.99
4248.26
4253.2
4255.05
4223.19
4231
4241.74
4233.49
4231.07
4224.84
4219.26
4217.5
18169.6
17198.4
20482.9
19147.4
18002.9
21581
16098.1
10699.4
9482.9
9422.72
14451.2
11856.9
3958.04
3966.92
3975.83
3984.79
3993.79
4002.84
4011.94
4021.11
4030.36
4039.69
4049.1
4058.62
4068.25
4078.02
4087.92
4097.97
4108.2
4118.58
4129.08
4139.7
4150.39
4161.1
4171.73
4259.23
4239.7
4264.49
4264.45
4220.23
4263.69
4264.22
4270.58
4271.83
4201.02
4267.27
4269.04
4271.27
4273.67
4273.56
4276.64
4182.15
4267.13
4270.37
4274.13
4288.19
4281.16
4257.51
4260.26
4286.7
4293.77
4296.61
4296.78
4293.37
4290.36
4289.55
4295.26
4281.47
4284.01
4278.28
4280.65
4274.81
4277.24
4270.32
4273.02
4264.97
4267.48
4261.59
4245.23
4250.88
4254.21
4216.79
4222.86
4237.9
4228.78
4222.43
4216.38
4214.13
4212.32
16835.7
15782.9
20464.3
19118.6
17972.8
16715.4
14520.7
9489.95
9051.46
9002.53
12631.8
10116.3
3960.46
3969.14
3977.86
3986.61
3995.41
4004.27
4013.18
4022.15
4031.2
4040.34
4049.55
4058.87
4068.3
4077.85
4087.53
4097.35
4107.3
4117.36
4127.5
4137.7
4147.91
4158.05
4168.01
4257.53
4273.64
4273.16
4236.98
4273.79
4273.85
4216.75
4272.77
4273.43
4279.64
4281.05
4196.95
4275.9
4277.91
4279.53
4282.25
4281.32
4284.76
4177.65
4277.75
4292.75
4285.22
4257.89
4288.52
4296.45
4302.34
4302.95
4299.63
4295.76
4292.58
4291.5
4300.38
4283.12
4285.73
4279.63
4282.04
4275.69
4278.24
4270.33
4273.3
4263.69
4266.46
4259.18
4243.38
4249.58
4254.35
4217.67
4235.44
4225.71
4213.98
4211.26
4208.82
4208.54
15501.6
14396.1
19099.6
17951.2
16695.6
15423.3
13021.1
8926.53
8688.82
8654.53
10992.8
9083.16
3962.68
3971.16
3979.67
3988.23
3996.83
4005.48
4014.19
4022.97
4031.82
4040.75
4049.76
4058.87
4068.08
4077.41
4086.85
4096.41
4106.04
4115.75
4125.5
4135.25
4144.93
4154.45
4163.71
4276.52
4254.74
4283.39
4282.88
4233.33
4283.4
4283.55
4212.47
4282.15
4282.94
4288.98
4290.58
4192.21
4284.77
4287.04
4288
4291.07
4289.21
4293.05
4172.59
4297.23
4290.17
4299.03
4309.4
4308.11
4305.79
4309.35
4302.36
4298.04
4294.69
4293.3
4305.4
4284.57
4287.27
4280.71
4283.2
4276.19
4278.9
4269.67
4273.02
4261.38
4264.4
4255.53
4242.82
4249.4
4214.97
4234.48
4224.42
4208.86
4205.89
4205.1
4207.03
14189.1
13082.3
17935.5
16679.6
15412.2
13805
11605.4
8576.01
8379.43
8355.58
9644.24
8551.16
3964.69
3972.96
3981.27
3989.63
3998.03
4006.48
4014.99
4023.56
4032.21
4040.92
4049.72
4058.61
4067.6
4076.69
4085.87
4095.11
4104.41
4113.75
4123.07
4132.33
4141.45
4150.34
4158.89
4273.61
4292.31
4291.18
4250.89
4293.52
4293.08
4228.81
4293.36
4293.61
4207.46
4291.85
4292.77
4298.62
4300.44
4186.86
4293.91
4296.45
4296.7
4300.15
4301.54
4166.97
4291.61
4301.49
4315.95
4312.96
4316.56
4313.77
4308.72
4312.51
4305.04
4300.17
4296.65
4294.9
4310.25
4285.8
4288.59
4281.48
4284.05
4276.23
4279.17
4268.02
4271.92
4257.78
4261.01
4250.42
4243.61
4213.98
4235.05
4224.84
4203.46
4202.19
4203.57
4206.8
13662.3
12923.3
11859.9
16666.6
15400.9
13800
12472.2
10294.9
8296.54
8108.21
8090.51
8739.43
8227.86
3966.49
3974.56
3982.66
3990.81
3999.01
4007.26
4015.56
4023.92
4032.35
4040.85
4049.43
4058.09
4066.84
4075.67
4084.55
4093.47
4102.42
4111.35
4120.22
4128.96
4137.49
4145.73
4153.57
4293.76
4269.51
4302.79
4301.55
4246.06
4304.04
4303.62
4223.46
4303.7
4304.07
4201.75
4301.89
4302.98
4308.61
4310.66
4180.89
4303.34
4306.17
4305.64
4309.52
4160.81
4292.81
4303.84
4323.92
4322.34
4316.35
4320.19
4319.25
4311.58
4315.64
4307.63
4302.16
4298.43
4296.28
4314.88
4286.75
4289.65
4281.89
4284.58
4275.67
4278.98
4265.04
4269.55
4252.64
4256.01
4245.76
4214.62
4237.09
4226.83
4199.76
4200.64
4203.33
4207.83
12617.3
11817.6
10712.8
15390.3
13791.6
12468.8
11263.8
9206.4
8044.65
7866.82
7853.06
8227.02
7977.67
3968.08
3975.94
3983.84
3991.78
3999.77
4007.81
4015.9
4024.05
4032.26
4040.54
4048.88
4057.3
4065.8
4074.33
4082.9
4091.48
4100.05
4108.55
4116.94
4125.14
4133.08
4140.65
4147.75
4289.28
4310.9
4308.92
4264.27
4313.69
4312.46
4240.29
4314.96
4314.54
4217.33
4314.48
4314.94
4195.38
4312.33
4313.6
4318.99
4321.31
4174.34
4313.09
4316.25
4319.23
4154.16
4293.75
4306.05
4331.11
4331.99
4327.94
4328.55
4319.73
4323.83
4324.46
4314.35
4318.71
4310.11
4303.97
4300.01
4297.41
4287.4
4290.43
4281.92
4284.78
4274.08
4278.13
4260.36
4265.43
4249.17
4216.74
4240.48
4230.17
4198.2
4200.4
4204.35
4210.13
11612.8
10819.4
9649.43
13782.4
12462.2
11263.8
11171.5
10290.8
8411.01
7816
7650.15
7639.27
7917.52
7759.2
3969.45
3977.11
3984.8
3992.53
4000.31
4008.13
4016
4023.93
4031.92
4039.96
4048.07
4056.24
4064.45
4072.68
4080.92
4089.14
4097.3
4105.36
4113.25
4120.9
4128.22
4135.13
4141.47
4310.31
4283.52
4322.06
4319.88
4257.99
4325.04
4323.77
4233.65
4326.29
4325.88
4210.47
4325.71
4326.25
4188.38
4323.21
4324.68
4329.81
4332.43
4167.27
4323.21
4326.74
4329.32
4147.08
4294.41
4308.12
4336
4338.17
4339.93
4336.23
4331.88
4334.43
4323.09
4327.48
4317.05
4321.72
4312.49
4305.57
4301.36
4298.26
4287.73
4290.91
4281.51
4284.59
4270.8
4275.92
4253.71
4259.16
4220.14
4245.04
4234.66
4197.96
4201.42
4206.65
4213.58
10686.8
9885.82
8757.74
12454.7
11259
10289.8
10423.2
9413.56
7928.34
7608.39
7453.82
7444.88
7688.98
7559.77
3970.62
3978.06
3985.54
3993.05
4000.61
4008.22
4015.87
4023.57
4031.33
4039.13
4046.99
4054.89
4062.8
4070.71
4078.61
4086.45
4094.19
4101.78
4109.16
4116.24
4122.95
4129.2
4134.79
4303.91
4328.66
4325.57
4276.62
4333.65
4331.35
4250.76
4336.85
4335.5
4226.23
4338.1
4337.71
4202.96
4337.41
4338.01
4180.84
4334.6
4336.27
4341.14
4344.1
4159.76
4333.75
4337.69
4339.85
4139.64
4294.75
4310.02
4340.51
4344.78
4348.26
4344.69
4340.54
4335.87
4326.43
4331.16
4319.64
4324.66
4314.74
4306.94
4302.44
4298.8
4287.73
4291.08
4280.27
4283.89
4265.19
4271.36
4250.58
4224.63
4240.1
4198.97
4203.72
4210.11
4218.09
9872.11
9029.78
8080.45
11252.4
10285.3
9413.67
9701.53
9355.3
8724.38
7635.09
7418.42
7274.53
7267.14
7495.59
7376.5
3971.56
3978.79
3986.05
3993.35
4000.69
4008.07
4015.5
4022.97
4030.48
4038.05
4045.64
4053.24
4060.85
4068.43
4075.96
4083.41
4090.71
4097.83
4104.68
4111.2
4117.31
4122.87
4127.75
4325.54
4296.27
4340.3
4336.96
4268.7
4345.66
4343.2
4242.7
4349.13
4347.65
4218.14
4350.45
4350.07
4194.89
4349.62
4350.31
4172.85
4346.53
4348.37
4353.07
4356.36
4151.88
4344.78
4349.19
4350.87
4131.9
4294.75
4311.73
4345.15
4355.64
4354.07
4358.3
4349.66
4344.94
4339.93
4329.74
4334.85
4322.12
4327.55
4316.82
4308.04
4303.24
4299.03
4287.3
4290.87
4277.12
4281.98
4256.88
4263.67
4230.02
4246.33
4201.26
4207.17
4214.6
4223.44
9131.19
8313.24
7644.43
10279.6
9409.98
8723.85
9044.8
8836.73
8108.43
7425.68
7244.33
7110.73
7104.58
7320.53
7208.11
3972.29
3979.3
3986.34
3993.42
4000.53
4007.69
4014.88
4022.12
4029.39
4036.69
4044
4051.3
4058.59
4065.83
4072.99
4080.02
4086.88
4093.51
4099.84
4105.79
4111.3
4116.19
4120.41
4317.03
4344.95
4340.67
4287.54
4352.38
4348.85
4259.91
4358.13
4355.49
4233.93
4361.9
4360.28
4209.46
4363.38
4362.94
4186.36
4362.41
4363.19
4164.48
4359.03
4361.03
4365.65
4369.25
4143.7
4356.41
4361.35
4362.51
4123.9
4294.28
4313.22
4349.89
4362.38
4366.29
4359.38
4363.87
4354.72
4349.46
4344.05
4333.05
4338.57
4324.46
4330.37
4318.73
4308.86
4303.73
4298.85
4286.11
4290.08
4270.6
4277.2
4253.19
4236.05
4204.71
4211.65
4219.96
4229.27
8455.81
7755.62
7373.83
9404.73
8720.35
8107.55
8460.43
8341.46
8076.62
7495.03
7253.42
7084.93
6960.79
6955.6
7159.26
7053.27
3972.79
3979.58
3986.4
3993.25
4000.14
4007.07
4014.02
4021.02
4028.03
4035.06
4042.08
4049.07
4056.03
4062.92
4069.69
4076.31
4082.72
4088.85
4094.66
4100.06
4104.95
4109.21
4112.81
4339.04
4307.34
4356.91
4352.29
4277.88
4364.91
4361.12
4250.36
4371.09
4368.24
4224.56
4375.18
4373.41
4200.31
4376.88
4376.36
4177.44
4375.86
4376.72
4155.79
4372.14
4374.34
4378.91
4382.83
4135.24
4368.71
4374.19
4374.89
4115.68
4292.85
4314.45
4354.77
4368.18
4372.27
4364.87
4369.64
4359.91
4354.11
4348.28
4336.36
4342.35
4326.68
4333.14
4320.42
4309.39
4303.87
4297.93
4282.97
4287.99
4260.55
4268.24
4242.54
4209.18
4217.01
4225.78
4235.3
7885.52
7372.86
7184.23
8715.76
8104.1
7493.38
7931.32
7867.27
7707.4
7480.4
7027.91
7099.15
6938.39
6822.71
6818.33
7010.15
6910.31
3973.07
3979.64
3986.23
3992.86
3999.51
4006.2
4012.92
4019.66
4026.41
4033.15
4039.87
4046.56
4053.17
4059.69
4066.08
4072.27
4078.22
4083.87
4089.16
4094.02
4098.31
4101.98
4105
4362.34
4328.19
4296.68
4369.31
4364.35
4267.45
4377.91
4373.84
4240.2
4384.59
4381.51
4214.7
4389.05
4387.12
4190.76
4391
4390.36
4168.19
4390.03
4390.9
4146.84
4385.98
4388.38
4392.92
4397.2
4126.56
4381.75
4387.77
4386.71
4382.75
4107.27
4289.28
4315.43
4359.8
4374.21
4378.57
4370.55
4375.62
4365.27
4358.94
4352.65
4339.69
4346.22
4328.78
4335.89
4321.92
4309.48
4303.44
4295.42
4275.84
4282.9
4249.3
4256.21
4214.53
4222.83
4231.79
4241.2
7436.82
7129.91
7030.42
8099.69
7489.92
7025.35
7484.86
7462.75
7365.04
7207.9
7019.78
6738.55
6956.51
6803.13
6694.97
6691.33
6871.91
6778.18
3973.13
3979.46
3985.83
3992.23
3998.65
4005.09
4011.56
4018.04
4024.51
4030.97
4037.39
4043.75
4050.02
4056.17
4062.16
4067.92
4073.42
4078.59
4083.37
4087.68
4091.4
4094.54
4097
4350.16
4376.96
4384.1
4377.76
4316.36
4285.23
4382.22
4256.38
4391.44
4387.06
4229.54
4398.66
4395.32
4204.45
4403.56
4401.42
4180.89
4405.79
4405.04
4158.67
4404.94
4405.78
4137.66
4400.64
4403.23
4407.86
4412.51
4117.71
4395.63
4402.24
4393.51
4389.43
4098.72
4281.94
4316.06
4365.02
4380.46
4385.06
4376.46
4381.84
4370.86
4363.98
4357.21
4343.08
4350.22
4330.71
4338.56
4323.15
4308.64
4301.79
4289.83
4264.25
4273.73
4246.8
4220.34
4228.82
4237.69
7113.7
6960.53
6893.69
7485.88
7021.66
6735.49
7131.87
7124.48
7065.75
6959.58
6818.67
6552.45
6824.03
6677.99
6576.65
6573.61
6743.92
6655.79
3972.95
3979.06
3985.2
3991.36
3997.54
4003.74
4009.95
4016.16
4022.35
4028.52
4034.63
4040.66
4046.58
4052.36
4057.94
4063.28
4068.32
4073.02
4077.31
4081.08
4084.3
4086.92
4088.85
4373.19
4336.92
4390.01
4396.91
4390.05
4303.72
4273.13
4395.62
4244.82
4405.53
4400.81
4218.48
4413.37
4409.73
4193.87
4418.78
4416.4
4170.75
4421.34
4420.44
4148.94
4420.64
4421.43
4128.31
4416.2
4418.92
4423.85
4428.85
4108.71
4404.83
4408.69
4417.75
4400.73
4396.4
4090.05
4272.05
4315.98
4370.49
4386.96
4391.81
4382.65
4388.33
4376.7
4369.28
4362.01
4346.56
4354.44
4332.29
4341.04
4323.86
4305.84
4297.65
4280
4258.86
4265.49
4243.29
4253.8
4226.32
4234.7
6902.28
6824.06
6767.53
7017.72
6731.72
6549.95
6868.78
6852.55
6812.38
6735.87
6633.75
6483.66
6335.83
6700.97
6561.8
6466.86
6464.23
6625.1
6541.92
3972.55
3978.43
3984.33
3990.25
3996.19
4002.14
4008.09
4014.02
4019.93
4025.8
4031.6
4037.3
4042.87
4048.26
4053.45
4058.36
4062.96
4067.21
4071
4074.27
4077.01
4079.13
4080.58
4397.12
4358.26
4322.89
4403.39
4410.05
4402.64
4290.45
4260.56
4409.46
4232.88
4420.21
4415.09
4207.14
4428.77
4424.78
4183.05
4434.79
4432.12
4160.42
4437.75
4436.68
4139.06
4437.22
4437.95
4118.84
4432.73
4435.51
4440.97
4446.27
4099.62
4412.45
4416.39
4432
4428.4
4408.2
4403.66
4081.32
4264.24
4314.46
4376.24
4393.72
4398.83
4389.13
4395.09
4382.84
4374.93
4367.12
4350
4358.83
4333.12
4343.01
4323.53
4299.75
4290.01
4275.54
4259.98
4240.3
4250.24
4232.2
6753.68
6703.19
6650.04
6727.89
6546.54
6331.87
6690.84
6643.83
6604.3
6544.58
6460.6
6350.1
6343.89
6098.37
6586.44
6453.48
6364.86
6362.32
6514.33
6435.62
3971.91
3977.56
3983.22
3988.9
3994.59
4000.29
4005.97
4011.63
4017.26
4022.82
4028.3
4033.67
4038.88
4043.9
4048.69
4053.19
4057.36
4061.15
4064.47
4067.29
4069.57
4071.22
4072.23
4421.94
4380.31
4415.63
4342.61
4308.26
4417.08
4423.55
4276.72
4247.63
4423.7
4220.67
4435.46
4429.85
4195.57
4444.9
4440.5
4172.05
4451.62
4448.63
4149.94
4455.1
4453.8
4129.06
4454.82
4455.46
4109.28
4450.29
4453.12
4453.09
4456.25
4440.58
4464.93
4090.47
4420.4
4424.53
4436.95
4415.96
4411.21
4072.54
4260.68
4270.49
4310.26
4382.34
4400.76
4406.13
4395.94
4402.2
4389.33
4380.95
4372.43
4353.13
4363.15
4332.58
4344.04
4321.3
4290.59
4282.61
4256.42
4237.79
4247.23
6633.4
6591.63
6540.35
6542.98
6327.98
6094.36
6563.25
6497.8
6441.13
6385
6314.53
6229.7
6226.57
6107.14
5894.82
6479.41
6352.16
6222.1
6410.8
6336.13
3971.04
3976.45
3981.88
3987.31
3992.75
3998.18
4003.6
4008.99
4014.32
4019.59
4024.75
4029.78
4034.64
4039.29
4043.68
4047.77
4051.53
4054.88
4057.76
4060.15
4061.99
4063.22
4063.81
4403.04
4428.85
4442.51
4446.44
4436.26
4362.87
4326.46
4293.22
4431.13
4437.4
4262.67
4234.46
4438.31
4208.28
4451.23
4445.03
4183.85
4461.76
4456.83
4160.94
4469.34
4465.95
4139.38
4473.47
4471.87
4119.01
4473.57
4474.06
4099.68
4469.05
4471.92
4462.54
4449.63
4465.66
4484.77
4081.3
4428.67
4432.97
4445.86
4424.04
4419.07
4063.74
4257.66
4266.87
4277.07
4301.76
4388.84
4408.14
4413.76
4403.13
4409.67
4396.2
4387.2
4377.69
4355.58
4367.04
4329.88
4343.44
4316.39
4282.17
4253.4
4244.7
6526.97
6487.52
6437.75
6324.41
6090.54
5890.36
6458.78
6390.03
6322.91
6258.33
6192.93
6126.61
6118.02
6018.16
5907.55
5759.99
6379.32
6257.19
6055.76
6169.23
6313.95
6243.23
3969.94
3975.11
3980.29
3985.48
3990.66
3995.84
4000.99
4006.1
4011.14
4016.1
4020.94
4025.64
4030.15
4034.43
4038.44
4042.14
4045.49
4048.42
4050.9
4052.88
4054.31
4055.15
4055.37
4426.37
4383.61
4451.62
4456.39
4459.82
4448.93
4345.03
4309.98
4277.92
4445.57
4248.43
4221.15
4453.35
4195.77
4467.49
4460.68
4172.04
4479.27
4473.72
4149.77
4487.98
4484.06
4128.78
4492.95
4490.97
4108.93
4493.56
4493.83
4090.08
4489.15
4492.02
4459.02
4472.31
4475.48
4485.71
4499.53
4502.22
4072.12
4437.27
4441.73
4455.12
4432.46
4427.29
4054.96
4255.11
4263.82
4273.42
4297.22
4395.69
4415.88
4421.76
4410.69
4417.52
4403.45
4393.48
4382.5
4356.88
4370.1
4324.96
4340.48
4310.1
4278.51
4290.49
4250.86
6428.96
6390.17
6341.87
6087.09
5886.38
5756.13
6365.91
6299.61
6231.51
6163.08
6095.24
6033.25
6025.23
5940.53
5840.38
5741.78
5645.35
6285.81
5907.49
6011.51
6087.39
6156.87
6223.56
3968.6
3973.52
3978.46
3983.4
3988.33
3993.25
3998.13
4002.96
4007.72
4012.37
4016.9
4021.26
4025.43
4029.35
4032.98
4036.31
4039.27
4041.81
4043.91
4045.5
4046.55
4047.03
4046.93
4450.05
4404.64
4363.88
4460.42
4466.16
4470.53
4473.46
4461.77
4326.97
4293.34
4262.5
4234.1
4207.76
4468.85
4183.2
4484.31
4476.83
4160.21
4497.43
4491.2
4138.58
4507.47
4502.89
4118.19
4513.58
4511.08
4098.87
4514.9
4514.89
4080.5
4510.81
4513.54
4468.73
4482.46
4496.48
4510.73
4513.3
4062.98
4446.22
4450.85
4464.74
4441.23
4435.86
4046.21
4261.26
4270.35
4402.81
4423.99
4430.11
4418.64
4425.76
4411.05
4399.42
4386.44
4356.38
4371.87
4319.64
4334.93
4308.28
4275.44
4286.78
4303.13
6337.41
6299.06
6252.2
5882.91
5752.52
5640.69
6279.79
6217.74
6152.63
6086.08
6018.36
5950.77
5949.87
5870.21
5785.01
5656.69
5697.15
5509.94
6198.41
5776.57
5898.43
6000.61
6076.25
6139.24
3967.02
3971.69
3976.39
3981.08
3985.77
3990.42
3995.04
3999.59
4004.06
4008.42
4012.63
4016.66
4020.49
4024.05
4027.34
4030.3
4032.89
4035.07
4036.8
4038.03
4038.74
4038.9
4038.5
4473.72
4425.73
4474.81
4382.79
4344.05
4475.66
4481.05
4484.97
4487.26
4308.85
4276.66
4247.09
4219.77
4194.37
4484.8
4170.65
4501.72
4493.51
4148.39
4516.31
4509.35
4127.44
4527.81
4522.5
4107.63
4535.31
4532.13
4088.85
4537.64
4537.21
4070.97
4533.93
4536.57
4478.8
4493.08
4507.69
4522.3
4524.84
4053.89
4455.55
4460.34
4474.72
4450.38
4444.81
4037.52
4267.79
4410.03
4432.48
4438.83
4426.98
4434.4
4418.98
4404.37
4388.97
4353.94
4371.89
4313.46
4333.35
4272.87
4283.69
4299.31
6251.15
6213.38
6167.98
5749.33
5636.78
5505.36
6198.34
6141.18
6080.66
6017.89
5953.62
5879.73
5887.79
5807.35
5731.56
5610.2
5653.66
5525.14
5413.14
6116.4
5769.62
5660.02
5849.17
5914.85
5985.61
6060.15
3965.21
3969.63
3974.09
3978.54
3982.97
3987.37
3991.72
3996
4000.18
4004.23
4008.14
4011.85
4015.34
4018.57
4021.51
4024.13
4026.38
4028.21
4029.6
4030.5
4030.9
4030.77
4030.11
4497.14
4446.62
4487.73
4500.8
4401.55
4361.02
4324.3
4491.3
4496.31
4499.61
4501.06
4290.79
4260.06
4231.74
4205.49
4181.04
4501.22
4158.15
4519.75
4510.74
4136.65
4535.97
4528.19
4116.36
4549.1
4542.98
4097.15
4558.15
4554.2
4078.91
4561.81
4560.75
4061.51
4551.8
4553.48
4536.95
4561.29
4489.3
4504.22
4519.3
4534.36
4044.87
4465.27
4470.21
4485.11
4459.93
4454.17
4028.9
4417.03
4441.4
4447.99
4435.61
4443.43
4427.06
4407.8
4389.8
4350.55
4370.53
4326.39
4309.78
4281.12
4296.17
6169.52
6132.47
6088.54
5633.5
5501.58
5408.74
6121.11
6068.83
6013.28
5954.98
5894.53
5820.86
5832.94
5753.11
5683.45
5574.89
5613.03
5491.59
5414.58
5349.18
6039.17
5748.43
5654.77
5555.38
5833.07
5897.76
5966.42
3963.16
3967.34
3971.56
3975.76
3979.95
3984.09
3988.17
3992.18
3996.08
3999.84
4003.44
4006.85
4010.01
4012.91
4015.53
4017.83
4019.75
4021.26
4022.33
4022.93
4023.05
4022.67
4021.78
4520
4467.07
4513.69
4526.67
4419.98
4514.93
4377.72
4339.51
4304.73
4507.4
4511.83
4514.31
4272.91
4243.63
4216.53
4191.34
4167.82
4518.17
4145.77
4538.45
4528.56
4125.01
4556.47
4547.78
4105.39
4571.43
4564.39
4086.78
4582.26
4577.44
4069.07
4587.54
4585.7
4052.16
4564.7
4549.6
4566.22
4587.59
4500.31
4515.82
4531.32
4546.99
4035.96
4475.4
4480.48
4495.95
4469.88
4463.93
4020.38
4423.26
4450.73
4457.56
4444.5
4452.84
4435.02
4409.51
4389.49
4351.15
4368.75
4344.8
4322.52
4306.7
4293.57
6092.32
6056.07
6013.63
5498.42
5405.04
5345.12
6048.16
6000.39
5949.46
5895.78
5839.66
5770.49
5782.01
5706.55
5641.67
5541.86
5576.17
5470.41
5345.66
5400.22
5270.73
5716.24
5637.64
5551.52
5460.92
5814.32
5876.83
5943.16
3960.89
3964.82
3968.8
3972.77
3976.7
3980.59
3984.41
3988.15
3991.77
3995.25
3998.55
4001.65
4004.51
4007.1
4009.42
4011.41
4013.02
4014.23
4015.01
4015.34
4015.21
4014.6
4013.52
4541.76
4486.77
4539.4
4552.11
4437.83
4528.78
4542.64
4393.97
4529.09
4354.37
4318.37
4285.49
4523.83
4527.46
4255.3
4227.4
4201.51
4177.36
4154.77
4535.55
4133.53
4557.8
4546.91
4113.51
4577.87
4568.15
4094.55
4594.93
4586.84
4076.53
4607.85
4602
4059.36
4615.15
4612.29
4042.92
4562.67
4578.13
4579.53
4593.54
4608.75
4608.9
4511.82
4527.81
4543.9
4560.14
4027.15
4485.96
4491.18
4507.31
4480.26
4474.12
4011.97
4427.89
4460.46
4467.53
4453.51
4462.55
4442.53
4410.14
4388.86
4370.82
4340.89
4364.64
4319.36
4304.14
6019.54
5984.09
5401.96
5341.64
5266.06
5979.34
5935.62
5888.79
5839.43
5787.82
5723.58
5734.32
5664.51
5604.31
5510.78
5543.17
5445.75
5283.16
5332.05
5381.65
5194.59
5710.12
5791.62
5610.08
5658.36
5537.48
5458.25
5375.38
5852.3
5916.3
3958.39
3962.08
3965.83
3969.55
3973.24
3976.88
3980.44
3983.91
3987.26
3990.46
3993.48
3996.29
3998.85
4001.16
4003.2
4004.89
4006.21
4007.14
4007.66
4007.75
4007.4
4006.6
4005.36
4561.67
4505.28
4564.37
4576.42
4454.83
4556.42
4570.08
4409.55
4543.91
4558.78
4368.69
4543.21
4331.58
4297.71
4266.65
4540.45
4238
4211.44
4186.72
4163.6
4141.91
4553.2
4121.48
4577.68
4565.64
4102.18
4600.15
4589.22
4083.87
4619.67
4610.34
4066.43
4635.01
4627.96
4049.78
4623.3
4644.5
4640.6
4033.83
4576.21
4592.24
4608.06
4623.4
4523.78
4540.31
4557.06
4573.76
4018.48
4496.98
4502.37
4519.21
4491.12
4484.78
4003.68
4430.71
4470.58
4477.94
4462.36
4472.51
4448.94
4410.51
4392.01
4337.71
4360.69
4385.92
4316.76
5950.86
5338.71
5262.31
5190.27
5914.13
5874.05
5830.99
5785.57
5738.08
5679.46
5688.62
5624.05
5568.44
5482.44
5512.56
5422.08
5263.66
5318.9
5362.54
5200.62
5143.5
5765.89
5684.26
5572.38
5514.22
5633.72
5446.85
5373.69
5297.59
5824.37
5885.9
3955.67
3959.12
3962.63
3966.12
3969.57
3972.96
3976.28
3979.49
3982.58
3985.51
3988.25
3990.77
3993.06
3995.12
3996.87
3998.28
3999.33
4000.01
4000.29
4000.17
3999.63
3998.67
3997.3
4579.02
4521.97
4587.76
4598.62
4470.59
4583.45
4596.48
4424.21
4573.62
4588.37
4382.28
4559.06
4575.01
4344.2
4557.23
4309.44
4277.59
4248.24
4221.06
4195.79
4172.19
4150.08
4129.28
4571.08
4109.64
4597.96
4584.69
4091.04
4623.1
4610.81
4073.37
4645.45
4634.7
4056.51
4663.68
4655.18
4040.37
4638.29
4675.88
4653.95
4670.69
4024.88
4590.4
4606.9
4622.97
4638.67
4536.24
4553.45
4570.73
4587.97
4009.96
4508.57
4514.14
4531.63
4502.5
4495.92
3995.53
4432.48
4481.11
4488.82
4470.59
4482.61
4453.5
4414.67
4335.1
4357.5
4381.93
4408.55
5259.29
5186.75
5139.47
5852.17
5815.42
5775.91
5734.13
5690.34
5637.71
5644.6
5585.95
5533.87
5455.95
5481.72
5399.35
5257.86
5304.39
5343.67
5144.58
5198.68
5081.05
5737.49
5655.71
5482.23
5517.02
5560.6
5427.37
5607.18
5364.52
5296.71
5226.51
5793.37
3952.74
3955.95
3959.23
3962.49
3965.7
3968.85
3971.92
3974.88
3977.71
3980.38
3982.86
3985.12
3987.16
3988.96
3990.44
3991.6
3992.41
3992.86
3992.93
3992.62
3991.92
3990.83
3989.36
4593.35
4536.29
4608.59
4617.94
4484.59
4608.95
4620.78
4437.62
4602.89
4617.05
4394.91
4591
4606.93
4356.03
4574.18
4591.28
4320.53
4288
4258.03
4230.29
4204.52
4180.48
4157.98
4136.83
4116.9
4589.2
4098.03
4618.64
4604.05
4080.12
4646.63
4632.88
4063.07
4672.13
4659.77
4046.77
4693.72
4683.52
4031.14
4686.99
4702.38
4670.11
4699.66
4654.6
4702.52
4016.1
4605.19
4622.02
4638.5
4549.33
4567.16
4584.95
4602.85
4001.58
4520.73
4526.46
4544.61
4514.46
4507.62
3987.53
4433.95
4491.99
4500.17
4477.62
4492.52
4456.85
4354.9
4378.72
4404.52
4432.52
5183.84
5136.1
5076.52
5759.6
5723.34
5684.9
5644.4
5597.49
5602.14
5549.51
5501.01
5429.54
5452.11
5377.37
5247.88
5289.52
5325.38
5141.67
5092.98
5193.12
5019.43
5706.46
5624.95
5442.4
5400.16
5492.35
5534.53
5348.22
5578.73
5289.34
5226.27
5161.23
3949.59
3952.57
3955.63
3958.65
3961.64
3964.56
3967.39
3970.11
3972.69
3975.11
3977.33
3979.35
3981.17
3982.71
3983.94
3984.87
3985.46
3985.7
3985.59
3985.12
3984.28
3983.08
3981.54
4603.94
4547.82
4626.32
4633.99
4496.38
4631.83
4642.12
4449.35
4630.69
4643.65
4406.31
4622.68
4638.1
4366.91
4608.5
4625.73
4330.83
4607.54
4297.74
4267.27
4239.06
4212.85
4188.41
4165.55
4144.1
4123.89
4104.79
4086.67
4639.73
4623.72
4069.44
4670.83
4655.47
4052.98
4699.79
4685.65
4037.23
4725.18
4713.04
4022.09
4704.48
4688.3
4719.7
4671.12
4716.45
4654.71
4735.93
4007.49
4620.48
4637.76
4563.01
4581.39
4599.89
4618.31
3993.38
4533.43
4539.3
4558.21
4526.98
4519.86
3979.68
4438.89
4503.2
4512.01
4483.32
4502.11
4459.63
4376.11
4401.29
4428.45
4452.39
5133.3
5072.96
5015.15
5673.1
5637.66
5600.18
5558.66
5561.15
5514.25
5469.16
5403.2
5423.65
5354.47
5236.92
5274.39
5306.12
5083.87
5140.31
5185.81
5031.78
4974.89
5592.18
5397.27
5366.27
5325
5466.73
5506.61
5275.62
5548.44
5220.3
5161.5
5101.02
3946.23
3948.99
3951.82
3954.63
3957.39
3960.08
3962.68
3965.17
3967.52
3969.7
3971.68
3973.49
3975.07
3976.37
3977.39
3978.1
3978.49
3978.55
3978.28
3977.67
3976.73
3975.45
3973.87
4610.77
4556.11
4640.49
4646.11
4505.62
4651.52
4660.04
4459.02
4655.84
4667.21
4416.11
4653
4667.22
4376.58
4642.81
4659.58
4340.17
4626.08
4644.7
4306.69
4275.83
4247.25
4220.68
4195.91
4172.75
4151.02
4130.57
4111.26
4092.96
4075.58
4661.22
4643.68
4058.99
4695.7
4678.59
4043.13
4728.51
4712.39
4027.9
4758.2
4743.85
4013.24
4722.37
4706.14
4689.03
4737.61
4671.52
4733.82
4654.2
4771.25
4751.82
3999.08
4636.4
4577.21
4596.34
4615.48
4634.38
3985.34
4546.72
4552.77
4572.37
4540.02
4532.62
3971.99
4514.73
4524.33
4489.54
4511.16
4466.61
4398.67
4425.21
4448.31
4472.06
5070.09
5011.72
4970.65
5557.6
5521.05
5521.61
5479.93
5438.06
5377.95
5395.74
5332.15
5224.95
5258.64
5286.72
5089.52
5136.57
5176.93
4985.02
5041.11
4931.85
5327.11
5439.35
5343.36
5376.12
5295.89
5255.81
5477.2
5208.66
5516.59
5156.66
5101.67
5045.29
3942.67
3945.21
3947.83
3950.42
3952.97
3955.44
3957.82
3960.09
3962.21
3964.16
3965.93
3967.53
3968.89
3969.97
3970.78
3971.3
3971.52
3971.43
3971.02
3970.3
3969.27
3967.94
3966.34
4665.77
4612.68
4560.85
4511.97
4667.4
4673.44
4466.37
4677.69
4687.22
4424
4680.66
4693.25
4384.73
4675.88
4691.5
4348.34
4663.22
4681.47
4314.69
4663.81
4283.59
4254.75
4227.93
4202.91
4179.51
4157.56
4136.9
4117.41
4098.96
4081.45
4064.76
4682.97
4048.81
4721.11
4702.11
4033.52
4758.17
4739.85
4018.81
4792.71
4775.86
4004.61
4724.51
4740.84
4707.24
4689.12
4756.14
4671.29
4653.02
4808.42
4770.31
4789.46
3990.86
4592.11
4611.99
4631.67
4651.15
3977.49
4560.68
4566.88
4587.18
4553.73
4545.98
3964.47
4526.34
4537.12
4496.31
4519.54
4476.52
4422.59
4445.07
4467.95
4493.11
5008.94
4967.25
4927.61
5484.49
5483.4
5446.36
5407.46
5353.08
5368.04
5310.26
5212.29
5242.16
5267.76
5089.39
5130.63
5167.12
4940.75
4995.18
5044.32
4890.72
5262.09
5282.99
5410.75
5317.41
5348.74
5230.79
5191.77
5446.47
5146.81
5097.77
5046.27
4993.52
3938.91
3941.24
3943.65
3946.04
3948.38
3950.65
3952.82
3954.87
3956.77
3958.51
3960.11
3961.49
3962.63
3963.52
3964.15
3964.5
3964.56
3964.33
3963.81
3963
3961.91
3960.56
3958.96
4668.97
4708.27
4712.47
4609.56
4561.5
4515.11
4471.1
4695.56
4702.54
4429.76
4704.92
4715.58
4391.11
4706.33
4720.28
4355.08
4699.31
4716.5
4321.56
4683.9
4703.76
4290.41
4261.47
4234.5
4209.32
4185.76
4163.64
4142.84
4123.21
4104.64
4087.02
4070.25
4054.23
4704.78
4038.89
4746.83
4725.79
4024.15
4788.49
4767.78
4009.94
4828.45
4808.8
3996.19
4726.04
4743.5
4759.93
4707.69
4688.5
4775.25
4670.36
4847.2
4809.07
4829.26
4795.02
3982.84
4607.75
4628.25
4648.57
4668.71
3969.83
4575.28
4581.6
4602.78
4568.11
4559.99
3957.13
4538.1
4550.51
4506.49
4528.61
4442.46
4464.69
4489.01
4514.57
4964.53
4924.24
4886.51
5449.01
5413.61
5377.43
5328.18
5340.63
5288.23
5198.56
5225.93
5248.6
5086.3
5123.35
5156.11
4899.21
4951.93
5001.28
5043.95
4852.01
5224.05
5201.58
5235.63
5381.12
5291.07
5320.38
5170.36
5132.4
5414.56
5089.49
5043.18
4994.78
4945.25
3934.96
3937.08
3939.3
3941.49
3943.64
3945.71
3947.68
3949.53
3951.23
3952.79
3954.19
3955.37
3956.33
3957.04
3957.5
3957.69
3957.62
3957.28
3956.67
3955.79
3954.67
3953.31
3951.73
4666.48
4714.85
4715.65
4739.44
4744.29
4557.84
4514.71
4472.96
4433.16
4724.98
4732.93
4395.54
4733.29
4745.2
4360.18
4732.87
4748.36
4327.08
4723.27
4742.2
4296.16
4726.42
4267.27
4240.29
4215.06
4191.41
4169.21
4148.31
4128.6
4109.95
4092.26
4075.43
4059.38
4044.01
4029.26
4772.58
4749.39
4015.05
4819.19
4795.89
4001.31
4865.09
4842.33
3987.99
4745.53
4726.91
4763.17
4779.65
4707.43
4687.14
4887.22
4849.84
4870.94
4815.37
4836.3
4800.07
3975.03
4624.09
4645.27
4666.34
3962.37
4590.61
4597.09
4619.16
4583.17
4574.64
3949.97
4549.71
4564.27
4518.42
4538.2
4462.07
4485.77
4510.43
4537.54
4921.52
4883.15
4847.8
5381.71
5348.03
5303.37
5313.59
5266.09
5184.8
5209.41
5229.13
5081.18
5114.81
5144.67
4860.5
4911.55
4960.46
5003.34
5040.84
4815.48
5182.48
5168.57
5145.08
5263.52
5185.72
5210.04
5350.61
5291.08
5114.07
5077.28
5036.25
4992.44
4946.72
4900.13
3930.83
3932.75
3934.79
3936.8
3938.75
3940.64
3942.42
3944.07
3945.59
3946.99
3948.2
3949.2
3949.98
3950.53
3950.84
3950.9
3950.72
3950.28
3949.6
3948.68
3947.54
3946.2
3944.68
4714.69
4712.14
4747.31
4748.52
4772.24
4777.88
4510.59
4471.72
4433.98
4397.82
4755.78
4764.81
4363.48
4762.89
4776.22
4331.07
4760.3
4777.51
4300.63
4747.79
4768.62
4272.03
4245.2
4220.03
4196.41
4174.2
4153.27
4133.53
4114.84
4097.12
4080.28
4064.21
4048.84
4034.1
4019.91
4798.25
4772.8
4006.21
4850.09
4824.05
3992.93
4902.37
4876.26
3980.02
4746.87
4765.78
4727.04
4783.5
4706.39
4685
4928.19
4892.32
4914.06
4857.74
4879.71
4821.15
4842.86
4804.56
3967.43
4641.21
4663.21
3955.1
4606.75
4613.4
4636.31
4599.02
4589.99
3942.99
4560.9
4578.36
4550.75
4483.16
4507.16
4533.43
4561.48
4880.47
4844.47
4811.28
5319.22
5278.78
5287.01
5244.02
5170.66
5192.41
5209.43
5074.74
5105.57
5132.69
4824.25
4873.96
4922.09
4964.62
5002.2
5036.26
4781.33
5138.13
5132.25
5116.26
5092.17
5235.41
5160.81
5183.73
5261
5061.55
5025.91
4986.7
4945.04
4901.79
4857.81
3926.52
3928.26
3930.12
3931.96
3933.74
3935.44
3937.04
3938.52
3939.88
3941.1
3942.14
3942.97
3943.59
3944
3944.18
3944.13
3943.85
3943.35
3942.62
3941.68
3940.55
3939.24
3937.78
4747.86
4745.43
4781.56
4783.26
4806.84
4813.37
4467.25
4432.05
4397.79
4364.84
4788.1
4798.36
4333.42
4793.75
4808.68
4303.68
4788.63
4807.74
4275.6
4795.75
4249.11
4224.15
4200.65
4178.53
4157.66
4137.94
4119.28
4101.57
4084.74
4068.7
4053.36
4038.65
4024.5
4010.86
4823.53
3997.64
4880.86
4851.92
3984.8
4939.93
4910.24
3972.29
4767.66
4747.46
4786.71
4726.39
4704.52
4682.04
4969.62
4936.01
4958.39
4902.08
4924.79
4865.17
4888.05
4826.36
4848.87
4808.4
3960.05
4659.25
3948.03
4623.68
4630.5
4654.36
4615.72
4606.03
3936.2
4572.76
4592.8
4564.9
4504.54
4530.18
4557.31
4587.96
4841.79
4807.97
4777.13
5254.49
5222.05
5155.9
5174.95
5189.61
5067.52
5095.7
5119.99
4790.48
4838.88
4886.13
4928.02
4965.25
4999.41
5030.85
4749.61
5092.8
5093.46
5084.44
5066.94
5042.52
5207.04
5135.97
5157.18
5230.59
5012.38
4977.92
4940.38
4900.69
4859.69
4818.08
3922.04
3923.6
3925.31
3926.99
3928.6
3930.13
3931.56
3932.89
3934.1
3935.15
3936.02
3936.71
3937.19
3937.47
3937.54
3937.4
3937.04
3936.48
3935.72
3934.78
3933.68
3932.43
3931.06
4782.95
4780.68
4817.79
4820.05
4843.38
4850.92
4427.29
4395.31
4364.1
4333.98
4822.03
4833.67
4305.21
4825.87
4842.63
4277.85
4817.87
4839.11
4251.89
4227.31
4204.07
4182.13
4161.39
4141.78
4123.2
4105.56
4088.79
4072.8
4057.52
4042.88
4028.8
4015.23
4002.1
4848.03
3989.35
4911.05
4879.09
3976.94
4977.43
4943.85
3964.8
4768.77
4789.19
4747.24
4724.87
4701.76
4678.19
5011.6
4980.76
5003.39
4947.85
4971.31
4911.42
4935.18
4872.06
4895.89
4830.93
4854.26
4811.53
3952.89
3941.17
4641.5
4648.46
4673.35
4633.34
4622.75
3929.59
4585.35
4607.34
4527.57
4554.05
4583.83
4601.34
4608.98
4805.32
4773.83
4745.42
5200.26
5140.6
5157.17
5169.8
5059.66
5085.01
5106.71
4759.22
4806.23
4852.41
4893.44
4930.13
4964.1
4995.71
5024.76
4720.27
5046.24
5053.11
5110.57
5050.3
5038.95
5020.41
4995.8
5178.63
5130.26
4966.23
4932.95
4896.96
4859.12
4820.15
3917.38
3918.82
3920.38
3921.9
3923.35
3924.72
3926.01
3927.19
3928.24
3929.14
3929.87
3930.42
3930.78
3930.95
3930.92
3930.7
3930.29
3929.69
3928.93
3928.01
3926.95
3925.77
3924.5
4856.18
4881.98
4890.7
4390.3
4361.16
4332.65
4305.1
4857.66
4870.87
4278.68
4859.36
4878.18
4253.44
4871.67
4229.41
4206.58
4184.94
4164.43
4144.99
4126.55
4109.04
4092.37
4076.48
4061.3
4046.75
4032.77
4019.3
4006.28
3993.64
3981.34
4940.55
4905.46
3969.33
5014.44
4976.9
3957.55
4790.88
4769.03
4746.13
4722.41
4698.06
4994.9
5018.55
4959.37
4984.01
4920.29
4945.14
4878.34
4903.15
4834.8
4858.95
4813.87
3945.96
3934.51
4660.41
4667.43
4693.36
4652.07
4640.59
3923.18
4623.04
4551.44
4580.57
4604.82
4620.57
4630.1
4771.19
4742.13
4716.09
5124.87
5139.25
5150.02
5050.91
5073.64
5092.92
4730.5
4776.04
4820.85
4860.78
4896.77
4930.38
4961.99
4991.21
5017.72
4692.98
5059.27
5085.03
5008.8
4995.71
4976.41
4951.73
5103.12
4922.85
3912.61
3913.91
3915.33
3916.7
3918
3919.23
3920.39
3921.42
3922.33
3923.09
3923.69
3924.11
3924.37
3924.44
3924.33
3924.05
3923.6
3922.99
3922.23
3921.35
3920.35
3919.27
3918.12
4355.96
4329.32
4303.27
4278.02
4895.15
4910.14
4253.68
4894.31
4915.47
4230.36
4208.09
4186.87
4166.69
4147.52
4129.3
4111.97
4095.46
4079.71
4064.66
4050.24
4036.39
4023.05
4010.15
3997.65
3985.49
3973.62
4968.95
4930.8
3961.98
3950.54
4791.7
4768.36
4744.06
4718.98
5008.87
5033.9
4970.51
4996.41
4928.61
4954.61
4883.94
4909.76
4837.88
4862.86
4815.35
3939.25
3928.07
4680.5
4687.51
4714.49
4671.9
4659.62
4640.89
4577.96
4601.56
4625.87
4640.78
4659.1
4739.5
4712.82
4688.83
5108.82
5121.23
5041.31
5061.64
5078.68
4704.26
4748.34
4791.46
4829.96
4865.1
4898.21
4929.59
4958.91
4985.68
5009.73
5075.96
4954.6
4934.69
3907.73
3908.89
3910.17
3911.4
3912.56
3913.67
3914.69
3915.59
3916.37
3917
3917.48
3917.8
3917.96
3917.95
3917.78
3917.46
3916.99
3916.38
3915.65
3914.81
3913.89
3912.92
4323.99
4299.64
4275.77
4252.53
4230.08
4208.51
4187.85
4168.12
4149.3
4131.38
4114.29
4098
4082.44
4067.57
4053.31
4039.62
4026.44
4013.7
4001.36
3989.36
3977.65
3966.18
3954.91
3943.78
4791.57
4766.71
4740.99
5022.62
5049.1
4981.2
5008.42
4936.32
4963.49
4888.78
4915.62
4840.1
4865.92
4815.89
3932.77
4701.81
4708.75
4736.75
4692.8
4679.46
4660.21
4598.96
4622.58
4654.93
4660.69
4710.2
4685.58
5092.51
5030.97
5049.08
5064.07
4680.78
4723.14
4764.11
4800.97
4835.12
4867.61
4898.57
4927.72
4954.71
4979.14
5000.91
3902.73
3903.76
3904.91
3906.01
3907.06
3908.04
3908.93
3909.71
3910.36
3910.88
3911.26
3911.49
3911.56
3911.49
3911.28
3910.93
3910.45
3909.85
3909.16
3908.4
3907.58
4294.19
4271.88
4249.93
4228.52
4207.79
4187.82
4168.65
4150.29
4132.74
4115.97
4099.95
4084.64
4069.99
4055.94
4042.44
4029.44
4016.89
4004.73
3992.91
3981.39
3970.11
3959.02
3948.09
3937.27
4790.44
4764.04
5036.05
4991.36
5019.97
4943.3
4971.71
4892.76
4920.64
4841.38
4868.01
4815.4
4724.36
4731.16
4760.13
4714.98
4700.31
4619.96
4651.65
4682.98
4738.71
4773.76
4806.77
4838.54
4868.96
4897.75
4924.71
4949.47
3897.63
3898.53
3899.56
3900.54
3901.49
3902.35
3903.11
3903.78
3904.33
3904.74
3905.03
3905.18
3905.19
3905.07
3904.82
3904.46
3903.99
3903.42
3902.79
3902.12
4266.34
4245.82
4225.62
4205.87
4186.71
4168.21
4150.41
4133.33
4116.96
4101.28
4086.27
4071.88
4058.08
4044.81
4032.03
4019.69
4007.75
3996.14
3984.82
3973.75
3962.88
3952.16
3941.55
4788.26
4895.79
4841.61
4869.06
4813.83
4748.26
4754.83
4784.83
4649.03
4780.01
4810.96
4840.72
3892.43
3893.21
3894.13
3895.01
3895.85
3896.59
3897.26
3897.82
3898.27
3898.6
3898.8
3898.88
3898.85
3898.69
3898.42
3898.06
3897.61
3897.09
3896.54
4240.21
4221.33
4202.72
4184.49
4166.77
4149.63
4133.1
4117.2
4101.93
4087.28
4073.21
4059.7
4046.71
4034.18
4022.09
4010.38
3999.01
3987.93
3977.09
3966.45
3955.96
3945.58
3887.13
3887.81
3888.63
3889.42
3890.15
3890.79
3891.36
3891.83
3892.19
3892.44
3892.58
3892.61
3892.53
3892.35
3892.08
3891.73
3891.31
3890.87
4215.66
4198.27
4181.11
4164.29
4147.9
4132.01
4116.67
4101.88
4087.64
4073.95
4060.78
4048.09
4035.86
4024.05
4012.61
4001.5
3990.68
3980.09
3969.71
3959.48
3949.35
3881.76
3882.34
3883.08
3883.78
3884.4
3884.96
3885.44
3885.82
3886.1
3886.29
3886.37
3886.36
3886.25
3886.06
3885.79
3885.47
3885.13
4192.56
4176.54
4160.72
4145.18
4130.03
4115.31
4101.07
4087.32
4074.06
4061.27
4048.94
4037.04
4025.54
4014.4
4003.58
3993.05
3982.75
3972.64
3962.68
3952.83
3876.31
3876.82
3877.47
3878.07
3878.61
3879.09
3879.49
3879.79
3880.01
3880.14
3880.18
3880.14
3880.01
3879.82
3879.57
3879.32
4170.8
4156.04
4141.45
4127.12
4113.11
4099.48
4086.28
4073.5
4061.15
4049.22
4037.7
4026.54
4015.74
4005.24
3995.01
3985.02
3975.21
3965.56
3956.01
3870.81
3871.25
3871.81
3872.33
3872.79
3873.19
3873.52
3873.76
3873.93
3874.01
3874.02
3873.95
3873.82
3873.63
3873.46
4150.27
4136.69
4123.25
4110.02
4097.08
4084.48
4072.25
4060.39
4048.91
4037.79
4027.03
4016.58
4006.44
3996.55
3986.89
3977.41
3968.08
3958.85
3865.25
3865.62
3866.11
3866.55
3866.94
3867.28
3867.54
3867.73
3867.84
3867.89
3867.87
3867.79
3867.67
3867.55
4130.9
4118.41
4106.04
4093.85
4081.92
4070.28
4058.96
4047.97
4037.31
4026.96
4016.92
4007.15
3997.64
3988.34
3979.21
3970.23
3961.35
3859.64
3859.95
3860.36
3860.74
3861.07
3861.34
3861.55
3861.69
3861.77
3861.79
3861.75
3861.67
3861.62
4112.61
4101.13
4089.77
4078.56
4067.57
4056.83
4046.38
4036.21
4026.33
4016.72
4007.37
3998.25
3989.33
3980.59
3971.98
3963.47
3853.99
3854.23
3854.59
3854.91
3855.18
3855.4
3855.56
3855.66
3855.71
3855.71
3855.67
3855.66
4095.32
4084.81
4074.38
4064.1
4054
4044.12
4034.49
4025.11
4015.97
4007.06
3998.37
3989.86
3981.52
3973.31
3965.19
3848.3
3848.49
3848.79
3849.06
3849.28
3849.45
3849.56
3849.64
3849.66
3849.65
3849.68
4079
4069.38
4059.85
4050.44
4041.18
4032.12
4023.27
4014.63
4006.2
3997.96
3989.9
3981.99
3974.2
3966.5
3842.59
3842.72
3842.97
3843.19
3843.36
3843.49
3843.58
3843.62
3843.64
3843.69
4063.57
4054.82
4046.13
4037.54
4029.09
4020.81
4012.7
4004.78
3997.02
3989.43
3981.97
3974.63
3967.36
3836.83
3836.93
3837.14
3837.31
3837.44
3837.54
3837.6
3837.62
3837.71
4049.01
4041.06
4033.18
4025.38
4017.7
4010.16
4002.76
3995.52
3988.42
3981.44
3974.57
3967.77
3831.05
3831.12
3831.29
3831.42
3831.51
3831.58
3831.62
3831.72
4035.26
4028.09
4020.97
4013.93
4006.98
4000.15
3993.45
3986.87
3980.39
3974.01
3967.69
3825.25
3825.3
3825.42
3825.52
3825.59
3825.63
3825.74
4022.29
4015.87
4009.49
4003.17
3996.93
3990.79
3984.74
3978.8
3972.92
3967.11
3819.44
3819.46
3819.55
3819.62
3819.66
3819.78
4010.08
4004.38
3998.71
3993.08
3987.52
3982.04
3976.64
3971.3
3966.02
3813.61
3813.61
3813.67
3813.71
3813.84
3998.6
3993.58
3988.6
3983.65
3978.75
3973.91
3969.13
3964.39
3807.78
3807.75
3807.79
3807.91
3987.81
3983.47
3979.15
3974.86
3970.6
3966.39
3962.21
3801.94
3801.88
3802
3977.72
3974.03
3970.35
3966.7
3963.07
3959.46
3796.08
3796.12
3968.28
3965.23
3962.19
3959.16
3956.14
3790.33
3959.5
3957.08
3954.66
3952.24
3951.36
3949.55
3947.75
3943.85
3942.66
3936.97
)
;

boundaryField
{
    lowerOutlet
    {
        type            MarshakRadiation;
        refValue        nonuniform List<scalar> 
144
(
1837.21
1837.21
1837.21
1837.21
1837.21
1837.21
1837.21
1837.21
1837.21
1837.21
1837.21
1837.21
1837.21
1837.21
1837.21
1837.21
1837.21
1837.21
1837.21
1837.21
1837.21
1837.21
1837.21
1837.21
1837.21
1837.21
1837.21
1837.21
1837.21
1837.21
1837.21
1837.21
1837.21
1837.21
1837.21
1837.21
1837.21
1837.21
1837.21
1837.21
1837.21
1837.21
1837.21
2191.17
1837.21
1837.21
2381.06
1837.21
26985.8
1837.21
1837.21
1837.21
1837.21
1837.21
1837.21
1837.21
1837.21
1837.21
1837.21
1837.21
1837.21
1837.21
1837.21
1837.21
1837.21
1837.21
1837.21
1837.21
1837.21
1837.21
1837.21
1837.21
1837.21
1837.21
1837.21
1837.21
1837.21
1837.21
1837.21
1837.21
1837.21
1837.21
1837.21
1837.21
1837.21
1837.21
1837.21
1837.21
1837.21
1837.21
1837.21
1837.21
1837.21
1837.21
1837.21
1837.21
1837.21
1837.21
1837.21
1837.21
1837.21
1837.21
1837.21
1837.21
2308.62
5591.58
1837.21
1837.21
1837.21
1837.21
1837.21
1837.21
1837.21
1837.21
1837.21
1837.21
1837.21
1837.21
1837.21
1837.21
1837.21
1837.21
1837.21
1837.21
1837.21
1837.21
1837.21
1837.21
1837.21
1837.21
1837.21
2001.02
1837.21
1837.21
1837.21
1837.21
1837.21
1837.21
1837.21
1837.21
1837.21
1837.21
1837.21
1837.21
)
;
        refGradient     uniform 0;
        valueFraction   nonuniform List<scalar> 
144
(
0.00149742
0.00149641
0.00149543
0.00149443
0.00149342
0.00149244
0.00149144
0.00149045
0.00148944
0.00148846
0.00148745
0.00148647
0.00148548
0.00148448
0.00148349
0.00148252
0.00148152
0.00148054
0.00147955
0.00147859
0.0014776
0.00147664
0.00147564
0.00147467
0.00147401
0.00147284
0.00146976
0.00146635
0.00146298
0.00145653
0.00144944
0.00144398
0.00144001
0.000690462
0.000687066
0.000678958
0.000670805
0.000667675
0.000666716
0.000666057
0.000663663
0.000672981
0.000753757
0.00216629
0.000316145
0.000286104
0.00124839
0.000646615
0.00788469
0.000291208
0.000269919
0.000264581
0.000264145
0.00064496
0.00064915
0.000654928
0.000663563
0.000666406
0.000667178
0.000668515
0.000674197
0.000683578
0.000689544
0.00144013
0.0014441
0.00144946
0.00145653
0.00146298
0.00146635
0.00146976
0.00147284
0.00147401
0.00147467
0.00147564
0.00147664
0.0014776
0.00147859
0.00147955
0.00148054
0.00148152
0.00148252
0.00148349
0.00148448
0.00148548
0.00148647
0.00148745
0.00148846
0.00148944
0.00149045
0.00149144
0.00149244
0.00149342
0.00149443
0.00149543
0.00149641
0.00149742
0.000666471
0.000665036
0.000664681
0.000697664
0.00105944
0.00028972
0.00031799
0.000703477
0.00126728
0.00351792
0.000301444
0.000273741
0.000265698
0.000263651
0.000643373
0.000646607
0.000651615
0.000659557
0.000665692
0.000666706
0.000668516
0.000667179
0.000341868
0.000290655
0.000893302
0.000385851
0.000328123
0.000283349
0.000267526
0.000263856
0.000264933
0.000667675
0.000670804
0.000278308
0.000339816
0.000565612
0.000734541
0.000401151
0.000314795
0.000277961
0.000266552
0.000263634
0.000689545
0.000683578
0.000674197
0.000678958
0.000687066
0.000690461
)
;
        value           nonuniform List<scalar> 
144
(
3933.39
3940.34
3947.98
3956.33
3965.39
3975.18
3985.72
3997.03
4009.14
4022.07
4035.86
4050.56
4066.2
4082.84
4100.55
4119.4
4139.46
4160.83
4183.61
4207.95
4233.97
4261.85
4291.78
4324.02
4358.89
4396.76
4437.99
4483.06
4532.56
4587.26
4648.11
4716.21
4793.05
4859.59
4957.05
5070.54
5204.13
5363.64
5557.85
5800.1
6112
6526.16
7090.45
8162.92
9230.74
10591.9
12667.5
16216.7
10961.5
8686.83
7648.58
6959.43
6465.64
6053.04
5774.01
5552.94
5373.03
5224.25
5098.85
4991.41
4898.07
4816.04
4743.42
4662.41
4605.56
4553.9
4506.7
4463.4
4423.49
4386.55
4352.25
4320.32
4290.56
4262.75
4236.66
4212.15
4189.08
4167.35
4146.85
4127.5
4109.23
4091.97
4075.67
4060.26
4045.72
4031.99
4019.04
4006.85
3995.38
3984.61
3974.52
3965.1
3956.33
3948.2
3940.7
3933.82
5671.87
5945.57
6303.91
6784.93
7491.14
8935.99
10262.6
11881.5
15291.1
17936.7
9049.28
7865.17
7109.33
6575.4
6219.28
5904.86
5657.53
5458.53
5295.28
5159.02
5280.19
5455.7
9560.07
10906.6
13585.5
16820.1
9975.75
8377.57
7452.32
6821.39
6363.66
5043.15
4943.17
8664.38
9911.73
11295.7
14366.6
17309.5
9480.49
8106.47
7273.08
6693.69
4906.53
5011.57
5134.53
4855.76
4778.66
4710.16
)
;
        emissivityMode  lookup;
        emissivity      uniform 1;
    }
    top
    {
        type            MarshakRadiation;
        refValue        nonuniform List<scalar> 
100
(
1837.21
1837.21
1837.21
1854.26
1857.17
1859.91
1862.64
1865.26
1867.63
1869.73
1871.55
1872.99
1874.08
1874.83
1875.25
1875.49
1875.65
1876.38
1881.96
1904.69
1952.16
2006.66
2032.55
2035.17
2011.71
1957.3
1908.81
1890.36
1885.09
1886.3
1892.23
1897.58
1899.78
1900.23
1896.52
1890.07
1882.3
1875.87
1873.12
1872.17
1871.97
1871.97
1872.08
1872.26
1872.45
1872.64
1872.81
1872.95
1873.05
1873.11
1873.17
1873.21
1873.19
1873.12
1873.01
1872.79
1872.55
1872.08
1871.83
1871.47
1870.92
1870.64
1870.23
1869.89
1869.69
1869.39
1869.19
1869.06
1868.95
1868.83
1868.74
1868.49
1867.91
1867.17
1865.65
1862.79
1837.21
1837.21
1837.21
1837.21
1837.21
1837.21
1837.21
1837.21
1837.21
1837.21
1837.21
1837.21
1837.21
1837.21
1842.12
1843.94
1845.99
1847.95
1849.94
1850.85
1850.67
1849.1
1845.82
1841.36
)
;
        refGradient     uniform 0;
        valueFraction   nonuniform List<scalar> 
100
(
0.00146087
0.00146014
0.00145961
0.00145897
0.00145805
0.00145597
0.00145081
0.00144323
0.00143629
0.00143182
0.00142961
0.001428
0.00142642
0.00142449
0.0014222
0.00142062
0.00142246
0.0014364
0.00151294
0.00178221
0.00228616
0.00281035
0.00304058
0.00306652
0.00285454
0.00234521
0.0018727
0.00168073
0.00162341
0.00162309
0.00167054
0.00171696
0.00173755
0.00174241
0.00170522
0.00164762
0.00157657
0.0015216
0.00150042
0.00149422
0.00149262
0.00149129
0.00149079
0.0014907
0.00149064
0.00149066
0.00149062
0.0014906
0.00149059
0.00149055
0.00149055
0.00149059
0.0014906
0.00149062
0.00149066
0.00149064
0.00149069
0.00149073
0.00149078
0.00149094
0.00148969
0.0014864
0.00148172
0.00147684
0.0014721
0.00146758
0.00146332
0.00145933
0.00145553
0.00145199
0.00144866
0.00144556
0.00144264
0.00143988
0.00143727
0.00143482
0.00143255
0.00143037
0.00142836
0.00142645
0.00142463
0.00142289
0.00142129
0.0014198
0.00141909
0.00142038
0.0014224
0.00142436
0.00142634
0.00142855
0.00143129
0.00143608
0.00144316
0.00145079
0.00145596
0.00145805
0.00145897
0.00145961
0.00146014
0.00146087
)
;
        value           nonuniform List<scalar> 
100
(
3759.38
3764.98
3770.63
3776.26
3781.79
3787.23
3792.59
3797.87
3803.03
3808.04
3812.91
3817.61
3822.11
3826.4
3830.43
3834.15
3837.48
3840.3
3842.43
3843.68
3844.51
3846.3
3850.28
3856.28
3864.12
3873.19
3881.86
3889.19
3895.62
3901.48
3906.95
3912.19
3917.28
3922.19
3926.96
3931.49
3935.72
3939.61
3943.15
3946.43
3949.47
3952.31
3954.93
3957.35
3959.56
3961.57
3963.37
3964.96
3966.33
3967.49
3968.43
3969.16
3969.66
3969.94
3970
3969.82
3969.42
3968.78
3967.91
3966.81
3965.48
3963.91
3962.11
3960.07
3957.81
3955.33
3952.62
3949.7
3946.56
3943.21
3939.66
3935.92
3931.98
3927.86
3923.56
3919.08
3914.4
3909.65
3904.77
3899.78
3894.69
3889.5
3884.22
3878.86
3873.42
3867.92
3862.37
3856.76
3851.11
3845.43
3839.72
3833.97
3828.19
3822.38
3816.57
3810.75
3804.92
3799.08
3793.23
3787.49
)
;
        emissivityMode  lookup;
        emissivity      uniform 1;
    }
    sides
    {
        type            MarshakRadiation;
        refValue        uniform 1837.21;
        refGradient     uniform 0;
        valueFraction   nonuniform List<scalar> 
100
(
0.00149192
0.00149205
0.00149201
0.001492
0.001492
0.001492
0.00149199
0.00149203
0.00149202
0.00149195
0.00149194
0.00149198
0.00149197
0.00149197
0.00149197
0.00149196
0.001492
0.00149203
0.00149206
0.0014921
0.0014921
0.00149213
0.00149216
0.0014922
0.00149223
0.00149225
0.00149235
0.00149238
0.00149248
0.00149263
0.00149161
0.00148922
0.00148601
0.00148273
0.00147937
0.00147608
0.0014729
0.00146987
0.00146702
0.00146429
0.00146166
0.00145921
0.00145687
0.00145465
0.00145253
0.00145052
0.00144859
0.00144677
0.001445
0.00144324
0.00149192
0.00149205
0.00149201
0.001492
0.001492
0.001492
0.00149199
0.00149203
0.00149202
0.00149195
0.00149194
0.00149198
0.00149197
0.00149197
0.00149197
0.00149196
0.001492
0.00149203
0.00149206
0.0014921
0.0014921
0.00149213
0.00149216
0.0014922
0.00149223
0.00149225
0.00149235
0.00149238
0.00149248
0.00149263
0.00149161
0.00148922
0.00148601
0.00148273
0.00147937
0.00147608
0.0014729
0.00146987
0.00146702
0.00146429
0.00146166
0.00145921
0.00145687
0.00145465
0.00145253
0.00145052
0.00144859
0.00144677
0.001445
0.00144324
)
;
        value           nonuniform List<scalar> 
100
(
3933.41
3939.01
3943.95
3948.23
3951.84
3954.81
3957.13
3958.84
3959.94
3960.46
3960.41
3959.81
3958.71
3957.1
3955.03
3952.52
3949.59
3946.27
3942.59
3938.58
3934.25
3929.63
3924.76
3919.64
3914.31
3908.79
3903.09
3897.24
3891.25
3885.14
3878.93
3872.64
3866.27
3859.85
3853.39
3846.9
3840.41
3833.91
3827.43
3820.96
3814.53
3808.14
3801.8
3795.52
3789.3
3783.16
3777.08
3771.09
3765.17
3759.41
3933.83
3939.51
3944.6
3949.08
3952.98
3956.3
3959.03
3961.21
3962.84
3963.93
3964.51
3964.59
3964.18
3963.32
3962.02
3960.3
3958.18
3955.69
3952.85
3949.68
3946.2
3942.44
3938.41
3934.14
3929.64
3924.95
3920.07
3915.02
3909.82
3904.49
3899.04
3893.47
3887.82
3882.09
3876.3
3870.45
3864.56
3858.64
3852.69
3846.73
3840.76
3834.79
3828.82
3822.85
3816.9
3810.97
3805.05
3799.16
3793.29
3787.51
)
;
        emissivityMode  lookup;
        emissivity      uniform 1;
    }
    front
    {
        type            empty;
    }
    back
    {
        type            empty;
    }
    roller
    {
        type            MarshakRadiation;
        refValue        uniform 1837.21;
        refGradient     uniform 0;
        valueFraction   nonuniform List<scalar> 
144
(
0.00039601
0.000390385
0.000402209
0.000392532
0.000424456
0.000404804
0.000423642
0.000459662
0.000476472
0.000388513
0.000394376
0.000396022
0.00038525
0.000395628
0.000395371
0.000416537
0.000392672
0.000407716
0.000402048
0.000452988
0.000416319
0.000468036
0.000446087
0.00047693
0.000385943
0.000385356
0.000396194
0.000395613
0.000395596
0.000395633
0.0004128
0.000414869
0.000392445
0.00041434
0.000405958
0.00040315
0.000461828
0.000387345
0.000395811
0.000386221
0.000385721
0.000396074
0.000394396
0.000399089
0.000396484
0.000416153
0.00039474
0.000394559
0.000392971
0.000418619
0.000409622
0.000404496
0.000402949
0.000429156
0.00043276
0.000437558
0.000449597
0.000476923
0.000385877
0.000388591
0.000395139
0.000417635
0.000394066
0.000399592
0.000410417
0.00040679
0.000467749
0.000470514
0.000472322
0.000392229
0.000392669
0.000395869
0.00041062
0.000418943
0.000393507
0.00041887
0.000417069
0.000397865
0.000415948
0.000412834
0.000407488
0.000411767
0.00040984
0.000420941
0.000457141
0.000470919
0.000456988
0.000453398
0.00047573
0.000476759
0.000466711
0.000470007
0.000471663
0.000386374
0.000395607
0.000396011
0.000388527
0.00039236
0.000405263
0.00039488
0.000418387
0.00039506
0.0004015
0.000441121
0.000445885
0.00040653
0.00046108
0.000430453
0.000475131
0.000476484
0.000468376
0.00047048
0.000473012
0.000474425
0.000390329
0.000391327
0.00039384
0.00039435
0.000387305
0.000395865
0.000395644
0.000395292
0.000395384
0.000407972
0.000395262
0.000393116
0.00041851
0.000418262
0.000396344
0.000414424
0.000413691
0.000404254
0.000417488
0.000402252
0.000402614
0.000448977
0.000411209
0.000464663
0.000436606
0.000441089
0.000473006
0.000465325
0.000469067
0.000470881
)
;
        value           nonuniform List<scalar> 
144
(
13777.7
10783.6
8330.28
5182.52
4576.8
4361.01
4278.08
4207.77
4253.96
20608.9
20456.9
15384.9
16947.3
7483.64
6085.41
6493.62
5257.94
4763.24
4395.6
4421.42
4292.14
4333.94
4237.34
4271.71
14010.3
14907.6
12450.5
7015.67
6725.95
5881.31
7046.65
6829.5
5132.01
4647.87
4648.71
4502.26
4202.36
19842.2
16660.7
13135.6
15912.7
10276.3
9564.88
8815.1
9232.48
6682.92
5496.97
5400.55
5337.33
6020.81
4816.39
4594.79
4545.51
4550.28
4526.4
4503.38
4229.99
4266.63
18108.8
21495.3
19092.8
6307.8
4963.29
4804.13
4681.81
4711.5
4196.85
4208.07
4231.07
22676.5
22563
9401.73
7349.19
5859.97
5007.69
5741.47
5410.37
4840.6
5311.35
5053.15
4709.03
4980.03
4890.76
4597.8
4397.5
4315.59
4212.9
4221.35
4249.72
4260.1
4197.1
4203.59
4225.2
18991.1
17929.2
11248.7
11622.7
10060.8
7895.01
5632
6180.63
4920.3
4770.01
4481.99
4460.9
4332.6
4374.94
4269.3
4292.41
4279.95
4197.87
4213.41
4236.65
4243.56
22194.5
22541.4
22190
21573.2
12367.9
8713.04
8097.21
6322.64
6541.12
7607.01
5747.78
5068.82
5625.91
5515.08
4879.26
5218.58
5132.47
4738.32
4618.8
4462.39
4427.57
4441.29
4309.92
4353.73
4260.48
4248.12
4302.97
4198.66
4200.16
4219.22
)
;
        emissivityMode  lookup;
        emissivity      uniform 1;
    }
    burner
    {
        type            MarshakRadiation;
        refValue        uniform 270452;
        refGradient     uniform 0;
        valueFraction   nonuniform List<scalar> 
16
(
0.00976469
0.011049
0.0111627
0.0111145
0.0110035
0.0111552
0.011121
0.0115084
0.0105838
0.0110948
0.0111564
0.0111274
0.010949
0.011132
0.0111378
0.0111958
)
;
        value           nonuniform List<scalar> 
16
(
23790.3
36280.1
41313.2
37966.5
33948.6
40702.8
39900.2
23352.6
27568
38174.1
41437
34938.8
31107.5
39650.1
41001.3
30370.9
)
;
        emissivityMode  lookup;
        emissivity      uniform 1;
    }
}


// ************************************************************************* //
