/*--------------------------------*- C++ -*----------------------------------*\
  =========                 |
  \\      /  F ield         | OpenFOAM: The Open Source CFD Toolbox
   \\    /   O peration     | Website:  https://openfoam.org
    \\  /    A nd           | Version:  dev
     \\/     M anipulation  |
\*---------------------------------------------------------------------------*/
FoamFile
{
    version     2.0;
    format      ascii;
    class       volScalarField;
    location    "2500";
    object      omega;
}
// * * * * * * * * * * * * * * * * * * * * * * * * * * * * * * * * * * * * * //

dimensions      [0 0 -1 0 0 0 0];

internalField   nonuniform List<scalar> 
9836
(
1.24714
1.26595
1.21394
1.18478
1.36268
1.10421
1.08211
1.37517
1.30254
1.03414
1.03398
1.33741
1.3748
1.17258
1.01651
1.01108
1.24134
1.40019
1.30997
1.07849
1.01088
1.00052
1.12793
1.38704
1.37736
1.18079
1.03998
1.00645
0.991337
1.06151
1.34041
1.40232
1.29269
1.09023
1.02222
1.00355
0.985971
1.02172
1.24417
1.40315
1.36453
1.17044
1.04721
1.01111
1.00147
0.983077
0.998977
1.13935
1.38388
1.39373
1.26537
1.08771
1.02468
1.00445
0.99988
0.981833
0.98665
1.06712
1.33389
1.40555
1.34132
1.15176
1.04575
1.01016
1.00013
0.998538
0.982302
0.979682
1.02255
1.24533
1.40291
1.38187
1.23043
1.07868
1.02199
1.00147
0.995584
0.997751
0.98348
0.974406
0.996781
1.14352
1.38204
1.39871
1.30783
1.12814
1.04018
1.00564
0.995103
0.992609
0.99691
0.984856
0.970843
0.982759
1.06806
1.33193
1.40819
1.35969
1.19536
1.06576
1.01585
0.996045
0.988643
0.990472
0.996273
0.985983
0.968297
0.974588
1.02341
1.24649
1.40507
1.38989
1.26719
1.10499
1.03064
0.999547
0.988034
0.984611
0.988551
0.995752
0.986276
0.96692
0.96921
0.996925
1.14735
1.38445
1.40312
1.33004
1.16051
1.05062
1.00794
0.98887
0.980577
0.981337
0.986972
0.995293
0.986153
0.967157
0.965058
0.981335
1.07232
1.33675
1.41397
1.37049
1.22554
1.0812
1.0195
0.991786
0.979938
0.975663
0.978639
0.985676
0.994886
0.98608
0.96805
0.961427
0.971869
1.02674
1.2547
1.41172
1.39797
1.28885
1.12629
1.03518
0.998498
0.980636
0.971802
0.971588
0.976445
0.984521
0.994525
0.98637
0.969056
0.958775
0.965565
0.998835
1.15745
1.39243
1.41101
1.34391
1.18369
1.05879
1.00771
0.983014
0.971051
0.966206
0.968351
0.974531
0.983474
0.994209
0.987002
0.969363
0.957115
0.960951
0.982485
1.07996
1.3459
1.423
1.38102
1.24504
1.09511
1.01964
0.988434
0.971652
0.962849
0.96177
0.965601
0.972835
0.982546
0.993902
0.987709
0.968797
0.956126
0.957685
0.971962
1.03457
1.2669
1.4208
1.40825
1.30377
1.14376
1.03826
0.995427
0.973708
0.962027
0.957035
0.958044
0.963198
0.97135
0.981656
0.993607
0.98823
0.968042
0.956465
0.955103
0.964621
1.00586
1.17533
1.40236
1.42076
1.35642
1.20147
1.06603
1.00491
0.97807
0.96258
0.954113
0.952185
0.954846
0.961112
0.969945
0.980822
0.993336
0.988542
0.967706
0.956982
0.952197
0.95937
0.987507
1.09564
1.35898
1.43363
1.39207
1.25996
1.10695
1.01859
0.983411
0.964365
0.953167
0.948012
0.948089
0.9521
0.95924
0.968656
0.980037
0.993097
0.988745
0.967596
0.957063
0.949886
0.954744
0.975285
1.04888
1.28836
1.43254
1.41926
1.3163
1.1576
1.04016
0.990278
0.967633
0.953555
0.945436
0.942959
0.944625
0.949701
0.957587
0.967456
0.979316
0.992879
0.988881
0.967508
0.956918
0.94794
0.950978
0.966327
1.01829
1.2018
1.41781
1.43273
1.36749
1.21485
1.07179
1.00045
0.971294
0.954793
0.944534
0.939386
0.938742
0.941652
0.947646
0.956077
0.96639
0.978697
0.992752
0.988982
0.967334
0.956509
0.946271
0.947929
0.959343
0.99789
1.12177
1.38044
1.44675
1.40387
1.27032
1.11585
1.01574
0.975959
0.956797
0.944579
0.937306
0.934434
0.935202
0.939163
0.945886
0.954784
0.965489
0.978208
0.992606
0.989085
0.967151
0.955654
0.945283
0.944877
0.953675
0.983514
1.07144
1.3197
1.44897
1.43131
1.32636
1.16689
1.04017
0.982574
0.958833
0.94503
0.936256
0.931518
0.930394
0.932359
0.937135
0.944435
0.953723
0.964736
0.977974
0.992574
0.989169
0.967024
0.954363
0.944985
0.941738
0.949049
0.97267
1.03876
1.24238
1.43863
1.44765
1.37633
1.22309
1.07553
0.993117
0.961327
0.94576
0.935644
0.929688
0.92699
0.927256
0.930061
0.935509
0.943301
0.952922
0.964509
0.978306
0.992797
0.989202
0.966855
0.953043
0.944885
0.938602
0.944734
0.964378
1.01577
1.16899
1.41031
1.46128
1.41516
1.27677
1.12116
1.01092
0.965219
0.94624
0.93546
0.928336
0.924613
0.923554
0.924751
0.928325
0.934406
0.942703
0.952853
0.965199
0.979277
0.99334
0.989146
0.966559
0.95197
0.944446
0.935771
0.940516
0.957374
0.99959
1.10812
1.36167
1.46902
1.44269
1.33147
1.17228
1.03863
0.972058
0.946955
0.934735
0.927352
0.922765
0.920827
0.920913
0.922954
0.927286
0.934049
0.942883
0.953796
0.966946
0.981435
0.994352
0.989022
0.966114
0.951243
0.943505
0.933152
0.936629
0.950976
0.987867
1.0715
1.30343
1.46415
1.46343
1.38008
1.22523
1.07663
0.984402
0.948583
0.93392
0.925747
0.921073
0.918612
0.918095
0.91922
0.92203
0.927256
0.934686
0.944307
0.956471
0.970726
0.985664
0.995965
0.988864
0.965503
0.950946
0.942299
0.930676
0.933109
0.94538
0.978514
1.04635
1.237
1.44867
1.47621
1.42263
1.27722
1.1214
1.00519
0.952264
0.931925
0.923978
0.91903
0.916518
0.915661
0.916573
0.918631
0.922441
0.928423
0.93687
0.948196
0.961962
0.978091
0.993076
0.999727
0.988636
0.964862
0.95089
0.940997
0.928269
0.929625
0.940571
0.970931
1.02812
1.17759
1.41735
1.48724
1.45189
1.32768
1.17031
1.03482
0.959835
0.931988
0.920894
0.916548
0.914158
0.913325
0.914205
0.916289
0.919458
0.924293
0.931558
0.94214
0.955647
0.972449
0.990943
1.00447
1.0034
0.988342
0.964344
0.950875
0.939635
0.925749
0.926269
0.936297
0.964694
1.01559
1.13076
1.37449
1.49069
1.47395
1.37683
1.21917
1.07228
0.974153
0.933385
0.918359
0.913117
0.911085
0.910673
0.911764
0.914342
0.917518
0.922008
0.928527
0.93827
0.95205
0.969021
0.99104
1.01259
1.02534
1.00265
1.01467
0.987972
0.964001
0.951067
0.938104
0.923152
0.923233
0.932484
0.959272
1.00798
1.09882
1.32676
1.48505
1.48947
1.42028
1.26785
1.11446
0.996216
0.937421
0.915251
0.909038
0.907157
0.907233
0.908892
0.912113
0.915997
0.920777
0.927391
0.936712
0.950473
0.969492
0.993049
1.02137
1.04973
1.03748
1.06228
1.00453
1.02395
0.987499
0.963984
0.951498
0.936204
0.920481
0.920549
0.929341
0.9547
1.00321
1.07884
1.27933
1.47032
1.5002
1.4543
1.31417
1.15872
1.02528
0.94605
0.915311
0.904075
0.902173
0.902881
0.905161
0.909123
0.914009
0.919968
0.927318
0.937161
0.951246
0.971378
0.997901
1.03224
1.05463
1.0603
1.08276
1.07169
1.10028
1.05369
1.08473
1.00587
1.03234
0.986986
0.964434
0.952042
0.934123
0.917629
0.918111
0.926857
0.951698
1.00138
1.0659
1.23646
1.44591
1.50802
1.47689
1.36088
1.20364
1.05987
0.960915
0.91679
0.900063
0.896229
0.897296
0.900417
0.90508
0.911121
0.918549
0.927295
0.938325
0.953365
0.975043
1.00752
1.04823
1.06759
1.07987
1.08798
1.11361
1.12264
1.14006
1.07333
1.11551
1.00771
1.04431
0.986545
0.965419
0.952455
0.931664
0.914819
0.91587
0.924905
0.950133
1.00136
1.05852
1.20216
1.41733
1.50976
1.49459
1.40163
1.24741
1.0981
0.982131
0.920914
0.896676
0.890007
0.890625
0.894476
0.900045
0.906904
0.915997
0.926755
0.939229
0.956637
0.98173
1.01734
1.06909
1.09506
1.11439
1.10735
1.12814
1.14821
1.15457
1.16765
1.19055
1.09927
1.15375
1.00983
1.05953
0.986349
0.966943
0.952638
0.929026
0.912583
0.913896
0.923512
0.949641
1.00242
1.05498
1.17731
1.38775
1.50683
1.50621
1.4372
1.28849
1.13754
1.00881
0.929579
0.896706
0.883993
0.883264
0.887133
0.893441
0.901583
0.911646
0.924875
0.939301
0.958764
0.987722
1.03056
1.09168
1.13363
1.15656
1.15498
1.17916
1.17648
1.20744
1.20061
1.20391
1.23112
1.25395
1.13092
1.19964
1.01233
1.07846
0.986554
0.9688
0.952216
0.925451
0.910593
0.912952
0.923212
0.950589
1.00575
1.05536
1.16079
1.36019
1.49911
1.51221
1.46526
1.32606
1.17603
1.03919
0.943849
0.898179
0.879574
0.875605
0.878795
0.885364
0.894586
0.905812
0.92066
0.938253
0.959147
0.991374
1.04203
1.11535
1.17765
1.20987
1.21319
1.24846
1.24159
1.28429
1.23973
1.2865
1.27952
1.26405
1.31206
1.33381
1.16923
1.25377
1.01531
1.10164
0.98725
0.970544
0.950086
0.921076
0.909178
0.912379
0.925382
0.955077
1.01217
1.05792
1.15149
1.33659
1.48702
1.51671
1.48366
1.3625
1.21249
1.07181
0.962648
0.902193
0.876764
0.868616
0.870148
0.876177
0.88591
0.898135
0.913994
0.934394
0.95838
0.991835
1.04823
1.14376
1.24159
1.30023
1.31089
1.41196
1.35254
1.48963
1.35375
1.49638
1.34039
1.45036
1.38477
1.33765
1.4218
1.43964
1.21334
1.31757
1.01883
1.12807
0.988195
0.971728
0.946641
0.917307
0.908876
0.912976
0.92861
0.964052
1.02129
1.06419
1.14758
1.31816
1.4734
1.51809
1.49594
1.39546
1.24627
1.10484
0.98552
0.910848
0.876923
0.862696
0.861482
0.866601
0.875963
0.888384
0.905325
0.927142
0.954879
0.990721
1.04807
1.16341
1.35685
1.44461
1.58893
1.84105
1.76964
2.28266
1.81344
2.48407
1.71589
2.35802
1.55181
1.99896
1.6479
1.42807
1.71391
1.72821
1.26435
1.38117
1.02282
1.16059
0.989594
0.971882
0.942186
0.914469
0.909874
0.915861
0.934883
0.976171
1.03324
1.07522
1.14926
1.3045
1.45966
1.51701
1.50368
1.42235
1.27726
1.13644
1.01103
0.923304
0.878622
0.858847
0.853378
0.856732
0.865054
0.87761
0.894486
0.917378
0.94666
0.986458
1.04536
1.16381
1.50919
1.58296
2.16644
2.51644
3.01998
3.916
3.65537
5.19969
3.69777
5.81257
3.11538
5.38982
2.31204
4.00453
2.58557
1.67663
2.74079
2.72081
1.29695
1.5651
1.02754
1.17905
0.991197
0.970898
0.936987
0.913387
0.911979
0.921281
0.946505
0.992944
1.04747
1.08913
1.15464
1.29628
1.44704
1.51387
1.50766
1.44326
1.30451
1.16571
1.03731
0.938862
0.883027
0.857296
0.846754
0.84692
0.85397
0.866015
0.882232
0.905174
0.935137
0.976041
1.03775
1.15102
1.6186
1.61923
2.85134
3.12349
4.86864
5.75764
6.90288
8.54498
8.22919
10.6105
8.49825
11.5121
7.34035
11.1573
4.84704
9.24257
5.47201
2.51781
5.72159
5.47276
1.395
2.15113
1.03334
1.18791
0.992664
0.967791
0.931745
0.914161
0.915221
0.929673
0.964903
1.01383
1.06348
1.10438
1.16516
1.29267
1.43664
1.5086
1.5081
1.45786
1.32745
1.19154
1.06338
0.957045
0.89065
0.857858
0.84225
0.838633
0.843155
0.853484
0.869096
0.891306
0.921596
0.961848
1.02112
1.14052
1.59734
1.40973
3.33069
3.38188
6.54379
7.12963
10.028
11.244
12.5754
14.0541
13.7618
15.1586
13.845
15.3341
13.0132
14.9405
10.61
13.875
11.3383
4.83971
11.4015
10.7987
1.71895
3.84048
1.02859
1.31311
0.993426
0.964453
0.929389
0.917418
0.921415
0.943019
0.987077
1.03433
1.08008
1.1198
1.17794
1.29394
1.42859
1.50279
1.50663
1.46616
1.34637
1.21363
1.08773
0.976611
0.900093
0.859872
0.840203
0.832261
0.832875
0.840947
0.85531
0.876261
0.906458
0.946559
1.00247
1.11163
2.07206
3.30742
3.41432
7.57404
7.77916
12.1674
12.8334
15.0669
15.751
16.0491
16.648
16.2075
16.7816
15.971
16.6066
15.3836
16.1993
14.2293
15.5062
14.2789
9.46371
14.0751
13.6246
2.71099
7.26985
1.0506
1.73586
0.995063
0.962982
0.930343
0.923263
0.931453
0.963253
1.00963
1.05308
1.09566
1.13451
1.19143
1.2976
1.42344
1.49679
1.50313
1.47026
1.36156
1.23193
1.10911
0.996258
0.911469
0.864253
0.840235
0.827839
0.825325
0.830091
0.842016
0.860759
0.890075
0.92955
0.981758
1.07086
1.67749
7.05946
6.43275
7.74326
7.55169
13.2535
13.5066
16.2213
16.5401
17.0552
17.3393
17.1768
17.4628
17.053
17.3642
16.7377
17.142
16.2302
16.7662
15.4866
16.1693
15.3613
12.8349
15.1416
14.838
4.7234
11.3525
1.14391
2.7805
1.00143
0.965347
0.934412
0.930765
0.94521
0.985591
1.02747
1.06818
1.10871
1.14802
1.20498
1.30445
1.42097
1.49134
1.49841
1.47042
1.372
1.24626
1.12723
1.01477
0.924436
0.869608
0.841181
0.82623
0.819553
0.821123
0.830092
0.845916
0.871983
0.909244
0.960554
1.03787
1.33827
5.5342
4.67276
12.9452
12.4436
13.4769
13.3178
16.7442
16.88
17.5351
17.6595
17.6476
17.7668
17.6051
17.8093
17.5378
17.9947
17.3477
18.0521
16.8433
17.7563
16.1023
16.994
16.0243
14.345
15.8969
15.6876
8.34267
13.3977
1.38141
4.56077
1.05186
0.977968
0.940699
0.940573
0.963773
1.00611
1.04144
1.07854
1.11863
1.1597
1.21861
1.31337
1.42177
1.48762
1.49334
1.4687
1.37787
1.25665
1.14227
1.03154
0.93758
0.875374
0.843632
0.82683
0.818582
0.816427
0.821052
0.832909
0.85474
0.889982
0.940296
1.00563
1.24922
3.97547
2.69126
11.5617
10.5924
16.6734
16.4363
16.8817
16.8272
17.7422
17.8003
17.8203
17.8216
17.957
18.0817
18.4893
18.9751
18.981
20.0339
19.0111
20.4863
18.3402
20.1912
17.152
18.9066
17.2464
15.3732
17.2069
17.0465
11.7646
14.955
1.9593
8.0688
1.14414
1.02921
0.949929
0.952512
0.984013
1.02129
1.05097
1.08515
1.12512
1.16959
1.23167
1.32434
1.42466
1.48667
1.48921
1.46468
1.37988
1.2635
1.15419
1.04682
0.950274
0.882518
0.847217
0.828927
0.819623
0.81649
0.817968
0.825673
0.843096
0.873826
0.917045
0.974453
1.14134
4.04679
8.98261
8.01467
15.9919
15.5528
17.7797
17.705
17.8166
17.812
17.8086
17.7793
18.0989
18.0679
19.3805
19.684
20.9887
21.8236
22.1554
23.624
22.3379
24.4697
21.3728
24.075
19.3746
22.3269
19.6068
16.8016
19.5599
19.2589
14.0924
16.566
3.34469
12.2284
1.15941
0.976515
0.965204
1.00216
1.03267
1.05776
1.08895
1.12897
1.17726
1.24475
1.33636
1.43086
1.48741
1.48716
1.46021
1.37876
1.26754
1.16375
1.06071
0.962865
0.889966
0.85061
0.831418
0.822734
0.8191
0.819179
0.825453
0.840302
0.865551
0.901251
0.954929
1.08695
2.58263
12.2658
10.5924
14.7193
13.9821
17.5429
17.3532
17.6708
17.6512
17.7213
17.6888
17.9864
17.8374
19.7856
19.7446
22.4159
22.7378
24.6229
25.1231
25.9929
26.5889
26.3792
27.5137
25.4997
27.7898
22.974
26.5347
23.2594
18.8455
23.0991
22.5283
16.5739
18.6353
6.82153
17.1388
1.08139
0.990565
1.01906
1.04277
1.06415
1.09125
1.13129
1.18375
1.25658
1.35009
1.44022
1.49096
1.48711
1.45678
1.37586
1.27009
1.17258
1.07517
0.976521
0.896502
0.853102
0.834671
0.829861
0.826182
0.825781
0.830318
0.842814
0.86636
0.901415
0.954114
1.07417
2.14722
8.63051
6.43334
16.0423
15.4349
17.014
16.6889
17.6076
17.5464
17.2311
17.1901
17.5707
17.3344
19.6104
19.3164
22.7543
22.642
25.169
25.0478
26.7137
26.5896
27.8683
27.8251
28.6723
28.8605
28.8254
29.6738
27.1858
29.6187
27.383
21.7337
27.1775
26.862
24.194
19.5941
21.3322
13.7994
25.3434
1.08292
1.04357
1.05966
1.06956
1.0945
1.13336
1.18959
1.26831
1.36395
1.45233
1.49961
1.48947
1.45529
1.37264
1.27216
1.18137
1.09042
0.990543
0.906489
0.856914
0.838926
0.838271
0.840934
0.844894
0.848958
0.860191
0.884915
0.922391
0.97416
1.09355
1.9937
8.07591
13.9832
14.0606
16.9698
16.7077
17.4148
17.2642
17.149
17.1375
17.8886
17.4371
18.902
18.4006
22.3756
21.9293
24.7725
24.3771
26.3177
25.9589
27.6087
27.2553
28.7266
28.4952
29.7339
29.6132
30.512
30.712
30.2041
31.1959
30.6073
28.9407
30.5586
26.332
23.232
25.8616
28.7968
30.7641
30.6052
28.6907
23.6671
25.1888
24.6863
23.193
24.7523
42.3753
1.14058
1.07922
1.0853
1.09821
1.13699
1.19579
1.27967
1.37901
1.46662
1.51185
1.49692
1.4562
1.37151
1.27518
1.19076
1.10919
1.01469
0.927919
0.865403
0.84581
0.846691
0.856559
0.870499
0.887828
0.9172
0.965937
1.02317
1.07916
1.21113
2.04924
6.61789
15.0153
13.7039
16.1348
15.7725
16.857
16.6662
17.107
17.0332
17.0601
16.752
19.887
18.9835
21.3492
20.6695
23.9308
23.4382
25.5238
25.0146
26.8946
26.4989
28.263
28.0589
29.4843
29.4235
30.3959
30.4095
30.2959
30.286
31.2809
31.4962
31.0154
31.4173
31.4074
31.6414
31.2439
31.9978
31.8115
31.56
28.3001
27.7582
30.5764
31.8885
31.7443
30.431
24.5907
28.9232
25.6001
27.0738
26.3584
50.9108
29.5893
38.7474
59.4009
1.16613
1.10209
1.11079
1.14132
1.20352
1.29182
1.39357
1.48352
1.52776
1.51015
1.46174
1.37349
1.28156
1.20786
1.14112
1.05735
0.961543
0.88708
0.859856
0.858415
0.873641
0.901279
0.954605
1.08128
1.30173
1.47943
1.55456
1.67603
2.44783
6.50887
13.5641
15.5303
15.4382
16.3238
16.0748
16.2675
16.1891
16.5131
16.3679
18.075
17.3287
21.7117
20.977
22.9114
22.3481
24.4496
23.8759
25.9866
25.3493
27.8172
27.4308
29.4304
29.4587
30.2198
30.2502
30.2779
30.411
30.7986
30.675
30.5879
31.9363
31.9398
31.2135
31.5435
31.8179
32.2262
32.2053
32.6267
32.4165
32.4835
30.1475
29.6722
31.9488
32.721
32.9383
31.9231
25.8084
26.3605
28.9889
28.0696
56.7348
29.7812
58.7287
29.1612
36.9541
1.17864
1.12752
1.15231
1.21252
1.30411
1.40988
1.50133
1.5475
1.52875
1.47468
1.38208
1.2963
1.24153
1.19305
1.11367
1.01809
0.939436
0.894996
0.885812
0.907497
0.959123
1.10941
1.61524
2.48169
3.17059
3.34037
3.25278
3.80763
6.99522
12.4671
14.6423
14.2473
15.4175
15.1738
16.0145
15.8223
15.9775
15.7014
16.7484
16.326
20.1171
19.1175
22.3412
21.8556
23.3251
22.8156
24.6425
23.9304
26.8033
25.9306
29.3537
28.96
30.5575
30.7705
30.9705
31.1324
30.5991
30.6832
30.8957
31.1754
31.0128
30.874
30.8604
32.4438
32.2728
31.2823
31.5512
31.9404
32.8496
32.9785
33.273
32.907
33.2881
31.7662
31.4082
33.0895
33.5599
33.8103
33.1705
27.1105
26.9167
30.7576
29.781
49.8811
19.7405
40.3667
29.1518
36.3061
1.19392
1.1695
1.22474
1.31841
1.42645
1.5209
1.57067
1.55286
1.49357
1.39936
1.32236
1.28966
1.25408
1.20082
1.12918
1.05587
0.995016
0.973694
0.998752
1.09336
1.49614
3.01159
5.48918
7.1142
7.37211
6.97643
7.12223
8.81461
12.2769
13.4626
14.2818
13.9744
14.9188
14.6383
15.4288
15.2033
16.422
15.9014
18.0532
17.1092
21.312
20.6473
22.2561
21.878
23.274
22.7137
24.9181
23.9
28.1761
26.9186
31.1926
31.1194
30.9465
30.5603
31.5421
31.9307
32.3201
32.638
31.0139
31.3215
31.7699
32.3083
31.1046
31.0861
31.2875
32.7341
32.3351
31.3105
31.5051
31.844
33.3438
33.634
33.7401
33.1739
33.9505
33.1411
32.8989
34.0292
34.2324
34.4977
34.216
28.6044
28.0929
32.3428
31.4539
40.0018
23.4146
32.9523
30.4546
34.1502
1.22777
1.24353
1.33177
1.44434
1.54347
1.59586
1.58371
1.51866
1.42515
1.35968
1.34913
1.36115
1.38065
1.38661
1.36397
1.30822
1.26724
1.27977
1.43846
2.30119
5.20985
8.70233
10.2215
10.38
10.1406
10.165
10.9595
12.4264
12.9085
13.7364
13.4116
14.1972
13.911
14.8094
14.5024
15.4795
15.1462
17.9254
17.0059
19.8704
18.9091
21.5249
21.1548
21.7624
21.4124
22.9951
22.2792
25.4096
23.9152
30.3116
28.5033
32.7901
32.7978
32.6101
32.1268
32.9088
33.5103
34.0637
34.5073
31.7243
32.3334
33.0728
33.8871
31.2875
31.5309
32.0872
32.7317
32.1458
31.4603
31.6164
31.6985
33.6052
34.0865
33.989
33.1262
34.3982
34.3073
34.1951
34.7691
34.6834
34.9854
35.0513
30.4359
30.0826
33.7787
33.1223
34.4515
21.8096
30.0841
31.5323
33.1523
1.30023
1.35302
1.46002
1.56619
1.6267
1.61772
1.55277
1.4637
1.41881
1.46718
1.60508
1.84392
2.10202
2.2626
2.28451
2.18059
2.10251
2.28517
3.70028
7.42967
10.7211
11.8009
11.9384
11.8902
11.9127
12.1792
12.572
12.7352
14.1514
14.4828
14.734
14.6854
14.495
15.3025
14.9707
16.2692
15.7369
19.5201
18.8238
20.7214
20.1647
21.1804
20.9865
21.0035
20.6239
22.6162
21.6514
26.2504
24.107
33.3301
32.1291
29.4132
31.0138
34.7259
34.7537
34.5789
34.0867
34.716
35.4995
36.1762
36.6932
32.8648
33.8062
34.8421
35.903
31.7358
32.4018
33.3539
32.479
31.9106
31.9033
32.0603
31.7888
33.527
34.3428
33.9138
32.8453
34.6694
35.2999
35.3744
35.3283
34.9933
35.3611
35.7482
32.51
32.336
35.1588
34.8371
32.5922
21.6929
30.1384
32.7912
33.2611
1.41191
1.4872
1.58457
1.66037
1.65751
1.59692
1.51618
1.52631
1.72937
2.22505
3.07991
4.02593
4.5581
4.65903
4.46549
4.20486
4.27603
5.68179
9.18433
11.7135
12.4288
12.5075
12.2765
12.2103
12.3182
12.5152
12.8074
14.4903
16.8251
16.9355
16.3808
16.5749
16.3457
16.3172
16.9243
16.5657
18.0915
17.4383
20.1992
19.8362
20.7663
20.5018
20.4448
20.3929
20.1039
19.6277
22.3365
20.954
28.0987
26.3961
24.6261
35.0893
33.8332
30.6809
32.3136
36.9157
36.9275
36.672
36.0396
36.9222
37.8389
38.5867
39.1392
34.5053
35.7721
37.0686
38.3259
32.6741
33.8049
35.1883
32.1543
31.9797
32.9155
33.1327
32.2166
33.2374
34.2922
33.6376
32.4583
34.6764
36.188
36.516
35.8347
35.0965
35.6328
36.4196
34.6373
34.4736
36.5801
36.63
32.8354
23.3219
32.3636
34.3731
34.1904
1.5517
1.62007
1.68436
1.70726
1.64283
1.5887
1.67158
2.21055
3.36714
4.99006
6.20404
6.65927
6.66428
6.47046
6.23703
6.26374
7.40013
10.1983
12.1889
12.6243
12.4569
12.1302
12.0765
12.1469
12.5359
13.1272
15.0206
17.9794
18.3919
18.6119
18.2319
18.3129
18.2551
18.2106
18.674
18.42
19.4167
19.01
20.1866
20.064
20.3703
20.3018
19.4482
19.4586
19.241
18.5471
22.2144
20.4862
28.9715
27.3346
26.3137
24.4364
37.0922
35.5912
31.8821
33.8145
39.3549
39.3465
39.0009
38.2361
39.477
40.4893
41.3175
41.8855
36.7055
38.2617
39.7676
41.1645
34.2369
35.8692
37.6733
32.2138
32.3509
34.6548
35.0432
33.3304
32.8116
34.0577
33.2279
32.4694
34.5159
37.0794
37.713
36.3507
35.0988
35.8955
37.176
36.7321
36.5218
38.118
38.5927
34.3158
17.5618
38.4194
36.0828
35.7106
1.69858
1.72842
1.74658
1.70906
1.65337
1.87921
2.77095
4.61404
6.586
7.65293
7.94623
7.91903
7.75961
7.58439
7.63825
8.52126
10.7327
12.2058
12.5567
12.1529
11.7649
11.7809
12.1593
12.8011
13.8774
15.9073
17.9655
19.1812
18.9898
19.3169
19.2898
19.2976
19.307
19.3333
19.2973
19.5625
19.4255
19.9104
19.732
19.8166
19.8741
19.5586
19.6986
18.2781
18.2657
18.7953
17.7119
23.1941
21.7416
20.3354
29.9233
28.0413
26.9535
25.2089
39.2583
37.5406
33.3183
35.5219
42.0678
42.0153
41.5243
40.6018
42.4366
43.5361
44.3922
44.9128
39.5152
41.3065
42.9567
44.4733
36.5664
38.6802
40.8542
32.5466
33.487
37.2641
37.9358
35.3814
32.7798
33.7344
33.1925
32.7827
34.3864
38.115
39.0834
36.9297
35.194
36.3147
38.1218
38.7769
38.551
40.0121
40.675
38.1609
16.0139
50.6292
37.8794
37.542
1.82642
1.79795
1.77302
1.75043
2.04956
3.4171
5.71755
7.73492
8.50633
8.70309
8.66509
8.53412
8.4216
8.50919
9.23446
10.9054
12.0874
12.2872
11.6356
11.4415
11.6624
12.37
13.5288
14.9295
16.4365
17.8025
18.6241
19.3591
18.956
19.6638
19.5646
19.7227
19.7054
19.7555
19.7318
19.8296
19.7929
19.8761
19.859
18.9531
19.209
18.4232
18.6718
17.0944
16.902
19.2227
18.2388
17.3549
23.6292
22.289
20.0755
21.4284
31.0725
28.922
28.0471
26.0854
41.6249
39.6905
35.0488
37.4567
45.0369
44.9161
44.2752
43.1753
45.8322
46.953
47.7931
48.2175
42.9591
44.9155
46.6494
48.2633
39.7381
42.2655
44.7346
33.635
35.6084
40.7991
41.836
38.5
33.1016
33.7522
33.5719
33.7778
34.5052
39.4022
41.0023
37.7524
35.5936
37.1145
39.3838
40.9591
40.6192
42.2437
43.2007
44.5016
33.1269
48.6754
39.5028
39.4262
1.91403
1.82995
1.84097
2.2648
3.87474
6.64631
8.43148
9.02273
9.16217
9.1136
9.00402
8.93899
9.06589
9.72699
10.8294
11.746
11.7615
11.1538
11.178
11.6264
12.9156
14.2422
15.3569
16.4148
17.3389
17.3512
16.5358
15.7027
18.7973
18.0986
19.4056
19.1673
19.5716
19.5249
19.5943
19.5856
19.575
19.5973
19.3964
19.5131
17.5123
17.849
16.9563
17.1984
16.3791
15.7672
19.5263
18.5574
17.8779
16.9695
24.3315
22.7895
20.7174
22.0887
32.6126
30.2461
29.7103
27.5484
44.2523
42.1191
37.1001
39.6921
48.2932
48.032
47.2539
45.9897
49.634
50.7315
51.51
51.8102
47.0182
49.0586
50.8867
52.5203
43.7736
46.6428
49.3359
35.6707
38.7419
45.3127
46.7347
42.5711
34.0878
34.2671
34.6608
35.7134
35.2934
41.5334
43.5517
39.1457
36.8319
39.0225
41.8
43.4198
42.4967
45.4058
46.285
41.9431
36.7926
45.5872
40.3199
38.8159
1.95812
1.89987
2.37239
4.3128
7.2395
8.86714
9.31459
9.39501
9.35471
9.25388
9.20719
9.35361
9.79541
10.5963
11.212
11.0492
10.6857
10.8712
11.6305
12.9531
14.1621
15.2267
16.0449
16.289
14.2406
9.23924
11.1313
8.82069
15.645
13.6652
17.8714
16.9881
18.5777
18.3556
18.6738
18.6606
18.5589
18.6402
18.1657
18.4085
15.5205
15.7494
15.4616
15.4047
16.4416
15.816
15.2956
20.0555
18.8498
18.0955
17.1693
25.5318
23.7223
21.5581
23.3375
34.5094
32.0267
31.9892
29.7607
47.2429
44.9583
39.6454
42.384
51.8306
51.4501
50.5211
49.1181
53.8683
54.9158
55.5786
55.7839
51.7373
53.8307
55.7164
57.323
48.7288
51.8841
54.7576
38.8724
43.0558
50.8443
52.8421
47.8756
36.1895
35.5264
36.7472
39.1762
36.955
44.7539
47.7465
42.2199
39.423
43.5136
46.2753
45.6409
43.6602
49.3792
48.839
38.3769
60.2577
61.1328
40.4757
37.4864
2.01215
2.47094
4.47538
7.68068
9.1009
9.46485
9.51515
9.43726
9.30046
9.22292
9.32719
9.67499
10.1693
10.4817
10.359
10.3504
10.5348
11.4747
12.578
13.6723
14.4646
14.6927
13.3713
9.90091
6.17671
4.53456
6.67607
5.58899
9.7264
8.08131
13.0134
11.4077
15.1463
14.2774
16.1074
15.7423
16.2715
16.2644
15.9864
16.1725
13.9947
13.745
14.7375
14.3188
16.4393
15.8698
14.8665
15.2942
20.9708
19.3467
18.5221
17.3006
27.5467
25.3999
23.0658
25.4793
36.9255
34.3606
35.0259
32.7998
50.7124
48.3492
42.8699
45.6991
55.7527
55.2025
54.1634
52.6738
58.6306
59.6115
60.1058
60.2468
57.241
59.4235
61.3334
62.9154
54.7062
58.1768
61.3004
43.3639
48.5236
57.5802
60.047
54.2496
39.2404
37.9735
40.1426
43.1796
40.5168
50.5035
52.7565
48.7142
45.9208
51.9229
53.9603
47.0936
44.5005
52.146
50.7127
39.2628
64.0741
78.5108
41.0017
37.537
2.46782
4.62256
7.83381
9.24126
9.51588
9.52248
9.39062
9.2074
9.09583
9.14329
9.33533
9.59588
9.82506
9.92259
9.98737
10.4492
11.2191
11.9252
12.4266
12.2482
10.9013
8.53263
6.18265
4.27751
3.69144
4.43391
5.0605
3.95142
5.89341
7.68239
6.75287
9.53077
8.60446
11.3425
10.4795
12.5562
12.0383
13.1877
12.9255
13.5552
13.3848
13.8847
13.576
14.5753
14.2063
16.4133
15.7684
14.783
15.085
22.6628
20.2936
19.3919
17.6128
30.4664
28.0668
25.6569
28.7689
40.061
37.4487
39.0128
36.8343
54.8272
52.4708
47.0079
49.8429
60.1588
59.4551
58.3272
56.7896
64.1711
65.0293
65.377
65.4717
63.964
66.3003
68.2716
69.8589
61.9516
65.9952
69.7434
48.7349
55.8099
65.6681
72.0979
63.7512
44.1322
42.9223
47.2576
50.5216
49.7943
56.5362
55.8829
57.9514
55.9405
62.8526
60.9827
48.7564
46.2176
55.218
53.9107
41.7493
42.5882
65.1357
41.9828
38.7223
4.47742
7.93583
9.26048
9.52776
9.46705
9.21294
8.88641
8.70983
8.75457
8.93722
9.15699
9.38136
9.58424
9.90164
10.5096
11.087
11.3818
10.8099
9.05922
6.69155
5.09145
3.90658
3.27977
3.15272
3.35025
4.99209
4.18076
3.73984
5.78641
7.52852
6.64447
9.05142
8.33179
10.3648
9.71616
11.5798
11.0031
12.4944
12.0692
13.2475
12.8825
13.6876
13.591
14.0142
13.7711
13.6244
16.4093
15.595
14.2174
14.6761
25.4575
22.0515
21.0548
18.358
34.4157
31.8434
29.4198
33.2301
44.1417
41.5182
44.1478
41.9924
59.7645
57.4933
52.2975
55.0007
65.2245
64.4205
63.2229
61.6579
71.0421
71.6972
71.9587
71.9656
72.907
75.5433
77.6621
79.3103
71.1535
76.629
81.842
59.7725
71.5698
80.4294
98.0405
84.3722
54.6754
55.7737
65.1614
66.2604
61.6402
60.9187
61.833
66.7195
70.0858
75.0428
67.4584
51.5451
47.5128
60.9068
57.9552
41.3784
68.3782
68.266
44.2697
40.2886
7.76989
9.27534
9.48446
9.34913
8.85408
8.45113
8.35371
8.45862
8.64889
8.89736
9.23553
9.5808
10.028
10.7193
11.0899
10.9825
9.5335
6.73319
4.32445
3.31109
2.86386
2.75027
2.79077
2.92127
2.99329
4.73663
3.83121
3.50731
5.45068
7.28636
6.32999
9.00491
8.20067
10.384
9.7157
11.6852
11.0667
12.6838
12.2176
13.4076
13.0963
11.3486
11.6855
13.4217
13.3998
11.5547
11.8645
16.6047
15.4367
13.6944
14.4615
29.298
24.8033
23.5548
19.8285
39.4554
36.7686
34.2264
38.6795
49.4057
46.8227
50.6612
48.378
65.7409
63.6066
58.9489
61.3031
71.4289
70.5344
69.2039
67.5171
80.4348
81.0031
81.1997
80.7957
86.2669
89.7265
92.3872
94.2408
88.2364
96.2575
106.041
82.4564
105.558
115.15
165.952
130.646
79.6847
71.2513
87.7407
103.782
81.8671
71.8752
70.2921
76.6086
87.5721
90.4264
86.9189
53.3206
50.2342
66.025
60.5827
43.0429
90.5415
96.8836
46.1779
42.3228
9.16802
9.45069
9.12587
8.54152
8.13258
8.11585
8.24427
8.51146
8.90991
9.3111
9.7417
10.4122
10.9218
11.0869
10.5239
8.48176
5.09867
3.20778
2.54684
2.40128
2.42527
2.52254
2.59548
2.64678
2.65388
3.18205
4.26721
3.48125
4.8328
6.37023
5.53089
8.16695
7.27728
9.71199
8.98055
10.9248
10.3662
11.7259
11.3692
11.8893
11.9628
11.0581
9.60087
9.19173
8.89753
12.628
12.0833
11.161
17.2982
15.5775
13.4384
14.6365
33.7808
28.303
26.4638
21.9236
45.5192
42.6593
39.5631
44.6676
56.0717
53.6325
58.7683
56.1645
73.0207
71.1025
67.0127
68.8037
79.7496
78.4864
76.9213
74.8128
95.4387
96.0635
96.2561
94.6841
112.586
118.025
120.904
123.161
134.88
165.806
205.089
148.328
199.115
205.92
225.035
201.316
116.428
101.878
144.426
159.845
108.733
81.4723
75.8982
109.636
116.282
151.516
95.204
57.1942
52.2016
70.0781
66.8688
48.4169
118.354
90.8323
49.4465
45.2371
9.30411
9.01276
8.22127
7.81948
7.93004
8.10417
8.49024
9.04664
9.62473
10.1809
10.6606
10.9937
10.999
9.99637
7.46189
4.09139
2.64275
2.19929
2.15078
2.20211
2.28908
2.3306
2.37263
2.37558
2.58189
2.99611
2.80102
2.43573
3.78482
3.1935
4.17661
5.19955
4.64576
6.48502
5.82669
7.70961
7.12432
8.61431
8.21324
8.88033
8.87616
8.655
8.78934
10.1023
9.42562
9.08369
8.42732
12.4621
11.5958
10.7316
18.6044
16.2577
13.7821
15.4662
38.2372
31.8964
29.1879
24.2207
52.6418
49.2867
44.8898
50.9731
64.1778
62.0587
68.4398
65.4574
82.0559
80.4128
76.3927
77.6988
92.4062
89.3279
87.4796
84.6876
124.356
125.103
125.134
121.267
202.917
208.449
209.34
203.697
207.485
216.275
448.702
208.095
483.699
481.12
475.423
494.138
194.813
150.588
198.935
210.69
158.707
89.0017
83.1857
117.67
188.672
133.582
111.77
59.978
56.4726
81.6051
71.2182
48.5071
48.4545
115.555
51.8364
47.0798
8.75018
8.04985
7.47635
7.62151
7.9823
8.47678
9.10122
9.69266
10.1998
10.6367
10.8932
10.6407
9.27808
6.1671
3.42398
2.3074
2.00816
1.97867
2.03151
2.08256
2.11198
2.14438
2.14629
2.1898
2.69335
2.45364
3.01236
2.31619
3.42456
3.69918
4.35802
4.00917
5.1404
4.73834
5.9129
5.54215
6.54102
6.24918
6.90837
6.7484
7.5829
7.13832
10.0707
9.7369
9.01304
9.52708
9.5112
8.53405
13.0727
11.6801
11.1805
20.406
17.5169
14.8435
16.7969
42.2735
35.007
31.3045
26.2869
61
56.6863
50.1598
57.813
73.599
71.8862
79.2909
76.1994
94.4296
92.2232
86.9244
88.4472
116.004
107.331
102.211
99.8812
201.885
190.813
188.459
176.064
452.968
434.009
441.472
432.548
491.537
436.618
841.36
476.052
904.496
889.488
874.199
908.942
477.804
209.949
470.444
479.959
212.274
104.748
107.861
157.599
489.208
244.033
481.703
153.807
66.5305
58.9643
88.6366
82.5522
50.2658
217.478
157.292
54.7959
48.0363
7.69718
7.15847
7.19658
7.63355
8.23734
8.87187
9.47172
9.98469
10.3658
10.4404
9.83185
7.78462
4.76804
2.87253
2.08223
1.87971
1.84834
1.88957
1.90665
1.93269
1.95291
1.961
1.99266
2.04646
2.86323
2.60132
2.35154
3.19521
2.25036
3.41102
3.90058
3.6461
4.48875
4.18475
5.11965
4.80208
5.77371
5.44491
6.43696
6.08184
7.84795
6.90072
10.9109
10.6951
10.7997
10.3704
9.29416
14.3553
12.6165
12.3865
22.2803
19.1296
16.3428
18.3985
45.9307
37.3535
32.7161
27.9469
70.8084
65.2479
55.6897
65.7303
84.0325
82.6238
90.1738
87.4976
114.13
109.499
99.34
101.785
168.704
152.395
126.757
125.65
434.527
425.772
427.811
426.252
850.34
806.106
819.102
807.786
907.416
807.823
2472.28
886.162
2522.96
2512.31
2478.45
2501.24
904.825
473.608
896.519
894.492
480.516
158.603
115.887
220.375
908.47
492.328
907.969
211.418
70.424
64.3989
110.077
88.6581
60.1697
369.947
195.453
58.4159
50.7205
6.75453
6.75447
7.05933
7.57854
8.17169
8.74451
9.23398
9.50705
9.28583
8.03231
5.78885
3.67305
2.4298
1.9277
1.77747
1.75019
1.76394
1.76392
1.78458
1.79627
1.81144
1.83197
1.87438
1.91301
2.1483
3.03947
2.73715
2.47944
2.27056
3.23123
3.6708
3.4423
4.17861
3.91603
4.7698
4.46034
5.47904
5.11034
6.36341
5.8738
8.9427
7.24855
12.1419
11.9619
11.5671
11.3367
10.2323
15.937
14.0144
13.8003
24.0278
20.837
18.0372
20.0978
49.6095
39.0321
33.5796
29.1648
81.6953
75.3465
62.3256
75.5498
95.1954
93.6092
100.245
97.8607
150.32
144.729
116.978
120.142
424.504
223.014
168.217
171.888
809.966
803.632
806.901
810.991
2507.13
2429.66
2447.27
2440.82
2579.21
2418.98
15599.1
2487.17
15592.1
15609.6
15627.8
15603.6
2524.27
893.69
2497.91
2481.41
893.184
146.64
162.721
492.556
2481.29
906.829
2526.75
496.271
80.8458
69.1103
116.644
109.42
70.2041
249.114
128.287
61.0283
56.1533
6.25795
6.47241
6.65595
6.87075
7.13214
7.39125
7.44145
6.92329
5.67052
4.13511
2.86656
2.12778
1.80834
1.68968
1.66709
1.65365
1.64914
1.66068
1.67016
1.68866
1.69994
1.73231
1.76052
1.80157
2.09348
2.01116
2.90322
2.62475
2.38798
2.18333
3.08529
3.50296
3.28626
3.99448
3.73937
4.5891
4.27419
5.343
4.94618
6.59722
5.80648
10.8679
10.6769
9.18945
8.19412
13.6083
13.0377
13.1114
12.8175
17.7174
15.5936
15.5258
25.5757
22.5242
19.8908
21.8369
54.4298
40.4592
34.5579
30.1889
92.0314
86.5104
71.313
86.5564
107.714
105.218
110.808
107.288
389.244
192.36
149.423
146.264
810.683
389.04
408.093
404.006
2443.1
2447.88
2463.85
2485.91
15604.6
15602.4
15601.6
15608.2
15597.9
15603.3
15612.9
15596.1
2498.53
15610.8
15604.5
2490.92
241.942
493.596
147.25
901.517
15599.6
2508.05
15595.9
913.26
86.1591
73.2368
168.422
115.2
83.9502
190.495
158.269
66.5457
67.0341
5.91016
5.89176
5.76809
5.65386
5.58718
5.38264
4.80542
3.94971
3.084
2.37174
1.92833
1.70999
1.62197
1.58823
1.55984
1.55469
1.55703
1.56683
1.58394
1.59073
1.61713
1.63715
1.67141
1.70231
1.96063
1.88693
2.11773
2.77449
2.51635
2.3032
2.94512
3.33277
3.13162
3.80061
3.55424
4.39789
4.08182
5.20331
4.78377
6.99896
5.79067
12.6618
11.9921
10.1899
9.12349
15.3907
15.441
15.5381
15.4758
19.8172
17.5041
17.6166
27.0041
24.1483
21.9041
23.6197
61.8587
42.4432
36.2731
31.4172
99.6843
95.9802
81.9964
95.4662
124.355
120.661
125.394
120.47
390.235
732.467
192.756
392.216
2491.66
744.069
780.633
789.696
15624
15648.1
15625.9
15583.9
15607.9
15608.7
501.775
915.194
264.27
502.452
2492.76
15604.5
2515.29
97.2843
81.4867
156.272
157.606
82.5914
164.953
155.901
69.4042
72.403
5.38449
5.0971
4.85406
4.58258
4.2133
3.65837
3.06334
2.52741
2.08744
1.79442
1.63501
1.5598
1.51109
1.47895
1.47271
1.46964
1.47844
1.49212
1.49905
1.52167
1.53647
1.56508
1.58996
1.61699
1.84201
1.7747
2.04286
1.9824
2.2226
2.66202
2.42889
2.81883
3.17851
2.99139
3.62252
3.38723
4.20719
3.89503
5.09511
4.61597
7.50676
5.87221
14.8176
14.1662
11.2925
12.9238
11.9367
9.15475
18.2647
18.408
18.6594
18.2636
22.1622
19.7356
20.2395
28.6549
25.8878
23.9865
25.5616
72.0817
46.3681
38.8045
33.3475
106.456
101.517
91.3269
100.433
147.183
149.925
145.684
148.026
749.958
2363.06
376.521
759.863
15582.1
2393.24
2459.25
2519.46
914.22
2507.04
518.846
926.677
15606.7
15609.2
113.202
84.775
253.034
518.584
178.03
86.3884
165.34
155.312
74.4471
71.8067
4.9685
4.63283
4.29184
3.83659
3.27509
2.73436
2.30156
1.95853
1.71752
1.5747
1.49442
1.44037
1.406
1.39941
1.39509
1.40034
1.41205
1.41999
1.43895
1.45136
1.47518
1.49579
1.52044
1.54628
1.73703
1.68058
1.91561
1.86007
2.14834
2.07514
2.34182
2.5625
2.7113
3.05259
2.87456
3.47912
3.25233
4.06741
3.74381
5.04891
4.48416
8.40267
10.4332
6.09042
17.6165
16.4277
15.2016
13.2757
21.0146
21.5605
21.7053
21.3645
24.7315
22.3739
22.71
30.7182
28.1362
26.1124
27.9992
83.0711
54.1511
42.5454
36.1059
116.63
106.658
97.6853
105.571
385.49
189.216
374.567
173.836
2415.09
15609.7
722.916
2469.24
15621.1
15617.3
15611.1
2505.68
15596
931.547
2517.21
117.566
92.0149
515.711
934.71
185.459
533.848
96.8235
170.491
156.965
76.8022
70.5755
4.80071
4.30714
3.83894
3.25403
2.69513
2.25632
1.90885
1.66106
1.51151
1.43316
1.37564
1.3388
1.3348
1.32939
1.32961
1.34217
1.35051
1.36513
1.37743
1.39649
1.41395
1.43658
1.45968
1.48477
1.6495
1.60044
1.80141
1.75572
2.00802
1.94095
2.25957
2.18308
2.47002
2.60873
2.93216
2.76385
3.33995
3.12203
3.9339
3.60338
5.02067
4.36479
11.5811
9.84357
12.9739
6.26221
20.2348
18.9696
17.1525
15.2935
23.8052
24.6602
25.2717
24.8661
27.2202
25.1964
25.7036
33.1408
30.9109
28.4985
31.1168
92.9741
66.1482
48.3323
39.7829
143.168
117.417
104.248
116.714
750.125
366.48
344.89
741.78
15626.5
2385.54
15612.9
15602.6
2523.2
15595.8
129.315
93.2644
929.745
2514.5
212.64
532.977
969.009
105.288
180.964
161.075
76.8818
70.8679
4.76427
4.0616
3.42071
2.76715
2.26929
1.8938
1.61573
1.45757
1.37669
1.31622
1.27876
1.27759
1.26961
1.26622
1.28171
1.28805
1.2995
1.31289
1.32683
1.34218
1.36152
1.38201
1.40591
1.43002
1.57286
1.53005
1.70585
1.66604
1.88193
1.82548
2.10831
2.03744
2.37969
2.29731
2.5111
2.8164
2.65718
3.20832
2.99699
3.80068
3.46952
4.9702
4.26587
13.925
17.021
8.81948
15.0172
17.7259
6.37216
23.8916
22.2558
20.3657
26.8994
28.4812
29.5804
29.3783
29.8973
28.4497
29.4377
35.9968
33.9489
31.7182
34.9077
102.85
81.6015
61.1183
44.5628
176.984
142.691
115.752
140.886
2465.62
713.573
348.509
698.18
2457.29
15615.5
15605.8
128.159
98.3651
2500.44
15594.9
208.127
530.168
962.402
2572.18
112.824
180.707
162.262
77.1783
71.8398
4.82145
3.94259
3.07325
2.36798
1.90207
1.59502
1.41718
1.32654
1.26086
1.22721
1.22619
1.21412
1.21143
1.22854
1.23218
1.24133
1.25646
1.26579
1.28026
1.29542
1.313
1.33368
1.3557
1.38149
1.50684
1.47015
1.62219
1.58811
1.77482
1.72441
1.97126
1.91127
2.21701
2.14018
2.42015
2.71121
2.55969
3.08795
2.88467
3.66594
3.3391
4.84275
4.12792
19.2298
14.492
23.315
9.9943
20.6473
23.6545
6.45741
28.083
26.2292
31.127
33.1879
34.4364
33.8155
33.364
31.9664
34.0867
39.5566
37.2519
36.2337
39.3027
115.537
98.095
82.3809
52.8637
171.697
140.046
167.495
15601
2378
709.999
329.369
2375.16
15599.5
173.633
109.234
15603.8
317.598
536.281
955.694
2554.01
15599.9
118.827
177.618
164.227
76.3622
73.97
4.83889
3.74576
2.6613
1.97008
1.59662
1.39692
1.28134
1.21189
1.18343
1.17824
1.1655
1.16553
1.18145
1.18302
1.19141
1.20667
1.21258
1.22722
1.23898
1.2539
1.27044
1.28928
1.30989
1.33131
1.45117
1.42474
1.55022
1.51939
1.6805
1.63937
1.85241
1.79613
2.0704
2.00607
2.33291
2.24907
2.60969
2.46518
2.96755
2.77462
3.52215
3.20811
4.63661
3.95155
20.8345
25.6893
15.783
29.804
10.4333
27.0593
29.9451
6.29458
10.6492
32.2863
36.3502
38.3824
38.929
37.8605
38.466
36.3131
39.4182
44.5949
41.3113
42.2133
44.7783
141.109
114.218
104.793
68.5457
165.824
322.299
15593.1
2391.83
710.676
15627
194.954
112.421
539.164
946.935
2535.32
15601.9
125.792
176.077
168.764
74.3142
77.617
4.73882
3.40259
2.20471
1.63749
1.39427
1.24805
1.17298
1.14733
1.1325
1.12308
1.12751
1.13868
1.14129
1.14974
1.16341
1.16777
1.18151
1.19081
1.20433
1.21754
1.23322
1.25008
1.26774
1.40802
1.2852
1.48215
1.45057
1.60583
1.57421
1.74208
1.69336
1.94398
1.88324
2.17283
2.10283
2.37586
2.51404
2.85544
2.67164
3.37829
3.08477
4.37856
3.7705
27.3196
21.9828
31.9447
16.038
35.6623
33.2184
35.8547
5.74565
10.5947
10.2176
41.8761
43.1491
42.7913
41.0831
45.3473
41.9423
45.1485
52.8349
47.2449
49.3303
51.816
168.94
144.08
134.229
93.0063
315.127
694.23
15626.3
2405.38
202.954
537.142
111.282
959.704
2515.79
15600
133.717
177.847
172.31
72.2385
81.919
4.5266
2.89101
1.7983
1.40996
1.23309
1.14115
1.11661
1.09134
1.0857
1.09242
1.09912
1.10611
1.11456
1.12665
1.1311
1.1437
1.1508
1.16255
1.17377
1.1873
1.20121
1.21669
1.23286
1.34925
1.47728
1.44826
1.25163
1.54408
1.51125
1.6495
1.61287
1.82568
1.77107
2.03384
1.96792
2.29374
2.21806
2.42679
2.75226
2.57817
3.23095
2.96571
4.0791
3.57645
33.2865
28.2146
22.236
37.4337
15.961
40.8778
38.7222
5.0425
9.54421
8.61426
15.3436
46.9036
47.1609
45.8491
43.6906
52.8422
48.6114
50.7241
66.0168
56.1152
57.0566
60.7774
320.538
175.139
168.816
122.827
689.999
2390.63
15621.9
212.988
522.678
957.441
105.717
2523.1
15597.8
141.804
184.178
175.405
70.7579
87.3332
4.15285
2.281
1.483
1.23275
1.11923
1.08775
1.0572
1.04977
1.05895
1.06205
1.07329
1.08256
1.09334
1.10025
1.1118
1.11826
1.129
1.13801
1.14978
1.16189
1.17532
1.18992
1.20532
1.30755
1.42723
1.39017
1.51946
1.49168
1.21796
1.57774
1.54745
1.72106
1.67576
1.90527
1.84677
2.14153
2.06896
2.34485
2.64947
2.48843
3.07542
2.84275
3.75605
3.36962
38.4662
33.7671
28.3152
22.043
42.4443
45.7681
4.37476
7.59916
6.58184
14.2061
12.666
21.1404
51.1566
50.4044
48.4551
59.8254
54.9899
55.4549
85.5247
68.522
65.0747
71.0284
696.776
327.399
176.907
186.718
154.833
2356.91
15613.3
215.242
518.259
948.72
2519.5
97.2317
15608.1
145.392
200.541
182.071
69.7576
92.5053
3.55116
1.73558
1.25632
1.11061
1.06403
1.03045
1.02122
1.02694
1.02944
1.04048
1.05002
1.05988
1.06961
1.08063
1.08876
1.09948
1.10824
1.11901
1.12969
1.14204
1.15501
1.16855
1.18086
1.26582
1.37049
1.34272
1.46382
1.4375
1.5567
1.5279
1.19623
1.6311
1.59059
1.79303
1.74475
1.99913
1.93305
2.26091
2.18234
2.54618
2.39647
2.93206
2.72295
3.49466
3.18611
43.269
38.62
33.6472
27.8292
47.2887
50.6025
3.94207
5.77302
5.0572
10.8548
9.01533
19.6161
17.5755
26.6608
54.803
53.2116
65.956
60.3135
59.6106
109.409
83.7229
72.8022
81.224
2370.76
715.48
333.279
363.285
179.524
15620.9
207
512.117
942.969
2511.5
15601
87.4522
145.034
219.178
179.862
69.6478
96.461
2.71579
1.36647
1.11618
1.04884
1.01441
1.00256
1.00356
1.00752
1.01522
1.02262
1.03126
1.04056
1.05023
1.05828
1.06989
1.07921
1.09046
1.10134
1.11302
1.12583
1.13843
1.15117
1.16588
1.32401
1.23334
1.40274
1.37275
1.50216
1.47843
1.60478
1.56568
1.17791
1.69501
1.64769
1.87275
1.819
2.10542
2.03091
2.3127
2.45464
2.81447
2.62008
3.32499
3.04738
48.1159
43.3213
38.2998
32.8317
52.2324
55.5901
3.69927
4.61441
4.27107
7.39926
6.10707
15.1129
12.5265
24.7905
22.3601
31.29
58.0312
71.6079
65.0817
63.3562
126.495
99.1978
79.7904
90.1988
15623.6
2391.9
724.684
369.978
752.661
179.103
204.091
516.324
939.27
2510.64
15599.8
79.1942
142.535
288.132
166.491
69.8968
97.9451
1.90658
1.15537
1.0458
1.0076
0.992804
0.991712
0.994857
1.00071
1.0073
1.01415
1.02112
1.02764
1.03419
1.04259
1.05065
1.06199
1.073
1.08529
1.09821
1.11128
1.12421
1.13871
1.15092
1.28077
1.38869
1.35659
1.20883
1.4542
1.42261
1.53173
1.50354
1.66906
1.62374
1.16299
1.76551
1.71512
1.9616
1.89885
2.22925
2.14761
2.36339
2.69885
2.51839
3.17729
2.91764
53.2684
48.1349
42.6661
37.0493
57.477
60.9193
3.50701
4.12672
4.05167
5.21928
4.67455
10.053
7.98931
19.4382
16.2782
29.1313
26.3796
35.1737
76.8767
69.5238
66.8655
138.786
108.895
85.9305
97.4957
15600.1
2388.22
758.29
380.551
2419.52
202.984
158.646
501.4
948.03
2501.39
15599
74.5219
131.935
477.781
212.667
70.4969
98.2432
1.37529
1.05778
1.00754
0.990314
0.986553
0.988336
0.993032
0.998438
1.00495
1.01092
1.01636
1.02138
1.0267
1.03225
1.03895
1.04737
1.05792
1.07058
1.08376
1.0975
1.11183
1.12522
1.13885
1.24659
1.33629
1.3107
1.4303
1.39987
1.18822
1.4804
1.45789
1.58113
1.54321
1.73174
1.68221
1.15137
1.83766
1.78194
2.0697
1.99766
2.27413
2.58819
2.41931
3.04448
2.7954
58.8944
53.4264
47.4271
41.141
63.3343
4.00685
3.36951
4.37356
4.1907
6.47393
5.5321
13.0912
10.2285
23.1724
19.6622
32.6106
29.5134
38.8108
81.7637
73.6995
69.9567
157.809
115.182
91.3732
103.063
15592.4
2423.37
764.608
383.72
15589.8
250.934
127.784
519.016
933.026
2537.51
15599.1
71.6704
133.374
320.226
415.253
70.4242
99.516
1.15422
1.01629
0.992117
0.986249
0.98566
0.988576
0.993682
0.999001
1.00506
1.01012
1.01504
1.01949
1.0239
1.02825
1.03322
1.04018
1.04859
1.05881
1.07097
1.08492
1.0988
1.1135
1.12647
1.29438
1.21694
1.36505
1.33383
1.46212
1.4385
1.17511
1.51189
1.48622
1.63425
1.59015
1.80702
1.75028
1.13712
1.92718
1.86449
2.18789
2.10686
2.48131
2.32382
2.89921
2.67324
65.2491
59.5458
53.1148
45.6855
4.40991
3.74851
4.26803
3.18774
5.03388
4.71407
7.9097
6.3416
16.0513
12.6679
26.04
22.2897
35.7337
32.1421
42.9244
86.224
77.4972
72.512
184.114
127.065
96.5114
109.421
15609.7
2419.93
765.785
385.838
243.743
111.681
924.361
556.738
2506.72
15600.2
70.0027
179.239
29.428
204.299
71.7386
113.739
1.06912
1.00191
0.989208
0.986128
0.987938
0.992758
0.997774
1.00373
1.00888
1.01412
1.0183
1.02162
1.02435
1.02745
1.03156
1.03753
1.04431
1.05307
1.06332
1.075
1.08814
1.10056
1.11274
1.25343
1.3474
1.31972
1.19832
1.41263
1.37682
1.48853
1.45949
1.16116
1.5509
1.51776
1.69467
1.64426
1.89329
1.82823
1.12439
2.02692
1.95843
2.23297
2.37979
2.7817
2.56458
66.5565
59.4675
51.5156
4.96487
3.57902
3.96395
4.07733
4.73316
3.03263
5.60923
5.21548
9.77734
7.70929
18.4603
14.793
28.245
24.2147
39.2512
34.9649
48.5025
90.2694
80.789
74.464
185.306
139.79
101.514
115.408
15623.5
2429.81
769.22
387.936
236.253
99.5978
2489.33
968.181
548.678
15601.6
68.9858
266.516
31.2808
64.0855
72.9629
158.973
1.03726
0.999649
0.990771
0.989243
0.993433
0.997848
1.00388
1.00916
1.01456
1.01887
1.02225
1.02504
1.02795
1.03153
1.0347
1.03816
1.04333
1.05101
1.05992
1.0701
1.08084
1.09189
1.10358
1.30022
1.22345
1.3797
1.34745
1.18513
1.43909
1.40949
1.52995
1.49139
1.1461
1.59889
1.55988
1.7628
1.70191
1.99414
1.92126
1.1135
2.14109
2.06646
2.27044
2.64011
2.43533
66.8725
58.4624
5.80815
3.90529
3.36155
3.85626
4.24811
4.48297
5.54903
2.88662
6.68158
6.14322
11.5683
9.11348
20.228
16.4749
30.3828
25.8585
44.2381
38.9976
55.9793
93.8817
83.5355
75.6706
209.86
160.018
105.679
122.966
15615.2
2452.65
758.721
373.873
211.561
89.5955
15609
2559.32
961.631
545.274
68.8643
152.693
2.56234
17.2781
84.2419
156.256
1.025
1.00205
0.996762
0.996416
0.999799
1.00526
1.01043
1.01589
1.0204
1.02406
1.02712
1.02998
1.03307
1.03575
1.03882
1.04331
1.0481
1.05313
1.05935
1.06823
1.078
1.08768
1.09714
1.25691
1.35103
1.32364
1.20738
1.41509
1.39254
1.16809
1.4672
1.44172
1.56823
1.52504
1.13398
1.64726
1.59731
1.84981
1.77642
2.1012
2.0133
1.10553
2.18309
2.48968
2.32383
66.5493
6.67192
4.0723
3.16034
3.82728
3.95053
5.00446
5.27938
6.34815
2.6918
7.77003
7.09797
13.1918
10.6691
21.5812
17.6871
33.3753
27.8691
51.8163
46.0195
64.9924
96.7224
85.6244
75.8144
183.944
109.398
127.452
15615.2
2415.17
744.238
374.127
207.752
81.0138
15598.8
2549.45
960.67
523.673
69.4019
71.586
1.278
3.63058
120.088
114.081
1.02103
1.00526
1.00651
1.00548
1.01043
1.01477
1.01986
1.0245
1.02845
1.03192
1.03487
1.03759
1.03972
1.04226
1.04571
1.04952
1.0538
1.05929
1.0653
1.07122
1.0777
1.08604
1.09469
1.30252
1.22805
1.38179
1.34932
1.19168
1.43245
1.41608
1.15295
1.49069
1.46447
1.60884
1.56927
1.123
1.71228
1.6462
1.94245
1.85614
2.23263
2.11257
1.10181
2.39257
7.81471
4.71778
3.49226
2.95525
4.16146
4.01458
4.42175
5.742
6.04674
7.34946
2.56927
9.14365
8.37877
14.3598
11.8581
22.9005
18.6101
38.9761
31.9232
61.6207
56.6477
75.398
98.9496
86.8634
181.46
112.271
131.871
15612.7
2424.75
758.292
374.252
158.205
74.7962
15601.3
2536.26
948.823
556.879
76.2352
17.9675
1.1205
1.57937
117.305
59.7109
1.02129
1.01253
1.01775
1.01998
1.02545
1.03037
1.03515
1.03925
1.0432
1.04634
1.04878
1.05032
1.05189
1.05388
1.05596
1.05861
1.06255
1.06722
1.07213
1.07795
1.08431
1.08977
1.09498
1.25454
1.35583
1.31859
1.21313
1.41096
1.38258
1.17288
1.46093
1.44264
1.14178
1.5239
1.49878
1.64638
1.60871
1.11277
1.78598
1.70962
2.04197
1.94229
2.2337
1.10095
8.70819
5.45302
3.3019
3.88662
3.73424
2.73899
4.78961
4.43963
5.13054
6.57429
6.97152
8.08656
2.40176
10.2786
9.40042
15.2783
13.0088
25.5883
20.1958
49.524
40.9503
73.4714
69.9411
87.1583
100.519
186.944
114.523
132.947
15624
2450.54
755.267
367.572
235.74
115.177
73.0006
15604.1
2526.7
960.496
541.472
96.8291
4.77243
1.01028
1.12913
100.799
22.2022
1.02677
1.0246
1.03428
1.04113
1.0483
1.05569
1.06201
1.06716
1.07109
1.07364
1.07473
1.07502
1.07413
1.07376
1.07356
1.07433
1.07624
1.07872
1.08256
1.08721
1.09147
1.09607
1.10145
1.29326
1.23075
1.37849
1.34822
1.19518
1.43112
1.39846
1.1577
1.48259
1.4634
1.1305
1.55095
1.52376
1.70718
1.66321
1.10792
1.86292
1.7965
2.14386
2.03629
1.10614
9.99841
6.22907
3.61982
2.96089
4.14231
3.90081
2.591
5.55544
5.21489
5.89533
7.13185
7.57526
9.25051
2.26056
11.6565
10.8182
16.1796
14.3463
32.0179
24.0606
64.379
56.2285
87.0103
85.73
101.698
184.323
116.368
134.48
15631.5
2441.53
754.18
368.168
220.038
91.1219
75.4981
15602.1
2532.67
949.719
550.587
99.0574
1.84873
1.01346
1.08512
66.1296
7.75187
1.0415
1.04438
1.05904
1.06952
1.0796
1.08819
1.09584
1.10223
1.10741
1.11118
1.11355
1.11423
1.11252
1.1091
1.10471
1.10063
1.09911
1.09876
1.09955
1.10097
1.10355
1.10686
1.10986
1.25124
1.34355
1.30516
1.21487
1.39591
1.37189
1.17521
1.46142
1.42372
1.14708
1.50669
1.48412
1.11894
1.5897
1.55549
1.77212
1.72352
1.1063
1.92617
1.87024
2.16153
1.11261
11.7606
6.68098
3.27275
3.80583
4.06427
2.78668
4.818
4.46589
2.38571
5.8991
5.59415
6.31741
8.03966
8.6123
10.9212
13.438
12.6236
18.2777
16.3336
45.9235
34.6304
82.8793
78.1304
102.303
179.734
118.391
135.362
15614.1
2446.64
755.673
356.939
165.577
80.2228
82.8614
15605.4
2514.79
954.478
238.357
533.86
93.4318
1.29654
1.03135
1.16607
31.0121
2.90781
1.06715
1.07478
1.0899
1.10311
1.11433
1.1241
1.13273
1.14035
1.14689
1.15195
1.15492
1.15606
1.15579
1.15429
1.15076
1.14539
1.13894
1.13236
1.12791
1.12635
1.12555
1.12486
1.12507
1.2791
1.23023
1.36275
1.33127
1.19513
1.41653
1.38434
1.16035
1.47612
1.44686
1.13576
1.5298
1.49335
1.1131
1.63406
1.58931
1.83683
1.78577
1.10977
2.013
1.93287
2.28719
1.12588
14.4015
7.43797
3.60386
2.99726
3.37951
4.28393
4.58941
2.53646
5.21297
4.92507
6.32334
5.83857
6.90377
9.51708
10.2406
13.7617
15.486
15.0787
25.0464
20.9
70.3304
59.707
102.645
102.743
174.457
120.651
137.44
15608.1
2457.69
748.501
351.29
116.778
78.4034
90.0088
15596.4
2522.92
942.452
217.033
528.097
75.1116
1.29323
1.04383
1.209
12.5662
1.69756
1.09908
1.11029
1.12374
1.13669
1.1486
1.15906
1.16883
1.17763
1.1854
1.19163
1.19604
1.19905
1.20055
1.20028
1.198
1.19457
1.19019
1.18455
1.17802
1.17057
1.16382
1.15845
1.1551
1.24656
1.31505
1.28401
1.212
1.3805
1.35222
1.17544
1.43599
1.40655
1.14975
1.4848
1.46082
1.12341
1.57683
1.51138
1.11102
1.69927
1.63093
1.89237
1.82795
1.11502
2.14125
2.00659
2.4004
1.15345
18.6864
8.80978
3.91222
2.71798
3.21296
3.61347
4.49766
4.7559
5.37812
5.07193
7.23183
6.45848
8.01195
12.3361
13.0748
18.6106
19.2464
18.9153
47.5243
38.0319
101.417
97.4985
123.599
170.154
139.57
15613.1
2470.76
732.077
345.752
91.4512
79.7807
88.9033
15607.3
2506.92
945.01
159.915
219.347
517.046
42.5588
1.36373
1.07206
1.2026
4.64215
1.5316
1.12823
1.14293
1.15604
1.16859
1.18076
1.19178
1.20225
1.21179
1.22073
1.22863
1.23494
1.23937
1.24216
1.24374
1.24417
1.24312
1.24059
1.23645
1.23103
1.2255
1.22055
1.21498
1.2096
1.26518
1.22415
1.3364
1.29926
1.19268
1.39394
1.37285
1.1601
1.44429
1.41697
1.13967
1.4964
1.46825
1.11667
1.628
1.54016
1.11266
1.75877
1.6712
1.98002
1.8669
1.12673
2.26287
2.13492
2.52122
1.20483
30.1892
11.506
4.23329
2.92953
3.60931
3.27146
3.97838
4.54884
4.83197
5.73626
5.22718
9.11468
7.88242
10.3351
17.534
18.3305
29.439
34.0338
31.753
89.8699
79.1294
127.186
130.466
163.515
143.544
15602.4
2420.41
739.751
333.242
82.5595
84.0135
79.2877
15597.3
2513.44
937.624
110.82
194.736
504.807
17.8952
1.40965
1.04321
1.25392
2.22968
1.5544
1.14662
1.16394
1.17703
1.18988
1.20178
1.21318
1.22403
1.2346
1.24495
1.25458
1.26307
1.27029
1.27631
1.28128
1.28429
1.28571
1.28589
1.2848
1.28276
1.27903
1.27401
1.26852
1.26321
1.23497
1.28965
1.26319
1.20794
1.3594
1.31664
1.17122
1.39953
1.38281
1.15244
1.45418
1.42665
1.12536
1.51766
1.48162
1.11454
1.66248
1.59504
1.11695
1.80876
1.71505
2.0935
1.93972
1.15221
2.31848
2.21035
2.70981
1.25839
56.0769
16.4305
4.30122
3.09222
2.93981
3.87397
3.63351
4.11403
4.68002
5.11666
6.64831
5.7942
12.7214
10.7238
14.796
27.6063
28.8781
51.3602
69.0319
62.121
131.451
129.49
147.339
161.278
15571.4
2453.76
725.706
321.55
80.8501
86.2515
52.3939
15603.9
2507.35
934.289
89.1376
141.175
194.813
492.47
6.64555
1.37621
1.04398
1.22723
1.76576
1.58456
1.15405
1.17391
1.18605
1.19924
1.21087
1.22258
1.23379
1.24496
1.25598
1.26657
1.27646
1.28561
1.29405
1.30204
1.30884
1.31445
1.31896
1.32243
1.32412
1.32319
1.321
1.3179
1.31415
1.24538
1.21805
1.29943
1.27545
1.18491
1.36992
1.33765
1.16034
1.40393
1.38557
1.13955
1.46141
1.43584
1.11883
1.5534
1.49069
1.11483
1.69051
1.63435
1.12733
1.83896
1.75512
2.14041
2.03221
1.20139
2.4362
2.23639
2.8276
1.31002
96.4244
26.1151
4.31744
3.23545
3.03975
3.91421
3.76576
4.14783
5.0519
5.67207
8.30082
6.81323
20.2654
16.9937
23.7054
45.0355
48.6269
85.5745
120.778
107.972
152.231
154.346
159.667
15571.5
2450.6
701.205
321.423
82.0183
81.5515
22.6123
15597.2
2522.39
916.952
82.9737
98.5145
142.748
199.809
464.276
2.89087
1.3814
1.06299
1.17656
1.72945
1.53007
1.15303
1.17609
1.18728
1.20135
1.21296
1.22523
1.23698
1.24878
1.26013
1.27107
1.28151
1.292
1.30188
1.3115
1.32028
1.32806
1.33483
1.34078
1.34498
1.34734
1.34849
1.34886
1.34846
1.25283
1.22358
1.19891
1.31903
1.28282
1.16724
1.37347
1.35
1.15208
1.41094
1.38624
1.12584
1.46551
1.44129
1.11664
1.59838
1.51435
1.11829
1.711
1.65742
1.15143
1.9067
1.77888
2.15398
2.06396
1.25445
2.62251
2.34576
2.79358
2.96282
1.34764
140.881
42.1372
4.4778
3.48478
3.25179
3.92413
3.79161
4.21302
5.62677
6.64465
12.3459
8.87541
33.4253
28.815
38.8831
71.005
78.6314
127.994
154.081
148.853
160.446
160.72
15602.8
2398.23
709.851
309.49
85.0888
60.0838
8.79432
15610.1
2502.08
895.37
83.1927
86.078
101.941
145.465
182.848
477.842
2.04717
1.34837
1.06573
1.14261
1.72268
1.49864
1.13407
1.16579
1.16964
1.18932
1.19881
1.21366
1.22631
1.24046
1.25378
1.26722
1.2808
1.29343
1.30467
1.31496
1.3243
1.33269
1.34033
1.34741
1.35299
1.35701
1.35991
1.36221
1.3639
1.2268
1.29654
1.27537
1.24542
1.2069
1.17538
1.32844
1.15892
1.37374
1.35474
1.13666
1.41433
1.38634
1.11984
1.47707
1.44329
1.11634
1.61912
1.55287
1.12771
1.72402
1.66644
1.19926
1.97412
1.84504
2.24589
2.0698
1.30645
2.69703
2.508
2.89635
3.19657
1.36497
159.226
64.3584
4.78984
3.56127
3.35436
3.99433
3.802
4.40855
6.56004
8.88763
21.6545
14.3738
52.15
45.9755
59.9845
104.305
115.34
152.662
160.901
159.783
312.612
15613.8
2422.52
696.123
82.1493
27.6057
3.67352
15607.4
2472.22
935.668
85.0405
84.1804
87.3592
104.165
162.285
469.673
1.91289
1.32991
1.05014
1.12721
1.65002
1.42642
1.0973
1.13378
1.12853
1.15171
1.15737
1.17577
1.18994
1.21021
1.22718
1.24538
1.26275
1.27893
1.2934
1.30689
1.31946
1.33101
1.34097
1.34853
1.35437
1.3587
1.36201
1.36501
1.36754
1.22802
1.21016
1.30921
1.28275
1.25253
1.1851
1.16373
1.33414
1.14774
1.36899
1.35648
1.12532
1.41939
1.38353
1.1175
1.49798
1.44712
1.1189
1.62608
1.57688
1.15138
1.77578
1.67048
1.25106
1.99457
1.90181
2.39575
2.1212
1.34678
2.83235
2.67038
2.56584
3.07447
3.27196
1.36941
161.781
90.9657
5.22781
3.59475
3.38027
4.20016
3.88993
4.66086
8.97782
14.7687
37.6588
26.9476
74.6574
65.9623
84.4256
136.528
144.23
159.337
169.567
159.776
702.5
287.657
15609.1
2400.55
65.075
11.1352
2.35508
15604.9
2555.67
925.341
83.0152
85.942
84.6369
88.0075
129.22
122.31
452.452
1.88222
1.26993
1.03076
1.14876
1.626
1.39379
1.03853
1.07875
1.06333
1.08291
1.08718
1.10502
1.1189
1.1406
1.16193
1.1867
1.21058
1.2352
1.25563
1.27523
1.29366
1.3101
1.32338
1.33378
1.34194
1.3482
1.35323
1.35724
1.36026
1.22712
1.21064
1.19191
1.31472
1.29166
1.25996
1.1671
1.15543
1.33583
1.13223
1.36022
1.35095
1.12011
1.42218
1.38242
1.11687
1.52286
1.4528
1.12822
1.62592
1.58587
1.19789
1.82915
1.69337
1.30365
1.99469
1.92014
2.4568
2.23913
1.36558
2.97331
2.78929
2.54512
2.68034
3.13839
3.27673
1.36237
316.808
122.409
5.97331
3.65472
3.39086
4.4588
4.07895
4.91715
15.5851
28.469
57.1978
46.1059
98.6578
87.3519
109.221
150.678
155.527
167.013
312.155
2409.32
675.519
15615.4
33.1167
4.45124
2.10179
15596
2558.8
901.341
66.7414
84.6304
85.7837
85.775
96.5817
102.655
182.166
448.126
1.76644
1.21899
1.02468
1.11887
1.51369
1.37112
0.968796
1.00331
0.991818
1.00836
1.01179
1.02719
1.03837
1.05681
1.07338
1.09416
1.11709
1.14385
1.17222
1.2001
1.22631
1.25025
1.27092
1.28575
1.29764
1.3072
1.31484
1.32078
1.3252
1.22757
1.2064
1.26347
1.19473
1.17038
1.31712
1.29399
1.15921
1.13927
1.33014
1.12511
1.3538
1.34083
1.11708
1.42263
1.38772
1.11904
1.53784
1.46161
1.1517
1.63058
1.58643
1.24856
1.84936
1.74013
1.34584
2.03008
1.91882
2.60754
2.42233
2.62153
2.29391
1.37063
3.01797
2.90444
2.80425
3.15238
3.26838
1.32749
716.109
304.504
142.125
8.08675
3.8233
3.45808
4.58561
4.23009
5.53906
29.7848
48.449
76.818
67.8955
121.079
109.676
132.78
156.711
159.064
708.904
15633.9
2383.28
12.9299
2.63587
2.04328
15599.4
2506.08
894.342
34.7227
69.2061
83.6782
85.5854
89.9383
128.41
90.9956
170.243
436.782
1.73301
1.19051
1.06242
1.45412
1.34362
0.905414
0.933019
0.924882
0.940629
0.943416
0.958167
0.96761
0.982069
0.996671
1.01666
1.03808
1.05959
1.08023
1.0998
1.11923
1.13983
1.16154
1.18162
1.19809
1.21181
1.22285
1.23155
1.23708
1.20024
1.26974
1.27116
1.24708
1.21141
1.195
1.17285
1.16062
1.31098
1.29448
1.14659
1.1288
1.32102
1.11902
1.34778
1.33254
1.11645
1.42156
1.38997
1.12877
1.54224
1.47424
1.19715
1.63953
1.57655
1.30164
1.85167
1.76424
1.36574
2.11142
1.9262
2.63444
2.71691
2.51712
2.39131
1.36332
3.03142
2.93924
2.84882
3.15574
3.32732
1.23864
2425.2
707.274
334.82
150.054
13.5396
3.95573
3.68611
5.09663
4.34501
7.34908
49.8687
71.0412
95.3991
88.5255
134.22
128.544
143.346
344.618
2419.36
15627
5.02454
2.27139
1.87944
15608
2506.97
877.354
13.592
36.286
69.0618
80.5601
88.6981
97.4614
90.115
122.954
156.248
437.707
1.65209
1.15279
1.04182
1.11908
1.43792
1.20486
0.863672
0.886957
0.880612
0.894004
0.896683
0.910294
0.918961
0.932917
0.946942
0.963558
0.979546
0.99525
1.01057
1.02608
1.04181
1.05778
1.07142
1.08162
1.08983
1.09631
1.10152
1.1054
1.10669
1.19419
1.18779
1.28734
1.26962
1.24394
1.21405
1.17385
1.16091
1.15033
1.30551
1.13291
1.12304
1.31239
1.1161
1.34462
1.3212
1.11889
1.42191
1.39229
1.15266
1.53405
1.47902
1.24754
1.666
1.57254
1.34523
1.84085
1.77259
1.37122
2.15519
1.94515
2.74125
2.68175
2.55428
2.58115
2.50568
2.36287
1.32781
3.0494
2.94853
2.86915
3.2148
3.54429
1.10527
15618.5
2408.95
744.417
158.417
26.0438
4.03783
3.83137
6.4535
4.74648
11.5928
72.1332
93.3955
113.64
106.483
139.251
137.559
147.426
761.293
321.687
15615.6
2.86553
2.18082
1.76355
15606.9
2483.85
880.524
5.26445
13.8142
37.8681
63.0956
79.842
90.4587
88.6883
95.2124
123.436
116.801
428.808
1.59495
1.01989
1.12103
1.12349
1.16952
1.32226
0.836492
0.856573
0.852027
0.864654
0.867524
0.88013
0.888988
0.901532
0.91327
0.92705
0.941468
0.955954
0.968952
0.9808
0.991272
0.999522
1.00578
1.0112
1.01542
1.01845
1.02097
1.02234
1.02169
1.18358
1.17932
1.1734
1.29037
1.27502
1.25866
1.24429
1.21526
1.15922
1.15189
1.13602
1.12652
1.11663
1.29645
1.11555
1.3453
1.31219
1.12895
1.41884
1.38971
1.19747
1.52133
1.4795
1.30087
1.67758
1.56883
1.36599
1.83608
1.7646
1.36368
2.24865
1.97912
2.79314
2.72167
2.62045
2.4921
2.40019
1.23702
3.10225
2.95673
2.88971
3.39933
3.70587
1.02041
15619
2467.06
46.7684
4.14977
3.90979
9.4963
5.71923
20.2046
94.8012
113.581
126.513
121.317
140.511
142.02
170.493
2501.78
704.532
346.476
2.41799
1.97376
1.76005
15609.3
2491.66
867.557
3.03471
5.33988
13.4494
33.0166
56.1949
89.7551
76.9583
90.7437
98.222
177.523
101.216
407.743
1.40805
1.01394
1.12598
1.15216
1.15043
1.27694
0.816374
0.832755
0.830348
0.842411
0.846422
0.857383
0.865223
0.877186
0.88954
0.903928
0.918372
0.930558
0.939902
0.948214
0.954578
0.959912
0.964676
0.968536
0.970845
0.972536
0.973954
0.974743
0.974842
1.17686
1.16861
1.21336
1.16766
1.15591
1.27962
1.26325
1.24907
1.22936
1.15208
1.13792
1.12839
1.11843
1.11463
1.28855
1.11829
1.34341
1.30853
1.1545
1.41286
1.38281
1.24772
1.50839
1.46976
1.34565
1.68131
1.5682
1.3718
1.83308
1.74041
1.32717
2.29022
2.05143
2.81035
2.74195
2.65485
2.55122
2.41285
1.10227
3.25915
2.99675
2.89684
3.58832
3.82312
0.974793
15627.8
69.9512
4.43936
4.01668
15.7009
7.83027
37.649
117.427
125.359
132.02
128.369
357.9
151.506
15614.4
2386.59
745.512
2.23111
1.9012
1.59632
15594.2
2482.58
850.32
2.46546
3.02675
5.0226
11.4634
26.19
86.3586
48.5869
88.4104
93.2936
120.24
94.0918
148.278
425.172
1.33648
1.06084
1.0066
1.15827
1.15836
1.21924
1.22659
0.80007
0.811247
0.809669
0.822056
0.827917
0.839216
0.849725
0.862983
0.875982
0.88906
0.901035
0.910722
0.918753
0.92529
0.93047
0.934302
0.936877
0.938324
0.93959
0.940716
0.942298
0.943305
0.943553
1.16754
1.15658
1.21232
1.20385
1.16003
1.15119
1.14839
1.26568
1.24665
1.22927
1.22237
1.13855
1.12932
1.1205
1.11437
1.11424
1.2741
1.12936
1.33539
1.30116
1.19846
1.40252
1.37353
1.30189
1.49073
1.4575
1.36694
1.65751
1.56917
1.36425
1.85185
1.71601
1.23285
2.36271
2.24631
2.43529
2.09025
2.81895
2.76175
2.68223
2.57367
1.01839
3.47599
3.08184
2.97064
3.74872
3.90979
0.943978
94.816
5.08648
4.22307
26.8149
12.1646
61.893
128.082
129.754
138.195
131.111
344.207
760.765
15595.1
2439.91
2.14064
1.72059
1.47111
15602.3
2470.04
868.169
2.3714
2.6031
3.09078
4.61694
9.19143
71.8338
19.1663
80.423
87.7788
97.1665
91.5478
114.858
127.838
411.971
1.26929
1.11203
1.0318
1.00431
1.20733
1.21071
1.26777
0.792182
0.799566
0.799035
0.810301
0.818246
0.831132
0.843114
0.856784
0.869678
0.881273
0.890315
0.898016
0.904058
0.908808
0.911894
0.913175
0.913578
0.914515
0.915708
0.91717
0.91831
0.918795
0.91963
1.15215
1.14402
1.19072
1.18079
1.14876
1.20317
1.14432
1.14376
1.1376
1.24958
1.23044
1.21958
1.12954
1.12131
1.11453
1.11272
1.11752
1.26459
1.15668
1.33118
1.29805
1.24914
1.38944
1.35734
1.34715
1.47336
1.43574
1.37286
1.62813
1.55913
1.32579
1.88284
1.70196
1.09721
2.33484
2.44573
2.27221
2.1108
2.8706
2.76869
2.68616
2.59419
0.973846
3.66973
3.32882
3.11402
3.83461
4.07338
0.92052
119.673
6.47644
4.65339
48.0697
19.9553
89.0628
131.163
131.159
152.944
136.705
356.454
723.916
2483.1
15597.9
1.91799
1.55388
1.37115
15610.4
2474.11
855.698
2.12479
2.38498
2.61237
3.01001
4.07653
41.184
6.91605
60.178
72.9679
92.7863
83.0929
96.4745
123.83
103.804
395.924
1.21006
1.06514
1.01341
1.00169
1.23121
1.24775
1.33471
0.789781
0.79565
0.79573
0.80591
0.815139
0.828523
0.84115
0.854898
0.867615
0.877995
0.885048
0.889371
0.892906
0.895586
0.896308
0.896125
0.895797
0.896481
0.897549
0.89821
0.899121
0.900296
0.902281
1.13155
1.12953
1.16396
1.15333
1.1365
1.19151
1.17505
1.13604
1.19681
1.1369
1.13391
1.12785
1.23732
1.21756
1.12148
1.11492
1.1114
1.11253
1.12989
1.25828
1.19989
1.31317
1.28689
1.30457
1.37392
1.3381
1.36841
1.45321
1.41352
1.36473
1.60022
1.53484
1.22592
1.90505
1.68356
1.01487
2.46037
2.34312
2.27539
2.25693
2.18453
2.04768
2.9241
2.80663
2.72086
2.62492
0.943342
3.76549
3.52202
3.31705
3.96074
4.35924
0.904658
130.739
9.25528
5.50941
75.5998
33.9173
119.078
131.939
136.58
149.681
748.258
348.336
2410.47
15604.4
1.73285
1.43067
15589.3
2498.1
842.057
1.85397
2.10502
2.28032
2.57923
2.86758
14.2019
3.58013
29.4368
46.0223
87.7674
60.502
90.3712
163.085
105.057
96.235
398.622
1.25574
1.28307
1.10056
1.25228
1.0343
1.00531
0.999781
1.32567
1.40866
0.791623
0.795587
0.796529
0.805319
0.815179
0.828749
0.842201
0.855723
0.867747
0.87719
0.882849
0.884184
0.885193
0.884637
0.883575
0.88203
0.881303
0.881831
0.882427
0.883357
0.884855
0.887322
0.89096
1.10818
1.11394
1.13536
1.1256
1.12288
1.15596
1.14245
1.12576
1.18595
1.16438
1.12877
1.19819
1.12865
1.12516
1.1199
1.22408
1.11478
1.11021
1.11038
1.11669
1.15871
1.2472
1.25187
1.29698
1.27559
1.34958
1.34822
1.32258
1.3741
1.43054
1.38848
1.3228
1.56352
1.51077
1.08985
2.07299
1.91715
1.67295
0.972084
2.49456
2.33471
2.24691
2.14395
3.08475
2.89767
2.75232
2.64517
0.921355
3.90361
3.70816
3.5677
4.17618
4.88815
0.894923
132.999
14.5696
7.19574
111.637
57.4582
132.761
136.914
148.499
2457.38
734.601
348.338
15628.6
1.5679
15600.5
2469.92
836.876
1.65337
1.82189
1.99942
2.17528
2.44685
5.21076
2.68171
9.74684
19.4053
73.8726
30.8753
79.6539
119.362
97.4358
85.7465
129.214
389.411
1.31911
1.30733
1.17768
1.05368
1.28945
1.0155
1.00011
0.998967
1.37161
1.48017
0.802185
0.802267
0.806055
0.815054
0.82734
0.842041
0.856495
0.868568
0.877363
0.881752
0.882562
0.881293
0.878077
0.87437
0.87128
0.869507
0.86914
0.869722
0.870535
0.871953
0.874867
0.879175
0.88409
1.08524
1.09667
1.10615
1.09716
1.10819
1.12161
1.11021
1.11433
1.15364
1.13597
1.11924
1.18828
1.16979
1.12152
1.21119
1.12059
1.11734
1.1133
1.10909
1.10816
1.1105
1.13058
1.20209
1.23994
1.30876
1.27571
1.25887
1.37029
1.32536
1.29655
1.36466
1.40415
1.36395
1.21567
1.53645
1.47429
1.01059
2.08253
1.9096
2.04342
1.66638
0.942777
2.50886
2.34594
2.24413
2.13898
3.31143
3.00877
2.81295
2.68506
0.908023
4.01173
3.81825
3.68698
4.44926
5.84922
0.889805
133.287
23.7207
10.4157
130.857
93.0697
135.194
146.828
15628.2
2426.96
733.386
346.384
15624.6
2453.91
829.541
1.59967
1.68243
1.85941
1.96614
2.20475
3.08695
2.34103
4.08188
6.2892
45.4451
11.4042
57.7447
100.438
90.6788
64.7854
125.748
107.179
371.221
1.39593
1.35946
1.09417
1.20824
1.23324
1.02529
1.32884
1.00253
0.996799
0.998711
1.47453
0.825264
0.822534
0.824723
0.838651
0.854585
0.870457
0.882111
0.888652
0.889811
0.887416
0.883135
0.878061
0.871415
0.865357
0.86115
0.859117
0.858939
0.859681
0.861017
0.864223
0.868951
0.874583
0.880813
1.06379
1.07873
1.07858
1.07016
1.09285
1.09226
1.08272
1.10152
1.12352
1.11104
1.10857
1.16117
1.14519
1.11303
1.20404
1.18907
1.11439
1.11326
1.1108
1.10792
1.10582
1.10759
1.11565
1.1607
1.25581
1.22332
1.35299
1.25636
1.2385
1.37532
1.30179
1.27532
1.31824
1.37338
1.33336
1.08027
1.50401
1.44381
0.969793
1.98413
1.91221
2.02742
1.82275
2.10032
1.66012
0.92388
2.56014
2.36055
2.23348
3.46991
3.18356
2.90482
2.73175
0.899935
4.20345
3.88746
3.80467
5.03665
7.78915
0.887512
137.668
39.6612
16.3749
136.49
122.479
134.941
15621
2418.06
737.184
345.846
15606.3
2481.12
814.026
1.53634
1.67604
1.75833
1.91827
2.6214
2.07217
2.88794
3.36732
18.3667
4.51463
29.2854
92.853
73.9669
38.08
108.271
160.078
98.1956
378.123
1.45356
1.41954
1.13165
1.05
1.24576
1.27841
1.00762
1.37562
0.997024
0.995435
0.998621
0.870961
0.867463
0.869417
0.892397
0.912331
0.927357
0.93111
0.923869
0.910189
0.895469
0.883263
0.873258
0.865538
0.858534
0.852717
0.850388
0.85056
0.852111
0.855253
0.860157
0.866058
0.872581
0.879624
1.0443
1.06083
1.05622
1.04968
1.07648
1.069
1.06223
1.08804
1.09752
1.09008
1.09686
1.13736
1.1222
1.10329
1.18035
1.16045
1.10679
1.20782
1.10786
1.1072
1.10531
1.10358
1.10454
1.10827
1.13155
1.20555
1.31456
1.37245
1.2315
1.22166
1.3641
1.27232
1.25032
1.20164
1.34613
1.30396
1.00535
1.47135
1.40308
0.94357
1.94971
2.05642
1.85031
2.0897
1.82577
2.22982
1.6504
0.911786
2.58029
2.36745
3.63998
3.33805
2.99611
2.75223
0.89614
4.53582
4.05082
3.91891
6.07721
11.2374
0.887013
145.768
66.4954
26.55
136.013
134.654
138.662
15629.9
2428.79
737.843
342.077
15594.4
2456.55
811.418
1.5462
1.64439
1.74089
2.21755
1.88494
2.46361
2.63503
6.39886
2.97839
10.4018
78.5704
47.326
15.5116
122.192
99.974
83.6961
128.115
367.143
1.49409
1.20998
1.0691
1.02094
1.27222
1.32051
0.999248
1.42778
0.994065
0.995648
0.99895
0.946826
0.960752
0.953006
0.994466
1.02148
1.03298
1.01791
0.983304
0.942153
0.907868
0.884703
0.869738
0.859445
0.851428
0.845555
0.843452
0.844666
0.847871
0.852475
0.858396
0.865021
0.872111
0.880556
1.02666
1.04385
1.03999
1.03522
1.06029
1.0515
1.04631
1.07342
1.07764
1.07143
1.08431
1.11267
1.09824
1.09246
1.14976
1.12845
1.09791
1.18978
1.17029
1.10097
1.1023
1.10193
1.10125
1.10147
1.10429
1.11504
1.16344
1.2609
1.35721
1.37649
1.21061
1.19695
1.31151
1.2462
1.22647
1.06871
1.30726
1.27549
0.968511
1.43963
1.3707
0.926464
1.92234
2.04426
2.23361
1.82683
2.23481
1.78415
2.3938
1.59911
1.74484
0.905779
2.62068
3.73593
3.47075
3.10786
2.82443
0.894736
5.0458
4.22693
3.99134
7.97972
17.2714
0.890612
100.585
42.6716
137.093
136.721
145.409
15634.3
2439.44
731.562
340.849
15599.9
2448.82
799.619
1.56446
1.99112
1.66751
2.17122
2.32075
3.38537
2.50962
4.2241
54.866
21.4536
5.5989
104.618
87.8687
61.0124
132.572
108.568
363.622
1.11652
1.3069
1.23799
1.24484
1.03321
1.00406
1.36756
0.994946
1.47964
0.993338
0.996204
0.999356
1.04859
1.09789
1.08237
1.13708
1.17211
1.18118
1.14922
1.07425
0.988739
0.926128
0.887901
0.865911
0.853102
0.845086
0.839428
0.838847
0.841704
0.845886
0.851538
0.857958
0.865481
0.875353
0.886038
1.02803
1.01675
1.02876
1.0442
1.03816
1.03421
1.05837
1.05961
1.05378
1.07099
1.08592
1.07366
1.08081
1.11776
1.09763
1.08798
1.15281
1.1327
1.09302
1.17903
1.09604
1.09737
1.09794
1.09826
1.10079
1.10644
1.13273
1.21039
1.32142
1.3749
1.36255
1.18807
1.18263
1.21859
1.1986
1.00106
1.27967
1.23988
0.944741
1.39321
1.32846
0.916622
2.03126
1.88996
2.24385
2.41561
1.77392
2.40209
2.64108
1.54704
1.71074
1.66784
0.902999
3.83625
3.59651
3.23789
2.85693
0.895717
5.98428
4.46177
4.14949
11.3662
27.138
0.897243
123.518
68.3606
141.454
135.402
151.366
15634.8
2410.47
733.398
341.185
15595.8
2450.78
797.012
1.7574
1.55312
1.8841
2.01198
2.7187
2.15559
2.96729
27.8637
7.66824
3.26754
91.547
66.3779
33.9161
135.03
112.232
95.2173
357.158
1.06205
1.15356
1.34383
1.25439
1.27319
1.01669
0.997796
1.42293
0.993825
0.994484
0.996997
0.999539
1.17705
1.2629
1.25062
1.30352
1.33559
1.32842
1.28038
1.18277
1.04701
0.94719
0.88892
0.861315
0.847256
0.839145
0.835333
0.836603
0.840365
0.845318
0.851802
0.860312
0.870835
0.881566
0.893233
1.01128
1.02803
1.02346
1.00416
1.01613
1.02996
1.04375
1.04326
1.03783
1.05695
1.06193
1.05251
1.06838
1.08707
1.07044
1.07715
1.1178
1.09781
1.08382
1.1567
1.13806
1.08861
1.09168
1.09363
1.09462
1.09709
1.10104
1.115
1.16653
1.26796
1.36196
1.37754
1.30065
1.16353
1.05788
1.1901
1.17718
0.967173
1.23913
1.21235
0.929383
1.35153
1.28714
0.911884
2.2352
2.01735
1.86972
2.41843
2.68348
1.75167
2.66331
1.47423
1.63198
1.59272
1.70272
0.90232
3.88598
3.65731
3.30333
2.9223
0.901598
7.67317
4.90601
4.29439
16.9142
41.7074
0.906252
132.443
97.4457
149.967
136.216
15606.8
2415.81
741.078
329.464
15601.4
2448.71
785.898
1.61655
1.71334
1.80187
2.30464
1.91975
2.47927
10.2878
3.74262
2.64555
70.7724
39.356
13.3305
139.22
113.834
98.081
74.5124
352.344
1.08651
1.02873
1.2317
1.40052
1.28475
1.3087
1.00512
0.995888
1.47764
0.994928
0.996538
0.998608
1.00001
1.32126
1.43386
1.43043
1.47457
1.48811
1.45312
1.37887
1.2688
1.10807
0.963294
0.88875
0.856669
0.841539
0.834812
0.833269
0.835733
0.840074
0.846701
0.855849
0.866186
0.87723
0.889801
0.903537
1.00364
1.01572
1.01183
1.0266
1.02213
1.00505
1.01712
1.03025
1.04295
1.04226
1.03541
1.05521
1.06071
1.04828
1.0656
1.08545
1.06794
1.07383
1.11801
1.09981
1.08015
1.14407
1.08479
1.08819
1.09052
1.09307
1.09685
1.10516
1.13375
1.2172
1.32916
1.37776
1.35866
1.1605
0.996197
1.16193
1.15033
0.945377
1.20707
1.17804
0.921537
1.29572
1.24364
0.910067
2.23209
2.41382
2.00821
1.84948
2.69018
2.95278
1.40309
1.55145
1.52779
1.68108
1.63663
1.82145
0.905786
3.94637
3.70152
3.39363
0.909272
10.5092
5.60385
4.56896
25.4579
62.7903
0.917668
134.019
117.31
151.696
142.035
15600
2433.79
729.367
338.285
15599.4
2438.97
779.618
1.55066
1.62191
2.0249
1.70902
2.16106
4.36982
2.82878
2.28118
44.2318
16.4261
5.16314
141.284
115.79
100.584
77.3841
48.0788
346.705
1.13046
1.05767
1.01429
1.30672
1.26488
1.27642
1.4497
1.3602
1.00095
0.996795
0.997211
0.998824
1.00018
1.00045
1.47152
1.59782
1.60099
1.63143
1.60834
1.53858
1.44753
1.32347
1.14666
0.971659
0.886941
0.851331
0.83684
0.832369
0.832432
0.835695
0.842282
0.851419
0.861561
0.873455
0.886872
0.900887
0.915509
1.00548
1.0025
1.01447
1.01089
1.02525
1.01855
1.00544
1.01766
1.02985
1.04187
1.04054
1.03169
1.05332
1.05891
1.04517
1.06298
1.0838
1.06785
1.07079
1.12094
1.10307
1.07685
1.08161
1.08547
1.08854
1.09262
1.09841
1.11482
1.17084
1.27653
1.36735
1.37896
1.28326
1.04643
0.965505
1.13599
1.12779
0.932736
1.16731
1.15042
0.917881
1.2486
1.19912
0.910388
2.40518
2.20274
2.70083
1.978
2.99809
3.43072
1.32905
1.48488
1.4641
1.61601
1.5788
1.80841
1.77052
1.96389
0.912851
4.05544
3.74149
0.919871
15.0769
6.8892
5.01952
37.5019
86.4929
0.931824
132.408
126.095
151.305
15607.2
2416.25
743.338
326.55
15598.8
2435.22
769.287
1.52273
1.79528
1.57848
1.8941
3.03623
2.41706
1.99507
19.4523
6.04334
3.23423
143.895
116.501
102.09
79.763
51.1309
22.1257
344.229
1.1893
1.07785
1.03481
1.00965
1.35184
1.28577
1.31189
1.40642
1.00171
0.999252
0.999875
1.00086
1.00135
1.00063
1.62288
1.7559
1.76034
1.74818
1.67511
1.58459
1.48679
1.3561
1.16419
0.974405
0.882228
0.845797
0.83382
0.831348
0.832497
0.838725
0.84726
0.857839
0.87048
0.88418
0.898299
0.913678
0.930624
1.00517
1.00257
1.01324
1.00864
1.02272
1.01515
1.00559
1.01754
1.02911
1.04061
1.03837
1.02791
1.05146
1.05582
1.04316
1.06065
1.0827
1.06802
1.06809
1.10504
1.07407
1.07919
1.08338
1.08794
1.09307
1.10407
1.13541
1.22549
1.33807
1.38097
1.3525
1.13707
0.991145
0.946427
1.11025
0.926742
1.13513
1.1185
0.916865
1.19239
1.1608
0.916695
2.38394
2.70403
2.18905
3.02356
3.47149
3.76286
1.26625
1.42536
1.40742
1.55558
1.52221
1.75415
1.70633
1.92099
1.89976
2.15326
0.921986
4.17116
0.933233
21.5987
8.89648
5.71681
53.1602
105.777
0.9484
133.777
128.135
151.454
15621.2
2451.52
728.741
334.946
15605.9
2429.24
766.65
1.66729
1.73307
2.55367
2.09394
1.83284
7.03826
3.46226
2.68732
145.881
117.918
103.768
81.1187
53.2125
24.2283
7.87382
340.172
1.24529
1.12476
1.05157
1.02311
1.00816
1.39524
1.31354
1.3532
1.47215
1.00412
1.00243
1.00248
1.00295
1.0029
1.00095
1.7834
1.90356
1.86628
1.79876
1.70192
1.60352
1.50413
1.36946
1.17004
0.972848
0.874342
0.841082
0.832544
0.831341
0.836202
0.843819
0.855052
0.867841
0.881495
0.895999
0.912149
0.929432
0.947523
1.00471
1.00168
1.01148
1.00655
1.01915
1.01223
1.00567
1.01716
1.02828
1.03937
1.03471
1.02496
1.04973
1.0525
1.04139
1.05847
1.08456
1.06736
1.06573
1.07194
1.0773
1.08261
1.08804
1.09635
1.11498
1.17607
1.28718
1.37305
1.37981
1.26165
1.0349
0.964088
0.936739
1.08831
0.924494
1.10402
1.09431
0.920351
1.15584
1.12036
0.924524
2.70456
2.37407
3.03623
3.48418
3.81215
4.34717
1.22268
1.37825
1.36257
1.49436
1.46171
1.68495
1.63194
1.85027
1.82062
2.12675
2.08827
2.33742
0.934909
0.949189
30.4791
11.9525
6.81308
70.2125
115.191
0.967055
140.495
127.053
15617.7
2411.57
743.473
150.882
334.009
15622.1
2433.72
757.166
1.53101
2.20554
1.89899
1.60316
3.68544
2.81281
2.30323
147.381
118.482
104.848
82.202
54.7386
25.8836
8.61039
3.88678
339.116
1.33045
1.15786
1.35012
1.08583
1.0424
1.02138
1.01045
1.45553
1.39885
1.00718
1.00617
1.00545
1.00479
1.00418
1.90182
1.96513
1.899
1.81034
1.70585
1.60677
1.50851
1.37261
1.16854
0.959746
0.864722
0.838982
0.83244
0.835173
0.841669
0.852809
0.865238
0.878959
0.894088
0.910667
0.928132
0.946705
0.966773
1.00885
1.01477
1.00965
1.00561
1.01666
1.02746
1.03824
1.03028
1.02233
1.04813
1.05071
1.03856
1.05657
1.06719
1.06387
1.07029
1.07647
1.08254
1.09005
1.10307
1.13814
1.23534
1.34803
1.3845
1.3436
1.11189
0.986745
0.948598
0.932278
0.924635
1.07732
1.06946
0.927849
1.11591
1.0928
0.9366
2.69083
3.0409
3.48934
3.84167
4.61637
1.42254
1.38879
1.60635
1.54973
1.77072
1.7326
2.04688
2.00941
2.31995
2.26799
2.67457
0.949957
0.96744
41.4405
16.1708
8.39444
83.5719
118.784
0.988131
126.963
15630.5
2450.16
745.234
149.55
333.219
15646.7
2426.19
755.196
2.00477
1.66524
1.50173
2.94266
2.40781
2.06988
145.657
119.488
105.973
82.2359
54.9092
26.6634
9.12406
4.03168
3.05278
333.997
1.41411
1.38009
1.06338
1.03561
1.02185
1.01434
1.43741
1.01066
1.87107
1.92843
1.87545
1.78256
1.68283
1.59386
1.50351
1.3659
1.14681
0.937134
0.857853
0.838387
0.835918
0.841078
0.85107
0.862957
0.876751
0.892374
0.909161
0.926891
0.946088
0.966483
0.988072
1.00549
1.01612
1.02669
1.03715
1.02668
1.01862
1.04664
1.05019
1.03569
1.05507
1.06246
1.06949
1.07637
1.08385
1.09441
1.1161
1.18238
1.30077
1.37832
1.37909
1.23436
1.02373
0.963313
0.94118
0.930983
0.93123
1.05541
1.05176
0.938166
0.950967
3.02838
3.48477
3.88217
4.96256
1.51566
1.45
1.68527
1.63633
1.95502
1.91808
2.24109
2.17947
2.64844
2.60458
3.0115
0.967877
0.988167
52.2888
21.5996
10.4878
93.41
119.434
127.349
15612.8
2451.25
729.526
157.442
337.821
15625
2423.51
743.611
1.73981
1.56565
2.50349
2.1735
1.80574
149.332
119.515
106.558
81.8982
54.4774
26.4339
9.1597
4.11654
3.15094
2.59932
1.48821
1.03404
1.02379
1.60457
1.79001
1.7851
1.71284
1.63229
1.56477
1.48667
1.34188
1.10687
0.915122
0.854164
0.840177
0.841888
0.850219
0.861309
0.875154
0.890732
0.907742
0.925922
0.945563
0.966101
0.98803
1.00532
1.01564
1.026
1.03615
1.0455
1.05392
1.06178
1.06937
1.07733
1.08705
1.10248
1.14217
1.24663
1.35752
1.38735
1.33066
1.08701
0.983233
0.95132
0.938282
0.934142
0.940077
0.952216
0.96821
3.46338
3.9113
5.45414
1.58823
1.52988
1.85176
1.80896
2.13976
2.07259
2.57243
2.50543
2.96989
2.93474
3.44737
0.988188
61.6271
28.1499
13.0823
100.165
118.305
130.351
15613.6
2395.8
749.91
158.328
15583.6
2417.31
1.61241
2.23547
1.88134
1.68455
137.207
118.412
106.522
80.9268
53.2947
25.6662
9.03433
4.16322
3.22967
2.68053
2.33264
1.32934
1.5956
1.649
1.62015
1.57325
1.53124
1.46061
1.30364
1.05992
0.896273
0.852946
0.845214
0.850499
0.860566
0.874125
0.889366
0.906563
0.925195
0.945015
0.965729
0.988007
1.00514
1.01519
1.02538
1.03534
1.04464
1.05333
1.06166
1.07019
1.07965
1.09282
1.11723
1.19087
1.31616
1.38345
1.37623
1.19868
1.01405
0.963977
0.94582
0.937965
0.94263
0.953349
0.968463
0.988284
3.98582
6.04418
1.73392
2.01926
1.94618
2.46597
2.383
2.87816
2.82477
3.41679
3.39008
4.04543
69.037
35.8021
15.9487
103.946
117.805
15619
2444.96
15582.4
105.718
78.6315
51.0546
24.0785
8.73031
4.16426
3.3031
2.75592
1.11873
1.35738
1.48966
1.51363
1.51462
1.49875
1.427
1.25394
1.0111
0.882421
0.853701
0.852651
0.860986
0.873448
0.888616
0.90578
0.924598
0.944449
0.965453
0.987994
1.00498
1.01483
1.02487
1.0347
1.04422
1.05323
1.06234
1.07209
1.08407
1.10182
1.14749
1.25957
1.36786
1.38932
1.31065
1.06642
0.980758
0.954691
0.944044
0.94508
0.954251
0.968934
0.988378
6.77141
3.34683
4.10838
4.14428
7.48014
74.7732
42.164
18.9007
15622.2
47.3168
21.643
8.18825
1.0375
1.16922
1.32224
1.41255
1.46533
1.4664
1.38584
1.19476
0.965972
0.876197
0.858775
0.863161
0.873624
0.888459
0.905397
0.924079
0.943996
0.965301
0.987979
1.00483
1.01454
1.02447
1.03444
1.04416
1.05382
1.06393
1.07551
1.09084
1.11856
1.20233
1.33171
1.38895
1.36961
1.15887
1.00574
0.965185
0.950823
0.947042
0.955467
0.969617
0.988397
1.00793
1.07251
1.19234
1.33253
1.43024
1.4332
1.3373
1.12878
0.929767
0.874537
0.867611
0.875276
0.888865
0.905363
0.923686
0.943753
0.965213
0.987939
1.00472
1.0143
1.02432
1.03447
1.04465
1.0552
1.06673
1.08069
1.10127
1.15412
1.27505
1.37748
1.39125
1.27901
1.04731
0.978801
0.958023
0.95029
0.957296
0.970097
0.988341
0.99476
1.02576
1.11496
1.29238
1.4062
1.3971
1.281
1.05956
0.908586
0.876416
0.878644
0.89009
0.905671
0.923672
0.943667
0.965155
0.987883
1.00463
1.01421
1.02438
1.03492
1.04577
1.05746
1.07089
1.08885
1.12062
1.21615
1.34739
1.39375
1.3563
1.1194
0.998524
0.966587
0.955782
0.958964
0.97041
0.988313
0.986097
1.00364
1.08862
1.28083
1.38545
1.3571
1.21631
0.99582
0.900307
0.884769
0.89249
0.906595
0.924148
0.943806
0.965129
0.987875
1.00459
1.01427
1.02472
1.03581
1.04766
1.06087
1.07724
1.10136
1.16099
1.29344
1.38594
1.39032
1.23667
1.03071
0.977233
0.962073
0.960069
0.971124
0.988297
0.982556
0.995932
1.08639
1.28236
1.36388
1.31197
1.14365
0.949115
0.898875
0.896538
0.908361
0.925076
0.944134
0.965326
0.987923
1.00459
1.01449
1.02538
1.03728
1.05041
1.06615
1.08658
1.12341
1.23053
1.3621
1.3979
1.33499
1.08669
0.992441
0.968493
0.961853
0.972357
0.988101
0.981654
0.997003
1.10095
1.29052
1.33742
1.25887
1.06555
0.928425
0.903033
0.911115
0.926468
0.944836
0.965682
0.98793
1.00465
1.01488
1.02646
1.0395
1.05454
1.07347
1.10089
1.16874
1.31442
1.3936
1.38418
1.18523
1.01657
0.976853
0.966193
0.973018
0.987746
0.983547
1.00381
1.13186
1.29275
1.30508
1.19475
0.994602
0.922196
0.915391
0.928512
0.945966
0.966142
0.988152
1.00477
1.0155
1.02804
1.04272
1.06047
1.08372
1.12659
1.24569
1.37667
1.40038
1.29951
1.05845
0.988026
0.971726
0.972691
0.987625
0.986136
1.01808
1.17009
1.2875
1.26536
1.11794
0.956334
0.922817
0.931087
0.947427
0.966812
0.988423
1.00497
1.01649
1.03031
1.04714
1.0687
1.09943
1.17896
1.33453
1.40095
1.37139
1.13172
1.00542
0.977492
0.972752
0.98792
0.989765
1.04144
1.20488
1.27265
1.2128
1.03425
0.943171
0.933998
0.949256
0.967824
0.98876
1.00527
1.01784
1.03354
1.05324
1.0801
1.12925
1.26342
1.3894
1.40198
1.24789
1.03497
0.98535
0.975535
0.988106
0.990523
1.07565
1.22483
1.24676
1.14277
0.979386
0.941892
0.951008
0.969257
0.989139
1.0057
1.01965
1.03789
1.06212
1.09736
1.19026
1.35412
1.40748
1.34549
1.08808
0.996926
0.979945
0.987473
0.991643
1.11753
1.22522
1.20517
1.0573
0.960055
0.952144
0.970803
0.989616
1.0063
1.02224
1.044
1.07466
1.13046
1.28416
1.39936
1.39486
1.18313
1.01566
0.985758
0.986542
1.00585
1.15316
1.2074
1.1417
0.993092
0.957852
0.971386
0.990333
1.00712
1.026
1.0525
1.09332
1.19975
1.37142
1.41067
1.29822
1.05048
0.991367
0.985863
1.03257
1.16578
1.17253
1.05784
0.972657
0.96973
0.991416
1.00825
1.03097
1.06494
1.12977
1.30407
1.40862
1.37631
1.11135
1.00162
0.987424
1.06099
1.15198
1.11408
0.995847
0.973146
0.99244
1.00976
1.03811
1.0842
1.20741
1.38696
1.41096
1.21971
1.02078
0.990389
1.07116
1.1128
1.03158
0.979778
0.991361
1.01193
1.04908
1.12248
1.32245
1.41633
1.33213
1.05647
0.995473
1.0604
1.04874
0.990905
0.98599
1.01536
1.06514
1.21001
1.39612
1.39286
1.11753
1.00217
1.01884
0.991692
0.99041
1.02057
1.10212
1.33345
1.41295
1.2334
1.0114
0.964641
0.98429
1.02738
1.19647
1.39298
1.33995
1.03231
0.956131
1.0459
1.32248
1.38402
1.07612
1.11886
1.37865
1.17901
1.22886
1.26926
1.2571
)
;

boundaryField
{
    lowerOutlet
    {
        type            inletOutlet;
        inletValue      uniform 1;
        value           nonuniform List<scalar> 
144
(
1
1
1
1
1
1
1
1
1
1
1
1
1
1
1
1
1
1
1
1
1
1
1
1
1
1
1
1
1
1
1
1
1
1
1
1
1
1
1
1
1
1
1
50.9108
1
1
60.2577
1
320.226
1
1
1
1
1
1
1
1
1
1
1
1
1
1
1
1
1
1
1
1
1
1
1
1
1
1
1
1
1
1
1
1
1
1
1
1
1
1
1
1
1
1
1
1
1
1
1
1
1
1
1
1
1
1
1
68.3782
217.478
1
1
1
1
1
1
1
1
1
1
1
1
1
1
1
1
1
1
1
1
1
1
1
1
1
33.1269
1
1
1
1
1
1
1
1
1
1
1
1
)
;
    }
    top
    {
        type            inletOutlet;
        inletValue      uniform 1;
        value           nonuniform List<scalar> 
100
(
1
1
1
1.08292
1.14058
1.16613
1.17864
1.19392
1.22777
1.30023
1.41191
1.5517
1.69858
1.82642
1.91403
1.95812
2.01215
2.46782
4.47742
7.76989
9.16802
9.30411
8.75018
7.69718
6.75453
6.25795
5.91016
5.38449
4.9685
4.80071
4.76427
4.82145
4.83889
4.73882
4.5266
4.15285
3.55116
2.71579
1.90658
1.37529
1.15422
1.06912
1.03726
1.025
1.02103
1.02129
1.02677
1.0415
1.06715
1.09908
1.12823
1.14662
1.15405
1.15303
1.13407
1.0973
1.03853
0.968796
0.905414
0.863672
0.836492
0.816374
0.80007
0.792182
0.789781
0.791623
0.802185
0.825264
0.870961
0.946826
1.04859
1.17705
1.32126
1.47152
1.62288
1.7834
1
1
1
1
1
1
1
1
1
1
1
1
1
1
0.990523
0.991643
1.00585
1.03257
1.06099
1.07116
1.0604
1.01884
0.964641
0.956131
)
;
    }
    sides
    {
        type            inletOutlet;
        inletValue      uniform 1;
        value           uniform 1;
    }
    front
    {
        type            empty;
    }
    back
    {
        type            empty;
    }
    roller
    {
        Cmu             0.09;
        kappa           0.41;
        E               9.8;
        beta1           0.075;
        blended         false;
        type            omegaWallFunction;
        value           nonuniform List<scalar> 
144
(
15605.4
15606.7
15607.9
15606.3
15612.8
15626.3
15623.6
15612.7
15618.5
15597.8
15609
15602.1
15603.8
15607.4
15606.9
15627.8
15624.6
15611.1
15627
15634.8
15620.9
15628.2
15609.7
15614.4
15595.8
15605.8
15596.4
15604.9
15596
15609.3
15612.9
15592.1
15594.4
15622.2
15626.5
15601
15624
15600
15604.1
15602.6
15594.9
15597.3
15595.9
15608.7
15599.6
15603.6
15610.4
15589.3
15600.5
15603.3
15617.3
15612.9
15615.5
15630.5
15617.7
15621.2
15623.5
15627.8
15599.9
15608.1
15598.8
15609.6
15601.4
15622.1
15582.4
15609.7
15608.1
15571.5
15615.4
15599
15599.1
15603.9
15604.5
15599.1
15595.8
15604.6
15608.2
15605.9
15624
15583.9
15583.6
15582.1
15621.1
15613.6
15634.3
15628.6
15615.2
15615.2
15615.6
15619
15614.1
15571.4
15609.1
15601.9
15601.3
15607.3
15609.2
15604.5
15610.8
15602.3
15597.9
15599.4
15646.7
15607.2
15600
15621.9
15629.9
15600.1
15597.9
15595.1
15613.1
15602.8
15633.9
15627
15601
15599.8
15600.2
15601.6
15596
15597.2
15610.1
15608
15599.4
15596.1
15594.2
15599.9
15602.4
15601.6
15598.8
15648.1
15625.9
15625
15619
15593.1
15599.5
15606.8
15613.3
15621
15592.4
15589.8
15604.4
15631.5
15602.4
15613.8
)
;
    }
    burner
    {
        type            zeroGradient;
    }
}


// ************************************************************************* //
