/*--------------------------------*- C++ -*----------------------------------*\
  =========                 |
  \\      /  F ield         | OpenFOAM: The Open Source CFD Toolbox
   \\    /   O peration     | Website:  https://openfoam.org
    \\  /    A nd           | Version:  dev
     \\/     M anipulation  |
\*---------------------------------------------------------------------------*/
FoamFile
{
    version     2.0;
    format      ascii;
    class       volScalarField;
    location    "2500";
    object      T;
}
// * * * * * * * * * * * * * * * * * * * * * * * * * * * * * * * * * * * * * //

dimensions      [0 0 0 1 0 0 0];

internalField   nonuniform List<scalar> 
9836
(
300.097
300.138
300.113
300.145
300.226
300.107
300.125
300.266
300.219
300.092
300.128
300.297
300.306
300.201
300.073
300.117
300.283
300.362
300.304
300.176
300.066
300.113
300.262
300.373
300.375
300.278
300.152
300.064
300.107
300.234
300.383
300.424
300.353
300.251
300.14
300.055
300.098
300.23
300.381
300.457
300.436
300.332
300.22
300.125
300.051
300.084
300.204
300.357
300.464
300.48
300.414
300.297
300.199
300.118
300.049
300.087
300.203
300.33
300.449
300.517
300.472
300.388
300.266
300.178
300.111
300.049
300.082
300.188
300.293
300.45
300.535
300.533
300.457
300.339
300.252
300.168
300.104
300.045
300.076
300.167
300.288
300.435
300.522
300.564
300.511
300.418
300.316
300.226
300.156
300.099
300.045
300.071
300.17
300.277
300.401
300.519
300.588
300.57
300.488
300.387
300.287
300.216
300.152
300.095
300.041
300.073
300.165
300.254
300.366
300.501
300.585
300.619
300.552
300.456
300.345
300.271
300.203
300.143
300.093
300.041
300.064
300.146
300.249
300.352
300.467
300.583
300.639
300.613
300.525
300.418
300.328
300.257
300.197
300.14
300.088
300.038
300.063
300.151
300.238
300.333
300.451
300.582
300.646
300.652
300.59
300.493
300.384
300.305
300.246
300.188
300.135
300.087
300.04
300.06
300.145
300.213
300.32
300.401
300.553
300.649
300.678
300.647
300.56
300.453
300.366
300.293
300.237
300.182
300.132
300.084
300.039
300.061
300.138
300.212
300.284
300.395
300.527
300.642
300.693
300.681
300.618
300.507
300.422
300.349
300.284
300.229
300.177
300.129
300.082
300.036
300.061
300.126
300.198
300.273
300.394
300.482
300.63
300.7
300.716
300.67
300.585
300.475
300.398
300.33
300.275
300.221
300.169
300.124
300.08
300.038
300.058
300.128
300.191
300.278
300.376
300.456
300.613
300.704
300.735
300.709
300.642
300.551
300.454
300.379
300.32
300.267
300.218
300.17
300.125
300.079
300.038
300.052
300.12
300.189
300.259
300.349
300.451
300.59
300.694
300.749
300.748
300.693
300.61
300.507
300.429
300.366
300.311
300.26
300.211
300.167
300.123
300.079
300.037
300.055
300.118
300.185
300.257
300.34
300.407
300.542
300.666
300.751
300.775
300.736
300.664
300.577
300.479
300.411
300.355
300.302
300.254
300.209
300.164
300.122
300.078
300.035
300.052
300.114
300.184
300.238
300.312
300.397
300.53
300.656
300.752
300.787
300.779
300.716
300.629
300.54
300.463
300.396
300.343
300.296
300.25
300.205
300.16
300.12
300.079
300.037
300.052
300.11
300.176
300.23
300.302
300.396
300.497
300.633
300.735
300.795
300.806
300.764
300.684
300.588
300.513
300.447
300.386
300.338
300.288
300.243
300.2
300.161
300.12
300.078
300.037
300.051
300.105
300.168
300.234
300.288
300.391
300.47
300.611
300.719
300.795
300.825
300.803
300.738
300.653
300.563
300.493
300.426
300.378
300.332
300.286
300.24
300.202
300.16
300.119
300.077
300.038
300.05
300.106
300.168
300.228
300.29
300.381
300.443
300.583
300.693
300.789
300.834
300.83
300.784
300.705
300.614
300.54
300.475
300.412
300.37
300.326
300.283
300.241
300.201
300.161
300.119
300.079
300.038
300.05
300.102
300.163
300.223
300.282
300.344
300.435
300.559
300.678
300.782
300.839
300.856
300.819
300.755
300.667
300.587
300.516
300.456
300.405
300.364
300.321
300.277
300.237
300.201
300.161
300.121
300.08
300.038
300.049
300.102
300.159
300.217
300.268
300.35
300.404
300.538
300.659
300.757
300.839
300.874
300.858
300.796
300.721
300.638
300.568
300.497
300.451
300.4
300.358
300.316
300.279
300.239
300.2
300.162
300.122
300.082
300.04
300.046
300.097
300.152
300.207
300.27
300.343
300.39
300.53
300.622
300.742
300.829
300.885
300.885
300.842
300.769
300.688
300.609
300.546
300.489
300.438
300.398
300.354
300.314
300.276
300.24
300.201
300.164
300.125
300.084
300.04
300.047
300.09
300.152
300.201
300.268
300.315
300.388
300.497
300.613
300.713
300.822
300.895
300.906
300.881
300.815
300.738
300.658
300.595
300.524
300.479
300.435
300.39
300.349
300.312
300.275
300.24
300.204
300.167
300.127
300.087
300.042
300.043
300.096
300.146
300.2
300.264
300.326
300.4
300.47
300.592
300.689
300.821
300.891
300.924
300.911
300.861
300.781
300.711
300.633
300.575
300.52
300.469
300.428
300.387
300.348
300.312
300.277
300.242
300.206
300.171
300.132
300.091
300.045
300.046
300.098
300.135
300.203
300.258
300.327
300.385
300.46
300.575
300.69
300.805
300.891
300.933
300.935
300.902
300.833
300.75
300.68
300.614
300.557
300.509
300.467
300.421
300.385
300.347
300.313
300.28
300.246
300.212
300.176
300.139
300.096
300.048
300.046
300.096
300.14
300.189
300.249
300.322
300.392
300.465
300.562
300.684
300.788
300.885
300.939
300.954
300.932
300.874
300.798
300.727
300.657
300.598
300.547
300.502
300.458
300.42
300.386
300.348
300.315
300.282
300.251
300.217
300.183
300.144
300.1
300.023
300.054
300.046
300.096
300.135
300.186
300.256
300.307
300.384
300.47
300.566
300.682
300.779
300.879
300.941
300.969
300.959
300.915
300.85
300.772
300.702
300.636
300.58
300.535
300.496
300.451
300.413
300.384
300.346
300.316
300.285
300.256
300.225
300.191
300.142
300.083
300.112
300.025
300.055
300.045
300.095
300.145
300.185
300.256
300.31
300.401
300.477
300.548
300.662
300.772
300.869
300.938
300.979
300.981
300.948
300.888
300.817
300.746
300.684
300.627
300.576
300.533
300.49
300.451
300.417
300.382
300.347
300.316
300.292
300.264
300.234
300.186
300.207
300.141
300.172
300.169
300.087
300.118
300.025
300.059
300.041
300.095
300.138
300.184
300.263
300.317
300.4
300.48
300.558
300.657
300.756
300.858
300.93
300.987
300.999
300.978
300.928
300.859
300.79
300.724
300.667
300.61
300.568
300.525
300.488
300.45
300.413
300.374
300.353
300.323
300.299
300.273
300.226
300.249
300.199
300.148
300.196
300.178
300.092
300.126
300.027
300.063
300.045
300.091
300.144
300.201
300.25
300.324
300.401
300.48
300.564
300.648
300.748
300.854
300.931
300.995
301.015
301.003
300.961
300.899
300.831
300.764
300.705
300.653
300.604
300.56
300.517
300.483
300.454
300.425
300.374
300.358
300.33
300.308
300.268
300.288
300.226
300.25
300.222
300.158
300.206
300.189
300.099
300.135
300.029
300.068
300.041
300.095
300.15
300.192
300.262
300.343
300.407
300.485
300.562
300.65
300.752
300.841
300.932
300.995
301.028
301.026
300.993
300.937
300.873
300.808
300.746
300.689
300.641
300.596
300.555
300.515
300.483
300.451
300.425
300.377
300.362
300.339
300.307
300.324
300.273
300.295
300.247
300.27
300.233
300.17
300.219
300.203
300.108
300.146
300.031
300.074
300.04
300.091
300.151
300.205
300.269
300.338
300.409
300.496
300.572
300.661
300.756
300.836
300.934
300.997
301.038
301.045
301.023
300.974
300.909
300.847
300.785
300.731
300.675
300.629
300.59
300.548
300.513
300.473
300.445
300.426
300.381
300.369
300.343
300.359
300.316
300.336
300.293
300.316
300.259
300.285
300.248
300.184
300.236
300.22
300.118
300.16
300.034
300.081
300.044
300.094
300.144
300.214
300.271
300.34
300.421
300.51
300.588
300.673
300.759
300.847
300.937
301.007
301.047
301.063
301.049
301.007
300.949
300.885
300.825
300.769
300.719
300.67
300.622
300.575
300.541
300.515
300.475
300.442
300.428
300.388
300.375
300.397
300.358
300.381
300.34
300.368
300.311
300.344
300.277
300.31
300.269
300.202
300.258
300.245
300.13
300.178
300.037
300.091
300.048
300.1
300.146
300.221
300.288
300.359
300.437
300.522
300.606
300.679
300.766
300.861
300.939
301.013
301.057
301.076
301.07
301.038
300.985
300.919
300.864
300.807
300.755
300.709
300.661
300.612
300.571
300.541
300.514
300.473
300.446
300.433
300.41
300.433
300.41
300.45
300.41
300.477
300.393
300.48
300.358
300.448
300.31
300.382
300.309
300.226
300.304
300.292
300.146
300.201
300.041
300.103
300.048
300.103
300.158
300.207
300.29
300.38
300.455
300.541
300.627
300.699
300.787
300.87
300.945
301.017
301.065
301.092
301.09
301.065
301.02
300.957
300.899
300.843
300.791
300.739
300.692
300.649
300.606
300.568
300.546
300.513
300.468
300.451
300.444
300.467
300.489
300.539
300.576
300.71
300.641
300.909
300.631
300.994
300.539
300.893
300.411
300.662
300.437
300.27
300.448
300.434
300.166
300.239
300.047
300.118
300.048
300.105
300.159
300.21
300.315
300.404
300.48
300.569
300.644
300.724
300.805
300.884
300.954
301.024
301.075
301.106
301.11
301.091
301.05
300.994
300.934
300.879
300.825
300.777
300.73
300.686
300.642
300.602
300.568
300.548
300.507
300.473
300.48
300.483
300.572
300.611
300.857
301.016
301.273
301.711
301.607
302.425
301.618
302.787
301.272
302.522
300.8
301.723
300.914
300.392
300.964
300.921
300.196
300.329
300.053
300.138
300.05
300.106
300.149
300.204
300.341
300.447
300.519
300.593
300.67
300.751
300.827
300.899
300.969
301.037
301.086
301.118
301.127
301.113
301.077
301.031
300.971
300.912
300.861
300.813
300.766
300.722
300.678
300.637
300.598
300.572
300.542
300.515
300.494
300.49
300.63
300.63
301.138
301.248
302.164
302.598
303.373
304.35
304.25
305.833
304.403
306.549
303.62
306.21
302.164
304.703
302.475
300.787
302.569
302.391
300.255
300.597
300.061
300.172
300.053
300.11
300.152
300.212
300.349
300.47
300.554
300.634
300.69
300.777
300.852
300.923
300.988
301.05
301.097
301.131
301.144
301.136
301.106
301.061
301.003
300.948
300.896
300.848
300.803
300.759
300.715
300.672
300.632
300.596
300.572
300.528
300.539
300.621
300.618
301.291
301.284
302.931
303.195
305.256
306.026
307.395
308.823
308.752
310.833
308.987
311.697
307.929
311.239
305.583
309.335
306.078
301.952
306.099
305.562
300.409
301.369
300.07
300.239
300.059
300.117
300.166
300.242
300.386
300.512
300.588
300.665
300.729
300.815
300.881
300.943
301.009
301.064
301.113
301.145
301.161
301.154
301.13
301.087
301.036
300.982
300.931
300.883
300.839
300.795
300.752
300.709
300.667
300.628
300.6
300.557
300.538
301.033
300.918
301.243
301.151
303.297
303.28
306.585
306.994
310.04
310.992
312.745
314.388
314.303
316.594
314.471
317.441
313.121
316.797
310.307
314.52
310.768
304.464
310.691
309.997
300.817
303.128
300.082
300.394
300.067
300.13
300.197
300.293
300.466
300.591
300.641
300.705
300.77
300.844
300.905
300.97
301.037
301.084
301.129
301.161
301.176
301.175
301.154
301.116
301.067
301.015
300.964
300.917
300.873
300.831
300.789
300.746
300.704
300.663
300.625
300.597
300.56
300.81
300.725
302.624
302.254
303.18
302.951
307.11
307.065
311.658
312.095
315.704
316.706
318.691
320.27
320.229
322.301
320.298
323.089
318.601
322.463
315.385
319.836
315.689
308.522
315.417
314.463
301.795
306.274
300.104
300.74
300.081
300.154
300.251
300.362
300.549
300.646
300.696
300.753
300.816
300.878
300.936
301
301.06
301.106
301.147
301.178
301.194
301.194
301.176
301.143
301.097
301.047
300.997
300.95
300.907
300.866
300.825
300.783
300.741
300.7
300.659
300.625
300.591
300.68
300.617
301.872
301.521
305.926
305.262
306.882
306.483
312.132
312.033
317.386
317.69
321.329
321.87
323.317
323.747
324.35
324.742
324.778
325.53
323.976
325.897
320.499
324.909
320.577
312.807
320.074
318.971
303.613
310.288
300.151
301.501
300.083
300.199
300.327
300.449
300.611
300.69
300.748
300.803
300.861
300.919
300.977
301.036
301.09
301.131
301.168
301.196
301.212
301.213
301.198
301.168
301.126
301.077
301.029
300.983
300.94
300.899
300.859
300.819
300.778
300.737
300.696
300.653
300.627
300.709
301.221
301.023
304.52
303.75
310.397
309.499
311.733
311.155
317.646
317.452
322.099
322.073
323.782
323.697
324.649
324.387
325.417
324.973
326.175
325.823
326.718
326.744
325.344
327.368
325.24
317.139
324.558
323.331
306.709
314.452
300.243
302.835
300.198
300.419
300.551
300.666
300.737
300.796
300.851
300.907
300.962
301.017
301.071
301.122
301.16
301.191
301.216
301.231
301.232
301.219
301.192
301.153
301.107
301.059
301.014
300.972
300.932
300.893
300.854
300.815
300.774
300.731
300.687
300.652
300.668
301.86
301.494
303.005
302.384
308.496
307.441
315.333
314.267
316.982
316.244
321.966
321.738
323.547
323.374
323.936
323.416
324.054
322.789
324.702
322.728
325.992
323.962
327.29
326.096
327.904
327.879
328.264
321.456
328.171
327.155
310.547
318.726
300.454
305.087
300.436
300.632
300.709
300.783
300.844
300.899
300.953
301.006
301.058
301.108
301.156
301.19
301.217
301.238
301.251
301.252
301.24
301.216
301.179
301.135
301.089
301.044
301.002
300.963
300.925
300.888
300.85
300.811
300.77
300.73
300.686
300.684
301.25
300.941
304.274
303.349
306.362
305.316
313.065
311.775
319.863
318.846
321.337
320.695
323.21
323.064
322.941
322.583
321.558
320.632
320.656
319.09
321.175
318.736
323.268
319.984
326.371
322.992
328.551
326.944
329.233
325.576
329.724
329.856
328.198
314.887
323.177
300.926
308.946
300.692
300.759
300.826
300.891
300.946
300.998
301.048
301.098
301.145
301.19
301.221
301.244
301.262
301.272
301.273
301.261
301.238
301.204
301.163
301.118
301.074
301.032
300.993
300.956
300.921
300.884
300.848
300.811
300.77
300.729
300.712
301.226
302.62
302.144
307.815
306.629
310.44
309.112
317.643
316.293
322.424
321.897
322.918
322.747
322.397
322.371
320.113
319.896
318.353
318.193
317.459
317.198
317.505
316.525
319.394
316.792
323.283
319.334
327.84
323.771
325.839
329.453
328.518
329.475
326.75
329.246
330.171
329.607
329.014
330.377
320.256
328.496
327.999
324.86
303.565
319.47
300.811
300.872
300.937
300.993
301.043
301.091
301.138
301.182
301.223
301.252
301.272
301.287
301.295
301.293
301.282
301.26
301.228
301.189
301.146
301.103
301.061
301.022
300.985
300.95
300.918
300.886
300.852
300.816
300.778
300.758
301.155
303.733
302.87
305.492
304.626
311.819
310.395
314.834
313.325
321.126
320.113
322.662
322.661
322.424
322.545
319.97
320.156
318.306
318.503
317.389
317.666
316.568
317.01
315.917
316.168
317.831
316.511
315.833
315.537
321.892
319.674
316.384
316.315
317.951
324.353
327.119
324.992
322.261
327.672
330.438
330.294
330.14
329.065
328.363
330.529
327.18
324.06
327.166
330.05
329.701
313.51
327.664
328.467
325.2
300.921
300.983
301.041
301.089
301.134
301.178
301.219
301.256
301.283
301.3
301.312
301.317
301.315
301.303
301.281
301.251
301.214
301.173
301.13
301.089
301.05
301.013
300.98
300.953
300.933
300.916
300.889
300.852
300.841
301.198
303.937
306.766
306.318
309.034
307.927
315.926
314.403
318.866
317.448
322.56
322.25
321.46
321.969
320.498
320.943
318.817
319.174
318.046
318.411
317.647
318.334
317.119
318.387
315.668
316.11
316.786
317.675
315.575
315.359
315.505
320.15
318.117
315.429
315.383
316.482
322.888
325.831
323.655
320.673
326.603
330.81
330.973
329.724
327.412
328.223
330.324
329.496
329.716
331.023
331.048
325.966
300.083
308.601
330.414
330.231
301.03
301.087
301.136
301.177
301.218
301.256
301.288
301.313
301.328
301.336
301.34
301.336
301.323
301.302
301.273
301.238
301.198
301.157
301.117
301.077
301.041
301.011
300.999
301.039
301.107
301.101
301.041
301.019
301.375
303.861
308.884
307.621
310.428
309.499
312.928
311.627
319.408
318.078
321.566
320.606
322.35
322.507
320.541
321.114
319.578
320.034
318.761
319.13
318.881
319.216
319.514
320.277
318.514
319.456
320.221
321.02
316.082
316.949
317.967
319.053
315.204
315.39
316.083
318.519
316.686
315.099
315.047
315.427
321.352
324.499
322.161
319.057
325.37
330.831
331.228
329.027
326.275
327.194
329.799
331.173
331.478
331.55
331.821
321.162
300.508
306.354
331.665
329.414
301.135
301.182
301.222
301.258
301.292
301.32
301.343
301.354
301.361
301.362
301.357
301.344
301.323
301.295
301.263
301.227
301.189
301.149
301.11
301.074
301.049
301.101
301.393
301.785
301.861
301.635
301.478
301.83
304.147
310.002
312.328
312.405
314.202
313.242
316.707
315.407
321.684
320.803
322.459
322.232
321.731
322.232
320.448
320.984
319.528
319.965
319.413
319.645
320.594
320.478
321.564
322.06
322.278
322.442
320.122
321.146
322.071
322.87
317.111
318.309
319.581
320.854
315.29
316.091
317.276
317.037
315.576
315.221
315.177
315.052
319.756
323.056
320.602
317.547
324.012
330.516
331.164
328.125
325.011
326.036
329.049
332.133
332.371
331.731
332.215
319.142
301.028
308.38
331.927
328.331
301.23
301.267
301.3
301.328
301.352
301.371
301.381
301.383
301.383
301.377
301.364
301.345
301.322
301.298
301.269
301.233
301.194
301.152
301.113
301.105
301.355
302.338
303.515
303.853
303.274
302.592
302.857
305.024
310.449
315.495
314.963
316.001
315.625
317.642
316.773
319.768
318.688
322.612
322.358
322.588
322.691
321.562
322.127
320.778
321.322
319.902
320.284
320.133
319.881
322.785
321.796
323.493
323.896
324.021
323.936
322.082
323.217
324.219
325.052
318.655
320.122
321.606
323.045
316.098
317.418
318.989
315.858
315.139
316.076
316.038
315.183
318.241
321.55
319.092
316.304
322.583
329.958
330.821
327.088
323.672
324.812
328.16
332.597
332.715
331.612
332.32
319.258
301.507
309.381
331.839
327.911
301.314
301.342
301.365
301.384
301.399
301.407
301.407
301.403
301.396
301.385
301.373
301.367
301.365
301.354
301.322
301.274
301.221
301.171
301.191
301.769
303.49
305.562
306.374
305.893
304.944
304.82
306.832
311.77
317.651
318.692
318.962
319.154
318.771
320.365
319.703
321.812
321.107
323.109
323.087
322.62
322.953
321.868
322.399
320.887
321.532
319.971
320.328
320.503
319.655
325.361
324.529
322.303
323.551
325.668
325.999
326.069
325.873
324.387
325.588
326.607
327.42
320.662
322.364
324.016
325.561
317.524
319.278
321.178
315.328
315.253
317.557
317.516
315.951
316.94
320.077
317.779
315.621
321.165
329.255
330.331
325.991
322.344
323.602
327.226
332.803
332.833
331.357
332.258
319.361
301.465
309.491
331.803
327.803
301.387
301.403
301.416
301.427
301.434
301.433
301.427
301.418
301.416
301.43
301.482
301.564
301.608
301.582
301.495
301.384
301.289
301.332
302.175
304.637
307.424
308.978
308.962
308.226
308.173
310.136
314.16
318.012
320.69
320.176
320.977
320.881
321.466
321.176
322.242
321.83
322.963
322.661
323.557
323.678
322.876
323.285
322.172
322.745
320.316
321.132
319.397
319.655
321.23
320.058
318.762
326.931
325.813
322.906
324.429
327.971
328.17
328.129
327.723
326.948
328.143
329.093
329.818
323.106
324.979
326.72
328.28
319.498
321.62
323.797
315.362
315.881
319.601
319.549
317.352
316.066
318.746
316.757
315.581
319.872
328.513
329.812
324.926
321.134
322.508
326.34
332.874
332.906
331.059
332.155
319.64
301.041
308.782
331.887
328.069
301.445
301.45
301.455
301.46
301.456
301.451
301.451
301.477
301.573
301.805
302.121
302.32
302.297
302.099
301.817
301.565
301.587
302.658
305.535
309.177
311.287
311.787
311.66
311.959
313.492
315.899
317.933
319.296
320.919
319.921
322.002
321.505
322.796
322.424
323.402
323.119
323.67
323.594
323.895
324.03
323.232
323.623
321.923
322.6
318.704
319.701
317.987
317.996
321.373
319.95
318.403
317.217
328.402
326.96
323.31
325.214
330.227
330.302
330.121
329.465
329.618
330.741
331.642
332.262
325.897
327.845
329.572
331.051
321.952
324.377
326.727
315.793
317.099
322.117
322.058
319.321
315.863
317.679
316.308
315.852
318.839
327.838
329.359
323.986
320.159
321.637
325.602
332.902
332.99
330.801
332.056
320.067
300.396
306.703
332.096
328.649
301.488
301.484
301.483
301.479
301.474
301.486
301.568
301.843
302.369
302.967
303.293
303.266
302.965
302.528
302.117
302.042
303.144
306.269
310.313
312.555
313.321
313.609
314.097
315.016
316.173
317.539
317.542
316.867
315.601
319.543
318.277
321.529
320.616
322.88
322.275
323.756
323.378
324.033
323.963
323.757
323.832
323.135
323.519
320.682
321.504
316.212
317.241
316.66
316.265
315.66
321.428
319.761
317.603
316.362
329.738
327.977
323.597
325.883
332.492
332.453
331.997
331.104
332.319
333.362
334.13
334.532
328.884
330.792
332.396
333.763
324.804
327.407
329.794
316.804
318.875
325.006
324.908
321.728
316.034
317.041
316.359
316.545
318.147
327.317
329.027
323.284
319.516
321.096
325.107
332.926
333.086
330.618
331.982
320.716
300.444
306.953
332.386
329.559
301.519
301.508
301.504
301.494
301.52
301.682
302.147
302.998
303.817
304.253
304.236
303.87
303.317
302.786
302.655
303.703
306.897
310.993
313.02
313.68
313.991
314.351
315.01
315.868
316.476
315.105
311.474
313.662
311.627
316.815
315.282
319.576
318.249
321.772
320.759
323.185
322.581
323.774
323.584
322.692
322.632
322.119
322.521
318.342
319.286
313.928
314.11
314.089
315.624
315.371
313.753
313.757
321.321
319.271
316.889
315.439
330.868
328.812
323.836
326.421
334.593
334.394
333.653
332.499
334.908
335.778
336.337
336.498
331.874
333.625
335.031
336.243
327.893
330.513
332.78
318.287
321.013
328.097
327.885
324.375
316.414
316.909
316.626
317.618
317.882
327.003
328.853
322.928
319.276
320.992
324.92
332.954
333.189
330.529
331.943
322.234
305.593
313.139
332.726
330.645
301.536
301.525
301.517
301.558
301.775
302.474
303.593
304.632
305.164
305.186
304.795
304.173
303.571
303.378
304.405
307.45
311.27
312.987
313.6
313.784
313.93
314.27
314.584
314.093
311.608
307.766
305.911
304.72
309.633
307.697
313.088
311.392
316.237
314.711
318.947
317.648
321.101
320.115
322.373
321.861
320.206
319.874
319.91
320.198
315.122
316.156
312.56
312.89
311.444
311.823
314.473
313.942
312.426
312.47
321.254
318.869
316.354
314.639
331.766
329.467
324.007
326.833
336.423
335.946
335.008
333.621
337.173
337.825
338.1
338.119
334.644
336.128
337.335
338.299
331.015
333.48
335.484
319.942
323.184
331.163
330.651
326.94
317.146
317.153
317.162
318.844
318.046
326.932
328.827
322.945
319.437
321.262
325.007
332.989
333.313
330.521
331.943
326.621
308.161
322.515
333.035
331.815
301.548
301.539
301.576
301.865
302.726
304.138
305.358
306.012
306.09
305.729
305.103
304.485
304.299
305.188
308.013
311.226
312.738
313.205
312.896
312.293
311.851
311.229
309.772
307.46
304.537
302.065
302.858
301.988
305.549
304.03
308.907
307.196
312.194
310.596
315.021
313.671
317.424
316.272
319.273
318.44
316.929
316.391
316.8
317.034
312.237
312.507
312.525
311.06
311.188
309.901
310.193
313.451
312.754
311.058
311.258
321.19
318.579
316.13
314.231
332.5
330.038
324.215
327.222
337.826
337.158
336.067
334.509
338.985
339.359
339.436
339.341
337.027
338.2
339.152
339.833
333.935
336.091
337.719
321.651
325.288
333.865
332.924
329.249
318.181
317.698
318.109
320.359
318.702
327.054
328.947
323.32
320.264
322.298
325.463
333.005
333.386
330.607
331.991
330.272
320.237
330.129
333.288
332.793
301.557
301.592
301.9
302.931
304.549
306.003
306.775
306.914
306.622
306.077
305.536
305.39
306.265
308.633
311.067
312.24
312.361
311.078
309.315
307.855
306.701
305.492
304.041
302.371
301.245
301.1
302.142
301.591
303.861
302.89
306.199
304.973
308.758
307.484
311.184
309.994
313.467
312.339
315.569
314.562
313.902
313.514
313.414
313.818
310.595
311.105
309.726
309.499
309.769
309.734
308.477
308.592
312.809
311.821
310.038
310.624
321.219
318.471
316.134
314.158
333.203
330.669
324.621
327.753
338.87
338.076
336.898
335.282
340.271
340.405
340.391
340.145
338.871
339.741
340.385
340.766
336.359
338.122
339.344
323.573
327.455
335.894
334.898
331.43
319.573
318.696
319.504
322.146
320.013
327.51
329.273
324.591
322.009
324.322
326.671
333.093
333.477
330.782
332.112
332.502
312.757
331.082
333.535
333.452
301.6
301.914
303.014
304.856
306.497
307.38
307.568
307.39
307.007
306.637
306.607
307.415
309.231
310.797
311.668
311.447
309.48
306.858
304.755
303.631
302.809
302.031
301.316
300.921
300.845
301.055
301.576
300.869
302.217
304.333
303.129
306.924
305.688
308.548
307.863
309.765
309.145
311.184
310.438
312.833
312.003
311.192
311.367
309.679
310.684
308.823
309.143
308.346
307.849
309.04
308.61
307.532
307.289
312.634
311.492
309.709
310.515
321.48
318.583
316.603
314.491
334.03
331.535
325.438
328.619
339.625
338.794
337.636
336.062
340.914
340.934
340.874
340.605
340.118
340.657
340.981
341.123
338.02
339.406
340.271
325.683
329.748
337.507
336.743
333.671
321.405
320.397
321.771
324.49
322.253
328.342
329.837
326.343
324.347
326.226
327.943
333.175
333.563
331.12
332.265
333.377
309.318
330.57
333.706
333.783
301.891
303.031
304.992
306.846
307.76
308.005
307.936
307.726
307.568
307.709
308.431
309.473
310.439
311.055
310.503
308.249
305.332
303.184
302.126
301.559
301.194
300.943
300.818
300.774
300.741
301.367
300.811
300.746
301.961
304.252
302.912
307.4
305.837
309.544
308.671
310.366
310.068
310.83
310.591
311.352
311.102
307.596
308.313
306.472
306.613
306.445
307.293
307.527
306.232
306.079
308.913
308.156
307.23
306.511
312.839
311.535
309.837
310.955
322.205
319.193
317.84
315.602
335.106
332.772
326.864
329.987
340.148
339.42
338.379
336.966
341.158
341.141
341.039
340.843
340.737
341.005
341.135
341.187
339.178
340.096
340.561
328.422
332.556
338.458
337.003
335.53
324.328
323.258
325.257
327.944
324.925
329.298
330.344
327.636
326.308
327.408
328.843
333.242
333.615
331.381
332.352
333.518
319.29
332.465
333.829
333.923
302.948
305.018
307.001
307.955
308.216
308.197
308.104
308.118
308.337
308.789
309.417
310.061
310.389
309.558
307.251
304.453
302.46
301.521
301.116
300.938
300.845
300.795
300.759
300.73
300.697
300.95
300.714
300.703
301.252
302.791
301.83
305.635
304.126
308.05
307.003
309.051
308.722
309.105
309.129
308.775
309.008
303.136
303.809
305.024
305.402
303.451
303.49
306.121
306.016
304.845
304.859
309.373
308.156
307.369
306.286
313.803
312.275
310.807
312.375
323.628
320.543
320.066
317.707
336.502
334.462
329.04
331.959
340.523
340.009
339.206
338.054
341.188
341.147
341.059
340.914
340.795
340.9
340.926
340.92
339.311
339.891
340.049
331.686
334.052
337.724
335.975
335.317
327.967
326.142
327.817
330.632
326.796
329.566
330.714
328.353
327.391
327.948
328.973
333.266
333.619
331.56
332.399
333.794
306.425
331.389
333.915
334.02
304.915
307.031
307.995
308.263
308.281
308.184
308.167
308.336
308.705
309.185
309.591
309.548
308.49
306.345
303.82
302.077
301.28
300.983
300.883
300.83
300.795
300.761
300.734
300.708
300.683
300.683
300.746
300.681
300.823
301.278
300.981
302.46
301.769
304.1
303.293
305.107
304.73
305.073
305.175
304.311
304.808
302.73
301.719
301.605
301.436
303.552
303.507
302.665
305.52
305.043
303.7
304.049
310.748
308.888
308.171
306.475
315.76
314.022
312.802
314.898
325.927
322.843
323.395
320.924
338.198
336.589
331.959
334.512
340.697
340.414
339.982
339.3
340.901
340.866
340.836
340.792
340.067
340.029
339.932
339.912
337.945
337.997
337.101
332.404
333.13
336.075
334.628
333.948
329.425
327.633
328.44
330.744
327.484
329.882
330.7
328.47
327.624
327.771
329.12
333.192
333.579
331.523
332.244
333.747
301.428
327.872
333.978
334.028
306.927
307.963
308.236
308.234
308.085
308.018
308.129
308.373
308.655
308.763
308.396
307.244
305.344
303.159
301.8
301.168
300.956
300.88
300.836
300.807
300.774
300.749
300.726
300.7
300.669
300.673
300.666
300.678
300.682
300.666
300.693
300.779
300.721
301.045
300.883
301.488
301.259
301.815
301.686
301.761
301.821
301.484
301.639
301.782
301.358
301.345
300.852
302.838
302.7
301.91
305.336
304.58
303.183
303.724
312.982
310.385
309.547
307.202
318.818
316.877
315.708
318.336
329.12
326.166
327.688
325.118
339.584
338.82
335.446
337.441
340.696
340.538
340.313
340.029
339.896
339.942
339.999
340.112
336.891
336.949
336.87
336.991
336.153
336.223
326.508
331.374
326.355
326.85
327.661
326.986
328.918
327.662
327.916
329.693
327.352
329.936
330.754
328.587
327.353
328.293
329.097
333.025
333.591
331.419
332.23
333.279
301.472
326.976
333.981
333.945
307.759
308.138
307.997
307.71
307.483
307.444
307.506
307.512
307.364
306.893
305.847
304.192
302.543
301.544
301.099
300.957
300.893
300.858
300.827
300.796
300.769
300.746
300.72
300.69
300.659
300.661
300.657
300.673
300.66
300.657
300.659
300.656
300.69
300.67
300.747
300.717
300.786
300.772
300.765
300.779
300.784
300.76
301.434
301.103
300.993
300.915
300.767
300.695
302.469
302.133
301.618
305.517
304.424
302.97
303.613
315.756
312.444
311.217
308.319
322.834
320.642
319.105
322.242
333
330.348
332.59
329.949
340.011
339.766
338.395
339.314
340.222
340.331
340.361
340.202
337.297
337.734
337.953
338.319
326.538
326.889
326.9
327.162
326.901
327.765
318.907
325.776
319.233
319.176
319.526
319.323
324.228
327.26
323.682
325.722
327.171
329.696
330.372
328.344
322.391
327.077
322.01
328.943
332.905
333.547
331.245
331.735
333.233
397.375
329.759
333.936
333.833
307.797
307.639
306.832
306.251
305.944
305.799
305.726
305.577
305.175
304.279
303.038
301.984
301.331
301.056
300.965
300.921
300.885
300.852
300.82
300.793
300.767
300.742
300.715
300.681
300.649
300.652
300.654
300.65
300.669
300.642
300.629
300.635
300.618
300.623
300.608
300.613
300.6
300.603
300.597
300.596
300.653
300.609
301.267
301.036
300.859
300.735
300.681
302.33
301.904
301.489
306.103
304.559
302.899
303.733
318.541
314.643
312.813
309.595
327.468
324.905
322.403
326.068
337.048
334.922
336.473
334.535
339.959
339.876
339.367
339.793
338.575
339.142
339.917
339.892
327.154
327.52
327.459
327.731
318.774
319.13
319.003
319.154
318.983
319.318
310.569
319.105
310.824
310.726
310.91
310.863
318.343
323.187
317.933
318.857
323.333
329.327
330.298
327.776
316.788
321.917
316.508
328.725
332.693
333.391
330.592
331.518
333.406
738.29
349.104
333.772
333.744
306.828
305.959
304.889
304.264
304.01
303.904
303.77
303.454
302.859
302.154
301.55
301.192
301.041
300.981
300.948
300.915
300.88
300.848
300.82
300.793
300.765
300.738
300.711
300.673
300.664
300.641
300.641
300.644
300.646
300.632
300.615
300.623
300.597
300.606
300.577
300.587
300.559
300.564
300.557
300.557
300.595
300.565
301.19
300.991
300.826
300.72
300.648
302.282
301.812
301.436
306.966
305.015
303.002
304.101
320.803
316.499
313.718
310.677
332.157
329.162
325.094
329.06
338.858
337.763
337.736
336.29
339.32
339.352
339.445
339.687
327.865
336.792
338.757
338.625
319.126
319.346
319.289
319.397
310.492
310.729
310.631
310.705
310.616
310.78
303.323
310.842
303.407
303.374
303.407
303.415
310.534
317.474
310.331
310.732
317.179
329.73
329.817
321.91
309.685
316.21
309.479
321.942
332.252
332.989
330.557
330.884
334.234
862.469
412.612
333.604
333.625
304.715
303.607
302.982
302.682
302.537
302.415
302.228
301.933
301.588
301.298
301.12
301.041
301.001
300.975
300.946
300.912
300.877
300.849
300.821
300.794
300.764
300.737
300.706
300.667
300.653
300.648
300.632
300.632
300.634
300.639
300.622
300.602
300.612
300.58
300.592
300.554
300.568
300.524
300.536
300.518
300.516
300.642
300.595
300.559
300.54
301.144
300.961
300.82
300.725
302.36
301.778
301.418
307.932
305.686
303.309
304.641
321.843
317.378
313.979
311.211
334.714
332.086
326.213
330.119
339.264
338.498
337.936
336.608
328.484
338.384
338.972
339.12
319.408
329.081
328.009
327.926
310.688
310.789
310.764
310.818
303.315
303.35
303.335
303.357
303.365
303.37
303.414
303.333
310.068
303.275
303.377
309.896
328.424
321.748
330.153
316.024
303.058
309.307
303.006
315.91
331.808
332.788
329.789
330.81
339.491
966.846
641.856
333.436
333.931
302.861
302.307
302.013
301.842
301.723
301.609
301.468
301.317
301.184
301.102
301.05
301.023
301.001
300.977
300.944
300.908
300.878
300.851
300.823
300.795
300.763
300.739
300.701
300.664
300.645
300.642
300.634
300.62
300.62
300.625
300.608
300.583
300.596
300.555
300.569
300.526
300.541
300.504
300.512
300.509
300.501
300.662
300.62
300.569
300.537
301.139
300.971
300.855
300.792
302.639
301.84
301.504
308.699
306.427
303.794
305.257
322.087
317.572
313.929
311.378
335.341
332.968
326.456
330.319
339.141
338.464
337.721
336.294
328.758
319.985
337.654
328.243
310.873
320.198
319.457
319.403
303.363
303.395
303.405
303.442
303.185
303.122
322.05
315.728
328.255
321.789
309.186
302.945
309.053
331.61
332.55
330.121
330.023
363.917
988.729
792.866
333.209
335.832
302.118
301.793
301.6
301.472
301.377
301.297
301.221
301.159
301.108
301.072
301.046
301.026
301.006
300.979
300.941
300.907
300.88
300.853
300.825
300.796
300.761
300.734
300.7
300.663
300.639
300.637
300.631
300.627
300.62
300.606
300.611
300.593
300.566
300.579
300.541
300.553
300.516
300.528
300.494
300.505
300.502
300.493
300.733
300.683
300.591
300.631
300.588
300.525
301.25
301.101
301.021
300.959
303.109
302.089
301.771
309.085
306.949
304.329
305.649
321.956
317.403
313.46
311.291
335.315
333.068
326.34
330.12
338.327
337.919
336.541
335.76
319.869
311.103
328.595
319.828
303.459
311.193
310.858
310.832
315.82
308.992
321.939
315.604
302.904
302.862
331.294
332.452
328.31
321.756
329.397
411.645
1000.74
880.57
333.318
341.177
301.898
301.614
301.45
301.341
301.269
301.215
301.168
301.13
301.101
301.076
301.047
301.03
301.012
300.981
300.94
300.909
300.883
300.855
300.826
300.798
300.767
300.735
300.701
300.664
300.636
300.636
300.623
300.621
300.616
300.611
300.606
300.598
300.584
300.559
300.571
300.534
300.546
300.509
300.522
300.48
300.495
300.506
300.552
300.472
300.891
300.815
300.75
300.673
301.547
301.42
301.347
301.279
303.59
302.515
302.169
309.225
307.218
304.621
305.837
321.083
316.604
312.588
310.782
334.804
332.737
325.719
329.473
327.973
336.619
327.386
334.755
311.004
303.485
320.241
311.047
303.484
303.429
303.444
309.009
302.836
315.584
308.873
331.159
332.289
322.268
315.557
329.309
321.498
502.879
1007.26
922.394
333.734
354.156
301.9
301.553
301.389
301.293
301.236
301.198
301.165
301.138
301.108
301.085
301.052
301.034
301.014
300.979
300.941
300.912
300.884
300.856
300.828
300.801
300.769
300.738
300.704
300.666
300.636
300.637
300.619
300.617
300.607
300.605
300.601
300.595
300.593
300.579
300.552
300.565
300.524
300.538
300.495
300.51
300.465
300.478
300.608
300.572
300.719
300.464
301.202
301.107
300.981
300.852
301.948
301.874
301.89
301.856
303.877
302.923
302.535
309.171
307.322
304.776
305.942
320.492
315.204
311.357
309.79
333.901
332.284
325.336
328.757
320.077
327.92
327.325
320.557
303.473
311.432
303.555
302.833
308.834
302.81
330.795
332.258
315.898
308.828
328.656
321.335
315.391
592.977
1011.08
947.24
334.835
378.959
302.094
301.581
301.374
301.279
301.226
301.196
301.168
301.141
301.113
301.087
301.058
301.047
301.02
300.978
300.944
300.916
300.886
300.857
300.828
300.803
300.771
300.741
300.707
300.669
300.638
300.64
300.616
300.616
300.602
300.6
300.59
300.587
300.586
300.579
300.571
300.542
300.556
300.513
300.527
300.482
300.498
300.456
300.465
300.91
301.274
300.559
300.945
301.186
300.467
301.789
301.639
301.437
302.424
302.607
302.909
302.959
304.114
303.276
303.061
308.716
307.305
304.917
305.995
320.495
314.686
310.739
308.762
332.974
330.984
325.057
328.1
311.368
320.664
327.021
321.506
311.973
303.616
302.793
330.84
332.123
309.014
302.793
328.852
321.246
315.39
308.753
678.601
1013.33
961.947
336.988
412.971
302.276
301.602
301.373
301.278
301.229
301.199
301.174
301.145
301.122
301.095
301.061
301.051
301.022
300.979
300.949
300.921
300.889
300.86
300.828
300.803
300.773
300.745
300.711
300.674
300.643
300.646
300.617
300.619
300.598
300.597
300.585
300.582
300.574
300.57
300.564
300.534
300.549
300.504
300.519
300.474
300.489
300.449
300.46
301.706
301.096
302.458
300.649
301.736
302.193
300.484
302.843
302.585
303.324
304.027
304.689
304.737
304.504
303.799
304.088
307.876
307.036
305.164
306.089
321.321
315.302
311.503
308.648
330.609
325.2
328.05
303.685
311.988
321.467
326.748
313.095
303.876
329.779
332.087
302.823
326.934
321.459
315.275
308.749
302.803
751.244
1014.76
971.991
341.462
452.897
302.35
301.608
301.358
301.276
301.232
301.201
301.173
301.14
301.12
301.096
301.075
301.057
301.024
300.982
300.956
300.927
300.893
300.865
300.829
300.804
300.772
300.74
300.707
300.674
300.643
300.641
300.621
300.624
300.596
300.596
300.58
300.579
300.567
300.563
300.558
300.554
300.528
300.543
300.499
300.513
300.469
300.484
300.442
300.45
302.167
303.299
301.311
304.511
300.719
303.262
303.953
300.488
300.786
304.474
305.055
306.429
307.277
307.149
305.366
304.812
306.03
307.556
306.915
306.155
307.031
323.224
318.006
315.141
310.461
325.889
326.519
303.795
313.102
322.378
304.138
329.387
332.281
321.969
315.34
308.708
302.794
818.419
1015.66
978.337
349.635
500.905
302.364
301.547
301.341
301.279
301.238
301.209
301.181
301.143
301.124
301.099
301.083
301.063
301.026
300.986
300.963
300.936
300.9
300.874
300.833
300.803
300.765
300.739
300.707
300.634
300.676
300.629
300.633
300.597
300.598
300.579
300.579
300.561
300.559
300.551
300.547
300.539
300.524
300.494
300.509
300.462
300.479
300.437
300.445
304.103
302.6
305.795
301.47
307.407
305.646
306.549
300.473
300.805
300.797
307.935
309.77
310.411
309.857
307.655
306.837
309.32
308.456
307.484
308.727
309.6
325.499
323.26
323.105
315.685
326.557
322.68
304.172
313.673
329.342
321.46
332.8
315.541
308.739
302.774
866.582
1016.24
982.546
363.767
555.391
302.22
301.475
301.33
301.28
301.246
301.214
301.182
301.144
301.125
301.105
301.09
301.068
301.028
300.993
300.971
300.947
300.908
300.881
300.845
300.814
300.766
300.746
300.71
300.64
300.607
300.605
300.676
300.601
300.603
300.579
300.581
300.558
300.558
300.544
300.542
300.535
300.53
300.519
300.488
300.503
300.454
300.471
300.426
300.436
306.928
304.798
302.894
309.037
301.514
310.918
308.802
300.435
300.751
300.677
301.489
311.911
313.598
313.567
312.475
311.918
310.603
313.899
312.065
310.38
313.423
314.568
327.057
327.27
331.197
325.818
323.807
314.242
304.4
329.399
321.652
315.366
334.632
308.812
302.779
895.53
1016.45
984.099
383.729
617.365
301.99
301.412
301.325
301.277
301.25
301.217
301.184
301.148
301.125
301.111
301.1
301.074
301.033
300.999
300.971
300.952
300.908
300.88
300.848
300.821
300.774
300.748
300.719
300.647
300.605
300.608
300.585
300.588
300.682
300.582
300.583
300.558
300.559
300.541
300.54
300.526
300.524
300.514
300.482
300.498
300.447
300.465
300.413
300.429
310.372
307.811
305.195
302.956
312.728
314.761
300.406
300.59
300.507
301.357
301.156
302.885
316.284
317.235
316.39
317.714
315.753
318.817
319.098
316.004
319.703
321.426
324.127
328.506
329.996
333.823
335.214
314.909
304.585
329.564
321.699
315.469
308.744
338.122
302.79
914.306
1016.27
983.023
413.239
670.322
301.722
301.381
301.327
301.288
301.264
301.23
301.192
301.16
301.136
301.122
301.111
301.082
301.043
301.016
300.984
300.956
300.912
300.887
300.854
300.824
300.783
300.75
300.724
300.653
300.609
300.609
300.588
300.591
300.564
300.565
300.685
300.56
300.562
300.54
300.539
300.522
300.521
300.51
300.507
300.478
300.494
300.443
300.461
300.407
300.426
314.104
311.29
308.201
305.26
316.593
318.709
300.395
300.445
300.407
300.928
300.711
302.592
302.155
305.059
320.361
320.248
323.948
321.315
323.361
328.945
324.008
326.439
328.922
315.324
325.166
330.533
331.953
337.354
304.803
330.14
321.946
315.502
308.779
302.78
345.943
920.87
1015.54
979.235
447.039
715.676
301.521
301.37
301.324
301.296
301.27
301.239
301.201
301.171
301.151
301.135
301.116
301.084
301.047
301.017
300.989
300.965
300.931
300.897
300.862
300.832
300.796
300.762
300.736
300.604
300.651
300.595
300.595
300.567
300.566
300.543
300.544
300.701
300.54
300.541
300.52
300.52
300.504
300.502
300.491
300.475
300.44
300.458
300.405
300.422
317.901
314.899
311.561
308.206
320.462
322.582
300.388
300.393
300.385
300.548
300.441
301.657
301.173
304.545
303.766
307.814
323.664
329.36
326.339
327.004
337.256
332.678
332.157
335.272
304.921
315.61
326.098
333.272
325.799
338.895
331.011
321.69
315.636
308.79
302.784
358.729
916.447
1010.86
962.07
483.411
736.789
301.439
301.369
301.328
301.306
301.279
301.246
301.211
301.182
301.166
301.15
301.123
301.08
301.055
301.028
300.999
300.969
300.942
300.911
300.877
300.838
300.804
300.769
300.742
300.619
300.578
300.582
300.656
300.569
300.576
300.543
300.546
300.524
300.527
300.711
300.521
300.523
300.501
300.5
300.488
300.486
300.472
300.437
300.455
300.402
300.419
321.643
318.503
314.997
311.443
324.279
326.242
300.385
300.38
300.376
300.4
300.384
300.797
300.541
302.879
301.998
306.981
305.798
310.751
333.591
330.328
329.86
340.076
339.103
336.601
339.918
304.971
315.811
325.978
333.514
315.29
339.928
334.304
321.914
315.476
308.855
302.785
375.634
903.138
981.935
905.132
511.879
733.572
301.412
301.368
301.329
301.312
301.287
301.253
301.222
301.195
301.177
301.16
301.135
301.097
301.072
301.031
301.008
300.977
300.955
300.924
300.889
300.85
300.813
300.781
300.749
300.621
300.583
300.588
300.556
300.559
300.667
300.547
300.55
300.528
300.527
300.501
300.504
300.724
300.499
300.5
300.484
300.484
300.469
300.434
300.453
300.399
300.416
325.457
322.162
318.507
314.697
328.16
300.371
300.383
300.377
300.373
300.432
300.39
301.274
300.756
304.46
303.12
309.501
307.9
313.553
336.812
333.408
332.013
341.232
341.606
339.836
342.638
304.971
315.126
325.633
334.061
304.827
330.711
339.329
322.776
315.675
308.76
302.796
392.038
869.065
588.46
577.141
527.129
714.129
301.407
301.377
301.344
301.321
301.295
301.262
301.236
301.218
301.196
301.173
301.144
301.105
301.094
301.053
301.029
300.995
300.967
300.942
300.9
300.876
300.832
300.799
300.769
300.589
300.631
300.568
300.577
300.536
300.541
300.677
300.53
300.533
300.508
300.51
300.485
300.486
300.739
300.483
300.484
300.467
300.465
300.431
300.451
300.396
300.414
329.456
326.054
322.126
317.822
300.365
300.366
300.361
300.38
300.375
300.369
300.507
300.412
301.97
301.112
306.09
304.314
311.892
309.795
316.353
339.194
335.737
333.478
341.626
342.846
342.063
343.843
304.77
314.868
325.408
333.663
331.43
345.276
316.123
322.814
308.842
302.786
406.028
803.708
300.027
349.605
539.923
687.005
301.408
301.381
301.353
301.33
301.304
301.272
301.253
301.231
301.212
301.178
301.162
301.123
301.104
301.07
301.04
301.007
300.981
300.964
300.927
300.896
300.856
300.824
300.795
300.592
300.553
300.561
300.64
300.545
300.55
300.517
300.519
300.691
300.509
300.512
300.489
300.49
300.464
300.464
300.752
300.464
300.464
300.449
300.43
300.395
300.413
330.126
326.039
321.303
300.361
300.362
300.356
300.359
300.357
300.379
300.379
300.366
300.638
300.455
302.743
301.556
307.519
305.332
314.158
311.492
319.527
340.855
337.349
334.234
342.027
343.325
343.427
344.468
304.701
314.605
325.139
334.084
332.564
351.89
309.062
315.826
322.931
302.801
422.045
637.931
300.042
304.178
546.044
661.665
301.413
301.389
301.362
301.34
301.314
301.28
301.267
301.248
301.226
301.191
301.179
301.145
301.117
301.082
301.059
301.029
301.003
300.974
300.944
300.917
300.878
300.833
300.818
300.56
300.602
300.538
300.546
300.652
300.524
300.53
300.492
300.499
300.711
300.49
300.491
300.465
300.468
300.447
300.447
300.777
300.448
300.447
300.428
300.393
300.412
330.15
325.237
300.356
300.354
300.361
300.352
300.353
300.355
300.351
300.377
300.389
300.365
300.813
300.523
303.409
301.955
308.689
306.087
316.759
313.352
323.396
341.791
338.255
334.288
342.402
343.348
343.96
344.726
304.613
314.448
325.243
334.325
334.549
360.67
302.841
308.881
315.91
322.991
439.951
409.744
300.021
300.701
569.124
583.527
301.42
301.397
301.37
301.348
301.324
301.296
301.283
301.264
301.24
301.207
301.189
301.16
301.137
301.103
301.076
301.04
301.017
300.989
300.962
300.929
300.9
300.861
300.838
300.565
300.521
300.529
300.613
300.517
300.521
300.67
300.503
300.509
300.474
300.477
300.726
300.472
300.472
300.449
300.451
300.427
300.428
300.8
300.428
300.392
300.412
329.468
300.352
300.352
300.361
300.348
300.35
300.344
300.347
300.345
300.377
300.408
300.368
300.988
300.594
303.871
302.221
309.815
306.651
320.369
316.287
327.752
341.995
338.397
333.95
343.15
344.085
344.752
304.592
314.515
325.359
334.047
335.568
375.129
302.832
308.895
315.941
323.033
459.948
321.688
300.015
300.089
568.695
414.624
301.428
301.405
301.379
301.357
301.339
301.316
301.296
301.28
301.252
301.226
301.208
301.175
301.149
301.114
301.098
301.065
301.037
301.004
300.981
300.954
300.915
300.892
300.863
300.529
300.572
300.508
300.519
300.625
300.488
300.496
300.685
300.483
300.488
300.456
300.459
300.748
300.454
300.456
300.429
300.43
300.412
300.413
300.829
300.392
300.348
300.342
300.345
300.36
300.339
300.337
300.341
300.337
300.341
300.338
300.377
300.429
300.37
301.121
300.65
304.114
302.306
311.657
307.523
324.83
320.637
332.365
341.92
338.208
343.048
344.029
344.705
304.605
314.606
325.497
334.406
340.463
393.481
302.825
308.91
316.044
323.745
505.954
302.288
300.015
300.044
531.108
329.091
301.435
301.413
301.387
301.364
301.347
301.328
301.309
301.288
301.262
301.244
301.221
301.197
301.177
301.143
301.117
301.082
301.058
301.015
301.002
300.976
300.944
300.918
300.884
300.531
300.497
300.502
300.578
300.485
300.488
300.636
300.472
300.478
300.702
300.463
300.465
300.439
300.44
300.771
300.433
300.437
300.415
300.417
300.392
300.858
300.343
300.335
300.344
300.335
300.333
300.36
300.332
300.331
300.333
300.328
300.333
300.331
300.377
300.447
300.373
301.158
300.673
304.414
302.322
315.412
309.96
329.823
325.965
337.109
341.271
342.984
343.657
344.475
304.621
314.754
325.815
334.761
335.589
351.859
419.403
302.824
308.952
316.184
323.894
518.077
300.352
300.014
300.036
428.247
305.888
301.442
301.42
301.395
301.374
301.357
301.338
301.32
301.299
301.277
301.257
301.236
301.213
301.187
301.161
301.136
301.106
301.082
301.04
301.027
300.995
300.969
300.943
300.911
300.504
300.54
300.48
300.49
300.596
300.463
300.472
300.656
300.453
300.46
300.721
300.443
300.45
300.423
300.426
300.801
300.418
300.42
300.394
300.396
300.881
300.34
300.325
300.328
300.344
300.329
300.328
300.36
300.322
300.321
300.323
300.319
300.324
300.327
300.378
300.453
300.373
301.174
300.666
305.467
302.546
320.798
314.665
335.011
331.893
339.927
342.999
342.988
344.122
304.698
314.992
326.198
335.347
336.662
367.787
470.084
302.829
308.98
316.355
324.836
497.926
300.098
300.013
300.033
341.735
301.085
301.448
301.426
301.402
301.385
301.367
301.346
301.329
301.304
301.288
301.264
301.244
301.222
301.198
301.176
301.152
301.127
301.098
301.072
301.044
301.015
300.991
300.967
300.937
300.509
300.47
300.476
300.552
300.458
300.465
300.611
300.446
300.452
300.674
300.437
300.438
300.74
300.426
300.43
300.403
300.403
300.828
300.399
300.401
300.381
300.911
300.344
300.315
300.328
300.319
300.32
300.344
300.32
300.32
300.362
300.311
300.31
300.312
300.316
300.321
300.335
300.453
300.372
301.276
300.695
308.579
303.813
327.421
321.657
337.765
343.236
341.98
343.7
304.792
315.253
326.617
336.039
342.488
392.722
486.409
302.828
309.076
316.616
337.331
325.073
436.254
300.061
300.012
300.031
311.005
300.238
301.452
301.432
301.41
301.392
301.374
301.356
301.336
301.315
301.297
301.275
301.251
301.229
301.207
301.187
301.164
301.144
301.113
301.087
301.064
301.039
301.007
300.989
300.963
300.478
300.518
300.454
300.464
300.567
300.439
300.445
300.629
300.427
300.431
300.695
300.414
300.422
300.771
300.411
300.41
300.389
300.391
300.855
300.383
300.387
300.364
300.941
300.383
300.312
300.317
300.328
300.316
300.311
300.31
300.345
300.31
300.31
300.305
300.301
300.308
300.329
300.332
300.389
300.466
300.394
301.778
300.826
314.96
308.406
334.668
330.307
343.281
340.549
343.127
304.887
315.566
327.113
336.811
354.63
442.696
474.79
302.849
309.16
316.873
338.85
326.787
350.006
300.052
300.011
300.029
302.453
300.096
301.454
301.434
301.414
301.399
301.379
301.361
301.335
301.32
301.299
301.28
301.257
301.236
301.216
301.198
301.173
301.148
301.126
301.1
301.076
301.061
301.027
301.009
300.985
300.482
300.446
300.451
300.529
300.434
300.441
300.582
300.42
300.426
300.648
300.41
300.415
300.721
300.402
300.407
300.799
300.392
300.4
300.373
300.378
300.89
300.366
300.369
300.347
300.962
300.549
300.325
300.312
300.329
300.312
300.312
300.3
300.3
300.299
300.299
300.309
300.301
300.317
300.402
300.397
300.613
300.582
300.525
303.407
301.76
324.738
318.18
338.477
343.237
342.489
305.002
315.974
328.148
337.397
377.116
463.434
436.595
302.862
309.315
317.434
345.844
342.755
327.037
315.645
300.047
300.01
300.027
300.509
300.069
301.457
301.438
301.418
301.4
301.381
301.364
301.341
301.32
301.302
301.282
301.261
301.238
301.22
301.203
301.181
301.156
301.139
301.118
301.094
301.074
301.048
301.027
301.004
300.453
300.491
300.431
300.439
300.543
300.416
300.423
300.604
300.404
300.41
300.665
300.394
300.4
300.749
300.386
300.391
300.82
300.379
300.379
300.353
300.357
300.918
300.349
300.351
300.331
300.982
301.186
300.398
300.301
300.314
300.304
300.305
300.303
300.291
300.291
300.296
300.293
300.348
300.322
300.376
300.667
300.651
301.337
301.147
301.111
311.449
306.034
335.649
331.741
343.196
341.713
305.151
316.53
328.778
338.343
422.131
456.927
356.357
302.911
309.508
317.731
363.877
342.544
327.621
303.978
300.043
300.01
300.025
300.15
300.061
301.458
301.439
301.418
301.4
301.381
301.36
301.34
301.319
301.3
301.28
301.26
301.24
301.222
301.204
301.185
301.163
301.142
301.122
301.102
301.08
301.059
301.038
301.018
300.458
300.422
300.428
300.503
300.414
300.418
300.557
300.399
300.404
300.622
300.388
300.394
300.685
300.378
300.382
300.779
300.366
300.37
300.853
300.36
300.364
300.341
300.344
300.939
300.334
300.337
300.316
300.999
303.304
300.666
300.292
300.304
300.304
300.296
300.298
300.294
300.284
300.289
300.302
300.293
300.517
300.43
300.609
301.467
301.431
303.357
304.085
303.391
326.548
320.121
340.672
343.114
305.317
317.015
330.184
339.081
445.78
430.432
319.297
302.955
309.636
318.163
402.956
357.902
341.475
328.833
300.868
300.04
300.009
300.023
300.088
300.056
301.458
301.437
301.417
301.397
301.376
301.356
301.336
301.315
301.295
301.276
301.258
301.238
301.22
301.202
301.182
301.163
301.144
301.125
301.105
301.085
301.066
301.047
301.029
300.428
300.47
300.409
300.417
300.516
300.392
300.403
300.578
300.38
300.387
300.642
300.372
300.377
300.708
300.364
300.367
300.805
300.354
300.358
300.888
300.347
300.351
300.324
300.327
300.958
300.318
300.321
300.302
301.008
308.823
301.461
300.284
300.3
300.301
300.286
300.288
300.284
300.282
300.297
300.349
300.31
301.078
300.835
301.333
303.508
303.478
308.314
313.609
310.362
339.182
336.781
342.973
305.492
317.653
331.404
339.628
441.765
366.719
305.357
302.989
309.817
318.791
430.645
395.558
357.201
344.297
331.794
300.225
300.037
300.008
300.021
300.073
300.051
301.455
301.431
301.412
301.391
301.37
301.349
301.327
301.307
301.288
301.268
301.25
301.232
301.214
301.195
301.176
301.159
301.142
301.124
301.106
301.086
301.068
301.05
301.031
300.395
300.435
300.483
300.39
300.398
300.533
300.376
300.382
300.597
300.368
300.372
300.669
300.356
300.362
300.74
300.347
300.353
300.829
300.339
300.343
300.915
300.33
300.334
300.311
300.316
300.977
300.305
300.308
300.293
300.293
301.012
321.364
303.385
300.281
300.289
300.292
300.279
300.281
300.278
300.29
300.335
300.544
300.384
302.574
301.982
303.16
307.78
307.97
318.392
332.533
326.284
342.837
342.718
305.695
318.312
331.741
340.559
422.918
322.937
301.26
303.028
310.092
319.905
428.337
419.575
393.162
356.884
350.706
331.476
300.108
300.034
300.008
300.02
300.066
300.047
301.451
301.427
301.404
301.383
301.359
301.339
301.316
301.296
301.278
301.257
301.24
301.222
301.202
301.185
301.168
301.15
301.134
301.118
301.097
301.081
301.064
301.046
301.027
300.402
300.385
300.37
300.374
300.447
300.497
300.377
300.553
300.363
300.369
300.616
300.352
300.358
300.696
300.342
300.345
300.774
300.333
300.337
300.863
300.325
300.331
300.937
300.321
300.321
300.297
300.301
300.988
300.291
300.294
300.289
300.287
301.008
339.249
307.278
300.283
300.283
300.286
300.273
300.272
300.275
300.327
300.468
301.269
300.652
305.783
304.559
306.868
315.66
316.72
336.009
342.632
341.367
340.876
305.884
318.789
332.646
372.262
306.711
300.313
303.096
310.535
319.951
414.135
417.845
411.378
387.757
354.605
332.22
300.084
300.032
300.007
300.019
300.061
300.044
301.442
301.418
301.394
301.366
301.344
301.317
301.296
301.279
301.257
301.243
301.226
301.208
301.189
301.173
301.153
301.14
301.123
301.105
301.086
301.068
301.052
301.035
301.016
300.373
300.414
300.361
300.357
300.363
300.461
300.512
300.357
300.57
300.349
300.353
300.641
300.34
300.343
300.722
300.329
300.334
300.805
300.319
300.325
300.89
300.309
300.312
300.956
300.304
300.308
300.284
300.288
300.993
300.283
300.283
300.281
300.281
300.278
300.998
345.493
314.078
300.299
300.274
300.277
300.272
300.268
300.276
300.461
300.856
303.217
301.554
311.478
309.228
313.199
329.075
331.75
346.325
343.919
345.059
333.143
341.604
306.055
319.354
325.695
301.652
300.13
303.204
310.597
320.255
372.664
406.328
409.645
404.383
372.392
366.177
333.673
300.075
300.03
300.007
300.018
300.056
300.041
301.432
301.402
301.373
301.35
301.325
301.297
301.283
301.26
301.243
301.226
301.209
301.188
301.175
301.156
301.137
301.117
301.108
301.083
301.067
301.052
301.035
301.017
300.999
300.345
300.384
300.427
300.351
300.341
300.346
300.476
300.528
300.345
300.589
300.332
300.338
300.668
300.322
300.329
300.751
300.316
300.319
300.838
300.304
300.308
300.915
300.298
300.302
300.968
300.293
300.297
300.272
300.274
300.99
300.277
300.279
300.275
300.274
300.275
300.273
300.979
343.264
324.968
300.352
300.269
300.271
300.273
300.266
300.287
300.853
301.906
307.088
304.056
320.23
316.558
322.651
344.918
345.974
348.078
342.46
319.901
334.44
306.244
307.721
300.397
300.093
303.243
310.699
321.144
325.959
370.603
399.168
402.467
395.359
385.622
350.383
333.889
300.069
300.028
300.007
300.017
300.053
300.039
301.413
301.387
301.359
301.326
301.301
301.283
301.259
301.241
301.224
301.201
301.177
301.168
301.145
301.12
301.109
301.098
301.071
301.06
301.044
301.027
301.009
300.995
300.976
300.32
300.346
300.335
300.394
300.438
300.334
300.328
300.488
300.547
300.33
300.617
300.319
300.324
300.695
300.307
300.312
300.783
300.297
300.304
300.87
300.293
300.296
300.936
300.286
300.29
300.974
300.276
300.28
300.266
300.267
300.27
300.265
300.98
300.269
300.272
300.268
300.267
300.265
300.952
335.312
345.438
341.733
300.496
300.264
300.263
300.283
300.266
300.324
301.852
304.474
313.365
308.926
332.208
326.986
335.928
350.385
349.288
334.575
306.411
320.484
301.925
300.149
300.082
303.277
311.097
321.508
307.845
325.008
367.116
392.098
394.01
369.869
391.887
350.205
334.664
300.064
300.027
300.014
300.049
300.037
301.403
301.37
301.339
301.311
301.289
301.261
301.237
301.222
301.193
301.177
301.161
301.133
301.115
301.101
301.085
301.067
301.046
301.035
301.014
300.997
300.98
300.954
300.93
300.323
300.319
300.306
300.294
300.298
300.354
300.404
300.45
300.321
300.315
300.505
300.567
300.317
300.642
300.305
300.312
300.727
300.297
300.301
300.814
300.289
300.292
300.893
300.281
300.285
300.948
300.275
300.278
300.973
300.268
300.271
300.26
300.263
300.262
300.255
300.961
300.264
300.266
300.261
300.262
300.26
300.918
320.947
336.367
345.215
351.558
300.854
300.262
300.259
300.31
300.273
300.43
304.155
309.679
322.155
316.457
347.061
340.78
350.137
346.212
320.59
306.581
300.466
300.102
300.076
303.373
311.281
322.217
301.978
307.478
323.879
359.91
382.838
386.34
389.05
369.623
354.297
333.979
300.06
300.024
300.014
300.026
300.047
300.033
301.388
301.353
301.321
301.294
301.26
301.238
301.217
301.187
301.172
301.155
301.126
301.109
301.087
301.071
301.053
301.035
301.015
300.989
300.983
300.962
300.94
300.922
300.899
300.299
300.333
300.301
300.29
300.284
300.288
300.367
300.417
300.464
300.308
300.521
300.593
300.305
300.669
300.293
300.297
300.757
300.285
300.289
300.844
300.277
300.281
300.913
300.27
300.274
300.956
300.261
300.264
300.961
300.258
300.262
300.257
300.254
300.255
300.252
300.246
300.247
300.934
300.257
300.259
300.255
300.255
300.254
300.877
306.725
321.086
335.677
353.377
301.683
300.261
300.256
300.39
300.296
300.7
309.089
317.62
333.659
326.563
354.938
353.32
354.845
335.876
348.647
306.618
300.165
300.089
300.071
303.43
311.597
321.833
300.483
301.886
307.142
320.592
350.059
387.783
374.453
384.007
367.117
363.16
334.744
300.057
300.013
300.023
300.023
300.034
300.043
301.367
301.333
301.304
301.272
301.242
301.217
301.191
301.167
301.142
301.122
301.094
301.069
301.054
301.039
301.017
300.999
300.974
300.961
300.936
300.923
300.9
300.87
300.86
300.271
300.305
300.344
300.296
300.287
300.276
300.268
300.274
300.383
300.428
300.483
300.541
300.613
300.287
300.699
300.281
300.285
300.789
300.273
300.277
300.871
300.265
300.269
300.932
300.26
300.263
300.953
300.25
300.255
300.942
300.245
300.246
300.252
300.249
300.243
300.242
300.244
300.896
300.252
300.253
300.249
300.251
300.251
300.827
306.763
320.733
303.469
300.266
300.255
300.578
300.348
301.338
316.993
328.587
348.372
339.263
356.855
357.813
355.588
320.733
336.785
348.199
300.108
300.082
300.067
303.51
311.578
322.125
300.175
300.46
301.739
306.031
316.767
383.56
338.431
383.149
378.844
351.077
374.792
336.142
300.052
300.012
300.028
300.031
300.032
300.043
301.355
301.318
301.284
301.25
301.221
301.193
301.168
301.141
301.114
301.079
301.063
301.044
301.027
301.007
300.982
300.952
300.943
300.92
300.9
300.874
300.851
300.827
300.798
300.247
300.278
300.261
300.314
300.352
300.28
300.267
300.264
300.256
300.396
300.44
300.495
300.566
300.644
300.277
300.733
300.269
300.273
300.821
300.261
300.266
300.895
300.253
300.259
300.936
300.246
300.248
300.942
300.242
300.243
300.913
300.238
300.24
300.246
300.241
300.24
300.235
300.237
300.849
300.246
300.247
300.244
300.245
300.249
300.777
306.598
307.004
300.281
300.257
300.998
300.468
302.708
328.331
342.422
356.883
352.983
348.575
358.711
306.589
321.016
335.964
300.094
300.077
300.062
303.525
311.673
323.03
300.114
300.168
300.412
301.451
304.629
364.852
312.606
376.506
376.904
364.933
375.401
355.598
334.464
300.051
300.027
300.012
300.037
300.036
300.039
300.04
301.338
301.302
301.263
301.226
301.202
301.175
301.141
301.108
301.083
301.057
301.036
301.018
300.992
300.974
300.946
300.927
300.904
300.881
300.859
300.834
300.811
300.79
300.753
300.221
300.253
300.247
300.238
300.28
300.324
300.359
300.268
300.26
300.252
300.244
300.407
300.459
300.52
300.589
300.675
300.265
300.767
300.257
300.261
300.85
300.249
300.251
300.909
300.243
300.245
300.935
300.236
300.241
300.923
300.23
300.234
300.869
300.229
300.231
300.234
300.232
300.239
300.237
300.233
300.231
300.801
300.242
300.242
300.238
300.242
300.248
300.723
313.846
300.314
300.266
301.916
300.734
305.341
343.31
354.804
359.49
358.911
350.339
336.057
306.573
320.381
300.087
300.071
300.06
303.551
312
322.083
300.098
300.115
300.16
300.368
301.072
327.653
303.222
350.889
365.134
372.98
370.735
364.543
360.948
335.471
300.048
300.041
300.025
300.011
300.044
300.044
300.047
301.325
301.284
301.243
301.209
301.172
301.136
301.104
301.083
301.051
301.03
301.006
300.985
300.961
300.929
300.913
300.892
300.867
300.844
300.819
300.794
300.77
300.726
300.705
300.197
300.224
300.222
300.213
300.259
300.233
300.288
300.331
300.374
300.254
300.249
300.241
300.421
300.475
300.541
300.617
300.709
300.253
300.8
300.244
300.249
300.873
300.238
300.24
300.916
300.234
300.235
300.922
300.228
300.229
300.888
300.223
300.225
300.821
300.224
300.226
300.227
300.219
300.236
300.231
300.229
300.224
300.747
300.237
300.237
300.234
300.24
300.254
300.676
325.235
300.385
300.287
303.832
301.309
310.175
355.255
360.005
359.986
360.758
350.076
336.396
320.218
306.433
300.08
300.068
300.057
303.625
311.749
322.244
300.09
300.1
300.114
300.157
300.281
308.356
300.723
319.491
334.923
370.987
351.064
369.349
361.568
365.914
337.544
300.053
300.039
300.024
300.011
300.052
300.051
300.055
301.316
301.272
301.227
301.188
301.154
301.116
301.087
301.051
301.027
300.999
300.975
300.951
300.926
300.905
300.875
300.853
300.832
300.807
300.781
300.753
300.717
300.69
300.652
300.172
300.2
300.2
300.188
300.231
300.221
300.209
300.265
300.229
300.302
300.34
300.386
300.245
300.235
300.439
300.497
300.566
300.652
300.743
300.24
300.828
300.233
300.235
300.89
300.227
300.23
300.914
300.221
300.225
300.902
300.218
300.22
300.846
300.215
300.216
300.772
300.222
300.218
300.22
300.217
300.213
300.215
300.229
300.227
300.222
300.221
300.686
300.234
300.234
300.229
300.242
300.266
300.611
341.649
300.543
300.325
307.48
302.538
319.505
360.553
361.652
361.095
336.256
351.386
320.334
306.407
300.077
300.065
303.599
311.678
323.016
300.085
300.094
300.103
300.117
300.14
301.969
300.217
305.113
312.066
360.395
321.702
364.358
356.768
364.315
364.163
337.102
300.06
300.058
300.052
300.062
300.037
300.023
300.01
300.059
300.062
301.304
301.26
301.212
301.171
301.136
301.097
301.058
301.032
301.001
300.97
300.95
300.923
300.898
300.864
300.845
300.823
300.796
300.773
300.743
300.708
300.671
300.639
300.607
300.153
300.176
300.176
300.167
300.207
300.195
300.185
300.237
300.216
300.206
300.274
300.226
300.31
300.354
300.396
300.233
300.454
300.518
300.595
300.686
300.777
300.23
300.854
300.223
300.226
300.896
300.218
300.221
300.902
300.213
300.216
300.869
300.208
300.21
300.788
300.212
300.206
300.207
300.71
300.217
300.215
300.21
300.208
300.225
300.221
300.219
300.215
300.644
300.231
300.229
300.225
300.249
300.288
300.576
354.51
300.884
300.412
314.244
305.044
336.514
362.316
361.905
320.205
337.026
351.32
306.396
300.073
303.568
311.91
323.118
300.081
300.089
300.097
300.105
300.115
300.458
300.13
301.091
302.818
333.359
306.158
344.183
361.51
363.663
351.971
360.96
337.984
300.065
300.067
300.064
300.049
300.069
300.036
300.022
300.01
300.065
300.07
301.296
301.252
301.202
301.154
301.117
301.075
301.041
301.01
300.976
300.951
300.919
300.886
300.854
300.831
300.812
300.792
300.76
300.726
300.702
300.665
300.633
300.601
300.569
300.13
300.156
300.156
300.145
300.181
300.174
300.164
300.214
300.195
300.181
300.244
300.213
300.202
300.282
300.223
300.319
300.366
300.416
300.473
300.541
300.625
300.719
300.809
300.22
300.868
300.213
300.215
300.894
300.207
300.211
300.876
300.203
300.205
300.807
300.2
300.202
300.742
300.205
300.198
300.203
300.197
300.663
300.213
300.209
300.206
300.204
300.222
300.219
300.214
300.212
300.582
300.231
300.226
300.222
300.263
300.33
300.533
360.681
301.609
300.598
327.661
309.733
352.339
362.544
306.363
320.367
336.914
352.02
303.608
311.985
323.429
300.077
300.085
300.092
300.1
300.107
300.178
300.114
300.275
300.619
311.997
301.267
318.997
362.509
355.743
325.946
361.343
362.01
340.283
300.072
300.074
300.062
300.07
300.07
300.048
300.075
300.034
300.022
300.01
300.073
301.291
301.245
301.19
301.141
301.101
301.066
301.026
300.985
300.954
300.923
300.894
300.861
300.833
300.807
300.782
300.747
300.724
300.693
300.648
300.627
300.59
300.559
300.524
300.108
300.133
300.129
300.12
300.16
300.153
300.141
300.187
300.172
300.161
300.22
300.192
300.178
300.254
300.21
300.2
300.286
300.334
300.378
300.433
300.493
300.569
300.662
300.762
300.831
300.205
300.875
300.202
300.205
300.877
300.198
300.202
300.841
300.195
300.193
300.764
300.192
300.194
300.678
300.193
300.189
300.198
300.191
300.201
300.19
300.593
300.208
300.206
300.203
300.218
300.214
300.212
300.207
300.55
300.237
300.223
300.219
300.288
300.427
300.483
362.814
303.118
300.991
346.412
318.225
360.038
306.378
320.357
337.038
352.105
303.635
312.045
324.453
300.08
300.087
300.094
300.101
300.129
300.107
300.143
300.207
302.864
300.301
305.403
357.875
332.383
309.022
362
358.774
358.762
339.764
300.078
300.081
300.073
300.058
300.077
300.077
300.046
300.081
300.033
300.021
300.01
301.287
301.239
301.185
301.135
301.092
301.055
301.015
300.975
300.938
300.907
300.872
300.838
300.807
300.779
300.749
300.72
300.689
300.653
300.622
300.588
300.553
300.515
300.469
300.087
300.11
300.107
300.097
300.134
300.129
300.116
300.159
300.152
300.139
300.19
300.169
300.159
300.219
300.188
300.176
300.259
300.196
300.297
300.345
300.392
300.448
300.516
300.601
300.705
300.788
300.847
300.871
300.192
300.195
300.856
300.189
300.188
300.793
300.183
300.187
300.701
300.183
300.186
300.629
300.189
300.192
300.186
300.198
300.188
300.201
300.182
300.552
300.205
300.203
300.215
300.211
300.208
300.205
300.488
300.249
300.222
300.216
300.331
300.622
300.436
363.105
306.048
301.803
357.442
334.544
363.245
306.36
320.293
337.111
352.698
303.651
312.428
324.727
300.085
300.092
300.097
300.116
300.103
300.12
300.137
300.594
300.15
301.077
338.575
312.64
302.113
361.382
359.86
342.885
361.517
340.882
300.087
300.084
300.07
300.057
300.082
300.083
300.044
300.087
300.032
300.02
300.009
301.282
301.229
301.175
301.126
301.083
301.038
301.004
300.963
300.923
300.88
300.839
300.811
300.78
300.751
300.717
300.687
300.653
300.619
300.584
300.552
300.512
300.468
300.431
300.065
300.089
300.085
300.074
300.114
300.107
300.097
300.14
300.127
300.115
300.166
300.149
300.137
300.198
300.168
300.156
300.23
300.187
300.175
300.266
300.308
300.357
300.408
300.471
300.545
300.643
300.736
300.811
300.854
300.855
300.182
300.184
300.815
300.179
300.179
300.717
300.176
300.178
300.65
300.175
300.174
300.565
300.186
300.189
300.191
300.182
300.196
300.183
300.199
300.173
300.178
300.505
300.201
300.212
300.208
300.205
300.203
300.433
300.275
300.222
300.215
300.42
301.031
300.397
311.216
303.426
362.347
349.629
363.72
306.332
320.208
337.243
352.884
303.739
312.619
325.361
300.092
300.111
300.098
300.115
300.123
300.199
300.128
300.27
316.739
303.359
300.435
360.245
346.687
320.185
361.819
360.803
341.467
300.083
300.087
300.088
300.088
300.067
300.056
300.089
300.043
300.092
300.032
300.02
300.009
301.278
301.224
301.17
301.119
301.077
301.034
300.993
300.954
300.901
300.86
300.824
300.787
300.754
300.722
300.685
300.652
300.614
300.581
300.545
300.489
300.462
300.431
300.386
300.062
300.043
300.069
300.09
300.087
300.076
300.115
300.108
300.095
300.143
300.127
300.116
300.172
300.146
300.135
300.206
300.165
300.156
300.237
300.173
300.274
300.318
300.365
300.422
300.483
300.586
300.674
300.761
300.828
300.849
300.826
300.173
300.745
300.168
300.171
300.675
300.168
300.169
300.595
300.163
300.166
300.515
300.184
300.181
300.188
300.19
300.178
300.195
300.199
300.165
300.175
300.171
300.456
300.209
300.205
300.202
300.199
300.399
300.322
300.227
300.215
300.618
301.835
300.334
319.923
306.405
364.161
358.748
363.951
306.295
320.156
337.138
352.53
303.802
312.881
325.877
300.107
300.097
300.11
300.117
300.139
300.121
300.152
304.999
300.699
300.175
349.694
323.421
306.656
362.12
361.387
351.789
342.454
300.079
300.092
300.092
300.095
300.094
300.067
300.055
300.093
300.043
300.031
300.02
300.009
301.268
301.208
301.148
301.102
301.062
301.027
300.988
300.943
300.889
300.845
300.799
300.766
300.725
300.694
300.653
300.616
300.581
300.54
300.501
300.462
300.429
300.378
300.34
300.042
300.065
300.055
300.021
300.037
300.066
300.093
300.086
300.075
300.117
300.105
300.097
300.147
300.126
300.115
300.175
300.145
300.133
300.212
300.164
300.154
300.243
300.289
300.332
300.387
300.444
300.528
300.617
300.707
300.792
300.833
300.831
300.781
300.163
300.698
300.161
300.162
300.609
300.159
300.16
300.531
300.157
300.157
300.466
300.184
300.18
300.178
300.187
300.19
300.174
300.196
300.156
300.165
300.163
300.17
300.412
300.206
300.202
300.199
300.195
300.347
300.412
300.239
300.216
301
303.319
300.296
335.635
311.402
364.483
363.06
306.249
319.984
336.584
353.015
303.871
313.15
326.576
300.103
300.107
300.113
300.127
300.118
300.132
301.07
300.215
300.139
326.098
308.302
301.534
362.46
361.859
352.923
328.349
343.374
300.09
300.077
300.1
300.097
300.098
300.097
300.065
300.054
300.099
300.043
300.031
300.02
300.009
301.243
301.182
301.135
301.086
301.049
301.018
300.98
300.936
300.879
300.827
300.777
300.732
300.694
300.644
300.613
300.581
300.532
300.493
300.455
300.423
300.371
300.34
300.293
300.021
300.043
300.031
300.064
300.052
300.021
300.042
300.069
300.094
300.084
300.074
300.122
300.107
300.095
300.152
300.125
300.116
300.178
300.145
300.135
300.214
300.154
300.246
300.298
300.344
300.404
300.462
300.556
300.65
300.739
300.807
300.829
300.799
300.725
300.631
300.151
300.15
300.55
300.15
300.151
300.488
300.149
300.149
300.411
300.181
300.185
300.176
300.172
300.188
300.191
300.149
300.157
300.155
300.166
300.162
300.169
300.349
300.205
300.2
300.196
300.301
300.582
300.267
300.222
301.71
305.917
300.249
349.546
319.365
364.612
364.837
306.176
319.593
336.455
351.812
303.955
313.506
327.278
300.105
300.11
300.123
300.114
300.127
300.274
300.146
300.132
309.844
301.995
300.352
362.835
362.583
353.425
329.869
310.974
344.424
300.1
300.085
300.076
300.102
300.106
300.108
300.103
300.106
300.064
300.053
300.041
300.031
300.02
300.008
301.212
301.145
301.084
301.054
301.029
301.003
300.971
300.927
300.866
300.806
300.751
300.694
300.662
300.617
300.581
300.525
300.499
300.448
300.408
300.38
300.338
300.289
300.243
300.02
300.01
300.041
300.031
300.063
300.052
300.021
300.046
300.07
300.096
300.083
300.074
300.124
300.104
300.091
300.155
300.124
300.112
300.188
300.141
300.134
300.225
300.263
300.307
300.364
300.422
300.491
300.579
300.678
300.77
300.81
300.802
300.751
300.665
300.572
300.141
300.142
300.497
300.141
300.141
300.425
300.14
300.139
300.359
300.181
300.176
300.185
300.172
300.188
300.192
300.139
300.151
300.147
300.158
300.155
300.166
300.163
300.169
300.303
300.204
300.197
300.246
300.894
300.324
300.236
302.937
310.125
300.197
358.809
332.706
365.114
306.061
319.412
335.514
351.941
304.056
313.885
328.073
300.108
300.119
300.112
300.123
300.159
300.136
300.128
302.503
300.438
300.169
363.23
362.929
353.241
330.154
311.871
302.828
345.224
300.109
300.098
300.086
300.075
300.108
300.112
300.113
300.11
300.064
300.053
300.042
300.031
300.02
300.009
301.149
301.064
301.026
301.011
300.999
300.983
300.957
300.915
300.853
300.781
300.721
300.671
300.619
300.581
300.543
300.5
300.445
300.418
300.371
300.32
300.281
300.235
300.195
300.02
300.009
300.041
300.03
300.063
300.052
300.021
300.046
300.072
300.1
300.083
300.073
300.129
300.102
300.093
300.16
300.124
300.113
300.194
300.132
300.233
300.274
300.323
300.38
300.446
300.522
300.622
300.71
300.783
300.801
300.764
300.697
300.596
300.514
300.132
300.442
300.131
300.13
300.351
300.132
300.132
300.312
300.176
300.181
300.173
300.185
300.189
300.194
300.133
300.143
300.139
300.149
300.146
300.159
300.155
300.166
300.162
300.169
300.252
300.204
300.199
301.438
300.433
300.263
304.912
316.308
300.145
363.262
346.616
365.164
305.972
318.847
335.239
350.668
304.172
314.306
328.789
300.117
300.121
300.142
300.132
300.125
300.526
300.186
300.145
363.722
363.618
352.704
329.778
312.054
303.153
300.591
346.084
300.117
300.107
300.093
300.083
300.074
300.113
300.116
300.116
300.115
300.063
300.053
300.041
300.032
300.02
300.009
301.029
300.952
300.943
300.954
300.96
300.957
300.943
300.904
300.828
300.756
300.695
300.64
300.593
300.553
300.509
300.46
300.418
300.378
300.33
300.284
300.239
300.194
300.146
300.02
300.009
300.042
300.03
300.061
300.052
300.022
300.046
300.073
300.102
300.084
300.073
300.133
300.102
300.093
300.164
300.123
300.113
300.202
300.242
300.285
300.334
300.401
300.47
300.559
300.663
300.744
300.786
300.777
300.717
300.609
300.536
300.454
300.122
300.371
300.123
300.122
300.319
300.123
300.124
300.259
300.177
300.174
300.182
300.187
300.192
300.208
300.125
300.136
300.132
300.142
300.138
300.152
300.146
300.16
300.155
300.166
300.162
300.17
300.204
300.15
302.331
300.63
300.315
307.886
325.461
300.1
365.353
356.772
305.813
318.612
334.163
365.562
350.596
304.298
314.713
329.594
300.119
300.136
300.13
300.122
300.195
300.152
300.141
363.873
363.747
351.682
328.946
311.839
303.152
300.633
300.21
346.696
300.125
300.116
300.12
300.106
300.095
300.084
300.074
300.117
300.118
300.062
300.052
300.041
300.03
300.02
300.754
300.769
300.843
300.885
300.912
300.927
300.922
300.886
300.81
300.726
300.661
300.603
300.558
300.505
300.461
300.423
300.378
300.328
300.287
300.24
300.194
300.146
300.097
300.043
300.062
300.051
300.023
300.048
300.076
300.105
300.083
300.074
300.136
300.103
300.092
300.168
300.113
300.207
300.25
300.299
300.353
300.424
300.505
300.599
300.695
300.755
300.772
300.738
300.656
300.549
300.463
300.379
300.317
300.111
300.112
300.258
300.115
300.111
300.206
300.174
300.179
300.184
300.191
300.215
300.134
300.128
300.142
300.138
300.152
300.146
300.159
300.155
300.167
300.163
300.171
300.15
300.1
303.672
300.959
300.402
312.012
338.291
300.043
361.589
305.705
317.936
333.651
365.568
350.215
304.428
315.179
330.305
300.134
300.128
300.12
300.154
300.143
300.137
364.997
363.642
350.262
327.354
311.325
303.05
300.622
300.212
300.161
347.426
300.128
300.123
300.103
300.092
300.084
300.074
300.123
300.063
300.366
300.618
300.74
300.81
300.86
300.893
300.9
300.857
300.786
300.699
300.633
300.578
300.524
300.475
300.432
300.373
300.333
300.291
300.241
300.193
300.138
300.09
300.047
300.024
300.048
300.078
300.109
300.083
300.073
300.139
300.103
300.092
300.178
300.216
300.259
300.314
300.371
300.445
300.538
300.637
300.721
300.758
300.747
300.689
300.57
300.486
300.403
300.33
300.268
300.103
300.103
300.21
300.155
300.176
300.181
300.191
300.229
300.136
300.13
300.143
300.139
300.153
300.149
300.16
300.157
300.168
300.165
300.173
300.102
300.046
305.554
301.473
300.539
317.307
346.506
363.935
305.506
317.583
333.074
365.255
349.179
304.576
315.631
331.114
300.131
300.126
300.15
300.142
300.135
365.414
363.176
347.825
325.237
310.277
302.837
300.589
300.211
300.162
300.153
300.127
300.094
300.084
300.26
300.487
300.638
300.752
300.808
300.858
300.877
300.84
300.759
300.665
300.587
300.537
300.481
300.436
300.38
300.336
300.285
300.237
300.195
300.143
300.097
300.046
300.024
300.051
300.08
300.112
300.144
300.182
300.224
300.272
300.323
300.391
300.48
300.575
300.675
300.733
300.746
300.704
300.589
300.504
300.417
300.334
300.278
300.217
300.159
300.102
300.179
300.191
300.25
300.135
300.131
300.144
300.141
300.154
300.151
300.162
300.159
300.17
300.167
300.177
300.045
308.033
302.213
300.738
324.229
354.246
365.076
305.382
317.25
332.002
364.643
304.728
316.087
300.129
300.145
300.139
300.133
365.57
361.845
344.858
322.199
308.975
302.494
300.54
300.208
300.165
300.155
300.15
300.177
300.422
300.551
300.679
300.766
300.831
300.858
300.815
300.725
300.631
300.558
300.5
300.441
300.391
300.337
300.29
300.245
300.184
300.145
300.096
300.043
300.025
300.053
300.083
300.116
300.151
300.19
300.234
300.284
300.339
300.412
300.512
300.616
300.698
300.735
300.716
300.629
300.52
300.437
300.358
300.284
300.222
300.155
300.103
300.047
300.192
300.279
300.137
300.145
300.143
300.156
300.152
300.164
300.161
300.175
300.172
300.195
311.157
303.219
301.006
332.933
358.429
305.253
316.591
304.874
339.262
318.588
307.471
302.114
300.482
300.205
300.167
300.158
300.114
300.308
300.485
300.64
300.733
300.814
300.833
300.784
300.682
300.587
300.513
300.447
300.396
300.349
300.298
300.243
300.189
300.145
300.094
300.046
300.025
300.055
300.086
300.119
300.158
300.196
300.246
300.301
300.368
300.44
300.539
300.644
300.702
300.717
300.656
300.555
300.455
300.37
300.289
300.227
300.167
300.105
300.05
300.319
300.17
300.198
300.201
300.367
314.736
304.486
301.339
305.046
305.943
301.713
300.423
300.122
300.304
300.437
300.598
300.712
300.801
300.813
300.747
300.644
300.549
300.479
300.4
300.345
300.299
300.241
300.196
300.144
300.092
300.041
300.027
300.057
300.089
300.125
300.164
300.208
300.255
300.319
300.39
300.483
300.592
300.672
300.701
300.666
300.575
300.472
300.382
300.31
300.23
300.17
300.103
300.051
300.09
300.261
300.439
300.577
300.71
300.793
300.794
300.705
300.585
300.498
300.424
300.364
300.309
300.248
300.199
300.147
300.093
300.046
300.026
300.059
300.092
300.128
300.17
300.218
300.273
300.341
300.418
300.507
300.611
300.679
300.676
300.615
300.506
300.393
300.322
300.238
300.175
300.113
300.052
300.108
300.224
300.415
300.58
300.721
300.79
300.756
300.655
300.542
300.453
300.378
300.316
300.261
300.199
300.143
300.097
300.046
300.027
300.061
300.096
300.136
300.178
300.23
300.286
300.363
300.455
300.561
300.638
300.669
300.633
300.544
300.425
300.336
300.242
300.172
300.116
300.051
300.107
300.256
300.415
300.608
300.73
300.777
300.721
300.597
300.487
300.402
300.323
300.268
300.211
300.152
300.098
300.047
300.03
300.064
300.101
300.142
300.189
300.242
300.308
300.394
300.493
300.597
300.648
300.638
300.568
300.44
300.349
300.261
300.185
300.12
300.05
300.114
300.267
300.411
300.627
300.743
300.757
300.657
300.537
300.429
300.348
300.277
300.216
300.154
300.098
300.047
300.03
300.066
300.105
300.149
300.197
300.259
300.327
300.429
300.523
300.619
300.637
300.584
300.472
300.366
300.279
300.187
300.123
300.052
300.111
300.288
300.45
300.657
300.749
300.714
300.601
300.462
300.37
300.29
300.224
300.162
300.098
300.044
300.032
300.068
300.109
300.157
300.209
300.277
300.364
300.463
300.556
300.615
300.594
300.51
300.391
300.291
300.198
300.128
300.058
300.119
300.31
300.507
300.692
300.739
300.657
300.516
300.405
300.304
300.228
300.168
300.107
300.048
300.033
300.072
300.114
300.166
300.22
300.3
300.397
300.51
300.58
300.597
300.515
300.405
300.31
300.209
300.133
300.055
300.141
300.35
300.567
300.707
300.703
300.589
300.45
300.33
300.247
300.176
300.111
300.047
300.035
300.075
300.122
300.177
300.243
300.322
300.437
300.534
300.577
300.533
300.442
300.33
300.225
300.14
300.058
300.157
300.41
300.613
300.704
300.646
300.509
300.374
300.26
300.186
300.113
300.049
300.036
300.08
300.128
300.185
300.256
300.366
300.477
300.544
300.54
300.467
300.35
300.229
300.14
300.062
300.206
300.468
300.647
300.68
300.574
300.419
300.286
300.199
300.12
300.054
300.037
300.084
300.137
300.204
300.294
300.392
300.498
300.535
300.489
300.372
300.249
300.148
300.066
300.28
300.529
300.659
300.624
300.474
300.326
300.216
300.13
300.053
300.039
300.091
300.145
300.222
300.322
300.433
300.512
300.495
300.405
300.275
300.162
300.071
300.363
300.587
300.638
300.552
300.381
300.238
300.137
300.055
300.041
300.096
300.161
300.241
300.364
300.458
300.487
300.42
300.29
300.176
300.071
300.443
300.603
300.589
300.436
300.265
300.156
300.058
300.045
300.099
300.174
300.267
300.405
300.466
300.43
300.321
300.176
300.073
300.523
300.593
300.504
300.318
300.164
300.065
300.047
300.115
300.195
300.305
300.425
300.426
300.334
300.196
300.085
300.559
300.543
300.392
300.192
300.077
300.051
300.128
300.213
300.34
300.401
300.343
300.213
300.088
300.55
300.46
300.239
300.089
300.058
300.145
300.252
300.366
300.352
300.24
300.096
300.485
300.306
300.102
300.06
300.17
300.284
300.341
300.259
300.112
300.351
300.122
300.068
300.179
300.289
300.267
300.122
300.169
300.086
300.215
300.255
300.127
300.101
300.207
300.131
300.11
300.129
300.092
)
;

boundaryField
{
    lowerOutlet
    {
        type            inletOutlet;
        inletValue      uniform 300;
        value           nonuniform List<scalar> 
144
(
300
300
300
300
300
300
300
300
300
300
300
300
300
300
300
300
300
300
300
300
300
300
300
300
300
300
300
300
300
300
300
300
300
300
300
300
300
300
300
300
300
300
300
313.479
300
300
320.213
300
588.046
300
300
300
300
300
300
300
300
300
300
300
300
300
300
300
300
300
300
300
300
300
300
300
300
300
300
300
300
300
300
300
300
300
300
300
300
300
300
300
300
300
300
300
300
300
300
300
300
300
300
300
300
300
300
300
318.488
396.862
300
300
300
300
300
300
300
300
300
300
300
300
300
300
300
300
300
300
300
300
300
300
300
300
300
306.047
300
300
300
300
300
300
300
300
300
300
300
300
)
;
    }
    top
    {
        type            inletOutlet;
        inletValue      uniform 300;
        value           nonuniform List<scalar> 
100
(
300
300
300
300.693
300.811
300.921
301.032
301.137
301.232
301.317
301.389
301.447
301.491
301.521
301.539
301.549
301.557
301.592
301.849
302.831
304.752
306.815
307.72
307.787
306.854
304.746
302.868
302.13
301.915
301.941
302.156
302.353
302.434
302.45
302.303
302.06
301.77
301.542
301.446
301.414
301.408
301.408
301.413
301.42
301.428
301.436
301.442
301.448
301.452
301.455
301.457
301.459
301.458
301.455
301.451
301.442
301.432
301.413
301.403
301.388
301.367
301.355
301.338
301.325
301.317
301.305
301.297
301.292
301.287
301.282
301.279
301.268
301.244
301.214
301.152
301.034
300
300
300
300
300
300
300
300
300
300
300
300
300
300
300.203
300.277
300.36
300.44
300.521
300.557
300.549
300.484
300.351
300.169
)
;
    }
    sides
    {
        type            inletOutlet;
        inletValue      uniform 300;
        value           uniform 300;
    }
    front
    {
        type            empty;
    }
    back
    {
        type            empty;
    }
    roller
    {
        type            fixedValue;
        value           uniform 300;
    }
    burner
    {
        type            fixedValue;
        value           uniform 1044.97;
    }
}


// ************************************************************************* //
