/*--------------------------------*- C++ -*----------------------------------*\
  =========                 |
  \\      /  F ield         | OpenFOAM: The Open Source CFD Toolbox
   \\    /   O peration     | Website:  https://openfoam.org
    \\  /    A nd           | Version:  dev
     \\/     M anipulation  |
\*---------------------------------------------------------------------------*/
FoamFile
{
    version     2.0;
    format      ascii;
    class       volScalarField;
    location    "2500";
    object      O2;
}
// * * * * * * * * * * * * * * * * * * * * * * * * * * * * * * * * * * * * * //

dimensions      [0 0 0 0 0 0 0];

internalField   nonuniform List<scalar> 
9978
(
0.23301
0.23301
0.23301
0.23301
0.23301
0.23301
0.23301
0.23301
0.23301
0.23301
0.23301
0.23301
0.23301
0.23301
0.23301
0.23301
0.23301
0.23301
0.23301
0.23301
0.23301
0.23301
0.23301
0.23301
0.23301
0.23301
0.23301
0.23301
0.23301
0.23301
0.23301
0.23301
0.23301
0.23301
0.23301
0.23301
0.23301
0.23301
0.23301
0.23301
0.23301
0.23301
0.23301
0.23301
0.23301
0.23301
0.23301
0.23301
0.23301
0.23301
0.23301
0.23301
0.23301
0.23301
0.23301
0.23301
0.23301
0.23301
0.23301
0.23301
0.23301
0.23301
0.23301
0.23301
0.23301
0.23301
0.23301
0.23301
0.23301
0.23301
0.23301
0.23301
0.23301
0.23301
0.23301
0.23301
0.23301
0.23301
0.23301
0.23301
0.23301
0.23301
0.23301
0.23301
0.23301
0.23301
0.23301
0.23301
0.23301
0.23301
0.23301
0.23301
0.23301
0.23301
0.23301
0.23301
0.23301
0.23301
0.23301
0.23301
0.23301
0.23301
0.23301
0.23301
0.23301
0.23301
0.23301
0.23301
0.23301
0.23301
0.23301
0.23301
0.23301
0.23301
0.23301
0.23301
0.23301
0.23301
0.23301
0.23301
0.23301
0.23301
0.23301
0.23301
0.23301
0.23301
0.23301
0.23301
0.23301
0.23301
0.23301
0.23301
0.23301
0.23301
0.23301
0.23301
0.23301
0.23301
0.23301
0.23301
0.23301
0.23301
0.23301
0.23301
0.23301
0.23301
0.23301
0.23301
0.23301
0.23301
0.23301
0.23301
0.23301
0.23301
0.23301
0.23301
0.23301
0.23301
0.23301
0.23301
0.23301
0.23301
0.23301
0.23301
0.23301
0.23301
0.23301
0.23301
0.23301
0.23301
0.23301
0.23301
0.23301
0.23301
0.23301
0.23301
0.23301
0.23301
0.23301
0.23301
0.23301
0.23301
0.23301
0.23301
0.23301
0.23301
0.23301
0.23301
0.23301
0.23301
0.23301
0.23301
0.23301
0.23301
0.23301
0.23301
0.23301
0.23301
0.23301
0.23301
0.23301
0.23301
0.23301
0.23301
0.23301
0.23301
0.23301
0.23301
0.23301
0.23301
0.23301
0.23301
0.23301
0.23301
0.23301
0.23301
0.23301
0.23301
0.23301
0.23301
0.23301
0.23301
0.23301
0.23301
0.23301
0.23301
0.23301
0.23301
0.23301
0.23301
0.23301
0.23301
0.23301
0.23301
0.23301
0.23301
0.23301
0.23301
0.23301
0.23301
0.23301
0.23301
0.23301
0.23301
0.23301
0.23301
0.23301
0.23301
0.23301
0.23301
0.23301
0.23301
0.23301
0.23301
0.23301
0.23301
0.23301
0.23301
0.23301
0.23301
0.23301
0.23301
0.23301
0.23301
0.23301
0.23301
0.23301
0.23301
0.23301
0.23301
0.23301
0.23301
0.23301
0.23301
0.23301
0.23301
0.23301
0.23301
0.23301
0.23301
0.23301
0.23301
0.23301
0.23301
0.23301
0.23301
0.23301
0.23301
0.23301
0.23301
0.23301
0.23301
0.23301
0.23301
0.23301
0.23301
0.23301
0.23301
0.23301
0.23301
0.23301
0.23301
0.23301
0.23301
0.23301
0.23301
0.23301
0.23301
0.23301
0.23301
0.23301
0.23301
0.23301
0.23301
0.23301
0.23301
0.23301
0.23301
0.23301
0.23301
0.23301
0.23301
0.23301
0.23301
0.23301
0.23301
0.23301
0.23301
0.23301
0.23301
0.23301
0.23301
0.23301
0.23301
0.23301
0.23301
0.23301
0.23301
0.23301
0.23301
0.23301
0.23301
0.23301
0.23301
0.23301
0.23301
0.23301
0.23301
0.23301
0.23301
0.23301
0.23301
0.23301
0.23301
0.23301
0.23301
0.23301
0.23301
0.23301
0.23301
0.23301
0.23301
0.23301
0.23301
0.23301
0.23301
0.23301
0.23301
0.23301
0.23301
0.23301
0.23301
0.23301
0.23301
0.23301
0.23301
0.23301
0.23301
0.23301
0.23301
0.23301
0.23301
0.23301
0.23301
0.23301
0.23301
0.23301
0.23301
0.23301
0.23301
0.23301
0.23301
0.23301
0.23301
0.23301
0.23301
0.23301
0.23301
0.23301
0.23301
0.23301
0.23301
0.23301
0.23301
0.23301
0.23301
0.23301
0.23301
0.23301
0.23301
0.23301
0.23301
0.23301
0.23301
0.23301
0.23301
0.23301
0.23301
0.23301
0.23301
0.23301
0.23301
0.23301
0.23301
0.23301
0.23301
0.23301
0.23301
0.23301
0.23301
0.23301
0.23301
0.23301
0.23301
0.23301
0.23301
0.23301
0.23301
0.23301
0.23301
0.23301
0.23301
0.23301
0.23301
0.23301
0.23301
0.23301
0.23301
0.23301
0.23301
0.23301
0.23301
0.23301
0.23301
0.23301
0.23301
0.23301
0.23301
0.23301
0.23301
0.23301
0.23301
0.23301
0.23301
0.23301
0.23301
0.23301
0.23301
0.23301
0.23301
0.23301
0.23301
0.23301
0.23301
0.23301
0.23301
0.23301
0.23301
0.23301
0.23301
0.23301
0.23301
0.23301
0.23301
0.23301
0.23301
0.23301
0.23301
0.23301
0.23301
0.23301
0.23301
0.23301
0.23301
0.23301
0.23301
0.23301
0.23301
0.23301
0.23301
0.23301
0.23301
0.23301
0.23301
0.23301
0.23301
0.23301
0.23301
0.23301
0.23301
0.23301
0.23301
0.23301
0.23301
0.23301
0.23301
0.23301
0.23301
0.23301
0.23301
0.23301
0.23301
0.23301
0.23301
0.23301
0.23301
0.23301
0.23301
0.23301
0.23301
0.23301
0.23301
0.23301
0.23301
0.23301
0.23301
0.23301
0.23301
0.23301
0.23301
0.23301
0.23301
0.23301
0.23301
0.23301
0.23301
0.23301
0.23301
0.23301
0.23301
0.23301
0.23301
0.23301
0.23301
0.23301
0.23301
0.23301
0.23301
0.23301
0.23301
0.23301
0.23301
0.23301
0.23301
0.23301
0.23301
0.23301
0.23301
0.23301
0.23301
0.23301
0.23301
0.23301
0.23301
0.23301
0.23301
0.23301
0.23301
0.23301
0.23301
0.23301
0.23301
0.23301
0.23301
0.23301
0.23301
0.23301
0.23301
0.23301
0.23301
0.23301
0.23301
0.23301
0.23301
0.23301
0.23301
0.23301
0.23301
0.23301
0.23301
0.23301
0.23301
0.23301
0.23301
0.23301
0.23301
0.23301
0.23301
0.23301
0.23301
0.23301
0.23301
0.23301
0.23301
0.23301
0.23301
0.23301
0.23301
0.23301
0.23301
0.23301
0.23301
0.23301
0.23301
0.23301
0.23301
0.23301
0.23301
0.23301
0.23301
0.23301
0.23301
0.23301
0.23301
0.23301
0.23301
0.23301
0.23301
0.23301
0.23301
0.23301
0.23301
0.23301
0.23301
0.23301
0.23301
0.23301
0.23301
0.23301
0.23301
0.23301
0.23301
0.23301
0.23301
0.23301
0.23301
0.23301
0.23301
0.23301
0.23301
0.23301
0.23301
0.23301
0.23301
0.23301
0.23301
0.23301
0.23301
0.23301
0.23301
0.23301
0.23301
0.23301
0.23301
0.23301
0.23301
0.23301
0.23301
0.23301
0.23301
0.23301
0.23301
0.23301
0.23301
0.23301
0.23301
0.23301
0.23301
0.23301
0.23301
0.23301
0.23301
0.23301
0.23301
0.23301
0.23301
0.23301
0.23301
0.23301
0.23301
0.23301
0.233009
0.23301
0.23301
0.23301
0.23301
0.23301
0.23301
0.23301
0.23301
0.23301
0.23301
0.23301
0.23301
0.23301
0.23301
0.23301
0.23301
0.23301
0.23301
0.23301
0.23301
0.23301
0.23301
0.23301
0.23301
0.23301
0.23301
0.23301
0.23301
0.23301
0.23301
0.23301
0.23301
0.23301
0.23301
0.233009
0.233008
0.233008
0.233008
0.233008
0.233008
0.233008
0.233008
0.233006
0.233006
0.233007
0.23301
0.233009
0.23301
0.23301
0.23301
0.23301
0.23301
0.23301
0.23301
0.23301
0.23301
0.23301
0.23301
0.23301
0.23301
0.23301
0.23301
0.23301
0.23301
0.23301
0.23301
0.23301
0.23301
0.23301
0.23301
0.23301
0.23301
0.23301
0.23301
0.23301
0.23301
0.233009
0.233008
0.233006
0.233003
0.233
0.232999
0.233001
0.233002
0.233003
0.233
0.232992
0.232981
0.232978
0.233005
0.232991
0.233009
0.233005
0.233009
0.23301
0.233009
0.233009
0.23301
0.23301
0.23301
0.23301
0.23301
0.23301
0.23301
0.23301
0.23301
0.23301
0.23301
0.23301
0.23301
0.23301
0.23301
0.23301
0.23301
0.23301
0.23301
0.23301
0.23301
0.23301
0.23301
0.23301
0.23301
0.233008
0.233004
0.232995
0.232981
0.232968
0.232964
0.23297
0.232979
0.232982
0.232972
0.232936
0.232874
0.232809
0.232941
0.232786
0.232991
0.232935
0.233005
0.23299
0.233005
0.233009
0.233006
0.233007
0.23301
0.23301
0.23301
0.23301
0.23301
0.23301
0.23301
0.23301
0.23301
0.23301
0.23301
0.23301
0.23301
0.23301
0.23301
0.23301
0.23301
0.23301
0.23301
0.23301
0.23301
0.23301
0.23301
0.23301
0.233009
0.233006
0.232993
0.232965
0.232918
0.232869
0.232845
0.232863
0.232899
0.232918
0.232892
0.232791
0.232598
0.232369
0.232524
0.232161
0.232772
0.232455
0.232933
0.23276
0.232992
0.232937
0.232994
0.233008
0.232997
0.233
0.23301
0.233008
0.23301
0.23301
0.23301
0.23301
0.23301
0.23301
0.23301
0.23301
0.23301
0.23301
0.23301
0.23301
0.23301
0.23301
0.23301
0.23301
0.23301
0.23301
0.23301
0.23301
0.23301
0.23301
0.233009
0.233003
0.232975
0.232906
0.23279
0.232658
0.232575
0.232586
0.232679
0.232751
0.232709
0.232502
0.23215
0.231749
0.231843
0.23146
0.232094
0.231718
0.232423
0.232038
0.232767
0.232413
0.232945
0.232786
0.232956
0.233003
0.232966
0.232977
0.233009
0.233005
0.233009
0.23301
0.23301
0.23301
0.23301
0.23301
0.23301
0.23301
0.23301
0.23301
0.23301
0.23301
0.23301
0.23301
0.23301
0.23301
0.23301
0.23301
0.23301
0.23301
0.23301
0.23301
0.233009
0.232999
0.232953
0.232825
0.232612
0.232388
0.232241
0.232227
0.232331
0.232438
0.232399
0.232133
0.231693
0.231189
0.231164
0.230836
0.231346
0.231
0.231639
0.231247
0.232006
0.231584
0.232426
0.231996
0.232813
0.232459
0.232844
0.232986
0.232877
0.232907
0.233007
0.232994
0.233008
0.23301
0.233009
0.23301
0.23301
0.23301
0.23301
0.23301
0.23301
0.23301
0.23301
0.23301
0.23301
0.23301
0.23301
0.23301
0.23301
0.23301
0.23301
0.23301
0.23301
0.23301
0.233009
0.232998
0.232932
0.232737
0.232408
0.232078
0.231872
0.231833
0.231947
0.232084
0.232046
0.231733
0.231225
0.2307
0.230619
0.230411
0.230692
0.230442
0.230881
0.230562
0.231173
0.230791
0.231551
0.231119
0.232005
0.231535
0.232512
0.23203
0.232579
0.232935
0.232656
0.232727
0.233
0.23296
0.233005
0.23301
0.233008
0.233009
0.23301
0.23301
0.23301
0.23301
0.23301
0.23301
0.23301
0.23301
0.23301
0.23301
0.23301
0.23301
0.23301
0.23301
0.23301
0.23301
0.23301
0.23301
0.233009
0.232998
0.23292
0.232663
0.232213
0.231748
0.231463
0.231398
0.231511
0.231672
0.231667
0.231338
0.230865
0.230501
0.230312
0.230274
0.230262
0.230159
0.230304
0.230119
0.230459
0.230189
0.230722
0.230376
0.23108
0.230665
0.231531
0.231051
0.232075
0.231541
0.232134
0.232794
0.232215
0.232322
0.232979
0.232859
0.232994
0.23301
0.233003
0.233008
0.23301
0.23301
0.23301
0.23301
0.23301
0.23301
0.23301
0.23301
0.23301
0.23301
0.23301
0.23301
0.23301
0.23301
0.23301
0.23301
0.23301
0.23301
0.233009
0.232998
0.232919
0.232621
0.232057
0.231457
0.231035
0.230891
0.230976
0.231143
0.231166
0.230926
0.230684
0.230524
0.2303
0.230374
0.230137
0.230185
0.230014
0.229998
0.229988
0.229868
0.230089
0.229869
0.230303
0.23
0.230614
0.230231
0.231029
0.230563
0.231564
0.231012
0.231599
0.23246
0.231651
0.231736
0.232917
0.232615
0.232962
0.23301
0.232991
0.233005
0.23301
0.23301
0.23301
0.23301
0.23301
0.23301
0.23301
0.23301
0.23301
0.23301
0.23301
0.23301
0.23301
0.23301
0.23301
0.23301
0.23301
0.23301
0.23301
0.233001
0.232924
0.232615
0.231967
0.231216
0.230691
0.230496
0.230494
0.230586
0.230638
0.2306
0.23057
0.230542
0.230557
0.23029
0.230451
0.230043
0.230177
0.229837
0.229869
0.22972
0.229658
0.229756
0.229574
0.229909
0.229645
0.230156
0.229812
0.230511
0.230074
0.231
0.230457
0.230999
0.231879
0.231015
0.231071
0.232753
0.232105
0.232874
0.23301
0.232956
0.232998
0.23301
0.23301
0.23301
0.23301
0.23301
0.23301
0.23301
0.23301
0.23301
0.23301
0.23301
0.23301
0.23301
0.23301
0.23301
0.23301
0.23301
0.23301
0.23301
0.233005
0.232939
0.232627
0.231953
0.231093
0.230532
0.230315
0.230265
0.230296
0.230353
0.230403
0.230438
0.23055
0.230788
0.230831
0.231079
0.230379
0.230609
0.229998
0.230233
0.229669
0.229757
0.229468
0.229447
0.229433
0.229281
0.229526
0.229292
0.229705
0.229398
0.229986
0.229591
0.230404
0.229898
0.230367
0.231203
0.230351
0.230388
0.232396
0.231419
0.232668
0.233009
0.232869
0.23298
0.23301
0.23301
0.23301
0.23301
0.23301
0.23301
0.23301
0.23301
0.23301
0.23301
0.233009
0.233009
0.233009
0.23301
0.23301
0.23301
0.23301
0.23301
0.23301
0.233007
0.232964
0.232673
0.231972
0.231073
0.23052
0.230299
0.230222
0.230213
0.230244
0.230303
0.230408
0.230601
0.231002
0.231275
0.231493
0.231121
0.231406
0.230518
0.230821
0.229979
0.230281
0.229489
0.229645
0.229206
0.229209
0.229104
0.228974
0.229146
0.228936
0.229267
0.229003
0.229478
0.229147
0.229816
0.229388
0.229762
0.230506
0.229763
0.229822
0.231783
0.230732
0.232263
0.233009
0.232695
0.232947
0.23301
0.23301
0.23301
0.23301
0.23301
0.23301
0.23301
0.23301
0.233009
0.233009
0.233008
0.233008
0.233008
0.233009
0.233009
0.233009
0.233009
0.23301
0.23301
0.233009
0.232985
0.232763
0.232055
0.231124
0.230584
0.230348
0.230267
0.230268
0.230302
0.230366
0.230497
0.230767
0.231259
0.231661
0.231847
0.231676
0.231931
0.231319
0.231639
0.230627
0.230979
0.229937
0.230286
0.229283
0.229503
0.228925
0.228945
0.228768
0.228662
0.228785
0.228597
0.228885
0.228671
0.229083
0.228852
0.229361
0.229095
0.229388
0.229941
0.229462
0.229559
0.231089
0.230141
0.231678
0.233008
0.232438
0.232907
0.233009
0.233009
0.233009
0.23301
0.23301
0.23301
0.233009
0.233009
0.233007
0.233006
0.233005
0.233005
0.233006
0.233007
0.233008
0.233009
0.233009
0.233009
0.233009
0.232998
0.232853
0.232239
0.23127
0.230766
0.230512
0.230459
0.230531
0.230616
0.230695
0.23084
0.231154
0.231746
0.232427
0.232168
0.232419
0.231941
0.232226
0.231376
0.231703
0.230659
0.231027
0.22984
0.230224
0.229053
0.229321
0.228638
0.228682
0.228457
0.228401
0.228491
0.228352
0.228657
0.228488
0.228896
0.228723
0.229167
0.228994
0.229262
0.229673
0.22939
0.229525
0.230496
0.229821
0.231094
0.233005
0.232144
0.232812
0.233009
0.233009
0.233009
0.23301
0.23301
0.233009
0.233007
0.233004
0.233
0.232997
0.232996
0.232997
0.233001
0.233004
0.233006
0.233007
0.233009
0.233009
0.233003
0.232925
0.232448
0.231497
0.23098
0.230781
0.230886
0.231164
0.231437
0.231597
0.231717
0.231979
0.232353
0.232707
0.23278
0.232904
0.232479
0.232683
0.232012
0.232304
0.231326
0.23165
0.230613
0.230982
0.229679
0.230065
0.228852
0.229169
0.228429
0.228548
0.228285
0.228299
0.228352
0.228267
0.228563
0.228423
0.22884
0.228688
0.229135
0.229022
0.22933
0.229644
0.229549
0.229756
0.230076
0.229743
0.230579
0.232972
0.231569
0.232448
0.233008
0.233009
0.23301
0.233009
0.233008
0.233005
0.232998
0.232988
0.232978
0.232972
0.232975
0.232982
0.23299
0.232998
0.233004
0.233006
0.233008
0.233006
0.23297
0.23265
0.231777
0.231179
0.23102
0.231292
0.231764
0.23216
0.232378
0.232496
0.232607
0.232753
0.232894
0.232972
0.232879
0.232949
0.232562
0.23276
0.231966
0.232278
0.231125
0.231464
0.23044
0.230791
0.229543
0.229933
0.228798
0.229142
0.228382
0.228584
0.228265
0.228351
0.228327
0.228324
0.228549
0.228463
0.22889
0.228753
0.22927
0.229154
0.229556
0.229902
0.229861
0.230074
0.229985
0.229847
0.229831
0.229968
0.230063
0.232425
0.23053
0.231003
0.233007
0.233009
0.233009
0.233007
0.233001
0.232987
0.232966
0.232939
0.23292
0.232917
0.232931
0.232953
0.232975
0.232991
0.233
0.233005
0.233006
0.232991
0.23281
0.232094
0.231365
0.231203
0.231551
0.232097
0.232436
0.232664
0.23281
0.232886
0.232937
0.232977
0.232998
0.232983
0.233001
0.232895
0.232958
0.23256
0.232769
0.231821
0.232189
0.231039
0.231407
0.230313
0.230679
0.229529
0.229926
0.228906
0.229287
0.228557
0.228873
0.228438
0.228678
0.228477
0.228631
0.228682
0.228725
0.22903
0.22899
0.229479
0.229267
0.22932
0.229765
0.229725
0.230215
0.23015
0.230317
0.230098
0.230077
0.229908
0.230255
0.229869
0.229958
0.229983
0.230183
0.229942
0.230013
0.229976
0.230611
0.230238
0.230082
0.229994
0.230085
0.230312
0.230151
0.233008
0.233009
0.233006
0.232996
0.232973
0.232932
0.232877
0.232823
0.232791
0.232802
0.232852
0.232911
0.232956
0.232983
0.232997
0.233003
0.232996
0.232912
0.232401
0.231585
0.231333
0.231685
0.232185
0.232472
0.232692
0.232861
0.232956
0.232989
0.233002
0.233007
0.233004
0.233007
0.23299
0.233
0.2329
0.232963
0.232525
0.232764
0.23179
0.232181
0.231073
0.231466
0.230314
0.230693
0.229691
0.2301
0.229252
0.229644
0.228993
0.229308
0.228887
0.229122
0.228894
0.229095
0.228916
0.228973
0.22903
0.229091
0.229231
0.22922
0.229131
0.229246
0.229227
0.229439
0.229664
0.229603
0.22939
0.229838
0.2304
0.23039
0.230521
0.230249
0.230199
0.23002
0.230411
0.230134
0.230177
0.230418
0.230084
0.23004
0.231676
0.230074
0.229987
0.230047
0.230025
0.230031
0.23001
0.233008
0.233005
0.23299
0.232954
0.232887
0.232787
0.232681
0.232606
0.232593
0.232647
0.232751
0.232863
0.232937
0.232975
0.232993
0.232996
0.232962
0.232652
0.231875
0.231447
0.23169
0.232153
0.232405
0.23261
0.232811
0.232947
0.232995
0.233007
0.233009
0.233009
0.233006
0.233007
0.232994
0.233002
0.232916
0.232972
0.232535
0.232783
0.231875
0.232285
0.231301
0.231711
0.230502
0.2309
0.230026
0.230391
0.229588
0.22987
0.229291
0.229414
0.229163
0.229089
0.229124
0.229114
0.229056
0.228926
0.229161
0.22918
0.229164
0.22937
0.229359
0.229249
0.229296
0.229344
0.229549
0.229768
0.229706
0.229511
0.229941
0.230557
0.230607
0.23068
0.230375
0.230118
0.230297
0.230542
0.230404
0.230352
0.230643
0.23028
0.230203
0.23053
0.229927
0.229933
0.23014
0.230102
0.230063
0.23003
0.233004
0.232985
0.232936
0.232835
0.232682
0.232511
0.232384
0.232339
0.232383
0.232499
0.232657
0.232816
0.232922
0.23297
0.232991
0.232978
0.232821
0.232197
0.231593
0.231667
0.232066
0.232259
0.232425
0.232639
0.232864
0.232987
0.233006
0.233009
0.23301
0.233009
0.233009
0.233006
0.233008
0.232995
0.233002
0.232938
0.232978
0.232629
0.232841
0.232113
0.232464
0.231483
0.231858
0.230748
0.23111
0.230152
0.23044
0.229516
0.229608
0.228887
0.228635
0.228752
0.228512
0.228268
0.227986
0.229083
0.228928
0.2287
0.228411
0.229217
0.229123
0.228957
0.229473
0.229412
0.229194
0.229152
0.229309
0.229645
0.229863
0.229779
0.229573
0.230026
0.230687
0.230771
0.230801
0.230474
0.230196
0.230372
0.230641
0.230626
0.230565
0.230813
0.23048
0.230382
0.22983
0.22992
0.229802
0.230291
0.230219
0.230152
0.230092
0.232982
0.232919
0.232785
0.232571
0.232333
0.232148
0.232067
0.232092
0.232209
0.232387
0.232593
0.232784
0.232913
0.23297
0.232979
0.232911
0.232492
0.231808
0.231652
0.231948
0.232118
0.232237
0.232428
0.232711
0.232959
0.233003
0.233009
0.23301
0.23301
0.233009
0.23301
0.233006
0.233008
0.232994
0.233002
0.232942
0.232978
0.232715
0.232865
0.232209
0.232503
0.231414
0.231756
0.230743
0.23107
0.229725
0.229892
0.228438
0.228324
0.227746
0.227501
0.226838
0.228078
0.227721
0.227374
0.22706
0.228708
0.22838
0.227991
0.227567
0.229031
0.228781
0.228436
0.229465
0.229314
0.228918
0.228789
0.229101
0.22967
0.229921
0.229779
0.229521
0.230074
0.230781
0.230878
0.23088
0.230545
0.23024
0.230416
0.230703
0.230801
0.230734
0.230908
0.230625
0.230511
0.229763
0.229966
0.229758
0.230401
0.2303
0.230201
0.230111
0.232908
0.232743
0.232471
0.23216
0.231919
0.2318
0.231813
0.231922
0.232105
0.232331
0.23257
0.232778
0.232917
0.232968
0.232947
0.23271
0.232082
0.231682
0.231842
0.23199
0.232067
0.232228
0.232526
0.232889
0.232993
0.233008
0.23301
0.23301
0.23301
0.23301
0.233009
0.23301
0.233006
0.233008
0.23299
0.233
0.23292
0.232966
0.232714
0.232843
0.232072
0.232337
0.230744
0.231096
0.230116
0.230407
0.228325
0.228451
0.226721
0.226838
0.226802
0.226658
0.226071
0.225957
0.227141
0.226745
0.22641
0.226151
0.228013
0.227541
0.227051
0.226585
0.22858
0.228144
0.227638
0.229325
0.229047
0.228366
0.228151
0.228656
0.229595
0.229912
0.229704
0.229356
0.23007
0.230826
0.230931
0.230904
0.230579
0.230238
0.230407
0.230717
0.230887
0.230814
0.230935
0.230698
0.23057
0.229985
0.229965
0.22971
0.230441
0.230312
0.230195
0.230067
0.232715
0.23239
0.232013
0.231711
0.231575
0.231582
0.231685
0.231853
0.232076
0.232332
0.232583
0.232791
0.232929
0.232949
0.232839
0.232362
0.231803
0.231791
0.231883
0.231926
0.232048
0.23232
0.232744
0.232972
0.233005
0.23301
0.23301
0.23301
0.23301
0.23301
0.233009
0.23301
0.233006
0.233008
0.232977
0.232997
0.232838
0.232928
0.232543
0.232708
0.231446
0.231783
0.229423
0.229868
0.228681
0.229016
0.22709
0.227342
0.226193
0.226371
0.226703
0.22652
0.225976
0.225919
0.226032
0.225829
0.226177
0.225856
0.225632
0.225529
0.227099
0.22657
0.226092
0.225698
0.227849
0.227274
0.226691
0.229008
0.228538
0.227564
0.227305
0.227956
0.229429
0.229846
0.229547
0.229029
0.230011
0.230821
0.230933
0.230886
0.230561
0.230184
0.230352
0.230691
0.230896
0.23081
0.230918
0.23069
0.230551
0.231132
0.229778
0.2298
0.230404
0.230257
0.230114
0.229925
0.232337
0.231894
0.231544
0.231409
0.231419
0.231509
0.231658
0.231859
0.232105
0.232371
0.232623
0.232828
0.232935
0.232897
0.232593
0.232021
0.231795
0.231812
0.231819
0.231895
0.232122
0.232546
0.232925
0.233
0.233009
0.23301
0.23301
0.23301
0.23301
0.23301
0.23301
0.233009
0.23301
0.233005
0.233008
0.232951
0.232991
0.232672
0.232854
0.232105
0.232411
0.23035
0.230866
0.228392
0.228863
0.227623
0.227978
0.226993
0.227262
0.226259
0.226508
0.226927
0.226738
0.225549
0.225664
0.226343
0.225996
0.22541
0.225242
0.225217
0.225287
0.226145
0.225677
0.225312
0.225064
0.226939
0.226331
0.225786
0.228484
0.227817
0.226643
0.226394
0.227095
0.229117
0.229703
0.229255
0.228525
0.229875
0.230779
0.230895
0.230809
0.230498
0.23005
0.230213
0.230605
0.230852
0.230743
0.230845
0.230601
0.23044
0.232337
0.229634
0.230241
0.230276
0.230122
0.229952
0.229747
0.231807
0.231425
0.231297
0.231312
0.231395
0.23153
0.231713
0.231934
0.232184
0.232446
0.232689
0.23288
0.232905
0.232744
0.232253
0.23184
0.231787
0.23175
0.231776
0.231949
0.232343
0.232828
0.232987
0.233008
0.23301
0.23301
0.23301
0.23301
0.23301
0.23301
0.23301
0.233009
0.23301
0.233004
0.233008
0.232914
0.232981
0.232407
0.232738
0.231407
0.231941
0.229411
0.230045
0.228212
0.228661
0.227515
0.227835
0.227701
0.227833
0.227906
0.227975
0.226701
0.227036
0.227542
0.227322
0.22546
0.225692
0.22689
0.226412
0.224962
0.224964
0.225082
0.225285
0.225338
0.225008
0.224803
0.224742
0.226023
0.225489
0.225068
0.227791
0.226991
0.225767
0.225566
0.226221
0.228634
0.229429
0.228796
0.227868
0.22961
0.230654
0.230772
0.23062
0.230341
0.229792
0.229939
0.230405
0.230735
0.23058
0.230654
0.230409
0.23024
0.232446
0.229604
0.230725
0.230084
0.229946
0.229782
0.229578
0.23134
0.231227
0.231242
0.231329
0.231484
0.231663
0.231855
0.232067
0.232301
0.232545
0.23277
0.232894
0.232823
0.232464
0.23197
0.231792
0.231718
0.231691
0.23181
0.232152
0.232668
0.232961
0.233005
0.23301
0.23301
0.23301
0.23301
0.23301
0.23301
0.23301
0.23301
0.23301
0.233009
0.23301
0.233002
0.233008
0.232886
0.232977
0.232133
0.23263
0.230746
0.231469
0.229207
0.229856
0.228727
0.229116
0.228024
0.228104
0.228455
0.228442
0.228523
0.228564
0.228575
0.227355
0.227761
0.228301
0.228078
0.225582
0.225965
0.227497
0.226892
0.22476
0.224889
0.225097
0.225408
0.22477
0.22461
0.224568
0.224589
0.225249
0.224854
0.224587
0.227013
0.226182
0.225055
0.224926
0.22547
0.228008
0.228988
0.228204
0.227131
0.229189
0.230385
0.230504
0.230287
0.23003
0.229371
0.229508
0.230046
0.230492
0.230316
0.230343
0.230142
0.229986
0.232441
0.229675
0.231167
0.22986
0.229757
0.229624
0.22949
0.231174
0.231204
0.231323
0.231492
0.231669
0.231852
0.232039
0.232234
0.232443
0.232661
0.232842
0.232845
0.232621
0.23215
0.231825
0.231713
0.23164
0.231707
0.23199
0.232486
0.232915
0.233
0.233009
0.23301
0.23301
0.23301
0.23301
0.23301
0.23301
0.23301
0.23301
0.23301
0.233009
0.23301
0.233
0.233007
0.232884
0.232976
0.232068
0.232613
0.230585
0.231349
0.229607
0.230194
0.229919
0.230256
0.228574
0.228563
0.229476
0.229363
0.229255
0.229308
0.229324
0.22932
0.228067
0.22854
0.229123
0.228888
0.225816
0.226317
0.228024
0.227289
0.224707
0.224896
0.225165
0.225535
0.224458
0.224427
0.224447
0.224547
0.224685
0.224443
0.224338
0.22625
0.225485
0.22455
0.224483
0.224893
0.227304
0.228425
0.227535
0.226399
0.228637
0.22998
0.230132
0.229849
0.229574
0.228823
0.228957
0.229563
0.23016
0.229977
0.229944
0.22982
0.229702
0.232818
0.229879
0.231827
0.229627
0.229581
0.229486
0.229458
0.231174
0.231335
0.231536
0.231717
0.231881
0.232051
0.232231
0.232414
0.232598
0.232775
0.232842
0.23271
0.232325
0.231918
0.231721
0.23162
0.231637
0.231864
0.232318
0.232842
0.23299
0.233008
0.23301
0.23301
0.23301
0.23301
0.23301
0.23301
0.23301
0.23301
0.23301
0.23301
0.233009
0.23301
0.233
0.233007
0.232906
0.23298
0.232192
0.23268
0.230844
0.23153
0.230633
0.23109
0.230057
0.231052
0.231154
0.231276
0.231461
0.229312
0.229319
0.230065
0.23005
0.230099
0.230113
0.23011
0.228714
0.229264
0.229925
0.229663
0.22601
0.226598
0.228425
0.227608
0.22471
0.224939
0.225253
0.225667
0.224313
0.224329
0.224413
0.22455
0.224326
0.22424
0.224219
0.225579
0.224926
0.224253
0.224205
0.224465
0.226596
0.227761
0.226826
0.225731
0.227995
0.229476
0.229666
0.229317
0.229015
0.228197
0.228338
0.228997
0.229749
0.229585
0.229462
0.229475
0.229417
0.232977
0.230229
0.232475
0.229408
0.229425
0.22937
0.229481
0.231358
0.23161
0.231818
0.231977
0.232113
0.232256
0.23242
0.232591
0.232741
0.232821
0.232737
0.232451
0.232051
0.231757
0.231618
0.231598
0.231774
0.232184
0.232744
0.232973
0.233007
0.23301
0.23301
0.23301
0.23301
0.23301
0.23301
0.23301
0.23301
0.23301
0.23301
0.23301
0.23301
0.233009
0.23301
0.233001
0.233007
0.232946
0.232988
0.232531
0.232824
0.231569
0.232062
0.231877
0.232081
0.230997
0.231752
0.231789
0.231835
0.231864
0.230094
0.230082
0.230963
0.230743
0.230821
0.230863
0.230891
0.229201
0.229839
0.230592
0.230297
0.226196
0.226846
0.228793
0.227904
0.224739
0.224999
0.225342
0.225791
0.224231
0.224299
0.224413
0.224567
0.224162
0.224139
0.224147
0.225012
0.224476
0.224098
0.224048
0.224176
0.225921
0.22708
0.226167
0.225133
0.227339
0.228884
0.229121
0.22872
0.228401
0.227552
0.227684
0.228352
0.229289
0.22918
0.228942
0.22913
0.229146
0.233004
0.230773
0.232777
0.229215
0.229291
0.229282
0.229571
0.231651
0.231887
0.232051
0.232187
0.23232
0.232454
0.23259
0.232718
0.232792
0.232735
0.232493
0.232141
0.231825
0.231628
0.231583
0.231718
0.232083
0.232637
0.23295
0.233004
0.23301
0.23301
0.23301
0.23301
0.23301
0.23301
0.23301
0.23301
0.23301
0.23301
0.23301
0.23301
0.23301
0.233009
0.23301
0.233002
0.233007
0.232977
0.232997
0.232815
0.232927
0.232326
0.232591
0.232169
0.232257
0.23231
0.23172
0.232065
0.232071
0.232087
0.232116
0.230913
0.23094
0.231679
0.231267
0.231382
0.231459
0.231524
0.229625
0.230301
0.231079
0.230771
0.226365
0.227074
0.229073
0.228097
0.22478
0.225055
0.225414
0.225877
0.224205
0.2243
0.224428
0.2246
0.224066
0.22407
0.224123
0.224515
0.224163
0.224006
0.223956
0.223999
0.225318
0.22643
0.225506
0.224576
0.226661
0.228241
0.228543
0.228068
0.227693
0.226806
0.226824
0.227624
0.228819
0.228762
0.228394
0.228799
0.2289
0.233009
0.231294
0.232906
0.229054
0.229168
0.229218
0.229705
0.231875
0.232047
0.232184
0.232315
0.232444
0.232569
0.232679
0.232752
0.232712
0.232488
0.232159
0.231859
0.231651
0.231583
0.231693
0.232019
0.232549
0.232923
0.233001
0.233009
0.23301
0.23301
0.23301
0.23301
0.23301
0.23301
0.23301
0.23301
0.23301
0.23301
0.23301
0.23301
0.23301
0.233009
0.23301
0.233004
0.233007
0.232984
0.232999
0.232863
0.232946
0.232477
0.232694
0.232065
0.232132
0.231795
0.231948
0.232056
0.232058
0.232036
0.232023
0.23203
0.231582
0.231633
0.232044
0.231665
0.231799
0.231893
0.23196
0.229999
0.230715
0.231481
0.231186
0.226469
0.227211
0.229185
0.228162
0.224818
0.225097
0.225452
0.225907
0.224211
0.224317
0.224458
0.224631
0.224004
0.224046
0.224131
0.224151
0.223973
0.223952
0.223918
0.223932
0.224643
0.225643
0.224715
0.224165
0.225724
0.22744
0.227889
0.227245
0.226764
0.225725
0.225683
0.22657
0.228312
0.228359
0.227779
0.22849
0.228693
0.233009
0.231739
0.232931
0.228907
0.229053
0.229176
0.229806
0.231983
0.232123
0.232251
0.23238
0.232498
0.232596
0.232665
0.23264
0.232444
0.232141
0.231858
0.231664
0.231591
0.231691
0.231992
0.232494
0.232897
0.232998
0.233009
0.23301
0.23301
0.23301
0.23301
0.23301
0.23301
0.23301
0.23301
0.23301
0.23301
0.23301
0.23301
0.23301
0.23301
0.23301
0.233009
0.23301
0.233005
0.233008
0.232975
0.232998
0.232728
0.232902
0.232038
0.232415
0.231555
0.23164
0.231071
0.231342
0.232077
0.231733
0.231656
0.231584
0.231555
0.232001
0.232029
0.232096
0.231941
0.232034
0.232085
0.23211
0.230191
0.231006
0.231792
0.23153
0.226501
0.227252
0.22919
0.228151
0.224846
0.225114
0.225457
0.225896
0.224233
0.224349
0.224488
0.224655
0.223982
0.224059
0.224158
0.22399
0.223935
0.223932
0.223935
0.223907
0.224174
0.224763
0.224227
0.224032
0.224812
0.226408
0.22714
0.226349
0.225594
0.224819
0.224863
0.22558
0.227822
0.227969
0.227173
0.228225
0.228494
0.233002
0.231763
0.232838
0.228768
0.228939
0.229127
0.229776
0.232023
0.232125
0.232226
0.23232
0.232397
0.232453
0.232438
0.232294
0.232065
0.231834
0.231675
0.231613
0.231707
0.231995
0.232477
0.23288
0.232994
0.233009
0.23301
0.23301
0.23301
0.23301
0.23301
0.23301
0.23301
0.23301
0.23301
0.23301
0.23301
0.23301
0.23301
0.23301
0.23301
0.23301
0.23301
0.23301
0.233005
0.233009
0.232923
0.23299
0.232255
0.232715
0.23084
0.231239
0.231554
0.230832
0.230892
0.230247
0.230511
0.231825
0.23112
0.230996
0.230897
0.230845
0.232111
0.232111
0.231906
0.232026
0.232078
0.232088
0.232081
0.230233
0.231102
0.231908
0.231669
0.226487
0.227234
0.228975
0.227928
0.224854
0.225099
0.225406
0.225801
0.224272
0.22439
0.224517
0.224663
0.224002
0.2241
0.224223
0.223948
0.223903
0.22401
0.223951
0.22391
0.224078
0.224333
0.224179
0.223984
0.224445
0.225624
0.226383
0.225699
0.224976
0.224575
0.22474
0.22508
0.227322
0.227625
0.226547
0.22795
0.228306
0.214532
0.231364
0.231607
0.228619
0.228815
0.229047
0.229602
0.232057
0.232113
0.232158
0.232191
0.232205
0.232176
0.232083
0.231943
0.231806
0.231694
0.231656
0.231757
0.232031
0.232494
0.232878
0.232993
0.233009
0.23301
0.23301
0.23301
0.23301
0.23301
0.23301
0.23301
0.23301
0.23301
0.23301
0.23301
0.23301
0.23301
0.23301
0.23301
0.23301
0.23301
0.23301
0.23301
0.233004
0.233009
0.2328
0.232964
0.23146
0.232333
0.23014
0.230569
0.230382
0.230948
0.230018
0.230072
0.229483
0.229772
0.23125
0.230297
0.230166
0.23007
0.230025
0.232037
0.231978
0.231396
0.231941
0.231935
0.231872
0.231786
0.230083
0.231045
0.231866
0.231651
0.226348
0.227055
0.228346
0.227372
0.224826
0.225018
0.225261
0.225577
0.224337
0.224451
0.224559
0.224677
0.224132
0.224259
0.224369
0.223935
0.223914
0.224019
0.224149
0.224108
0.224099
0.224296
0.224219
0.224003
0.224452
0.225199
0.225837
0.225359
0.224912
0.224607
0.224726
0.225025
0.226883
0.227244
0.226049
0.227679
0.228108
0.139655
0.23008
0.22696
0.228453
0.228673
0.228899
0.229136
0.232092
0.232106
0.232111
0.232095
0.232055
0.231989
0.231905
0.231812
0.231732
0.231731
0.231854
0.232122
0.232557
0.23289
0.232993
0.233008
0.23301
0.23301
0.23301
0.23301
0.23301
0.23301
0.23301
0.23301
0.23301
0.23301
0.23301
0.23301
0.23301
0.23301
0.23301
0.23301
0.23301
0.23301
0.23301
0.23301
0.233002
0.233008
0.232601
0.232918
0.230662
0.230491
0.231282
0.231844
0.229525
0.229949
0.230013
0.229199
0.229302
0.228827
0.229139
0.230452
0.229347
0.229238
0.22918
0.229169
0.231661
0.23153
0.230627
0.231556
0.23151
0.231354
0.231191
0.229508
0.230602
0.231527
0.231336
0.225957
0.226596
0.227201
0.2265
0.224802
0.22494
0.225102
0.225316
0.224468
0.224544
0.224611
0.224702
0.224094
0.224316
0.224364
0.224044
0.224079
0.224207
0.22422
0.22419
0.224044
0.224356
0.224079
0.22404
0.22416
0.225137
0.225475
0.225245
0.224858
0.224216
0.224293
0.225029
0.226361
0.226863
0.225669
0.227412
0.227892
0.114618
0.22905
0.220609
0.228267
0.228492
0.22863
0.228651
0.232135
0.232116
0.232096
0.232057
0.231997
0.231925
0.231854
0.231814
0.231857
0.231996
0.232268
0.232654
0.232917
0.232996
0.233009
0.23301
0.23301
0.23301
0.23301
0.23301
0.23301
0.23301
0.23301
0.23301
0.23301
0.23301
0.23301
0.23301
0.23301
0.23301
0.23301
0.23301
0.23301
0.23301
0.23301
0.23301
0.233009
0.23301
0.232994
0.233007
0.232437
0.232861
0.23023
0.230605
0.23105
0.231639
0.229085
0.229541
0.229767
0.228436
0.228601
0.228297
0.228659
0.229488
0.228344
0.22829
0.228287
0.228323
0.230997
0.23081
0.229666
0.230826
0.230732
0.230542
0.230309
0.228326
0.229474
0.230784
0.230496
0.225623
0.2259
0.226037
0.225767
0.224798
0.224893
0.224993
0.225095
0.224436
0.224458
0.22454
0.224573
0.224244
0.224335
0.224368
0.224135
0.22416
0.224272
0.224259
0.224234
0.224092
0.224124
0.224088
0.224118
0.224098
0.225169
0.225388
0.225217
0.224353
0.224114
0.224138
0.22442
0.226033
0.226539
0.225583
0.227139
0.227672
0.0702078
0.228093
0.203454
0.228055
0.228263
0.228331
0.228262
0.232219
0.232155
0.23212
0.232071
0.232016
0.231973
0.231983
0.232048
0.232197
0.232461
0.232764
0.232947
0.233
0.233009
0.23301
0.23301
0.23301
0.23301
0.23301
0.23301
0.23301
0.23301
0.23301
0.23301
0.23301
0.23301
0.23301
0.23301
0.23301
0.23301
0.23301
0.23301
0.23301
0.23301
0.23301
0.233009
0.23301
0.232983
0.233005
0.23242
0.232845
0.230168
0.230605
0.231017
0.231916
0.231047
0.231465
0.2288
0.229288
0.229716
0.227747
0.227992
0.227884
0.228326
0.228443
0.227363
0.227372
0.227434
0.227558
0.230084
0.229862
0.228593
0.229618
0.229613
0.229437
0.229203
0.226608
0.227589
0.229465
0.228755
0.225344
0.225577
0.225532
0.225453
0.224643
0.224658
0.224727
0.224749
0.224415
0.224429
0.224477
0.224487
0.224308
0.224343
0.224381
0.224184
0.224207
0.224301
0.224276
0.224258
0.224142
0.224091
0.224124
0.224161
0.224102
0.225044
0.224454
0.22534
0.225163
0.224164
0.224096
0.224097
0.224198
0.22579
0.22626
0.225488
0.226883
0.227432
0.0583044
0.226376
0.16765
0.227827
0.228015
0.228048
0.227867
0.232375
0.232322
0.232289
0.232256
0.232237
0.232249
0.232313
0.232456
0.232667
0.232866
0.232973
0.233004
0.233009
0.23301
0.23301
0.23301
0.23301
0.23301
0.23301
0.23301
0.23301
0.23301
0.23301
0.23301
0.23301
0.23301
0.23301
0.23301
0.23301
0.23301
0.23301
0.23301
0.23301
0.23301
0.23301
0.233009
0.23301
0.232978
0.233004
0.232514
0.231946
0.232863
0.230195
0.230699
0.231186
0.231675
0.228681
0.229226
0.229756
0.227159
0.227491
0.227582
0.228119
0.227395
0.22645
0.226541
0.226688
0.226888
0.228976
0.228764
0.227487
0.227856
0.228079
0.228067
0.22793
0.225662
0.225929
0.22734
0.226409
0.225143
0.22542
0.22478
0.224786
0.224516
0.224515
0.224537
0.224823
0.224531
0.224397
0.224405
0.224428
0.224429
0.224328
0.224348
0.22438
0.224203
0.224224
0.224307
0.224162
0.224114
0.224142
0.22418
0.224114
0.224527
0.224216
0.225383
0.224584
0.224101
0.2241
0.224089
0.224112
0.225723
0.226028
0.225447
0.226621
0.227214
0.0515938
0.222186
0.137359
0.227591
0.227768
0.227805
0.227259
0.232559
0.232557
0.232551
0.232547
0.232559
0.232609
0.232708
0.232833
0.232938
0.232991
0.233006
0.23301
0.23301
0.23301
0.23301
0.23301
0.23301
0.23301
0.23301
0.23301
0.23301
0.23301
0.23301
0.23301
0.23301
0.23301
0.23301
0.23301
0.23301
0.23301
0.23301
0.23301
0.23301
0.23301
0.23301
0.233008
0.23301
0.232978
0.233003
0.232555
0.23224
0.232781
0.232088
0.232911
0.230347
0.230904
0.231412
0.23185
0.228666
0.229253
0.229934
0.226673
0.227094
0.227375
0.228009
0.226421
0.225672
0.225842
0.226057
0.226327
0.227757
0.227593
0.226426
0.225806
0.226263
0.226435
0.226512
0.225361
0.22541
0.225551
0.225336
0.224794
0.224788
0.224477
0.224498
0.224437
0.224433
0.224429
0.224547
0.224421
0.224388
0.224399
0.224408
0.224408
0.224331
0.224127
0.224254
0.224118
0.225275
0.224617
0.224292
0.224085
0.224088
0.225665
0.225942
0.225525
0.226435
0.226986
0.0459446
0.214626
0.104843
0.227362
0.227538
0.227578
0.226241
0.232704
0.23275
0.23278
0.232801
0.232829
0.232876
0.232933
0.232979
0.233002
0.233008
0.23301
0.23301
0.23301
0.23301
0.23301
0.23301
0.23301
0.23301
0.23301
0.23301
0.23301
0.23301
0.23301
0.23301
0.23301
0.23301
0.23301
0.23301
0.23301
0.23301
0.23301
0.23301
0.23301
0.23301
0.23301
0.23301
0.233008
0.23301
0.232985
0.233004
0.232413
0.232703
0.232065
0.232797
0.232958
0.230594
0.231176
0.231654
0.228709
0.229391
0.230189
0.226291
0.226794
0.227251
0.227989
0.22555
0.225021
0.225267
0.225549
0.22588
0.226508
0.226439
0.225461
0.224934
0.224969
0.225087
0.225177
0.22463
0.225064
0.225101
0.224515
0.224443
0.22435
0.224368
0.224409
0.224406
0.224398
0.224411
0.224385
0.224134
0.224089
0.224689
0.224319
0.224154
0.225636
0.225919
0.22545
0.224732
0.226255
0.226801
0.0413598
0.203864
0.0810017
0.227158
0.227353
0.227325
0.224181
0.2328
0.232871
0.232916
0.232939
0.23296
0.232981
0.232999
0.233006
0.233009
0.23301
0.23301
0.23301
0.23301
0.23301
0.23301
0.23301
0.23301
0.23301
0.23301
0.23301
0.23301
0.23301
0.23301
0.23301
0.23301
0.23301
0.23301
0.23301
0.23301
0.23301
0.23301
0.23301
0.23301
0.23301
0.23301
0.23301
0.233009
0.23301
0.232995
0.233005
0.232584
0.23228
0.232791
0.231921
0.232881
0.232994
0.232916
0.230908
0.231477
0.228842
0.229595
0.230499
0.226003
0.226578
0.227189
0.228018
0.22483
0.224557
0.224806
0.225149
0.225538
0.225261
0.225348
0.224709
0.22476
0.224621
0.22458
0.224544
0.224378
0.224544
0.224427
0.22439
0.224321
0.224315
0.22433
0.22437
0.224097
0.224363
0.224169
0.224108
0.225676
0.225938
0.224823
0.224395
0.226225
0.226622
0.038076
0.187272
0.0653262
0.226989
0.227208
0.22696
0.220451
0.232858
0.232935
0.232975
0.232992
0.233
0.233005
0.233008
0.23301
0.23301
0.23301
0.23301
0.23301
0.23301
0.23301
0.23301
0.23301
0.23301
0.23301
0.23301
0.23301
0.23301
0.23301
0.23301
0.23301
0.23301
0.23301
0.23301
0.23301
0.23301
0.23301
0.23301
0.23301
0.23301
0.23301
0.23301
0.23301
0.23301
0.233009
0.23301
0.233004
0.233008
0.232479
0.23271
0.232175
0.232872
0.231791
0.232963
0.232981
0.233001
0.233006
0.231245
0.229028
0.22985
0.230814
0.225791
0.22643
0.227173
0.228109
0.224423
0.224295
0.224501
0.224831
0.225274
0.224594
0.224625
0.224363
0.224313
0.224464
0.224424
0.224325
0.224295
0.224312
0.224266
0.224357
0.224294
0.224194
0.224117
0.225688
0.224843
0.225945
0.224454
0.224215
0.226224
0.226493
0.0359852
0.166007
0.0557454
0.226868
0.227078
0.226352
0.214669
0.232891
0.232973
0.232997
0.233005
0.233008
0.233009
0.23301
0.23301
0.23301
0.23301
0.23301
0.23301
0.23301
0.23301
0.23301
0.23301
0.23301
0.23301
0.23301
0.23301
0.23301
0.23301
0.23301
0.23301
0.23301
0.23301
0.23301
0.23301
0.23301
0.23301
0.23301
0.23301
0.23301
0.23301
0.23301
0.23301
0.23301
0.23301
0.23301
0.23301
0.233008
0.233009
0.232407
0.232643
0.232823
0.232079
0.232934
0.231582
0.232969
0.232999
0.233006
0.233007
0.229235
0.230124
0.231131
0.225625
0.226328
0.227178
0.228225
0.224243
0.22417
0.224297
0.224585
0.225055
0.224325
0.22435
0.224239
0.224231
0.224228
0.224146
0.224202
0.224283
0.224271
0.224249
0.224134
0.225752
0.224893
0.224479
0.225864
0.224251
0.224154
0.226219
0.22647
0.0347231
0.144005
0.0494458
0.226793
0.226941
0.225222
0.207532
0.232914
0.232993
0.233006
0.233009
0.23301
0.23301
0.23301
0.23301
0.23301
0.23301
0.23301
0.23301
0.23301
0.23301
0.23301
0.23301
0.23301
0.23301
0.23301
0.23301
0.23301
0.23301
0.23301
0.23301
0.23301
0.23301
0.23301
0.23301
0.23301
0.23301
0.23301
0.23301
0.23301
0.23301
0.23301
0.23301
0.23301
0.23301
0.23301
0.23301
0.23301
0.233009
0.23301
0.232328
0.232601
0.232779
0.2329
0.23188
0.232954
0.232993
0.233005
0.233008
0.233009
0.229467
0.230414
0.231434
0.225484
0.22625
0.227188
0.228355
0.224156
0.224117
0.224153
0.224389
0.224865
0.224193
0.224214
0.224095
0.224188
0.224231
0.224082
0.224155
0.224268
0.224255
0.225622
0.224969
0.224517
0.224275
0.22586
0.224176
0.22622
0.226464
0.0339869
0.122995
0.0453798
0.226744
0.226753
0.2235
0.1988
0.232945
0.233003
0.233009
0.23301
0.23301
0.23301
0.23301
0.23301
0.23301
0.23301
0.23301
0.23301
0.23301
0.23301
0.23301
0.23301
0.23301
0.23301
0.23301
0.23301
0.23301
0.23301
0.23301
0.23301
0.23301
0.23301
0.23301
0.23301
0.23301
0.23301
0.23301
0.23301
0.23301
0.23301
0.23301
0.23301
0.23301
0.23301
0.23301
0.23301
0.23301
0.23301
0.23301
0.233009
0.23301
0.232144
0.232533
0.232751
0.232876
0.232944
0.232986
0.233002
0.233007
0.233009
0.229689
0.230697
0.231717
0.225342
0.226172
0.227178
0.228471
0.224038
0.22401
0.224076
0.224217
0.224681
0.224044
0.224052
0.224007
0.224214
0.224242
0.224136
0.224061
0.224201
0.225062
0.224563
0.224301
0.224197
0.225873
0.225075
0.226217
0.226465
0.033525
0.104648
0.0426614
0.226707
0.226421
0.221146
0.189192
0.232978
0.233008
0.23301
0.23301
0.23301
0.23301
0.23301
0.23301
0.23301
0.23301
0.23301
0.23301
0.23301
0.23301
0.23301
0.23301
0.23301
0.23301
0.23301
0.23301
0.23301
0.23301
0.23301
0.23301
0.23301
0.23301
0.23301
0.23301
0.23301
0.23301
0.23301
0.23301
0.23301
0.23301
0.23301
0.23301
0.23301
0.23301
0.23301
0.23301
0.23301
0.23301
0.23301
0.23301
0.23301
0.232366
0.23269
0.232856
0.232927
0.232977
0.232998
0.233006
0.233008
0.233009
0.229894
0.230963
0.231966
0.225181
0.226077
0.227127
0.228537
0.22397
0.223955
0.224028
0.224104
0.224485
0.22402
0.223985
0.224232
0.22419
0.224123
0.224024
0.224223
0.224628
0.224335
0.224223
0.225889
0.225115
0.224662
0.226218
0.226463
0.0331796
0.0914424
0.040816
0.226644
0.225932
0.218039
0.180507
0.232998
0.233009
0.23301
0.23301
0.23301
0.23301
0.23301
0.23301
0.23301
0.23301
0.23301
0.23301
0.23301
0.23301
0.23301
0.23301
0.23301
0.23301
0.23301
0.23301
0.23301
0.23301
0.23301
0.23301
0.23301
0.23301
0.23301
0.23301
0.23301
0.23301
0.23301
0.23301
0.23301
0.23301
0.23301
0.23301
0.23301
0.23301
0.23301
0.23301
0.23301
0.23301
0.23301
0.23301
0.23301
0.233009
0.23301
0.232535
0.232804
0.232872
0.232957
0.23299
0.233002
0.233007
0.233009
0.230055
0.231195
0.232164
0.224983
0.225946
0.227026
0.228555
0.223951
0.223924
0.223943
0.224024
0.224296
0.224002
0.224214
0.224182
0.224101
0.224382
0.224251
0.225905
0.225156
0.224706
0.224416
0.226224
0.22646
0.0331494
0.0821968
0.0411763
0.226556
0.225146
0.214773
0.173089
0.233006
0.23301
0.23301
0.23301
0.23301
0.23301
0.23301
0.23301
0.23301
0.23301
0.23301
0.23301
0.23301
0.23301
0.23301
0.23301
0.23301
0.23301
0.23301
0.23301
0.23301
0.23301
0.23301
0.23301
0.23301
0.23301
0.23301
0.23301
0.23301
0.23301
0.23301
0.23301
0.23301
0.23301
0.23301
0.23301
0.23301
0.23301
0.23301
0.23301
0.23301
0.23301
0.23301
0.233009
0.23301
0.23301
0.23301
0.233009
0.233009
0.23301
0.232661
0.23271
0.232892
0.232965
0.232993
0.233004
0.233007
0.230114
0.23137
0.232286
0.22476
0.225767
0.226861
0.22851
0.223933
0.223975
0.223912
0.223903
0.223962
0.224108
0.22409
0.224208
0.224168
0.224285
0.225918
0.225203
0.22475
0.224454
0.224324
0.226229
0.226452
0.0337153
0.0823419
0.0441998
0.226416
0.224115
0.21193
0.167047
0.233009
0.23301
0.23301
0.23301
0.23301
0.23301
0.23301
0.23301
0.23301
0.23301
0.23301
0.23301
0.23301
0.23301
0.23301
0.23301
0.23301
0.23301
0.23301
0.23301
0.23301
0.23301
0.23301
0.23301
0.23301
0.23301
0.23301
0.23301
0.23301
0.23301
0.23301
0.23301
0.23301
0.23301
0.23301
0.23301
0.23301
0.23301
0.23301
0.23301
0.23301
0.23301
0.23301
0.233009
0.23301
0.23301
0.23301
0.23301
0.23301
0.233009
0.233008
0.23301
0.232307
0.232715
0.232892
0.232965
0.232993
0.233004
0.230119
0.231432
0.224515
0.225538
0.226629
0.228373
0.22395
0.224076
0.223944
0.223872
0.223893
0.224004
0.224167
0.224198
0.225931
0.22524
0.224796
0.224495
0.224361
0.226242
0.226428
0.0380194
0.0875779
0.0584815
0.226182
0.223032
0.208984
0.168582
0.23301
0.23301
0.23301
0.23301
0.23301
0.23301
0.23301
0.23301
0.23301
0.23301
0.23301
0.23301
0.23301
0.23301
0.23301
0.23301
0.23301
0.23301
0.23301
0.23301
0.23301
0.23301
0.23301
0.23301
0.23301
0.23301
0.23301
0.23301
0.23301
0.23301
0.23301
0.23301
0.23301
0.23301
0.23301
0.23301
0.23301
0.23301
0.23301
0.23301
0.23301
0.23301
0.23301
0.233008
0.23301
0.23301
0.23301
0.23301
0.23301
0.233009
0.233009
0.233008
0.233004
0.23301
0.231426
0.232287
0.232687
0.232874
0.232958
0.232992
0.230045
0.224269
0.225262
0.22635
0.228171
0.224061
0.224164
0.224064
0.22391
0.22385
0.223843
0.223908
0.224198
0.225939
0.225274
0.224839
0.224538
0.224397
0.226253
0.226381
0.144409
0.104262
0.115629
0.225824
0.2217
0.207257
0.172549
0.23301
0.23301
0.23301
0.23301
0.23301
0.23301
0.23301
0.23301
0.23301
0.23301
0.23301
0.23301
0.23301
0.23301
0.23301
0.23301
0.23301
0.23301
0.23301
0.23301
0.23301
0.23301
0.23301
0.23301
0.23301
0.23301
0.23301
0.23301
0.23301
0.23301
0.23301
0.23301
0.23301
0.23301
0.23301
0.23301
0.23301
0.23301
0.23301
0.23301
0.23301
0.23301
0.23301
0.233004
0.233009
0.23301
0.23301
0.23301
0.23301
0.23301
0.233009
0.233009
0.233008
0.233005
0.232991
0.23301
0.231346
0.23219
0.232627
0.232846
0.232949
0.22987
0.224046
0.22496
0.226031
0.227894
0.22416
0.2242
0.22417
0.224052
0.223898
0.223819
0.223863
0.225959
0.225302
0.22488
0.224581
0.224439
0.226266
0.226305
0.230971
0.114831
0.186509
0.225354
0.220188
0.20584
0.177672
0.23301
0.23301
0.23301
0.23301
0.23301
0.23301
0.23301
0.23301
0.23301
0.23301
0.23301
0.23301
0.23301
0.23301
0.23301
0.23301
0.23301
0.23301
0.23301
0.23301
0.23301
0.23301
0.23301
0.23301
0.23301
0.23301
0.23301
0.23301
0.23301
0.23301
0.23301
0.23301
0.23301
0.23301
0.23301
0.23301
0.23301
0.23301
0.23301
0.23301
0.23301
0.23301
0.23301
0.23301
0.232991
0.233009
0.23301
0.23301
0.23301
0.23301
0.23301
0.23301
0.233009
0.233009
0.233007
0.233006
0.232992
0.232946
0.23301
0.231188
0.232059
0.232559
0.232825
0.229645
0.223932
0.224664
0.225716
0.227587
0.2242
0.224208
0.224178
0.224055
0.223892
0.223786
0.223784
0.225985
0.22533
0.224919
0.224625
0.224478
0.22626
0.22619
0.232461
0.139631
0.213742
0.224616
0.21895
0.205458
0.186003
0.23301
0.23301
0.23301
0.23301
0.23301
0.23301
0.23301
0.23301
0.23301
0.23301
0.23301
0.23301
0.23301
0.23301
0.23301
0.23301
0.23301
0.23301
0.23301
0.23301
0.23301
0.23301
0.23301
0.23301
0.23301
0.23301
0.23301
0.23301
0.23301
0.23301
0.23301
0.23301
0.23301
0.23301
0.23301
0.23301
0.23301
0.23301
0.23301
0.23301
0.23301
0.23301
0.23301
0.232946
0.233008
0.23301
0.23301
0.23301
0.23301
0.23301
0.23301
0.23301
0.233009
0.233009
0.233008
0.233
0.232996
0.232953
0.23282
0.23301
0.23101
0.231932
0.23252
0.229401
0.223849
0.224414
0.225434
0.227281
0.224223
0.224188
0.224058
0.223868
0.223764
0.225995
0.225344
0.224958
0.224666
0.224525
0.226236
0.225958
0.232618
0.158753
0.223361
0.223803
0.217504
0.204801
0.183088
0.23301
0.23301
0.23301
0.23301
0.23301
0.23301
0.23301
0.23301
0.23301
0.23301
0.23301
0.23301
0.23301
0.23301
0.23301
0.23301
0.23301
0.23301
0.23301
0.23301
0.23301
0.23301
0.23301
0.23301
0.23301
0.23301
0.23301
0.23301
0.23301
0.23301
0.23301
0.23301
0.23301
0.23301
0.23301
0.23301
0.23301
0.23301
0.23301
0.23301
0.23301
0.23301
0.23301
0.23301
0.232822
0.233004
0.233009
0.23301
0.23301
0.23301
0.23301
0.23301
0.23301
0.233009
0.233008
0.233008
0.233006
0.232979
0.232966
0.232845
0.232511
0.23301
0.230841
0.231876
0.229175
0.223812
0.224234
0.225191
0.227007
0.22424
0.224205
0.22406
0.223875
0.223752
0.226065
0.225363
0.224989
0.224707
0.224564
0.226169
0.225587
0.232962
0.182675
0.23126
0.22282
0.215824
0.20175
0.183335
0.23301
0.23301
0.23301
0.23301
0.23301
0.23301
0.23301
0.23301
0.23301
0.23301
0.23301
0.23301
0.23301
0.23301
0.23301
0.23301
0.23301
0.23301
0.23301
0.23301
0.23301
0.23301
0.23301
0.23301
0.23301
0.23301
0.23301
0.23301
0.23301
0.23301
0.23301
0.23301
0.23301
0.23301
0.23301
0.23301
0.23301
0.23301
0.23301
0.23301
0.23301
0.23301
0.23301
0.23301
0.232524
0.232991
0.233008
0.23301
0.23301
0.23301
0.23301
0.23301
0.23301
0.233009
0.233009
0.233008
0.233007
0.233007
0.232998
0.232917
0.232881
0.23258
0.231864
0.23301
0.230756
0.22902
0.223788
0.224105
0.224993
0.226786
0.224256
0.224222
0.224075
0.223871
0.223751
0.225943
0.226084
0.225023
0.225416
0.224747
0.224613
0.226074
0.225089
0.233004
0.214453
0.23277
0.221362
0.213117
0.192616
0.191382
0.23301
0.23301
0.23301
0.23301
0.23301
0.23301
0.23301
0.23301
0.23301
0.23301
0.23301
0.23301
0.23301
0.23301
0.23301
0.23301
0.23301
0.23301
0.23301
0.23301
0.23301
0.23301
0.23301
0.23301
0.23301
0.23301
0.23301
0.23301
0.23301
0.23301
0.23301
0.23301
0.23301
0.23301
0.23301
0.23301
0.23301
0.23301
0.23301
0.23301
0.23301
0.23301
0.23301
0.231893
0.232948
0.233007
0.233009
0.23301
0.23301
0.23301
0.23301
0.233009
0.233009
0.233009
0.233008
0.233008
0.233007
0.233002
0.233001
0.232972
0.232744
0.232661
0.231997
0.230731
0.23301
0.228957
0.223777
0.224014
0.22486
0.226664
0.224286
0.224247
0.224088
0.223881
0.223756
0.225935
0.226066
0.22479
0.225063
0.225426
0.22465
0.225897
0.224258
0.233009
0.228768
0.232985
0.219555
0.207544
0.192371
0.215405
0.23301
0.23301
0.23301
0.23301
0.23301
0.23301
0.23301
0.23301
0.23301
0.23301
0.23301
0.23301
0.23301
0.23301
0.23301
0.23301
0.23301
0.23301
0.23301
0.23301
0.23301
0.23301
0.23301
0.23301
0.23301
0.23301
0.23301
0.23301
0.23301
0.23301
0.23301
0.23301
0.23301
0.23301
0.23301
0.23301
0.23301
0.23301
0.23301
0.23301
0.23301
0.23301
0.23301
0.230747
0.232821
0.233002
0.233008
0.23301
0.23301
0.23301
0.233009
0.233009
0.23301
0.233008
0.233008
0.233008
0.233006
0.233006
0.233001
0.232987
0.232983
0.232882
0.232306
0.232146
0.230886
0.23301
0.228952
0.223768
0.223977
0.224806
0.226627
0.224312
0.224271
0.224105
0.223888
0.225935
0.226022
0.2247
0.224834
0.225088
0.225426
0.225562
0.223023
0.23301
0.232361
0.233007
0.216392
0.197582
0.198353
0.228141
0.23301
0.23301
0.23301
0.23301
0.23301
0.23301
0.23301
0.23301
0.23301
0.23301
0.23301
0.23301
0.23301
0.23301
0.23301
0.23301
0.23301
0.23301
0.23301
0.23301
0.23301
0.23301
0.23301
0.23301
0.23301
0.23301
0.23301
0.23301
0.23301
0.23301
0.23301
0.23301
0.23301
0.23301
0.23301
0.23301
0.23301
0.23301
0.23301
0.23301
0.23301
0.23301
0.23301
0.232463
0.232986
0.233005
0.23301
0.23301
0.233009
0.23301
0.233008
0.233008
0.23301
0.233004
0.233004
0.233004
0.232997
0.233
0.232985
0.232937
0.232922
0.232604
0.231339
0.231092
0.229063
0.23301
0.223768
0.223913
0.223972
0.2248
0.226662
0.224347
0.224296
0.22412
0.225924
0.225919
0.22474
0.224871
0.225111
0.22543
0.224879
0.221261
0.23301
0.232929
0.23301
0.208929
0.197709
0.215827
0.231988
0.23301
0.23301
0.23301
0.23301
0.23301
0.23301
0.23301
0.23301
0.23301
0.23301
0.23301
0.23301
0.23301
0.23301
0.23301
0.23301
0.23301
0.23301
0.23301
0.23301
0.23301
0.23301
0.23301
0.23301
0.23301
0.23301
0.23301
0.23301
0.23301
0.23301
0.23301
0.23301
0.23301
0.23301
0.23301
0.23301
0.23301
0.23301
0.23301
0.23301
0.23301
0.23301
0.23301
0.231608
0.23294
0.232996
0.233009
0.23301
0.233009
0.23301
0.233008
0.233009
0.233004
0.233005
0.23301
0.232993
0.232992
0.232994
0.232976
0.232981
0.232938
0.232776
0.232708
0.231875
0.229589
0.229296
0.23301
0.223786
0.223926
0.224148
0.223985
0.224846
0.226831
0.224374
0.224323
0.225916
0.225722
0.224792
0.224901
0.225136
0.225459
0.223815
0.217559
0.23301
0.233001
0.23301
0.201111
0.202547
0.227457
0.232846
0.23301
0.23301
0.23301
0.23301
0.23301
0.23301
0.23301
0.23301
0.23301
0.23301
0.23301
0.23301
0.23301
0.23301
0.23301
0.23301
0.23301
0.23301
0.23301
0.23301
0.23301
0.23301
0.23301
0.23301
0.23301
0.23301
0.23301
0.23301
0.23301
0.23301
0.23301
0.23301
0.23301
0.23301
0.23301
0.23301
0.23301
0.23301
0.23301
0.23301
0.23301
0.23301
0.23301
0.22994
0.232802
0.23297
0.233008
0.23301
0.23301
0.23301
0.233009
0.23301
0.233006
0.233007
0.232992
0.232994
0.23301
0.232961
0.232959
0.232965
0.232921
0.232933
0.232808
0.232282
0.232101
0.230328
0.227079
0.23301
0.223812
0.223941
0.22417
0.224362
0.224029
0.22495
0.224411
0.22583
0.225855
0.225198
0.224822
0.224939
0.225163
0.225438
0.221863
0.209445
0.23301
0.233009
0.23301
0.20141
0.216021
0.231636
0.232989
0.23301
0.23301
0.23301
0.23301
0.23301
0.23301
0.23301
0.23301
0.23301
0.23301
0.23301
0.23301
0.23301
0.23301
0.23301
0.23301
0.23301
0.23301
0.23301
0.23301
0.23301
0.23301
0.23301
0.23301
0.23301
0.23301
0.23301
0.23301
0.23301
0.23301
0.23301
0.23301
0.23301
0.23301
0.23301
0.23301
0.23301
0.23301
0.23301
0.23301
0.23301
0.23301
0.23301
0.23301
0.227386
0.232406
0.232909
0.233005
0.23301
0.23301
0.23301
0.233009
0.233007
0.23301
0.232997
0.233001
0.232959
0.232962
0.23301
0.232886
0.23288
0.232897
0.232787
0.232804
0.232474
0.231083
0.230713
0.227774
0.223847
0.223958
0.224192
0.224397
0.22444
0.224073
0.225066
0.225802
0.225699
0.224218
0.224867
0.224971
0.22518
0.225458
0.217796
0.203703
0.23301
0.23301
0.23301
0.20553
0.226935
0.232748
0.233008
0.23301
0.23301
0.23301
0.23301
0.23301
0.23301
0.23301
0.23301
0.23301
0.23301
0.23301
0.23301
0.23301
0.23301
0.23301
0.23301
0.23301
0.23301
0.23301
0.23301
0.23301
0.23301
0.23301
0.23301
0.23301
0.23301
0.23301
0.23301
0.23301
0.23301
0.23301
0.23301
0.23301
0.23301
0.23301
0.23301
0.23301
0.23301
0.23301
0.23301
0.23301
0.23301
0.23301
0.23301
0.231401
0.232768
0.232991
0.23301
0.233009
0.23301
0.23301
0.233009
0.233008
0.233
0.23301
0.23297
0.23298
0.232879
0.232882
0.232721
0.232708
0.232743
0.232486
0.23249
0.231641
0.228782
0.228242
0.225238
0.223867
0.223974
0.224216
0.224431
0.224503
0.224122
0.225762
0.225322
0.22214
0.224896
0.225004
0.225203
0.225711
0.225423
0.209793
0.204143
0.23301
0.23301
0.23301
0.216459
0.231319
0.232971
0.23301
0.23301
0.23301
0.23301
0.23301
0.23301
0.23301
0.23301
0.23301
0.23301
0.23301
0.23301
0.23301
0.23301
0.23301
0.23301
0.23301
0.23301
0.23301
0.23301
0.23301
0.23301
0.23301
0.23301
0.23301
0.23301
0.23301
0.23301
0.23301
0.23301
0.23301
0.23301
0.23301
0.23301
0.23301
0.23301
0.23301
0.23301
0.23301
0.23301
0.23301
0.23301
0.23301
0.23301
0.23301
0.23301
0.229363
0.23246
0.232948
0.23301
0.23301
0.23301
0.233009
0.233009
0.23301
0.233008
0.233005
0.232975
0.232899
0.23292
0.232703
0.232705
0.232395
0.232373
0.232432
0.231849
0.231789
0.229878
0.225788
0.225466
0.224179
0.223901
0.223988
0.22424
0.224468
0.224541
0.225658
0.224359
0.217453
0.224946
0.225032
0.225211
0.225643
0.225403
0.205726
0.207815
0.23301
0.23301
0.23301
0.226707
0.232646
0.233005
0.23301
0.23301
0.23301
0.23301
0.23301
0.23301
0.23301
0.23301
0.23301
0.23301
0.23301
0.23301
0.23301
0.23301
0.23301
0.23301
0.23301
0.23301
0.23301
0.23301
0.23301
0.23301
0.23301
0.23301
0.23301
0.23301
0.23301
0.23301
0.23301
0.23301
0.23301
0.23301
0.23301
0.23301
0.23301
0.23301
0.23301
0.23301
0.23301
0.23301
0.23301
0.23301
0.23301
0.23301
0.23301
0.23301
0.23301
0.23301
0.226253
0.231857
0.232834
0.23301
0.23301
0.23301
0.23301
0.233007
0.233009
0.233003
0.232993
0.2329
0.232734
0.232777
0.232366
0.232369
0.231816
0.231793
0.231847
0.230586
0.230291
0.226914
0.224323
0.224236
0.223923
0.224001
0.224263
0.224503
0.224592
0.225325
0.222152
0.210356
0.22497
0.225059
0.225221
0.225574
0.22553
0.225397
0.206354
0.217258
0.23301
0.23301
0.23301
0.231125
0.232951
0.233009
0.23301
0.23301
0.23301
0.23301
0.23301
0.23301
0.23301
0.23301
0.23301
0.23301
0.23301
0.23301
0.23301
0.23301
0.23301
0.23301
0.23301
0.23301
0.23301
0.23301
0.23301
0.23301
0.23301
0.23301
0.23301
0.23301
0.23301
0.23301
0.23301
0.23301
0.23301
0.23301
0.23301
0.23301
0.23301
0.23301
0.23301
0.23301
0.23301
0.23301
0.23301
0.23301
0.23301
0.23301
0.23301
0.23301
0.23301
0.23301
0.23301
0.224451
0.230753
0.232583
0.23301
0.23301
0.23301
0.233009
0.233009
0.233
0.233006
0.232987
0.232953
0.232715
0.232409
0.232483
0.231784
0.231804
0.230856
0.230874
0.230823
0.228236
0.227635
0.224665
0.223941
0.224013
0.224288
0.22454
0.224629
0.224392
0.217228
0.207569
0.225006
0.225082
0.225233
0.225256
0.225457
0.22543
0.225351
0.209864
0.226818
0.23301
0.23301
0.23301
0.232581
0.233002
0.23301
0.23301
0.23301
0.23301
0.23301
0.23301
0.23301
0.23301
0.23301
0.23301
0.23301
0.23301
0.23301
0.23301
0.23301
0.23301
0.23301
0.23301
0.23301
0.23301
0.23301
0.23301
0.23301
0.23301
0.23301
0.23301
0.23301
0.23301
0.23301
0.23301
0.23301
0.23301
0.23301
0.23301
0.23301
0.23301
0.23301
0.23301
0.23301
0.23301
0.23301
0.23301
0.23301
0.23301
0.23301
0.23301
0.23301
0.23301
0.23301
0.23301
0.23301
0.23301
0.223958
0.228755
0.232124
0.233009
0.23301
0.23301
0.233008
0.233009
0.23298
0.232999
0.232937
0.232836
0.23234
0.231857
0.231968
0.230885
0.23094
0.229338
0.229499
0.229107
0.225303
0.224966
0.223965
0.224019
0.224318
0.224579
0.224661
0.222114
0.211154
0.20838
0.225028
0.225102
0.225232
0.224357
0.225186
0.225376
0.225324
0.218584
0.231083
0.23301
0.23301
0.232936
0.233009
0.23301
0.23301
0.23301
0.23301
0.23301
0.23301
0.23301
0.23301
0.23301
0.23301
0.23301
0.23301
0.23301
0.23301
0.23301
0.23301
0.23301
0.23301
0.23301
0.23301
0.23301
0.23301
0.23301
0.23301
0.23301
0.23301
0.23301
0.23301
0.23301
0.23301
0.23301
0.23301
0.23301
0.23301
0.23301
0.23301
0.23301
0.23301
0.23301
0.23301
0.23301
0.23301
0.23301
0.23301
0.23301
0.23301
0.23301
0.23301
0.23301
0.23301
0.23301
0.23301
0.23301
0.224022
0.225715
0.231402
0.233009
0.23301
0.23301
0.233009
0.233006
0.233008
0.232922
0.232978
0.232797
0.232565
0.231712
0.231024
0.231179
0.2296
0.229719
0.226999
0.227464
0.226349
0.224082
0.224002
0.223848
0.224346
0.224623
0.224705
0.217181
0.209347
0.211893
0.225048
0.225112
0.225231
0.222121
0.224334
0.225135
0.225294
0.2253
0.227187
0.232565
0.23301
0.23301
0.23301
0.233
0.23301
0.23301
0.23301
0.23301
0.23301
0.23301
0.23301
0.23301
0.23301
0.23301
0.23301
0.23301
0.23301
0.23301
0.23301
0.23301
0.23301
0.23301
0.23301
0.23301
0.23301
0.23301
0.23301
0.23301
0.23301
0.23301
0.23301
0.23301
0.23301
0.23301
0.23301
0.23301
0.23301
0.23301
0.23301
0.23301
0.23301
0.23301
0.23301
0.23301
0.23301
0.23301
0.23301
0.23301
0.23301
0.23301
0.23301
0.23301
0.23301
0.23301
0.23301
0.23301
0.23301
0.23301
0.23301
0.23301
0.224377
0.224
0.224117
0.230387
0.233008
0.23301
0.23301
0.233009
0.232998
0.233006
0.232765
0.232923
0.232467
0.232066
0.230795
0.229876
0.230085
0.227842
0.228078
0.224545
0.224904
0.224253
0.223772
0.223801
0.224667
0.224753
0.212175
0.210358
0.220256
0.225061
0.225125
0.225229
0.217207
0.222047
0.224217
0.224993
0.225249
0.22528
0.231212
0.232933
0.23301
0.23301
0.23301
0.233009
0.23301
0.23301
0.23301
0.23301
0.23301
0.23301
0.23301
0.23301
0.23301
0.23301
0.23301
0.23301
0.23301
0.23301
0.23301
0.23301
0.23301
0.23301
0.23301
0.23301
0.23301
0.23301
0.23301
0.23301
0.23301
0.23301
0.23301
0.23301
0.23301
0.23301
0.23301
0.23301
0.23301
0.23301
0.23301
0.23301
0.23301
0.23301
0.23301
0.23301
0.23301
0.23301
0.23301
0.23301
0.23301
0.23301
0.23301
0.23301
0.23301
0.23301
0.23301
0.23301
0.23301
0.23301
0.23301
0.23301
0.23301
0.224713
0.224399
0.22402
0.223715
0.229087
0.233006
0.233009
0.23301
0.233008
0.232978
0.233
0.232403
0.232789
0.231873
0.231285
0.229599
0.228389
0.228677
0.225494
0.225966
0.223641
0.22373
0.223643
0.224025
0.224802
0.21116
0.214083
0.227829
0.225078
0.225136
0.225226
0.213293
0.217188
0.221685
0.223911
0.224836
0.225211
0.22526
0.2326
0.232999
0.23301
0.23301
0.23301
0.23301
0.23301
0.23301
0.23301
0.23301
0.23301
0.23301
0.23301
0.23301
0.23301
0.23301
0.23301
0.23301
0.23301
0.23301
0.23301
0.23301
0.23301
0.23301
0.23301
0.23301
0.23301
0.23301
0.23301
0.23301
0.23301
0.23301
0.23301
0.23301
0.23301
0.23301
0.23301
0.23301
0.23301
0.23301
0.23301
0.23301
0.23301
0.23301
0.23301
0.23301
0.23301
0.23301
0.23301
0.23301
0.23301
0.23301
0.23301
0.23301
0.23301
0.23301
0.23301
0.23301
0.23301
0.23301
0.23301
0.23301
0.23301
0.23301
0.23301
0.23301
0.224853
0.224758
0.224454
0.224028
0.227495
0.233001
0.233009
0.233009
0.233007
0.232929
0.232983
0.231747
0.232488
0.230991
0.230224
0.228141
0.22653
0.226953
0.223875
0.224083
0.223442
0.223383
0.223565
0.224495
0.212395
0.222236
0.231467
0.225092
0.225144
0.225226
0.21303
0.214606
0.217423
0.220976
0.223447
0.224614
0.225161
0.225237
0.232941
0.233009
0.23301
0.23301
0.23301
0.23301
0.23301
0.23301
0.23301
0.23301
0.23301
0.23301
0.23301
0.23301
0.23301
0.23301
0.23301
0.23301
0.23301
0.23301
0.23301
0.23301
0.23301
0.23301
0.23301
0.23301
0.23301
0.23301
0.23301
0.23301
0.23301
0.23301
0.23301
0.23301
0.23301
0.23301
0.23301
0.23301
0.23301
0.23301
0.23301
0.23301
0.23301
0.23301
0.23301
0.23301
0.23301
0.23301
0.23301
0.23301
0.23301
0.23301
0.23301
0.23301
0.23301
0.23301
0.23301
0.23301
0.23301
0.23301
0.23301
0.233009
0.23301
0.23301
0.23301
0.23301
0.23301
0.224905
0.224826
0.224542
0.223983
0.225603
0.232988
0.233008
0.233009
0.233003
0.232815
0.232943
0.230826
0.231854
0.229851
0.228896
0.226435
0.224435
0.224982
0.223354
0.223409
0.224048
0.223361
0.224877
0.216752
0.228727
0.232678
0.225105
0.225154
0.225223
0.214607
0.214935
0.215913
0.21769
0.220036
0.222519
0.224249
0.224782
0.22523
0.233
0.23301
0.23301
0.23301
0.23301
0.23301
0.23301
0.23301
0.23301
0.23301
0.23301
0.23301
0.23301
0.23301
0.23301
0.23301
0.23301
0.23301
0.23301
0.23301
0.23301
0.23301
0.23301
0.23301
0.23301
0.23301
0.23301
0.23301
0.23301
0.23301
0.23301
0.23301
0.23301
0.23301
0.23301
0.23301
0.23301
0.23301
0.23301
0.23301
0.23301
0.23301
0.23301
0.23301
0.23301
0.23301
0.23301
0.23301
0.23301
0.23301
0.23301
0.23301
0.23301
0.23301
0.23301
0.23301
0.23301
0.23301
0.23301
0.23301
0.23301
0.23301
0.23301
0.23301
0.23301
0.23301
0.233009
0.23301
0.23301
0.23301
0.23301
0.23301
0.224974
0.22493
0.224571
0.223984
0.232959
0.233005
0.233008
0.232994
0.23257
0.232855
0.229641
0.230923
0.228444
0.227298
0.224539
0.223477
0.223688
0.223225
0.223192
0.224043
0.224664
0.225026
0.224402
0.23182
0.232956
0.225118
0.225159
0.225221
0.219804
0.217215
0.216769
0.217261
0.218282
0.219426
0.221427
0.225177
0.222914
0.225215
0.233009
0.23301
0.23301
0.23301
0.23301
0.23301
0.23301
0.23301
0.23301
0.23301
0.23301
0.23301
0.23301
0.23301
0.23301
0.23301
0.23301
0.23301
0.23301
0.23301
0.23301
0.23301
0.23301
0.23301
0.23301
0.23301
0.23301
0.23301
0.23301
0.23301
0.23301
0.23301
0.23301
0.23301
0.23301
0.23301
0.23301
0.23301
0.23301
0.23301
0.23301
0.23301
0.23301
0.23301
0.23301
0.23301
0.23301
0.23301
0.23301
0.23301
0.23301
0.23301
0.23301
0.23301
0.23301
0.23301
0.23301
0.23301
0.23301
0.23301
0.23301
0.23301
0.23301
0.23301
0.23301
0.23301
0.23301
0.233009
0.233009
0.23301
0.23301
0.23301
0.23301
0.225079
0.224978
0.223333
0.232895
0.232999
0.233007
0.232973
0.232079
0.232668
0.22818
0.229726
0.226753
0.225475
0.223536
0.223181
0.223199
0.224133
0.223169
0.224709
0.225057
0.229813
0.232774
0.233003
0.225125
0.225167
0.22522
0.226551
0.223419
0.220177
0.218682
0.218706
0.218966
0.219539
0.224259
0.2204
0.22508
0.22518
0.23301
0.23301
0.23301
0.23301
0.23301
0.23301
0.23301
0.23301
0.23301
0.23301
0.23301
0.23301
0.23301
0.23301
0.23301
0.23301
0.23301
0.23301
0.23301
0.23301
0.23301
0.23301
0.23301
0.23301
0.23301
0.23301
0.23301
0.23301
0.23301
0.23301
0.23301
0.23301
0.23301
0.23301
0.23301
0.23301
0.23301
0.23301
0.23301
0.23301
0.23301
0.23301
0.23301
0.23301
0.23301
0.23301
0.23301
0.23301
0.23301
0.23301
0.23301
0.23301
0.23301
0.23301
0.23301
0.23301
0.23301
0.23301
0.23301
0.23301
0.23301
0.23301
0.23301
0.23301
0.23301
0.23301
0.23301
0.23301
0.23301
0.233008
0.233009
0.233009
0.23301
0.23301
0.23301
0.225132
0.223104
0.232764
0.232985
0.233003
0.23293
0.231239
0.232319
0.226412
0.228213
0.224835
0.223987
0.223136
0.223078
0.22305
0.224153
0.224796
0.225105
0.225201
0.232215
0.232975
0.233009
0.225136
0.225175
0.225221
0.230855
0.228863
0.226845
0.223908
0.221253
0.220034
0.219783
0.221294
0.219845
0.223642
0.224348
0.225179
0.23301
0.23301
0.23301
0.23301
0.23301
0.23301
0.23301
0.23301
0.23301
0.23301
0.23301
0.23301
0.23301
0.23301
0.23301
0.23301
0.23301
0.23301
0.23301
0.23301
0.23301
0.23301
0.23301
0.23301
0.23301
0.23301
0.23301
0.23301
0.23301
0.23301
0.23301
0.23301
0.23301
0.23301
0.23301
0.23301
0.23301
0.23301
0.23301
0.23301
0.23301
0.23301
0.23301
0.23301
0.23301
0.23301
0.23301
0.23301
0.23301
0.23301
0.23301
0.23301
0.23301
0.23301
0.23301
0.23301
0.23301
0.23301
0.23301
0.23301
0.23301
0.23301
0.23301
0.23301
0.23301
0.23301
0.23301
0.23301
0.23301
0.23301
0.23301
0.23301
0.233006
0.233009
0.233009
0.23301
0.23301
0.23301
0.223007
0.232513
0.232956
0.232994
0.232841
0.230081
0.231669
0.224552
0.226362
0.223692
0.223343
0.223023
0.223165
0.222996
0.224218
0.224848
0.225177
0.225249
0.232869
0.233006
0.225147
0.225182
0.225219
0.232553
0.231848
0.230781
0.229351
0.227447
0.224229
0.221747
0.219988
0.220588
0.220733
0.221514
0.225075
0.225139
0.23301
0.23301
0.23301
0.23301
0.23301
0.23301
0.23301
0.23301
0.23301
0.23301
0.23301
0.23301
0.233009
0.23301
0.23301
0.23301
0.23301
0.23301
0.23301
0.23301
0.23301
0.23301
0.23301
0.23301
0.23301
0.23301
0.23301
0.23301
0.23301
0.23301
0.23301
0.23301
0.23301
0.23301
0.23301
0.23301
0.23301
0.23301
0.23301
0.23301
0.23301
0.23301
0.23301
0.23301
0.23301
0.23301
0.23301
0.23301
0.23301
0.23301
0.23301
0.23301
0.23301
0.23301
0.23301
0.23301
0.23301
0.23301
0.23301
0.23301
0.23301
0.23301
0.23301
0.23301
0.23301
0.23301
0.23301
0.23301
0.23301
0.23301
0.23301
0.23301
0.23301
0.23301
0.23301
0.233
0.233007
0.233009
0.23301
0.23301
0.23301
0.223007
0.23207
0.232896
0.232976
0.232671
0.228561
0.230633
0.223579
0.224542
0.223196
0.223104
0.22298
0.224317
0.224924
0.225224
0.225312
0.232991
0.225156
0.22519
0.225221
0.232935
0.2328
0.232488
0.231949
0.231175
0.22992
0.227434
0.22008
0.223877
0.220048
0.223545
0.220147
0.224055
0.225133
0.23301
0.23301
0.23301
0.23301
0.23301
0.23301
0.23301
0.23301
0.23301
0.23301
0.23301
0.23301
0.23301
0.233008
0.23301
0.23301
0.23301
0.23301
0.23301
0.23301
0.23301
0.23301
0.23301
0.23301
0.23301
0.23301
0.23301
0.23301
0.23301
0.23301
0.23301
0.23301
0.23301
0.23301
0.23301
0.23301
0.23301
0.23301
0.23301
0.23301
0.23301
0.23301
0.23301
0.23301
0.23301
0.23301
0.23301
0.23301
0.23301
0.23301
0.23301
0.23301
0.23301
0.23301
0.23301
0.23301
0.23301
0.23301
0.23301
0.23301
0.23301
0.23301
0.23301
0.23301
0.23301
0.23301
0.23301
0.23301
0.23301
0.23301
0.23301
0.23301
0.23301
0.23301
0.23301
0.23301
0.23301
0.23301
0.23301
0.23299
0.233005
0.233007
0.233009
0.23301
0.23301
0.224341
0.231283
0.232781
0.23294
0.232364
0.226649
0.229173
0.223169
0.223587
0.223059
0.222992
0.223039
0.225005
0.225287
0.225355
0.225168
0.225199
0.225215
0.233
0.232982
0.232919
0.232804
0.232579
0.232181
0.231336
0.221572
0.229847
0.220572
0.220858
0.220137
0.221467
0.224924
0.225118
0.23301
0.23301
0.23301
0.23301
0.23301
0.23301
0.23301
0.23301
0.23301
0.23301
0.23301
0.23301
0.23301
0.23301
0.233009
0.23301
0.23301
0.23301
0.23301
0.23301
0.23301
0.23301
0.23301
0.23301
0.23301
0.23301
0.23301
0.23301
0.23301
0.23301
0.23301
0.23301
0.23301
0.23301
0.23301
0.23301
0.23301
0.23301
0.23301
0.23301
0.23301
0.23301
0.23301
0.23301
0.23301
0.23301
0.23301
0.23301
0.23301
0.23301
0.23301
0.23301
0.23301
0.23301
0.23301
0.23301
0.23301
0.23301
0.23301
0.23301
0.23301
0.23301
0.23301
0.23301
0.23301
0.23301
0.23301
0.23301
0.23301
0.23301
0.23301
0.23301
0.23301
0.23301
0.23301
0.23301
0.23301
0.23301
0.23301
0.23301
0.23301
0.232968
0.232999
0.233004
0.233009
0.23301
0.23301
0.224443
0.225045
0.230002
0.232575
0.232868
0.231843
0.224759
0.227283
0.22306
0.223177
0.222997
0.222992
0.225347
0.225411
0.225178
0.225205
0.225223
0.233007
0.232997
0.232979
0.232933
0.232833
0.232617
0.226287
0.232129
0.223099
0.220129
0.221287
0.223328
0.220253
0.223871
0.225109
0.23301
0.23301
0.23301
0.23301
0.23301
0.23301
0.23301
0.23301
0.23301
0.23301
0.23301
0.23301
0.23301
0.23301
0.23301
0.23301
0.23301
0.23301
0.23301
0.23301
0.23301
0.23301
0.23301
0.23301
0.23301
0.23301
0.23301
0.23301
0.23301
0.23301
0.23301
0.23301
0.23301
0.23301
0.23301
0.23301
0.23301
0.23301
0.23301
0.23301
0.23301
0.23301
0.23301
0.23301
0.23301
0.23301
0.23301
0.23301
0.23301
0.23301
0.23301
0.23301
0.23301
0.23301
0.23301
0.23301
0.23301
0.23301
0.23301
0.23301
0.23301
0.23301
0.23301
0.23301
0.23301
0.23301
0.23301
0.23301
0.23301
0.23301
0.23301
0.23301
0.23301
0.23301
0.23301
0.23301
0.23301
0.23301
0.23301
0.23301
0.23301
0.23301
0.233009
0.232925
0.232988
0.232999
0.233007
0.23301
0.23301
0.225132
0.22453
0.225383
0.228168
0.232224
0.232737
0.230959
0.223746
0.225229
0.223029
0.223056
0.223058
0.223096
0.22546
0.22519
0.225218
0.225231
0.233008
0.233006
0.232998
0.232977
0.232929
0.231039
0.232796
0.228558
0.220524
0.22508
0.220853
0.220316
0.224278
0.221628
0.225113
0.23301
0.23301
0.23301
0.23301
0.23301
0.23301
0.23301
0.23301
0.23301
0.23301
0.23301
0.23301
0.23301
0.23301
0.23301
0.23301
0.23301
0.23301
0.23301
0.23301
0.23301
0.23301
0.23301
0.23301
0.23301
0.23301
0.23301
0.23301
0.23301
0.23301
0.23301
0.23301
0.23301
0.23301
0.23301
0.23301
0.23301
0.23301
0.23301
0.23301
0.23301
0.23301
0.23301
0.23301
0.23301
0.23301
0.23301
0.23301
0.23301
0.23301
0.23301
0.23301
0.23301
0.23301
0.23301
0.23301
0.23301
0.23301
0.23301
0.23301
0.23301
0.23301
0.23301
0.23301
0.23301
0.23301
0.23301
0.23301
0.23301
0.23301
0.23301
0.23301
0.23301
0.23301
0.23301
0.23301
0.23301
0.23301
0.23301
0.23301
0.23301
0.23301
0.23301
0.23301
0.233009
0.232846
0.232965
0.232989
0.233005
0.23301
0.23301
0.22544
0.225197
0.224647
0.225493
0.226101
0.231652
0.232515
0.229414
0.2233
0.224061
0.223174
0.223056
0.223221
0.225202
0.225231
0.225243
0.233009
0.233008
0.233004
0.232993
0.232476
0.232962
0.23174
0.222654
0.230039
0.22036
0.22132
0.22449
0.222527
0.220569
0.225127
0.23301
0.23301
0.23301
0.23301
0.23301
0.23301
0.23301
0.23301
0.23301
0.23301
0.23301
0.23301
0.23301
0.23301
0.23301
0.23301
0.23301
0.23301
0.23301
0.23301
0.23301
0.23301
0.23301
0.23301
0.23301
0.23301
0.23301
0.23301
0.23301
0.23301
0.23301
0.23301
0.23301
0.23301
0.23301
0.23301
0.23301
0.23301
0.23301
0.23301
0.23301
0.23301
0.23301
0.23301
0.23301
0.23301
0.23301
0.23301
0.23301
0.23301
0.23301
0.23301
0.23301
0.23301
0.23301
0.23301
0.23301
0.23301
0.23301
0.23301
0.23301
0.23301
0.23301
0.23301
0.23301
0.23301
0.23301
0.23301
0.23301
0.23301
0.23301
0.23301
0.23301
0.23301
0.23301
0.23301
0.23301
0.23301
0.23301
0.23301
0.23301
0.23301
0.23301
0.23301
0.23301
0.23301
0.23301
0.233008
0.232711
0.232925
0.232969
0.233
0.23301
0.23301
0.225536
0.225485
0.225272
0.224765
0.224609
0.230692
0.232154
0.227386
0.223127
0.22348
0.223404
0.223191
0.225216
0.225245
0.225241
0.23301
0.233009
0.233007
0.232878
0.233
0.232651
0.227452
0.232157
0.220834
0.224774
0.224988
0.22298
0.221102
0.220814
0.225176
0.23301
0.23301
0.23301
0.23301
0.23301
0.23301
0.23301
0.23301
0.23301
0.23301
0.23301
0.23301
0.23301
0.23301
0.23301
0.23301
0.23301
0.23301
0.23301
0.23301
0.23301
0.23301
0.23301
0.23301
0.23301
0.23301
0.23301
0.23301
0.23301
0.23301
0.23301
0.23301
0.23301
0.23301
0.23301
0.23301
0.23301
0.23301
0.23301
0.23301
0.23301
0.23301
0.23301
0.23301
0.23301
0.23301
0.23301
0.23301
0.23301
0.23301
0.23301
0.23301
0.23301
0.23301
0.23301
0.23301
0.23301
0.23301
0.23301
0.23301
0.23301
0.23301
0.23301
0.23301
0.23301
0.23301
0.23301
0.23301
0.23301
0.23301
0.23301
0.23301
0.23301
0.23301
0.23301
0.23301
0.23301
0.23301
0.23301
0.23301
0.23301
0.23301
0.23301
0.23301
0.233009
0.23301
0.23301
0.23301
0.23301
0.23301
0.233007
0.232497
0.232853
0.232936
0.232992
0.23301
0.23301
0.225573
0.225528
0.225344
0.224817
0.223822
0.229057
0.231578
0.225615
0.223129
0.223242
0.223583
0.223487
0.225231
0.225252
0.225277
0.23301
0.233009
0.232981
0.233008
0.232924
0.230977
0.232782
0.223033
0.229335
0.223991
0.221617
0.220939
0.222033
0.224402
0.225202
0.23301
0.23301
0.23301
0.23301
0.23301
0.23301
0.23301
0.23301
0.23301
0.23301
0.23301
0.23301
0.23301
0.23301
0.23301
0.23301
0.23301
0.23301
0.23301
0.23301
0.23301
0.23301
0.23301
0.23301
0.23301
0.23301
0.23301
0.23301
0.23301
0.23301
0.23301
0.23301
0.23301
0.23301
0.23301
0.23301
0.23301
0.23301
0.23301
0.23301
0.23301
0.23301
0.23301
0.23301
0.23301
0.23301
0.23301
0.23301
0.23301
0.23301
0.23301
0.23301
0.23301
0.23301
0.23301
0.23301
0.23301
0.23301
0.23301
0.23301
0.23301
0.23301
0.23301
0.23301
0.23301
0.23301
0.23301
0.23301
0.23301
0.23301
0.23301
0.23301
0.23301
0.23301
0.23301
0.23301
0.23301
0.23301
0.23301
0.23301
0.23301
0.23301
0.23301
0.23301
0.23301
0.23301
0.233009
0.23301
0.23301
0.23301
0.23301
0.233004
0.232169
0.232733
0.232879
0.232978
0.23301
0.23301
0.225604
0.225567
0.225383
0.225008
0.223479
0.227191
0.230678
0.224462
0.223266
0.223199
0.223782
0.22524
0.225277
0.225288
0.23301
0.233005
0.23301
0.232993
0.232419
0.232963
0.22737
0.231701
0.222253
0.221245
0.221711
0.225577
0.224657
0.222875
0.225246
0.23301
0.23301
0.23301
0.23301
0.23301
0.23301
0.23301
0.23301
0.23301
0.23301
0.23301
0.23301
0.23301
0.23301
0.23301
0.23301
0.23301
0.23301
0.23301
0.23301
0.23301
0.23301
0.23301
0.23301
0.23301
0.23301
0.23301
0.23301
0.23301
0.23301
0.23301
0.23301
0.23301
0.23301
0.23301
0.23301
0.23301
0.23301
0.23301
0.23301
0.23301
0.23301
0.23301
0.23301
0.23301
0.23301
0.23301
0.23301
0.23301
0.23301
0.23301
0.23301
0.23301
0.23301
0.23301
0.23301
0.23301
0.23301
0.23301
0.23301
0.23301
0.23301
0.23301
0.23301
0.23301
0.23301
0.23301
0.23301
0.23301
0.23301
0.23301
0.23301
0.23301
0.23301
0.23301
0.23301
0.23301
0.23301
0.23301
0.23301
0.23301
0.23301
0.23301
0.23301
0.23301
0.23301
0.23301
0.23301
0.23301
0.23301
0.233008
0.23301
0.23301
0.23301
0.232999
0.231678
0.232548
0.232787
0.232954
0.23301
0.23301
0.22563
0.225587
0.225458
0.225127
0.223339
0.225688
0.229225
0.223854
0.223646
0.223338
0.225266
0.225289
0.225333
0.233009
0.23301
0.233007
0.232876
0.233002
0.230658
0.23268
0.221633
0.221724
0.224325
0.229402
0.224839
0.223351
0.222057
0.225288
0.23301
0.23301
0.23301
0.23301
0.23301
0.23301
0.23301
0.23301
0.23301
0.23301
0.23301
0.23301
0.23301
0.23301
0.23301
0.23301
0.23301
0.23301
0.23301
0.23301
0.23301
0.23301
0.23301
0.23301
0.23301
0.23301
0.23301
0.23301
0.23301
0.23301
0.23301
0.23301
0.23301
0.23301
0.23301
0.23301
0.23301
0.23301
0.23301
0.23301
0.23301
0.23301
0.23301
0.23301
0.23301
0.23301
0.23301
0.23301
0.23301
0.23301
0.23301
0.23301
0.23301
0.23301
0.23301
0.23301
0.23301
0.23301
0.23301
0.23301
0.23301
0.23301
0.23301
0.23301
0.23301
0.23301
0.23301
0.23301
0.23301
0.23301
0.23301
0.23301
0.23301
0.23301
0.23301
0.23301
0.23301
0.23301
0.23301
0.23301
0.23301
0.23301
0.23301
0.23301
0.23301
0.23301
0.23301
0.23301
0.23301
0.23301
0.23301
0.23301
0.233007
0.233009
0.23301
0.23299
0.23095
0.232272
0.232647
0.232913
0.23301
0.23301
0.225643
0.225617
0.225508
0.224016
0.225182
0.223429
0.224687
0.227644
0.223594
0.223622
0.225277
0.22533
0.225351
0.23301
0.23301
0.232988
0.233009
0.232228
0.232948
0.22187
0.223495
0.228231
0.231613
0.224957
0.223702
0.222453
0.222158
0.225336
0.23301
0.23301
0.23301
0.23301
0.23301
0.23301
0.23301
0.23301
0.23301
0.23301
0.23301
0.23301
0.23301
0.23301
0.23301
0.23301
0.23301
0.23301
0.23301
0.23301
0.23301
0.23301
0.23301
0.23301
0.23301
0.23301
0.23301
0.23301
0.23301
0.23301
0.23301
0.23301
0.23301
0.23301
0.23301
0.23301
0.23301
0.23301
0.23301
0.23301
0.23301
0.23301
0.23301
0.23301
0.23301
0.23301
0.23301
0.23301
0.23301
0.23301
0.23301
0.23301
0.23301
0.23301
0.23301
0.23301
0.23301
0.23301
0.23301
0.23301
0.23301
0.23301
0.23301
0.23301
0.23301
0.23301
0.23301
0.23301
0.23301
0.23301
0.23301
0.23301
0.23301
0.23301
0.23301
0.23301
0.23301
0.23301
0.23301
0.23301
0.23301
0.23301
0.23301
0.23301
0.23301
0.23301
0.233009
0.23301
0.23301
0.23301
0.23301
0.23301
0.23301
0.23301
0.23301
0.23301
0.23301
0.233004
0.23301
0.232974
0.229871
0.231882
0.232434
0.232845
0.23301
0.23301
0.225659
0.225637
0.225537
0.224143
0.225321
0.223608
0.224129
0.226274
0.223524
0.224147
0.225317
0.225347
0.225386
0.23301
0.233007
0.23301
0.232853
0.233002
0.223167
0.22716
0.230917
0.232638
0.225055
0.223962
0.222793
0.222457
0.22316
0.225383
0.23301
0.23301
0.23301
0.23301
0.23301
0.23301
0.23301
0.23301
0.23301
0.23301
0.23301
0.23301
0.23301
0.23301
0.23301
0.23301
0.23301
0.23301
0.23301
0.23301
0.23301
0.23301
0.23301
0.23301
0.23301
0.23301
0.23301
0.23301
0.23301
0.23301
0.23301
0.23301
0.23301
0.23301
0.23301
0.23301
0.23301
0.23301
0.23301
0.23301
0.23301
0.23301
0.23301
0.23301
0.23301
0.23301
0.23301
0.23301
0.23301
0.23301
0.23301
0.23301
0.23301
0.23301
0.23301
0.23301
0.23301
0.23301
0.23301
0.23301
0.23301
0.23301
0.23301
0.23301
0.23301
0.23301
0.23301
0.23301
0.23301
0.23301
0.23301
0.23301
0.23301
0.23301
0.23301
0.23301
0.23301
0.23301
0.23301
0.23301
0.23301
0.23301
0.23301
0.23301
0.23301
0.233008
0.233
0.23301
0.23301
0.23301
0.23301
0.233009
0.233006
0.23301
0.23301
0.23301
0.23301
0.23301
0.23301
0.23301
0.232947
0.228557
0.231342
0.232128
0.232738
0.23301
0.23301
0.22567
0.225644
0.22558
0.224416
0.225362
0.224023
0.223874
0.225338
0.223657
0.225333
0.225387
0.225425
0.23301
0.23301
0.232988
0.233009
0.226407
0.230201
0.232334
0.232956
0.225134
0.224161
0.223081
0.222753
0.223241
0.225866
0.225434
0.23301
0.23301
0.23301
0.23301
0.23301
0.23301
0.23301
0.23301
0.23301
0.23301
0.23301
0.23301
0.23301
0.23301
0.23301
0.23301
0.23301
0.23301
0.23301
0.23301
0.23301
0.23301
0.23301
0.23301
0.23301
0.23301
0.23301
0.23301
0.23301
0.23301
0.23301
0.23301
0.23301
0.23301
0.23301
0.23301
0.23301
0.23301
0.23301
0.23301
0.23301
0.23301
0.23301
0.23301
0.23301
0.23301
0.23301
0.23301
0.23301
0.23301
0.23301
0.23301
0.23301
0.23301
0.23301
0.23301
0.23301
0.23301
0.23301
0.23301
0.23301
0.23301
0.23301
0.23301
0.23301
0.23301
0.23301
0.23301
0.23301
0.23301
0.23301
0.23301
0.23301
0.23301
0.23301
0.23301
0.23301
0.23301
0.23301
0.23301
0.23301
0.23301
0.232991
0.23301
0.23301
0.23301
0.233009
0.233003
0.232976
0.23301
0.23301
0.23301
0.23301
0.23301
0.23301
0.23301
0.23301
0.23301
0.2329
0.22735
0.23059
0.2317
0.232574
0.23301
0.23301
0.225671
0.225654
0.225597
0.224559
0.225475
0.224532
0.223781
0.224696
0.223786
0.225373
0.225406
0.225459
0.23301
0.233008
0.23301
0.229589
0.231978
0.232882
0.233004
0.225214
0.224321
0.223308
0.223012
0.223455
0.225669
0.229092
0.225476
0.23301
0.23301
0.23301
0.23301
0.23301
0.23301
0.23301
0.23301
0.23301
0.23301
0.23301
0.23301
0.23301
0.23301
0.23301
0.23301
0.23301
0.23301
0.23301
0.23301
0.23301
0.23301
0.23301
0.23301
0.23301
0.23301
0.23301
0.23301
0.23301
0.23301
0.23301
0.23301
0.23301
0.23301
0.23301
0.23301
0.23301
0.23301
0.23301
0.23301
0.23301
0.23301
0.23301
0.23301
0.23301
0.23301
0.23301
0.23301
0.23301
0.23301
0.23301
0.23301
0.23301
0.23301
0.23301
0.23301
0.23301
0.23301
0.23301
0.23301
0.23301
0.23301
0.23301
0.23301
0.23301
0.23301
0.23301
0.23301
0.23301
0.23301
0.23301
0.23301
0.23301
0.23301
0.23301
0.23301
0.23301
0.23301
0.23301
0.23301
0.23301
0.233009
0.232998
0.23295
0.232824
0.23301
0.23301
0.23301
0.23301
0.23301
0.23301
0.23301
0.23301
0.23301
0.22643
0.229562
0.231139
0.232334
0.23301
0.23301
0.225672
0.225651
0.225619
0.224838
0.2255
0.223819
0.224341
0.224062
0.225391
0.225432
0.225507
0.23301
0.231629
0.232772
0.232996
0.23301
0.225227
0.224396
0.223497
0.223244
0.223695
0.225684
0.228769
0.231334
0.22551
0.23301
0.23301
0.23301
0.23301
0.23301
0.23301
0.23301
0.23301
0.23301
0.23301
0.23301
0.23301
0.23301
0.23301
0.23301
0.23301
0.23301
0.23301
0.23301
0.23301
0.23301
0.23301
0.23301
0.23301
0.23301
0.23301
0.23301
0.23301
0.23301
0.23301
0.23301
0.23301
0.23301
0.23301
0.23301
0.23301
0.23301
0.23301
0.23301
0.23301
0.23301
0.23301
0.23301
0.23301
0.23301
0.23301
0.23301
0.23301
0.23301
0.23301
0.23301
0.23301
0.23301
0.23301
0.23301
0.23301
0.23301
0.23301
0.23301
0.23301
0.23301
0.23301
0.23301
0.23301
0.23301
0.23301
0.23301
0.233008
0.23299
0.232909
0.232705
0.23301
0.23301
0.23301
0.23301
0.23301
0.23301
0.23301
0.23301
0.22567
0.228571
0.23041
0.231997
0.23301
0.23301
0.225657
0.225647
0.22562
0.225012
0.22552
0.223939
0.224131
0.224398
0.225415
0.225478
0.22553
0.232644
0.232981
0.233009
0.23301
0.225214
0.224399
0.223656
0.223462
0.223968
0.225784
0.228675
0.231084
0.232527
0.225548
0.23301
0.23301
0.23301
0.23301
0.23301
0.23301
0.23301
0.23301
0.23301
0.23301
0.23301
0.23301
0.23301
0.23301
0.23301
0.23301
0.23301
0.23301
0.23301
0.23301
0.23301
0.23301
0.23301
0.23301
0.23301
0.23301
0.23301
0.23301
0.23301
0.23301
0.23301
0.23301
0.23301
0.23301
0.23301
0.23301
0.23301
0.23301
0.23301
0.23301
0.23301
0.23301
0.23301
0.23301
0.23301
0.23301
0.23301
0.23301
0.23301
0.23301
0.23301
0.23301
0.23301
0.23301
0.23301
0.233006
0.232978
0.232847
0.232536
0.23301
0.23301
0.23301
0.23301
0.23301
0.23301
0.233005
0.23301
0.225103
0.227613
0.22957
0.231563
0.23301
0.225642
0.225623
0.225618
0.22512
0.225523
0.223983
0.224025
0.224683
0.225461
0.225505
0.225585
0.232959
0.233008
0.23301
0.225197
0.224368
0.223767
0.223666
0.224281
0.22605
0.228701
0.230983
0.232414
0.232936
0.23301
0.23301
0.23301
0.23301
0.23301
0.23301
0.23301
0.23301
0.23301
0.23301
0.23301
0.23301
0.23301
0.23301
0.23301
0.23301
0.23301
0.23301
0.23301
0.23301
0.23301
0.23301
0.23301
0.23301
0.23301
0.23301
0.23301
0.23301
0.23301
0.23301
0.23301
0.23301
0.23301
0.23301
0.23301
0.23301
0.23301
0.23301
0.23301
0.23301
0.23301
0.23301
0.23301
0.23301
0.23301
0.23301
0.23301
0.23301
0.232962
0.232764
0.232311
0.23301
0.23301
0.233009
0.233009
0.233003
0.233002
0.232944
0.23301
0.224661
0.226833
0.228786
0.231039
0.225612
0.225603
0.225593
0.225233
0.224108
0.223959
0.225027
0.225485
0.225558
0.233006
0.23301
0.224245
0.223883
0.223876
0.224641
0.226418
0.228813
0.230986
0.232371
0.232914
0.233004
0.23301
0.23301
0.23301
0.23301
0.23301
0.23301
0.23301
0.23301
0.23301
0.23301
0.23301
0.23301
0.23301
0.23301
0.23301
0.23301
0.23301
0.23301
0.23301
0.23301
0.23301
0.23301
0.23301
0.23301
0.23301
0.23301
0.23301
0.23301
0.23301
0.23301
0.23301
0.23301
0.23301
0.23301
0.23301
0.23301
0.23301
0.23301
0.23301
0.23301
0.23301
0.23301
0.23301
0.23301
0.23301
0.23301
0.232665
0.232039
0.233009
0.23301
0.233002
0.233001
0.232926
0.232912
0.232563
0.224322
0.226119
0.228062
0.230458
0.225591
0.225575
0.223921
0.225541
0.23301
0.224068
0.225052
0.226878
0.229082
0.231042
0.232374
0.232905
0.233002
0.23301
0.23301
0.23301
0.23301
0.23301
0.23301
0.23301
0.23301
0.23301
0.23301
0.23301
0.23301
0.23301
0.23301
0.23301
0.23301
0.23301
0.23301
0.23301
0.23301
0.23301
0.23301
0.23301
0.23301
0.23301
0.23301
0.23301
0.23301
0.23301
0.23301
0.23301
0.23301
0.23301
0.23301
0.23301
0.23301
0.23301
0.23301
0.23301
0.23301
0.23301
0.23301
0.23301
0.231738
0.232906
0.232467
0.232398
0.231447
0.225546
0.227431
0.22992
0.225557
0.229461
0.231195
0.23301
0.23301
0.23301
0.23301
0.23301
0.23301
0.23301
0.23301
0.23301
0.23301
0.23301
0.23301
0.23301
0.23301
0.23301
0.23301
0.23301
0.23301
0.23301
0.23301
0.23301
0.23301
0.23301
0.23301
0.23301
0.23301
0.23301
0.23301
0.23301
0.23301
0.23301
0.23301
0.23301
0.23301
0.23301
0.23301
0.23301
0.23301
0.23301
0.23301
0.23301
0.23301
0.23301
0.23301
0.23301
0.23301
0.23301
0.23301
0.23301
0.23301
0.23301
0.23301
0.23301
0.23301
0.23301
0.23301
0.23301
0.23301
0.23301
0.23301
0.23301
0.23301
0.23301
0.23301
0.23301
0.23301
0.23301
0.23301
0.23301
0.23301
0.23301
0.23301
0.23301
0.23301
0.23301
0.23301
0.23301
0.23301
0.23301
0.23301
0.23301
0.23301
0.23301
0.23301
0.23301
0.23301
0.23301
0.23301
0.23301
0.23301
0.23301
0.23301
0.23301
0.23301
0.23301
0.23301
0.23301
0.23301
0.23301
0.23301
0.23301
0.23301
0.23301
0.23301
0.23301
0.23301
0.23301
0.23301
0.23301
0.23301
0.23301
0.23301
0.23301
0.23301
0.23301
0.23301
0.23301
0.23301
0.23301
0.23301
0.23301
0.23301
0.23301
0.23301
0.23301
0.23301
0.23301
0.23301
0.23301
0.23301
0.23301
0.23301
0.23301
0.23301
0.23301
0.23301
0.23301
0.23301
0.23301
0.23301
0.23301
0.23301
0.23301
0.23301
0.23301
0.23301
0.23301
0.23301
0.23301
0.23301
0.23301
0.23301
0.23301
0.23301
0.23301
0.23301
0.23301
0.23301
0.23301
0.23301
0.23301
0.23301
0.23301
0.23301
0.23301
0.23301
0.23301
0.23301
0.23301
0.23301
0.23301
0.23301
0.23301
0.23301
0.23301
0.23301
0.23301
0.23301
0.23301
0.23301
0.23301
0.23301
0.23301
0.23301
0.23301
0.23301
0.23301
0.23301
0.23301
0.23301
0.23301
0.23301
0.23301
0.23301
0.23301
0.23301
0.23301
0.23301
0.23301
0.23301
0.23301
0.23301
0.23301
0.23301
0.23301
0.23301
0.23301
0.23301
0.23301
0.23301
0.23301
0.23301
0.23301
0.23301
0.23301
0.23301
0.23301
0.23301
0.23301
0.23301
0.23301
0.23301
0.23301
0.23301
0.23301
0.23301
0.23301
0.23301
0.23301
0.23301
0.23301
0.23301
0.23301
0.23301
0.23301
0.23301
0.23301
0.23301
0.23301
0.23301
0.23301
0.23301
0.23301
0.23301
0.23301
0.23301
0.23301
0.23301
0.23301
0.23301
0.23301
0.23301
0.23301
0.23301
0.23301
0.23301
0.23301
0.23301
0.23301
0.23301
0.23301
0.23301
0.23301
0.23301
0.23301
0.23301
0.23301
0.23301
0.23301
0.23301
0.23301
0.23301
0.23301
0.23301
0.23301
0.23301
0.23301
0.23301
0.23301
0.23301
0.23301
0.23301
0.23301
0.23301
0.23301
0.23301
0.23301
0.23301
0.23301
0.23301
0.23301
0.23301
0.23301
0.23301
0.23301
0.23301
0.23301
0.23301
0.23301
0.23301
0.23301
0.23301
0.23301
0.23301
0.23301
0.23301
0.23301
0.23301
0.23301
0.23301
0.23301
0.23301
0.23301
0.23301
0.23301
0.23301
0.23301
0.23301
0.23301
0.23301
0.23301
0.23301
0.23301
0.23301
0.23301
0.23301
0.23301
0.23301
0.23301
0.23301
0.23301
0.23301
0.23301
0.23301
0.23301
0.23301
0.23301
0.23301
0.23301
0.23301
0.23301
0.23301
0.23301
0.23301
0.23301
0.23301
0.23301
0.23301
0.23301
0.23301
0.23301
0.23301
0.23301
0.23301
0.23301
0.23301
0.23301
0.23301
0.23301
0.23301
0.23301
0.23301
0.23301
0.23301
0.23301
0.23301
0.23301
0.23301
0.23301
0.23301
0.23301
0.23301
0.23301
0.23301
0.23301
0.23301
0.23301
0.23301
0.23301
0.23301
0.23301
0.23301
0.23301
0.23301
0.23301
0.23301
0.23301
0.23301
0.23301
0.23301
0.23301
0.23301
0.23301
0.23301
0.23301
0.23301
0.23301
0.23301
0.23301
0.23301
0.23301
0.23301
0.23301
0.23301
0.23301
0.23301
0.23301
0.23301
0.23301
0.23301
0.23301
0.23301
0.23301
0.23301
0.23301
0.23301
0.23301
0.23301
0.23301
0.23301
0.23301
0.23301
0.23301
0.23301
0.23301
0.23301
0.23301
0.23301
0.23301
0.23301
0.23301
0.23301
0.23301
0.23301
0.23301
0.23301
0.23301
0.23301
0.23301
0.23301
0.23301
0.23301
0.23301
0.23301
0.23301
0.23301
0.23301
)
;

boundaryField
{
    lowerOutlet
    {
        type            inletOutlet;
        inletValue      uniform 0.23301;
        value           nonuniform List<scalar> 
140
(
0.23301
0.23301
0.23301
0.23301
0.23301
0.23301
0.23301
0.23301
0.23301
0.23301
0.23301
0.23301
0.23301
0.23301
0.23301
0.23301
0.23301
0.23301
0.23301
0.23301
0.23301
0.23301
0.23301
0.23301
0.23301
0.23301
0.23301
0.23301
0.23301
0.23301
0.23301
0.23301
0.23301
0.23301
0.23301
0.23301
0.23301
0.23301
0.23301
0.23301
0.23301
0.23301
0.23301
0.232425
0.23301
0.229985
0.232441
0.23301
0.144409
0.23301
0.23301
0.23301
0.23301
0.23301
0.23301
0.23301
0.23301
0.23301
0.23301
0.23301
0.23301
0.23301
0.23301
0.23301
0.23301
0.23301
0.23301
0.23301
0.23301
0.23301
0.23301
0.23301
0.23301
0.23301
0.23301
0.23301
0.23301
0.23301
0.23301
0.23301
0.23301
0.23301
0.23301
0.23301
0.23301
0.23301
0.23301
0.23301
0.23301
0.23301
0.23301
0.23301
0.23301
0.23301
0.23301
0.23301
0.23301
0.23301
0.23301
0.23301
0.23301
0.230611
0.229763
0.23301
0.23301
0.214532
0.23301
0.23301
0.23301
0.23301
0.23301
0.23301
0.23301
0.23301
0.23301
0.23301
0.23301
0.23053
0.231132
0.23301
0.23301
0.23301
0.23301
0.23301
0.23301
0.23301
0.22983
0.23301
0.23301
0.23301
0.23301
0.23301
0.23301
0.23301
0.23301
0.23301
0.23301
0.23301
0.23301
0.23301
)
;
    }
    top
    {
        type            inletOutlet;
        inletValue      uniform 0.23301;
        value           nonuniform List<scalar> 
100
(
0.23301
0.233009
0.233009
0.233008
0.233007
0.233008
0.233008
0.233004
0.232982
0.232908
0.232715
0.232337
0.231807
0.23134
0.231174
0.231174
0.231358
0.231651
0.231875
0.231983
0.232023
0.232057
0.232092
0.232135
0.232219
0.232375
0.232559
0.232704
0.2328
0.232858
0.232891
0.232914
0.232945
0.232978
0.232998
0.233006
0.233009
0.23301
0.23301
0.23301
0.23301
0.23301
0.23301
0.23301
0.23301
0.23301
0.23301
0.23301
0.23301
0.23301
0.23301
0.23301
0.23301
0.23301
0.23301
0.23301
0.23301
0.23301
0.23301
0.23301
0.23301
0.23301
0.23301
0.23301
0.23301
0.23301
0.23301
0.23301
0.23301
0.23301
0.23301
0.23301
0.23301
0.23301
0.23301
0.23301
0.23301
0.23301
0.23301
0.23301
0.23301
0.23301
0.23301
0.23301
0.23301
0.23301
0.23301
0.23301
0.23301
0.23301
0.23301
0.23301
0.23301
0.23301
0.23301
0.23301
0.23301
0.23301
0.23301
0.23301
)
;
    }
    sides
    {
        type            inletOutlet;
        inletValue      uniform 0.23301;
        value           uniform 0.23301;
    }
    front
    {
        type            empty;
    }
    back
    {
        type            empty;
    }
    roller
    {
        type            zeroGradient;
    }
    burner
    {
        type            fixedValue;
        value           uniform 0.032;
    }
}


// ************************************************************************* //
