/*--------------------------------*- C++ -*----------------------------------*\
  =========                 |
  \\      /  F ield         | OpenFOAM: The Open Source CFD Toolbox
   \\    /   O peration     | Website:  https://openfoam.org
    \\  /    A nd           | Version:  dev
     \\/     M anipulation  |
\*---------------------------------------------------------------------------*/
FoamFile
{
    version     2.0;
    format      ascii;
    class       volScalarField;
    location    "2500";
    object      T;
}
// * * * * * * * * * * * * * * * * * * * * * * * * * * * * * * * * * * * * * //

dimensions      [0 0 0 1 0 0 0];

internalField   nonuniform List<scalar> 
9978
(
300.098
300.145
300.123
300.141
300.222
300.112
300.15
300.282
300.228
300.089
300.143
300.283
300.318
300.207
300.084
300.135
300.276
300.381
300.314
300.185
300.072
300.127
300.265
300.419
300.39
300.283
300.162
300.069
300.109
300.283
300.436
300.465
300.379
300.253
300.147
300.064
300.106
300.275
300.434
300.502
300.461
300.349
300.226
300.137
300.057
300.105
300.271
300.436
300.53
300.523
300.426
300.312
300.211
300.13
300.058
300.102
300.27
300.427
300.537
300.577
300.521
300.403
300.287
300.197
300.117
300.056
300.112
300.262
300.409
300.541
300.616
300.585
300.485
300.372
300.266
300.188
300.113
300.051
300.11
300.24
300.379
300.541
300.642
300.638
300.567
300.445
300.347
300.247
300.18
300.115
300.051
300.106
300.219
300.382
300.548
300.658
300.678
300.636
300.53
300.422
300.318
300.237
300.17
300.109
300.049
300.093
300.212
300.359
300.531
300.652
300.714
300.687
300.611
300.5
300.396
300.308
300.233
300.169
300.104
300.048
300.088
300.222
300.347
300.525
300.642
300.73
300.738
300.674
300.571
300.461
300.375
300.293
300.225
300.161
300.107
300.049
300.091
300.201
300.345
300.508
300.618
300.739
300.769
300.732
300.647
300.538
300.443
300.358
300.286
300.222
300.161
300.102
300.047
300.082
300.201
300.334
300.461
300.595
300.749
300.794
300.78
300.71
300.62
300.505
300.422
300.345
300.278
300.213
300.16
300.103
300.046
300.08
300.196
300.3
300.439
300.577
300.743
300.811
300.818
300.771
300.685
300.572
300.484
300.406
300.33
300.269
300.21
300.157
300.103
300.048
300.079
300.18
300.294
300.436
300.563
300.726
300.815
300.846
300.817
300.748
300.653
300.54
300.467
300.395
300.326
300.264
300.21
300.152
300.101
300.046
300.073
300.162
300.284
300.394
300.542
300.686
300.809
300.864
300.859
300.804
300.718
300.619
300.528
300.454
300.379
300.321
300.259
300.207
300.151
300.102
300.048
300.066
300.157
300.269
300.367
300.515
300.647
300.791
300.871
300.887
300.851
300.78
300.685
300.586
300.511
300.435
300.375
300.317
300.26
300.202
300.154
300.101
300.046
300.065
300.156
300.239
300.36
300.496
300.622
300.768
300.873
300.906
300.89
300.834
300.748
300.655
300.569
300.498
300.43
300.369
300.313
300.257
300.206
300.153
300.102
300.048
300.062
300.134
300.233
300.35
300.47
300.581
300.73
300.859
300.917
300.92
300.88
300.805
300.718
300.633
300.556
300.481
300.424
300.36
300.31
300.257
300.205
300.152
300.098
300.047
300.058
300.12
300.212
300.319
300.441
300.557
300.706
300.837
300.917
300.94
300.917
300.857
300.774
300.689
300.612
300.543
300.475
300.42
300.363
300.308
300.256
300.205
300.152
300.101
300.046
300.052
300.111
300.186
300.292
300.396
300.53
300.664
300.802
300.907
300.952
300.947
300.9
300.825
300.743
300.667
300.593
300.531
300.472
300.412
300.36
300.307
300.257
300.207
300.155
300.103
300.047
300.055
300.113
300.175
300.273
300.354
300.508
300.619
300.77
300.89
300.955
300.97
300.941
300.881
300.792
300.719
300.65
300.581
300.524
300.466
300.41
300.358
300.307
300.256
300.207
300.154
300.103
300.049
300.051
300.145
300.194
300.26
300.328
300.485
300.595
300.735
300.856
300.949
300.984
300.973
300.923
300.852
300.772
300.7
300.636
300.574
300.517
300.458
300.408
300.356
300.307
300.257
300.207
300.155
300.102
300.048
300.049
300.125
300.267
300.288
300.321
300.456
300.565
300.681
300.827
300.94
300.99
300.995
300.961
300.897
300.816
300.749
300.683
300.62
300.566
300.51
300.456
300.406
300.357
300.308
300.26
300.21
300.157
300.103
300.048
300.05
300.111
300.229
300.367
300.346
300.424
300.529
300.636
300.795
300.913
300.988
301.01
300.99
300.94
300.87
300.792
300.726
300.667
300.613
300.559
300.507
300.457
300.408
300.359
300.312
300.263
300.213
300.16
300.105
300.049
300.05
300.106
300.187
300.35
300.435
300.436
300.524
300.598
300.739
300.89
300.975
301.019
301.017
300.974
300.912
300.837
300.77
300.711
300.658
300.607
300.556
300.507
300.458
300.41
300.363
300.316
300.268
300.217
300.164
300.107
300.05
300.048
300.109
300.173
300.286
300.454
300.511
300.525
300.573
300.685
300.868
300.961
301.02
301.033
301.007
300.95
300.879
300.812
300.753
300.701
300.652
300.603
300.555
300.508
300.461
300.414
300.368
300.322
300.274
300.223
300.168
300.11
300.051
300.044
300.108
300.168
300.25
300.405
300.548
300.55
300.572
300.641
300.821
300.941
301.014
301.044
301.032
300.985
300.919
300.852
300.794
300.742
300.695
300.649
300.603
300.557
300.511
300.465
300.42
300.375
300.33
300.282
300.229
300.173
300.113
300.052
300.049
300.114
300.173
300.242
300.344
300.527
300.618
300.584
300.618
300.769
300.924
301.001
301.048
301.052
301.017
300.956
300.89
300.831
300.781
300.735
300.691
300.648
300.604
300.56
300.516
300.472
300.428
300.384
300.339
300.291
300.238
300.179
300.116
300.048
300.05
300.113
300.176
300.245
300.325
300.458
300.624
300.633
300.619
300.715
300.895
300.984
301.047
301.068
301.046
300.99
300.925
300.866
300.816
300.772
300.73
300.691
300.65
300.607
300.565
300.523
300.48
300.438
300.396
300.352
300.304
300.248
300.184
300.093
300.126
300.023
300.081
300.055
300.045
300.113
300.18
300.253
300.323
300.418
300.592
300.692
300.647
300.691
300.857
300.961
301.04
301.075
301.069
301.025
300.96
300.899
300.849
300.805
300.765
300.729
300.693
300.654
300.614
300.573
300.532
300.492
300.452
300.412
300.369
300.318
300.25
300.163
300.198
300.117
300.023
300.088
300.055
300.052
300.118
300.188
300.26
300.335
300.41
300.521
300.694
300.704
300.699
300.82
300.929
301.024
301.076
301.087
301.056
300.997
300.933
300.879
300.835
300.798
300.765
300.733
300.699
300.662
300.623
300.584
300.545
300.508
300.471
300.434
300.388
300.305
300.341
300.237
300.289
300.275
300.156
300.195
300.125
300.023
300.091
300.057
300.053
300.124
300.206
300.277
300.35
300.421
300.503
300.669
300.75
300.729
300.774
300.892
301.001
301.074
301.1
301.083
301.032
300.967
300.909
300.866
300.832
300.8
300.773
300.745
300.713
300.676
300.638
300.602
300.569
300.539
300.508
300.467
300.381
300.42
300.332
300.237
300.316
300.28
300.164
300.204
300.129
300.023
300.093
300.058
300.051
300.131
300.219
300.302
300.376
300.443
300.516
300.638
300.768
300.777
300.774
300.861
300.97
301.063
301.103
301.103
301.064
301
300.941
300.9
300.867
300.845
300.828
300.811
300.786
300.749
300.708
300.672
300.651
300.651
300.662
300.644
300.472
300.563
300.38
300.439
300.362
300.248
300.329
300.296
300.17
300.214
300.134
300.024
300.097
300.06
300.054
300.138
300.24
300.33
300.409
300.476
300.541
300.64
300.763
300.815
300.795
300.832
300.939
301.043
301.102
301.117
301.091
301.038
300.979
300.935
300.918
300.921
300.944
300.968
300.958
300.909
300.842
300.795
300.804
300.914
301.127
301.354
300.795
301.431
300.538
300.797
300.421
300.523
300.39
300.262
300.356
300.32
300.177
300.225
300.139
300.024
300.1
300.062
300.059
300.148
300.262
300.367
300.447
300.517
300.578
300.654
300.757
300.831
300.829
300.833
300.914
301.019
301.097
301.126
301.112
301.07
301.01
300.976
300.986
301.067
301.221
301.388
301.456
301.357
301.189
301.082
301.153
301.511
302.228
303.094
302.47
303.886
301.469
302.727
300.79
301.501
300.493
300.755
300.455
300.281
300.411
300.365
300.186
300.24
300.145
300.025
300.105
300.064
300.065
300.165
300.279
300.408
300.489
300.56
300.624
300.687
300.766
300.841
300.859
300.85
300.89
300.994
301.084
301.128
301.129
301.092
301.038
301.01
301.077
301.317
301.739
302.227
302.53
302.459
302.071
301.756
301.888
302.652
303.975
305.492
305.116
306.585
304.134
305.585
302.837
304.34
301.456
302.858
300.698
301.361
300.626
300.316
300.549
300.473
300.197
300.267
300.154
300.026
300.11
300.067
300.073
300.187
300.304
300.446
300.535
300.607
300.673
300.733
300.794
300.856
300.885
300.876
300.891
300.974
301.066
301.126
301.14
301.107
301.06
301.044
301.182
301.641
302.437
303.279
303.827
303.859
303.432
302.984
303.093
304.079
305.729
307.63
307.709
308.948
307.007
308.32
305.877
307.375
304.446
306.073
302.789
304.467
301.229
302.638
301.077
300.398
300.919
300.763
300.216
300.325
300.166
300.027
300.118
300.071
300.082
300.21
300.34
300.475
300.58
300.655
300.725
300.787
300.837
300.883
300.91
300.905
300.903
300.951
301.047
301.121
301.148
301.13
301.076
301.072
301.274
301.988
303.222
304.469
305.244
305.374
304.912
304.349
304.453
305.61
307.513
309.479
309.763
310.539
309.476
310.403
308.755
309.944
307.641
309.076
306.182
307.827
304.415
306.225
302.407
304.294
302.118
300.614
301.789
301.478
300.255
300.475
300.19
300.027
300.13
300.075
300.091
300.233
300.374
300.497
300.62
300.702
300.779
300.844
300.891
300.923
300.941
300.936
300.924
300.95
301.031
301.109
301.151
301.148
301.098
301.083
301.332
302.276
303.968
305.718
306.787
307.021
306.566
305.921
305.904
307.118
308.882
310.237
310.909
311.051
311.071
311.448
310.894
311.568
310.31
311.294
309.315
310.593
307.95
309.505
306.214
308.032
304.094
306.15
303.839
301.18
303.496
303.051
300.351
300.884
300.243
300.028
300.154
300.083
300.1
300.253
300.402
300.522
300.651
300.745
300.831
300.902
300.948
300.972
300.98
300.971
300.952
300.957
301.012
301.094
301.15
301.161
301.127
301.096
301.346
302.444
304.563
306.815
308.388
308.911
308.568
307.905
307.791
308.674
309.572
310.161
310.964
310.702
311.53
311.362
311.945
312.002
312.008
312.429
311.628
312.405
310.832
311.918
309.663
311.057
308.086
309.811
306.031
308.115
305.868
302.485
305.634
305.281
300.61
301.845
300.38
300.03
300.209
300.099
300.108
300.269
300.421
300.542
300.668
300.782
300.88
300.959
301.007
301.027
301.025
301.009
300.985
300.974
301.009
301.081
301.145
301.169
301.151
301.114
301.339
302.473
304.908
307.722
309.669
310.371
310.344
309.965
309.75
309.889
310.002
310.105
310.034
310.99
310.405
311.842
311.367
312.536
312.42
312.912
313.115
312.768
313.379
312.201
313.114
311.283
312.498
309.96
311.526
308.118
310.109
308.082
304.702
307.981
307.731
301.263
303.801
300.738
300.034
300.353
300.132
300.117
300.284
300.433
300.555
300.678
300.813
300.924
301.012
301.065
301.082
301.075
301.052
301.022
301
301.013
301.068
301.137
301.176
301.169
301.134
301.305
302.432
304.966
308.187
310.259
311.039
311.191
311.042
310.809
310.622
310.49
310.073
309.188
309.006
308.098
310.64
309.813
311.964
311.127
313.073
312.764
313.725
313.784
313.822
314.315
313.473
314.25
312.814
313.853
311.786
313.148
310.247
312.036
310.332
307.205
310.342
310.166
302.646
306.36
301.548
300.035
300.704
300.203
300.133
300.3
300.44
300.561
300.688
300.84
300.963
301.061
301.118
301.136
301.126
301.098
301.064
301.034
301.028
301.066
301.13
301.178
301.18
301.154
301.242
302.27
304.895
308.266
310.307
311.097
311.355
311.357
311.22
310.989
310.593
309.881
308.388
307.375
306.568
307.933
306.885
310.111
309.023
311.996
310.929
313.637
313.1
314.546
314.532
314.858
315.272
314.68
315.355
314.232
315.095
313.472
314.572
312.269
313.724
312.404
309.702
312.361
312.121
304.957
308.845
303.093
300.034
301.378
300.325
300.16
300.329
300.453
300.575
300.701
300.856
300.995
301.105
301.168
301.188
301.177
301.148
301.111
301.075
301.056
301.072
301.124
301.178
301.191
301.175
301.197
301.954
304.591
308.08
310.074
310.921
311.189
311.15
311
310.75
310.261
309.258
307.428
305.941
305.245
305.886
304.934
307.197
306.019
309.697
308.431
312.1
310.886
314.28
313.54
315.424
315.362
315.892
316.236
315.792
316.387
315.419
316.103
314.732
315.48
313.768
314.654
313.639
311.67
313.362
313.003
307.498
310.929
305.268
300.031
302.342
300.465
300.373
300.476
300.573
300.689
300.855
301.018
301.143
301.213
301.237
301.229
301.203
301.166
301.127
301.097
301.093
301.126
301.177
301.201
301.19
301.18
301.643
303.906
307.542
309.404
310.32
310.479
310.176
309.838
309.533
308.991
307.823
305.618
303.078
304.047
303.106
304.895
303.828
306.98
305.777
309.569
308.248
312.396
311.073
315.009
314.125
316.322
316.193
316.848
317.051
316.681
317.137
316.108
316.657
315.305
315.868
314.381
314.953
314.035
312.587
313.582
313.104
309.617
312.041
307.388
300.04
303.432
300.826
300.507
300.583
300.694
300.854
301.032
301.173
301.254
301.287
301.289
301.274
301.243
301.203
301.162
301.137
301.143
301.18
301.209
301.202
301.185
301.407
303.135
306.7
308.621
309.336
308.909
307.847
306.82
306.214
305.756
304.775
303.37
302.035
301.739
301.272
302.878
302.107
304.627
303.531
307.148
305.956
309.711
308.396
312.927
311.61
315.654
314.626
316.978
316.62
317.388
317.371
317.112
317.415
316.396
316.87
315.466
315.978
314.458
314.845
313.788
312.68
313.043
312.335
311.099
312.314
309.239
300.17
305.556
302.226
300.6
300.695
300.846
301.042
301.197
301.292
301.341
301.368
301.381
301.372
301.335
301.278
301.224
301.193
301.198
301.22
301.221
301.203
301.275
302.398
305.654
307.892
308.467
307.424
305.652
304.176
303.357
302.899
302.464
301.898
301.341
301.012
301.351
301.084
302.552
301.8
304.779
303.609
307.861
306.62
310.307
309.066
313.385
312.062
315.831
314.715
317.131
316.506
317.465
317.216
317.21
317.264
316.457
316.779
315.312
315.806
314.015
314.451
313.062
311.816
312.028
311.304
311.572
311.912
312.012
311.576
311.099
302.247
309.366
307.594
300.696
300.836
301.043
301.215
301.328
301.405
301.478
301.558
301.612
301.599
301.522
301.414
301.315
301.259
301.248
301.245
301.219
301.232
301.827
304.47
307.205
307.8
306.484
304.448
303.193
302.341
301.768
301.45
301.229
301.042
300.916
300.93
300.856
301.272
301.022
302.543
301.749
305.3
303.921
308.162
306.822
310.747
309.457
313.428
312.078
315.472
314.215
316.573
315.552
316.927
316.161
316.77
316.293
316.081
315.968
314.918
315.076
313.382
314.133
313.931
312.39
312.555
310.821
310.986
310.459
311.249
311.354
311.938
310.713
311.838
311.568
311.507
310.858
311.603
311.285
311.466
308.968
310.434
311.043
311.373
311.013
310.119
310.762
300.82
301.037
301.225
301.364
301.481
301.629
301.823
302.018
302.126
302.069
301.85
301.601
301.421
301.325
301.285
301.248
301.233
301.482
303.331
306.389
307.328
306.008
304.153
303.087
302.259
301.606
301.214
301.05
300.961
300.894
300.854
300.839
300.864
300.836
301.223
300.972
302.653
301.749
305.404
303.938
308.015
306.577
310.731
309.386
312.85
311.438
314.293
312.963
315.12
314.059
315.451
314.652
315.42
314.728
315.326
315.137
314.945
314.726
314.269
314.307
314.606
314.202
314.282
313.558
312.789
313.011
313.737
312.199
310.208
310.192
309.782
310.756
310.957
311.577
310.191
310.986
310.859
310.073
311.136
311.268
304.98
310.961
311.325
311.203
311.291
311.241
311.32
301.015
301.227
301.394
301.568
301.82
302.188
302.588
302.877
302.92
302.696
302.269
301.812
301.523
301.377
301.302
301.252
301.332
302.413
305.306
306.912
306.003
304.283
303.353
302.58
301.817
301.268
301.043
300.956
300.898
300.842
300.813
300.816
300.825
300.794
301.134
300.91
302.602
301.654
305.06
303.521
307.132
305.624
310.021
308.593
311.638
310.354
313.096
312.12
314.064
313.62
314.46
314.658
314.6
314.609
314.772
315.172
314.49
314.404
314.435
313.804
313.829
314.175
313.989
313.859
313.198
312.45
312.663
313.321
311.858
309.678
309.465
309.238
310.338
311.243
310.615
309.747
310.101
310.258
309.318
310.484
310.729
309.226
311.508
311.543
310.926
311.039
311.157
311.271
301.216
301.417
301.651
302.035
302.61
303.266
303.759
303.933
303.756
303.291
302.657
302.017
301.602
301.41
301.295
301.297
301.815
304.103
306.374
306.102
304.619
303.913
303.299
302.493
301.613
301.098
300.975
300.912
300.858
300.786
300.798
300.784
300.785
300.809
300.783
301.025
300.87
302.214
301.398
304.127
302.811
306.414
305.039
309.079
307.772
311.13
310.107
313.246
312.9
315.278
316.079
315.714
316.479
317.26
318.17
314.671
315.148
315.866
316.786
314.255
314.53
315.043
313.429
313.604
314.291
314.399
313.912
312.854
312.119
312.384
313.07
311.549
309.227
308.904
308.81
309.986
310.953
310.327
309.39
309.353
309.54
308.736
309.813
310.131
311.788
311.6
311.95
310.425
310.659
310.869
311.069
301.427
301.724
302.238
303.05
303.966
304.685
305.004
304.905
304.446
303.739
302.922
302.161
301.647
301.397
301.314
301.512
303.013
305.569
306.161
305.07
304.45
304.028
303.306
302.223
301.239
301.016
300.931
300.876
300.813
300.774
300.779
300.771
300.77
300.793
300.766
300.998
300.859
301.86
301.291
303.738
302.638
306.595
305.343
309.021
307.844
312.476
311.887
316.726
317.122
318.951
319.751
321.911
317.852
319.001
320.12
321.139
315.826
316.869
318.113
319.471
314.797
315.582
316.677
313.398
313.869
315.135
315.525
314.537
312.72
311.885
312.325
313.185
311.342
308.881
308.521
308.511
309.705
310.748
310.118
309.133
308.754
308.967
308.397
309.32
309.696
312.008
311.476
312.089
310.056
310.385
310.7
310.994
301.771
302.411
303.442
304.639
305.575
306.041
306.001
305.577
304.862
303.968
303.024
302.193
301.622
301.378
301.411
302.221
304.546
306.055
305.471
304.935
304.673
304.07
302.945
301.535
301.085
300.964
300.896
300.842
300.766
300.785
300.754
300.761
300.757
300.749
300.792
300.747
301.058
300.884
301.845
301.352
304.179
303.199
308.889
307.638
311.102
310.082
317.15
316.757
322.352
322.044
321.977
322.452
324.351
324.678
320.839
322.108
323.184
324.015
318.023
319.534
321.098
322.583
316.203
317.59
319.204
313.804
314.686
316.869
317.536
315.93
312.909
311.848
312.516
313.674
311.284
308.68
308.316
308.397
309.527
310.687
310.09
309.035
308.451
308.685
308.287
309.065
309.486
311.133
311.481
312.191
309.913
310.335
310.718
311.134
302.525
303.761
305.209
306.376
306.912
306.894
306.504
305.855
304.986
303.974
302.977
302.136
301.555
301.418
301.772
303.504
305.599
305.662
305.337
305.204
304.755
303.736
302.115
301.201
301.007
300.925
300.865
300.805
300.759
300.768
300.735
300.746
300.737
300.734
300.818
300.742
301.333
301
302.432
301.818
306.386
305.174
313.513
311.982
316.011
314.894
321.286
320.521
323.996
323.472
322.49
323.036
324.583
324.778
324.427
325.037
323.876
324.893
325.596
325.922
320.922
322.598
324.106
325.338
318.516
320.343
322.189
314.784
316.283
319.404
320.205
318.139
313.401
312.012
312.98
314.683
311.432
308.668
308.287
308.437
309.549
310.825
310.236
309.092
308.408
308.686
308.33
309.081
309.54
306.9
312.068
311.802
310.027
310.511
310.975
311.596
303.972
305.667
307.013
307.542
307.513
307.178
306.613
305.839
304.876
303.824
302.817
301.976
301.49
301.584
302.659
304.783
305.646
305.604
305.606
305.331
304.489
302.884
301.412
301.064
300.96
300.892
300.837
300.759
300.78
300.739
300.751
300.716
300.725
300.719
300.718
300.889
300.746
301.928
301.251
304.007
302.889
310.302
308.476
317.138
315.548
319.648
318.506
321.609
320.812
323.741
322.982
321.726
322.288
325.867
325.524
323.341
324.416
326.23
326.739
326.807
326.589
323.905
325.363
326.485
327.228
321.383
323.296
324.991
316.427
318.558
322.291
323.046
320.844
314.364
312.431
313.88
316.265
311.83
308.783
308.396
308.665
309.724
311.221
310.656
309.346
308.539
308.898
308.553
309.366
309.898
302.482
312.479
310.159
310.441
310.948
311.501
312.174
305.995
307.463
307.959
307.914
307.606
307.096
306.394
305.543
304.567
303.528
302.543
301.729
301.57
302.114
303.919
305.475
305.694
305.863
305.782
305.143
303.666
301.812
301.149
300.999
300.924
300.863
300.8
300.749
300.761
300.717
300.733
300.704
300.705
300.704
300.7
301.007
300.758
302.893
301.664
306.541
304.602
313.662
311.444
317.8
316.291
320.048
319.033
319.213
318.837
318.641
318.463
322.239
321.211
319.677
320.339
326.066
325.359
321.495
322.982
327.521
327.493
327.119
326.498
326.365
327.355
327.95
328.103
324.226
325.869
327.138
318.609
321.144
324.985
325.567
323.554
315.877
313.278
315.317
318.33
312.649
309.164
308.775
309.259
310.209
312.027
311.516
309.972
308.908
309.415
309.154
309.982
310.54
302.091
312.53
308.381
311.058
311.517
312.051
312.688
307.774
308.211
308.161
307.831
307.244
306.568
305.833
305.013
304.096
303.12
302.19
301.625
301.843
303.14
304.988
305.675
305.976
306.099
305.667
304.393
302.438
301.283
301.046
300.958
300.892
300.835
300.756
300.774
300.725
300.74
300.699
300.71
300.69
300.696
300.689
300.682
301.092
300.76
303.897
302.05
308.948
306.334
314.417
312.143
316.063
314.74
318.336
318.106
316.957
316.74
316.524
316.435
316.438
320.053
318.794
317.15
317.821
325.566
324.372
319.464
321.354
328.02
327.61
326.966
325.984
328.008
328.451
328.541
328.442
326.561
327.727
328.485
321.04
323.637
327.1
327.438
325.819
317.845
314.66
317.18
320.628
313.98
310.015
309.628
310.325
311.186
313.352
312.871
311.115
309.686
310.268
310.155
310.844
311.362
302.124
312.218
306.768
311.781
312.124
312.558
312.94
308.393
308.286
307.829
307.197
306.534
305.838
305.111
304.345
303.512
302.631
301.85
301.775
302.565
304.317
305.552
305.992
306.285
306.054
305.003
303.141
301.494
301.104
300.995
300.925
300.864
300.795
300.736
300.75
300.709
300.721
300.691
300.698
300.668
300.683
300.673
300.661
301.09
300.749
304.135
302.107
309.546
306.778
313.031
310.953
311.895
310.71
316.475
316.552
313.438
313.817
314.005
313.866
313.844
313.885
317.681
316.2
314.392
315.116
324.708
323.145
317.685
319.994
328.059
327.47
326.617
325.461
328.819
328.87
328.773
328.434
328.172
328.834
329.088
323.385
325.726
328.504
328.637
327.48
320.041
316.437
319.271
322.876
315.709
311.318
310.836
311.758
312.644
315.075
314.643
312.673
310.765
311.366
311.462
311.886
312.279
300.74
311.441
304.365
312.528
312.684
312.992
312.997
308.37
307.754
306.997
306.323
305.711
305.056
304.348
303.612
302.862
302.124
301.792
302.246
303.665
305.198
305.96
306.359
306.311
305.478
303.785
301.795
301.179
301.035
300.959
300.894
300.834
300.752
300.722
300.737
300.7
300.71
300.679
300.691
300.644
300.662
300.661
300.639
300.993
300.717
303.671
301.844
308.618
306.117
309.361
307.71
311.388
307.817
307.451
307.009
306.335
313.944
313.943
311.344
311.279
311.136
311.106
311.136
315.508
313.764
311.664
312.495
323.981
322.15
316.309
318.876
327.919
327.187
326.202
324.912
329.115
329.024
328.72
328.262
329.095
329.283
329.294
325.387
327.32
329.23
329.277
328.616
322.212
318.497
321.429
324.861
317.722
312.981
312.364
313.503
314.456
317.088
316.645
314.553
312.096
312.633
313.022
312.998
313.183
300.148
310.152
302.002
313.218
313.172
313.35
312.874
307.621
306.659
305.88
305.288
304.78
304.234
303.58
302.874
302.254
301.882
302.154
303.203
304.7
305.82
306.363
306.458
305.816
304.294
302.187
301.274
301.079
300.995
300.927
300.865
300.795
300.732
300.726
300.746
300.714
300.691
300.704
300.657
300.675
300.628
300.637
300.644
300.626
300.824
300.666
302.39
301.283
305.963
304.142
304.802
304.044
308.008
305.246
305.111
304.944
304.843
311.212
311.271
308.127
308.851
308.595
308.458
308.366
313.843
311.793
309.344
310.31
323.274
321.254
315.03
317.832
327.662
326.835
325.766
324.379
329.208
328.931
328.528
328.036
329.417
329.423
329.337
326.993
328.495
329.488
329.49
329.249
324.215
320.615
323.447
326.562
319.822
314.912
314.132
315.436
316.491
319.152
318.765
316.615
313.583
313.937
314.7
314.072
314.022
300.041
308.165
300.893
313.808
313.593
313.605
312.503
306.454
305.56
304.946
304.434
303.925
303.399
302.856
302.329
302.004
302.167
303.052
304.369
305.567
306.325
306.515
306.026
304.676
302.603
301.391
301.122
301.033
300.964
300.897
300.835
300.764
300.72
300.724
300.737
300.706
300.67
300.689
300.633
300.651
300.615
300.624
300.62
300.612
300.684
300.613
301.301
300.872
303.136
302.146
303.692
303.37
303.164
305.362
304.071
304.046
303.992
303.885
308.292
308.204
305.508
306.971
306.573
306.302
306.072
312.373
310.185
307.61
308.641
322.606
320.415
314.044
317.127
327.336
326.477
325.369
323.953
329.072
328.709
328.276
327.696
329.498
329.413
329.141
328.288
329.13
329.506
329.425
329.396
325.978
322.644
325.346
327.985
321.891
316.97
315.969
317.425
318.651
321.383
321.138
318.844
315.076
315.201
316.382
315.071
314.747
300.019
306.264
300.415
314.299
313.958
313.771
311.97
305.58
304.936
304.422
303.917
303.415
302.924
302.473
302.159
302.253
303.075
304.31
305.447
306.239
306.515
306.123
304.921
302.944
301.518
301.166
301.069
301.001
300.935
300.869
300.8
300.747
300.706
300.704
300.726
300.686
300.648
300.666
300.623
300.634
300.6
300.611
300.594
300.594
300.644
300.589
301.102
300.786
302.545
301.738
304.051
303.807
305.027
304.468
304.103
304.071
304.151
304.202
304.176
305.863
305.677
304.145
305.515
305.042
304.704
304.46
311.066
308.728
306.159
307.162
322.151
319.881
313.632
316.867
327.007
326.142
325.07
323.724
328.778
328.391
327.9
327.334
329.43
329.154
328.733
328.873
329.159
329.363
329.094
329.201
327.539
324.753
326.951
328.419
324.251
319.203
317.858
319.584
321.195
323.887
323.69
321.37
316.544
316.367
318.057
315.939
315.36
300.017
304.638
300.324
314.712
314.29
313.86
311.551
305.155
304.626
304.142
303.64
303.172
302.765
302.466
302.52
303.241
304.379
305.454
306.194
306.485
306.132
305.027
303.163
301.635
301.208
301.102
301.036
300.972
300.908
300.843
300.777
300.713
300.706
300.739
300.684
300.69
300.667
300.639
300.652
300.613
300.627
300.584
300.599
300.572
300.573
300.668
300.582
301.585
300.937
304.139
302.747
305.888
305.585
307.667
306.683
304
305.22
305.505
305.774
305.883
304.306
304.203
303.931
304.489
304.158
303.974
303.883
310.385
307.69
305.02
305.926
321.955
319.676
313.575
316.842
326.658
325.867
324.891
323.606
328.339
327.901
327.422
326.898
329.051
328.579
328.153
328.72
328.742
328.841
327.931
328.461
327.839
326.351
327.165
328.099
325.729
321.57
319.738
321.585
323.423
325.211
324.604
323.216
317.883
317.394
319.577
316.686
315.872
299.993
304.547
300.679
315.095
314.605
313.96
311.617
304.981
304.586
304.185
303.807
303.486
303.248
303.275
303.808
304.672
305.549
306.162
306.408
306.077
305.019
303.237
301.714
301.244
301.134
301.069
301.007
300.945
300.886
300.819
300.764
300.701
300.71
300.729
300.674
300.684
300.66
300.631
300.646
300.6
300.615
300.567
300.583
300.56
300.557
300.845
300.601
303.34
301.621
308.531
307.08
305.929
308.503
308.305
310.66
309.716
304.887
307.418
307.876
308.249
308.447
303.877
303.877
304.59
304.158
303.973
303.938
303.962
310.221
307.343
304.585
305.423
321.881
319.641
314.176
317.404
326.313
325.629
324.749
323.632
327.643
327.169
326.718
326.249
328.341
327.827
327.107
328.019
327.504
327.42
326.562
327.189
327.415
326.432
326.658
327.378
325.836
322.961
321.389
322.64
324.105
325.115
324.525
323.67
319.084
318.289
320.9
317.321
316.355
379.115
306.011
305.213
315.476
314.934
314.148
312.185
304.842
304.611
304.414
304.267
304.192
304.28
304.621
305.149
305.675
306.1
306.254
305.897
304.893
303.181
301.738
301.271
301.162
301.102
301.042
300.982
300.921
300.86
300.802
300.737
300.692
300.698
300.717
300.668
300.674
300.651
300.618
300.635
300.583
300.601
300.555
300.567
300.552
300.55
301.293
300.681
306.295
303.049
311.082
309.533
310.236
308.173
311.436
311.269
313.407
312.392
306.939
310.355
310.845
311.213
311.395
304.119
304.329
306.403
304.438
304.456
304.678
304.991
310.68
307.518
304.716
305.478
322.087
320.026
316.026
318.944
325.764
325.245
324.671
323.909
326.567
326.104
325.739
325.379
326.153
325.168
324.851
327.014
326.978
325.82
319.014
319.188
326.629
326.176
326.149
326.53
325.245
323.221
322.275
322.883
323.98
324.673
324.054
323.403
320.092
319.064
321.81
317.96
316.798
677.874
310.377
322.914
315.883
315.285
314.545
313.692
304.708
304.635
304.598
304.64
304.773
305.01
305.321
305.663
305.968
305.988
305.549
304.567
302.959
301.706
301.287
301.186
301.131
301.076
301.018
300.959
300.903
300.842
300.782
300.718
300.703
300.679
300.685
300.656
300.66
300.639
300.602
300.621
300.568
300.583
300.548
300.558
300.553
300.54
302.035
300.84
309.244
309.854
306.966
304.882
313.301
311.793
311.576
314.355
314.027
315.737
314.659
309.779
313.711
314.129
314.367
314.431
305.441
305.916
309.137
305.777
305.938
306.489
307.084
312.499
308.965
305.892
306.569
322.868
321.162
319.341
321.328
325.1
324.838
324.558
324.151
324.548
324.341
324.315
324.215
325.702
318.215
318.185
319.462
319.566
319.062
313.103
313.215
319.717
325.329
319.673
320.054
319.628
323.08
322.635
322.948
323.382
319.43
319.159
323.108
320.989
319.853
322.19
318.464
317.277
768.021
313.855
349.288
316.305
315.709
315.277
315.119
304.557
304.601
304.66
304.79
305.001
305.264
305.527
305.687
305.54
305.038
304.04
302.612
301.621
301.295
301.206
301.157
301.107
301.054
300.997
300.941
300.886
300.828
300.761
300.7
300.693
300.685
300.724
300.666
300.674
300.642
300.647
300.624
300.585
300.604
300.562
300.572
300.535
300.549
300.565
300.528
302.654
301.042
310.809
309.455
307.827
305.652
314.869
313.26
312.463
317.049
316.505
317.594
316.35
313.179
317.202
317.436
317.485
317.397
307.784
308.474
312.521
308.292
308.637
309.307
310.162
316.167
312.595
308.45
309.399
323.572
322.842
322.525
323.056
324.149
324.03
323.938
323.83
318.457
318.32
318.527
318.527
319.02
312.968
312.966
313.336
313.257
313.125
307.246
307.27
313.628
320.367
313.628
313.679
313.744
323.108
322.577
322.593
318.815
313.708
313.618
318.708
321.484
320.321
322.102
318.999
317.692
911.988
316.987
421.695
316.745
316.235
316.03
316.176
304.276
304.47
304.588
304.762
304.959
305.116
305.086
304.856
304.314
303.345
302.221
301.525
301.297
301.226
301.182
301.136
301.085
301.035
300.976
300.921
300.873
300.809
300.753
300.68
300.694
300.666
300.715
300.655
300.628
300.636
300.609
300.578
300.591
300.552
300.566
300.52
300.536
300.588
300.518
302.716
301.097
311.032
309.455
307.953
304.618
307.841
306.3
315.866
314.159
312.64
319.441
318.623
319.014
317.504
316.806
320.543
320.571
320.428
320.054
310.974
311.802
316.238
312.336
312.432
313.061
313.947
321.206
318.454
312.872
314.964
323.706
323.615
323.502
323.503
318.803
318.784
319.146
319.267
313.257
313.168
313.424
313.463
313.16
307.247
307.29
307.318
307.277
307.302
302.263
302.263
307.445
313.883
307.443
307.433
307.611
321.935
318.157
322.204
322.085
313.428
307.592
307.562
313.407
321.611
320.728
322.064
319.341
318.102
947.027
323.742
565.516
317.202
316.763
316.687
317.241
303.756
303.911
304.017
304.13
304.191
304.145
303.909
303.382
302.603
301.863
301.445
301.299
301.243
301.204
301.165
301.118
301.066
301.018
300.962
300.907
300.858
300.802
300.743
300.661
300.673
300.685
300.647
300.71
300.618
300.629
300.6
300.572
300.585
300.538
300.555
300.505
300.52
300.597
300.509
302.353
304.504
301.022
310.931
309.107
307.327
305.518
316.265
314.366
312.487
321.449
320.339
320.035
318.205
320.358
323.547
323.367
322.964
322.336
314.769
315.583
319.975
317.938
317.48
317.542
318.156
323.622
323.301
319.655
321.946
323.03
323.649
320.299
320.053
313.747
313.729
314.083
319.994
314.106
307.461
307.423
307.585
307.628
307.31
302.266
302.291
302.272
302.258
302.274
302.308
307.653
302.311
302.296
302.366
318.059
313.128
322.235
317.778
307.476
302.36
302.354
307.482
321.482
320.811
321.585
319.683
318.46
966.131
341.428
679.055
317.62
317.256
317.224
319.353
303.138
303.112
303.114
303.113
303.053
302.858
302.487
302.018
301.614
301.396
301.304
301.261
301.224
301.189
301.15
301.102
301.049
301.004
300.95
300.897
300.848
300.795
300.737
300.704
300.641
300.654
300.666
300.681
300.612
300.623
300.594
300.56
300.58
300.523
300.542
300.495
300.506
300.589
300.503
302.194
303.393
301.332
303.967
300.834
310.368
308.35
306.485
304.86
316.3
314.258
311.832
323.079
321.678
320.716
318.56
323.538
326.049
325.648
325.045
324.212
318.831
319.496
323.433
324.015
323.144
322.66
322.572
323.878
324.565
324.749
324.736
319.755
320.747
315.024
314.817
307.803
307.799
308.048
314.941
308.09
302.335
302.333
302.381
302.407
302.275
302.357
313.034
307.361
321.172
317.498
312.865
302.331
302.331
321.396
320.776
321.576
319.848
318.728
981.746
373.418
790.928
317.995
317.685
317.753
323.358
302.648
302.455
302.322
302.22
302.095
301.903
301.674
301.485
301.377
301.318
301.281
301.246
301.211
301.176
301.136
301.089
301.037
300.995
300.942
300.887
300.841
300.791
300.733
300.701
300.698
300.634
300.647
300.661
300.676
300.605
300.615
300.588
300.549
300.568
300.516
300.533
300.49
300.5
300.557
300.494
302.732
301.623
304.046
301.267
300.645
309.456
307.339
305.582
316.132
313.745
310.893
324.342
322.671
321.11
318.605
326.244
327.968
327.418
326.663
325.672
322.808
323.188
326.36
326.23
326.552
326.572
326.515
320.838
325.651
325.139
314.693
315.487
308.41
308.308
302.453
302.462
302.528
308.276
302.549
307.319
302.314
317.37
312.729
307.235
321.064
320.461
320.611
317.078
319.843
318.943
993.948
418.509
865.976
318.303
318.02
318.392
332.124
302.321
302.042
301.851
301.735
301.633
301.528
301.439
301.376
301.336
301.302
301.268
301.234
301.2
301.165
301.124
301.078
301.025
300.989
300.936
300.881
300.836
300.787
300.732
300.695
300.693
300.672
300.627
300.641
300.656
300.597
300.608
300.582
300.545
300.563
300.512
300.529
300.481
300.494
300.51
300.48
302.077
303.231
301.284
304.577
300.941
300.495
300.802
308.297
306.22
315.637
312.995
309.758
325.276
323.373
321.292
318.486
328.314
329.151
328.712
327.868
326.763
326.462
326.441
328.44
326.257
327.246
327.71
327.917
315.268
321.532
321.056
308.257
308.558
302.631
302.62
302.593
302.293
312.604
307.173
302.269
320.494
320.286
317.271
312.484
319.783
319.096
1002.26
485.385
911.396
318.522
318.291
319.693
347.771
302.118
301.811
301.641
301.552
301.49
301.435
301.388
301.358
301.325
301.293
301.258
301.225
301.192
301.156
301.114
301.066
301.016
300.975
300.932
300.875
300.831
300.787
300.732
300.692
300.692
300.669
300.667
300.651
300.621
300.637
300.589
300.602
300.571
300.538
300.556
300.503
300.521
300.469
300.484
300.463
300.461
302.471
301.592
303.618
300.965
305.049
300.614
300.54
300.462
300.444
307.053
314.96
312.065
308.603
325.959
323.848
321.322
318.147
329.252
329.629
329.425
328.739
327.569
328.18
328.375
329.183
321.337
326.72
327.814
328.171
308.404
315.343
314.963
302.589
302.634
307.108
302.253
320.176
316.378
320.142
312.478
307.055
319.53
319.116
1007.28
568.071
937.201
318.676
318.574
322.075
372.384
302.01
301.675
301.554
301.495
301.45
301.416
301.383
301.351
301.318
301.286
301.249
301.218
301.186
301.148
301.106
301.056
301.012
300.968
300.92
300.866
300.825
300.781
300.733
300.691
300.692
300.666
300.665
300.647
300.643
300.632
300.616
300.582
300.597
300.564
300.528
300.546
300.493
300.51
300.459
300.475
300.441
300.448
302.738
301.842
301.153
303.966
300.724
305.803
300.581
300.465
300.436
300.441
314.218
311.07
307.434
326.488
324.175
321.29
317.725
329.561
329.799
329.755
329.304
328.196
328.491
328.953
329.345
321.007
314.848
320.53
327.687
302.599
308.369
308.193
302.229
320.175
316.156
312.127
319.476
307.047
302.21
319.367
319.102
1010.08
647.695
952.584
318.782
318.945
326.875
401.558
301.935
301.601
301.521
301.482
301.445
301.411
301.377
301.346
301.315
301.282
301.241
301.212
301.182
301.143
301.099
301.05
301.004
300.964
300.914
300.859
300.818
300.773
300.727
300.692
300.694
300.665
300.666
300.64
300.638
300.628
300.624
300.611
300.576
300.592
300.557
300.519
300.537
300.485
300.502
300.454
300.469
300.43
300.441
303.025
301.997
301.315
300.851
304.689
300.637
300.485
300.437
300.422
300.426
313.386
310.017
306.319
326.93
324.433
321.248
317.264
329.595
329.847
329.895
329.646
328.684
328.497
328.965
329.241
314.507
308.104
320.722
314.271
302.577
302.537
318.946
316.07
311.939
306.882
319.215
302.207
319.253
319.052
1011.54
721.34
960.874
318.876
319.636
334.073
437.426
301.82
301.564
301.506
301.471
301.437
301.405
301.372
301.341
301.313
301.282
301.241
301.208
301.174
301.134
301.09
301.04
301
300.957
300.911
300.857
300.812
300.773
300.727
300.691
300.686
300.668
300.671
300.638
300.637
300.621
300.618
300.607
300.604
300.57
300.587
300.551
300.514
300.532
300.481
300.497
300.449
300.464
300.422
300.419
300.435
303.7
302.244
301.416
300.936
300.667
300.505
300.442
300.422
300.415
312.601
308.989
305.274
327.371
324.703
321.288
316.865
329.411
329.797
329.966
329.89
329.105
327.85
328.553
328.688
307.963
302.508
314.239
320.568
307.762
316.006
311.848
306.779
302.185
318.968
315.445
319.11
319.016
1012.49
778.044
967.454
318.99
320.964
344.078
475.087
301.697
301.547
301.499
301.464
301.43
301.397
301.366
301.335
301.308
301.278
301.241
301.204
301.168
301.129
301.088
301.036
300.997
300.951
300.912
300.861
300.81
300.77
300.683
300.73
300.673
300.675
300.638
300.641
300.616
300.614
300.601
300.598
300.584
300.565
300.547
300.509
300.528
300.475
300.492
300.443
300.458
300.413
300.409
300.415
300.428
302.866
301.644
301.009
300.727
300.533
300.452
300.423
300.412
300.41
311.88
308.028
304.351
327.851
325.037
321.477
316.642
328.833
329.547
329.997
330.063
329.518
328.278
328.485
302.457
307.764
313.98
320.638
302.417
311.716
306.74
302.142
318.7
315.193
311.427
318.973
319.012
1012.59
820.555
967.032
319.207
323.014
357.134
508.637
301.618
301.539
301.497
301.463
301.429
301.395
301.368
301.331
301.299
301.271
301.244
301.206
301.167
301.126
301.091
301.039
300.998
300.949
300.912
300.868
300.819
300.773
300.686
300.643
300.644
300.734
300.643
300.646
300.613
300.613
300.596
300.594
300.581
300.578
300.561
300.542
300.504
300.523
300.47
300.486
300.436
300.452
300.406
300.404
300.4
300.405
300.421
302.225
301.2
300.936
300.607
300.477
300.428
300.412
300.405
311.328
307.19
303.62
328.422
325.499
321.846
316.592
328.601
329.241
329.957
330.192
329.917
320.717
302.406
307.646
314.082
306.677
302.125
318.448
314.959
311.251
306.534
318.883
319.028
1012.06
842.148
961.983
319.531
326.365
370.696
536.625
301.583
301.535
301.497
301.465
301.435
301.399
301.378
301.344
301.307
301.276
301.245
301.208
301.166
301.129
301.091
301.045
301.002
300.956
300.913
300.867
300.823
300.776
300.69
300.647
300.65
300.621
300.621
300.741
300.614
300.617
300.593
300.593
300.577
300.575
300.557
300.554
300.538
300.5
300.518
300.465
300.482
300.431
300.447
300.4
300.397
300.394
300.397
300.396
300.4
300.415
301.747
301.562
300.856
300.57
300.459
300.418
300.405
311.133
306.57
303.17
329.058
326.117
322.44
316.781
328.711
320.989
329.206
329.732
330.311
330.275
314.175
302.381
307.743
302.111
318.228
314.773
311.085
306.433
302.071
318.831
319.093
1008.59
838.315
948.801
320.145
330.753
382.529
558.015
301.569
301.532
301.495
301.464
301.433
301.398
301.379
301.347
301.313
301.279
301.248
301.213
301.173
301.129
301.091
301.051
301.003
300.962
300.92
300.869
300.83
300.784
300.691
300.653
300.654
300.624
300.626
300.597
300.601
300.748
300.593
300.594
300.574
300.574
300.552
300.55
300.534
300.496
300.515
300.461
300.478
300.426
300.442
300.394
300.391
300.393
300.387
300.389
300.392
300.39
300.399
300.409
303.099
301.542
300.853
300.566
300.454
300.412
311.133
306.358
329.715
326.895
323.265
317.287
321.874
314.384
321.495
329.672
330.373
330.55
307.802
302.415
318.031
314.555
310.941
306.346
302.038
318.799
319.22
984.723
818.096
889.919
321.178
335.407
394.545
552.303
301.563
301.532
301.497
301.469
301.44
301.403
301.384
301.354
301.322
301.288
301.251
301.219
301.179
301.14
301.095
301.058
301.009
300.968
300.93
300.876
300.841
300.793
300.652
300.699
300.633
300.641
300.601
300.602
300.572
300.571
300.754
300.573
300.573
300.549
300.549
300.532
300.529
300.493
300.513
300.457
300.474
300.422
300.438
300.394
300.385
300.387
300.381
300.384
300.382
300.382
300.386
300.389
300.408
300.405
306.39
303.179
301.652
300.922
300.59
300.454
311.427
330.343
327.809
324.243
318.023
314.899
307.935
314.771
322.142
329.81
330.297
330.762
302.453
317.927
314.344
310.77
306.271
302.004
318.818
319.411
635.735
768.859
720.604
322.789
341.098
401.633
537.508
301.56
301.53
301.493
301.471
301.444
301.407
301.386
301.36
301.325
301.294
301.258
301.228
301.182
301.146
301.098
301.065
301.017
300.976
300.941
300.891
300.854
300.812
300.659
300.611
300.615
300.707
300.606
300.607
300.571
300.573
300.552
300.552
300.762
300.549
300.55
300.527
300.526
300.51
300.49
300.454
300.471
300.418
300.435
300.404
300.378
300.378
300.382
300.375
300.377
300.379
300.374
300.378
300.383
300.396
300.455
300.4
306.701
303.556
301.882
301.026
300.619
312.086
330.857
328.767
325.348
319.023
308.252
302.52
308.215
315.385
322.867
330.277
330.859
317.714
314.133
310.6
306.178
301.984
318.978
319.791
308.375
730.543
483.872
324.887
347.576
407.436
518.603
301.56
301.53
301.494
301.475
301.449
301.413
301.394
301.367
301.335
301.299
301.266
301.235
301.198
301.161
301.108
301.074
301.032
300.985
300.947
300.906
300.862
300.826
300.668
300.618
300.624
300.586
300.592
300.716
300.574
300.581
300.551
300.553
300.527
300.53
300.776
300.526
300.526
300.508
300.507
300.488
300.451
300.469
300.415
300.432
300.453
300.373
300.374
300.379
300.369
300.372
300.371
300.368
300.371
300.369
300.38
300.388
300.441
300.626
300.397
307.304
304.056
302.141
301.106
312.919
331.204
329.665
326.416
320.111
302.555
302.572
308.514
315.645
322.581
330.423
330.895
317.726
313.958
310.432
306.081
301.955
319.052
320.459
302.217
648.144
375.741
328.186
352.843
409.069
488.022
301.563
301.527
301.495
301.477
301.451
301.42
301.399
301.372
301.343
301.306
301.273
301.241
301.208
301.17
301.12
301.086
301.045
301.002
300.962
300.924
300.881
300.839
300.619
300.672
300.601
300.606
300.562
300.561
300.732
300.556
300.559
300.534
300.533
300.506
300.507
300.795
300.506
300.506
300.486
300.449
300.467
300.412
300.43
300.623
300.372
300.365
300.367
300.377
300.364
300.366
300.368
300.362
300.361
300.365
300.365
300.4
300.419
300.592
301.123
300.394
307.973
304.535
302.29
313.805
331.392
330.402
327.354
321.184
302.661
308.65
315.741
323.733
330.858
317.627
313.717
310.295
305.984
301.927
319.203
321.682
301.642
581.028
339.071
331.766
359.081
411.853
498.383
301.568
301.533
301.502
301.484
301.457
301.431
301.405
301.379
301.349
301.322
301.284
301.252
301.218
301.183
301.141
301.096
301.058
301.017
300.979
300.941
300.903
300.859
300.633
300.575
300.582
300.68
300.565
300.57
300.532
300.537
300.744
300.529
300.531
300.508
300.51
300.486
300.487
300.82
300.485
300.485
300.448
300.466
300.41
300.428
301.111
300.382
300.358
300.363
300.374
300.36
300.361
300.357
300.359
300.356
300.358
300.362
300.369
300.478
300.536
301.014
302.322
300.391
308.599
304.742
314.617
331.466
330.915
328.14
322.133
302.71
308.81
316.797
323.459
330.853
318.176
313.559
310.106
305.908
301.892
319.531
323.483
300.221
495.163
307.185
336.149
366.167
424.425
496.498
301.57
301.535
301.507
301.49
301.464
301.436
301.411
301.385
301.349
301.328
301.294
301.261
301.228
301.191
301.159
301.111
301.07
301.033
300.995
300.959
300.924
300.874
300.639
300.587
300.594
300.556
300.566
300.698
300.54
300.55
300.514
300.518
300.76
300.512
300.51
300.489
300.492
300.465
300.465
300.842
300.465
300.447
300.409
300.427
302.265
300.429
300.356
300.355
300.356
300.373
300.351
300.348
300.353
300.35
300.352
300.351
300.358
300.363
300.395
300.723
300.868
302.043
304.787
300.39
308.907
315.16
331.491
331.27
328.763
322.884
302.754
309.017
316.598
324.291
330.801
317.548
318.713
309.992
313.673
305.794
301.869
320.226
325.86
300.048
374.19
301.039
342.516
377.777
460.559
465.536
301.576
301.542
301.514
301.496
301.469
301.444
301.421
301.394
301.354
301.334
301.302
301.267
301.237
301.205
301.168
301.129
301.094
301.055
301.011
300.977
300.948
300.906
300.593
300.644
300.573
300.583
300.535
300.537
300.712
300.521
300.526
300.498
300.498
300.781
300.495
300.498
300.465
300.467
300.447
300.447
300.867
300.409
300.427
304.67
300.595
300.356
300.349
300.354
300.347
300.344
300.372
300.345
300.343
300.347
300.347
300.35
300.354
300.372
300.379
300.498
301.401
301.726
304.267
308.992
300.389
315.374
331.466
331.495
329.172
323.291
302.818
309.108
316.857
324.265
330.851
317.72
318.875
305.714
309.864
313.638
301.837
321.375
329.702
300.024
317.327
300.154
350.416
400.76
461.609
371.551
301.579
301.55
301.523
301.504
301.473
301.45
301.431
301.401
301.365
301.341
301.312
301.281
301.249
301.216
301.184
301.143
301.11
301.076
301.041
301.004
300.967
300.925
300.602
300.56
300.564
300.659
300.544
300.55
300.507
300.516
300.733
300.5
300.504
300.476
300.477
300.809
300.47
300.473
300.448
300.449
300.427
300.892
300.409
308.927
301.098
300.371
300.345
300.354
300.343
300.342
300.342
300.34
300.372
300.343
300.341
300.344
300.352
300.353
300.371
300.43
300.448
300.852
303.086
303.7
308.401
300.389
315.383
331.337
331.601
329.325
323.408
302.838
309.228
316.972
324.784
317.962
319.122
301.809
305.629
309.736
313.427
323.378
335.224
300.019
302.745
300.056
364.108
441.016
438.715
320.13
301.58
301.551
301.532
301.508
301.48
301.456
301.433
301.406
301.372
301.35
301.314
301.29
301.261
301.228
301.193
301.159
301.129
301.092
301.057
301.024
300.991
300.945
300.565
300.611
300.539
300.552
300.675
300.52
300.531
300.486
300.491
300.753
300.48
300.482
300.456
300.46
300.835
300.451
300.453
300.428
300.431
300.919
300.409
302.484
300.427
300.351
300.337
300.354
300.339
300.338
300.339
300.336
300.373
300.351
300.35
300.351
300.378
300.373
300.431
300.629
300.692
301.945
306.717
307.637
314.971
300.39
331.266
324.168
331.616
329.338
323.274
302.884
309.304
317.268
318.288
319.972
301.778
305.548
309.622
313.31
326.819
343.161
300.017
300.407
300.041
395.021
440.825
370.032
304.331
301.581
301.554
301.536
301.509
301.481
301.457
301.435
301.41
301.381
301.355
301.323
301.297
301.27
301.241
301.206
301.171
301.144
301.114
301.082
301.044
301.019
300.978
300.572
300.533
300.535
300.623
300.515
300.521
300.698
300.501
300.505
300.469
300.474
300.776
300.461
300.464
300.44
300.443
300.86
300.433
300.437
300.411
300.943
305.713
300.612
300.382
300.329
300.338
300.328
300.355
300.334
300.331
300.347
300.342
300.375
300.39
300.391
300.387
300.457
300.442
300.617
301.275
301.538
304.721
313.073
314.13
300.392
331.19
324.4
317.214
331.582
329.181
322.687
302.903
309.456
318.664
321.627
301.755
305.47
309.58
313.551
331.882
359.114
300.015
300.099
300.035
427.169
422.336
323.011
300.769
301.583
301.56
301.536
301.513
301.483
301.454
301.437
301.411
301.385
301.36
301.326
301.304
301.277
301.248
301.218
301.179
301.159
301.13
301.101
301.072
301.039
301.006
300.536
300.584
300.507
300.521
300.638
300.49
300.499
300.714
300.476
300.484
300.448
300.451
300.802
300.447
300.446
300.418
300.421
300.888
300.413
300.415
300.973
311.809
301.167
300.477
300.328
300.339
300.326
300.327
300.325
300.357
300.338
300.332
300.388
300.379
300.378
300.508
300.514
300.494
300.675
300.633
301.141
303.196
303.873
310.415
321.834
300.394
331.176
324.618
317.359
309.446
331.459
328.847
302.936
318.235
319.096
324.895
301.73
305.426
309.532
313.453
340.73
392.95
300.013
300.06
300.032
426.372
369.292
305.818
300.163
301.582
301.562
301.536
301.515
301.486
301.457
301.437
301.414
301.384
301.364
301.331
301.307
301.283
301.255
301.227
301.192
301.171
301.145
301.112
301.088
301.059
301.027
300.54
300.5
300.507
300.596
300.483
300.495
300.66
300.469
300.475
300.743
300.457
300.463
300.43
300.435
300.829
300.425
300.43
300.399
300.403
300.918
300.396
300.998
320.77
302.727
300.717
300.335
300.324
300.341
300.323
300.323
300.325
300.36
300.366
300.351
300.515
300.499
300.38
300.804
300.825
300.764
301.214
301.153
302.469
307.687
309.022
319.439
331.213
324.776
317.517
309.509
302.931
331.327
328.47
318.624
320.637
330.052
301.711
305.385
309.51
313.918
358.159
417.021
300.012
300.05
300.028
410.652
325.186
301.193
300.078
301.583
301.561
301.537
301.516
301.483
301.457
301.436
301.413
301.386
301.363
301.336
301.309
301.286
301.264
301.236
301.204
301.18
301.156
301.127
301.101
301.074
301.047
300.508
300.555
300.487
300.494
300.614
300.467
300.477
300.681
300.453
300.459
300.768
300.441
300.446
300.415
300.419
300.859
300.406
300.41
300.383
300.387
300.946
301.024
306.532
301.284
300.385
300.326
300.315
300.315
300.344
300.317
300.32
300.347
300.363
300.468
300.429
300.83
300.814
301.462
301.51
301.379
302.419
302.404
305.659
315.95
317.823
327.925
331.227
324.94
317.618
309.573
302.955
331.181
318.969
323.43
339.669
301.691
305.357
309.608
318.815
313.777
391.733
415.692
300.01
300.045
300.025
367.577
307.149
300.252
300.062
301.581
301.558
301.535
301.511
301.483
301.457
301.433
301.407
301.383
301.357
301.334
301.311
301.288
301.261
301.238
301.213
301.188
301.163
301.138
301.112
301.089
301.065
300.469
300.519
300.567
300.459
300.466
300.637
300.445
300.449
300.712
300.434
300.441
300.793
300.424
300.427
300.4
300.401
300.887
300.391
300.395
300.367
300.37
300.973
301.038
313.931
302.515
300.551
300.329
300.315
300.315
300.312
300.31
300.346
300.316
300.327
300.445
300.748
300.662
301.526
301.518
302.761
302.844
302.622
304.908
305.118
312.129
326.178
327.203
331.033
331.295
325.109
317.735
309.596
302.965
320.045
328.91
359.827
301.679
305.379
309.582
319.333
314.026
409.158
401.702
300.009
300.04
300.023
326.148
301.626
300.099
300.056
301.578
301.555
301.531
301.504
301.474
301.452
301.428
301.403
301.377
301.353
301.331
301.308
301.285
301.26
301.237
301.214
301.191
301.168
301.144
301.12
301.098
301.074
300.477
300.454
300.439
300.447
300.53
300.579
300.442
300.652
300.428
300.435
300.738
300.416
300.42
300.823
300.406
300.411
300.384
300.387
300.916
300.375
300.379
300.349
300.353
300.996
301.051
324.678
304.882
301.003
300.314
300.332
300.311
300.313
300.316
300.307
300.328
300.369
300.741
301.401
301.232
302.873
302.859
305.052
305.144
304.929
309.655
310.677
322.511
330.682
330.882
331.33
325.241
317.851
309.629
302.97
322.767
339.379
389.849
301.68
305.352
309.66
319.921
319.843
314.657
407.072
364.413
300.009
300.037
300.021
307.965
300.345
300.073
300.051
301.574
301.549
301.523
301.497
301.469
301.444
301.419
301.395
301.371
301.347
301.324
301.301
301.278
301.256
301.234
301.212
301.19
301.169
301.145
301.123
301.101
301.08
300.45
300.493
300.432
300.423
300.434
300.546
300.605
300.424
300.68
300.412
300.417
300.763
300.4
300.405
300.847
300.388
300.394
300.366
300.37
300.945
300.356
300.361
300.335
300.339
301.015
301.058
330.376
309.077
302.005
300.305
300.318
300.305
300.305
300.304
300.34
300.31
300.385
300.53
301.479
302.696
302.408
305.179
305.106
308.757
308.716
308.849
318.074
320.094
329.852
331.378
325.253
317.92
309.649
302.972
328.302
360.853
402.079
301.674
305.357
309.951
322.42
320.456
320.102
314.592
393.67
325.724
300.008
300.034
300.02
301.91
300.12
300.065
300.047
301.568
301.541
301.514
301.487
301.459
301.434
301.407
301.383
301.361
301.335
301.315
301.292
301.269
301.247
301.224
301.206
301.185
301.164
301.141
301.121
301.1
301.08
300.456
300.416
300.427
300.508
300.416
300.403
300.409
300.564
300.631
300.41
300.709
300.395
300.402
300.795
300.384
300.389
300.885
300.374
300.379
300.353
300.358
300.971
300.343
300.348
300.321
300.325
301.029
301.06
331.43
316.331
303.848
300.301
300.304
300.303
300.305
300.301
300.422
300.332
300.582
301
302.976
304.897
304.46
308.695
308.5
314.398
313.883
315.142
328.047
329.05
331.529
325.335
317.843
309.63
302.967
339.393
386.853
399.203
301.669
305.459
309.991
327.729
322.786
320.39
314.792
359.115
308.155
300.013
300.031
300.412
300.083
300.059
300.043
301.56
301.528
301.502
301.473
301.447
301.42
301.393
301.37
301.344
301.322
301.299
301.28
301.255
301.231
301.214
301.194
301.175
301.152
301.133
301.115
301.094
301.075
300.426
300.467
300.401
300.409
300.524
300.396
300.388
300.395
300.579
300.654
300.389
300.739
300.38
300.383
300.825
300.368
300.375
300.913
300.362
300.365
300.336
300.341
300.991
300.328
300.332
300.308
300.311
301.037
301.055
325.381
326.804
306.738
300.296
300.297
300.297
300.295
300.31
300.299
300.656
300.413
301.14
302.099
305.483
308.19
307.586
313.57
313.176
322.654
321.175
324.761
331.759
331.767
331.109
317.805
309.536
302.954
361.322
395.131
385.718
301.691
305.467
310.182
338.754
327.906
322.628
320.774
315.08
324.214
301.986
300.016
300.031
300.024
300.136
300.073
300.055
300.035
301.547
301.517
301.488
301.463
301.431
301.401
301.377
301.355
301.327
301.304
301.281
301.258
301.236
301.216
301.196
301.176
301.158
301.139
301.119
301.097
301.083
301.061
300.432
300.394
300.4
300.483
300.384
300.389
300.541
300.381
300.373
300.38
300.604
300.68
300.375
300.769
300.361
300.37
300.859
300.357
300.359
300.942
300.345
300.352
300.324
300.328
301.006
300.315
300.319
300.296
300.299
301.039
301.04
317.681
326.178
331.81
310.75
300.294
300.292
300.294
300.292
300.336
300.303
301.29
300.635
302.472
304.107
309.13
312.644
311.849
319.973
319.209
330.817
329.822
331.574
332.208
332.101
309.456
302.921
383.232
391.442
352.436
301.698
305.551
310.389
361.077
339.13
328.032
323.417
321.087
315.332
307.612
300.433
300.014
300.031
300.04
300.09
300.067
300.046
301.538
301.504
301.472
301.439
301.411
301.382
301.36
301.33
301.307
301.282
301.259
301.24
301.215
301.195
301.175
301.154
301.137
301.118
301.099
301.079
301.062
301.042
300.4
300.444
300.381
300.387
300.501
300.37
300.376
300.56
300.367
300.357
300.362
300.625
300.708
300.36
300.799
300.352
300.356
300.89
300.336
300.347
300.966
300.332
300.33
300.31
300.314
301.016
300.302
300.305
300.289
300.29
300.288
301.034
301.019
309.344
317.754
325.244
332.67
315.774
300.298
300.286
300.286
300.289
300.411
300.327
302.753
301.186
304.871
307.241
313.818
318.229
317.181
328.058
326.573
333.35
333.344
333.118
325.009
302.892
388.152
377.029
321.623
301.714
305.645
310.501
378.896
361.79
340.54
329.505
324.358
321.581
315.71
301.833
300.144
300.031
300.013
300.048
300.041
300.049
300.08
300.058
301.526
301.489
301.454
301.426
301.389
301.362
301.33
301.304
301.28
301.258
301.235
301.203
301.187
301.171
301.149
301.13
301.112
301.094
301.071
301.054
301.037
301.011
300.369
300.41
300.464
300.363
300.37
300.519
300.355
300.36
300.581
300.352
300.344
300.349
300.653
300.741
300.346
300.83
300.337
300.341
300.917
300.327
300.332
300.983
300.318
300.323
300.297
300.302
301.018
300.291
300.294
300.283
300.286
300.28
300.281
301.021
300.991
302.857
309.282
317.124
324.773
321.681
300.316
300.284
300.282
300.291
300.606
300.392
305.399
302.414
308.428
311.451
319.375
324.864
323.436
333.183
332.697
333.766
333.974
332.817
316.792
383.47
344.403
306.587
301.737
305.698
310.893
380.697
374.068
361.109
343.894
331.874
325.493
322.389
315.85
300.402
300.098
300.045
300.029
300.012
300.056
300.052
300.058
300.069
301.509
301.466
301.437
301.399
301.37
301.339
301.312
301.288
301.258
301.232
301.204
301.182
301.158
301.136
301.121
301.099
301.07
301.049
301.04
301.02
300.988
300.974
300.347
300.376
300.36
300.425
300.48
300.353
300.538
300.341
300.347
300.604
300.337
300.33
300.335
300.685
300.773
300.332
300.864
300.324
300.329
300.943
300.313
300.315
300.994
300.307
300.312
300.285
300.29
301.014
300.279
300.282
300.277
300.278
300.275
300.277
301
300.954
302.815
308.93
316.397
325.408
328.291
300.366
300.284
300.278
300.303
301.067
300.548
309.111
304.996
312.973
316.603
325.585
331.841
330.174
334.394
334.495
324.164
333.551
308.713
366.431
317.904
301.524
301.753
305.893
310.892
374.651
373.103
368.873
360.356
348.858
336.47
327.356
324.879
316.316
300.145
300.081
300.045
300.059
300.054
300.027
300.012
300.063
300.062
300.068
301.495
301.455
301.416
301.385
301.35
301.318
301.287
301.258
301.229
301.202
301.174
301.15
301.127
301.107
301.08
301.066
301.041
301.024
300.992
300.977
300.958
300.93
300.353
300.344
300.333
300.322
300.326
300.381
300.44
300.497
300.339
300.558
300.329
300.332
300.629
300.324
300.317
300.323
300.716
300.806
300.32
300.892
300.307
300.313
300.962
300.301
300.305
300.998
300.294
300.296
300.276
300.278
301.002
300.273
300.275
300.273
300.273
300.273
300.269
300.27
300.972
300.911
302.715
308.487
316.355
333.504
300.482
300.291
300.278
300.339
302.073
300.902
313.828
308.778
318.436
322.585
331.984
334.567
334.203
334.605
334.694
324.268
315.399
302.649
335.627
305.106
300.345
301.801
305.886
311.22
354.122
364.385
365.708
363.449
358.437
352.71
341.922
322.031
334.605
316.604
300.097
300.078
300.042
300.058
300.067
300.064
300.026
300.011
300.072
300.072
301.474
301.439
301.399
301.361
301.328
301.294
301.261
301.22
301.197
301.166
301.144
301.122
301.095
301.068
301.05
301.019
301.012
300.985
300.957
300.929
300.906
300.888
300.33
300.36
300.326
300.317
300.307
300.314
300.392
300.452
300.513
300.579
300.311
300.32
300.658
300.311
300.303
300.306
300.747
300.837
300.307
300.92
300.297
300.303
300.973
300.29
300.294
300.992
300.283
300.289
300.266
300.267
300.975
300.267
300.27
300.266
300.268
300.271
300.268
300.265
300.266
300.928
300.863
302.59
308.395
335.22
300.736
300.314
300.281
300.422
304.09
301.657
319.491
313.58
324.703
329.042
334.905
335.127
335.319
323.116
334.317
315.164
307.918
313.425
301.123
300.135
301.814
306.075
311.402
326.813
339.575
352.436
358.267
357.322
355.995
352.878
327.636
347.795
322.845
316.816
300.089
300.056
300.04
300.069
300.066
300.074
300.073
300.025
300.011
300.08
300.082
301.462
301.417
301.38
301.337
301.303
301.263
301.226
301.202
301.168
301.14
301.117
301.085
301.06
301.04
301.012
300.992
300.952
300.927
300.915
300.89
300.867
300.84
300.29
300.334
300.371
300.312
300.3
300.293
300.295
300.409
300.469
300.533
300.603
300.3
300.305
300.689
300.3
300.293
300.296
300.778
300.874
300.295
300.94
300.287
300.291
300.976
300.279
300.282
300.979
300.271
300.274
300.262
300.255
300.259
300.946
300.261
300.263
300.26
300.272
300.266
300.261
300.26
300.886
300.812
302.532
335.53
301.262
300.369
300.296
300.593
307.538
303.096
326.018
319.48
331.328
333.883
335.683
335.064
335.514
323.011
314.476
307.777
302.407
303.459
300.266
300.102
301.853
306.182
311.512
309.11
317.36
325.544
337.548
347.738
352.359
352.606
343.313
351.855
330.653
327.181
317.162
300.069
300.054
300.038
300.076
300.074
300.081
300.082
300.024
300.01
300.089
300.092
301.447
301.405
301.355
301.319
301.278
301.241
301.206
301.168
301.141
301.11
301.074
301.053
301.029
300.999
300.982
300.945
300.923
300.899
300.874
300.847
300.816
300.791
300.271
300.307
300.287
300.343
300.381
300.295
300.29
300.282
300.427
300.489
300.556
300.632
300.288
300.293
300.721
300.289
300.282
300.285
300.812
300.897
300.284
300.951
300.276
300.279
300.972
300.269
300.272
300.955
300.261
300.266
300.256
300.249
300.25
300.253
300.249
300.906
300.258
300.258
300.255
300.279
300.265
300.259
300.258
300.835
300.76
335.328
302.291
300.482
300.331
300.944
312.241
305.789
332.369
326.335
334.82
335.572
335.705
333.548
335.525
322.488
314.198
307.438
302.347
300.719
300.129
301.884
306.236
311.727
302.043
305.013
309.389
315.359
323.025
335.968
345.502
350.734
349.676
346.265
342.378
322.769
317.378
300.064
300.077
300.076
300.051
300.036
300.083
300.083
300.09
300.091
300.023
300.01
300.098
300.103
301.432
301.381
301.342
301.298
301.254
301.219
301.173
301.145
301.113
301.079
301.052
301.017
300.998
300.967
300.932
300.916
300.886
300.858
300.831
300.801
300.773
300.741
300.246
300.279
300.271
300.262
300.315
300.352
300.394
300.287
300.278
300.27
300.447
300.506
300.58
300.664
300.277
300.282
300.751
300.275
300.264
300.271
300.848
300.916
300.273
300.955
300.262
300.268
300.958
300.256
300.261
300.925
300.25
300.252
300.244
300.247
300.246
300.251
300.239
300.859
300.253
300.254
300.299
300.267
300.258
300.254
300.783
300.708
334.972
304.133
300.712
300.405
301.637
318.245
310.057
335.225
332.546
335.936
335.893
335.254
321.712
313.778
307.264
302.253
300.201
301.904
306.369
311.829
300.441
301.03
302.322
304.588
307.796
312.94
323.03
351.344
337.107
350.995
331.247
350.113
328.746
317.835
300.061
300.08
300.084
300.083
300.049
300.035
300.09
300.09
300.097
300.099
300.022
300.01
300.107
300.119
301.416
301.372
301.326
301.275
301.233
301.192
301.15
301.113
301.078
301.054
301.013
300.987
300.957
300.932
300.906
300.873
300.847
300.818
300.79
300.756
300.729
300.691
300.223
300.247
300.249
300.238
300.282
300.258
300.324
300.36
300.411
300.27
300.266
300.465
300.53
300.61
300.696
300.264
300.267
300.796
300.263
300.257
300.261
300.873
300.93
300.258
300.951
300.254
300.256
300.935
300.247
300.251
300.885
300.241
300.244
300.243
300.24
300.246
300.24
300.25
300.238
300.234
300.234
300.802
300.25
300.344
300.277
300.261
300.252
300.718
300.648
321.747
307.41
301.158
300.549
302.925
325.415
315.931
336.069
335.334
336.063
335.683
334.307
313.311
307.041
302.196
301.939
306.409
312.15
300.164
300.247
300.524
301.005
301.973
303.614
307.139
346.063
313.198
349.664
345.92
351.102
342.729
323.668
317.641
300.076
300.061
300.085
300.086
300.091
300.091
300.047
300.033
300.097
300.099
300.106
300.109
300.021
300.009
300.122
301.407
301.347
301.301
301.248
301.204
301.159
301.128
301.091
301.061
301.023
300.987
300.96
300.923
300.901
300.862
300.832
300.805
300.778
300.746
300.715
300.673
300.638
300.201
300.228
300.222
300.214
300.258
300.246
300.232
300.29
300.254
300.329
300.365
300.428
300.261
300.482
300.553
300.641
300.729
300.251
300.256
300.823
300.254
300.246
300.25
300.895
300.934
300.25
300.936
300.243
300.247
300.894
300.239
300.241
300.824
300.232
300.235
300.239
300.243
300.237
300.246
300.233
300.23
300.231
300.747
300.247
300.43
300.303
300.269
300.251
300.674
300.604
321.094
313.252
312.642
301.994
300.823
305.135
331.966
323.177
336.081
336.177
335.798
334.995
306.809
302.133
301.957
306.647
312.146
300.136
300.191
300.27
300.48
300.893
301.827
327.589
303.833
340.145
350.79
347.138
332.629
349.905
329.804
317.734
300.089
300.073
300.059
300.09
300.092
300.098
300.098
300.046
300.033
300.104
300.106
300.113
300.117
300.021
300.009
301.393
301.331
301.283
301.228
301.187
301.142
301.104
301.065
301.026
300.99
300.96
300.93
300.895
300.863
300.829
300.796
300.764
300.733
300.704
300.67
300.633
300.597
300.177
300.204
300.203
300.191
300.235
300.219
300.211
300.268
300.239
300.229
300.305
300.249
300.341
300.381
300.443
300.506
300.584
300.672
300.766
300.241
300.245
300.851
300.243
300.235
300.239
300.908
300.93
300.24
300.908
300.234
300.237
300.852
300.23
300.232
300.784
300.226
300.23
300.236
300.239
300.243
300.233
300.23
300.226
300.227
300.687
300.245
300.593
300.353
300.291
300.253
300.611
300.563
312.768
320.713
306.764
319.835
303.471
301.341
308.845
335.049
330.493
335.555
336.212
334.331
333.671
302.077
302.012
306.588
312.196
300.133
300.151
300.194
300.287
300.501
308.367
301.065
318.432
349.846
332.386
346.306
350.412
327.334
342.287
317.902
300.099
300.085
300.072
300.058
300.097
300.1
300.104
300.105
300.045
300.033
300.111
300.114
300.122
300.021
300.01
301.389
301.323
301.274
301.221
301.17
301.125
301.088
301.043
301.001
300.966
300.931
300.896
300.862
300.821
300.797
300.764
300.732
300.7
300.665
300.629
300.592
300.556
300.155
300.181
300.179
300.17
300.208
300.197
300.188
300.241
300.217
300.207
300.276
300.235
300.225
300.315
300.355
300.403
300.463
300.53
300.613
300.706
300.8
300.231
300.233
300.874
300.232
300.224
300.224
300.913
300.912
300.231
300.872
300.225
300.228
300.797
300.222
300.224
300.693
300.22
300.224
300.221
300.236
300.232
300.239
300.229
300.225
300.222
300.637
300.244
300.895
300.445
300.337
300.259
300.578
300.517
306.524
312.584
320.114
302.046
327.43
305.911
302.25
315.071
336.102
334.192
333.656
335.82
332.829
302.024
306.611
312.278
300.131
300.144
300.17
300.22
302.417
300.366
305.453
341.906
312.449
350.016
346.94
326.592
337.245
348.892
318.535
300.107
300.103
300.097
300.104
300.084
300.07
300.056
300.106
300.111
300.112
300.045
300.032
300.118
300.122
300.021
300.009
301.382
301.317
301.265
301.209
301.16
301.113
301.068
301.028
300.985
300.936
300.901
300.86
300.831
300.799
300.765
300.733
300.695
300.658
300.625
300.584
300.547
300.513
300.133
300.159
300.153
300.145
300.185
300.177
300.165
300.213
300.193
300.185
300.249
300.215
300.204
300.28
300.222
300.325
300.364
300.42
300.485
300.556
300.644
300.742
300.83
300.218
300.887
300.222
300.215
300.217
300.907
300.887
300.218
300.819
300.216
300.217
300.738
300.214
300.216
300.649
300.216
300.212
300.219
300.209
300.237
300.232
300.23
300.226
300.222
300.219
300.593
300.244
301.418
300.605
300.42
300.275
300.517
300.473
301.984
306.447
312.271
319.563
332.485
309.914
303.774
322.804
336.239
335.766
331.743
334.347
302.032
306.683
312.588
300.13
300.141
300.155
300.723
300.194
301.673
322.894
303.755
348.602
333.562
323.127
335.145
345.829
348.536
317.72
300.11
300.11
300.108
300.093
300.108
300.08
300.067
300.056
300.112
300.117
300.119
300.044
300.032
300.125
300.02
300.009
301.376
301.308
301.254
301.197
301.152
301.104
301.053
301.014
300.964
300.922
300.878
300.841
300.804
300.768
300.734
300.7
300.656
300.621
300.586
300.552
300.505
300.472
300.114
300.135
300.131
300.123
300.163
300.152
300.143
300.187
300.174
300.163
300.218
300.191
300.183
300.254
300.212
300.2
300.294
300.336
300.378
300.432
300.507
300.584
300.683
300.777
300.852
300.209
300.891
300.213
300.205
300.207
300.89
300.84
300.21
300.764
300.208
300.209
300.68
300.206
300.206
300.601
300.212
300.216
300.204
300.204
300.209
300.205
300.235
300.23
300.225
300.222
300.218
300.524
300.248
302.282
300.88
300.559
300.305
300.48
300.43
301.952
306.313
311.983
319.538
334.884
316.41
306.227
329.101
335.876
336.136
330.341
331.835
302.047
306.896
312.451
300.133
300.141
300.28
300.154
300.524
308.58
301.138
340.355
315.297
329.549
343.045
347.833
344.078
327.156
317.718
300.115
300.117
300.1
300.115
300.091
300.115
300.079
300.066
300.055
300.118
300.123
300.126
300.043
300.032
300.02
300.009
301.375
301.303
301.244
301.188
301.139
301.097
301.05
301.001
300.951
300.902
300.856
300.812
300.774
300.738
300.701
300.659
300.619
300.578
300.526
300.493
300.463
300.413
300.083
300.109
300.112
300.104
300.132
300.132
300.12
300.168
300.153
300.141
300.193
300.172
300.161
300.225
300.191
300.181
300.262
300.199
300.302
300.348
300.392
300.457
300.535
300.623
300.721
300.807
300.865
300.884
300.203
300.196
300.197
300.858
300.796
300.202
300.705
300.199
300.201
300.623
300.198
300.196
300.55
300.212
300.216
300.202
300.204
300.202
300.208
300.197
300.235
300.227
300.223
300.219
300.49
300.257
303.648
301.346
300.79
300.361
300.429
300.368
301.918
306.201
311.923
318.374
335.729
323.438
309.957
332.904
334.388
335.915
329.581
302.101
306.803
312.465
300.133
300.175
300.14
300.229
302.634
300.366
323.198
305.616
339.7
346.231
345.097
330.256
325.91
336.35
317.464
300.122
300.122
300.112
300.103
300.12
300.119
300.124
300.089
300.077
300.066
300.054
300.125
300.13
300.043
300.031
300.02
300.01
301.361
301.28
301.226
301.176
301.119
301.08
301.042
300.993
300.937
300.88
300.831
300.784
300.739
300.699
300.665
300.613
300.584
300.538
300.498
300.454
300.421
300.375
300.084
300.058
300.088
300.115
300.106
300.096
300.133
300.128
300.12
300.168
300.151
300.138
300.199
300.17
300.159
300.234
300.189
300.179
300.269
300.31
300.361
300.415
300.481
300.563
300.663
300.754
300.829
300.869
300.862
300.193
300.184
300.187
300.816
300.723
300.192
300.633
300.191
300.19
300.557
300.188
300.189
300.502
300.213
300.216
300.201
300.197
300.205
300.198
300.209
300.19
300.195
300.234
300.225
300.22
300.443
300.275
305.709
302.08
301.16
300.46
300.382
300.337
301.892
306.184
311.518
317.876
335.789
328.773
315.714
334.663
331.397
334.684
302.096
306.817
312.369
300.149
300.136
300.163
300.732
300.191
309.89
301.554
344.215
344.889
335.156
314.944
324.921
333.863
342.084
317.502
300.127
300.129
300.125
300.112
300.1
300.124
300.127
300.129
300.088
300.076
300.064
300.054
300.131
300.042
300.032
300.02
300.01
301.35
301.265
301.202
301.16
301.109
301.071
301.03
300.983
300.922
300.861
300.805
300.758
300.709
300.67
300.615
300.587
300.534
300.501
300.457
300.42
300.378
300.329
300.065
300.086
300.076
300.044
300.062
300.088
300.113
300.108
300.098
300.141
300.13
300.119
300.174
300.149
300.139
300.196
300.168
300.156
300.24
300.177
300.281
300.323
300.373
300.437
300.51
300.594
300.695
300.783
300.843
300.859
300.831
300.184
300.176
300.756
300.664
300.183
300.587
300.182
300.182
300.516
300.182
300.182
300.452
300.214
300.217
300.198
300.202
300.195
300.205
300.21
300.181
300.19
300.187
300.239
300.224
300.385
300.31
308.701
303.189
301.725
300.625
300.338
300.278
301.881
306.045
311.41
328.503
317.793
334.871
332.069
321.725
335.215
332.783
302.097
306.796
312.419
300.142
300.149
300.258
300.158
303.433
300.428
344.093
338.212
319.668
305.941
324.39
332.057
340.026
342.573
317.213
300.134
300.134
300.134
300.123
300.11
300.1
300.13
300.131
300.134
300.088
300.076
300.065
300.052
300.137
300.041
300.031
300.02
300.01
301.317
301.234
301.17
301.132
301.086
301.055
301.016
300.975
300.911
300.84
300.779
300.721
300.674
300.631
300.592
300.529
300.499
300.454
300.409
300.358
300.319
300.286
300.043
300.066
300.055
300.085
300.076
300.021
300.044
300.066
300.093
300.119
300.107
300.098
300.147
300.128
300.116
300.178
300.148
300.138
300.212
300.167
300.156
300.253
300.292
300.339
300.39
300.462
300.539
300.633
300.728
300.806
300.847
300.839
300.787
300.174
300.166
300.694
300.608
300.174
300.53
300.172
300.173
300.463
300.171
300.173
300.397
300.215
300.224
300.194
300.198
300.202
300.19
300.207
300.213
300.175
300.183
300.18
300.187
300.247
300.343
300.373
313.023
304.765
302.579
300.901
300.29
300.24
301.85
306.038
311.344
327.819
317.008
333.54
333.681
326.698
335.147
328.719
302.089
306.855
312.229
300.142
300.171
300.149
300.833
300.199
339.25
323.842
308.794
301.719
323.868
330.799
338.293
341.141
339.135
317.165
300.138
300.14
300.143
300.134
300.132
300.12
300.11
300.098
300.137
300.138
300.087
300.075
300.065
300.053
300.041
300.031
300.02
300.02
301.255
301.154
301.102
301.067
301.05
301.02
301.001
300.958
300.894
300.821
300.75
300.689
300.639
300.581
300.541
300.498
300.459
300.408
300.37
300.326
300.28
300.235
300.021
300.041
300.031
300.066
300.052
300.085
300.075
300.021
300.045
300.068
300.095
300.121
300.107
300.097
300.152
300.128
300.117
300.184
300.147
300.136
300.218
300.155
300.26
300.303
300.353
300.411
300.483
300.572
300.669
300.761
300.822
300.835
300.803
300.721
300.166
300.641
300.542
300.164
300.475
300.163
300.164
300.402
300.165
300.163
300.345
300.225
300.263
300.195
300.191
300.199
300.204
300.211
300.23
300.166
300.177
300.174
300.183
300.18
300.187
300.296
300.483
318.121
306.93
303.806
301.333
300.241
300.186
301.846
306.027
311.165
326.796
317.019
330.734
334.247
329.881
334.109
302.101
306.77
312.245
300.155
300.145
300.262
300.163
326.772
311.657
302.98
300.4
323.481
329.809
336.874
339.74
338.671
328.76
316.747
300.144
300.14
300.15
300.14
300.144
300.131
300.119
300.108
300.097
300.141
300.143
300.086
300.076
300.064
300.054
300.043
300.032
300.032
301.087
301.031
301.011
300.998
300.991
300.988
300.98
300.946
300.878
300.794
300.719
300.657
300.605
300.557
300.499
300.463
300.421
300.371
300.326
300.281
300.236
300.184
300.042
300.065
300.052
300.085
300.075
300.022
300.045
300.071
300.095
300.125
300.107
300.095
300.155
300.127
300.117
300.185
300.147
300.137
300.228
300.155
300.27
300.314
300.374
300.435
300.512
300.605
300.706
300.786
300.824
300.813
300.754
300.661
300.547
300.489
300.155
300.41
300.155
300.155
300.348
300.158
300.155
300.297
300.296
300.196
300.191
300.202
300.21
300.24
300.357
300.158
300.167
300.162
300.177
300.174
300.184
300.18
300.188
300.239
300.671
322.686
309.912
305.505
301.991
300.192
300.143
301.843
306.003
311.215
326.137
316.291
326.942
334.277
331.916
333.158
302.082
306.788
312
300.149
300.173
300.155
314.106
304.432
300.711
300.192
323.038
329.097
335.779
338.517
337.636
329.387
316.057
316.699
300.15
300.155
300.153
300.149
300.155
300.149
300.14
300.148
300.128
300.118
300.107
300.096
300.146
300.086
300.074
300.064
300.054
300.043
300.71
300.849
300.894
300.926
300.936
300.954
300.956
300.932
300.855
300.772
300.686
300.626
300.573
300.519
300.471
300.419
300.373
300.328
300.283
300.236
300.187
300.142
300.063
300.086
300.075
300.021
300.046
300.073
300.101
300.13
300.107
300.095
300.161
300.126
300.115
300.195
300.146
300.136
300.237
300.279
300.324
300.389
300.459
300.546
300.642
300.74
300.798
300.81
300.776
300.692
300.59
300.503
300.425
300.146
300.365
300.146
300.145
300.309
300.145
300.148
300.25
300.193
300.199
300.211
300.26
300.461
300.978
300.159
300.168
300.163
300.177
300.175
300.185
300.181
300.191
300.196
326.045
313.933
307.723
302.954
300.143
300.094
301.842
306.053
311.123
324.921
316.318
333.551
332.879
331.486
302.088
306.618
311.894
300.159
305.846
301.168
300.23
300.165
323.032
328.92
334.906
337.444
336.537
329.257
317.269
307.038
316.361
300.153
300.157
300.16
300.157
300.152
300.137
300.15
300.126
300.117
300.107
300.096
300.086
300.431
300.647
300.777
300.846
300.869
300.914
300.928
300.899
300.829
300.736
300.647
300.593
300.532
300.479
300.419
300.374
300.323
300.28
300.234
300.189
300.137
300.091
300.022
300.048
300.072
300.101
300.135
300.106
300.096
300.166
300.126
300.116
300.206
300.137
300.244
300.287
300.345
300.408
300.488
300.582
300.685
300.761
300.799
300.786
300.71
300.614
300.531
300.442
300.37
300.307
300.137
300.136
300.25
300.194
300.197
300.212
300.292
300.627
301.455
300.169
300.164
300.179
300.177
300.187
300.184
300.195
300.143
328.747
317.752
310.58
304.298
300.095
300.045
301.865
306.063
311.173
323.662
316.302
332.988
333.287
329.346
302.046
306.623
311.746
301.694
300.299
300.173
300.158
323.171
329.041
334.229
336.464
335.354
328.796
317.579
308.017
302.175
316.027
300.161
300.162
300.16
300.155
300.127
300.116
300.107
300.268
300.537
300.655
300.735
300.813
300.872
300.897
300.882
300.8
300.689
300.615
300.542
300.48
300.428
300.389
300.33
300.277
300.236
300.184
300.135
300.088
300.043
300.022
300.049
300.076
300.105
300.136
300.168
300.124
300.211
300.253
300.303
300.363
300.432
300.52
300.618
300.714
300.774
300.783
300.738
300.652
300.551
300.446
300.388
300.316
300.261
300.196
300.142
300.215
300.338
300.875
302.133
300.173
300.168
300.182
300.18
300.192
300.19
300.218
300.093
330.66
321.406
313.855
306.021
300.045
301.873
306.195
311.186
323.065
316.535
332.286
333.433
327.203
302.036
306.503
311.447
300.393
300.181
300.163
323.153
329.426
333.817
335.56
334.053
327.674
317.451
308.4
302.632
300.493
300.163
300.165
300.177
300.424
300.568
300.677
300.765
300.834
300.874
300.844
300.766
300.663
300.568
300.496
300.443
300.394
300.335
300.287
300.236
300.189
300.141
300.093
300.04
300.023
300.05
300.074
300.109
300.14
300.18
300.218
300.263
300.322
300.383
300.46
300.556
300.659
300.739
300.772
300.756
300.68
300.574
300.46
300.403
300.332
300.265
300.201
300.148
300.091
300.401
301.206
303.033
300.177
300.171
300.187
300.186
300.222
300.225
300.47
300.045
332.086
324.341
316.897
308.099
301.916
306.238
311.509
322.404
331.552
333.438
324.884
302.012
306.383
300.194
300.167
330.465
333.512
334.73
332.608
326.174
316.973
308.375
302.799
300.587
300.206
300.167
300.159
300.354
300.509
300.629
300.724
300.812
300.853
300.824
300.707
300.598
300.528
300.462
300.402
300.35
300.29
300.24
300.19
300.137
300.088
300.039
300.024
300.051
300.079
300.111
300.146
300.186
300.228
300.275
300.337
300.406
300.492
300.595
300.691
300.748
300.756
300.71
300.604
300.488
300.404
300.335
300.262
300.213
300.152
300.096
300.046
301.608
304.126
300.183
300.177
300.225
300.224
300.543
300.599
302.019
333.126
327.013
319.706
310.394
301.929
306.425
333.435
301.968
300.172
333.93
331.012
324.34
315.876
308.143
302.788
300.623
300.22
300.118
300.26
300.46
300.59
300.703
300.797
300.836
300.778
300.663
300.556
300.486
300.418
300.356
300.291
300.24
300.19
300.142
300.092
300.042
300.024
300.051
300.083
300.114
300.152
300.195
300.238
300.293
300.356
300.433
300.528
300.638
300.711
300.742
300.724
300.632
300.523
300.433
300.347
300.267
300.208
300.155
300.1
300.047
305.33
300.621
302.409
302.688
306.498
329.147
322.165
312.527
301.973
314.354
307.517
300.107
300.235
300.435
300.558
300.701
300.793
300.81
300.728
300.617
300.516
300.425
300.372
300.307
300.247
300.196
300.143
300.094
300.044
300.025
300.053
300.088
300.121
300.159
300.202
300.248
300.308
300.379
300.462
300.571
300.666
300.718
300.719
300.661
300.539
300.453
300.354
300.287
300.213
300.164
300.1
300.048
300.083
300.201
300.397
300.551
300.711
300.791
300.785
300.672
300.562
300.466
300.383
300.312
300.258
300.199
300.141
300.095
300.044
300.026
300.056
300.09
300.123
300.167
300.212
300.265
300.326
300.404
300.5
300.611
300.684
300.708
300.681
300.567
300.466
300.37
300.298
300.228
300.166
300.103
300.046
300.094
300.235
300.399
300.559
300.721
300.787
300.742
300.623
300.497
300.398
300.331
300.261
300.203
300.151
300.096
300.042
300.026
300.06
300.091
300.132
300.175
300.222
300.279
300.349
300.438
300.549
300.636
300.689
300.681
300.617
300.485
300.385
300.298
300.237
300.167
300.103
300.045
300.104
300.219
300.406
300.583
300.734
300.768
300.688
300.55
300.44
300.345
300.278
300.212
300.151
300.096
300.042
300.027
300.061
300.098
300.137
300.182
300.235
300.297
300.376
300.472
300.581
300.656
300.677
300.634
300.523
300.418
300.33
300.246
300.172
300.111
300.051
300.108
300.23
300.443
300.627
300.747
300.737
300.62
300.483
300.373
300.29
300.219
300.158
300.1
300.042
300.029
300.064
300.103
300.143
300.191
300.25
300.317
300.406
300.512
300.61
300.659
300.644
300.566
300.445
300.342
300.246
300.183
300.107
300.053
300.115
300.263
300.477
300.671
300.746
300.686
300.531
300.408
300.309
300.231
300.162
300.104
300.047
300.029
300.063
300.107
300.151
300.204
300.264
300.341
300.444
300.548
300.627
300.643
300.588
300.483
300.349
300.275
300.188
300.119
300.054
300.126
300.303
300.521
300.699
300.721
300.598
300.459
300.341
300.247
300.173
300.105
300.045
300.03
300.069
300.111
300.159
300.216
300.285
300.378
300.482
300.577
300.627
300.603
300.507
300.377
300.289
300.189
300.125
300.05
300.144
300.366
300.58
300.708
300.661
300.523
300.379
300.27
300.183
300.113
300.05
300.033
300.072
300.117
300.17
300.23
300.308
300.41
300.52
300.595
300.603
300.528
300.427
300.3
300.203
300.119
300.054
300.164
300.429
300.631
300.691
300.593
300.432
300.288
300.195
300.118
300.053
300.035
300.075
300.125
300.182
300.248
300.339
300.449
300.548
300.59
300.55
300.446
300.302
300.222
300.128
300.061
300.198
300.491
300.657
300.639
300.499
300.334
300.218
300.124
300.054
300.037
300.081
300.133
300.194
300.269
300.375
300.487
300.562
300.559
300.468
300.337
300.24
300.139
300.061
300.292
300.554
300.649
300.56
300.378
300.235
300.133
300.058
300.039
300.085
300.142
300.209
300.301
300.414
300.517
300.549
300.487
300.371
300.253
300.147
300.066
300.4
300.595
300.598
300.454
300.279
300.155
300.057
300.041
300.094
300.149
300.23
300.329
300.454
300.522
300.505
300.408
300.268
300.16
300.065
300.492
300.594
300.515
300.333
300.168
300.062
300.042
300.1
300.168
300.261
300.376
300.476
300.499
300.419
300.278
300.172
300.067
300.547
300.549
300.397
300.198
300.077
300.047
300.108
300.182
300.295
300.407
300.474
300.448
300.316
300.183
300.075
300.549
300.457
300.254
300.09
300.05
300.114
300.2
300.327
300.428
300.449
300.327
300.207
300.085
300.494
300.319
300.112
300.055
300.13
300.234
300.361
300.417
300.349
300.224
300.087
300.382
300.142
300.06
300.143
300.273
300.373
300.369
300.243
300.095
300.16
300.067
300.163
300.303
300.353
300.255
300.104
300.077
300.191
300.303
300.256
300.105
300.081
300.224
300.258
300.134
300.096
300.213
300.144
300.119
300.137
300.098
)
;

boundaryField
{
    lowerOutlet
    {
        type            inletOutlet;
        inletValue      uniform 300;
        value           nonuniform List<scalar> 
140
(
300
300
300
300
300
300
300
300
300
300
300
300
300
300
300
300
300
300
300
300
300
300
300
300
300
300
300
300
300
300
300
300
300
300
300
300
300
300
300
300
300
300
300
303.053
300
311.165
301.523
300
633.566
300
300
300
300
300
300
300
300
300
300
300
300
300
300
300
300
300
300
300
300
300
300
300
300
300
300
300
300
300
300
300
300
300
300
300
300
300
300
300
300
300
300
300
300
300
300
300
300
300
300
300
300
309.783
312.046
300
300
378.332
300
300
300
300
300
300
300
300
300
300
300
309.45
307.143
300
300
300
300
300
300
300
311.966
300
300
300
300
300
300
300
300
300
300
300
300
300
)
;
    }
    top
    {
        type            inletOutlet;
        inletValue      uniform 300;
        value           nonuniform List<scalar> 
100
(
300.16
300.373
300.507
300.599
300.694
300.817
301.011
301.211
301.417
301.747
302.474
303.895
305.919
307.764
308.434
308.432
307.708
306.534
305.653
305.234
305.05
304.895
304.738
304.563
304.244
303.687
303.087
302.626
302.325
302.142
302.046
301.976
301.852
301.716
301.626
301.587
301.57
301.564
301.561
301.561
301.563
301.568
301.57
301.576
301.579
301.58
301.581
301.583
301.582
301.583
301.581
301.578
301.574
301.568
301.56
301.548
301.538
301.526
301.51
301.495
301.474
301.462
301.447
301.431
301.417
301.407
301.393
301.389
301.382
301.376
301.375
301.362
301.351
301.318
301.257
301.094
300
300
300
300
300
300
300
300
300
300
300
300
300
300
300
300
300.289
300.397
300.489
300.545
300.548
300.493
300.382
300.16
)
;
    }
    sides
    {
        type            inletOutlet;
        inletValue      uniform 300;
        value           uniform 300;
    }
    front
    {
        type            empty;
    }
    back
    {
        type            empty;
    }
    roller
    {
        type            fixedValue;
        value           uniform 300;
    }
    burner
    {
        type            fixedValue;
        value           uniform 1045.04;
    }
}


// ************************************************************************* //
