/*--------------------------------*- C++ -*----------------------------------*\
  =========                 |
  \\      /  F ield         | OpenFOAM: The Open Source CFD Toolbox
   \\    /   O peration     | Website:  https://openfoam.org
    \\  /    A nd           | Version:  dev
     \\/     M anipulation  |
\*---------------------------------------------------------------------------*/
FoamFile
{
    version     2.0;
    format      ascii;
    class       volScalarField;
    location    "2500";
    object      omega;
}
// * * * * * * * * * * * * * * * * * * * * * * * * * * * * * * * * * * * * * //

dimensions      [0 0 -1 0 0 0 0];

internalField   nonuniform List<scalar> 
9841
(
1.23429
1.2487
1.20446
1.16849
1.34221
1.10165
1.07322
1.35145
1.2857
1.03549
1.03106
1.31477
1.35135
1.16374
1.01825
1.01073
1.22405
1.3751
1.28977
1.07499
1.01182
1.00135
1.12081
1.36324
1.35265
1.16715
1.03839
1.00687
0.993078
1.06103
1.32124
1.37561
1.27098
1.08053
1.02229
1.0034
0.98787
1.02364
1.23462
1.37859
1.33852
1.15283
1.04089
1.01164
1.00092
0.985244
1.00186
1.13794
1.3624
1.36806
1.24164
1.07317
1.02111
1.00393
0.998973
0.98447
0.990305
1.06866
1.31925
1.38116
1.31533
1.13107
1.03406
1.00777
0.998271
0.997527
0.986322
0.984312
1.02648
1.23915
1.38087
1.35632
1.20565
1.05993
1.01301
0.998106
0.99386
0.996407
0.988169
0.978219
1.00148
1.14478
1.366
1.37537
1.28107
1.10496
1.02308
0.999029
0.990807
0.990544
0.995508
0.989498
0.973706
0.986136
1.07243
1.32724
1.38795
1.33472
1.1689
1.04231
1.00201
0.987869
0.985302
0.987832
0.994791
0.98982
0.971156
0.976396
1.02758
1.25218
1.39121
1.36749
1.24005
1.0778
1.00887
0.987511
0.980274
0.980886
0.98562
0.994193
0.989571
0.972077
0.969436
0.99863
1.16175
1.37894
1.38696
1.30328
1.13128
1.0231
0.989066
0.976287
0.974314
0.97735
0.983802
0.993673
0.989263
0.973562
0.963329
0.980511
1.0821
1.34512
1.40091
1.34984
1.19471
1.05072
0.993818
0.973749
0.968154
0.969566
0.974499
0.98224
0.993244
0.989109
0.974815
0.959002
0.968297
1.034
1.28036
1.40836
1.38068
1.2602
1.09387
1.00429
0.974568
0.962925
0.962046
0.965697
0.972016
0.980942
0.99289
0.98897
0.975525
0.955965
0.96006
1.00175
1.19717
1.40087
1.40271
1.3167
1.1496
1.02532
0.977843
0.959339
0.955017
0.957152
0.962417
0.969951
0.979862
0.99259
0.988904
0.975548
0.954434
0.953398
0.979983
1.11616
1.37635
1.41735
1.36255
1.2098
1.05889
0.985476
0.959605
0.949277
0.948782
0.953115
0.959773
0.968253
0.978929
0.992342
0.988877
0.97536
0.953376
0.94743
0.965548
1.05879
1.32902
1.4295
1.39391
1.26873
1.10466
1.0008
0.961564
0.945525
0.941521
0.943869
0.949892
0.957618
0.966781
0.97813
0.992139
0.988869
0.975133
0.952194
0.94286
0.955241
1.02212
1.26107
1.42775
1.41891
1.32237
1.15765
1.02594
0.966725
0.944262
0.935533
0.935423
0.940044
0.947329
0.955785
0.965523
0.977465
0.991985
0.988935
0.975017
0.950692
0.93906
0.947818
0.997358
1.19023
1.4147
1.43303
1.36906
1.21334
1.06164
0.977435
0.945395
0.931536
0.927872
0.930707
0.93701
0.945199
0.954251
0.964476
0.976932
0.991882
0.989126
0.974955
0.948975
0.935388
0.942171
0.979891
1.1294
1.38535
1.44622
1.4026
1.26537
1.10608
0.995611
0.948829
0.929321
0.922059
0.922126
0.927008
0.934602
0.943481
0.952978
0.963604
0.97652
0.991834
0.989497
0.974624
0.947247
0.931745
0.937539
0.967272
1.08158
1.34495
1.45269
1.42748
1.31685
1.15463
1.02184
0.956027
0.929652
0.917698
0.914946
0.917724
0.924152
0.93277
0.942123
0.951911
0.962898
0.976244
0.991837
0.990064
0.973927
0.945403
0.92837
0.933656
0.958338
1.04988
1.30016
1.44991
1.44597
1.36073
1.20316
1.05601
0.967517
0.931306
0.915159
0.909091
0.909644
0.914303
0.922074
0.931358
0.94104
0.951073
0.962381
0.976104
0.991892
0.990803
0.972966
0.943206
0.925467
0.930437
0.952436
1.02832
1.2515
1.43999
1.45665
1.3986
1.24955
1.09458
0.985484
0.935155
0.914143
0.904957
0.902768
0.905524
0.911828
0.920568
0.930277
0.940241
0.950482
0.962078
0.976181
0.992023
0.991624
0.971594
0.940845
0.923358
0.92787
0.948896
1.01459
1.2081
1.41998
1.46591
1.42541
1.29197
1.13583
1.00912
0.942494
0.914798
0.901759
0.897338
0.897959
0.902505
0.910081
0.919437
0.929593
0.939697
0.950134
0.962095
0.97648
0.992267
0.992237
0.969503
0.938622
0.922442
0.926371
0.947393
1.00686
1.17545
1.39313
1.46876
1.44455
1.33387
1.17635
1.038
0.95366
0.916689
0.899976
0.892828
0.891628
0.894327
0.900436
0.908838
0.918833
0.92921
0.939377
0.950103
0.96252
0.977078
0.992644
0.991991
0.966526
0.937058
0.923149
0.92644
0.947923
1.00454
1.15368
1.36548
1.46677
1.45653
1.36888
1.2161
1.07011
0.969103
0.920467
0.899024
0.889502
0.886301
0.887364
0.891844
0.899049
0.908189
0.918614
0.929083
0.939397
0.950561
0.963474
0.978121
0.993176
0.99021
0.963131
0.937782
0.926496
0.92878
0.951372
1.00693
1.14085
1.33995
1.46095
1.46311
1.39736
1.25132
1.10449
0.988205
0.926444
0.899211
0.88664
0.881886
0.881375
0.884352
0.890268
0.898215
0.908059
0.918798
0.929326
0.939869
0.951654
0.96521
0.97981
0.993881
0.98916
0.961474
0.94385
0.933827
0.934855
0.959132
1.0191
1.13377
1.3159
1.44938
1.46425
1.41859
1.28192
1.13737
1.01123
0.934544
0.900044
0.884621
0.877838
0.876179
0.877787
0.882466
0.889387
0.898188
0.908557
0.91947
0.930015
0.940937
0.953624
0.968049
0.982557
0.99484
0.990595
0.961204
0.95442
0.945822
0.946548
0.973099
1.03835
1.13274
1.29286
1.4328
1.46351
1.43147
1.30958
1.16711
1.03632
0.945415
0.901798
0.883005
0.874458
0.871512
0.872003
0.875504
0.881637
0.88943
0.898994
0.909811
0.920701
0.931287
0.942782
0.956813
0.972411
0.986847
0.996665
0.994766
0.960831
0.957697
0.963921
0.967819
0.998124
1.06046
1.13643
1.27268
1.41212
1.45907
1.43848
1.33384
1.19283
1.06158
0.959054
0.904688
0.88153
0.871406
0.867171
0.866814
0.869203
0.874584
0.881736
0.89054
0.900768
0.911857
0.922699
0.933448
0.945831
0.961779
0.978708
0.991831
0.999501
0.998017
1.00931
0.974044
0.957724
0.972405
1.00951
1.03679
1.08356
1.1435
1.25498
1.3888
1.44757
1.43858
1.35291
1.21477
1.08527
0.974964
0.909127
0.880405
0.86806
0.862967
0.861858
0.863558
0.868057
0.87471
0.883186
0.892838
0.903766
0.915078
0.925884
0.936947
0.950873
0.970106
0.987474
0.99697
0.996584
1.00029
1.00001
0.998774
1.03402
0.966901
0.977267
1.04966
1.08918
1.1088
1.15255
1.24066
1.36449
1.43047
1.43409
1.36518
1.23233
1.10614
0.992348
0.91529
0.879202
0.864826
0.858619
0.85702
0.858441
0.862168
0.868267
0.876305
0.886013
0.896797
0.90847
0.919954
0.930883
0.942572
0.95912
0.980661
0.976436
0.996608
0.985685
0.996463
1.0001
1.00113
1.00115
1.00209
0.994029
1.06504
1.02467
0.982043
1.06058
1.13941
1.13649
1.16104
1.22577
1.33957
1.41063
1.42199
1.37188
1.24554
1.12346
1.00995
0.923441
0.879247
0.86111
0.854213
0.852202
0.853488
0.856804
0.862389
0.869825
0.879653
0.890813
0.90295
0.915422
0.927376
0.938824
0.952517
0.971842
0.966855
0.983582
1.00324
0.996416
1.00465
1.00369
1.00783
1.00225
1.00455
0.987206
1.05034
1.12649
1.01524
1.05578
1.14864
1.16578
1.16721
1.20954
1.31259
1.38818
1.40544
1.37058
1.25452
1.13623
1.0266
0.933561
0.880163
0.857566
0.849376
0.84704
0.84844
0.851637
0.856703
0.863856
0.873514
0.885378
0.89837
0.912103
0.925673
0.938875
0.952137
0.963623
0.962661
0.979936
0.976466
0.995542
1.01285
1.00541
1.01663
1.00822
1.01627
1.0035
1.00729
0.980368
1.02037
1.20907
1.10762
1.03532
1.13469
1.1671
1.16973
1.19638
1.28254
1.36318
1.38587
1.36461
1.25786
1.14577
1.04028
0.945005
0.882401
0.854398
0.844174
0.841482
0.842705
0.846181
0.850917
0.858119
0.867526
0.880052
0.894443
0.91008
0.926036
0.940706
0.954316
0.962798
0.964085
0.974514
0.974409
0.993111
0.991215
1.00514
1.02491
1.01907
1.03149
1.01365
1.02636
1.00487
1.01032
0.976726
0.998912
1.1895
1.23736
1.05578
1.08575
1.14965
1.16067
1.18019
1.24998
1.33499
1.3636
1.35217
1.25883
1.14981
1.05114
0.956405
0.886066
0.851543
0.838694
0.835449
0.836325
0.839921
0.845085
0.852257
0.861769
0.874645
0.890535
0.908544
0.927513
0.946507
0.962026
0.96715
0.974909
0.975157
0.977701
0.990932
0.991553
1.0046
1.00489
1.0206
1.03951
1.0365
1.05012
1.02016
1.03858
1.00631
1.01369
0.976239
0.988526
1.15158
1.29099
1.15105
1.01595
1.09851
1.1331
1.15703
1.2096
1.30275
1.33852
1.3362
1.25723
1.14987
1.05822
0.966855
0.890961
0.849462
0.833022
0.828945
0.829654
0.833105
0.839003
0.846351
0.856163
0.869497
0.886406
0.906925
0.930092
0.954057
0.97906
0.983016
1.00022
0.983503
0.995686
0.993945
1.00023
1.00625
1.01002
1.02197
1.02448
1.04041
1.05766
1.05848
1.07324
1.02783
1.05365
1.00767
1.01725
0.977761
0.989287
1.1178
1.2897
1.24557
1.02445
1.00309
1.07901
1.12175
1.17321
1.26687
1.31131
1.31657
1.25224
1.14869
1.06081
0.975293
0.896989
0.848177
0.827775
0.822144
0.822758
0.826199
0.83243
0.840436
0.850506
0.864354
0.88268
0.905298
0.9327
0.966392
1.00704
1.01994
1.0616
1.01677
1.05675
1.0152
1.04985
1.01971
1.045
1.0302
1.04573
1.04492
1.05447
1.06599
1.08021
1.08509
1.09891
1.03663
1.07308
1.0088
1.02078
0.981506
0.997431
1.11098
1.27066
1.2698
1.06165
0.950536
1.00084
1.07518
1.1353
1.22692
1.28248
1.29405
1.24302
1.14522
1.0603
0.981233
0.903232
0.848474
0.823066
0.815277
0.815544
0.819179
0.825459
0.833993
0.844462
0.85888
0.878749
0.904719
0.938214
0.98619
1.07648
1.12591
1.27523
1.13856
1.30667
1.12876
1.30324
1.11074
1.26946
1.09081
1.21717
1.08079
1.16183
1.08125
1.12403
1.10759
1.10298
1.12895
1.14044
1.04846
1.09114
1.00945
1.02408
0.987015
1.0148
1.12306
1.23818
1.26178
1.11379
0.944878
0.943177
1.01245
1.09201
1.18844
1.25277
1.26961
1.23115
1.13835
1.05829
0.984682
0.909084
0.849479
0.819151
0.808547
0.80808
0.811806
0.818272
0.826698
0.838012
0.852512
0.873706
0.903578
0.952303
1.04513
1.25451
1.47956
1.89038
1.60676
2.1976
1.67326
2.33997
1.6295
2.36356
1.5349
2.21571
1.39597
1.97969
1.26435
1.67222
1.17324
1.39802
1.2193
1.13548
1.25235
1.2606
1.06
1.1079
1.00929
1.0265
0.993639
1.0414
1.14845
1.21003
1.2358
1.13577
0.95293
0.917089
0.960339
1.04782
1.15293
1.22363
1.2443
1.21691
1.12982
1.0537
0.985321
0.913815
0.851523
0.81589
0.802407
0.800712
0.804163
0.8107
0.819408
0.830345
0.845624
0.86749
0.90074
0.968209
1.21036
1.9203
2.59969
3.0946
2.97974
4.27197
3.41307
4.75885
3.62009
5.19902
3.54499
5.35149
3.21235
5.14701
2.64651
4.57009
2.05496
3.55195
1.54958
2.52128
1.68332
1.23442
1.76524
1.76032
1.06394
1.17177
1.00813
1.02645
1.00027
1.07757
1.1788
1.19337
1.20049
1.13049
0.96935
0.910543
0.931613
1.01411
1.12513
1.19639
1.2192
1.201
1.11996
1.04659
0.984366
0.917177
0.854108
0.81347
0.796687
0.793521
0.79662
0.803095
0.811646
0.822752
0.838077
0.860518
0.896784
0.982838
1.40855
3.11942
7.02024
5.42444
7.72939
6.41087
7.98194
6.98582
8.56768
7.33449
8.95168
7.36434
9.14602
7.05205
9.14076
6.20807
8.80297
4.63557
7.8293
2.99749
5.81724
3.36129
1.65284
3.53308
3.44633
1.09456
1.45997
1.00674
1.03704
1.00706
1.11966
1.20857
1.19272
1.16931
1.11238
0.979288
0.911119
0.921068
0.992082
1.10217
1.17267
1.19536
1.18353
1.10899
1.03793
0.981787
0.919014
0.856639
0.812023
0.791325
0.786586
0.789457
0.795259
0.803792
0.815138
0.830413
0.853382
0.891619
0.998717
1.64189
4.13136
8.68165
10.4509
10.9103
9.26366
10.1006
9.647
10.3129
9.93335
10.4861
10.1564
10.6835
10.2975
10.8874
10.2955
11.0447
10.012
11.0841
9.14328
10.8603
6.8119
9.96999
7.418
3.07221
7.57324
7.23076
1.25483
2.46186
1.00793
1.1038
1.01442
1.16155
1.24178
1.20043
1.14538
1.07798
0.976841
0.914466
0.918995
0.981155
1.08563
1.15282
1.174
1.16575
1.09792
1.02832
0.976545
0.919781
0.858475
0.81116
0.78654
0.779827
0.782044
0.78782
0.796106
0.807521
0.823307
0.846462
0.8872
1.0149
1.88829
5.20266
9.93942
11.02
11.2466
11.0671
11.1732
10.7011
10.923
10.7743
10.9216
10.9323
11.0326
11.1513
11.2538
11.3969
11.5292
11.6026
11.8193
11.6767
12.049
11.4477
12.1227
10.4943
11.8671
10.7958
6.29511
10.8842
10.7021
1.82553
4.73596
1.02033
1.34464
1.0224
1.19906
1.27129
1.21842
1.12363
1.04316
0.968851
0.91857
0.919678
0.976878
1.07498
1.13736
1.1557
1.14869
1.08661
1.01794
0.969677
0.919171
0.859555
0.810299
0.782168
0.772609
0.774846
0.781007
0.789029
0.800626
0.816957
0.840554
0.885971
1.04074
2.14375
6.14551
10.5441
11.3153
11.464
11.2738
11.3605
11.1442
11.2474
11.0087
11.0723
11.0653
11.0793
11.2523
11.2389
11.5459
11.5334
11.904
11.9438
12.2569
12.4103
12.5113
12.8269
12.5396
13.0675
12.1704
12.9714
12.4119
10.0883
12.5635
12.5494
3.24225
8.49357
1.0676
1.99726
1.06743
1.22377
1.30046
1.23474
1.1125
1.01617
0.954811
0.918996
0.922825
0.974807
1.06832
1.1259
1.14051
1.13291
1.07528
1.00765
0.961715
0.917536
0.859976
0.809193
0.778033
0.765904
0.767906
0.774343
0.783342
0.795096
0.812028
0.836927
0.888431
1.09268
2.50321
6.9824
10.9164
11.6805
11.452
11.584
11.3775
11.5285
11.369
11.5677
11.1245
11.2192
11.248
11.3039
11.5304
11.5556
11.9779
12.01
12.5411
12.6522
13.1248
13.3978
13.5796
14.0861
13.7208
14.5066
13.4272
14.4408
13.8332
12.2015
14.1268
14.2204
5.95624
11.371
1.18261
3.23498
1.29911
1.31082
1.2531
1.10726
0.997363
0.941858
0.91735
0.92546
0.974963
1.06401
1.11731
1.12825
1.1188
1.06411
0.997775
0.953601
0.914383
0.860153
0.808243
0.774202
0.75981
0.760491
0.767854
0.77757
0.791727
0.809613
0.836366
0.899004
1.21363
2.93681
7.6192
11.1566
11.7685
11.9945
12.1124
11.696
11.8575
11.7772
12.0131
11.816
12.0785
11.4237
11.5893
11.6164
11.7225
12.0413
12.0817
12.7317
12.7726
13.6256
13.7941
14.5624
14.9746
15.2914
16.0367
15.5387
16.6744
15.1545
16.5933
15.75
14.071
16.1508
16.2714
9.32196
13.5566
1.49743
5.5443
1.34504
1.25632
1.1065
0.987106
0.929438
0.914818
0.926201
0.976044
1.06081
1.11112
1.11829
1.10649
1.05312
0.988748
0.94553
0.910507
0.860798
0.807667
0.770527
0.753257
0.753082
0.76084
0.773046
0.789927
0.809801
0.839827
0.925629
1.37578
3.44292
8.10408
11.3098
11.8032
12.2297
12.242
12.625
12.7629
12.2486
12.4557
12.3498
12.6018
12.3263
12.5645
11.8833
12.0882
12.1488
12.2542
12.7895
12.799
13.8882
13.8899
15.295
15.5137
16.7113
17.2732
17.7523
18.7437
18.0959
19.5678
17.5762
19.4501
18.3083
16.1033
18.7498
18.8864
17.4349
12.3001
15.6717
2.12248
8.7293
1.26935
1.10341
0.979933
0.923713
0.910696
0.92704
0.977444
1.05917
1.10706
1.11075
1.0956
1.04259
0.980496
0.938413
0.906814
0.861776
0.807478
0.766947
0.747061
0.745879
0.75462
0.76909
0.789678
0.813774
0.851828
0.977592
1.63055
3.98964
8.54936
11.3988
11.793
12.6402
12.8464
13.0143
13.0262
13.0985
12.7917
12.9284
12.7577
12.8962
12.6907
12.8009
12.3906
12.5452
12.8113
12.8292
13.8548
13.7722
15.5943
15.5552
17.7059
17.9961
19.6333
20.3943
20.917
22.1757
21.2866
23.0385
20.6267
22.5565
21.4486
19.9575
21.3349
18.7999
17.1261
18.6454
20.2457
21.8431
21.6289
20.2739
14.9304
18.398
18.1417
16.6321
2.70456
12.026
1.10395
0.974261
0.917348
0.909422
0.926684
0.980372
1.05905
1.10536
1.10543
1.08641
1.03254
0.973116
0.93262
0.904599
0.863452
0.807915
0.764736
0.741751
0.739465
0.748882
0.764851
0.790424
0.821284
0.875063
1.0698
2.00421
4.72959
9.00988
11.4317
11.7574
12.6452
13.267
13.3456
13.166
13.2328
13.1007
13.1255
12.9981
13.0665
12.8962
12.9409
12.8857
12.8634
12.8552
12.8805
13.6485
13.5078
15.4377
15.2082
18.098
18.0256
21.0125
21.4339
23.3773
24.4809
23.3925
24.1596
24.9137
25.8126
23.4701
24.5327
25.3509
26.6222
25.4538
23.2249
22.526
23.8931
24.306
22.9926
20.1541
19.932
21.8463
23.4742
23.3064
21.8036
17.8926
15.9709
17.7993
19.6561
19.3643
3.69049
17.5876
17.3696
12.3549
0.972942
0.912877
0.906724
0.927683
0.981925
1.06007
1.10532
1.10268
1.07894
1.02341
0.966439
0.929212
0.904483
0.867769
0.810859
0.764389
0.737916
0.734055
0.742761
0.762145
0.792469
0.832062
0.912981
1.23122
2.51907
5.60913
9.4748
11.4289
11.6762
12.6294
13.4846
13.2764
13.4153
13.1605
13.2168
12.6723
12.5815
12.9107
12.8104
12.7763
12.5599
13.0362
12.8356
13.3604
13.2061
14.9099
14.5704
17.8282
17.4536
21.5884
21.4746
25.3573
25.8784
26.5726
27.4235
28.0758
28.7242
26.3361
27.3461
28.3694
25.3718
26.478
27.7253
29.0155
27.6778
25.0343
24.3627
25.6484
26.1875
24.8057
21.6374
21.3731
23.5341
25.1182
25.3209
23.4645
19.1965
19.2037
21.0609
20.7852
13.8328
1.65178
6.41469
19.6218
19.4089
0.910508
0.905235
0.927987
0.985781
1.06237
1.10765
1.10225
1.07371
1.01558
0.960784
0.928447
0.907052
0.87562
0.818572
0.765845
0.73666
0.731009
0.739599
0.76194
0.797448
0.852993
0.976234
1.48395
3.17387
6.60193
9.90363
11.4139
11.5515
12.5823
13.5554
13.0863
13.2946
12.7726
12.9128
12.5671
12.6145
11.3607
11.1113
12.2154
11.7844
12.5551
12.142
13.4817
13.0931
14.2136
13.8511
16.9659
16.4139
21.165
20.5901
25.9399
25.6637
29.1403
29.4754
29.6143
29.6198
29.3468
30.229
30.9507
31.4954
28.9322
30.1622
31.3395
27.3928
28.7315
30.4616
31.9384
30.2544
26.8994
26.1988
27.5292
28.2115
26.6553
23.2872
23.0111
25.408
27.0169
27.2929
25.3576
20.6784
20.9028
22.6946
22.4387
17.8803
1.7179
7.46784
21.4645
22.0511
0.902823
0.928903
0.988362
1.0685
1.11308
1.10469
1.07115
1.01001
0.957464
0.929993
0.914621
0.888087
0.835059
0.773046
0.737488
0.731096
0.739781
0.76461
0.810752
0.88663
1.07282
1.83527
4.00645
7.60395
10.2888
11.3804
11.416
12.51
13.6083
13.2857
12.1303
12.4402
11.5268
11.8426
11.0849
11.2087
9.89764
8.92996
11.577
10.8265
12.6655
12.1849
14.7316
14.2631
15.8348
15.2631
19.867
19.0686
25.033
24.1215
29.518
29.2789
28.964
28.5
31.8363
32.0044
31.9922
31.8614
32.3865
33.2175
33.7996
34.1273
31.9409
33.34
34.539
29.6853
31.3965
33.6858
35.3584
33.3324
28.9264
28.0826
29.5398
30.521
28.5491
25.1761
24.8738
27.4352
28.9241
29.2025
27.4168
22.3815
22.6881
24.5289
24.2539
22.5849
2.21798
12.3136
23.3996
25.5489
0.930414
0.991917
1.07405
1.1255
1.11254
1.07171
1.00782
0.95675
0.93662
0.932197
0.91414
0.864311
0.793984
0.743637
0.7339
0.742551
0.773215
0.831566
0.926496
1.19434
2.28935
4.94994
8.46198
10.6189
11.3239
11.2799
12.4288
13.6443
13.4562
11.2372
11.6991
10.3199
10.763
9.17781
9.75887
8.43439
8.57807
9.61863
8.2496
11.5828
10.7495
13.8632
13.4926
16.7009
16.1009
18.2363
17.4271
23.0894
21.9848
28.5876
27.3631
31.5999
31.2436
30.8067
30.3496
34.2312
34.1508
33.9252
33.5995
35.438
36.0054
36.2557
36.2156
35.3206
36.6721
37.6038
32.4102
34.5971
37.2523
39.1025
36.927
31.2181
30.0528
31.7737
33.2649
30.45
27.231
26.9049
29.3605
30.7441
30.9486
29.3832
24.192
24.5098
26.5007
26.1651
29.2273
7.75783
30.253
25.7305
30.5291
0.997227
1.08129
1.139
1.12942
1.07721
1.00912
0.959067
0.953422
0.952729
0.950157
0.902576
0.828034
0.764183
0.743927
0.749428
0.781972
0.846296
0.957544
1.32268
2.79905
5.93083
9.15348
10.8776
11.2533
11.1365
12.3526
13.6553
13.5758
11.1847
8.47632
9.1559
7.08359
7.7891
5.88958
6.37856
6.86775
5.9832
10.6817
8.68577
12.9934
12.13
15.6458
15.3012
18.7718
17.9184
20.8592
19.7756
26.0734
24.7129
30.8982
30.1822
28.813
29.5469
33.2019
32.7445
32.2226
31.5959
35.9499
35.5854
35.1908
34.7771
38.0629
38.1301
37.8192
37.3108
38.7559
39.6959
39.9866
35.7027
38.3481
40.7994
42.7876
40.8457
33.9325
32.1771
34.4087
36.6016
32.423
29.2429
28.9302
31.0645
32.5518
32.6044
31.0937
26.0693
26.4744
28.5128
28.1392
41.1859
26.6191
48.7472
28.5671
36.3098
1.09417
1.15316
1.15247
1.09117
1.01732
0.969659
0.972464
0.992027
0.995273
0.959284
0.889372
0.816043
0.773216
0.766683
0.795683
0.860365
0.980589
1.4359
3.28092
6.77322
9.68926
11.0351
11.1657
11.0017
12.2489
13.6441
13.6457
11.424
6.11134
6.85435
4.89735
5.24255
4.38827
4.59785
4.54866
4.33092
6.71936
5.3142
13.0042
10.6433
14.9218
14.2882
17.2136
16.6264
20.8027
19.6371
23.3729
22.0748
28.1563
27.4171
26.8203
31.9537
31.2841
29.9006
30.6074
34.3334
33.8352
33.2716
32.6254
36.7964
36.3157
35.8537
35.385
39.8098
39.1663
38.3867
37.6795
41.715
41.8694
41.4322
39.584
42.4416
43.7375
45.8154
44.7081
37.2593
34.6567
37.6525
40.5679
34.689
30.9952
30.7438
32.623
34.572
34.3926
32.6106
28.0026
28.487
30.3613
29.9607
49.0594
77.6987
64.9143
30.7716
36.5293
1.1854
1.17247
1.11922
1.03382
0.988185
1.01231
1.05472
1.08485
1.07122
1.01136
0.927516
0.852544
0.818149
0.829916
0.889104
1.01126
1.53263
3.66557
7.40846
10.0735
11.0895
11.056
10.8681
12.158
13.5968
13.6645
11.6416
6.40513
3.68286
3.91615
3.56858
3.58718
3.64138
3.57694
4.31444
3.83298
7.62818
5.39752
14.3377
12.3791
16.0974
15.4374
18.5794
17.6507
22.4132
20.966
25.3482
23.863
29.1867
28.4916
28.4097
27.5088
32.5349
31.9166
30.6442
31.296
34.8909
34.3557
33.7781
33.1635
37.0595
36.5028
35.9637
35.4142
40.4523
39.3582
38.2715
37.2538
43.8217
43.1896
41.8599
43.8424
46.5203
45.9257
48.2375
47.975
41.2398
37.7116
41.5567
44.9372
37.4841
32.5243
32.2762
34.2321
37.0709
36.6037
34.0665
29.7394
30.0086
31.8825
31.4386
47.2721
87.5528
81.1778
31.0614
34.8272
1.22264
1.14497
1.06848
1.02818
1.07466
1.18613
1.28069
1.32758
1.2979
1.19901
1.07105
0.970059
0.93103
0.962108
1.07147
1.61989
3.94585
7.84822
10.3202
11.0882
10.923
10.727
12.0516
13.5119
13.6447
11.7891
6.90284
3.22223
3.3463
3.1368
3.11136
3.27483
3.19558
3.52259
3.37542
4.4306
3.78818
9.24472
6.10385
14.7678
12.8974
16.8356
15.9561
19.6162
18.3708
23.1424
21.4518
26.783
25.8518
24.9221
29.9551
29.204
28.8299
28.1307
32.4988
31.9346
30.7855
31.3759
34.8483
34.2515
33.6601
33.0713
36.3683
35.5943
34.8845
34.2215
40.3107
38.6457
37.0825
35.7383
45.2168
43.6555
41.6065
48.1003
50.1604
47.6282
50.4912
50.7034
45.658
41.4325
45.9449
49.3477
40.9621
33.8055
33.4784
36.0655
40.2698
39.2123
35.4199
30.9467
30.3561
33.0658
32.437
45.9298
91.7981
92.254
30.625
32.3646
1.21032
1.10582
1.09098
1.22978
1.45285
1.76562
1.98514
2.10164
1.99418
1.73106
1.43324
1.22914
1.15322
1.19923
1.71547
4.11956
8.12485
10.4461
11.0659
10.7715
10.5787
11.9142
13.3987
13.5716
11.8902
7.24259
3.33848
2.92483
2.88287
3.059
2.98307
3.24385
3.14581
3.53908
3.36322
4.77708
3.89646
9.99536
6.82357
14.7884
12.9096
17.2229
16.0982
19.9043
18.4752
23.893
22.7327
21.4634
27.4043
26.601
24.7959
25.9155
30.1626
29.492
28.8367
28.2358
31.5273
31.1122
30.2875
30.7098
33.5875
32.9982
32.4686
31.9735
34.6359
33.7337
32.9775
32.3117
39.3625
37.2111
35.3483
33.8951
46.0465
43.7749
41.1346
52.0944
53.3579
49.1534
52.8612
53.5173
50.1694
45.7405
50.5361
53.5083
45.0746
34.8742
34.4455
37.862
43.5746
41.5109
36.7465
31.4006
30.159
33.8475
32.9024
47.8842
73.4966
93.3327
29.5295
31.8493
1.19565
1.17606
1.44734
2.07975
2.768
3.48746
3.82141
3.72303
3.34894
2.78351
2.14393
1.65505
1.48319
1.8641
4.21267
8.24291
10.4704
11.0069
10.6011
10.4189
11.768
13.2421
13.4536
11.9439
7.55995
3.52789
2.79564
2.72586
2.89474
2.82513
3.0562
2.97177
3.27016
3.15296
3.65841
3.42305
5.0777
4.1061
10.107
7.08632
14.3926
12.4976
17.1552
15.8506
19.6383
18.0167
24.2466
23.2435
22.517
21.1858
27.5685
26.8056
25.1727
26.0227
29.8423
29.3649
28.4101
27.9592
30.1056
29.8565
29.3765
29.6197
31.7058
31.1914
30.7588
30.3993
32.8526
32.0874
31.4394
30.8471
38.4731
36.0979
34.2183
32.9141
46.9818
44.1595
41.1333
55.7737
56.7189
51.224
56.1819
56.8046
54.5718
50.1829
54.63
57.5791
48.4336
35.9566
35.1491
39.734
45.9884
43.8414
38.2892
31.37
29.5633
34.265
33.0358
49.1992
106.186
90.5345
28.9583
31.9324
1.3706
1.8002
2.77196
4.01196
4.82736
5.13771
5.03368
4.70439
4.19926
3.55155
2.83319
2.20956
2.16307
4.25426
8.24357
10.4432
10.8991
10.412
10.247
11.6118
13.0431
13.2928
11.9507
7.85917
3.61975
2.66474
2.74777
2.67943
2.89423
2.81668
3.08032
2.98036
3.34531
3.19955
3.81363
3.53292
5.25174
4.30012
9.8896
7.11166
13.6205
11.7555
16.5661
15.1636
20.1595
18.9856
17.6612
24.6964
23.6732
23.6336
22.2653
27.4193
26.7598
25.6185
26.3954
29.098
28.787
28.3717
28.0252
29.2217
29.1449
28.9722
29.0809
30.3205
29.8942
29.5782
29.3589
32.0615
31.455
30.9153
30.3948
38.2371
35.84
34.0468
32.9107
48.786
45.825
42.7779
59.6692
60.9997
54.8111
61.714
61.6853
58.1148
52.8924
56.7376
60.9626
50.5916
36.8534
35.658
41.791
48.5705
46.257
39.5635
31.3506
29.3862
34.5712
33.2267
47.295
100.616
71.7208
28.9301
31.3874
2.3467
3.59206
4.95576
5.73723
5.89337
5.82446
5.55694
5.15954
4.6279
3.97771
3.28404
2.84744
4.28757
8.14749
10.334
10.7543
10.2065
10.0609
11.4352
12.8142
13.0956
11.9162
8.13948
3.70919
2.59105
2.55319
2.73916
2.66645
2.90222
2.81541
3.11991
3.00247
3.43114
3.2601
3.97451
3.65099
5.36719
4.47838
9.40704
7.00807
12.6162
10.8482
15.9424
14.2548
20.8808
19.5922
17.6623
19.3437
26.0974
24.9383
26.351
24.5875
27.5809
27.0537
27.13
27.9629
28.8271
28.6409
29.578
29.4273
29.1718
29.2065
29.4615
29.3195
29.9331
29.5678
29.32
29.1914
32.1821
31.7011
31.2607
30.8306
39.8604
37.3464
35.4543
34.2269
52.8335
50.2213
47.2357
63.5469
65.8729
61.3605
69.4103
67.8814
60.4667
55.0639
60.0508
64.4328
53.755
37.7509
36.3749
43.5606
51.7545
49.2012
41.2731
31.4726
29.523
35.1269
33.6613
38.9967
96.6287
91.7649
28.9784
30.3993
4.46401
5.72018
6.19262
6.35434
6.24384
6.04605
5.74219
5.32832
4.80087
4.18724
3.65848
4.4082
7.91862
10.1236
10.5571
9.98888
9.86151
11.2311
12.5617
12.8678
11.8391
8.40584
3.82611
2.52463
2.42903
2.56935
2.64991
2.47986
2.72988
2.91489
2.81633
3.16332
3.02895
3.52605
3.32571
4.15333
3.78411
5.44917
4.65893
8.81462
6.82765
11.9875
10.0742
16.074
13.9311
22.7452
20.9511
19.3459
21.4531
29.4076
28.0035
30.5201
28.4242
29.1252
28.6441
30.6389
31.5675
29.5321
29.6169
32.6534
32.7271
30.5119
30.8435
31.6543
31.2411
30.487
30.2681
30.2232
30.2815
33.545
33.1943
32.9568
32.7816
44.1966
41.4244
39.2287
37.791
59.9465
58.0892
55.6576
68.5126
72.7079
70.2674
80.2671
76.7863
65.673
59.888
67.4303
72.3183
58.7189
39.3771
37.8066
46.9528
56.849
55.682
44.7956
31.9469
30.1094
36.3191
34.7375
40.876
84.4399
98.2495
29.2621
31.1667
6.17918
6.54577
6.54369
6.50285
6.3181
6.06438
5.7411
5.32918
4.82975
4.35314
4.73419
7.6713
9.85662
10.3099
9.74543
9.6549
11.0042
12.2904
12.6136
11.7249
8.65527
3.98053
2.48051
2.3202
2.37581
2.63343
2.53246
2.45804
2.72135
2.92983
2.81908
3.21242
3.05896
3.6277
3.39829
4.32507
3.92073
5.50393
4.81262
8.24613
6.65048
12.1074
9.88301
19.7832
17.2029
15.1047
26.1573
23.7669
22.2258
24.9184
33.9475
32.3891
34.7248
32.5899
32.6805
32.3026
35.3405
36.3174
32.0675
32.429
37.1023
37.2541
33.8623
34.4062
35.6189
35.0179
32.747
32.8026
33.0364
33.4052
37.1203
36.9775
37.0366
37.309
53.0497
50.5185
48.3798
46.9912
70.4694
70.4839
70.2369
79.0583
85.0991
83.424
100.195
91.5339
76.1018
67.6224
78.1121
84.0886
67.0721
42.7572
40.8203
54.1697
69.0278
69.3951
52.3116
33.2546
31.2495
38.9647
37.3801
46.3964
62.7105
74.8142
30.5336
34.1836
6.6749
6.72645
6.59625
6.43309
6.20108
5.94088
5.64538
5.28409
4.91272
5.14325
7.46117
9.53121
10.0061
9.47901
9.4402
10.7696
12.0085
12.3412
11.5752
8.86641
4.17678
2.46403
2.22669
2.25519
2.30978
2.62158
2.51691
2.42971
2.71488
2.9443
2.8206
3.25999
3.08866
3.71954
3.46623
4.42721
4.03666
5.53121
4.88575
8.02366
6.5593
14.1912
10.4177
22.7962
19.9634
16.9698
20.3203
30.2681
27.6569
25.6724
28.4526
38.1828
36.5853
37.8386
35.7167
37.2643
37.0265
39.709
40.6659
36.207
36.7294
42.036
42.1037
39.3865
39.907
40.9733
40.4313
37.5958
38.0084
38.3944
38.876
46.3524
46.3577
46.5604
46.8138
69.4969
68.5187
67.7928
67.092
86.2244
89.5712
94.5181
92.9113
104.618
111.166
149.617
122.101
88.5481
80.1994
94.8797
101.603
84.8868
49.9341
47.3488
67.953
85.1758
83.9706
64.9792
35.1151
33.9831
44.4205
40.7132
45.9849
66.9507
65.3291
33.6194
38.3471
6.72935
6.62754
6.41958
6.2035
5.98227
5.79891
5.59693
5.36881
5.56253
7.33794
9.14924
9.63643
9.19022
9.21928
10.5343
11.7255
12.0624
11.4036
9.00456
4.4209
2.47228
2.15136
2.14817
2.18114
2.30591
2.39909
2.21299
2.60276
2.48931
2.70506
2.95364
2.82065
3.29661
3.11125
3.78122
3.51737
4.45902
4.09318
5.52945
4.90178
8.03415
6.53282
19.8384
19.3181
15.6326
12.426
25.7584
23.0787
22.6258
33.5295
31.0915
28.2447
30.6821
41.489
39.7143
39.9147
37.6139
41.8826
41.5187
43.2835
44.4165
41.4115
41.8454
47.1519
47.025
47.3436
47.385
47.3999
47.3023
47.0141
47.2347
47.314
47.3139
66.9088
66.9604
67.04
66.3067
97.4207
99.6258
101.259
102.353
124.253
144.552
172.236
121.318
151.602
179.454
190.628
184.059
117.422
102.626
137.045
152.228
104.555
60.8436
55.8588
81.6276
105.07
104.471
78.019
39.7545
37.7148
50.4427
49.3401
47.5152
75.9568
81.3697
37.584
43.8103
6.51077
6.3517
6.10643
5.94888
5.82697
5.75901
5.69313
5.93067
7.23631
8.68718
9.18905
8.87535
9.0102
10.3113
11.4511
11.7875
11.2244
9.08609
4.71275
2.50593
2.09236
2.05733
2.07169
2.08892
2.37442
2.25242
2.18387
2.58722
2.46551
2.69538
2.95714
2.81798
3.31557
3.12177
3.81031
3.5438
4.46931
4.11853
5.51969
4.90172
8.54835
6.56817
21.7477
20.4319
17.8633
15.2569
27.1091
25.0058
23.8205
35.4099
33.103
29.2129
31.521
44.3491
42.0368
41.5307
38.8067
46.2782
45.6821
46.6365
48.1003
47.3234
47.3821
52.6962
52.2432
58.7277
57.8871
55.3413
56.0614
64.8967
62.9859
61.9276
60.5188
103.428
104.435
105.086
103.242
167.887
169.257
172.304
171.176
184.956
185.532
405.373
180.197
198.858
432.494
445.745
440.616
173.138
140.902
178.77
170.109
144.273
73.2392
67.0341
103.226
145.592
147.613
100.752
44.2763
42.7663
67.516
56.7524
52.8599
78.6788
99.0659
44.1762
48.8715
6.02784
5.94505
5.80914
5.7978
5.78953
5.84235
6.12948
7.10328
8.14293
8.6531
8.55288
8.79496
10.101
11.1869
11.519
11.044
9.13633
4.99562
2.55415
2.04801
1.97998
1.97978
1.96991
2.02285
2.34451
2.22691
2.14882
2.56565
2.43561
2.67938
2.95716
2.80865
3.32465
3.12553
3.82539
3.55743
4.47352
4.13204
5.5202
4.88972
9.74293
6.81027
22.4384
20.9141
18.8451
19.2504
17.769
14.6236
27.4464
25.6685
24.1433
36.372
33.9708
29.3816
31.6576
47.3476
44.2036
43.1089
39.6956
50.9185
50.0083
50.1541
52.1786
54.1566
53.7058
59.1348
58.1674
76.6368
73.8983
66.2168
68.4648
98.8076
90.1242
84.9845
82.9499
172.336
170.311
170.774
166.709
406.563
388.541
397.838
396.981
441.614
387.513
824.371
454.401
456.613
855.796
853.753
851.906
457.09
188.475
453.041
438.917
192.298
95.116
101.588
150.535
198.083
206.433
150.819
53.948
52.2412
79.2222
75.0197
57.9735
28.9367
112.489
49.7228
53.8146
5.60956
5.70092
5.70714
5.76218
5.87285
6.17131
6.85385
7.58793
8.06913
8.19809
8.58135
9.90907
10.9224
11.25
10.8589
9.15156
5.20815
2.60322
2.0145
1.91473
1.90119
1.87186
1.90255
1.93603
2.10256
2.3078
2.18423
2.54135
2.40519
2.65959
2.9458
2.79298
3.32707
3.1244
3.83115
3.56232
4.47002
4.13777
5.56556
4.85314
11.1505
7.23137
22.6095
21.0267
19.3403
17.1518
15.1094
27.3853
25.7722
24.1395
36.836
34.2184
29.1272
31.3931
50.7207
46.5761
44.8611
40.638
56.1613
54.9269
54.0222
56.9946
62.7084
61.356
67.0322
65.1482
106.525
99.9304
82.8602
87.488
162.595
146.501
121.058
120.3
402.283
405.176
413.364
422.056
830.984
794.505
812.137
808.692
871.904
782.754
2480.02
867.398
865.139
2493.1
2476.3
2462.79
894.9
463.384
888.86
860.784
460.025
160.603
115.029
215.332
459.26
461.451
208.702
65.842
58.2827
109.746
86.4652
62.2107
199.422
143.785
55.5547
55.5918
5.49581
5.64943
5.75136
5.89417
6.17831
6.66015
7.16548
7.56812
7.87582
8.50109
9.76715
10.6704
10.976
10.6586
9.12722
5.32646
2.63666
1.98802
1.85971
1.83188
1.79126
1.80038
1.81294
1.85826
2.07445
2.02307
2.2742
2.14797
2.512
2.36911
2.63356
2.92685
2.77046
3.31986
3.10848
3.83065
3.56053
4.44412
4.13681
5.66522
4.83997
13.2297
10.0634
7.62383
22.5404
20.8423
18.879
16.8735
15.0972
26.9087
25.5639
23.8189
37.0877
34.1668
28.4142
30.7801
54.5884
49.4032
47.0867
41.8112
62.1104
60.5816
58.4901
62.8461
74.6086
71.5981
77.4682
73.8566
160.055
148.975
110.193
115.543
430.535
225.703
174.443
176.127
816.307
819.312
829.6
843.623
2493
2417.84
2449.54
2434.11
2553.69
2409.09
15590.2
2469.16
2486.33
15553.3
15582
15591
2500.97
894.591
2480.73
2461.46
890.936
154.534
167.822
461.166
885.581
892.57
454.681
73.3636
67.4649
119.068
100.473
64.8334
357.338
166.142
61.1406
57.2742
5.54349
5.78643
5.97987
6.22552
6.62606
7.01118
7.37231
7.80949
8.52493
9.70588
10.4549
10.7123
10.4338
9.04135
5.33431
2.6436
1.96263
1.81329
1.7699
1.72285
1.71549
1.71373
1.74078
1.77727
1.99252
1.94042
2.10881
2.23496
2.47926
2.33344
2.60319
2.9008
2.74242
3.2964
3.08445
3.81167
3.53947
4.42364
4.11421
5.79359
4.85563
12.5393
10.4473
7.80789
22.1416
20.307
18.3738
16.2258
14.5247
26.1094
25.0185
23.1992
37.5073
33.9875
27.4191
30.4201
59.0709
52.9676
50.1443
43.5098
68.9498
66.8536
63.9557
69.5432
92.2824
86.8185
92.6678
86.3443
436.45
215.681
157.918
151.595
855.706
410.154
436.519
438.56
2438.78
2433.6
2448.56
2477.79
15570.9
15600.9
15601.8
15587.1
15558.6
15602.3
15553.2
15591.3
15600.2
2479.52
15589.2
15579.5
2471.94
238.891
468.359
161.386
882.334
2463.22
2477.6
880.405
89.385
74.9458
160.31
126.834
70.4944
301.556
139.969
63.8052
60.142
5.78184
6.13407
6.39795
6.69381
7.04114
7.40193
7.87374
8.63135
9.67661
10.2757
10.4798
10.194
8.87021
5.21107
2.61457
1.93525
1.77282
1.71374
1.66294
1.64341
1.63269
1.64471
1.66406
1.70047
1.90843
1.85595
2.06599
2.02609
2.19724
2.44298
2.29429
2.56811
2.86975
2.70915
3.26964
3.05609
3.79033
3.51416
4.42546
4.09017
5.89271
4.90831
12.3041
10.4327
7.0153
10.1838
8.64597
21.5025
19.6235
17.6031
15.4942
14.0151
25.1496
24.2459
22.4024
38.227
34.2366
26.7163
30.3882
64.3803
57.4511
54.3757
46.0888
76.6741
73.4378
70.4334
76.2889
118.033
111.349
115.749
108.063
808.511
437.289
221.274
438.943
2501.28
814.229
841.512
850.173
15578.2
15577.2
15588.1
15583.5
15585.5
15588.2
466.308
887.973
247.698
479.503
2457.74
15588.3
15589.5
2461.58
95.6451
79.4952
190.883
132.51
82.0661
242.52
151.75
69.083
65.9045
6.10596
6.53678
6.8824
7.22828
7.58922
8.09974
8.88466
9.64468
10.1159
10.2753
9.9536
8.57841
4.92154
2.53829
1.90219
1.73637
1.66304
1.60826
1.58081
1.56381
1.56511
1.57295
1.59517
1.62731
1.82381
1.77017
1.98026
1.93938
2.15557
2.11401
2.40501
2.25382
2.53115
2.83489
2.67343
3.23801
3.02219
3.76334
3.48587
4.43363
4.07168
5.923
7.1904
4.92719
11.7713
9.79593
8.20718
20.7316
18.7905
16.7301
14.6586
13.2892
24.4768
23.3768
21.5207
39.4575
34.9144
26.5255
31.4329
70.6134
62.9831
60.0688
50.0195
86.4875
80.2517
77.1894
82.544
148.554
155.351
142.275
149.318
2394.97
823.643
440.154
811.711
15579.8
2419.31
2471.81
2528.4
882.331
2476.93
470.02
888.081
15585.9
15584.2
108.176
88.1549
182.649
498.958
173.561
83.6863
190.51
156.711
72.8161
72.3146
6.43152
6.96764
7.38276
7.83294
8.37246
9.00581
9.58211
9.95784
10.057
9.69825
8.05751
4.53394
2.42268
1.86261
1.70166
1.6167
1.55845
1.52425
1.50332
1.49679
1.49744
1.50953
1.52996
1.56035
1.73898
1.68833
1.89138
1.84789
2.07081
2.02653
2.21171
2.36378
2.49041
2.7947
2.63323
3.19908
2.98229
3.73155
3.44991
4.43085
4.05954
5.86709
7.00684
7.14261
4.91282
11.1834
9.42639
8.08863
19.9626
18.1637
16.1243
14.1871
12.6019
24.3543
22.9583
21.2073
41.5558
36.3012
27.4189
33.4771
77.3065
69.5904
67.3077
55.8064
102.96
89.1502
83.4012
90.4426
437.116
213.237
431.916
187.173
15591.5
2442.56
814.602
2420.42
15594.5
15618.5
15619.1
2462.13
15579.8
870.452
2471.57
122.012
91.7276
277.974
498.206
914.922
190.266
85.6906
191.357
161.46
78.3893
73.5184
6.6742
7.38205
7.85261
8.39315
8.95683
9.44414
9.75716
9.77996
9.28224
7.23295
4.02908
2.28848
1.81343
1.66615
1.57432
1.51226
1.47324
1.44837
1.43637
1.43188
1.43768
1.44914
1.46979
1.49859
1.66195
1.61708
1.79852
1.75721
1.98062
1.93157
2.16792
2.1233
2.32113
2.44754
2.75158
2.59046
3.15709
2.93945
3.69658
3.40853
4.38922
4.0307
6.98212
6.99461
6.27892
5.35905
7.94126
4.82426
10.7398
9.20029
19.8314
18.1585
16.1609
14.2641
12.3147
25.125
23.0698
21.6083
44.934
38.5151
29.9142
36.6562
83.7191
76.7902
75.5362
63.838
141.563
105.696
90.8014
106.09
807.815
435.089
425.229
805.681
15604.4
2429.34
15592.8
15589.9
2441.47
15579.5
129.544
99.756
493.53
903.941
2513.35
209.472
509.753
89.0392
208.217
170.991
80.2127
73.1811
6.77725
7.6805
8.21056
8.74521
9.17308
9.42471
9.32002
8.42462
6.0289
3.42215
2.13039
1.76206
1.62729
1.53346
1.46981
1.42627
1.39873
1.38192
1.37333
1.37455
1.38031
1.39339
1.41374
1.43924
1.59386
1.55193
1.71199
1.67603
1.88302
1.83365
2.07548
2.02601
2.27567
2.22877
2.40127
2.70437
2.54382
3.11043
2.8924
3.65388
3.36348
4.32196
3.97836
7.94199
8.04722
7.06977
6.19729
5.46104
9.13663
4.74083
10.604
20.5461
19.3129
17.4331
15.486
12.4354
27.4916
24.5194
23.7162
50.2363
41.892
34.5117
41.0256
90.9249
83.7968
83.4224
73.6482
189.975
141.291
105.22
138.2
2434.57
804.363
419.903
789.238
2445.37
15610.5
15591.6
141.253
100.788
883.782
2497.12
15581.1
224.285
509.899
920.937
95.5478
230.752
189.047
81.0038
72.8154
6.56776
7.7519
8.18895
8.63527
8.7561
8.36206
6.93454
4.67892
2.80614
1.98079
1.70069
1.58629
1.49366
1.42909
1.38348
1.35307
1.33333
1.32075
1.31804
1.31945
1.32783
1.34175
1.36147
1.38393
1.52885
1.48759
1.63571
1.6052
1.78705
1.73944
1.97547
1.92605
2.1779
2.12503
2.35226
2.6512
2.49309
3.05128
2.8363
3.5882
3.30305
4.23096
3.90197
9.2868
9.76768
8.31678
7.19437
6.24012
5.43749
10.7299
4.63757
5.40061
23.2804
22.5025
20.7075
18.3881
13.5074
31.9832
27.8144
28.022
58.0251
46.7975
40.6704
46.1645
104.568
90.9115
90.3039
83.3839
183.747
133.729
175.665
15589.5
2424.1
784.592
414.801
2404.84
15568.8
139.638
106.094
2449.97
15579.8
220.255
502.812
916.9
2515.7
103.675
251.922
206.215
81.0586
72.9307
5.91409
7.25467
7.31475
7.32366
6.52669
5.15532
3.46113
2.32767
1.83088
1.64533
1.53778
1.4536
1.39052
1.34366
1.3116
1.28948
1.27423
1.26783
1.26543
1.27026
1.27974
1.29448
1.31343
1.33584
1.46436
1.42541
1.56922
1.54149
1.69545
1.65228
1.8761
1.82602
2.07206
2.02033
2.29787
2.24111
2.59063
2.43586
2.98284
2.77175
3.51032
3.23128
4.1388
3.81718
11.5411
13.0782
10.6645
8.73677
7.32332
6.25616
4.52758
5.37858
5.29893
28.1219
27.4469
25.3981
22.3485
15.7681
38.4921
32.881
33.559
68.3532
53.6636
46.8573
52.043
130.252
103.274
99.6536
90.6338
164.491
402.481
15594.6
2407.86
789.014
15558.9
179.376
114.001
15589
301.14
505.56
906.703
2515.17
15576.7
109.943
249.772
211.101
79.3103
72.8808
4.65909
5.62157
5.15052
4.56784
3.53164
2.59939
1.97326
1.71325
1.57913
1.49274
1.41129
1.35271
1.30689
1.2739
1.25036
1.23329
1.22399
1.21857
1.22016
1.22597
1.23689
1.25154
1.26921
1.28755
1.4055
1.37684
1.50592
1.47591
1.61499
1.57965
1.77463
1.72492
1.96857
1.91654
2.18367
2.1272
2.37631
2.52715
2.91039
2.70338
3.42655
3.15484
4.04116
3.72697
18.7683
15.0763
11.7824
9.21089
7.49101
6.26527
4.39894
5.25523
5.14704
6.23415
33.3563
32.2046
29.6509
26.0304
44.8231
38.729
38.618
79.3316
62.7862
52.513
59.0942
155.989
127.081
113.27
97.2511
385.223
784.227
15586.2
2423.26
196.094
114.104
499.273
898.443
2483.87
15576.7
122.258
250.095
213.574
76.0768
74.5159
3.19013
3.50445
2.95973
2.5165
2.02422
1.75993
1.59888
1.52048
1.43675
1.37295
1.31569
1.27232
1.23957
1.21543
1.19754
1.18608
1.17865
1.17775
1.18031
1.18794
1.1991
1.21251
1.22719
1.3575
1.24299
1.43808
1.4071
1.55021
1.52022
1.67524
1.62985
1.86399
1.81235
2.06918
2.01131
2.31574
2.25515
2.46245
2.83251
2.63279
3.33186
3.06838
3.94406
3.62893
21.6615
17.0657
12.8795
9.68512
7.58304
4.28937
5.07427
4.95057
6.18841
6.09721
7.62144
37.4955
35.5308
32.5959
28.6734
50.1566
43.8061
42.4644
87.8608
73.4916
57.9484
67.1131
378.372
151.454
133.81
107.491
770.002
2425.9
15583.1
197.242
497.633
109.189
904.12
2468.89
15584
131.616
260.622
215.765
73.8781
77.4086
2.09793
2.17493
1.87654
1.73599
1.58332
1.5234
1.44785
1.39093
1.32691
1.28175
1.24001
1.20818
1.1841
1.16589
1.15354
1.14456
1.14208
1.14225
1.14728
1.1555
1.16613
1.17822
1.19241
1.30474
1.42712
1.39519
1.2066
1.49215
1.46049
1.58685
1.55094
1.76006
1.70823
1.95273
1.89684
2.19135
2.12722
2.3966
2.74903
2.55939
3.22884
2.97436
3.84125
3.52186
23.9119
18.6662
13.7931
10.0218
4.18344
4.87204
4.75409
5.98115
5.84356
7.62787
7.56373
10.1627
40.3618
37.7856
34.5508
30.467
54.6907
47.8297
45.4482
93.1491
82.969
63.6291
75.3697
769.09
374.333
158.548
156.087
127.807
2404.59
15575.9
197.038
479.842
898.83
99.4379
2467.84
15583.4
138.407
276.467
212.426
71.3511
80.2589
1.57957
1.63478
1.51059
1.49177
1.4267
1.3936
1.33491
1.29186
1.24397
1.20978
1.17944
1.15619
1.13789
1.12514
1.11561
1.11178
1.11033
1.11353
1.1196
1.12811
1.13869
1.15122
1.16406
1.25839
1.37341
1.34197
1.46602
1.43736
1.17595
1.51892
1.49269
1.65605
1.60662
1.841
1.78679
2.06152
1.99769
2.32672
2.25679
2.65939
2.48104
3.11757
2.8734
3.73324
3.40374
25.4522
19.8125
14.3815
4.09633
4.68659
4.58039
5.70295
5.56479
7.4126
7.23281
10.2105
10.2016
14.6361
42.6177
39.5506
36.0245
31.7511
58.9218
51.3089
48.0286
99.4645
88.1705
69.346
81.1381
2408.4
773.919
359.561
366.669
150.102
15584.6
199.84
487.069
881.722
2463.3
88.2315
15591.9
137.827
337.929
192.127
69.0802
81.4849
1.37374
1.43291
1.37257
1.36981
1.31849
1.29285
1.24597
1.21614
1.17933
1.15268
1.13106
1.11346
1.10062
1.09078
1.08617
1.0835
1.08529
1.08953
1.0966
1.10584
1.11711
1.12903
1.1411
1.32072
1.21864
1.4043
1.37238
1.49524
1.47119
1.154
1.5619
1.52493
1.73122
1.67706
1.93373
1.87162
2.18493
2.11396
2.40335
2.57034
3.00418
2.77224
3.60563
3.27747
26.5287
20.5151
3.99682
4.52615
4.4319
5.42701
5.30298
7.04537
6.85693
9.98057
9.68647
14.7279
14.7285
20.8429
44.5746
41.0396
37.2246
32.7275
63.0421
54.4655
50.3631
110.589
91.4214
74.2904
84.6098
15591.8
2442.67
740.276
361.445
757.216
152.383
159.926
475.522
909.26
2439.79
15582.5
80.1005
129.63
491.585
220.536
67.4319
82.9336
1.28016
1.32448
1.27932
1.27762
1.23483
1.21278
1.17739
1.15528
1.12814
1.10848
1.09195
1.07947
1.0697
1.06413
1.06071
1.06153
1.06426
1.06994
1.0779
1.08809
1.09957
1.11187
1.12532
1.27065
1.38678
1.35165
1.1872
1.44651
1.41832
1.52972
1.49405
1.13629
1.62359
1.57444
1.80957
1.75133
2.04142
1.9692
2.32392
2.24522
2.47947
2.88644
2.66825
3.46608
3.14496
27.2446
3.88405
4.3864
4.31731
5.17056
5.04978
6.67463
6.51548
9.39928
9.10239
14.4526
14.0256
20.9771
21.001
27.6544
46.2961
42.3246
38.1843
33.4362
66.7477
57.4001
52.4589
129.003
96.9029
77.9626
87.258
15595.1
2371.42
749.211
363.729
2415.17
132.02
230.126
468.59
891.828
2523.53
15577.3
75.1682
132.108
341.317
458.978
65.5939
84.0663
1.21161
1.24331
1.20697
1.20391
1.16834
1.15262
1.12308
1.10582
1.08754
1.07167
1.05964
1.04977
1.04389
1.03961
1.03981
1.04169
1.04665
1.05329
1.06241
1.07344
1.08576
1.09908
1.11055
1.22874
1.33138
1.30028
1.41943
1.39062
1.16308
1.46672
1.44071
1.59085
1.54183
1.12369
1.69583
1.64323
1.89559
1.82645
2.16504
2.08452
2.38864
2.76653
2.56287
3.30388
3.00857
3.70121
4.28911
4.27068
4.90474
4.7698
6.36247
6.2203
8.80612
8.54815
13.6009
13.1604
20.7602
20.3152
27.864
27.9489
33.9519
47.8164
43.4022
38.9646
69.9292
60.0985
54.3477
149.437
103.937
80.7409
90.0111
15589.5
2383.27
752.923
361.357
15565.2
227.888
117.27
507.726
866.384
2477.4
15577.2
71.4767
150.703
34.7621
254.44
65.5696
90.809
1.15502
1.1794
1.14594
1.14266
1.11646
1.10309
1.07946
1.06559
1.05148
1.03891
1.02861
1.02181
1.0173
1.01659
1.01785
1.02251
1.02906
1.03771
1.0482
1.06024
1.07336
1.0856
1.09907
1.27951
1.1939
1.35794
1.32715
1.43935
1.41784
1.14812
1.50242
1.46425
1.65052
1.59547
1.11085
1.76323
1.70565
2.00179
1.92167
2.29654
2.20462
2.63895
2.45375
3.13712
2.86229
4.27653
3.49542
4.61805
4.48899
6.05864
5.8827
8.3057
8.09881
12.7066
12.2866
19.8517
19.3168
27.9115
27.6339
34.318
34.5385
39.5966
49.1377
44.3375
72.5309
62.4763
56.0043
149.812
112.792
82.9345
92.8863
15567.6
2399.42
753.366
367.184
222.616
105.263
924.907
503.458
2434.74
15582.2
69.0615
230.82
32.0042
118.147
66.7913
110.71
1.10882
1.12425
1.09529
1.0926
1.07046
1.06044
1.04286
1.02987
1.01925
1.01062
1.00437
1.00002
0.998102
0.998233
1.00081
1.00559
1.01284
1.02269
1.03404
1.04671
1.05975
1.07408
1.08652
1.23307
1.33217
1.30561
1.17211
1.39249
1.36855
1.46339
1.43575
1.13515
1.55138
1.50185
1.71556
1.65057
1.09744
1.84796
1.77895
2.11228
2.02212
2.34509
2.51016
2.95382
2.70765
4.0245
4.98803
5.17215
3.29561
5.67794
5.44043
7.88219
7.66674
11.8846
11.5179
18.7366
18.1578
27.3045
26.8787
34.6315
34.6834
40.1067
40.5059
45.1218
50.2929
74.5915
64.4761
57.4071
162.604
128.332
84.7079
96.2288
15591.7
2418.31
754.331
357.986
207.73
95.3715
2542.73
916.326
503.335
15591.2
68.0147
194.135
13.0359
68.6926
69.2139
146.771
1.06814
1.07936
1.0566
1.05168
1.03512
1.02875
1.01797
1.0097
1.00275
0.997217
0.993003
0.990215
0.989137
0.989981
0.992779
0.997588
1.00457
1.01382
1.02463
1.03662
1.04986
1.0627
1.07524
1.28021
1.19948
1.35798
1.33275
1.15787
1.40789
1.38897
1.50094
1.469
1.12035
1.60262
1.55101
1.79025
1.71327
1.08737
1.94071
1.8617
2.23836
2.13261
2.38646
2.75918
2.56054
4.82198
3.78817
4.71683
6.38235
6.79087
3.02045
7.42672
7.14257
11.1546
10.8019
17.5636
16.9914
26.347
25.7606
34.5346
34.3294
40.7481
40.9199
45.7841
46.3189
51.2602
76.0416
66.0519
58.536
147.523
85.9725
98.1922
15569.1
2379.88
751.807
358.537
209.89
86.0491
15582.6
2516.92
920.476
491.075
68.0113
133.508
4.4984
28.6005
80.3236
136.25
1.03848
1.04668
1.02956
1.02732
1.01686
1.01254
1.00633
1.00062
0.995693
0.991761
0.98876
0.98688
0.986274
0.987377
0.990223
0.99484
1.00131
1.01
1.02035
1.0319
1.04398
1.05621
1.06806
1.23529
1.33174
1.30113
1.1779
1.38007
1.36254
1.14416
1.43035
1.41126
1.53613
1.50101
1.10758
1.65157
1.60026
1.87071
1.79117
1.07871
2.04003
1.95065
2.26057
2.601
2.41659
5.92374
3.41963
4.69315
5.44055
9.15817
9.62815
2.82705
10.4459
10.0654
16.395
15.7994
25.088
24.3844
33.9709
33.5177
40.9806
40.9147
46.702
46.9245
52.0657
52.7094
77.0626
67.2333
59.4241
145.914
86.8272
100.019
15572.7
2395.89
754.995
361.323
165.633
79.7974
15583.3
2515.34
910.541
506.107
68.9193
75.3281
23.833
52.6788
106.382
104.459
1.02003
1.02515
1.01564
1.01466
1.00834
1.0048
1.00079
0.996485
0.992789
0.989662
0.987511
0.986308
0.986055
0.987302
0.990159
0.994678
1.00078
1.00906
1.01909
1.03018
1.04172
1.05324
1.06428
1.27918
1.19958
1.35259
1.32305
1.16597
1.39399
1.37596
1.1279
1.45397
1.43039
1.5834
1.53651
1.09757
1.70856
1.66059
1.94563
1.87121
1.07446
2.14791
2.04635
2.40485
2.27051
8.57362
4.09848
3.12347
7.02822
6.30728
7.88218
13.2381
13.9009
2.5752
15.1897
14.5739
23.6151
22.8035
32.9344
32.2541
40.709
40.3693
47.025
47.0511
53.157
53.3915
60.1044
77.6688
68.0939
154.375
87.2037
99.9709
15595
2403.13
760.15
359.432
249.56
129.978
74.6769
15575.9
2496.18
903.653
520.26
73.1447
66.5972
3.39823
16.151
103.807
84.2549
1.00897
1.01384
1.00815
1.00775
1.00416
1.00081
0.997603
0.994501
0.991899
0.989202
0.987484
0.98722
0.988451
0.991189
0.995419
1.001
1.00734
1.01455
1.0227
1.03158
1.04144
1.05234
1.06304
1.22798
1.32435
1.2903
1.18258
1.37285
1.34484
1.14968
1.41833
1.39101
1.11567
1.48511
1.45861
1.63998
1.57273
1.08811
1.76565
1.71582
2.02781
1.95798
1.07301
2.16108
2.2829
12.5082
3.59852
5.66874
5.05625
2.80812
10.7206
9.49797
11.6828
19.1084
20.0824
2.40518
21.9343
21.0462
31.4617
30.5704
39.915
39.3354
46.8396
46.5353
53.4939
53.4626
60.512
60.7078
68.7036
77.9949
153.267
87.2844
100.036
15596.8
2403.58
760.581
363.466
224.053
106.806
72.8786
15575.8
2483.9
924.936
502.687
84.1255
42.8322
1.18507
3.39924
97.0544
65.6223
1.002
1.00635
1.00164
1.00245
0.99977
0.997417
0.995601
0.993604
0.991732
0.990397
0.990575
0.991863
0.994568
0.998458
1.00335
1.00903
1.01572
1.02338
1.03186
1.04093
1.04987
1.05843
1.06676
1.26748
1.19803
1.33776
1.31201
1.16968
1.38489
1.35551
1.13328
1.44139
1.4033
1.10596
1.51062
1.47799
1.70203
1.62966
1.0834
1.82958
1.76311
2.12169
2.03903
1.07457
18.0846
4.63302
3.09301
8.16187
6.68848
2.5588
15.8132
14.4709
16.9865
26.2094
27.4023
2.22497
29.5714
28.5235
38.6294
37.829
46.0989
45.5741
53.1516
52.7122
60.7726
60.5288
69.0004
69.1442
78.1652
150.338
87.3466
99.3694
15595.8
2409.14
770.541
355.561
216.109
89.3704
73.3037
15588.1
2485.24
911.728
511.277
91.3439
13.352
1.06122
1.43565
85.7882
39.6308
0.99578
0.999338
0.996009
0.997292
0.996967
0.995903
0.994916
0.994598
0.995399
0.996763
0.998932
1.00173
1.00541
1.00984
1.01493
1.02098
1.02785
1.03548
1.04369
1.05191
1.06
1.06798
1.07563
1.21783
1.3088
1.2747
1.18372
1.35076
1.32675
1.15238
1.39972
1.37241
1.12153
1.46777
1.42122
1.09596
1.55131
1.50053
1.73545
1.68144
1.08166
1.91051
1.80286
2.11762
1.08278
24.9568
3.49748
6.55921
8.66489
2.8049
12.9037
10.9762
2.31852
22.2031
20.6315
23.6151
33.5906
34.798
36.9072
35.897
44.9368
44.2346
52.1318
51.4495
60.0753
59.3557
69.1
68.5862
78.2621
143.751
87.3437
99.7841
15579.5
2434.69
766.494
340.379
164.159
80.299
75.5743
15578.8
2489.72
916.496
233.425
496.827
90.174
4.21617
1.00733
1.08368
66.4906
16.5247
0.992424
0.995314
0.993842
0.995371
0.996482
0.997742
1.00043
1.0037
1.00778
1.01185
1.01606
1.02011
1.02418
1.0291
1.03466
1.04066
1.04705
1.05382
1.06076
1.06781
1.0749
1.08183
1.0885
1.24512
1.19454
1.31348
1.29771
1.16957
1.36322
1.33406
1.13646
1.40714
1.38063
1.11224
1.49096
1.43638
1.09059
1.60124
1.52712
1.76489
1.70938
1.08177
2.00521
1.88254
2.16982
1.09481
32.315
4.86697
3.04801
3.90058
11.1144
14.1753
2.46869
18.8365
16.7342
29.4123
27.7307
30.9217
40.4919
41.5809
43.4343
42.5482
50.6828
49.8787
58.5168
57.4986
67.9958
66.9845
78.0243
77.449
145.566
87.2428
100.026
15579.3
2461.91
720.995
349.035
118.808
76.3276
82.2204
15579
2488.6
903.639
213.029
483.86
84.7402
1.77555
1.01205
1.0798
46.5599
6.48388
0.992778
0.994215
0.996583
0.99947
1.00427
1.01102
1.01858
1.0257
1.03286
1.0396
1.04614
1.05245
1.05838
1.06398
1.06932
1.07437
1.07904
1.08368
1.08919
1.09462
1.10006
1.10542
1.11066
1.20765
1.28384
1.24858
1.18052
1.3236
1.30751
1.15297
1.36922
1.34895
1.12494
1.42355
1.38594
1.102
1.519
1.46422
1.08867
1.65089
1.56411
1.82852
1.72274
1.08948
2.04717
1.95641
2.25561
1.11553
39.2958
7.58703
2.66234
3.35522
4.90584
17.4539
20.7645
25.8156
23.5941
36.5178
34.8729
37.9757
46.386
47.3238
49.0477
48.1915
56.4011
55.2533
65.8394
64.3962
76.7232
75.6683
86.8064
144.57
100.24
15568.8
2327.55
740.949
358.783
93.4234
76.0509
83.6411
15589.5
2471.34
903.199
159.462
207.154
477.053
71.7423
1.25982
1.02436
1.14005
23.3898
2.64388
1.00054
1.00127
1.00977
1.01702
1.02814
1.03861
1.04923
1.05908
1.06855
1.07774
1.08663
1.09506
1.10315
1.11082
1.11795
1.12435
1.12984
1.13431
1.13772
1.14076
1.14358
1.14663
1.15008
1.22511
1.18781
1.2941
1.2666
1.16756
1.32931
1.31339
1.13647
1.37088
1.35449
1.11693
1.4486
1.39491
1.09621
1.5427
1.48287
1.08851
1.67468
1.59914
1.8863
1.7669
1.10026
2.06552
1.9773
2.44643
1.15418
45.3617
13.2299
2.74796
4.94833
3.49722
8.44983
24.8208
28.1589
32.9847
30.8802
42.8934
41.427
44.196
51.1446
52.0821
54.1343
53.0633
62.8291
61.1406
74.2576
72.4815
86.2366
85.3669
143.223
99.4786
15480.1
2354.82
760.086
365.353
82.2144
77.0622
81.5492
15578.6
2475.33
899.414
114.064
193.022
467.27
54.0225
1.25843
1.0577
1.1405
10.0404
1.61367
1.02204
1.02236
1.03933
1.0507
1.06225
1.07365
1.0857
1.0974
1.10891
1.12013
1.13091
1.14128
1.15101
1.16022
1.16877
1.17663
1.1836
1.18948
1.19469
1.19885
1.20232
1.20564
1.20923
1.19551
1.25161
1.22363
1.17641
1.30264
1.2766
1.14925
1.3348
1.31585
1.12757
1.37497
1.35722
1.10569
1.4669
1.41361
1.09437
1.57152
1.5011
1.09514
1.68865
1.6202
1.89786
1.80226
1.1201
2.14143
1.97709
2.53714
1.21281
50.2505
20.3513
2.9689
2.71888
8.34359
4.71436
14.483
32.2021
35.2442
39.6164
37.7288
48.1696
47.0389
49.2961
55.2946
56.5281
59.4728
57.8915
70.3937
68.0623
84.0318
82.0931
99.4111
134.922
15384.7
2386.68
775.09
357.255
77.8368
79.3509
74.4985
15588.9
2473.1
894.434
90.3735
143.263
196.243
457.267
32.6017
1.33478
1.05336
1.17532
4.00806
1.5026
1.05571
1.05646
1.07281
1.08589
1.09877
1.11119
1.1241
1.13697
1.14958
1.16196
1.17397
1.18558
1.19672
1.20747
1.21774
1.22722
1.23564
1.24334
1.24987
1.25514
1.25939
1.26331
1.26682
1.2046
1.18096
1.2588
1.23541
1.16096
1.30535
1.28684
1.13594
1.3381
1.31629
1.11885
1.38054
1.35812
1.10046
1.47704
1.43291
1.0942
1.5852
1.51821
1.10481
1.72076
1.63007
1.89104
1.81145
1.15896
2.29621
2.03047
2.55033
1.26987
54.2356
28.3258
3.33395
2.82751
14.4976
7.31872
22.3719
38.6284
41.5286
45.3612
43.6793
52.3042
51.5688
53.4244
59.5404
61.2527
65.6859
63.3006
79.421
76.2917
98.1948
96.4124
133.298
15384.2
2434.58
766.715
354.49
76.1961
78.6103
59.6244
15578.9
2486.42
882.804
80.0026
99.9273
146.079
198.537
448.86
14.2449
1.34032
1.04625
1.18625
2.11338
1.56103
1.09169
1.09598
1.10831
1.12159
1.13498
1.14786
1.16097
1.17417
1.18715
1.19985
1.21224
1.22443
1.2363
1.24788
1.25898
1.26945
1.27921
1.28813
1.29613
1.3027
1.30831
1.31325
1.31752
1.21032
1.18412
1.16857
1.26968
1.24436
1.14381
1.30469
1.29115
1.12918
1.33952
1.31671
1.10785
1.39049
1.35833
1.09888
1.48513
1.44978
1.09965
1.59134
1.52999
1.12453
1.74047
1.65616
1.91964
1.80706
1.21657
2.34496
2.14746
2.4759
2.6511
1.32123
57.8603
35.3178
4.22418
3.06524
22.6496
12.9492
30.5462
44.4186
47.0822
50.2085
48.713
55.7255
55.0557
57.0779
64.4664
66.5628
73.2248
69.9673
92.4583
87.0558
128.848
126.35
15479.8
2431.93
747.211
364.334
76.3379
74.6799
40.4987
15583.4
2468.97
879.007
76.6136
82.9541
102.438
146.338
199.954
445.495
5.62445
1.34086
1.06081
1.15202
1.79165
1.55428
1.11816
1.12559
1.13519
1.1463
1.15776
1.16954
1.18156
1.19386
1.20619
1.21861
1.23098
1.2433
1.25547
1.26746
1.27909
1.29021
1.30062
1.31014
1.3187
1.32601
1.33224
1.33763
1.34234
1.18624
1.25136
1.2356
1.20492
1.17217
1.15132
1.27379
1.13542
1.30039
1.29177
1.1176
1.33875
1.31571
1.10351
1.40877
1.36069
1.09869
1.48804
1.45736
1.10869
1.60775
1.53576
1.1645
1.74532
1.67343
2.00895
1.82045
1.27276
2.35461
2.19606
2.5404
2.83559
1.34638
61.6386
41.2642
6.13323
3.68306
30.8377
21.0102
37.3856
49.5191
51.5912
54.1234
52.6755
59.067
57.977
60.4371
70.415
73.1651
82.3081
79.1074
121.664
111.176
369.027
15568.4
2368.17
770.234
76.0978
64.1208
18.0261
15585.1
2473.22
872.494
75.2157
76.6171
83.375
102.101
145.971
202.688
438.668
2.69198
1.34859
1.04593
1.16239
1.79194
1.50029
1.13066
1.13934
1.14718
1.15701
1.16728
1.17851
1.18988
1.20167
1.21362
1.22583
1.23808
1.2504
1.26284
1.27514
1.28708
1.29842
1.30893
1.31842
1.32691
1.33423
1.34047
1.34586
1.35045
1.18706
1.17331
1.25676
1.23558
1.2114
1.15714
1.13902
1.27552
1.12783
1.29604
1.28787
1.10876
1.33808
1.31421
1.10221
1.41879
1.36727
1.10312
1.48867
1.45943
1.12915
1.61892
1.55117
1.22045
1.73742
1.68016
2.06315
1.87537
1.32446
2.40554
2.29884
2.2149
2.61799
3.18407
1.35443
66.0937
46.4816
9.86728
4.92849
37.6081
28.7472
43.0856
53.9397
55.1822
57.4903
56.1079
62.2187
60.537
63.4231
77.6729
83.3871
96.8567
94.4145
376.79
149.663
778.881
15578.7
2406.91
73.947
46.3205
7.07889
15588.8
2467.91
864.1
74.9619
74.861
76.3024
82.5284
100.687
145.358
200.704
436.565
2.09147
1.29743
1.03182
1.16934
1.76143
1.48386
1.13425
1.14396
1.15102
1.16038
1.16944
1.18008
1.19072
1.20204
1.21361
1.22556
1.23777
1.25039
1.26313
1.27577
1.28805
1.29971
1.3105
1.32013
1.3284
1.33538
1.34132
1.34636
1.35053
1.18633
1.17155
1.16017
1.25833
1.2409
1.2172
1.14211
1.13292
1.27357
1.1149
1.28822
1.27938
1.10551
1.33806
1.31321
1.10198
1.42294
1.37474
1.11234
1.48927
1.45326
1.17022
1.62403
1.56209
1.2759
1.73823
1.67356
2.10102
1.94431
1.3497
2.48345
2.33965
2.18181
2.27024
2.83604
3.91236
1.35358
73.4111
51.2052
16.6453
7.15451
43.3923
35.594
48.0724
57.6165
58.1316
60.0493
59.243
65.1564
62.6156
67.2612
91.0338
108.857
123.297
124.358
350.648
792.376
2426.55
15578.7
66.0862
20.7343
3.21249
15587.6
2460.45
858.11
73.2467
74.8122
74.9031
76.0187
81.528
98.6797
142.34
196.807
433.995
1.99569
1.25899
1.02969
1.1346
1.65964
1.45307
1.12569
1.13973
1.14023
1.15151
1.15583
1.16677
1.17495
1.18558
1.19596
1.20736
1.21896
1.23118
1.24381
1.25651
1.2691
1.28129
1.29262
1.30258
1.31078
1.31743
1.32275
1.32678
1.32911
1.18682
1.16756
1.2194
1.16132
1.14357
1.25877
1.24042
1.13518
1.12151
1.26364
1.10914
1.28283
1.27003
1.10435
1.33842
1.31392
1.10594
1.42186
1.37855
1.13369
1.4987
1.44649
1.22453
1.61827
1.56754
1.32735
1.77949
1.67142
2.1929
2.08254
2.22929
1.99197
1.35771
2.58194
2.36791
2.30117
3.19062
5.16289
1.32962
86.0405
55.6048
24.1719
10.8453
48.4835
41.3784
52.6547
60.3611
60.6264
61.8201
61.5491
69.6193
65.1377
73.5628
118.044
145.735
384.327
393.057
746.337
2458.9
15594.9
49.8673
8.05758
2.33749
15587.6
2457.38
856.077
66.3478
73.1156
75.1085
75.2589
76.1013
80.5377
95.9038
135.447
183.517
428.192
1.91971
1.22602
1.07625
1.5669
1.41501
1.09835
1.11672
1.10726
1.11957
1.11758
1.12385
1.12755
1.13592
1.14337
1.15328
1.16247
1.17333
1.18516
1.19756
1.21038
1.22318
1.23525
1.24555
1.2531
1.25836
1.2617
1.26296
1.26149
1.16266
1.22173
1.21918
1.20012
1.17065
1.15837
1.14416
1.13588
1.24759
1.23456
1.12569
1.11306
1.25436
1.10621
1.27796
1.2626
1.10431
1.3354
1.31228
1.11571
1.41119
1.37984
1.17573
1.50475
1.44065
1.27929
1.61695
1.56486
1.35244
1.83231
1.68825
2.22278
2.25639
2.15089
2.06046
1.35548
2.79024
2.44611
2.36018
3.83151
6.99561
1.25708
114.76
59.563
30.4279
16.625
53.4723
46.7675
57.1452
62.1131
62.2674
63.2548
62.7946
78.3714
71.5587
86.0495
394.337
364.121
789.8
804.209
2376.58
15595.8
22.1504
3.55548
2.15866
15584.8
2457.11
849.016
50.3063
65.835
73.0223
75.3942
75.8376
76.5312
80.0062
91.1761
137.841
130.086
426.787
1.79723
1.21716
1.04528
1.15432
1.55687
1.27684
1.0487
1.07044
1.04772
1.05196
1.04791
1.05149
1.05117
1.05523
1.05844
1.06441
1.07027
1.07756
1.08607
1.09494
1.10391
1.11321
1.12167
1.12806
1.13229
1.13413
1.13421
1.13229
1.12775
1.156
1.15242
1.22669
1.21214
1.19281
1.17158
1.14419
1.13474
1.12769
1.24221
1.11578
1.10896
1.24562
1.10507
1.27486
1.25345
1.10812
1.33362
1.30912
1.13825
1.40121
1.3728
1.22869
1.50841
1.4389
1.3302
1.61843
1.56262
1.36018
1.88819
1.73398
2.30383
2.2792
2.18697
2.25131
2.22693
2.05874
1.32831
3.09748
2.5713
2.44767
4.78491
9.41706
1.12026
148.597
62.2175
36.0906
22.1739
58.4383
52.3748
61.2291
63.2622
63.5083
65.4444
63.9501
94.4497
87.5256
117.196
784.708
387.268
737.561
2452.48
2474.88
15593.8
8.38201
2.52195
1.98059
15588.6
2448.29
849.307
21.6568
48.0502
64.2726
72.4996
75.1736
76.7116
77.196
79.5874
94.5953
185.727
100.76
425.516
1.74071
1.16459
1.0425
1.20789
1.41731
0.979905
1.00003
0.973618
0.972321
0.96601
0.967734
0.966428
0.969303
0.97205
0.977848
0.983886
0.991157
0.998996
1.00667
1.01453
1.0223
1.02837
1.03288
1.03467
1.03432
1.03264
1.0293
1.02438
1.14605
1.14388
1.14203
1.22729
1.21351
1.20141
1.19078
1.17268
1.13168
1.12828
1.11717
1.11105
1.10578
1.23151
1.10558
1.27405
1.24528
1.11864
1.3253
1.30328
1.18097
1.39036
1.36501
1.28353
1.50554
1.43891
1.35465
1.63657
1.55965
1.35629
1.94115
1.77992
2.38579
2.3574
2.34354
2.27346
2.16149
1.24921
3.52584
2.74921
2.57294
5.94672
12.6601
1.01828
63.5565
41.5403
26.7586
62.8379
58.2557
63.8219
64.5176
65.1479
71.1556
66.6529
116.525
121.072
174.074
2467.76
747.361
397.842
2373.87
15571.4
15567.6
3.71426
2.24572
1.93579
15599.5
2447.92
847.792
8.03807
19.7531
43.1607
61.6819
70.0399
75.1829
76.8927
77.8733
81.8098
133.423
84.9648
127.31
419.245
1.51901
1.31156
1.09966
1.28164
1.01512
1.32569
0.903215
0.915701
0.896353
0.896221
0.892718
0.898686
0.901202
0.9074
0.912825
0.920342
0.92834
0.936607
0.944804
0.952592
0.960035
0.966395
0.971778
0.974775
0.975329
0.974756
0.973399
0.971496
0.969372
1.13833
1.13366
1.16769
1.13668
1.12829
1.2168
1.20261
1.19033
1.17475
1.12602
1.11767
1.11196
1.10648
1.10502
1.2245
1.10952
1.26738
1.24206
1.14346
1.31679
1.29309
1.23319
1.38193
1.35394
1.33318
1.50538
1.43464
1.3619
1.67528
1.56154
1.32512
2.03267
1.82166
2.48449
2.44315
2.38969
2.35891
2.21308
1.1096
4.0632
2.98372
2.71604
7.23434
15.7209
0.967335
64.4627
47.5969
31.3591
65.5702
63.592
65.2251
66.6946
68.7333
84.6869
73.3925
400.024
151.591
15565.8
2361.76
765.541
15590.1
2.56988
2.14071
1.712
15602.8
2448.6
842.794
3.57809
7.0862
16.5064
36.7839
55.3739
66.8893
73.4623
75.7408
79.129
96.0422
80.8238
100.385
178.763
414.443
1.39758
1.36164
1.24305
1.07128
1.32509
1.01088
0.843803
0.852745
0.840706
0.846009
0.848097
0.858242
0.864858
0.873703
0.880253
0.88827
0.896722
0.905138
0.913175
0.920239
0.926542
0.932302
0.936291
0.938186
0.938878
0.939032
0.938998
0.938835
0.938385
1.1261
1.12251
1.16164
1.153
1.12767
1.12406
1.12208
1.20448
1.18721
1.17291
1.16775
1.11645
1.11208
1.10671
1.10481
1.10577
1.21156
1.12165
1.2588
1.23281
1.18583
1.30644
1.28222
1.28891
1.37218
1.34231
1.35653
1.50385
1.43217
1.35619
1.69351
1.57199
1.23814
2.2344
2.03102
2.30412
1.88476
2.59588
2.52627
2.50739
2.44304
1.01239
4.65766
3.26535
2.8903
8.59546
18.5752
0.937623
66.126
54.3891
36.8394
67.1452
67.1806
66.1501
70.8618
76.097
118.632
88.2263
383.823
779.785
15563.4
2401.91
2.42222
1.89724
1.55279
15575.9
2441.35
837.653
2.70758
3.5036
6.05515
13.1676
28.4049
46.3202
61.4088
68.3733
74.1995
84.9827
76.5201
87.3498
128.584
123.577
403.522
1.4752
1.11881
1.28563
1.30707
1.03714
1.41277
1.00534
0.806252
0.816529
0.812154
0.820938
0.824507
0.834948
0.842078
0.850858
0.857173
0.864557
0.872891
0.881087
0.888626
0.895209
0.90113
0.905806
0.909294
0.911461
0.912886
0.914052
0.914677
0.915312
0.91589
1.11171
1.11012
1.14115
1.13322
1.11694
1.15123
1.11774
1.11789
1.11348
1.19017
1.17405
1.16394
1.10996
1.1064
1.10421
1.10428
1.11077
1.20288
1.14832
1.24925
1.22905
1.23857
1.29374
1.26987
1.33657
1.36353
1.33002
1.3631
1.50517
1.42636
1.32046
1.71434
1.57748
1.09664
2.23161
2.36292
2.12226
1.9765
2.72132
2.65586
2.58038
2.49499
0.964592
5.3284
3.58121
3.08912
10.0123
22.2653
0.91624
68.8164
61.3247
43.566
68.5209
69.2273
68.2556
78.4895
90.8012
160.622
119.969
731.484
395.156
2455.15
15587.6
2.09985
1.65361
15590.6
2438.71
830.573
2.36848
2.62024
3.20191
4.93818
9.70656
19.6621
36.3981
49.7489
62.2137
81.3397
67.2718
96.5619
82.8731
164.426
99.4485
399.891
1.54409
1.22302
1.07451
1.34312
1.39412
1.01839
1.5022
1.00237
0.783771
0.795345
0.794281
0.802925
0.805391
0.813713
0.820451
0.829452
0.836326
0.844072
0.852722
0.861159
0.868987
0.875973
0.881475
0.886398
0.890069
0.892562
0.89468
0.895683
0.89718
0.898888
0.9002
1.09622
1.09695
1.11969
1.11255
1.105
1.14077
1.12787
1.10972
1.14523
1.11159
1.10965
1.10718
1.17988
1.16208
1.10489
1.10272
1.10316
1.10551
1.12495
1.19636
1.19086
1.2346
1.21509
1.29554
1.28176
1.25512
1.35836
1.35245
1.31762
1.35545
1.4991
1.42038
1.22473
1.76507
1.57926
1.00576
2.38625
2.30906
2.15796
2.19989
2.13095
1.92433
2.8763
2.7468
2.67169
2.56655
0.936628
6.11369
3.93071
3.30813
11.7635
26.9741
0.901175
73.3707
66.869
51.2623
70.8708
71.2491
71.3865
92.4604
120.215
156.116
2358.4
760.674
381.996
15593.2
1.86161
15590.1
2442.48
824.614
1.99728
2.27724
2.47556
2.89067
3.96476
6.78384
14.1991
23.885
38.2913
73.9809
48.5786
87.6532
77.0073
118.593
89.4087
128.995
389.793
1.69503
1.27508
1.11539
1.26382
1.03896
1.3838
1.44773
1.00657
1.59052
1
0.765181
0.773344
0.773827
0.783781
0.786448
0.794252
0.801823
0.811738
0.820051
0.828832
0.837521
0.846495
0.855141
0.862499
0.868432
0.872981
0.876123
0.878717
0.880361
0.882278
0.884703
0.886687
0.888588
1.0818
1.08405
1.09944
1.09311
1.09267
1.11354
1.10406
1.09907
1.13674
1.12059
1.10435
1.14718
1.10486
1.10323
1.1018
1.16772
1.10066
1.10115
1.10297
1.112
1.15297
1.18528
1.245
1.2233
1.20738
1.34056
1.26777
1.24255
1.364
1.33908
1.30286
1.31442
1.48696
1.41396
1.08208
1.99357
1.80987
1.58485
0.961662
2.47582
2.33983
2.21968
2.10297
3.01546
2.88371
2.77068
2.66161
0.916387
7.05841
4.33374
3.55399
13.9895
32.9622
0.891985
80.9022
70.6644
59.091
74.4701
73.95
76.2077
119.315
152.924
15590
2414.35
742.145
381.331
15607
2422.45
820.023
1.78492
1.96893
2.13527
2.3437
2.60343
3.19575
4.80671
8.19222
15.3938
58.0767
24.6648
81.1335
65.2991
93.7205
84.9034
125.485
102.191
371.233
1.33547
1.18256
1.06043
1.29156
1.01766
1.46999
1.56151
1.00059
1.7176
0.998951
0.745996
0.750648
0.75372
0.766645
0.771896
0.780792
0.78864
0.798941
0.808421
0.817572
0.827521
0.837397
0.8463
0.853814
0.858642
0.862252
0.865175
0.867486
0.869793
0.872292
0.875062
0.878083
0.882266
1.06895
1.0721
1.08072
1.07523
1.08048
1.08942
1.08198
1.08836
1.11276
1.09993
1.09507
1.13911
1.12558
1.09847
1.15822
1.0986
1.0981
1.09781
1.09849
1.10067
1.10515
1.12796
1.19678
1.1801
1.30308
1.20587
1.19251
1.3603
1.25182
1.22708
1.35406
1.32399
1.28736
1.20797
1.46942
1.4027
0.998953
2.01158
1.83433
2.01586
1.58706
0.935509
2.50659
2.37101
2.22854
2.12305
3.20608
3.01787
2.88676
2.71657
0.903697
8.23751
4.81587
3.8624
16.767
40.3907
0.887704
93.5598
73.6588
65.9409
79.2714
77.8113
83.1115
148.216
15584.5
2381.19
744.437
375.186
15577.8
2459.92
804.101
1.80622
1.98793
2.09677
2.31521
2.47463
2.81816
3.48199
5.2023
34.424
8.60923
69.6236
44.4878
86.9798
75.5331
103.629
161.132
92.1328
371.21
1.39166
1.09994
1.21575
1.24881
1.02724
1.34313
1.00312
1.52288
1.62842
0.996806
0.998626
0.730716
0.733735
0.738153
0.75378
0.762052
0.771357
0.778819
0.78939
0.80116
0.812255
0.823036
0.832958
0.841507
0.847093
0.851014
0.85432
0.856858
0.859597
0.862051
0.865366
0.869385
0.874081
0.879696
1.05678
1.06119
1.06412
1.05905
1.06958
1.07026
1.06451
1.07699
1.09191
1.08355
1.08489
1.11947
1.10907
1.09057
1.15176
1.14117
1.09311
1.09361
1.09383
1.0951
1.09765
1.10113
1.1131
1.15803
1.25222
1.16552
1.34501
1.19546
1.17932
1.36461
1.23626
1.21301
1.30589
1.30815
1.26933
1.0664
1.45235
1.38765
0.958794
2.0021
1.90648
2.01582
1.76662
2.11343
1.59275
0.917773
2.57514
2.41113
2.25184
3.40169
3.17984
2.99733
2.822
0.896831
9.68813
5.39681
4.18595
20.2817
49.0606
0.886321
117.276
76.8488
71.801
85.0576
82.5336
93.857
15575.9
2378.97
749.948
363.275
15550.9
2432.62
798.281
1.76891
1.86644
2.01786
2.17214
2.33602
2.55047
2.86611
13.771
3.53927
51.7553
21.0769
78.4649
58.7867
119.335
94.0058
82.7945
124.55
362.788
1.44923
1.13392
1.05077
1.23865
1.27533
1.00966
1.37796
0.99724
1.61981
0.995464
0.998767
0.723072
0.723896
0.726528
0.742176
0.752381
0.762615
0.772141
0.785187
0.798336
0.810279
0.821275
0.830895
0.838216
0.842786
0.845817
0.848214
0.85115
0.853963
0.857557
0.862036
0.866929
0.872726
0.879212
1.04331
1.05135
1.05002
1.04569
1.05935
1.05651
1.05268
1.06662
1.07572
1.07167
1.07443
1.10424
1.09437
1.08134
1.135
1.12152
1.08618
1.15647
1.08845
1.08943
1.09095
1.09391
1.09756
1.10478
1.13092
1.20373
1.31135
1.36218
1.1775
1.16692
1.35149
1.21837
1.19442
1.18548
1.29165
1.2488
0.992034
1.43342
1.36414
0.935376
1.9682
2.08778
1.85286
2.10894
1.78833
2.25155
1.59566
0.907407
2.60968
2.42825
3.63413
3.33854
3.13665
2.88387
0.894034
11.3751
6.10376
4.57131
26.0383
57.9547
0.887104
140.75
81.0533
76.859
92.2844
87.7797
115.258
15583.2
2402.91
740.896
364.312
15593.9
2416.14
790.878
1.71618
1.81174
1.94647
2.0697
2.22012
2.38828
4.75162
2.59154
28.3122
7.26938
64.0275
35.6269
98.6607
86.24
68.4933
128.201
102.917
360.629
1.54343
1.20554
1.06902
1.01795
1.27347
1.33144
0.999582
1.45145
0.994361
0.995652
0.99911
0.719896
0.719311
0.719538
0.732579
0.743624
0.756863
0.769674
0.783901
0.797632
0.809913
0.820905
0.830204
0.836822
0.839885
0.841912
0.844547
0.847648
0.851204
0.855538
0.860818
0.866349
0.873229
0.882432
1.02819
1.04166
1.03835
1.03487
1.05005
1.04642
1.04328
1.05687
1.06541
1.06232
1.06422
1.08948
1.07977
1.0717
1.11484
1.10079
1.07796
1.14252
1.13081
1.08234
1.08447
1.08625
1.08953
1.09357
1.09937
1.11397
1.16372
1.26015
1.34999
1.36479
1.16399
1.15124
1.29387
1.19995
1.18033
1.05111
1.27137
1.23017
0.95611
1.40761
1.33901
0.919946
1.94833
2.07135
2.26558
1.84162
2.26749
1.78753
2.45514
1.58759
1.74554
0.902621
2.66191
3.86012
3.50758
3.25143
2.996
0.893429
13.6636
6.99025
5.00122
33.6307
66.4704
0.892482
85.8318
82.1927
103.245
93.3119
136.223
15586.3
2386.65
745.705
349.849
15588.6
2434.9
789.234
1.60122
1.71794
1.79924
1.93496
2.03652
2.8226
2.20568
10.5671
3.34516
42.4669
14.8717
89.5143
72.613
48.2542
131.729
105.5
92.8892
353.072
1.10867
1.29835
1.23689
1.25701
1.03636
1.00444
1.36937
0.995383
1.49496
0.994255
0.996364
0.999295
0.719269
0.71799
0.717201
0.728399
0.740011
0.755025
0.769225
0.784343
0.799187
0.812292
0.823099
0.831228
0.836369
0.838484
0.840074
0.842716
0.846014
0.850109
0.855015
0.860946
0.86888
0.878471
0.888182
1.03121
1.01953
1.03053
1.04075
1.03759
1.03467
1.04832
1.05589
1.05217
1.05478
1.07385
1.0651
1.06206
1.09394
1.08096
1.06888
1.11814
1.10546
1.07488
1.13879
1.07888
1.0813
1.08448
1.08904
1.0943
1.10445
1.13362
1.21214
1.31927
1.36448
1.34724
1.14763
1.15915
1.18034
1.15993
0.985704
1.25002
1.20728
0.935591
1.37674
1.30478
0.912192
2.06003
1.91774
2.27057
2.48186
1.78848
2.47451
2.70526
1.54787
1.72726
1.6826
0.900947
4.11443
3.65627
3.39139
3.07457
0.896416
16.9884
8.10513
5.54794
43.4087
75.1813
0.898058
91.0149
87.9337
119.131
99.3557
139.636
15556.9
2377.46
733.315
352.157
15569.1
2439.92
775.946
1.58204
1.64321
1.74467
1.82629
2.31308
1.94671
3.99547
2.51495
19.5636
5.2585
76.1691
53.2021
24.4627
135.444
107.064
95.5063
79.3704
349.592
1.05472
1.15923
1.34775
1.25585
1.28283
1.01495
0.99833
1.43462
0.995019
0.995836
0.997879
0.999689
0.721768
0.718502
0.717591
0.727301
0.739025
0.755026
0.772569
0.790685
0.806819
0.819779
0.829129
0.834881
0.83748
0.838075
0.839219
0.841997
0.845492
0.850096
0.856929
0.8653
0.874235
0.883766
0.894565
1.0134
1.0307
1.02662
1.00493
1.01819
1.03076
1.03976
1.04454
1.039
1.04623
1.05903
1.05102
1.05291
1.07456
1.06352
1.05986
1.0952
1.08264
1.06655
1.12318
1.11126
1.07211
1.07591
1.07911
1.08386
1.08926
1.09758
1.11474
1.16991
1.26905
1.35436
1.36523
1.27686
1.13226
1.03794
1.16196
1.14535
0.954332
1.22329
1.18784
0.923435
1.34419
1.27286
0.908551
2.26739
2.03579
1.88733
2.49228
2.78316
1.77098
2.74531
1.49067
1.65266
1.61394
1.72252
0.900928
4.37611
3.81209
3.46889
3.15888
0.902186
22.1082
9.75693
6.27057
54.9855
83.8262
0.907359
95.4258
93.2903
135.788
108.266
15566.7
2378.48
747.161
333.243
15599
2417.18
770.396
1.48859
1.56298
1.63254
2.04167
1.71495
2.65963
2.16831
6.7701
2.93085
57.4946
29.0475
8.72718
137.748
107.732
97.6858
81.9851
60.9585
345.341
1.09817
1.02939
1.22769
1.39944
1.29004
1.32896
1.0063
0.997523
0.996633
0.99803
0.999713
1.00025
0.730192
0.723854
0.724093
0.731606
0.742785
0.76211
0.785029
0.805094
0.820449
0.830322
0.835794
0.838456
0.838355
0.838141
0.839015
0.841971
0.846806
0.853561
0.861507
0.869892
0.879988
0.891861
0.90517
1.00519
1.01863
1.0145
1.02972
1.02498
1.00561
1.01859
1.03022
1.03827
1.04384
1.03651
1.04437
1.05768
1.04819
1.05108
1.07477
1.06345
1.05786
1.09749
1.08618
1.06431
1.1176
1.06971
1.07352
1.07818
1.08386
1.09131
1.10377
1.13672
1.22131
1.32677
1.36655
1.34039
1.13225
0.981178
1.14185
1.12678
0.937363
1.19523
1.16477
0.917264
1.30777
1.23913
0.907391
2.26272
2.49325
2.02506
1.87403
2.80087
3.19223
1.42577
1.57666
1.54779
1.70208
1.659
1.84218
0.906171
4.68113
3.91325
3.51425
0.909669
30.1624
12.3895
7.43138
67.5392
91.1728
0.919418
99.8006
97.5251
137.812
121.906
15592.5
2403.9
728.115
342.342
15599.7
2410.76
761.075
1.45714
1.52002
1.8007
1.58143
2.29522
1.88977
3.24046
2.41189
33.333
10.8391
3.62473
140.512
107.668
99.1632
84.3479
63.7493
37.0359
343.987
1.13192
1.05361
1.01602
1.30742
1.32236
1.38018
1.00356
0.999097
0.999084
1.00027
1.00094
1.00075
0.746559
0.738259
0.735698
0.744965
0.76107
0.78604
0.810219
0.827529
0.83727
0.841028
0.842379
0.841135
0.839531
0.839202
0.840442
0.844508
0.850428
0.85772
0.86643
0.877059
0.889449
0.902952
0.917432
1.00652
1.00284
1.01728
1.01316
1.02872
1.02172
1.00592
1.01868
1.02924
1.03654
1.04257
1.03428
1.04274
1.05693
1.04686
1.04936
1.07549
1.0647
1.05607
1.10295
1.09088
1.06244
1.0676
1.07232
1.07799
1.08533
1.0954
1.11591
1.17624
1.2785
1.35811
1.36456
1.25523
1.0262
0.954491
1.12539
1.11202
0.927474
1.16708
1.14269
0.91464
1.26263
1.20675
0.90973
2.48909
2.24987
2.80845
2.0011
3.20444
3.52601
1.34962
1.50601
1.48386
1.63796
1.60148
1.83155
1.79635
1.9822
0.912628
5.08489
4.03646
0.921426
42.2483
16.3732
9.3117
78.5534
96.8856
0.933237
104.457
100.63
136.083
15587.4
2380.63
746.497
321.799
15584.9
2401.83
757.994
1.656
1.42845
1.99365
1.72511
2.56459
2.08598
13.0601
4.09035
2.68313
141.081
107.629
100.435
86.0811
65.8719
40.1398
15.2155
341.323
1.20045
1.08817
1.03984
1.01279
1.35023
1.39346
1.36546
1.36852
1.00437
1.0017
1.00182
1.0025
1.00226
1.00105
0.773178
0.766335
0.757126
0.767481
0.792402
0.825462
0.849613
0.86032
0.859963
0.855367
0.84992
0.844982
0.841657
0.840635
0.84286
0.847945
0.854843
0.863766
0.874497
0.887001
0.900892
0.915756
0.93212
1.00623
1.00309
1.01611
1.01051
1.02644
1.01888
1.00604
1.0183
1.0281
1.03494
1.04104
1.03202
1.04117
1.05606
1.04621
1.0478
1.07758
1.06687
1.0545
1.09659
1.06091
1.06623
1.07195
1.07895
1.08805
1.10321
1.14004
1.23064
1.33386
1.36832
1.33033
1.10518
0.97827
0.940342
1.10527
0.922438
1.1401
1.11937
0.914389
1.20986
1.16893
0.916331
2.46477
2.80974
2.23021
3.20569
3.53804
4.17492
1.28705
1.44531
1.42709
1.57603
1.54707
1.7816
1.73446
1.95093
1.91946
2.19941
0.923255
5.74914
0.934485
55.1016
22.6263
12.2855
87.5571
100.383
0.949593
111.58
103.27
135.928
15608.3
2431.02
715.978
337.962
15575.9
2400.14
750.883
1.48805
1.81396
1.54642
2.19883
1.89136
4.55629
2.81337
2.29356
142.574
107.423
101.233
87.5486
67.4149
42.5973
17.1462
5.08259
340.458
1.25416
1.13078
1.05806
1.02982
1.01394
1.37114
1.45254
1.40341
1.0074
1.00527
1.00493
1.00481
1.00385
1.00142
0.808775
0.813669
0.791652
0.807828
0.845769
0.890859
0.915728
0.911149
0.892955
0.873091
0.858572
0.849089
0.843233
0.843022
0.846921
0.852895
0.86137
0.872264
0.884875
0.899089
0.914248
0.93095
0.948835
1.00587
1.00208
1.01415
1.00842
1.023
1.01616
1.00603
1.01775
1.02685
1.03347
1.03834
1.0296
1.0398
1.05538
1.04536
1.04643
1.08229
1.06891
1.05332
1.05966
1.06574
1.07229
1.08115
1.09326
1.11731
1.1822
1.28935
1.36121
1.36215
1.22814
1.01602
0.955727
0.931554
1.08942
0.920973
1.11248
1.09911
0.919963
1.16903
1.13257
0.925245
2.79151
2.44052
3.18533
3.54019
4.38316
6.78181
1.23071
1.39542
1.37909
1.51519
1.4877
1.71298
1.66011
1.87889
1.84048
2.1634
2.12626
2.40182
0.936023
0.950325
66.3105
31.8575
16.4462
93.4264
102.586
0.967952
123.622
105.65
15590.5
2356.85
737.521
137.726
338.564
15574.7
2396.65
747.184
1.6177
1.98339
1.68619
2.92531
2.39839
2.06222
136.711
107.545
101.963
88.4414
68.3664
44.2313
18.8187
5.43146
3.03234
337.799
1.33839
1.17373
1.09346
1.04825
1.02691
1.01541
1.40973
1.50859
1.45544
1.01091
1.00947
1.00809
1.00664
1.00515
0.848832
0.873042
0.844829
0.869696
0.926896
0.984737
1.01015
0.98438
0.933588
0.892068
0.865849
0.851185
0.845535
0.847454
0.852196
0.859678
0.870547
0.883195
0.897409
0.912798
0.929871
0.948128
0.967615
1.01137
1.01893
1.01321
1.00592
1.01711
1.02563
1.03215
1.0353
1.02693
1.0386
1.05565
1.04389
1.04538
1.0719
1.05242
1.05914
1.06573
1.0739
1.08494
1.10241
1.14373
1.23976
1.34066
1.36927
1.31687
1.08087
0.975742
0.942353
0.928289
0.923382
1.08732
1.07751
0.927922
1.12913
1.10163
0.937689
2.76234
3.14801
3.52627
4.67906
8.31049
1.44403
1.41207
1.6339
1.57977
1.79573
1.75135
2.07944
2.04288
2.36865
2.31789
2.72837
0.951033
0.968307
73.9608
42.547
21.828
97.0217
103.431
0.988556
108.641
15602.1
2398.76
745.264
137.723
330.787
15585.5
2386.9
740.706
1.75605
1.5827
2.49181
2.152
1.82757
138.076
106.798
102.294
89.1358
68.9181
45.3537
19.8041
5.8843
3.11206
2.58755
337.57
1.43467
1.07472
1.04461
1.02826
1.01936
1.50118
1.01509
0.89742
0.943873
0.917648
0.957883
1.03411
1.09847
1.1169
1.0658
0.974891
0.905249
0.869278
0.853182
0.850081
0.852844
0.85928
0.86935
0.881757
0.89588
0.911536
0.928938
0.947446
0.967225
0.988521
1.00576
1.01643
1.02453
1.03106
1.03255
1.02326
1.03758
1.0569
1.04241
1.04468
1.05204
1.05904
1.06677
1.07691
1.09124
1.11849
1.18855
1.3015
1.36405
1.35805
1.19524
1.00777
0.955912
0.936191
0.927985
0.931096
1.06381
1.06
0.939249
0.951854
3.10632
3.52618
5.06718
10.2705
1.54175
1.48181
1.7036
1.6543
1.98228
1.9448
2.27122
2.2117
2.68499
2.62756
3.06583
0.968751
0.98859
79.5009
51.1647
28.3074
99.05
104.172
112.206
15589.1
2419.14
718.975
148.132
15580.9
2400.15
742.479
1.63558
2.22752
1.89324
1.71006
125.076
106.386
102.319
89.1132
68.7614
45.4258
20.291
6.17617
3.19115
2.66534
2.30807
149.405
1.04163
1.0299
1.54978
0.957842
1.02691
1.01092
1.07264
1.15727
1.21558
1.21703
1.13521
1.00001
0.910181
0.870841
0.856806
0.855779
0.860123
0.869056
0.880725
0.894632
0.91047
0.928054
0.946787
0.966884
0.988501
1.00559
1.01577
1.02358
1.03009
1.03687
1.04435
1.05202
1.0597
1.06888
1.08196
1.1013
1.14786
1.24929
1.34816
1.36929
1.29958
1.06259
0.973672
0.945657
0.934414
0.93397
0.940837
0.952845
0.969171
3.51418
5.50937
12.4081
1.60343
1.87434
1.8346
2.155
2.09714
2.5766
2.51237
3.00729
2.95343
3.49204
0.988618
83.2826
57.1909
34.0153
100.593
104.952
117.003
15616.6
2351.79
15577.2
2397.77
1.96588
1.75836
105.492
102.131
88.7688
68.229
45.0167
20.0509
6.47027
3.26101
2.74703
2.37907
2.02988
1.03198
1.12032
1.12938
1.2105
1.27946
1.31504
1.29539
1.17071
1.00951
0.911156
0.872078
0.862387
0.862985
0.869752
0.880309
0.893747
0.909553
0.927208
0.946227
0.96667
0.988478
1.00542
1.01519
1.02274
1.02933
1.03651
1.04442
1.0525
1.06128
1.07272
1.08916
1.11915
1.19666
1.31387
1.36707
1.3514
1.15964
1.00046
0.957253
0.941653
0.936789
0.942972
0.953908
0.969489
0.988657
5.93911
14.5491
2.45472
2.89068
2.82202
3.44908
3.3978
6.27922
86.035
61.6037
38.5973
101.557
15616
15592
87.7842
67.0038
43.9896
19.4109
6.53668
3.33018
1.12322
1.23495
1.28448
1.34794
1.37372
1.38481
1.33882
1.18477
1.01114
0.908807
0.87547
0.869212
0.87194
0.880866
0.893586
0.909011
0.926525
0.945812
0.966501
0.988436
1.00526
1.01465
1.02205
1.02889
1.03649
1.04497
1.05363
1.06409
1.0785
1.10022
1.15246
1.26073
1.3555
1.36916
1.27398
1.04528
0.972411
0.949694
0.941088
0.945504
0.954912
0.969832
0.988705
16.5203
6.45891
18.1427
64.8522
41.8219
1.25214
1.37949
1.40688
1.41242
1.41967
1.41889
1.35644
1.18697
1.00112
0.905406
0.880999
0.876829
0.882849
0.894276
0.909029
0.926263
0.945519
0.966319
0.988401
1.00512
1.0142
1.02155
1.02872
1.03691
1.04591
1.05579
1.06833
1.0869
1.11989
1.207
1.32576
1.37038
1.34095
1.12435
0.994226
0.959491
0.947304
0.947685
0.955971
0.970349
0.988719
1.31759
1.43369
1.43814
1.42609
1.43529
1.43164
1.36013
1.17015
0.977797
0.904313
0.886369
0.88693
0.896189
0.909639
0.926495
0.945348
0.966202
0.9884
1.005
1.01386
1.02127
1.02889
1.03776
1.04751
1.05909
1.07473
1.09955
1.15735
1.27463
1.36175
1.36829
1.24144
1.02991
0.971852
0.954333
0.949906
0.957459
0.970935
0.988654
1.25452
1.3849
1.40505
1.40514
1.43728
1.43441
1.3491
1.1277
0.956791
0.904597
0.894522
0.899887
0.911143
0.927154
0.945437
0.966266
0.988398
1.00491
1.01362
1.02122
1.02945
1.03914
1.05
1.06389
1.08441
1.12112
1.21838
1.33724
1.37334
1.32484
1.09169
0.989338
0.962166
0.953632
0.959267
0.971255
0.988617
1.10321
1.23931
1.30527
1.35847
1.43722
1.43002
1.31181
1.07715
0.942403
0.908367
0.906079
0.914253
0.928386
0.945987
0.966486
0.988429
1.00486
1.01353
1.02147
1.03044
1.04111
1.05379
1.07101
1.09856
1.16281
1.29086
1.36722
1.36408
1.19985
1.01733
0.972035
0.959313
0.960776
0.971523
0.988683
1.02211
1.09483
1.19035
1.33879
1.43548
1.41087
1.25454
1.02903
0.935962
0.916345
0.919498
0.930662
0.947116
0.966882
0.988459
1.00485
1.01356
1.02203
1.03202
1.04395
1.05931
1.08121
1.12298
1.23011
1.34859
1.37497
1.30116
1.06624
0.98553
0.965722
0.962128
0.972264
0.988735
0.99895
1.03043
1.13692
1.33601
1.42811
1.37671
1.18501
0.988984
0.934625
0.927533
0.93447
0.948972
0.96756
0.988673
1.00489
1.01379
1.023
1.0343
1.04803
1.06692
1.09673
1.16982
1.30748
1.37298
1.35609
1.15308
1.0066
0.973084
0.964969
0.97329
0.988594
0.988119
1.01442
1.12912
1.34865
1.41068
1.32877
1.10752
0.969653
0.939946
0.940492
0.951843
0.96874
0.989025
1.00497
1.01427
1.02452
1.03735
1.05379
1.07771
1.12464
1.24305
1.35955
1.3763
1.26557
1.0429
0.983185
0.969931
0.973865
0.988328
0.98714
1.01635
1.15084
1.36269
1.38232
1.26224
1.03944
0.963095
0.949547
0.9561
0.970569
0.989547
1.00511
1.01508
1.02669
1.04142
1.06199
1.09433
1.17801
1.32332
1.37837
1.34093
1.10628
0.998237
0.976092
0.974142
0.988312
0.991507
1.02876
1.19876
1.36696
1.34322
1.17344
1.00129
0.962776
0.962208
0.973228
0.990274
1.00534
1.01624
1.0296
1.04718
1.07362
1.12526
1.25819
1.36864
1.37499
1.21579
1.02404
0.982944
0.975672
0.98844
0.998723
1.05169
1.25284
1.35641
1.28559
1.08292
0.986839
0.970832
0.976937
0.991263
1.00573
1.01784
1.0335
1.05558
1.09118
1.18601
1.33801
1.38256
1.31377
1.07146
0.993065
0.979699
0.988074
1.00489
1.0854
1.28606
1.32391
1.20713
1.02542
0.984022
0.981891
0.992619
1.00622
1.0201
1.03898
1.06774
1.12481
1.27512
1.37558
1.3653
1.1564
1.00964
0.984936
0.987095
1.01139
1.13515
1.29453
1.27359
1.10996
1.00281
0.98786
0.994449
1.00687
1.02335
1.04695
1.08621
1.19264
1.35175
1.38282
1.26644
1.04082
0.990306
0.986291
1.02232
1.18896
1.28093
1.20329
1.03849
0.99792
0.996865
1.00785
1.0279
1.05855
1.12262
1.29054
1.38212
1.34448
1.09649
0.999294
0.987403
1.04223
1.21233
1.23922
1.11137
1.01007
0.999382
1.00928
1.03438
1.07656
1.19863
1.36249
1.38011
1.19489
1.01649
0.98996
1.07167
1.20973
1.17095
1.03446
1.002
1.01124
1.04396
1.11523
1.30455
1.38658
1.30226
1.04918
0.994407
1.09051
1.17566
1.08137
1.0054
1.01421
1.05893
1.19966
1.36798
1.36188
1.1062
1.0013
1.08607
1.10718
1.01142
1.01877
1.09562
1.31079
1.38199
1.21351
1.00992
1.04927
1.02286
1.02472
1.18405
1.36424
1.31328
1.02957
0.994215
1.04273
1.29811
1.35444
1.07125
1.11015
1.34937
1.1675
1.21019
1.24935
1.23626
)
;

boundaryField
{
    lowerOutlet
    {
        type            inletOutlet;
        inletValue      uniform 1;
        value           nonuniform List<scalar> 
146
(
1
1
1
1
1
1
1
1
1
1
1
1
1
1
1
1
1
1
1
1
1
1
1
1
1
1
1
1
1
1
1
1
1
1
1
1
1
1
1
1
1
1
1
1
1
87.5528
100.616
66.9507
199.422
1
23.833
1
1
1
1
1
1
1
1
1
1
1
1
1
1
1
1
1
1
1
1
1
1
1
1
1
1
1
1
1
1
1
1
1
1
1
1
1
1
1
1
1
1
1
1
1
1
1
1
1
1
1
1
77.6987
106.186
1
1
341.317
1
1
1
1
1
1
1
1
1
1
1
1
1
1
96.6287
1
1
1
1
1
1
1
1
1
1
1
1
1
1
1
1
1
1
1
1
1
1
1
)
;
    }
    top
    {
        type            inletOutlet;
        inletValue      uniform 1;
        value           nonuniform List<scalar> 
100
(
1.06743
1.29911
1.34504
1.26935
1.10395
0.972942
0.910508
0.902823
0.930414
0.997227
1.09417
1.1854
1.22264
1.21032
1.19565
1.3706
2.3467
4.46401
6.17918
6.6749
6.72935
6.51077
6.02784
5.60956
5.49581
5.54349
5.78184
6.10596
6.43152
6.6742
6.77725
6.56776
5.91409
4.65909
3.19013
2.09793
1.57957
1.37374
1.28016
1.21161
1.15502
1.10882
1.06814
1.03848
1.02003
1.00897
1.002
0.99578
0.992424
0.992778
1.00054
1.02204
1.05571
1.09169
1.11816
1.13066
1.13425
1.12569
1.09835
1.0487
0.979905
0.903215
0.843803
0.806252
0.783771
0.765181
0.745996
0.730716
0.723072
0.719896
0.719269
0.721768
0.730192
0.746559
0.773178
0.808775
0.848832
0.89742
0.957842
1.03198
1.12322
1.25214
1
1
1
1
1
1
1
1
1
1
1
1
1
1
1.09051
1.08607
1.04927
0.994215
)
;
    }
    sides
    {
        type            inletOutlet;
        inletValue      uniform 1;
        value           uniform 1;
    }
    front
    {
        type            empty;
    }
    back
    {
        type            empty;
    }
    roller
    {
        Cmu             0.09;
        kappa           0.41;
        E               9.8;
        beta1           0.075;
        blended         false;
        type            omegaWallFunction;
        value           nonuniform List<scalar> 
142
(
15589
15578.8
15585.9
15585.5
15577.8
15589.1
15586.2
15591.8
15595
15571.4
15584
15582.6
15579.8
15588.1
15585.1
15584.8
15607
15619.1
15558.9
15556.9
15584.6
15567.6
15565.8
15590
15579.5
15591.6
15579
15588.8
15588.6
15553.2
15591.3
15550.9
15589.5
15567.6
15576.7
15591.2
15575.8
15589.9
15581.1
15578.6
15583.4
15589.5
15588.2
15587.6
15589.2
15579.5
15591
15590.6
15590.1
15618.5
15592.8
15610.5
15590.5
15591.7
15583.4
15583.3
15582
15553.3
15569.1
15575.9
15577.2
15592
15591.5
15604.4
15579.3
15384.2
15578.7
15577.3
15577.2
15588.9
15602.8
15602.3
15590.2
15593.9
15588.6
15570.9
15587.1
15584.9
15578.2
15583.5
15580.9
15579.8
15616.6
15602.1
15586.3
15584.5
15572.7
15593.8
15579.5
15384.7
15578.7
15576.7
15591.9
15575.9
15589.5
15584.2
15575.9
15558.6
15599
15574.7
15594.5
15587.4
15592.5
15583.1
15595.1
15587.6
15563.4
15596.8
15568.8
15479.8
15594.9
15582.5
15582.2
15579.8
15578.9
15588.3
15587.6
15600.2
15599.5
15600.9
15601.8
15599.7
15577.2
15588.1
15585.5
15616
15608.3
15594.6
15568.8
15566.7
15575.9
15583.2
15575.9
15589.5
15565.2
15569.1
15590.1
15593.2
15595.8
15480.1
15568.4
15595.8
)
;
    }
    burner
    {
        type            zeroGradient;
    }
}


// ************************************************************************* //
