/*--------------------------------*- C++ -*----------------------------------*\
  =========                 |
  \\      /  F ield         | OpenFOAM: The Open Source CFD Toolbox
   \\    /   O peration     | Website:  https://openfoam.org
    \\  /    A nd           | Version:  dev
     \\/     M anipulation  |
\*---------------------------------------------------------------------------*/
FoamFile
{
    version     2.0;
    format      ascii;
    class       volScalarField;
    location    "2500";
    object      rho;
}
// * * * * * * * * * * * * * * * * * * * * * * * * * * * * * * * * * * * * * //

dimensions      [1 -3 0 0 0 0 0];

internalField   nonuniform List<scalar> 
9841
(
1.17175
1.1716
1.17168
1.17158
1.1713
1.17174
1.17164
1.17113
1.17126
1.17178
1.17169
1.17105
1.17098
1.17136
1.17183
1.17167
1.1711
1.17082
1.17101
1.17144
1.17184
1.17173
1.17121
1.17068
1.17072
1.17109
1.17154
1.17189
1.17177
1.17127
1.17067
1.17053
1.17077
1.17122
1.17159
1.17189
1.17178
1.17134
1.17072
1.17043
1.17052
1.17089
1.17134
1.17164
1.1719
1.17176
1.17138
1.17078
1.17039
1.17035
1.17059
1.17103
1.17138
1.17169
1.17191
1.17177
1.17141
1.17086
1.17041
1.17021
1.17036
1.17069
1.17113
1.17143
1.1717
1.17193
1.17179
1.17143
1.17097
1.17046
1.17015
1.17016
1.17045
1.17084
1.17122
1.17148
1.17172
1.17194
1.17181
1.17149
1.17105
1.17061
1.17015
1.17003
1.17019
1.17057
1.17094
1.17127
1.17152
1.17173
1.17194
1.17181
1.17149
1.17112
1.17078
1.17017
1.16997
1.17
1.1703
1.17072
1.17103
1.17132
1.17156
1.17176
1.17194
1.17182
1.17151
1.1712
1.17077
1.1702
1.16991
1.16986
1.17006
1.17042
1.1708
1.17109
1.17135
1.17157
1.17177
1.17195
1.17184
1.17158
1.17121
1.17081
1.17037
1.16991
1.16977
1.16988
1.17021
1.17058
1.17088
1.17115
1.17141
1.17159
1.17177
1.17195
1.17184
1.17155
1.17127
1.17086
1.17041
1.16994
1.16972
1.16971
1.16994
1.1703
1.17067
1.17095
1.1712
1.17141
1.1716
1.17178
1.17196
1.17184
1.17157
1.17131
1.1709
1.1705
1.17003
1.1697
1.16961
1.16976
1.17007
1.17048
1.17079
1.171
1.17123
1.17143
1.17161
1.1718
1.17196
1.17184
1.17161
1.1713
1.17102
1.17066
1.17013
1.16974
1.16955
1.1696
1.16987
1.17023
1.17055
1.17083
1.17105
1.17125
1.17144
1.17161
1.17179
1.17196
1.17186
1.1716
1.17131
1.17107
1.17071
1.17016
1.16982
1.16952
1.16947
1.16966
1.16999
1.1703
1.17061
1.17086
1.17108
1.17128
1.17145
1.17164
1.1718
1.17196
1.17186
1.17162
1.17134
1.17106
1.17074
1.17027
1.16982
1.1695
1.1694
1.16948
1.16974
1.17011
1.17042
1.1707
1.17091
1.1711
1.1713
1.17146
1.17164
1.1718
1.17196
1.17187
1.17161
1.17134
1.17107
1.17082
1.17032
1.16983
1.16952
1.16935
1.16935
1.16956
1.16988
1.17026
1.17049
1.17074
1.17093
1.17112
1.1713
1.17147
1.17165
1.1718
1.17196
1.17185
1.17161
1.17139
1.17113
1.1708
1.17038
1.16991
1.16954
1.16933
1.16924
1.16938
1.16964
1.17005
1.17031
1.17057
1.17078
1.17095
1.17114
1.17132
1.17148
1.17164
1.1718
1.17196
1.17186
1.17164
1.17141
1.17108
1.17086
1.17056
1.17
1.16958
1.16933
1.16917
1.16925
1.16945
1.16983
1.17014
1.17037
1.1706
1.17081
1.17098
1.17115
1.17133
1.17149
1.17164
1.1718
1.17196
1.17185
1.17163
1.17138
1.1711
1.17083
1.1705
1.17001
1.16962
1.16931
1.16912
1.16912
1.16928
1.16963
1.16994
1.17021
1.17042
1.17063
1.17082
1.171
1.17116
1.17133
1.17149
1.17165
1.1718
1.17196
1.17186
1.17163
1.1714
1.17113
1.17083
1.17056
1.17012
1.16964
1.16933
1.16911
1.16905
1.16915
1.1694
1.16975
1.17001
1.17026
1.17048
1.17066
1.17084
1.17102
1.17117
1.17133
1.1715
1.17165
1.1718
1.17196
1.17185
1.17164
1.1714
1.17115
1.17087
1.17056
1.17017
1.16967
1.16936
1.16907
1.16896
1.16902
1.16926
1.16952
1.16984
1.1701
1.17031
1.17053
1.17067
1.17085
1.17102
1.17119
1.17133
1.17149
1.17164
1.17179
1.17196
1.17185
1.17165
1.17141
1.17112
1.17088
1.17052
1.17018
1.16971
1.16934
1.16904
1.16889
1.16891
1.16908
1.16938
1.16966
1.16992
1.17016
1.17033
1.17052
1.17069
1.17086
1.17103
1.17118
1.17134
1.17148
1.17163
1.17179
1.17195
1.17185
1.17166
1.17139
1.17111
1.17085
1.17052
1.17017
1.16973
1.16934
1.16904
1.16885
1.16881
1.16892
1.16921
1.16946
1.16977
1.16999
1.17019
1.17037
1.17057
1.17071
1.17087
1.17103
1.17118
1.17133
1.17148
1.17163
1.17178
1.17195
1.17187
1.17167
1.17139
1.17112
1.17087
1.17053
1.17022
1.16974
1.16934
1.16903
1.16881
1.16874
1.16881
1.16901
1.1693
1.16956
1.16983
1.17003
1.17022
1.17041
1.17056
1.17072
1.17088
1.17103
1.17119
1.17133
1.17148
1.17163
1.17177
1.17195
1.17188
1.17167
1.17142
1.17112
1.17088
1.17046
1.17013
1.16968
1.16934
1.16902
1.16879
1.16867
1.1687
1.16887
1.16913
1.1694
1.16965
1.16988
1.17007
1.17025
1.17044
1.17059
1.17074
1.17088
1.17103
1.17117
1.17132
1.17147
1.17161
1.17177
1.17194
1.17188
1.17171
1.17144
1.1711
1.1708
1.17041
1.1701
1.16978
1.16931
1.16901
1.16876
1.16862
1.1686
1.16875
1.16897
1.16923
1.1695
1.16974
1.16992
1.17009
1.17028
1.17044
1.17058
1.17073
1.17088
1.17102
1.17116
1.1713
1.17146
1.1716
1.17176
1.17193
1.17187
1.17174
1.17151
1.17109
1.17074
1.1704
1.17015
1.16978
1.16923
1.16896
1.16871
1.16856
1.16851
1.1686
1.16881
1.16907
1.16932
1.16955
1.16979
1.16994
1.17012
1.17027
1.17042
1.17058
1.17073
1.17087
1.17101
1.17116
1.1713
1.17144
1.17158
1.17175
1.17193
1.17182
1.17172
1.17155
1.17109
1.17071
1.17045
1.17001
1.16957
1.16915
1.1689
1.16868
1.16851
1.16844
1.16848
1.16866
1.16889
1.16919
1.1694
1.16964
1.16981
1.16999
1.17015
1.17029
1.17045
1.17058
1.17073
1.17088
1.17102
1.17115
1.17129
1.17142
1.17157
1.17174
1.17202
1.1719
1.17174
1.17166
1.17151
1.17114
1.17075
1.17042
1.16998
1.1696
1.16912
1.16882
1.16859
1.16842
1.16838
1.16839
1.16853
1.16878
1.16899
1.16925
1.16945
1.16966
1.16983
1.17
1.17015
1.1703
1.17045
1.17059
1.17073
1.17087
1.171
1.17113
1.17126
1.17141
1.17159
1.1718
1.17171
1.17202
1.17191
1.17151
1.17134
1.17115
1.17094
1.17068
1.17029
1.16995
1.16954
1.16905
1.16878
1.16853
1.16836
1.1683
1.16831
1.16843
1.1686
1.16886
1.16912
1.16933
1.1695
1.16969
1.16987
1.17004
1.17017
1.1703
1.17046
1.17059
1.17072
1.17085
1.17098
1.17111
1.17125
1.17143
1.17136
1.17161
1.17148
1.17152
1.1718
1.1717
1.17201
1.1719
1.17172
1.17089
1.17087
1.1708
1.17055
1.17021
1.16993
1.1695
1.16892
1.16871
1.16846
1.16831
1.1682
1.16822
1.1683
1.16848
1.16873
1.16896
1.16916
1.16938
1.16954
1.16971
1.16988
1.17003
1.17018
1.17032
1.17046
1.17058
1.1707
1.17083
1.17096
1.1711
1.17129
1.17121
1.17139
1.1716
1.17143
1.17151
1.17179
1.17169
1.17201
1.17189
1.17176
1.1711
1.17032
1.17052
1.17045
1.17009
1.16982
1.16938
1.16879
1.16858
1.1684
1.1682
1.16813
1.1681
1.1682
1.16835
1.16855
1.16878
1.16902
1.16921
1.16941
1.16957
1.16972
1.16991
1.17005
1.17019
1.17032
1.17044
1.17056
1.17068
1.17081
1.17095
1.17114
1.17106
1.1713
1.17121
1.17135
1.17158
1.17141
1.17149
1.17178
1.17167
1.17201
1.17188
1.17176
1.17135
1.17031
1.17001
1.17005
1.16982
1.16969
1.16937
1.1688
1.16845
1.16829
1.16812
1.16805
1.16802
1.16808
1.16822
1.16842
1.16866
1.16887
1.16907
1.16926
1.16943
1.16959
1.16977
1.16992
1.17006
1.17018
1.17031
1.17042
1.17053
1.17065
1.17079
1.17099
1.17091
1.17113
1.17105
1.17126
1.17118
1.17133
1.17156
1.17139
1.17146
1.17176
1.17165
1.172
1.17187
1.17176
1.17143
1.17035
1.1698
1.16964
1.1696
1.16948
1.1692
1.16864
1.1683
1.16816
1.16802
1.16797
1.16793
1.16798
1.1681
1.16831
1.1685
1.16872
1.16897
1.16912
1.16931
1.16947
1.16966
1.16978
1.16993
1.17005
1.17017
1.17029
1.17039
1.17051
1.17064
1.17083
1.17075
1.17097
1.17089
1.1711
1.17102
1.17124
1.17116
1.1713
1.17154
1.17136
1.17143
1.17174
1.17162
1.172
1.17186
1.17175
1.17142
1.17038
1.16974
1.16936
1.16929
1.16921
1.16904
1.1686
1.1682
1.16805
1.16793
1.16786
1.16784
1.16789
1.16798
1.16815
1.16841
1.16861
1.16882
1.16897
1.16916
1.16938
1.1695
1.16969
1.16979
1.16993
1.17004
1.17015
1.17028
1.17037
1.17049
1.17067
1.17059
1.17081
1.17073
1.17094
1.17086
1.17107
1.17099
1.17121
1.17113
1.17127
1.17151
1.17133
1.1714
1.17172
1.1716
1.17199
1.17185
1.17174
1.17139
1.17037
1.16975
1.16929
1.16901
1.16892
1.16888
1.16843
1.16806
1.16794
1.16784
1.16776
1.16774
1.16778
1.16788
1.16802
1.16825
1.16844
1.16862
1.16886
1.16903
1.16922
1.1694
1.16954
1.16969
1.16979
1.16993
1.17002
1.17012
1.17026
1.17034
1.1705
1.17043
1.17064
1.17056
1.17077
1.17068
1.17091
1.17082
1.17104
1.17095
1.17118
1.17109
1.17124
1.17148
1.1713
1.17136
1.1717
1.17157
1.17199
1.17183
1.17172
1.17133
1.17032
1.16975
1.16921
1.16882
1.16873
1.16867
1.16828
1.16799
1.16782
1.16769
1.16765
1.16765
1.16768
1.16778
1.16792
1.16809
1.16832
1.16849
1.1687
1.16889
1.16906
1.16925
1.16942
1.16956
1.16969
1.16979
1.16992
1.17
1.17008
1.17024
1.17032
1.17022
1.17045
1.17034
1.17058
1.17045
1.17072
1.17059
1.17086
1.17074
1.171
1.17089
1.17114
1.17104
1.17119
1.17144
1.17125
1.17131
1.17168
1.17153
1.17198
1.17181
1.1717
1.17124
1.17023
1.16974
1.16916
1.16868
1.16845
1.16836
1.16811
1.16787
1.16771
1.1676
1.16757
1.16755
1.16759
1.16768
1.1678
1.16797
1.16818
1.16839
1.16856
1.16874
1.16893
1.16907
1.16926
1.16943
1.16956
1.16967
1.16979
1.16991
1.16996
1.17
1.17009
1.16992
1.17017
1.16993
1.17027
1.16998
1.1704
1.17008
1.17055
1.17025
1.17073
1.17045
1.17091
1.17068
1.17108
1.17091
1.17112
1.17139
1.17117
1.17124
1.17165
1.17149
1.17197
1.17179
1.17168
1.17114
1.17013
1.1697
1.16909
1.16858
1.16831
1.16816
1.16799
1.16771
1.16759
1.1675
1.16744
1.16744
1.16749
1.16756
1.16769
1.16785
1.16805
1.16823
1.16841
1.16862
1.16879
1.16895
1.16908
1.16927
1.16943
1.16956
1.16967
1.16978
1.16984
1.16971
1.16958
1.1697
1.16959
1.169
1.16952
1.16873
1.16952
1.16855
1.16967
1.16858
1.16991
1.16885
1.17024
1.16928
1.17059
1.16988
1.17092
1.17046
1.17092
1.17132
1.17096
1.17103
1.17162
1.17143
1.17197
1.17178
1.17166
1.17103
1.17003
1.16963
1.16901
1.16851
1.1682
1.16797
1.16784
1.1676
1.16745
1.16737
1.16733
1.16734
1.16739
1.16747
1.16757
1.16773
1.16793
1.16811
1.1683
1.16849
1.16865
1.16881
1.16896
1.16909
1.16929
1.16943
1.16954
1.16965
1.16968
1.16915
1.16696
1.16827
1.16661
1.16765
1.16606
1.16709
1.16511
1.16677
1.16436
1.16686
1.16403
1.16738
1.16425
1.16829
1.16516
1.16935
1.16691
1.1703
1.16869
1.17019
1.17115
1.17018
1.17031
1.17157
1.1713
1.17196
1.17175
1.17164
1.17093
1.16996
1.16954
1.16895
1.16845
1.16811
1.16786
1.16771
1.16746
1.16733
1.16727
1.16724
1.16725
1.16728
1.16737
1.16747
1.16762
1.1678
1.16799
1.16817
1.16833
1.16852
1.16867
1.16883
1.16899
1.16911
1.16929
1.16942
1.16954
1.16952
1.16869
1.16455
1.16003
1.1577
1.16418
1.16201
1.16273
1.16002
1.16148
1.15836
1.16061
1.15699
1.16035
1.15616
1.1608
1.15601
1.1623
1.15684
1.16509
1.1591
1.16803
1.16318
1.16758
1.17058
1.16749
1.1679
1.17149
1.17094
1.17196
1.17171
1.17162
1.17084
1.16989
1.16947
1.16889
1.16841
1.16805
1.16779
1.16755
1.16738
1.16723
1.16717
1.16713
1.16715
1.1672
1.16726
1.16737
1.16752
1.16769
1.16787
1.16804
1.16822
1.16837
1.16854
1.16869
1.16885
1.16901
1.16916
1.16933
1.16941
1.16938
1.16812
1.16283
1.15588
1.15399
1.15216
1.14994
1.15724
1.1546
1.15521
1.1521
1.15343
1.15004
1.15205
1.14823
1.15129
1.1469
1.15135
1.14627
1.15272
1.1467
1.15593
1.14877
1.16158
1.15323
1.16067
1.16878
1.1607
1.16195
1.1713
1.16984
1.17195
1.17164
1.17156
1.17069
1.16983
1.1694
1.16883
1.16837
1.168
1.16772
1.16748
1.1673
1.16713
1.16707
1.16704
1.16705
1.1671
1.16717
1.16727
1.16741
1.16757
1.16775
1.16792
1.16808
1.16825
1.16841
1.16856
1.16871
1.16886
1.16902
1.16915
1.16929
1.16924
1.16767
1.16077
1.1524
1.15176
1.14812
1.14646
1.1446
1.14283
1.14924
1.14674
1.14692
1.14409
1.14481
1.1418
1.14299
1.13964
1.14174
1.13785
1.14133
1.13674
1.1423
1.13672
1.14534
1.13842
1.1513
1.14269
1.15034
1.16428
1.15058
1.15246
1.17078
1.16696
1.17193
1.17147
1.17144
1.17053
1.16981
1.16933
1.16877
1.16833
1.16797
1.16768
1.16743
1.16721
1.16704
1.16698
1.16694
1.16695
1.167
1.16708
1.16717
1.16729
1.16746
1.16763
1.1678
1.16795
1.16811
1.16827
1.16843
1.16858
1.16873
1.16887
1.16903
1.16915
1.16909
1.16731
1.15942
1.14685
1.14553
1.14425
1.14155
1.14115
1.13848
1.13793
1.14173
1.13988
1.13924
1.13717
1.13686
1.13464
1.13464
1.1321
1.13291
1.12982
1.13202
1.1282
1.13256
1.12772
1.13525
1.12901
1.14093
1.13286
1.14024
1.15625
1.14087
1.14317
1.16946
1.16166
1.17191
1.17114
1.17043
1.16977
1.16927
1.16873
1.16831
1.16795
1.16764
1.16738
1.16713
1.16698
1.16689
1.16685
1.16687
1.1669
1.16698
1.16708
1.1672
1.16735
1.16752
1.16769
1.16783
1.16797
1.16814
1.1683
1.16845
1.1686
1.16874
1.16888
1.16899
1.16889
1.16691
1.15852
1.14675
1.14251
1.1433
1.14134
1.14179
1.13823
1.13913
1.13494
1.13576
1.13575
1.13491
1.13298
1.13189
1.13019
1.12888
1.12744
1.12575
1.12517
1.12285
1.12379
1.1207
1.1239
1.11979
1.12615
1.12069
1.13138
1.12408
1.13098
1.14741
1.13192
1.1345
1.16697
1.15443
1.17189
1.17053
1.16962
1.16921
1.16869
1.16828
1.16793
1.16762
1.16734
1.16708
1.16692
1.16682
1.16678
1.16678
1.16682
1.16688
1.16698
1.1671
1.16724
1.1674
1.16757
1.16772
1.16785
1.16801
1.16817
1.16832
1.16846
1.1686
1.16873
1.16881
1.16859
1.16644
1.15812
1.14706
1.14384
1.14442
1.14276
1.14392
1.14028
1.14152
1.13733
1.1392
1.13331
1.13545
1.13165
1.13199
1.12818
1.12819
1.1247
1.12428
1.12121
1.12026
1.11833
1.11662
1.11652
1.11398
1.11629
1.11277
1.11819
1.11343
1.12289
1.11646
1.12279
1.13933
1.12394
1.12604
1.1318
1.16333
1.14709
1.17186
1.16961
1.16913
1.16864
1.16826
1.16793
1.16761
1.16732
1.16704
1.16686
1.16675
1.1667
1.16669
1.16673
1.16679
1.16688
1.167
1.16714
1.16729
1.16745
1.16761
1.16775
1.16788
1.16804
1.16819
1.16833
1.16847
1.16859
1.16862
1.16819
1.16582
1.15789
1.14726
1.14517
1.14482
1.1457
1.14578
1.14743
1.14143
1.14371
1.13826
1.14153
1.13307
1.13658
1.12875
1.13037
1.1244
1.12509
1.11999
1.12014
1.11554
1.11518
1.11207
1.11073
1.10994
1.10771
1.10957
1.10638
1.11133
1.10703
1.1156
1.11022
1.11288
1.11947
1.11572
1.1281
1.13737
1.13051
1.12132
1.11686
1.11624
1.12266
1.15892
1.1339
1.13808
1.14634
1.17188
1.16936
1.1686
1.16825
1.16793
1.16761
1.16731
1.16701
1.16681
1.16669
1.16662
1.16661
1.16664
1.1667
1.16679
1.1669
1.16703
1.16718
1.16734
1.16749
1.16764
1.16776
1.16791
1.16807
1.16821
1.16834
1.16844
1.16839
1.16767
1.16504
1.15758
1.14728
1.14516
1.14956
1.14941
1.14858
1.14926
1.15067
1.15253
1.14493
1.14808
1.14072
1.14516
1.13335
1.13787
1.12681
1.12964
1.12081
1.12244
1.1153
1.11581
1.10994
1.10987
1.10604
1.1048
1.10375
1.10171
1.10573
1.104
1.10257
1.1011
1.10796
1.1056
1.10281
1.10151
1.1036
1.10989
1.11262
1.10955
1.10731
1.11273
1.12464
1.12724
1.11801
1.11396
1.11319
1.1195
1.14351
1.16013
1.15067
1.13064
1.13502
1.17193
1.15919
1.16688
1.17067
1.16823
1.16793
1.16761
1.1673
1.167
1.16677
1.16663
1.16655
1.16653
1.16656
1.16662
1.1667
1.1668
1.16693
1.16707
1.16722
1.16738
1.16753
1.16766
1.16779
1.16794
1.16808
1.16821
1.16828
1.16808
1.167
1.16397
1.15707
1.14719
1.14493
1.15089
1.15421
1.15435
1.15366
1.15415
1.15608
1.15797
1.14943
1.15317
1.14286
1.14786
1.13318
1.13822
1.12511
1.12872
1.11708
1.11932
1.11012
1.11084
1.10409
1.10403
1.10038
1.09993
1.10004
1.09903
1.09855
1.09835
1.10112
1.09969
1.09852
1.10494
1.10269
1.09984
1.09878
1.10062
1.10691
1.10963
1.10675
1.10438
1.10987
1.12153
1.12418
1.11509
1.11041
1.11121
1.11662
1.1408
1.14828
1.1276
1.13203
1.17058
1.17206
1.17187
1.15745
1.16584
1.16793
1.16762
1.16731
1.16699
1.16675
1.16659
1.16649
1.16646
1.16648
1.16653
1.16661
1.16671
1.16683
1.16696
1.16711
1.16726
1.16741
1.16756
1.16768
1.16782
1.16796
1.16807
1.16809
1.16766
1.16607
1.16265
1.1562
1.14691
1.14435
1.1494
1.15766
1.15642
1.15897
1.15844
1.15893
1.15914
1.16
1.16241
1.15249
1.15659
1.14351
1.14862
1.13116
1.1363
1.12243
1.12642
1.11238
1.11472
1.10435
1.10509
1.10005
1.10036
1.09846
1.09876
1.09906
1.09947
1.09778
1.09758
1.09777
1.09811
1.0984
1.09734
1.09694
1.102
1.0998
1.09733
1.09645
1.09789
1.10404
1.10682
1.10392
1.10149
1.10713
1.11861
1.12118
1.11232
1.10769
1.10847
1.11378
1.13784
1.14542
1.12446
1.12871
1.17034
1.17207
1.1719
1.15496
1.16425
1.16764
1.16733
1.167
1.16673
1.16654
1.16643
1.16639
1.1664
1.16645
1.16652
1.16662
1.16673
1.16686
1.167
1.16715
1.1673
1.16744
1.16758
1.16771
1.16784
1.16794
1.16786
1.16706
1.16481
1.16102
1.15504
1.14635
1.14358
1.14783
1.15702
1.1616
1.16098
1.16327
1.16249
1.16354
1.16364
1.16129
1.16427
1.15332
1.15757
1.14144
1.14633
1.12603
1.13056
1.11783
1.12167
1.10651
1.10856
1.10098
1.10145
1.09986
1.10026
1.10057
1.10082
1.0987
1.09947
1.10036
1.10122
1.09709
1.09757
1.09844
1.09974
1.09648
1.09638
1.09682
1.09915
1.09716
1.09583
1.0953
1.09572
1.10118
1.10402
1.10107
1.09867
1.10435
1.11565
1.11803
1.10953
1.10489
1.10569
1.11091
1.13436
1.14197
1.12109
1.12509
1.17018
1.17208
1.17186
1.15153
1.16251
1.16735
1.16702
1.16672
1.16651
1.16638
1.16632
1.16632
1.16637
1.16644
1.16653
1.16663
1.16675
1.16689
1.16704
1.16718
1.16733
1.16747
1.16759
1.16773
1.16781
1.16759
1.16625
1.1632
1.15913
1.15356
1.14556
1.14269
1.1463
1.15504
1.16368
1.16255
1.16533
1.16452
1.16666
1.1661
1.1661
1.16676
1.16084
1.16454
1.15115
1.15611
1.13497
1.13938
1.11804
1.12169
1.11125
1.11448
1.10206
1.10312
1.10158
1.10146
1.10192
1.10244
1.10278
1.10297
1.10124
1.1027
1.10401
1.10505
1.09784
1.09953
1.10165
1.10387
1.09604
1.09685
1.09864
1.09658
1.09515
1.09577
1.09546
1.09486
1.09838
1.10117
1.09827
1.09614
1.10152
1.11266
1.11488
1.10676
1.1021
1.10296
1.10812
1.13049
1.13782
1.1177
1.12137
1.16961
1.17205
1.17142
1.14729
1.15961
1.16704
1.16673
1.16649
1.16633
1.16626
1.16626
1.16629
1.16636
1.16644
1.16654
1.16665
1.16678
1.16692
1.16707
1.16722
1.16736
1.16749
1.16762
1.16768
1.16725
1.16519
1.1613
1.15704
1.15182
1.14448
1.14171
1.14485
1.15319
1.16325
1.16708
1.16668
1.16788
1.16751
1.16825
1.16816
1.16684
1.16797
1.15741
1.16325
1.14446
1.15065
1.12537
1.12952
1.10958
1.11244
1.10476
1.10698
1.10132
1.10145
1.10597
1.10549
1.10434
1.10496
1.10577
1.10618
1.10632
1.10624
1.10595
1.10772
1.1091
1.11005
1.10116
1.10404
1.10697
1.10965
1.0971
1.09964
1.1029
1.09469
1.09448
1.09733
1.09765
1.09525
1.09586
1.09839
1.09576
1.09432
1.09877
1.10982
1.1119
1.10408
1.0994
1.10032
1.10548
1.12634
1.13302
1.11446
1.11774
1.16755
1.17081
1.169
1.14191
1.15332
1.16675
1.16648
1.16629
1.16621
1.16619
1.16623
1.16629
1.16636
1.16646
1.16656
1.16668
1.16682
1.16696
1.1671
1.16725
1.16739
1.16752
1.16755
1.16689
1.16399
1.15925
1.15479
1.14982
1.14316
1.14063
1.14352
1.15155
1.16172
1.16817
1.16771
1.16858
1.16843
1.16885
1.16873
1.1688
1.1689
1.16678
1.16826
1.15147
1.16005
1.13503
1.14251
1.11568
1.11987
1.10449
1.10666
1.10198
1.10298
1.10379
1.10317
1.10319
1.10943
1.10862
1.10684
1.10774
1.11057
1.1107
1.11054
1.11009
1.11191
1.11368
1.11491
1.1156
1.10656
1.11015
1.1134
1.11618
1.10061
1.10459
1.10888
1.0941
1.09496
1.10139
1.10181
1.09767
1.09404
1.09587
1.09386
1.09372
1.09623
1.10715
1.10913
1.10151
1.09685
1.09779
1.10295
1.12206
1.12766
1.11146
1.11431
1.16127
1.15691
1.15757
1.13449
1.14139
1.16648
1.16626
1.16616
1.16614
1.16616
1.16622
1.16629
1.16637
1.16646
1.16657
1.1667
1.16683
1.16698
1.16713
1.16728
1.16741
1.16744
1.16657
1.16286
1.15724
1.15246
1.14763
1.14162
1.13948
1.14231
1.15014
1.16036
1.16767
1.16894
1.16884
1.16908
1.16902
1.16917
1.16913
1.16894
1.16914
1.16578
1.16822
1.14504
1.15609
1.12589
1.13437
1.10975
1.11436
1.10396
1.10592
1.10273
1.103
1.10599
1.10517
1.10729
1.1066
1.11334
1.11226
1.11004
1.11114
1.11578
1.11565
1.11515
1.11433
1.1184
1.11998
1.12086
1.12112
1.11304
1.11684
1.12014
1.12281
1.1059
1.11071
1.11537
1.09457
1.09744
1.10672
1.10696
1.10181
1.09338
1.09382
1.09309
1.09409
1.094
1.10463
1.10654
1.09901
1.0945
1.09537
1.1005
1.11782
1.12192
1.1087
1.11114
1.14415
1.14036
1.1319
1.12581
1.12772
1.16625
1.16611
1.16608
1.1661
1.16615
1.16621
1.16627
1.16634
1.16643
1.16655
1.16668
1.16683
1.16699
1.16715
1.16731
1.16734
1.16631
1.16193
1.1554
1.15013
1.14532
1.13993
1.13828
1.1412
1.14896
1.15917
1.16686
1.16905
1.16891
1.16918
1.16913
1.16926
1.16922
1.16929
1.16928
1.169
1.16923
1.16416
1.16789
1.14243
1.15457
1.1212
1.1307
1.10908
1.11396
1.10867
1.11091
1.10619
1.10601
1.10753
1.10901
1.10809
1.11139
1.11069
1.11776
1.11659
1.11428
1.11542
1.12108
1.12065
1.11986
1.11886
1.12474
1.12583
1.12622
1.12628
1.11965
1.12343
1.12653
1.1288
1.11188
1.11691
1.1216
1.09694
1.1014
1.11234
1.1121
1.10666
1.09361
1.09278
1.09297
1.09605
1.0926
1.10221
1.10411
1.09656
1.0926
1.09308
1.09808
1.11385
1.11658
1.10614
1.10828
1.12588
1.15978
1.12697
1.1186
1.1184
1.16607
1.16601
1.16603
1.16607
1.1661
1.16611
1.16611
1.16615
1.16626
1.16643
1.16663
1.16682
1.16701
1.16719
1.16725
1.16616
1.16123
1.15381
1.14786
1.14293
1.13816
1.13703
1.1402
1.14798
1.15819
1.16626
1.16884
1.1692
1.16915
1.16928
1.16925
1.16935
1.16932
1.16937
1.16936
1.16905
1.16935
1.16354
1.16773
1.14272
1.15484
1.12112
1.13086
1.11436
1.11936
1.11696
1.11785
1.12265
1.11015
1.10969
1.11659
1.11648
1.11322
1.11224
1.11767
1.11711
1.12302
1.12203
1.12009
1.12105
1.12615
1.1256
1.12483
1.12396
1.13026
1.13091
1.13119
1.13128
1.12582
1.12935
1.13205
1.1339
1.11758
1.12255
1.12714
1.10052
1.10584
1.1174
1.11644
1.11125
1.09507
1.09244
1.09353
1.09915
1.09186
1.09985
1.10178
1.09417
1.09141
1.09129
1.0957
1.11047
1.1125
1.10378
1.10582
1.11692
1.16648
1.12887
1.11351
1.11287
1.16595
1.16595
1.16594
1.16588
1.16573
1.16548
1.16534
1.16545
1.16577
1.16615
1.16651
1.1668
1.16704
1.16717
1.1661
1.16081
1.15249
1.14574
1.14055
1.13636
1.13575
1.13927
1.14715
1.15736
1.16577
1.1686
1.1692
1.16913
1.16929
1.16925
1.16937
1.16933
1.16943
1.1694
1.16953
1.16949
1.16909
1.16947
1.16368
1.16778
1.14638
1.15714
1.12635
1.13553
1.12595
1.13042
1.12513
1.12513
1.13631
1.1368
1.11669
1.1165
1.12515
1.12524
1.11919
1.11836
1.12616
1.1258
1.1295
1.1289
1.12768
1.1283
1.13126
1.13098
1.13053
1.13004
1.13502
1.13565
1.1361
1.13646
1.13114
1.13437
1.13676
1.13839
1.12248
1.12728
1.13165
1.10439
1.10974
1.12138
1.1194
1.11473
1.09721
1.09236
1.09482
1.10227
1.0914
1.09752
1.09953
1.09191
1.09057
1.08997
1.09338
1.10781
1.10931
1.10165
1.10375
1.11392
1.15519
1.12411
1.10985
1.10958
1.16583
1.16578
1.16545
1.16481
1.16398
1.16335
1.16335
1.16392
1.16482
1.16573
1.16638
1.16681
1.16705
1.16608
1.16066
1.15151
1.14386
1.13827
1.1346
1.13446
1.13836
1.14637
1.15658
1.16532
1.16842
1.16908
1.16928
1.16923
1.16937
1.16933
1.16944
1.16941
1.16959
1.1695
1.16962
1.16963
1.16916
1.16951
1.16466
1.16804
1.15251
1.1607
1.13639
1.14394
1.13756
1.13897
1.14498
1.13559
1.13595
1.14363
1.14462
1.12549
1.12532
1.13538
1.13524
1.12711
1.12658
1.13536
1.13519
1.13661
1.13645
1.13605
1.13627
1.13666
1.13675
1.13677
1.13669
1.13947
1.14023
1.14085
1.14143
1.13543
1.13851
1.14082
1.14245
1.12611
1.13059
1.13467
1.10741
1.11188
1.12373
1.11984
1.11582
1.09942
1.09245
1.09579
1.10396
1.09103
1.09528
1.09748
1.09005
1.08973
1.08899
1.09128
1.10558
1.10682
1.09979
1.10195
1.11065
1.12042
1.11029
1.10732
1.10717
1.16548
1.16494
1.16363
1.16212
1.1611
1.16084
1.1614
1.16253
1.16394
1.16535
1.16636
1.16683
1.16606
1.16069
1.15088
1.14229
1.13617
1.13292
1.13318
1.13748
1.14559
1.15576
1.16486
1.16825
1.16899
1.16924
1.16934
1.1693
1.16943
1.1694
1.16958
1.16949
1.16967
1.16964
1.16964
1.16968
1.16928
1.16956
1.16607
1.16844
1.15946
1.16445
1.14913
1.15408
1.14549
1.1459
1.15466
1.15241
1.14134
1.14249
1.14493
1.14691
1.1351
1.13512
1.14033
1.13959
1.13579
1.13554
1.13951
1.13922
1.1423
1.14194
1.14105
1.14154
1.14193
1.14229
1.14246
1.14245
1.14361
1.14447
1.14512
1.14555
1.13825
1.14135
1.14377
1.14554
1.12784
1.13193
1.13585
1.10797
1.11177
1.12376
1.11924
1.11549
1.09991
1.09228
1.09596
1.10401
1.09035
1.09337
1.09573
1.08889
1.08909
1.08842
1.08972
1.10373
1.10496
1.09818
1.10043
1.10669
1.11704
1.10615
1.1055
1.10533
1.16413
1.16247
1.16034
1.15896
1.15852
1.15904
1.1603
1.16195
1.1637
1.1653
1.16643
1.16601
1.16093
1.15061
1.14106
1.13432
1.13135
1.13194
1.13662
1.1448
1.15488
1.16433
1.16807
1.16889
1.16916
1.16937
1.16934
1.16932
1.1694
1.16954
1.16946
1.16965
1.1696
1.1697
1.16968
1.16969
1.1697
1.16943
1.16963
1.16751
1.16889
1.16473
1.16728
1.15817
1.16158
1.14882
1.15065
1.15592
1.15341
1.14105
1.14292
1.14024
1.14394
1.13913
1.13921
1.13947
1.13835
1.14053
1.14002
1.13887
1.1382
1.14404
1.14325
1.14157
1.14248
1.14565
1.14556
1.14515
1.14461
1.14666
1.14717
1.14725
1.14712
1.13942
1.14253
1.14494
1.14659
1.12766
1.13152
1.13518
1.10764
1.11109
1.12282
1.11751
1.11439
1.10001
1.09241
1.09618
1.10381
1.08998
1.09172
1.09424
1.08829
1.0889
1.08823
1.08885
1.10227
1.10354
1.09681
1.09917
1.1046
1.13986
1.10733
1.10413
1.10408
1.16105
1.15884
1.15708
1.15652
1.15702
1.15835
1.16012
1.16211
1.16407
1.16564
1.16583
1.16101
1.15061
1.14012
1.13278
1.12996
1.13077
1.13579
1.14402
1.15394
1.16371
1.16786
1.1688
1.16907
1.16928
1.16942
1.16943
1.16937
1.16946
1.16958
1.16953
1.16967
1.16963
1.16974
1.16971
1.16976
1.16976
1.16962
1.16973
1.16873
1.16935
1.16613
1.16817
1.15737
1.16027
1.16302
1.14748
1.15065
1.15398
1.14983
1.13339
1.13662
1.12948
1.13461
1.13791
1.13788
1.13081
1.12922
1.14065
1.13976
1.1316
1.13017
1.14203
1.14044
1.13692
1.1387
1.14657
1.14578
1.14475
1.14352
1.14725
1.14725
1.14658
1.14536
1.13841
1.1411
1.14302
1.14399
1.12625
1.12933
1.13186
1.10733
1.11062
1.12032
1.11644
1.11373
1.10032
1.09279
1.09703
1.10418
1.09017
1.09041
1.09295
1.08813
1.08897
1.08864
1.08851
1.1011
1.10245
1.09563
1.09808
1.10365
1.14633
1.1096
1.10307
1.10318
1.1572
1.15555
1.15495
1.15538
1.15661
1.15841
1.16065
1.16289
1.16472
1.16535
1.16093
1.15061
1.13949
1.13163
1.1288
1.12973
1.135
1.14326
1.15303
1.16299
1.16762
1.16871
1.16899
1.16919
1.16938
1.1695
1.16952
1.16946
1.16954
1.16962
1.16957
1.16972
1.16967
1.1698
1.16976
1.16986
1.16984
1.16983
1.16986
1.16925
1.16969
1.16476
1.16806
1.15299
1.15764
1.16164
1.15701
1.1399
1.14506
1.14754
1.14154
1.12073
1.1247
1.11765
1.12326
1.1293
1.12907
1.11778
1.11635
1.13506
1.13326
1.11921
1.11748
1.1343
1.13169
1.12634
1.129
1.1437
1.14157
1.13931
1.13689
1.14393
1.14278
1.14082
1.13828
1.13371
1.13496
1.13547
1.13529
1.1227
1.12386
1.1241
1.10796
1.11139
1.11813
1.11649
1.1139
1.10168
1.0941
1.09975
1.10627
1.0914
1.0896
1.09175
1.08831
1.09026
1.08985
1.08863
1.10016
1.10154
1.09446
1.09717
1.10339
1.13443
1.10883
1.10222
1.10231
1.15429
1.15383
1.15411
1.15509
1.15671
1.15893
1.16134
1.16349
1.16443
1.16059
1.15048
1.13904
1.13085
1.12795
1.12891
1.13433
1.14254
1.15218
1.16216
1.16735
1.16861
1.16891
1.1691
1.16929
1.16949
1.16952
1.16944
1.16957
1.16957
1.16961
1.16969
1.16965
1.16978
1.16973
1.16988
1.16983
1.16997
1.16993
1.16996
1.17
1.16936
1.16981
1.15743
1.15786
1.16301
1.16646
1.14548
1.15162
1.1513
1.12917
1.13533
1.13891
1.1324
1.10846
1.11254
1.10904
1.11466
1.11645
1.11618
1.10552
1.10373
1.12374
1.12134
1.10522
1.10374
1.12166
1.11841
1.11236
1.11532
1.1351
1.13185
1.12839
1.12508
1.13388
1.13175
1.1284
1.12488
1.12401
1.12359
1.12232
1.12073
1.11861
1.11891
1.11851
1.10948
1.11259
1.11713
1.11554
1.11376
1.1051
1.09685
1.10376
1.10803
1.09299
1.08942
1.09092
1.08901
1.09221
1.09103
1.08901
1.09926
1.10077
1.09353
1.09624
1.10333
1.1596
1.11364
1.10155
1.10179
1.15311
1.15326
1.15388
1.15507
1.15692
1.15926
1.16157
1.16269
1.15966
1.15008
1.13861
1.1304
1.1275
1.12844
1.13389
1.14196
1.15141
1.16133
1.16705
1.16851
1.16883
1.16901
1.16919
1.16936
1.16956
1.16954
1.1695
1.16962
1.16961
1.16968
1.16977
1.16972
1.16985
1.16981
1.16996
1.16991
1.17005
1.17001
1.17001
1.17006
1.16912
1.16984
1.15203
1.15437
1.16022
1.16388
1.13839
1.14476
1.14585
1.12032
1.12622
1.13269
1.1275
1.09935
1.10375
1.1044
1.1108
1.1031
1.10299
1.09569
1.09321
1.10967
1.1072
1.09214
1.09147
1.1064
1.10317
1.09785
1.10046
1.12123
1.11747
1.11343
1.1099
1.11784
1.1148
1.11081
1.10705
1.11777
1.1167
1.11408
1.1126
1.11808
1.11856
1.12247
1.10969
1.11191
1.12458
1.12439
1.12426
1.10584
1.10062
1.10419
1.10744
1.09518
1.08975
1.09106
1.09027
1.09313
1.09197
1.09003
1.09861
1.10016
1.09324
1.09576
1.10385
1.1698
1.1282
1.10101
1.10154
1.15285
1.15316
1.15379
1.15497
1.15668
1.15861
1.15966
1.15751
1.14911
1.13803
1.13031
1.12744
1.12837
1.13375
1.14161
1.15081
1.16061
1.16676
1.16841
1.16875
1.16892
1.1691
1.16927
1.16946
1.16959
1.16958
1.16953
1.16966
1.16965
1.16971
1.16982
1.16976
1.16992
1.16987
1.17002
1.16997
1.17009
1.17006
1.17006
1.17009
1.16846
1.16979
1.14865
1.15242
1.15752
1.15661
1.16023
1.16483
1.13545
1.14031
1.14362
1.11685
1.12236
1.13101
1.12666
1.09278
1.09827
1.10211
1.10985
1.09126
1.09157
1.08811
1.08484
1.09566
1.09362
1.0813
1.08104
1.09089
1.08819
1.0848
1.0865
1.10378
1.10086
1.09711
1.09372
1.11022
1.1065
1.10301
1.09916
1.11996
1.11897
1.11769
1.1158
1.12404
1.12256
1.13113
1.12301
1.12351
1.13446
1.13499
1.13513
1.12073
1.10152
1.11969
1.12096
1.09634
1.09056
1.09222
1.09192
1.09419
1.09364
1.09215
1.09809
1.09973
1.09335
1.09557
1.10537
1.17031
1.14436
1.10059
1.10157
1.15306
1.15322
1.15352
1.15421
1.15515
1.15559
1.15359
1.14709
1.13711
1.13047
1.12761
1.12853
1.13384
1.14156
1.15048
1.1601
1.16651
1.16832
1.16867
1.16884
1.169
1.16917
1.16933
1.16952
1.16956
1.16964
1.16962
1.1697
1.16969
1.16975
1.16986
1.1698
1.16996
1.16991
1.17006
1.17002
1.17012
1.17009
1.17011
1.17016
1.16795
1.16971
1.1477
1.15215
1.15662
1.16125
1.16456
1.13523
1.1392
1.14345
1.11653
1.12202
1.1317
1.12823
1.08779
1.09458
1.10082
1.1101
1.0812
1.08241
1.08217
1.07814
1.0834
1.08214
1.07275
1.07266
1.08165
1.07867
1.07531
1.07637
1.09545
1.09136
1.08851
1.08432
1.11379
1.11022
1.10812
1.10535
1.12985
1.12824
1.12689
1.12531
1.13407
1.13083
1.14644
1.13505
1.13531
1.14835
1.14893
1.14916
1.13411
1.1183
1.13343
1.1343
1.11623
1.09307
1.09262
1.09416
1.11434
1.11325
1.09478
1.09785
1.09948
1.09443
1.09582
1.10758
0.917913
1.13475
1.1003
1.10179
1.15342
1.15306
1.15266
1.15238
1.15173
1.14963
1.14396
1.13702
1.13121
1.12836
1.12921
1.13436
1.14176
1.15045
1.15988
1.16635
1.16824
1.1686
1.16875
1.16891
1.16906
1.16922
1.16939
1.16957
1.16959
1.16962
1.16967
1.16965
1.16974
1.16973
1.1698
1.16989
1.16985
1.17
1.16995
1.17009
1.17005
1.1702
1.17013
1.17015
1.17023
1.16699
1.16887
1.16973
1.14812
1.153
1.15792
1.16216
1.16474
1.13719
1.13992
1.14492
1.11813
1.12402
1.13489
1.13239
1.08377
1.09181
1.09999
1.11089
1.07344
1.07512
1.07741
1.07277
1.07414
1.07352
1.06874
1.0681
1.0796
1.07661
1.07195
1.07375
1.10349
1.09058
1.08704
1.08355
1.12386
1.12109
1.12007
1.11846
1.14561
1.14451
1.14366
1.14264
1.14788
1.14688
1.16217
1.14946
1.1495
1.16279
1.16305
1.16313
1.14928
1.13294
1.14905
1.14928
1.13191
1.09272
1.09472
1.11245
1.13089
1.13034
1.11211
1.09787
1.09938
1.09479
1.09689
1.10611
0.513672
1.08383
1.10025
1.10165
1.15352
1.15238
1.15113
1.14947
1.14668
1.14233
1.13738
1.133
1.13019
1.13095
1.13571
1.14255
1.15075
1.15994
1.1663
1.16819
1.16852
1.16867
1.16881
1.16897
1.1691
1.16927
1.16943
1.16961
1.16965
1.16967
1.16968
1.1697
1.16978
1.16976
1.16983
1.16993
1.16988
1.17004
1.16998
1.17015
1.17008
1.17027
1.17022
1.17019
1.17027
1.16762
1.16885
1.16985
1.15
1.15506
1.1597
1.16368
1.16569
1.14111
1.14264
1.14789
1.12079
1.12817
1.1398
1.13768
1.08034
1.08944
1.09914
1.11188
1.06827
1.06957
1.07349
1.06879
1.07014
1.06954
1.06753
1.06669
1.09586
1.07759
1.07159
1.07399
1.11774
1.09875
1.0995
1.09778
1.14173
1.14072
1.14003
1.13959
1.16175
1.16147
1.16115
1.1608
1.16263
1.16228
1.1633
1.1633
1.16328
1.14889
1.16325
1.1633
1.14851
1.09655
1.11276
1.09459
1.12956
1.14809
1.14783
1.12917
1.09818
1.09942
1.09698
1.09774
1.10455
0.441109
1.00546
1.10024
1.10139
1.15338
1.15115
1.14912
1.14629
1.14266
1.13867
1.13526
1.13275
1.13358
1.13782
1.1441
1.15167
1.16041
1.16638
1.16815
1.16847
1.16859
1.16872
1.16886
1.16903
1.16915
1.16931
1.16947
1.16963
1.16969
1.16971
1.16971
1.16973
1.16974
1.16981
1.16979
1.16986
1.16997
1.16992
1.17008
1.17003
1.17021
1.17015
1.1703
1.17026
1.17028
1.17032
1.16794
1.16906
1.17019
1.16927
1.16991
1.15296
1.15772
1.16192
1.16526
1.1666
1.14608
1.14669
1.15174
1.12359
1.13252
1.14521
1.14286
1.0772
1.08706
1.0977
1.11233
1.06622
1.06675
1.0703
1.06681
1.06936
1.06854
1.06723
1.06674
1.11512
1.09384
1.07349
1.09426
1.1392
1.11567
1.11641
1.11595
1.1605
1.16021
1.16
1.15987
1.16322
1.16312
1.11233
1.12916
1.09845
1.11284
1.14744
1.16301
1.16293
1.14719
1.09854
1.09959
1.09823
1.09824
1.09861
0.371357
0.797477
1.10027
1.10116
1.15325
1.15001
1.1474
1.14417
1.14113
1.13808
1.13616
1.137
1.14069
1.14628
1.15325
1.16134
1.16662
1.16812
1.1684
1.16853
1.16864
1.16876
1.1689
1.16906
1.16919
1.16934
1.16948
1.16965
1.16973
1.16974
1.16975
1.16977
1.16977
1.16979
1.16985
1.16983
1.16991
1.17002
1.16996
1.17012
1.17007
1.17023
1.17017
1.17036
1.17029
1.1704
1.1702
1.17041
1.16853
1.1696
1.17011
1.15646
1.16064
1.16415
1.1668
1.16765
1.15121
1.15138
1.156
1.12605
1.13659
1.1503
1.14749
1.07415
1.08427
1.09513
1.11177
1.06568
1.06571
1.06828
1.06598
1.07063
1.06895
1.06788
1.06769
1.13851
1.11501
1.09288
1.11494
1.15972
1.13852
1.13889
1.13892
1.12881
1.1471
1.11263
1.12904
1.16281
1.16273
1.09935
1.09992
1.09808
1.11408
1.0997
1.07396
0.35446
0.578243
1.10036
1.09942
1.15388
1.14971
1.14755
1.14446
1.14194
1.14045
1.14121
1.14429
1.14913
1.15548
1.16259
1.16694
1.16811
1.16834
1.16845
1.16856
1.16867
1.16879
1.16894
1.16909
1.16921
1.16936
1.1695
1.16966
1.16975
1.16977
1.16979
1.16981
1.16981
1.16983
1.16985
1.16988
1.16994
1.17006
1.17
1.17017
1.17012
1.17028
1.17021
1.17043
1.17035
1.17049
1.17041
1.17033
1.17048
1.16911
1.1699
1.17025
1.16009
1.1635
1.16622
1.16815
1.16858
1.15587
1.15611
1.16013
1.12712
1.13979
1.15465
1.15046
1.07147
1.08079
1.09092
1.10947
1.06577
1.06552
1.06697
1.06573
1.09288
1.07174
1.09173
1.06856
1.15963
1.13868
1.11482
1.13858
1.15963
1.1597
1.15971
1.14688
1.16267
1.1283
1.14683
1.10005
1.10014
1.10259
1.11438
1.12978
1.10186
1.00112
0.345679
0.473239
1.10035
1.09226
1.15545
1.15105
1.14916
1.14673
1.14552
1.14604
1.14853
1.15267
1.15832
1.16407
1.16727
1.16811
1.16829
1.16838
1.16848
1.16858
1.1687
1.16883
1.16896
1.16912
1.16923
1.16939
1.16951
1.16966
1.16977
1.16977
1.16982
1.16984
1.16985
1.16987
1.16987
1.1699
1.16991
1.16997
1.17009
1.17003
1.17022
1.17015
1.17034
1.17028
1.17047
1.17041
1.17046
1.17049
1.17052
1.17052
1.17037
1.17051
1.1696
1.17013
1.16346
1.16604
1.16781
1.16892
1.16934
1.15952
1.1602
1.16336
1.12724
1.14092
1.15709
1.15128
1.06899
1.07684
1.08505
1.10446
1.06658
1.06576
1.06635
1.066
1.11452
1.09188
1.0906
1.11392
1.15972
1.13863
1.15966
1.1626
1.14631
1.16256
1.10058
1.10044
1.11437
1.12973
1.14695
1.10222
1.11586
0.894217
0.33959
0.406845
1.09995
1.07517
1.15755
1.1536
1.15218
1.15098
1.15134
1.15328
1.15683
1.16142
1.16553
1.16756
1.16809
1.16822
1.16832
1.1684
1.1685
1.16859
1.16871
1.16886
1.16898
1.16913
1.16924
1.1694
1.16951
1.16965
1.16977
1.16977
1.16985
1.16986
1.16988
1.1699
1.16992
1.16994
1.16993
1.16996
1.16999
1.17012
1.17005
1.17025
1.17018
1.17038
1.17032
1.17049
1.17044
1.17042
1.17043
1.1705
1.17053
1.17053
1.17027
1.17054
1.16996
1.16539
1.16698
1.16813
1.169
1.16962
1.16067
1.1625
1.16435
1.12505
1.14077
1.15739
1.15002
1.06721
1.0725
1.07802
1.0965
1.06771
1.0664
1.0661
1.06647
1.13848
1.11411
1.08964
1.11335
1.13819
1.15971
1.16244
1.1016
1.10052
1.12953
1.14699
1.16248
1.10415
1.11669
1.13021
0.779371
0.335863
0.378482
1.09873
1.04217
1.15988
1.15707
1.15653
1.15671
1.15829
1.16098
1.16415
1.16664
1.16775
1.16806
1.16816
1.16824
1.16833
1.16842
1.16851
1.1686
1.16873
1.16888
1.16899
1.16912
1.16924
1.1694
1.16951
1.16965
1.16977
1.16977
1.16986
1.16986
1.16991
1.16992
1.16995
1.16997
1.16998
1.17
1.17002
1.17015
1.17008
1.17028
1.17022
1.1704
1.17034
1.17053
1.17046
1.17029
1.17022
1.17039
1.17049
1.17055
1.17055
1.17004
1.17058
1.17057
1.16568
1.16684
1.1678
1.16846
1.16959
1.16013
1.16273
1.16385
1.11953
1.13821
1.15525
1.14565
1.0664
1.06859
1.0711
1.08611
1.0677
1.06646
1.06739
1.15965
1.13831
1.11269
1.08889
1.13785
1.15956
1.10177
1.1008
1.14681
1.16251
1.10406
1.11708
1.13058
1.1471
0.67421
0.33357
0.363334
1.09542
0.994522
1.16248
1.16111
1.1615
1.16256
1.16424
1.16602
1.16731
1.16784
1.16801
1.1681
1.16817
1.16825
1.16833
1.16843
1.16851
1.1686
1.16874
1.16888
1.169
1.16914
1.16924
1.1694
1.16953
1.16965
1.16977
1.16976
1.16986
1.16986
1.16992
1.16993
1.16998
1.16999
1.17002
1.17004
1.17004
1.17007
1.17018
1.17011
1.17031
1.17024
1.17043
1.17037
1.17056
1.1705
1.16997
1.16961
1.17002
1.1703
1.17047
1.17055
1.17061
1.17059
1.1706
1.16421
1.16482
1.16588
1.16699
1.16907
1.15644
1.16077
1.16042
1.10957
1.13169
1.14902
1.13758
1.06621
1.06648
1.06665
1.07543
1.06714
1.08795
1.15962
1.13758
1.1122
1.15949
1.10359
1.1009
1.16247
1.10772
1.11717
1.13073
1.14728
1.16252
0.586599
0.332223
0.354695
1.08857
0.934683
1.16488
1.16468
1.16531
1.16617
1.16703
1.16761
1.16786
1.16796
1.16802
1.16809
1.16816
1.16825
1.16833
1.16844
1.16851
1.16862
1.16874
1.16887
1.169
1.16914
1.16927
1.1694
1.16953
1.16965
1.16976
1.16976
1.16985
1.16985
1.16993
1.16994
1.17
1.17
1.17005
1.17006
1.17008
1.1701
1.17013
1.1702
1.17033
1.17027
1.17047
1.1704
1.17058
1.17052
1.16807
1.16901
1.16972
1.17017
1.17043
1.17055
1.17063
1.1706
1.17061
1.17055
1.16006
1.16073
1.1627
1.16473
1.14923
1.15527
1.15434
1.09616
1.12082
1.13907
1.12597
1.06657
1.0657
1.0648
1.06775
1.08708
1.11147
1.1594
1.1374
1.10423
1.10068
1.11632
1.13083
1.14727
1.16256
0.508028
0.331491
0.34994
1.07683
0.85129
1.16645
1.16664
1.16705
1.16744
1.16769
1.16784
1.1679
1.16796
1.16801
1.16808
1.16815
1.16824
1.16833
1.16844
1.16851
1.16863
1.16874
1.16887
1.169
1.16915
1.16928
1.1694
1.16953
1.16978
1.16964
1.16983
1.1698
1.16993
1.16992
1.17
1.17
1.17007
1.17007
1.17011
1.17013
1.17015
1.17017
1.17022
1.17035
1.17029
1.17049
1.17042
1.17061
1.17055
1.16665
1.16823
1.16935
1.17003
1.17039
1.17067
1.17063
1.17065
1.17055
1.17056
1.17037
1.15409
1.15551
1.15865
1.16201
1.13899
1.14733
1.14663
1.08151
1.10562
1.12674
1.11133
1.08642
1.06558
1.06423
1.06428
1.11062
1.13705
1.15936
1.1042
1.11806
1.09907
1.13069
1.14727
1.16257
0.461698
0.331138
0.347926
1.04879
0.777819
1.16714
1.16735
1.16753
1.16768
1.16777
1.16783
1.16788
1.16794
1.16799
1.16807
1.16814
1.16823
1.16832
1.16842
1.1685
1.16863
1.16876
1.16887
1.169
1.16914
1.16928
1.16938
1.16951
1.16977
1.1699
1.1699
1.16964
1.16992
1.16992
1.17
1.17
1.17007
1.17007
1.17013
1.17014
1.17018
1.17019
1.17024
1.17037
1.17031
1.1705
1.17044
1.17064
1.17057
1.16504
1.16741
1.16899
1.16991
1.17069
1.17067
1.17068
1.17057
1.1706
1.17036
1.17036
1.16984
1.14749
1.15024
1.15472
1.1594
1.12716
1.13787
1.13851
1.06953
1.08845
1.11343
1.09515
1.10999
1.08586
1.06543
1.06413
1.06318
1.13663
1.15921
1.10439
1.11746
1.13098
1.09622
1.14722
1.16257
0.430686
0.331224
0.349354
1.00972
0.724556
1.16734
1.16751
1.1676
1.16769
1.16773
1.16779
1.16784
1.1679
1.16796
1.16805
1.16812
1.16821
1.16829
1.1684
1.16851
1.16863
1.16878
1.16886
1.169
1.16914
1.16927
1.16937
1.16949
1.16976
1.16989
1.16988
1.16998
1.16997
1.16961
1.16999
1.16999
1.17007
1.17007
1.17014
1.17014
1.1702
1.17021
1.17025
1.17027
1.17039
1.17032
1.17052
1.17046
1.17065
1.17058
1.16354
1.16668
1.16871
1.17071
1.1707
1.17071
1.17063
1.17065
1.17038
1.17043
1.16982
1.16982
1.16858
1.14116
1.14557
1.15143
1.15728
1.11571
1.12814
1.13095
1.06425
1.07337
1.10027
1.08028
1.1364
1.10968
1.085
1.08582
1.0631
1.15914
1.10263
1.11857
1.13082
1.14727
1.08616
1.16258
0.419698
0.332255
0.354401
0.971788
0.680296
1.16736
1.16752
1.16755
1.16764
1.16768
1.16775
1.1678
1.16787
1.16794
1.16802
1.1681
1.16821
1.16829
1.16841
1.1685
1.1686
1.16877
1.16885
1.16897
1.1691
1.16923
1.16934
1.16946
1.16988
1.16975
1.16995
1.16992
1.17007
1.17005
1.16958
1.17007
1.17007
1.17014
1.17014
1.17021
1.17022
1.17027
1.17028
1.17034
1.1704
1.17053
1.17047
1.17066
1.1706
1.16235
1.16615
1.17073
1.17072
1.17073
1.17067
1.17069
1.17048
1.17052
1.16987
1.16996
1.16854
1.16854
1.16595
1.1357
1.14179
1.14887
1.15573
1.10506
1.11922
1.12443
1.06239
1.06534
1.08813
1.06966
1.15909
1.13639
1.10922
1.08596
1.11018
1.06313
1.10122
1.11828
1.1313
1.14721
1.16258
1.07164
0.427019
0.341831
0.386111
0.933394
0.674602
1.16731
1.16747
1.16751
1.16759
1.16763
1.1677
1.16775
1.16782
1.1679
1.16799
1.16808
1.1682
1.16826
1.1684
1.16848
1.16857
1.16873
1.16883
1.16894
1.16908
1.1692
1.1693
1.16942
1.16985
1.17003
1.17002
1.16973
1.17004
1.17003
1.17012
1.17013
1.16954
1.17013
1.17012
1.17022
1.17022
1.17029
1.17029
1.17034
1.17035
1.17041
1.17054
1.17048
1.17067
1.17061
1.16163
1.17074
1.17074
1.17075
1.1707
1.17071
1.17056
1.17059
1.17006
1.17014
1.16865
1.16885
1.16589
1.16591
1.16134
1.13118
1.13882
1.14703
1.15482
1.09572
1.1114
1.1189
1.06202
1.06199
1.07855
1.06389
1.15908
1.13618
1.11032
1.08581
1.13673
1.0975
1.10266
1.11613
1.13111
1.14749
1.16257
1.05508
0.450412
0.586608
0.599655
0.91067
0.680011
1.16726
1.16742
1.16746
1.16753
1.16758
1.16766
1.16771
1.16778
1.16785
1.16797
1.16804
1.16814
1.16822
1.16835
1.16845
1.16854
1.16866
1.16879
1.16891
1.16903
1.16917
1.16926
1.16938
1.16983
1.17
1.16998
1.1701
1.17008
1.16968
1.17013
1.17011
1.1702
1.17019
1.16948
1.17022
1.17021
1.17029
1.17029
1.17035
1.17035
1.17042
1.17055
1.17049
1.17068
1.17061
1.17074
1.17076
1.17077
1.17073
1.17074
1.17061
1.17063
1.17021
1.17027
1.16904
1.16921
1.16616
1.16651
1.16126
1.16129
1.15442
1.12749
1.13663
1.14584
1.08792
1.10462
1.11429
1.06219
1.06098
1.07172
1.06104
1.15911
1.13684
1.11095
1.08713
1.15926
1.10257
1.09357
1.11689
1.13059
1.14737
1.16262
1.0385
0.487651
1.17001
0.94449
0.891829
0.703921
1.1672
1.16737
1.16741
1.16748
1.16753
1.16761
1.16767
1.16774
1.16782
1.16793
1.16801
1.1681
1.16819
1.1683
1.16841
1.16853
1.16861
1.16874
1.16889
1.16897
1.16914
1.16921
1.16932
1.17
1.16981
1.17005
1.17002
1.17016
1.17015
1.16964
1.17019
1.17019
1.17028
1.17026
1.16945
1.17029
1.17028
1.17035
1.17035
1.17042
1.17043
1.17055
1.17049
1.17069
1.17062
1.17077
1.17075
1.17075
1.17076
1.17064
1.17066
1.17032
1.17035
1.16935
1.16947
1.16685
1.16717
1.16169
1.16222
1.1543
1.15431
1.14527
1.12466
1.13508
1.08178
1.09896
1.11058
1.06257
1.06082
1.06717
1.05985
1.15933
1.1373
1.11187
1.08764
1.10166
1.08804
1.13102
1.11669
1.14709
1.16261
1.02142
0.569782
1.17116
1.10798
0.88153
0.720732
1.16714
1.16731
1.16736
1.16742
1.16748
1.16754
1.16764
1.16772
1.1678
1.16788
1.16797
1.16805
1.16814
1.16826
1.16836
1.16848
1.16857
1.16868
1.16885
1.1689
1.16904
1.16913
1.16924
1.16998
1.1701
1.17008
1.16977
1.17014
1.17013
1.17024
1.17022
1.16958
1.17025
1.17024
1.17034
1.17033
1.16936
1.17035
1.17034
1.17043
1.17043
1.17049
1.17056
1.17069
1.17062
1.17078
1.17073
1.17071
1.17075
1.17067
1.17069
1.17038
1.17041
1.16957
1.16964
1.16745
1.16769
1.16273
1.16324
1.15476
1.1554
1.14503
1.14497
1.13412
1.12249
1.07713
1.09437
1.10765
1.06287
1.06122
1.06436
1.05925
1.1595
1.13785
1.11267
1.08782
1.10039
1.08016
1.1474
1.13092
1.11712
1.16256
1.00133
0.700258
1.1709
1.12414
0.869821
0.721065
1.16708
1.16724
1.1673
1.16737
1.16745
1.16749
1.16757
1.16765
1.16778
1.16783
1.16792
1.168
1.16809
1.16821
1.16832
1.16843
1.16851
1.1686
1.16875
1.16886
1.16898
1.16907
1.16919
1.17009
1.16993
1.17017
1.17014
1.16971
1.17021
1.17018
1.17029
1.17029
1.16953
1.17032
1.1703
1.17041
1.1704
1.16929
1.17042
1.17042
1.17049
1.17049
1.17056
1.17069
1.17062
1.17074
1.17079
1.17074
1.17053
1.1705
1.17075
1.17043
1.17046
1.1697
1.16975
1.16788
1.16803
1.16373
1.16416
1.15604
1.15673
1.14529
1.14592
1.13363
1.13343
1.12095
1.07392
1.0908
1.10546
1.06207
1.06286
1.05913
1.15966
1.1382
1.11327
1.09021
1.09808
1.06796
1.16259
1.14741
1.13103
1.11712
0.98231
0.86316
1.17153
1.15679
0.828702
0.754255
1.16704
1.16717
1.16724
1.16732
1.16738
1.16746
1.16752
1.16759
1.1677
1.1678
1.16787
1.16795
1.16803
1.16813
1.16823
1.16836
1.16846
1.16855
1.16867
1.1688
1.1689
1.16899
1.16911
1.1701
1.17019
1.17017
1.16991
1.17023
1.17021
1.16968
1.17028
1.17026
1.17037
1.17036
1.16946
1.17039
1.17038
1.17047
1.17046
1.16921
1.17048
1.17048
1.17055
1.17068
1.17062
1.17058
1.1708
1.17074
1.17063
1.17
1.16993
1.17075
1.16981
1.16986
1.16817
1.16829
1.16454
1.16486
1.15744
1.15811
1.14662
1.14742
1.13343
1.13392
1.11993
1.11941
1.07176
1.08817
1.10389
1.06298
1.06217
1.05916
1.15979
1.13872
1.11419
1.09043
1.09596
1.05047
1.16262
1.1475
1.13093
1.11526
0.954167
1.0391
1.1633
1.14563
0.791088
0.860031
1.167
1.1671
1.16717
1.16727
1.16734
1.1674
1.16748
1.16755
1.16762
1.16772
1.16782
1.16789
1.16798
1.16807
1.16815
1.16826
1.16838
1.16848
1.1686
1.16871
1.16884
1.16891
1.16903
1.17017
1.17007
1.17025
1.17022
1.16986
1.17032
1.17029
1.16962
1.17035
1.17032
1.17042
1.1704
1.1694
1.17045
1.17044
1.17053
1.17052
1.16912
1.17055
1.17054
1.17068
1.17061
1.17009
1.17079
1.17081
1.17033
1.17046
1.1702
1.1688
1.16867
1.17074
1.16841
1.16853
1.16516
1.16543
1.15877
1.15936
1.14832
1.14926
1.13462
1.13545
1.1192
1.11924
1.10293
1.07039
1.0863
1.06464
1.06191
1.05946
1.16
1.13924
1.11474
1.09046
1.09788
1.08909
1.03129
1.16266
1.14745
1.13063
1.11564
0.902075
1.0843
1.17187
1.16989
0.806977
0.967568
1.16698
1.16709
1.16715
1.16722
1.16727
1.16732
1.16741
1.16748
1.16757
1.16764
1.16775
1.16783
1.16791
1.16799
1.16809
1.16822
1.16831
1.1684
1.16852
1.16862
1.16873
1.16882
1.16893
1.17016
1.17028
1.17026
1.17001
1.17033
1.1703
1.1698
1.17037
1.17035
1.16957
1.1704
1.17039
1.17049
1.17048
1.16931
1.17051
1.1705
1.1706
1.17059
1.16902
1.17061
1.17067
1.16897
1.17082
1.17058
1.17067
1.1708
1.1694
1.16969
1.16917
1.16649
1.16622
1.17073
1.16569
1.16595
1.15994
1.16049
1.15022
1.15117
1.13648
1.13761
1.11988
1.12065
1.10245
1.10225
1.08506
1.06964
1.06474
1.06181
1.05993
1.16016
1.13962
1.11515
1.09101
1.09677
1.07841
0.997121
1.16267
1.14736
1.13067
1.11526
0.845143
1.15045
1.17206
1.17185
0.851031
1.07999
1.16693
1.167
1.16706
1.16715
1.16722
1.16727
1.16735
1.16742
1.1675
1.16756
1.16766
1.16775
1.16784
1.16794
1.16802
1.16813
1.16824
1.16834
1.16842
1.16854
1.16864
1.16874
1.16884
1.17026
1.17012
1.17035
1.17031
1.16997
1.17039
1.17037
1.16974
1.17044
1.17042
1.16949
1.17048
1.17045
1.17055
1.17053
1.16922
1.17058
1.17056
1.17066
1.17065
1.16893
1.16679
1.17072
1.17084
1.17
1.17034
1.17079
1.16754
1.16803
1.16713
1.16256
1.16206
1.17072
1.16104
1.16155
1.15214
1.15306
1.13883
1.14008
1.12169
1.12299
1.10244
1.10318
1.08437
1.08398
1.06913
1.06486
1.06184
1.06022
1.16029
1.13998
1.11583
1.09098
1.09475
1.05996
0.9466
1.16268
1.14735
1.13021
1.11397
0.849494
1.16856
1.17206
1.17197
0.948753
1.14205
1.1669
1.16695
1.16703
1.16709
1.16716
1.16723
1.1673
1.16737
1.16744
1.16753
1.16763
1.16771
1.1678
1.16789
1.16798
1.16807
1.16817
1.16827
1.16836
1.16845
1.16854
1.16862
1.16875
1.17026
1.17038
1.17035
1.1701
1.17042
1.17039
1.16989
1.17048
1.17044
1.16969
1.1705
1.17049
1.16941
1.17052
1.17052
1.17061
1.1706
1.16912
1.17064
1.17063
1.17071
1.16882
1.16308
1.17085
1.1704
1.16986
1.17085
1.16858
1.16922
1.17078
1.16425
1.16499
1.16363
1.15652
1.15568
1.15396
1.15483
1.14138
1.14267
1.12444
1.12599
1.10408
1.10542
1.08379
1.0841
1.06886
1.06465
1.06198
1.06071
1.1604
1.14042
1.11616
1.09053
1.08887
1.03067
0.885554
1.16267
1.14719
1.12991
1.09513
1.11366
0.872206
1.17132
1.17206
1.17199
1.05834
1.16401
1.16686
1.16692
1.16698
1.16705
1.16712
1.16719
1.16726
1.16733
1.16741
1.16749
1.16758
1.16766
1.16775
1.16783
1.16792
1.16801
1.1681
1.16819
1.16827
1.16836
1.16845
1.16854
1.16862
1.17034
1.17021
1.17044
1.1704
1.17006
1.17049
1.17047
1.16983
1.17052
1.1705
1.16961
1.17056
1.17054
1.16932
1.17058
1.17056
1.17067
1.17066
1.16902
1.1707
1.17069
1.17077
1.16871
1.15734
1.17069
1.17088
1.17081
1.16926
1.16808
1.17083
1.16588
1.16694
1.15913
1.1602
1.1582
1.14776
1.1465
1.14396
1.14524
1.12766
1.12936
1.10705
1.10888
1.08478
1.08578
1.06869
1.06876
1.06479
1.06244
1.06114
1.16052
1.14072
1.11603
1.09123
1.0752
0.977249
0.879509
1.16264
1.14707
1.12925
1.09294
1.11086
0.93311
1.17183
1.17207
1.172
1.12555
1.17013
1.16682
1.16687
1.16694
1.16701
1.16707
1.16715
1.16722
1.16729
1.16737
1.16745
1.16752
1.1676
1.16769
1.16778
1.16787
1.16794
1.16803
1.16813
1.1682
1.16828
1.16837
1.16845
1.16854
1.17032
1.17045
1.17043
1.17017
1.1705
1.17048
1.17
1.17055
1.17053
1.16976
1.17059
1.17057
1.16952
1.17061
1.1706
1.16922
1.17065
1.17063
1.17073
1.17071
1.16891
1.17076
1.17074
1.17082
1.16863
1.14902
1.17023
1.17089
1.17087
1.17067
1.16677
1.16477
1.16145
1.16299
1.15166
1.1532
1.1503
1.13622
1.13451
1.13108
1.1328
1.11096
1.11316
1.08734
1.08924
1.06912
1.06953
1.06268
1.06491
1.06158
1.16061
1.14064
1.1169
1.09274
1.0502
0.918948
0.891059
1.16263
1.14673
1.12809
1.08402
1.08856
1.11086
1.02855
1.17192
1.17207
1.17201
1.15719
1.17154
1.16677
1.16684
1.16691
1.16698
1.16704
1.16711
1.16718
1.16727
1.16733
1.16741
1.16749
1.16757
1.16765
1.16774
1.16781
1.16789
1.16797
1.16805
1.16814
1.16822
1.1683
1.16838
1.16847
1.17043
1.1703
1.17053
1.17049
1.17013
1.17057
1.17054
1.16991
1.1706
1.17059
1.16969
1.17064
1.17062
1.16942
1.17066
1.17066
1.16911
1.17069
1.17068
1.17078
1.17077
1.16881
1.17081
1.1708
1.17087
1.16854
1.13796
1.1687
1.17092
1.17065
1.17085
1.17007
1.16234
1.15945
1.15491
1.15702
1.14162
1.14372
1.13975
1.12216
1.11995
1.11542
1.11769
1.09166
1.09434
1.07028
1.07127
1.06308
1.06345
1.06489
1.06197
1.16068
1.14121
1.118
1.09359
1.00544
0.902122
0.927053
1.16254
1.14624
1.1277
1.06516
1.08907
1.11027
1.1084
1.17195
1.17207
1.17202
1.16801
1.17183
1.16673
1.16679
1.16687
1.16694
1.16701
1.16708
1.16716
1.16723
1.1673
1.16738
1.16746
1.16754
1.16762
1.16769
1.16777
1.16785
1.16793
1.16801
1.16809
1.16817
1.16825
1.16832
1.16841
1.17041
1.17056
1.17053
1.17026
1.17058
1.17056
1.17009
1.17062
1.1706
1.16985
1.17066
1.17064
1.1696
1.1707
1.17067
1.16931
1.17072
1.17072
1.16898
1.17075
1.17074
1.17083
1.17082
1.16871
1.17086
1.17085
1.17092
1.16847
1.12441
1.16555
1.17092
1.17094
1.17008
1.17067
1.16845
1.15572
1.15195
1.14598
1.14873
1.12912
1.13184
1.12673
1.10584
1.10295
1.09709
1.09998
1.07274
1.07481
1.06384
1.06426
1.06237
1.06463
1.16087
1.14185
1.11873
1.09349
0.94691
0.908798
1.00582
1.16245
1.146
1.12717
1.02841
1.0711
1.09107
1.10929
1.14837
1.17196
1.17207
1.17202
1.17104
1.17189
1.1667
1.16676
1.16684
1.16692
1.16698
1.16705
1.16713
1.16721
1.16729
1.16737
1.16744
1.16752
1.16759
1.16767
1.16775
1.16783
1.1679
1.16798
1.16806
1.16813
1.1682
1.16828
1.16835
1.17051
1.17038
1.17059
1.17057
1.17021
1.17063
1.17062
1.17
1.17067
1.17065
1.16978
1.17073
1.1707
1.1695
1.17075
1.17075
1.16919
1.17077
1.17075
1.1689
1.1708
1.17079
1.17089
1.17087
1.16862
1.17091
1.1709
1.17095
1.16842
1.10867
1.16016
1.17087
1.17094
1.16867
1.1702
1.16489
1.14695
1.1422
1.13473
1.13812
1.11462
1.11792
1.11166
1.08766
1.08393
1.07751
1.08051
1.06473
1.06533
1.06275
1.06304
1.06437
1.16105
1.14232
1.11885
1.09344
0.922273
0.933045
1.09037
1.16237
1.14577
1.12653
0.969546
1.03852
1.07197
1.09021
1.10863
1.16509
1.17197
1.17207
1.17203
1.17172
1.17192
1.16667
1.16674
1.16682
1.16689
1.16697
1.16705
1.16713
1.1672
1.16728
1.16736
1.16743
1.16751
1.16759
1.16767
1.16774
1.16782
1.16789
1.16797
1.16804
1.16812
1.16819
1.16826
1.16833
1.17065
1.1705
1.17035
1.17065
1.17064
1.17015
1.17071
1.17067
1.16993
1.17073
1.17073
1.1697
1.17077
1.17075
1.16938
1.17079
1.17078
1.16908
1.17082
1.1708
1.16879
1.17086
1.17084
1.17093
1.17092
1.16854
1.17095
1.17094
1.17098
1.17096
1.16841
1.09104
1.1526
1.17074
1.17091
1.16543
1.1691
1.15891
1.13611
1.13035
1.12148
1.12545
1.09843
1.10234
1.09473
1.07031
1.06839
1.06614
1.06717
1.06319
1.0632
1.06432
1.06432
1.16117
1.14244
1.11903
1.09481
0.926782
0.991595
1.13961
1.16231
1.14526
1.12604
0.940801
0.984574
1.04037
1.07142
1.08961
1.10835
1.17034
1.17198
1.17208
1.17203
1.17184
1.17193
1.16666
1.16673
1.16681
1.16689
1.16696
1.16705
1.16713
1.16721
1.16729
1.16737
1.16745
1.16752
1.1676
1.16768
1.16775
1.16783
1.1679
1.16798
1.16805
1.16813
1.16819
1.16826
1.16833
1.17062
1.17068
1.17072
1.1707
1.17047
1.17029
1.17071
1.17008
1.17075
1.17073
1.16986
1.17079
1.17077
1.16956
1.17082
1.1708
1.16929
1.17084
1.17083
1.16898
1.17087
1.17086
1.16869
1.1709
1.17089
1.17097
1.17096
1.1685
1.17099
1.17098
1.17098
1.17094
1.16841
1.07311
1.14299
1.1704
1.17082
1.15957
1.16677
1.15085
1.12364
1.1169
1.10671
1.11132
1.08101
1.0855
1.07673
1.06332
1.06322
1.06321
1.06333
1.06441
1.06394
1.09535
1.16124
1.14257
1.12014
0.943848
1.07512
1.16224
1.16219
1.14501
1.12574
0.943795
0.956613
0.992966
1.0414
1.07136
1.08978
1.10817
1.17157
1.17199
1.17208
1.17204
1.17188
1.17194
1.16664
1.16672
1.16681
1.16689
1.16698
1.16706
1.16714
1.16722
1.1673
1.16738
1.16746
1.16754
1.16762
1.1677
1.16778
1.16785
1.16794
1.16801
1.16808
1.16815
1.16822
1.1683
1.16836
1.17071
1.17057
1.17075
1.17077
1.17074
1.17043
1.17023
1.17076
1.17002
1.1708
1.17078
1.16977
1.17084
1.17081
1.16949
1.17087
1.17086
1.16918
1.1709
1.17088
1.16888
1.17092
1.17091
1.16862
1.17095
1.17094
1.17101
1.171
1.16848
1.171
1.17101
1.17102
1.17098
1.1709
1.16844
1.06363
1.1317
1.16965
1.17061
1.15177
1.16227
1.14102
1.10982
1.1022
1.09055
1.09601
1.06576
1.06887
1.0643
1.06189
1.06255
1.0632
1.06315
1.09607
1.06636
1.12078
1.16134
1.14323
0.988316
1.13331
1.16966
1.16211
1.14487
1.12546
0.956065
0.95742
0.968223
0.996566
1.04172
1.07164
1.09045
1.10825
1.1718
1.172
1.17208
1.17204
1.1719
1.17195
1.16664
1.16672
1.16682
1.1669
1.16699
1.16708
1.16716
1.16725
1.16734
1.16742
1.16751
1.16758
1.16768
1.16775
1.16783
1.16791
1.16799
1.16805
1.16813
1.1682
1.16828
1.16836
1.16845
1.17081
1.17068
1.17053
1.17079
1.17083
1.17082
1.17037
1.17016
1.17081
1.16994
1.17084
1.17083
1.16968
1.17088
1.17087
1.16937
1.17091
1.17089
1.16906
1.17094
1.17093
1.16878
1.17096
1.17095
1.16858
1.17099
1.17097
1.17105
1.17104
1.16848
1.171
1.17102
1.17104
1.17104
1.17096
1.17078
1.16852
1.0614
1.11911
1.16819
1.17018
1.14241
1.15563
1.12977
1.0949
1.08667
1.07384
1.08001
1.06018
1.06003
1.06047
1.06254
1.06396
1.06456
1.06468
1.09442
1.12151
1.14359
1.16152
1.06805
1.16027
1.17143
1.16206
1.14462
1.12537
0.992627
0.966959
0.96853
0.976374
0.997197
1.03807
1.07085
1.09096
1.10856
1.17185
1.172
1.17208
1.17204
1.17191
1.17196
1.16664
1.16673
1.16683
1.16693
1.16702
1.16712
1.1672
1.1673
1.16739
1.16748
1.16756
1.16765
1.16774
1.16782
1.16789
1.16798
1.16806
1.16814
1.1682
1.16829
1.16837
1.16845
1.16853
1.17091
1.17077
1.17085
1.17065
1.17049
1.17085
1.17086
1.17029
1.1701
1.17087
1.16986
1.1709
1.17088
1.16956
1.17093
1.17092
1.16927
1.17096
1.17094
1.16895
1.17098
1.17097
1.1687
1.17101
1.17099
1.16855
1.17103
1.17102
1.17107
1.17107
1.17105
1.17107
1.16852
1.171
1.17103
1.17105
1.1709
1.17056
1.16862
1.062
1.10541
1.16569
1.16937
1.13194
1.14758
1.11751
1.07956
1.07112
1.06146
1.06474
1.05908
1.05782
1.06006
1.06432
1.0657
1.09858
1.09971
1.12126
1.14395
1.16162
1.13081
1.1692
1.17176
1.16199
1.14454
1.12539
1.06934
1.00164
0.97782
0.97794
0.982988
0.997473
1.02723
1.06678
1.09074
1.10765
1.17187
1.17201
1.17207
1.17193
1.17197
1.16665
1.16676
1.16686
1.16696
1.16705
1.16716
1.16726
1.16736
1.16746
1.16754
1.16763
1.16775
1.16783
1.1679
1.16799
1.16807
1.16814
1.16821
1.16831
1.1684
1.16848
1.16856
1.16864
1.1709
1.1709
1.17095
1.171
1.17098
1.17075
1.17061
1.17045
1.17089
1.17094
1.17024
1.17004
1.17091
1.16976
1.17095
1.17093
1.16946
1.17097
1.17096
1.16915
1.171
1.171
1.16885
1.17103
1.17102
1.16866
1.17105
1.17104
1.16855
1.17107
1.17106
1.17108
1.17107
1.17108
1.17111
1.1686
1.17099
1.17104
1.17106
1.17081
1.17018
1.16873
1.06388
1.09061
1.1618
1.16804
1.12049
1.13887
1.10422
1.06535
1.0601
1.05733
1.0579
1.05992
1.05824
1.06169
1.10159
1.09777
1.12332
1.12398
1.14392
1.16169
1.15973
1.17133
1.17182
1.16196
1.1446
1.12533
1.13204
1.07725
1.01372
0.989383
0.985283
0.988191
0.996753
1.01306
1.05927
1.06856
1.1064
1.17189
1.17203
1.17205
1.17199
1.17194
1.17199
1.16668
1.16679
1.1669
1.16701
1.16711
1.16723
1.16734
1.16744
1.16753
1.16763
1.16775
1.16784
1.16792
1.16801
1.1681
1.16819
1.16824
1.16837
1.16844
1.16853
1.1686
1.16867
1.1688
1.17098
1.17087
1.17098
1.17101
1.17104
1.17102
1.17072
1.17057
1.17038
1.17095
1.1702
1.16993
1.17096
1.16966
1.171
1.17098
1.16935
1.17103
1.17102
1.16903
1.17104
1.17103
1.16878
1.17106
1.17105
1.16863
1.17109
1.17108
1.16859
1.17111
1.17111
1.17108
1.1711
1.1711
1.17111
1.17114
1.17114
1.16869
1.17096
1.17104
1.17107
1.17064
1.1696
1.16889
1.06701
1.07553
1.15642
1.16624
1.10787
1.129
1.08993
1.05848
1.05644
1.05658
1.05614
1.0621
1.05996
1.06443
1.12458
1.10033
1.12241
1.14481
1.14498
1.16174
1.16912
1.17172
1.17185
1.16197
1.14462
1.12496
1.16035
1.13675
1.09063
1.0306
1.00136
0.991813
0.992331
0.995599
1.00908
1.08619
1.0202
1.10483
1.1719
1.172
1.17206
1.17197
1.17196
1.16672
1.16684
1.16695
1.16707
1.1672
1.16729
1.16741
1.16753
1.16761
1.16774
1.16785
1.16793
1.16804
1.16813
1.16824
1.16829
1.16845
1.16848
1.16859
1.16867
1.16876
1.16889
1.16896
1.17108
1.17096
1.17083
1.17099
1.17102
1.17106
1.17109
1.17107
1.17069
1.17051
1.17033
1.17009
1.16985
1.17101
1.16955
1.17104
1.17102
1.16923
1.17106
1.17105
1.16894
1.17108
1.17108
1.16873
1.17112
1.17109
1.16863
1.17113
1.17113
1.16867
1.17114
1.17114
1.1711
1.17111
1.17113
1.17115
1.17115
1.16882
1.1709
1.17104
1.17108
1.17041
1.16882
1.16906
1.06379
1.15027
1.16406
1.09439
1.11779
1.07567
1.05638
1.05582
1.05768
1.05615
1.06646
1.06678
1.07227
1.14522
1.12357
1.10198
1.14433
1.16193
1.16194
1.17132
1.1718
1.17186
1.16194
1.14455
1.12477
1.16935
1.1622
1.14373
1.10573
1.05325
1.01578
1.00009
0.995974
0.997415
1.05168
0.999734
1.05593
1.10164
1.17192
1.17197
1.172
1.17195
1.17206
1.17194
1.16676
1.16688
1.167
1.16714
1.16726
1.16739
1.16751
1.16761
1.16776
1.16787
1.16795
1.16805
1.16816
1.16827
1.16837
1.1685
1.16854
1.16867
1.16873
1.16882
1.16893
1.16903
1.16914
1.17116
1.17106
1.17111
1.17093
1.17079
1.17104
1.17107
1.1711
1.17113
1.17067
1.17046
1.17027
1.17001
1.16974
1.17106
1.16944
1.17108
1.17107
1.16912
1.1711
1.17109
1.16886
1.17112
1.17112
1.1687
1.17115
1.17114
1.16867
1.17116
1.17116
1.16877
1.17117
1.17117
1.17111
1.17113
1.17114
1.17117
1.17116
1.16899
1.17082
1.17102
1.17109
1.17013
1.16786
1.16924
1.05894
1.1431
1.16156
1.08106
1.10547
1.06582
1.05617
1.0564
1.05934
1.05759
1.10339
1.0747
1.162
1.1444
1.12418
1.16187
1.17171
1.17183
1.17189
1.16194
1.14455
1.12367
1.17136
1.16982
1.16473
1.15086
1.121
1.07996
1.03666
1.01221
1.00264
1.00846
0.999392
1.01525
1.07149
1.09898
1.17191
1.17194
1.17196
1.17201
1.17192
1.17206
1.16681
1.16695
1.16709
1.16721
1.16734
1.16747
1.16759
1.16775
1.16785
1.16795
1.16807
1.16818
1.16829
1.1684
1.1685
1.1686
1.1687
1.1688
1.16891
1.16898
1.1691
1.16923
1.16931
1.17127
1.17115
1.17116
1.1712
1.17103
1.1709
1.17075
1.17109
1.17111
1.17115
1.17117
1.1706
1.17041
1.17017
1.16995
1.16964
1.1711
1.16932
1.17113
1.17112
1.16902
1.17115
1.17113
1.1688
1.17117
1.17116
1.1687
1.17118
1.17117
1.16874
1.17119
1.17118
1.16892
1.17119
1.17119
1.17117
1.17119
1.17112
1.17114
1.17116
1.17118
1.16918
1.17072
1.171
1.17109
1.16981
1.16682
1.16941
1.0575
1.13448
1.15859
1.07161
1.09293
1.0615
1.05696
1.05808
1.06729
1.06102
1.10057
1.12405
1.16185
1.14467
1.17178
1.17185
1.17188
1.16193
1.14427
1.12291
1.1717
1.17143
1.17039
1.167
1.15727
1.13751
1.10543
1.06838
1.03467
0.999769
1.01567
1.00104
1.04068
1.04011
1.09424
1.17191
1.17196
1.17191
1.17193
1.17201
1.1719
1.17206
1.16688
1.16703
1.16717
1.16732
1.16746
1.1676
1.16771
1.16784
1.16793
1.16808
1.16817
1.1683
1.16841
1.16852
1.16863
1.16875
1.16887
1.16896
1.16904
1.16919
1.1693
1.16939
1.16951
1.17134
1.17124
1.17126
1.17129
1.17113
1.17122
1.17101
1.17086
1.17071
1.17113
1.17117
1.17119
1.17054
1.17033
1.17011
1.16982
1.16953
1.17114
1.16919
1.17116
1.17115
1.16893
1.17119
1.17118
1.16877
1.1712
1.17119
1.16874
1.17121
1.17121
1.16886
1.17122
1.17122
1.1691
1.17121
1.1712
1.1712
1.17122
1.17113
1.17116
1.17118
1.1712
1.16937
1.17061
1.17097
1.17109
1.16946
1.16555
1.16969
1.05739
1.12417
1.15475
1.06677
1.08306
1.05997
1.05992
1.06273
1.07709
1.06892
1.12171
1.10121
1.14437
1.16187
1.17182
1.17186
1.16188
1.14408
1.1209
1.17178
1.17171
1.17152
1.17091
1.16872
1.16316
1.15039
1.12794
1.10157
1.00705
1.07088
1.00633
1.00286
1.05541
1.00987
1.09193
1.17187
1.17191
1.17196
1.17189
1.1719
1.17202
1.17187
1.17207
1.16694
1.1671
1.16725
1.16738
1.16753
1.1677
1.16782
1.16794
1.16812
1.1682
1.16833
1.16844
1.16855
1.16868
1.1688
1.16891
1.16902
1.16914
1.16927
1.16937
1.16945
1.16956
1.16971
1.17145
1.17133
1.17134
1.17139
1.17121
1.17127
1.17131
1.1711
1.17123
1.17097
1.17082
1.17067
1.17117
1.1712
1.17049
1.17028
1.17002
1.16973
1.1694
1.17118
1.16909
1.1712
1.17119
1.16888
1.17123
1.17121
1.16878
1.17123
1.17123
1.16882
1.17125
1.17124
1.16902
1.17126
1.17126
1.1693
1.17121
1.17122
1.17122
1.17124
1.17126
1.17126
1.17114
1.17117
1.17119
1.17121
1.16958
1.17049
1.17094
1.17109
1.16901
1.16401
1.16982
1.05832
1.11287
1.14901
1.06434
1.07691
1.05961
1.06518
1.06994
1.07642
1.14307
1.12206
1.09776
1.16169
1.17183
1.16183
1.1435
1.11972
1.1718
1.17176
1.17171
1.1716
1.17121
1.17013
1.16702
1.16025
1.14706
1.04586
1.12847
1.00346
1.02634
1.02604
1.00421
1.03055
1.08779
1.17185
1.17188
1.17192
1.17188
1.17197
1.17186
1.17187
1.17202
1.17185
1.17207
1.167
1.16717
1.16733
1.1675
1.16765
1.16778
1.16795
1.16811
1.16821
1.16833
1.16848
1.16859
1.16871
1.16883
1.16894
1.16905
1.16916
1.16929
1.16939
1.1695
1.16961
1.16973
1.16985
1.17153
1.17142
1.17143
1.17147
1.17131
1.17136
1.1714
1.17119
1.17128
1.17132
1.17108
1.17124
1.17094
1.17079
1.17062
1.17122
1.17042
1.17021
1.16992
1.16961
1.16927
1.17123
1.16901
1.17125
1.17123
1.16885
1.17126
1.17125
1.16882
1.17127
1.17126
1.16895
1.17129
1.17128
1.16922
1.17127
1.1713
1.1713
1.1695
1.17123
1.17124
1.17126
1.17127
1.17116
1.17119
1.17121
1.17123
1.16977
1.17034
1.1709
1.17109
1.16845
1.16209
1.16998
1.06137
1.10258
1.14114
1.06324
1.07262
1.0603
1.07011
1.07453
1.16132
1.14319
1.11889
1.09648
1.16171
1.14296
1.11818
1.17182
1.17179
1.17176
1.17172
1.17164
1.17146
1.17093
1.16951
1.16637
1.10737
1.1601
1.01642
1.08727
1.00617
1.01146
1.02893
1.0109
1.08174
1.17186
1.17187
1.17193
1.17186
1.17198
1.17184
1.17184
1.17202
1.17182
1.17207
1.16707
1.16725
1.16742
1.16759
1.16774
1.16789
1.16804
1.16817
1.16829
1.16844
1.16858
1.1687
1.16884
1.16896
1.16909
1.16918
1.16931
1.16942
1.16953
1.16964
1.16977
1.16992
1.17005
1.17161
1.17152
1.17152
1.17156
1.17143
1.17144
1.17148
1.17129
1.17136
1.17141
1.17118
1.17129
1.17133
1.17105
1.17125
1.1709
1.17075
1.17056
1.17036
1.1701
1.16981
1.16947
1.16917
1.17126
1.16896
1.17128
1.17127
1.16886
1.17129
1.1713
1.16892
1.17131
1.1713
1.16917
1.17133
1.17131
1.16941
1.17129
1.17134
1.17131
1.17134
1.16971
1.17125
1.17127
1.17128
1.1713
1.17116
1.1712
1.17123
1.17125
1.16995
1.17016
1.17085
1.17108
1.16774
1.15969
1.1702
1.06648
1.0947
1.13197
1.06277
1.0695
1.06325
1.07197
1.16133
1.14138
1.11843
1.09396
1.16153
1.14251
1.11484
1.1718
1.17177
1.17174
1.17171
1.17166
1.17159
1.17133
1.17084
1.14941
1.16957
1.06667
1.1371
1.00964
1.05016
1.01212
1.04103
1.01064
1.08032
1.17183
1.17188
1.17185
1.17185
1.17193
1.17183
1.17198
1.17182
1.17181
1.17203
1.17207
1.16713
1.16731
1.1675
1.16767
1.16782
1.16796
1.16813
1.16827
1.16844
1.16855
1.16873
1.16882
1.16897
1.16911
1.16921
1.16934
1.16945
1.16956
1.16968
1.16983
1.16995
1.17005
1.17024
1.17169
1.17161
1.17161
1.17164
1.17151
1.17153
1.17157
1.17142
1.17144
1.17149
1.17129
1.17137
1.17142
1.17117
1.1713
1.17134
1.17102
1.17086
1.1707
1.17051
1.17028
1.17001
1.16968
1.16935
1.16909
1.1713
1.16893
1.17132
1.17131
1.16891
1.17133
1.17133
1.16906
1.17134
1.17134
1.16934
1.17136
1.17136
1.16964
1.17134
1.17136
1.17133
1.17136
1.17131
1.17136
1.16989
1.17126
1.17128
1.17129
1.17117
1.17122
1.17124
1.17126
1.17013
1.16995
1.1708
1.17107
1.16681
1.15679
1.17036
1.06847
1.08795
1.12301
1.06372
1.06704
1.06549
1.16078
1.14124
1.11607
1.09148
1.1614
1.14122
1.11323
1.17179
1.17176
1.17174
1.17171
1.17169
1.17163
1.17155
1.16701
1.17135
1.12332
1.16259
1.03764
1.10928
1.02128
1.01165
1.02979
1.02233
1.07736
1.17182
1.17184
1.17189
1.17183
1.17183
1.17194
1.17182
1.17198
1.1718
1.17203
1.17207
1.16718
1.16738
1.16757
1.16775
1.16792
1.16808
1.16821
1.16839
1.16852
1.16872
1.16882
1.16902
1.16911
1.16922
1.16936
1.16947
1.1696
1.16971
1.16983
1.16995
1.17008
1.17027
1.17039
1.17178
1.17168
1.17169
1.17173
1.17159
1.17161
1.17165
1.17149
1.17153
1.17157
1.17138
1.17145
1.1715
1.17125
1.17137
1.17144
1.17113
1.17136
1.17099
1.17082
1.17065
1.17045
1.17019
1.16989
1.16956
1.16925
1.16903
1.16895
1.17135
1.17136
1.16902
1.17137
1.17137
1.16925
1.17139
1.17139
1.16954
1.1714
1.17139
1.16984
1.17136
1.17134
1.17137
1.17133
1.17137
1.17131
1.17139
1.17008
1.17128
1.17129
1.17118
1.17123
1.17126
1.17128
1.1703
1.1697
1.17074
1.17106
1.16564
1.15297
1.1705
1.06939
1.08202
1.11387
1.06434
1.06539
1.06689
1.16072
1.13985
1.11425
1.08991
1.16109
1.14035
1.11138
1.17177
1.17175
1.17173
1.17171
1.17168
1.17165
1.17097
1.17161
1.15688
1.17011
1.09745
1.14967
1.01344
1.0257
1.08561
1.02339
1.01599
1.07591
1.17178
1.17181
1.17185
1.1719
1.1718
1.17181
1.17195
1.17179
1.17199
1.17203
1.17207
1.16723
1.16743
1.16764
1.16783
1.168
1.16817
1.16835
1.16847
1.16867
1.16883
1.16898
1.16911
1.16924
1.1694
1.16948
1.16961
1.16971
1.16985
1.16999
1.17014
1.17024
1.1704
1.17051
1.17186
1.17178
1.17178
1.17182
1.17167
1.17169
1.17173
1.17157
1.17162
1.17166
1.17147
1.17154
1.17158
1.17135
1.17146
1.17151
1.17125
1.17139
1.17143
1.17109
1.17094
1.17078
1.1706
1.17036
1.17008
1.16977
1.16943
1.16916
1.16901
1.16902
1.17141
1.1714
1.16919
1.17142
1.17141
1.16947
1.17142
1.17142
1.16975
1.17143
1.17143
1.17003
1.17138
1.17137
1.17134
1.17139
1.17134
1.17139
1.17131
1.17142
1.1714
1.17027
1.17129
1.17119
1.17125
1.17127
1.17129
1.17049
1.16936
1.17067
1.17105
1.16431
1.14734
1.17069
1.07663
1.10488
1.06415
1.06432
1.06695
1.16023
1.13894
1.11281
1.08529
1.16081
1.13956
1.10995
1.17176
1.17174
1.17173
1.1717
1.17168
1.17155
1.17166
1.16885
1.17142
1.14246
1.16676
1.02337
1.07607
1.13513
1.025
1.01767
1.0235
1.0736
1.17181
1.17178
1.17179
1.17177
1.17186
1.1719
1.17178
1.17195
1.17177
1.17199
1.17203
1.17207
1.16726
1.16749
1.1677
1.1679
1.1681
1.16829
1.16843
1.16861
1.16875
1.16894
1.16912
1.16923
1.16939
1.16947
1.1696
1.16972
1.16982
1.16999
1.17014
1.17027
1.17042
1.17054
1.1707
1.17187
1.17195
1.17186
1.17177
1.17178
1.17182
1.17166
1.1717
1.17174
1.17156
1.17162
1.17166
1.17147
1.17154
1.17158
1.17133
1.17147
1.17151
1.17121
1.17143
1.17105
1.1709
1.17074
1.17052
1.17026
1.16999
1.16963
1.16932
1.16911
1.16904
1.16915
1.17144
1.16939
1.17145
1.17144
1.16964
1.17146
1.17145
1.16996
1.17146
1.17146
1.17022
1.17137
1.17139
1.17137
1.17135
1.1714
1.17134
1.17131
1.17145
1.17142
1.17143
1.17046
1.1712
1.17126
1.17129
1.17131
1.17064
1.16889
1.17056
1.17103
1.16247
1.13872
1.17084
1.07191
1.09607
1.06399
1.06301
1.06591
1.15997
1.13809
1.10933
1.08572
1.16057
1.13881
1.10813
1.17175
1.17173
1.17171
1.17169
1.17163
1.17167
1.17124
1.1716
1.16438
1.17088
1.0678
1.12852
1.16167
1.0269
1.0192
1.02397
1.06285
1.07233
1.17181
1.17177
1.17177
1.17177
1.17176
1.17186
1.1719
1.17177
1.17195
1.17199
1.17203
1.17207
1.16729
1.16754
1.16777
1.16799
1.16819
1.16836
1.16856
1.16872
1.16892
1.16905
1.1692
1.16937
1.16947
1.1696
1.16972
1.16985
1.17003
1.17013
1.17026
1.17041
1.17059
1.17069
1.17084
1.17195
1.17187
1.1719
1.17203
1.17195
1.17185
1.17176
1.17178
1.17182
1.17165
1.1717
1.17175
1.17155
1.17162
1.17166
1.17143
1.17155
1.17158
1.17131
1.17148
1.17151
1.17117
1.17103
1.17086
1.17069
1.17044
1.17018
1.16987
1.1695
1.16925
1.1691
1.16913
1.16928
1.17148
1.16958
1.17149
1.17148
1.16989
1.17149
1.17149
1.17018
1.17149
1.17149
1.17041
1.17138
1.1714
1.17141
1.17136
1.17135
1.17142
1.17133
1.17149
1.17145
1.17147
1.17144
1.17061
1.1712
1.17127
1.17131
1.17133
1.17082
1.16814
1.17041
1.171
1.15952
1.12803
1.171
1.06726
1.08681
1.06316
1.06122
1.15966
1.13646
1.10954
1.0805
1.16032
1.13782
1.10674
1.17173
1.17172
1.1717
1.17165
1.17168
1.17156
1.17163
1.17045
1.17151
1.12281
1.15891
1.1699
1.02886
1.02059
1.02516
1.05969
1.11826
1.07135
1.17177
1.17182
1.17173
1.17174
1.17174
1.17173
1.17187
1.17191
1.17195
1.17199
1.17203
1.17207
1.16732
1.16759
1.16783
1.16806
1.16827
1.16849
1.16867
1.16887
1.169
1.16916
1.16931
1.16946
1.16958
1.16972
1.16985
1.16999
1.17018
1.17031
1.17046
1.17056
1.1707
1.17085
1.171
1.17203
1.17194
1.17199
1.17187
1.17191
1.17203
1.17194
1.17184
1.17175
1.17178
1.17182
1.17164
1.1717
1.17174
1.17154
1.17162
1.17166
1.17142
1.17155
1.17159
1.1713
1.17152
1.17114
1.17099
1.17082
1.1706
1.17037
1.17006
1.1697
1.16941
1.16919
1.16914
1.16924
1.1695
1.16981
1.17152
1.17152
1.17014
1.17153
1.17152
1.17037
1.17153
1.17152
1.17059
1.1714
1.17138
1.17141
1.17143
1.17136
1.17135
1.17153
1.17149
1.17151
1.17145
1.17146
1.17144
1.17078
1.17121
1.17129
1.17133
1.17099
1.16686
1.17014
1.17092
1.15463
1.11504
1.17118
1.06299
1.07745
1.06158
1.05916
1.15927
1.13653
1.10556
1.08113
1.16003
1.13701
1.10545
1.17172
1.17171
1.17167
1.17169
1.17161
1.17164
1.17144
1.17159
1.15645
1.1693
1.17136
1.03104
1.02201
1.02685
1.06002
1.11548
1.15436
1.07091
1.17173
1.17178
1.17183
1.1717
1.17172
1.17171
1.17187
1.17191
1.17195
1.17199
1.17203
1.17207
1.16732
1.16762
1.16789
1.16812
1.16837
1.16859
1.16879
1.16895
1.16914
1.1693
1.16941
1.16956
1.16969
1.16984
1.16997
1.17016
1.17029
1.17044
1.17057
1.17074
1.1709
1.17106
1.17117
1.17203
1.17207
1.17195
1.17199
1.17187
1.17191
1.17202
1.17195
1.17184
1.17174
1.17179
1.17182
1.17164
1.17171
1.17176
1.17152
1.17163
1.17167
1.1714
1.17156
1.17159
1.17127
1.17111
1.17095
1.17075
1.17054
1.17026
1.16995
1.16959
1.16932
1.16919
1.16922
1.1694
1.16971
1.17006
1.17156
1.17156
1.17031
1.17156
1.17156
1.17056
1.17156
1.17157
1.17077
1.1714
1.17141
1.17138
1.17142
1.17136
1.17134
1.17157
1.17152
1.17154
1.17149
1.1715
1.17146
1.17147
1.17144
1.17097
1.1712
1.1713
1.17115
1.1646
1.16963
1.17076
1.14656
1.09984
1.17135
1.05933
1.06832
1.05793
1.15912
1.13452
1.1065
1.07585
1.15977
1.1362
1.10453
1.17168
1.17169
1.17163
1.17165
1.17157
1.17161
1.16877
1.17128
1.17154
1.03264
1.02371
1.02908
1.06108
1.11406
1.15289
1.16831
1.07126
1.1717
1.17174
1.17178
1.17183
1.17168
1.17169
1.1717
1.17166
1.17187
1.17191
1.17195
1.17199
1.17203
1.17207
1.16732
1.16763
1.16792
1.16819
1.16844
1.16868
1.16887
1.16908
1.16924
1.16937
1.16955
1.16967
1.16981
1.16997
1.17016
1.17028
1.17044
1.17058
1.17073
1.17088
1.17103
1.17118
1.17137
1.17203
1.17207
1.17195
1.17199
1.17187
1.17191
1.17203
1.17193
1.17184
1.17172
1.17179
1.17183
1.17162
1.17171
1.17175
1.1715
1.17163
1.17167
1.17138
1.17159
1.17123
1.17108
1.1709
1.1707
1.17044
1.17016
1.16979
1.16948
1.16928
1.16923
1.16935
1.16961
1.16996
1.17026
1.17159
1.17057
1.1716
1.1716
1.17077
1.1716
1.1716
1.17095
1.1714
1.17139
1.17142
1.17137
1.17135
1.1713
1.1716
1.17156
1.17157
1.17152
1.17154
1.17148
1.17149
1.17145
1.17147
1.17144
1.17118
1.17117
1.17135
1.16077
1.16865
1.17041
1.13364
1.08458
1.17152
1.05589
1.06062
1.05577
1.15872
1.13516
1.10266
1.07769
1.15951
1.13556
1.10385
1.17168
1.17164
1.17166
1.17159
1.17161
1.17121
1.17152
1.17157
1.03496
1.02574
1.03193
1.06333
1.11462
1.15215
1.16804
1.17116
1.07108
1.17168
1.1717
1.17175
1.17179
1.17183
1.17166
1.17166
1.17165
1.17187
1.17191
1.17195
1.17199
1.17203
1.17207
1.16731
1.16763
1.16794
1.16823
1.16851
1.16874
1.16896
1.16915
1.16931
1.16951
1.16965
1.16982
1.17001
1.17013
1.17029
1.17043
1.17058
1.17072
1.17087
1.17103
1.17121
1.17135
1.17153
1.17203
1.17207
1.17195
1.17199
1.17187
1.17191
1.17202
1.17193
1.17183
1.17172
1.17179
1.17183
1.17161
1.17171
1.17175
1.17148
1.17163
1.17168
1.17135
1.1712
1.17103
1.17085
1.17062
1.17036
1.17002
1.16966
1.16941
1.16927
1.16932
1.16953
1.16985
1.17019
1.17049
1.17163
1.17072
1.17164
1.17164
1.17093
1.17163
1.17164
1.17114
1.17141
1.17142
1.17138
1.17136
1.1713
1.17109
1.17164
1.17159
1.17161
1.17155
1.17157
1.17152
1.17153
1.17149
1.1715
1.17145
1.17147
1.17143
1.17132
1.17153
1.15473
1.16689
1.16978
1.1164
1.07148
1.1717
1.0526
1.05426
1.15873
1.133
1.10443
1.05118
1.07345
1.15929
1.13502
1.10322
1.17165
1.1716
1.17162
1.1715
1.17156
1.17158
1.03705
1.02812
1.0353
1.0669
1.11601
1.15236
1.16794
1.17115
1.17149
1.0732
1.17163
1.17167
1.1717
1.17175
1.17179
1.17183
1.17164
1.17165
1.17163
1.17187
1.17191
1.17195
1.17199
1.17203
1.16728
1.16762
1.16794
1.16826
1.16854
1.16878
1.16899
1.1692
1.16942
1.16959
1.16977
1.16993
1.1701
1.17027
1.17042
1.17057
1.17072
1.17086
1.17105
1.17122
1.17136
1.17152
1.1717
1.17195
1.17187
1.17191
1.17202
1.17193
1.17181
1.17171
1.17179
1.17183
1.17159
1.17172
1.17175
1.17146
1.17167
1.17132
1.17117
1.17099
1.17079
1.17054
1.17023
1.16988
1.16957
1.16937
1.16933
1.16947
1.16978
1.17013
1.17045
1.17068
1.17092
1.17168
1.17168
1.1711
1.17167
1.17167
1.17132
1.17142
1.1714
1.17137
1.17129
1.17094
1.17159
1.17161
1.17155
1.17157
1.17152
1.17153
1.17149
1.1715
1.17145
1.17146
1.17143
1.17153
1.17169
1.14585
1.16402
1.16874
1.09906
1.06036
1.17187
1.04942
1.15839
1.13418
1.10256
1.04891
1.07261
1.1591
1.13448
1.10319
1.17161
1.17163
1.17153
1.17157
1.17159
1.03883
1.03104
1.03952
1.07143
1.11879
1.15318
1.16797
1.17114
1.17147
1.17152
1.07141
1.17162
1.17171
1.17175
1.17179
1.17183
1.17161
1.17187
1.16723
1.16761
1.16795
1.16827
1.16856
1.1688
1.16902
1.16926
1.16948
1.16966
1.16993
1.17008
1.17023
1.17039
1.1706
1.17074
1.17089
1.17104
1.17119
1.17135
1.17152
1.17171
1.17188
1.17202
1.17192
1.17181
1.17171
1.17179
1.17183
1.17157
1.17172
1.17176
1.17144
1.17129
1.17113
1.17094
1.17073
1.17045
1.17009
1.16976
1.16948
1.16937
1.16942
1.16967
1.17001
1.17036
1.17064
1.17087
1.17109
1.17171
1.17171
1.17132
1.1715
1.17141
1.17138
1.17127
1.17069
1.17158
1.1716
1.17155
1.17156
1.17152
1.17153
1.17148
1.17149
1.17145
1.17146
1.17142
1.17169
1.17188
1.13408
1.15989
1.16723
1.0835
1.05188
1.04583
1.15862
1.13353
1.10257
1.04674
1.1589
1.13424
1.10284
1.17161
1.17155
1.17158
1.17159
1.03983
1.03469
1.0447
1.07713
1.12285
1.15434
1.16806
1.17113
1.17146
1.17151
1.17153
1.04453
1.17175
1.17179
1.1716
1.16722
1.1676
1.16797
1.1683
1.16857
1.16882
1.16906
1.1693
1.16954
1.16986
1.17004
1.17019
1.17037
1.17056
1.17071
1.17088
1.17103
1.17118
1.17136
1.17153
1.17169
1.17187
1.17202
1.17191
1.1718
1.17168
1.17156
1.17142
1.17126
1.17108
1.17089
1.17062
1.17031
1.16998
1.16967
1.16945
1.16943
1.1696
1.16992
1.17026
1.17058
1.17082
1.1711
1.17128
1.1715
1.17169
1.17139
1.17124
1.17034
1.17158
1.17155
1.17156
1.17151
1.17152
1.17147
1.17149
1.17144
1.17145
1.1714
1.17187
1.11919
1.15456
1.16529
1.07128
1.04501
1.04266
1.15844
1.1335
1.15878
1.13389
1.17156
1.17158
1.03919
1.05154
1.08436
1.12801
1.15613
1.16825
1.17113
1.17145
1.17149
1.17152
1.17154
1.16726
1.16768
1.16805
1.16837
1.16863
1.16887
1.1691
1.16935
1.1697
1.16998
1.17013
1.17036
1.17051
1.17072
1.17086
1.17101
1.17118
1.17136
1.17152
1.17169
1.17186
1.17201
1.17191
1.17179
1.17168
1.17154
1.17139
1.17123
1.17104
1.17081
1.17054
1.17021
1.16987
1.16958
1.16947
1.16955
1.16983
1.17018
1.17052
1.1708
1.17105
1.17126
1.17149
1.17167
1.17187
1.1712
1.16991
1.1715
1.17147
1.17148
1.17141
1.17142
1.17117
1.10591
1.14832
1.16302
1.06018
1.1585
1.15864
1.0938
1.13456
1.15826
1.16857
1.17113
1.17143
1.16738
1.16787
1.16823
1.16851
1.16874
1.16893
1.16917
1.16949
1.16987
1.17007
1.1703
1.17048
1.17066
1.17083
1.171
1.17121
1.17134
1.17153
1.17171
1.17187
1.17201
1.17191
1.17178
1.17165
1.17151
1.17136
1.17119
1.17099
1.17073
1.17042
1.17008
1.16973
1.16955
1.16954
1.16972
1.17009
1.17043
1.17076
1.17101
1.17125
1.17148
1.17169
1.17188
1.16943
1.17115
1.16898
1.14145
1.1606
1.16795
1.16832
1.1685
1.1687
1.16889
1.16913
1.16936
1.16966
1.16995
1.17022
1.17042
1.17064
1.1708
1.17101
1.17116
1.17136
1.17154
1.1717
1.17187
1.17201
1.17189
1.17177
1.17164
1.17149
1.17133
1.17114
1.17091
1.17063
1.1703
1.16994
1.16968
1.16958
1.16968
1.17001
1.17035
1.1707
1.17098
1.17124
1.17145
1.17167
1.17187
1.16987
1.16917
1.16902
1.1691
1.16926
1.16937
1.1695
1.16975
1.17011
1.17038
1.1706
1.17076
1.17098
1.17114
1.17134
1.17151
1.1717
1.17188
1.172
1.17188
1.17176
1.17162
1.17146
1.17129
1.17109
1.17084
1.17053
1.17018
1.16984
1.16965
1.16967
1.16989
1.17028
1.17065
1.17095
1.1712
1.17144
1.17168
1.17188
1.17093
1.1699
1.16951
1.16954
1.16957
1.1695
1.16958
1.16991
1.17025
1.17052
1.17074
1.17096
1.17113
1.17133
1.17151
1.17168
1.17186
1.172
1.17188
1.17175
1.1716
1.17143
1.17125
1.17101
1.17074
1.1704
1.17004
1.16978
1.16969
1.16983
1.17019
1.17055
1.17093
1.17119
1.17141
1.17165
1.17187
1.17149
1.17056
1.16995
1.16986
1.16972
1.16958
1.1697
1.17011
1.17043
1.17068
1.17089
1.1711
1.1713
1.1715
1.17169
1.17185
1.17199
1.17187
1.17173
1.17158
1.1714
1.17119
1.17094
1.17063
1.17028
1.16995
1.16977
1.16979
1.17005
1.17044
1.17085
1.17113
1.17139
1.17164
1.17186
1.17171
1.17106
1.17032
1.17
1.16978
1.16965
1.16987
1.17028
1.17061
1.17084
1.17106
1.17128
1.17149
1.17167
1.17185
1.17199
1.17186
1.17171
1.17155
1.17136
1.17114
1.17086
1.17051
1.17015
1.16988
1.16982
1.16998
1.17038
1.17081
1.1711
1.17136
1.17164
1.17187
1.17173
1.17132
1.17061
1.17006
1.1698
1.16975
1.17006
1.17048
1.17079
1.17101
1.17125
1.17146
1.17167
1.17185
1.17199
1.17185
1.17169
1.17152
1.17132
1.17107
1.17076
1.17039
1.17005
1.16988
1.16994
1.17031
1.1707
1.17105
1.17135
1.17161
1.17185
1.17173
1.1714
1.1707
1.17006
1.16981
1.16988
1.17028
1.17069
1.17096
1.17123
1.17144
1.17164
1.17185
1.17198
1.17184
1.17168
1.17148
1.17127
1.17098
1.17064
1.17025
1.17
1.16995
1.17019
1.17058
1.17102
1.1713
1.17159
1.17187
1.17172
1.1714
1.17068
1.17002
1.16984
1.17006
1.17053
1.17087
1.17116
1.1714
1.17163
1.17184
1.17198
1.17182
1.17165
1.17145
1.1712
1.17088
1.17051
1.17017
1.17002
1.17012
1.17052
1.17097
1.17127
1.17158
1.17186
1.1717
1.17135
1.17056
1.17
1.16994
1.1703
1.17077
1.17111
1.17136
1.17162
1.17182
1.17197
1.17181
1.17162
1.1714
1.17113
1.17076
1.17038
1.17013
1.17012
1.17043
1.17085
1.17124
1.17154
1.17185
1.17168
1.17126
1.17036
1.16997
1.17011
1.17059
1.171
1.17133
1.17159
1.17181
1.17197
1.17179
1.17159
1.17134
1.17102
1.17063
1.17029
1.17017
1.17033
1.17076
1.17117
1.17152
1.17184
1.17164
1.17109
1.17025
1.17004
1.17037
1.17089
1.17126
1.17155
1.17181
1.17196
1.17177
1.17156
1.17126
1.1709
1.17052
1.17027
1.17033
1.17068
1.1711
1.17149
1.17183
1.17158
1.17087
1.17017
1.17022
1.1707
1.17115
1.17151
1.1718
1.17195
1.17174
1.17149
1.17118
1.17079
1.17044
1.17035
1.17058
1.17102
1.17145
1.17183
1.1715
1.17065
1.17021
1.17052
1.17105
1.17148
1.17177
1.17193
1.17171
1.17143
1.17106
1.17066
1.17044
1.17053
1.17094
1.17142
1.17182
1.17139
1.17051
1.1704
1.17087
1.17135
1.17176
1.17193
1.17168
1.17137
1.17095
1.17059
1.17055
1.17085
1.17135
1.17178
1.17126
1.1705
1.17071
1.17124
1.17173
1.17191
1.17163
1.17126
1.17084
1.17062
1.17081
1.17131
1.17175
1.17102
1.17066
1.17109
1.17165
1.17188
1.17156
1.17114
1.17079
1.17082
1.17119
1.17173
1.17088
1.17097
1.17159
1.17186
1.17148
1.17105
1.17086
1.17116
1.17175
1.17098
1.17149
1.17182
1.17138
1.17103
1.17115
1.17166
1.17141
1.17179
1.17131
1.17118
1.17163
1.17174
1.17133
1.17159
1.1717
1.17163
1.17177
)
;

boundaryField
{
    lowerOutlet
    {
        type            calculated;
        value           nonuniform List<scalar> 
146
(
1.1721
1.1721
1.1721
1.1721
1.1721
1.1721
1.1721
1.1721
1.1721
1.1721
1.1721
1.1721
1.1721
1.1721
1.1721
1.1721
1.1721
1.1721
1.1721
1.1721
1.1721
1.1721
1.1721
1.1721
1.1721
1.1721
1.1721
1.1721
1.1721
1.1721
1.1721
1.1721
1.1721
1.1721
1.1721
1.1721
1.1721
1.1721
1.1721
1.1721
1.1721
1.1721
1.1721
1.1721
1.1721
1.13763
1.11714
1.1396
0.919061
1.1721
1.163
1.1721
1.1721
1.1721
1.1721
1.1721
1.1721
1.1721
1.1721
1.1721
1.1721
1.1721
1.1721
1.1721
1.1721
1.1721
1.1721
1.1721
1.1721
1.1721
1.1721
1.1721
1.1721
1.1721
1.1721
1.1721
1.1721
1.1721
1.1721
1.1721
1.1721
1.1721
1.1721
1.1721
1.1721
1.1721
1.1721
1.1721
1.1721
1.1721
1.1721
1.1721
1.1721
1.1721
1.1721
1.1721
1.1721
1.1721
1.1721
1.1721
1.1721
1.1721
1.1721
1.15042
1.15281
1.1721
1.1721
0.587678
1.1721
1.1721
1.1721
1.1721
1.1721
1.1721
1.1721
1.1721
1.1721
1.1721
1.1721
1.1721
1.1721
1.1721
1.11814
1.1721
1.1721
1.1721
1.1721
1.1721
1.1721
1.1721
1.1721
1.1721
1.1721
1.1721
1.1721
1.1721
1.1721
1.1721
1.1721
1.1721
1.1721
1.1721
1.1721
1.1721
1.1721
1.1721
)
;
    }
    top
    {
        type            calculated;
        value           nonuniform List<scalar> 
100
(
1.17144
1.17043
1.16962
1.16912
1.1686
1.16823
1.16793
1.16764
1.16735
1.16705
1.16675
1.16649
1.16625
1.16608
1.16595
1.16583
1.16549
1.16418
1.16111
1.15723
1.15426
1.15305
1.1528
1.15302
1.15345
1.15365
1.15362
1.15367
1.15446
1.15615
1.15821
1.1605
1.16297
1.16518
1.16658
1.16717
1.16734
1.16735
1.1673
1.16725
1.16719
1.16713
1.16708
1.16703
1.167
1.16698
1.16693
1.16689
1.16685
1.16681
1.16676
1.16673
1.16669
1.16667
1.16666
1.16664
1.16664
1.16664
1.16665
1.16668
1.16671
1.16676
1.16681
1.16688
1.16694
1.167
1.16706
1.16713
1.16717
1.16722
1.16726
1.16729
1.16731
1.16732
1.16732
1.16731
1.16728
1.16723
1.16722
1.16725
1.16738
1.16793
1.17197
1.17197
1.17197
1.17197
1.17197
1.17197
1.17197
1.17197
1.17197
1.17197
1.17197
1.17197
1.17197
1.17197
1.17103
1.17088
1.17098
1.17141
)
;
    }
    sides
    {
        type            calculated;
        value           nonuniform List<scalar> 
100
(
1.1721
1.1721
1.1721
1.17209
1.17209
1.17209
1.17209
1.17208
1.17208
1.17208
1.17208
1.17207
1.17207
1.17207
1.17207
1.17206
1.17206
1.17206
1.17205
1.17205
1.17205
1.17205
1.17204
1.17204
1.17204
1.17204
1.17203
1.17203
1.17203
1.17203
1.17202
1.17202
1.17202
1.17201
1.17201
1.17201
1.17201
1.172
1.172
1.172
1.172
1.17199
1.17199
1.17199
1.17199
1.17198
1.17198
1.17198
1.17197
1.17197
1.1721
1.1721
1.1721
1.17209
1.17209
1.17209
1.17209
1.17208
1.17208
1.17208
1.17208
1.17207
1.17207
1.17207
1.17207
1.17206
1.17206
1.17206
1.17205
1.17205
1.17205
1.17205
1.17204
1.17204
1.17204
1.17204
1.17203
1.17203
1.17203
1.17203
1.17202
1.17202
1.17202
1.17201
1.17201
1.17201
1.17201
1.172
1.172
1.172
1.172
1.17199
1.17199
1.17199
1.17199
1.17198
1.17198
1.17198
1.17197
1.17197
)
;
    }
    front
    {
        type            empty;
    }
    back
    {
        type            empty;
    }
    roller
    {
        type            calculated;
        value           nonuniform List<scalar> 
142
(
1.16976
1.16984
1.16982
1.16983
1.16982
1.16963
1.16952
1.16957
1.16966
1.16976
1.16976
1.1698
1.16976
1.16984
1.16988
1.16988
1.16984
1.16945
1.16951
1.16966
1.16956
1.16962
1.16975
1.16971
1.16979
1.16978
1.16985
1.16988
1.16988
1.16981
1.1698
1.16981
1.16947
1.16976
1.16976
1.1698
1.16983
1.1698
1.16977
1.16986
1.16987
1.16982
1.16983
1.16988
1.16983
1.16982
1.16978
1.16985
1.16985
1.16945
1.16946
1.16946
1.16963
1.16963
1.16976
1.16981
1.16976
1.16974
1.16977
1.1697
1.16965
1.16964
1.16945
1.16945
1.1697
1.16974
1.16975
1.16978
1.16978
1.16987
1.16987
1.16969
1.16966
1.1698
1.16978
1.16963
1.16955
1.16972
1.16953
1.16947
1.16966
1.16946
1.16963
1.16962
1.16967
1.1697
1.16965
1.16976
1.1697
1.16973
1.16975
1.16976
1.16977
1.16982
1.16986
1.16981
1.16986
1.16972
1.16975
1.16969
1.16946
1.16964
1.16964
1.16953
1.16958
1.16973
1.16974
1.16968
1.16971
1.16974
1.16975
1.16977
1.16979
1.1698
1.16987
1.16983
1.16988
1.16982
1.16987
1.16961
1.16958
1.16973
1.16951
1.16949
1.16968
1.16964
1.16963
1.16948
1.1695
1.16965
1.16954
1.16968
1.16969
1.16959
1.1696
1.16964
1.16975
1.16972
1.16969
1.16972
1.16975
1.16976
)
;
    }
    burner
    {
        type            calculated;
        value           nonuniform List<scalar> 
14
(
0.3212
0.3212
0.321199
0.3212
0.3212
0.321199
0.3212
0.3212
0.3212
0.321199
0.3212
0.3212
0.321199
0.321199
)
;
    }
}


// ************************************************************************* //
