/*--------------------------------*- C++ -*----------------------------------*\
  =========                 |
  \\      /  F ield         | OpenFOAM: The Open Source CFD Toolbox
   \\    /   O peration     | Website:  https://openfoam.org
    \\  /    A nd           | Version:  dev
     \\/     M anipulation  |
\*---------------------------------------------------------------------------*/
FoamFile
{
    version     2.0;
    format      ascii;
    class       volScalarField;
    location    "2500";
    object      a;
}
// * * * * * * * * * * * * * * * * * * * * * * * * * * * * * * * * * * * * * //

dimensions      [0 -1 0 0 0 0 0];

internalField   nonuniform List<scalar> 
9978
(
0.100011
0.100011
0.100011
0.100011
0.100011
0.100011
0.100011
0.100011
0.100011
0.100011
0.10001
0.100011
0.100011
0.100011
0.100011
0.10001
0.10001
0.100011
0.100011
0.100011
0.100011
0.10001
0.10001
0.10001
0.100011
0.100011
0.100011
0.100011
0.10001
0.10001
0.10001
0.10001
0.100011
0.100011
0.100011
0.100011
0.100009
0.10001
0.10001
0.10001
0.10001
0.100011
0.100011
0.100011
0.100011
0.100009
0.100009
0.10001
0.10001
0.10001
0.10001
0.100011
0.100011
0.100011
0.100011
0.100009
0.100009
0.100009
0.10001
0.10001
0.10001
0.10001
0.100011
0.100011
0.100011
0.100011
0.100009
0.100009
0.100009
0.100009
0.10001
0.10001
0.10001
0.10001
0.100011
0.100011
0.100011
0.100011
0.100009
0.100009
0.100009
0.100009
0.100009
0.10001
0.10001
0.10001
0.10001
0.100011
0.100011
0.100011
0.100011
0.100008
0.100009
0.100009
0.100009
0.100009
0.100009
0.10001
0.10001
0.10001
0.10001
0.100011
0.100011
0.100011
0.100011
0.100008
0.100008
0.100009
0.100009
0.100009
0.100009
0.100009
0.10001
0.10001
0.10001
0.10001
0.100011
0.100011
0.100011
0.100011
0.100008
0.100008
0.100008
0.100009
0.100009
0.100009
0.100009
0.100009
0.10001
0.10001
0.10001
0.10001
0.100011
0.100011
0.100011
0.100011
0.100008
0.100008
0.100008
0.100008
0.100009
0.100009
0.100009
0.100009
0.100009
0.10001
0.10001
0.10001
0.10001
0.100011
0.100011
0.100011
0.100011
0.100007
0.100008
0.100008
0.100008
0.100008
0.100009
0.100009
0.100009
0.100009
0.100009
0.10001
0.10001
0.10001
0.10001
0.100011
0.100011
0.100011
0.100011
0.100007
0.100007
0.100008
0.100008
0.100008
0.100008
0.100009
0.100009
0.100009
0.100009
0.100009
0.10001
0.10001
0.10001
0.10001
0.100011
0.100011
0.100011
0.100011
0.100007
0.100007
0.100007
0.100008
0.100008
0.100008
0.100008
0.100009
0.100009
0.100009
0.100009
0.100009
0.10001
0.10001
0.10001
0.10001
0.100011
0.100011
0.100011
0.100011
0.100007
0.100007
0.100007
0.100007
0.100008
0.100008
0.100008
0.100008
0.100008
0.100009
0.100009
0.100009
0.100009
0.10001
0.10001
0.10001
0.10001
0.100011
0.100011
0.100011
0.100011
0.100006
0.100007
0.100007
0.100007
0.100007
0.100008
0.100008
0.100008
0.100008
0.100008
0.100009
0.100009
0.100009
0.100009
0.10001
0.10001
0.10001
0.10001
0.100011
0.100011
0.100011
0.100011
0.100006
0.100006
0.100007
0.100007
0.100007
0.100007
0.100008
0.100008
0.100008
0.100008
0.100008
0.100009
0.100009
0.100009
0.100009
0.10001
0.10001
0.10001
0.10001
0.100011
0.100011
0.100011
0.100011
0.100006
0.100006
0.100006
0.100007
0.100007
0.100007
0.100007
0.100008
0.100008
0.100008
0.100008
0.100008
0.100009
0.100009
0.100009
0.100009
0.10001
0.10001
0.10001
0.10001
0.100011
0.100011
0.100011
0.100011
0.100006
0.100006
0.100006
0.100006
0.100007
0.100007
0.100007
0.100007
0.100008
0.100008
0.100008
0.100008
0.100008
0.100009
0.100009
0.100009
0.100009
0.10001
0.10001
0.10001
0.10001
0.100011
0.100011
0.100011
0.100011
0.100006
0.100006
0.100006
0.100006
0.100006
0.100007
0.100007
0.100007
0.100007
0.100008
0.100008
0.100008
0.100008
0.100008
0.100009
0.100009
0.100009
0.100009
0.10001
0.10001
0.10001
0.10001
0.100011
0.100011
0.100011
0.100011
0.100005
0.100006
0.100006
0.100006
0.100006
0.100006
0.100007
0.100007
0.100007
0.100007
0.100008
0.100008
0.100008
0.100008
0.100008
0.100009
0.100009
0.100009
0.100009
0.10001
0.10001
0.10001
0.10001
0.100011
0.100011
0.100011
0.100011
0.100005
0.100005
0.100006
0.100006
0.100006
0.100006
0.100006
0.100007
0.100007
0.100007
0.100007
0.100008
0.100008
0.100008
0.100008
0.100008
0.100009
0.100009
0.100009
0.100009
0.10001
0.10001
0.10001
0.10001
0.100011
0.100011
0.100011
0.100011
0.100005
0.100005
0.100005
0.100006
0.100006
0.100006
0.100006
0.100006
0.100007
0.100007
0.100007
0.100007
0.100008
0.100008
0.100008
0.100008
0.100008
0.100009
0.100009
0.100009
0.100009
0.10001
0.10001
0.10001
0.10001
0.100011
0.100011
0.100011
0.100011
0.100005
0.100005
0.100005
0.100005
0.100006
0.100006
0.100006
0.100006
0.100006
0.100007
0.100007
0.100007
0.100007
0.100008
0.100008
0.100008
0.100008
0.100008
0.100009
0.100009
0.100009
0.100009
0.10001
0.10001
0.10001
0.10001
0.100011
0.100011
0.100011
0.100011
0.100004
0.100005
0.100005
0.100005
0.100005
0.100006
0.100006
0.100006
0.100006
0.100006
0.100007
0.100007
0.100007
0.100007
0.100008
0.100008
0.100008
0.100008
0.100008
0.100009
0.100009
0.100009
0.100009
0.10001
0.10001
0.10001
0.10001
0.100011
0.100011
0.100011
0.100011
0.100004
0.100004
0.100005
0.100005
0.100005
0.100005
0.100006
0.100006
0.100006
0.100006
0.100006
0.100007
0.100007
0.100007
0.100007
0.100008
0.100008
0.100008
0.100008
0.100008
0.100009
0.100009
0.100009
0.100009
0.10001
0.10001
0.10001
0.10001
0.100011
0.100011
0.100011
0.100011
0.100004
0.100004
0.100004
0.100005
0.100005
0.100005
0.100005
0.100006
0.100006
0.100006
0.100006
0.100006
0.100007
0.100007
0.100007
0.100007
0.100008
0.100008
0.100008
0.100008
0.100008
0.100009
0.100009
0.100009
0.100009
0.10001
0.10001
0.10001
0.10001
0.100011
0.100011
0.100011
0.100011
0.100004
0.100004
0.100004
0.100004
0.100005
0.100005
0.100005
0.100005
0.100006
0.100006
0.100006
0.100006
0.100006
0.100007
0.100007
0.100007
0.100007
0.100008
0.100008
0.100008
0.100008
0.100008
0.100009
0.100009
0.100009
0.100009
0.10001
0.10001
0.10001
0.10001
0.100011
0.100011
0.100011
0.100011
0.100004
0.100004
0.100004
0.100004
0.100004
0.100005
0.100005
0.100005
0.100005
0.100006
0.100006
0.100006
0.100006
0.100006
0.100007
0.100007
0.100007
0.100007
0.100008
0.100008
0.100008
0.100008
0.100008
0.100009
0.100009
0.100009
0.100009
0.10001
0.10001
0.10001
0.10001
0.100011
0.100011
0.100011
0.100011
0.100011
0.100011
0.100011
0.100003
0.100004
0.100004
0.100004
0.100004
0.100004
0.100005
0.100005
0.100005
0.100005
0.100006
0.100006
0.100006
0.100006
0.100006
0.100007
0.100007
0.100007
0.100007
0.100008
0.100008
0.100008
0.100008
0.100008
0.100009
0.100009
0.100009
0.100009
0.10001
0.10001
0.10001
0.10001
0.100011
0.100011
0.100011
0.100011
0.100011
0.100011
0.100011
0.100003
0.100003
0.100004
0.100004
0.100004
0.100004
0.100004
0.100005
0.100005
0.100005
0.100005
0.100006
0.100006
0.100006
0.100006
0.100006
0.100007
0.100007
0.100007
0.100007
0.100008
0.100008
0.100008
0.100008
0.100008
0.100009
0.100009
0.100009
0.10001
0.100011
0.100013
0.100013
0.100011
0.100012
0.100011
0.100012
0.100012
0.100011
0.100011
0.100011
0.100011
0.100011
0.100011
0.100003
0.100003
0.100003
0.100004
0.100004
0.100004
0.100004
0.100004
0.100005
0.100005
0.100005
0.100005
0.100006
0.100006
0.100006
0.100006
0.100006
0.100007
0.100007
0.100007
0.100007
0.100008
0.100008
0.100008
0.100008
0.100009
0.100009
0.10001
0.100013
0.100022
0.100037
0.100047
0.100018
0.100048
0.100021
0.100012
0.100023
0.100024
0.100011
0.100012
0.100011
0.100011
0.100011
0.100011
0.100003
0.100003
0.100003
0.100003
0.100004
0.100004
0.100004
0.100004
0.100004
0.100005
0.100005
0.100005
0.100005
0.100006
0.100006
0.100006
0.100006
0.100006
0.100007
0.100007
0.100007
0.100007
0.100008
0.100008
0.100008
0.100008
0.100009
0.10001
0.100021
0.100067
0.100196
0.100368
0.100161
0.100541
0.100067
0.10026
0.100084
0.100022
0.100096
0.100096
0.100012
0.10002
0.100011
0.100011
0.100011
0.100011
0.100002
0.100003
0.100003
0.100003
0.100003
0.100004
0.100004
0.100004
0.100004
0.100004
0.100005
0.100005
0.100005
0.100005
0.100006
0.100006
0.100006
0.100006
0.100006
0.100007
0.100007
0.100007
0.100007
0.100008
0.100008
0.100008
0.100009
0.100013
0.100039
0.100209
0.100791
0.102149
0.10155
0.104022
0.100916
0.102772
0.100366
0.101377
0.100454
0.100084
0.100503
0.100491
0.100016
0.100064
0.100014
0.100011
0.100012
0.100011
0.100002
0.100002
0.100003
0.100003
0.100003
0.100003
0.100004
0.100004
0.100004
0.100004
0.100004
0.100005
0.100005
0.100005
0.100005
0.100006
0.100006
0.100006
0.100006
0.100006
0.100007
0.100007
0.100007
0.100007
0.100008
0.100008
0.100008
0.100014
0.100085
0.100465
0.102407
0.107602
0.108855
0.118132
0.107211
0.116336
0.104314
0.111495
0.101842
0.106067
0.102199
0.100418
0.102366
0.102265
0.100042
0.100302
0.100026
0.100011
0.100016
0.100012
0.100002
0.100002
0.100002
0.100003
0.100003
0.100003
0.100003
0.100004
0.100004
0.100004
0.100004
0.100004
0.100005
0.100005
0.100005
0.100005
0.100006
0.100006
0.100006
0.100006
0.100006
0.100007
0.100007
0.100007
0.100007
0.100008
0.100008
0.100014
0.100121
0.101074
0.104895
0.118985
0.129271
0.14533
0.131105
0.150186
0.125858
0.147438
0.116543
0.136979
0.107731
0.121758
0.108918
0.101913
0.109362
0.108904
0.100183
0.101381
0.100089
0.100011
0.100036
0.100017
0.100002
0.100002
0.100002
0.100002
0.100003
0.100003
0.100003
0.100003
0.100004
0.100004
0.100004
0.100004
0.100004
0.100005
0.100005
0.100005
0.100005
0.100006
0.100006
0.100006
0.100006
0.100006
0.100007
0.100007
0.100007
0.100007
0.100008
0.100013
0.100129
0.101429
0.109585
0.133212
0.159873
0.177768
0.17195
0.19399
0.173223
0.200817
0.165069
0.1968
0.148206
0.182093
0.126162
0.158138
0.128929
0.107549
0.129657
0.128186
0.100835
0.105545
0.100404
0.100012
0.100151
0.100046
0.100001
0.100002
0.100002
0.100002
0.100002
0.100003
0.100003
0.100003
0.100003
0.100004
0.100004
0.100004
0.100004
0.100004
0.100005
0.100005
0.100005
0.100005
0.100006
0.100006
0.100006
0.100006
0.100006
0.100007
0.100007
0.100007
0.100007
0.100011
0.100115
0.101645
0.111609
0.149852
0.191351
0.206536
0.215276
0.234744
0.228052
0.253553
0.229124
0.260769
0.218612
0.255445
0.196821
0.237485
0.165287
0.208227
0.169268
0.124449
0.169706
0.166412
0.103511
0.118965
0.101891
0.100018
0.100727
0.100261
0.100001
0.100001
0.100002
0.100002
0.100002
0.100002
0.100003
0.100003
0.100003
0.100003
0.100004
0.100004
0.100004
0.100004
0.100004
0.100005
0.100005
0.100005
0.100005
0.100006
0.100006
0.100006
0.100006
0.100006
0.100007
0.100007
0.100007
0.100009
0.100079
0.101534
0.113673
0.156759
0.216831
0.227663
0.251552
0.26564
0.276319
0.296334
0.290249
0.315164
0.290326
0.322373
0.277999
0.316989
0.252614
0.29647
0.215598
0.263602
0.219059
0.159288
0.218632
0.214339
0.112848
0.148842
0.107404
0.100085
0.10375
0.101779
0.100001
0.100001
0.100002
0.100002
0.100002
0.100002
0.100002
0.100003
0.100003
0.100003
0.100003
0.100004
0.100004
0.100004
0.100004
0.100004
0.100005
0.100005
0.100005
0.100005
0.100006
0.100006
0.100006
0.100006
0.100006
0.100007
0.100007
0.100009
0.100054
0.101235
0.113247
0.164427
0.235288
0.233254
0.277158
0.286939
0.311437
0.322127
0.332739
0.341069
0.343458
0.351959
0.347096
0.359344
0.337931
0.362617
0.31061
0.353832
0.270071
0.320324
0.272362
0.205992
0.270735
0.265251
0.136454
0.194432
0.124992
0.100367
0.116019
0.108114
0.100001
0.100001
0.100002
0.100002
0.100002
0.100002
0.100002
0.100002
0.100003
0.100003
0.100003
0.100003
0.100004
0.100004
0.100004
0.100004
0.100004
0.100005
0.100005
0.100005
0.100005
0.100006
0.100006
0.100006
0.100006
0.100006
0.100007
0.100008
0.100039
0.100833
0.112047
0.163635
0.271447
0.291484
0.303622
0.32806
0.331555
0.344621
0.344888
0.353356
0.352084
0.361079
0.358412
0.368855
0.366382
0.373832
0.375692
0.365342
0.382795
0.325387
0.372983
0.326311
0.256242
0.323532
0.317317
0.180067
0.24487
0.16544
0.101796
0.14798
0.130731
0.100001
0.100003
0.100004
0.100004
0.100003
0.100002
0.100002
0.100002
0.100002
0.100003
0.100003
0.100003
0.100003
0.100004
0.100004
0.100004
0.100004
0.100004
0.100005
0.100005
0.100005
0.100005
0.100006
0.100006
0.100006
0.100006
0.100006
0.100007
0.100029
0.100571
0.10965
0.160262
0.267702
0.33363
0.332704
0.332783
0.33419
0.344386
0.343315
0.348755
0.343454
0.351476
0.338492
0.357106
0.338317
0.368622
0.348625
0.381392
0.367932
0.390339
0.387069
0.37665
0.397227
0.376848
0.308504
0.373845
0.367682
0.233022
0.298971
0.22184
0.124085
0.20756
0.210647
0.100002
0.100006
0.10001
0.100012
0.10001
0.100006
0.100003
0.100002
0.100002
0.100002
0.100003
0.100003
0.100003
0.100003
0.100004
0.100004
0.100004
0.100004
0.100004
0.100005
0.100005
0.100005
0.100005
0.100006
0.100006
0.100006
0.100006
0.100007
0.10002
0.100375
0.106993
0.152756
0.258328
0.331425
0.329473
0.340533
0.340521
0.342013
0.341057
0.336945
0.330556
0.323269
0.308628
0.313694
0.288837
0.316775
0.282345
0.336374
0.294542
0.366658
0.324898
0.39316
0.367222
0.40307
0.40021
0.407373
0.360271
0.409344
0.408562
0.291067
0.353813
0.290116
0.241213
0.306097
0.354924
0.100001
0.100008
0.100018
0.100027
0.100032
0.100025
0.100013
0.100005
0.100002
0.100002
0.100002
0.100003
0.100003
0.100003
0.100003
0.100004
0.100004
0.100004
0.100004
0.100004
0.100005
0.100005
0.100005
0.100005
0.100006
0.100006
0.100006
0.100006
0.100014
0.100241
0.104619
0.14196
0.241514
0.326478
0.316637
0.3407
0.341151
0.322147
0.322906
0.325617
0.32266
0.296038
0.286346
0.267505
0.251946
0.252601
0.234092
0.253821
0.227912
0.27546
0.233391
0.317864
0.262885
0.371168
0.316808
0.407963
0.379124
0.415365
0.405482
0.421407
0.425808
0.352668
0.403693
0.368077
0.22137
0.401238
0.360723
0.100004
0.100022
0.10004
0.100058
0.100064
0.100059
0.100028
0.100006
0.100002
0.100002
0.100002
0.100003
0.100003
0.100003
0.100003
0.100004
0.100004
0.100004
0.100004
0.100004
0.100005
0.100005
0.100005
0.100005
0.100006
0.100006
0.100006
0.100011
0.100147
0.102786
0.130965
0.221209
0.326797
0.341749
0.344971
0.324904
0.328562
0.279856
0.282693
0.280725
0.27895
0.241316
0.235095
0.225361
0.220578
0.218103
0.216097
0.214385
0.210891
0.221291
0.207317
0.257153
0.21506
0.322287
0.257957
0.390094
0.334219
0.4023
0.42911
0.414067
0.423874
0.409789
0.432823
0.425968
0.112224
0.423961
0.256194
0.100005
0.100035
0.100074
0.100114
0.10013
0.100117
0.100032
0.100006
0.100002
0.100002
0.100002
0.100003
0.100003
0.100003
0.100003
0.100004
0.100004
0.100004
0.100004
0.100004
0.100005
0.100005
0.100005
0.100005
0.100006
0.100006
0.100009
0.100092
0.101558
0.121085
0.198262
0.313182
0.341214
0.343236
0.332391
0.338212
0.288197
0.295271
0.236333
0.241918
0.232421
0.233431
0.217061
0.213485
0.215949
0.215802
0.214405
0.223204
0.208166
0.222446
0.203478
0.210146
0.213067
0.202019
0.265164
0.214452
0.350246
0.278468
0.367696
0.430958
0.384802
0.399583
0.43848
0.43654
0.441361
0.105998
0.411467
0.223092
0.100005
0.100049
0.100127
0.100192
0.100225
0.100142
0.100031
0.100005
0.100002
0.100002
0.100002
0.100003
0.100003
0.100003
0.100003
0.100004
0.100004
0.100004
0.100004
0.100004
0.100005
0.100005
0.100005
0.100005
0.100006
0.100007
0.100057
0.100865
0.113376
0.174188
0.290246
0.342798
0.322131
0.330975
0.303589
0.313039
0.25003
0.259941
0.208155
0.213218
0.209405
0.20719
0.21414
0.209999
0.231867
0.235528
0.246352
0.268887
0.238776
0.277276
0.215441
0.257136
0.202479
0.220892
0.2187
0.203692
0.296442
0.2264
0.318986
0.410475
0.338109
0.351501
0.383096
0.440249
0.429252
0.414288
0.438542
0.122704
0.404775
0.318247
0.100006
0.10006
0.100191
0.100294
0.100316
0.100135
0.100027
0.100005
0.100002
0.100002
0.100002
0.100003
0.100003
0.100003
0.100003
0.100004
0.100004
0.100004
0.100004
0.100004
0.100005
0.100005
0.100005
0.100005
0.100006
0.100034
0.100643
0.107971
0.152709
0.261668
0.341892
0.320169
0.330656
0.296026
0.308686
0.271338
0.283681
0.222384
0.233839
0.192916
0.196309
0.203183
0.194563
0.232047
0.220763
0.281147
0.282547
0.312282
0.3346
0.307844
0.351664
0.273159
0.334268
0.224358
0.286032
0.20629
0.225301
0.241313
0.206497
0.215094
0.295068
0.256406
0.35888
0.39387
0.367645
0.313823
0.276247
0.262154
0.324375
0.432422
0.418521
0.415741
0.397345
0.420931
0.429723
0.424856
0.327302
0.408774
0.425446
0.424949
0.419737
0.374283
0.414557
0.100006
0.100069
0.100272
0.100407
0.100343
0.100113
0.100019
0.100004
0.100002
0.100002
0.100002
0.100003
0.100003
0.100003
0.100003
0.100004
0.100004
0.100004
0.100004
0.100004
0.100005
0.100005
0.100005
0.100006
0.100019
0.100322
0.104432
0.136131
0.230195
0.335184
0.33731
0.343537
0.301896
0.314704
0.274612
0.288524
0.246866
0.260666
0.205564
0.21813
0.182066
0.184702
0.203898
0.1879
0.271002
0.245547
0.34125
0.335932
0.381149
0.392904
0.385011
0.418687
0.356109
0.412403
0.257828
0.296433
0.332729
0.370125
0.208888
0.226855
0.299124
0.296094
0.256835
0.204514
0.221726
0.208279
0.20673
0.228665
0.334073
0.373781
0.343958
0.286194
0.247348
0.235659
0.297682
0.404011
0.400459
0.378728
0.408646
0.414816
0.358121
0.420006
0.439018
0.425521
0.420788
0.428424
0.434372
0.100006
0.100092
0.100369
0.100497
0.10033
0.100083
0.100012
0.100003
0.100002
0.100002
0.100002
0.100003
0.100003
0.100003
0.100003
0.100004
0.100004
0.100004
0.100004
0.100004
0.100005
0.100005
0.100006
0.100017
0.100181
0.102395
0.123732
0.200297
0.316846
0.348679
0.326342
0.336499
0.289292
0.302447
0.261434
0.275618
0.23227
0.246898
0.194277
0.208477
0.171341
0.173075
0.21199
0.182608
0.312184
0.270793
0.390749
0.368142
0.43254
0.43096
0.449409
0.464276
0.399582
0.429392
0.447904
0.467518
0.336569
0.374181
0.40754
0.222393
0.252885
0.337711
0.336615
0.293333
0.205593
0.209425
0.206249
0.218424
0.212544
0.30883
0.351987
0.319473
0.259192
0.217102
0.224636
0.271151
0.383159
0.387981
0.35848
0.394204
0.402211
0.211518
0.367337
0.44066
0.411371
0.41975
0.426732
0.439276
0.100009
0.10015
0.100471
0.100522
0.100283
0.100054
0.100007
0.100002
0.100002
0.100002
0.100002
0.100003
0.100003
0.100003
0.100003
0.100004
0.100004
0.100004
0.100004
0.100004
0.100005
0.100006
0.100015
0.10009
0.101102
0.11491
0.174732
0.286143
0.348664
0.337586
0.345512
0.314746
0.326345
0.282799
0.295551
0.254961
0.269285
0.224145
0.239854
0.1839
0.200315
0.160434
0.160003
0.218316
0.175392
0.329568
0.277935
0.408542
0.373385
0.462214
0.442036
0.476211
0.484143
0.484876
0.483603
0.435608
0.458243
0.475408
0.487258
0.377137
0.412221
0.441909
0.247874
0.288852
0.377978
0.377162
0.333701
0.214717
0.206478
0.212591
0.241693
0.207801
0.283092
0.328773
0.294485
0.234681
0.209738
0.21302
0.246365
0.364221
0.370351
0.336721
0.377971
0.387455
0.134628
0.432501
0.324131
0.398241
0.408782
0.419953
0.438833
0.100015
0.100244
0.100542
0.100507
0.10019
0.100029
0.100004
0.100002
0.100002
0.100002
0.100002
0.100003
0.100003
0.100003
0.100003
0.100003
0.100004
0.100004
0.100004
0.100005
0.100007
0.100017
0.100085
0.100759
0.108986
0.152452
0.253297
0.342762
0.352619
0.329867
0.33923
0.307537
0.318957
0.279956
0.29233
0.251672
0.266454
0.218184
0.235544
0.171658
0.190331
0.148648
0.146797
0.217076
0.166046
0.328232
0.271048
0.407593
0.361527
0.476479
0.463864
0.438944
0.494533
0.496827
0.495714
0.490247
0.465695
0.483734
0.496377
0.504141
0.415128
0.446494
0.471677
0.282633
0.328773
0.416134
0.415464
0.374234
0.234817
0.209948
0.228196
0.274782
0.209103
0.258407
0.305011
0.270399
0.217703
0.208671
0.20914
0.225516
0.344014
0.351831
0.314456
0.360999
0.372028
0.131282
0.427337
0.317126
0.384742
0.399224
0.417569
0.439232
0.100031
0.100346
0.100557
0.100436
0.100107
0.100014
0.100003
0.100002
0.100002
0.100002
0.100002
0.100003
0.100003
0.100003
0.100003
0.100004
0.100004
0.100004
0.100005
0.10001
0.100025
0.100089
0.100468
0.105198
0.136119
0.222976
0.326402
0.358353
0.343983
0.351179
0.324773
0.334157
0.303777
0.314544
0.277844
0.290209
0.248111
0.263889
0.210833
0.230389
0.15696
0.176866
0.136404
0.133865
0.205475
0.153856
0.307477
0.246994
0.388556
0.328886
0.480414
0.465875
0.411879
0.442344
0.507199
0.506892
0.502452
0.494108
0.490718
0.504115
0.51251
0.516209
0.449447
0.476198
0.496435
0.321864
0.369248
0.450677
0.45027
0.412741
0.26558
0.221849
0.255404
0.313076
0.216472
0.2365
0.282029
0.249009
0.209775
0.211669
0.208161
0.213034
0.323698
0.33347
0.293193
0.344517
0.357731
0.154076
0.428282
0.355839
0.373484
0.393096
0.418914
0.441346
0.100067
0.100424
0.100526
0.100285
0.100049
0.100006
0.100002
0.100002
0.100002
0.100002
0.100002
0.100003
0.100003
0.100003
0.100003
0.100004
0.100004
0.100008
0.10002
0.100053
0.100114
0.100352
0.10282
0.124029
0.195389
0.29983
0.356875
0.357666
0.338769
0.346356
0.321156
0.330081
0.301346
0.31159
0.273744
0.286779
0.240943
0.258559
0.199274
0.22099
0.140874
0.159534
0.123893
0.121273
0.182953
0.138623
0.270834
0.211943
0.384903
0.346699
0.278233
0.319028
0.481083
0.464126
0.403696
0.433663
0.516336
0.513894
0.506552
0.495327
0.510709
0.519797
0.524261
0.524981
0.479238
0.500883
0.51616
0.362313
0.408105
0.480748
0.480784
0.448002
0.302359
0.244091
0.289642
0.353324
0.231551
0.22018
0.261512
0.231808
0.206789
0.21967
0.211652
0.207431
0.304489
0.316487
0.2743
0.329888
0.346011
0.204644
0.43788
0.405129
0.365824
0.391126
0.421877
0.444895
0.100146
0.10044
0.100405
0.100141
0.10002
0.100003
0.100002
0.100002
0.100002
0.100002
0.100002
0.100003
0.100003
0.100003
0.100004
0.100005
0.100014
0.100053
0.100113
0.100173
0.100375
0.101719
0.115039
0.171224
0.271234
0.35035
0.364002
0.348772
0.354653
0.333723
0.34103
0.317389
0.325805
0.298134
0.308242
0.264659
0.279506
0.227148
0.247214
0.182129
0.205045
0.124976
0.139227
0.112482
0.110337
0.156133
0.123376
0.228858
0.176039
0.369439
0.334308
0.269262
0.299426
0.479988
0.459358
0.392331
0.425274
0.523456
0.518071
0.50847
0.494999
0.525987
0.531284
0.5326
0.531798
0.504044
0.520531
0.531218
0.401608
0.443991
0.505877
0.506426
0.479172
0.341948
0.27329
0.327101
0.393099
0.253837
0.210956
0.244999
0.220154
0.206691
0.234603
0.219026
0.205316
0.287701
0.301989
0.259088
0.318183
0.337786
0.349123
0.448275
0.444652
0.362126
0.392203
0.425777
0.449427
0.100272
0.100388
0.100234
0.100059
0.100008
0.100002
0.100002
0.100002
0.100002
0.100002
0.100002
0.100003
0.100003
0.100004
0.100008
0.100037
0.100134
0.10024
0.100354
0.100534
0.101541
0.109344
0.150216
0.243456
0.335146
0.364734
0.35897
0.341271
0.346956
0.327685
0.334583
0.312007
0.320208
0.292067
0.302762
0.247923
0.265526
0.205279
0.227633
0.159774
0.182132
0.111512
0.119217
0.106634
0.104956
0.133266
0.113449
0.219623
0.188376
0.170475
0.145035
0.35596
0.317929
0.247772
0.281093
0.476908
0.453699
0.381082
0.41638
0.527757
0.52011
0.508701
0.493154
0.53724
0.539198
0.538975
0.53603
0.523791
0.535469
0.542194
0.438317
0.476026
0.525923
0.526946
0.505607
0.381688
0.305665
0.365016
0.430672
0.280058
0.207263
0.233571
0.213756
0.20948
0.253337
0.23064
0.205826
0.274303
0.290938
0.248303
0.31014
0.333511
0.271584
0.457446
0.429447
0.362085
0.395394
0.430449
0.454051
0.100311
0.100259
0.100113
0.100021
0.100003
0.100001
0.100001
0.100002
0.100002
0.100002
0.100002
0.100003
0.100004
0.100014
0.100085
0.100305
0.100604
0.100933
0.101163
0.101821
0.106981
0.135427
0.217874
0.313666
0.36261
0.363531
0.344332
0.349886
0.332587
0.338233
0.319697
0.326419
0.303309
0.312103
0.280447
0.292898
0.222113
0.242667
0.176399
0.199511
0.134763
0.154389
0.104987
0.107506
0.105134
0.103071
0.132464
0.118162
0.110371
0.203674
0.179452
0.159231
0.142409
0.342793
0.303689
0.232856
0.266365
0.472894
0.447325
0.37024
0.40774
0.529979
0.520768
0.508092
0.490813
0.544793
0.545001
0.542922
0.538264
0.538733
0.546237
0.549304
0.471484
0.503544
0.541049
0.542494
0.526986
0.419839
0.339202
0.40087
0.464925
0.307294
0.2069
0.226572
0.211975
0.215144
0.274021
0.245267
0.207966
0.264989
0.283921
0.242225
0.306299
0.333217
0.184034
0.458692
0.389603
0.364647
0.401548
0.436298
0.458657
0.100252
0.100144
0.100047
0.100007
0.100002
0.100001
0.100001
0.100002
0.100002
0.100002
0.100003
0.100005
0.100023
0.100174
0.1007
0.101749
0.102831
0.103347
0.103456
0.107
0.126562
0.194328
0.290757
0.356306
0.364273
0.350677
0.332944
0.337571
0.321904
0.327508
0.308257
0.315593
0.288931
0.299493
0.260789
0.276154
0.188322
0.210702
0.144797
0.165672
0.114051
0.12671
0.102574
0.10295
0.10572
0.102815
0.128563
0.118229
0.108698
0.112869
0.195261
0.173285
0.155241
0.140459
0.330226
0.290471
0.222053
0.253776
0.468653
0.440984
0.361219
0.400805
0.530938
0.52079
0.506941
0.488623
0.549758
0.548825
0.544976
0.539491
0.549383
0.552886
0.553712
0.500303
0.526036
0.551771
0.553606
0.543308
0.45425
0.370831
0.431788
0.494583
0.334363
0.208297
0.223913
0.213135
0.224705
0.296595
0.262972
0.213647
0.260254
0.281492
0.24056
0.306367
0.335957
0.153712
0.454942
0.360053
0.371917
0.409831
0.443759
0.462027
0.100154
0.100069
0.100017
0.100003
0.100001
0.100001
0.100001
0.100002
0.100002
0.100002
0.100006
0.10004
0.100331
0.101622
0.104948
0.10846
0.1104
0.109462
0.108917
0.123871
0.175335
0.268703
0.342944
0.363186
0.354942
0.324963
0.319682
0.325369
0.307738
0.314031
0.291092
0.300198
0.266667
0.280033
0.231912
0.250681
0.151613
0.172698
0.117795
0.132539
0.10495
0.109446
0.101871
0.101496
0.111614
0.113611
0.108178
0.104929
0.102929
0.128468
0.119334
0.11723
0.18907
0.170252
0.154631
0.141535
0.319439
0.278837
0.212856
0.242664
0.465161
0.435899
0.357199
0.397892
0.531679
0.520963
0.506665
0.487856
0.553252
0.550666
0.546445
0.540804
0.555727
0.556925
0.55686
0.523951
0.54332
0.558027
0.560055
0.555031
0.481392
0.400412
0.458918
0.516582
0.361558
0.211535
0.224307
0.216253
0.237128
0.320293
0.281347
0.221497
0.260006
0.282502
0.241517
0.310092
0.345013
0.117906
0.449309
0.313484
0.382961
0.420286
0.451704
0.464377
0.100082
0.100028
0.100005
0.100001
0.100001
0.100001
0.100001
0.100002
0.100002
0.100006
0.100056
0.100538
0.103376
0.111656
0.12148
0.125718
0.122263
0.114983
0.124745
0.164935
0.248689
0.327343
0.359216
0.355572
0.331108
0.293386
0.308197
0.298624
0.302504
0.287827
0.295911
0.266225
0.278033
0.235424
0.252061
0.195013
0.216253
0.12045
0.135871
0.105749
0.111201
0.101738
0.10295
0.101941
0.101136
0.119405
0.123668
0.11637
0.108938
0.104304
0.131591
0.123835
0.125095
0.185647
0.169558
0.156193
0.145826
0.314094
0.272379
0.207061
0.235973
0.463811
0.433861
0.356487
0.397454
0.532695
0.521872
0.507215
0.48799
0.555372
0.552686
0.54851
0.542675
0.55956
0.559821
0.559219
0.540105
0.554552
0.562064
0.564091
0.561134
0.503491
0.427425
0.482074
0.533754
0.387455
0.216896
0.227036
0.222306
0.249834
0.342069
0.298719
0.230715
0.262567
0.288377
0.245876
0.322283
0.359629
0.133254
0.443702
0.337107
0.39673
0.431626
0.459441
0.465982
0.100035
0.100009
0.100002
0.100001
0.100001
0.100001
0.100001
0.100002
0.100006
0.100066
0.100782
0.105869
0.121315
0.137575
0.143463
0.138483
0.127698
0.128883
0.163581
0.231965
0.310878
0.350421
0.353952
0.334207
0.294408
0.286938
0.26704
0.273085
0.27977
0.260366
0.271001
0.23285
0.247696
0.196521
0.21566
0.155304
0.175885
0.106368
0.112096
0.101561
0.103181
0.100863
0.100941
0.103879
0.102028
0.101191
0.130414
0.13823
0.12867
0.118595
0.108886
0.137699
0.131058
0.136401
0.186117
0.171892
0.161986
0.154197
0.313061
0.271075
0.206341
0.234737
0.463742
0.433611
0.360566
0.401542
0.534593
0.523911
0.50913
0.490772
0.557628
0.554893
0.550778
0.545265
0.562556
0.562367
0.561167
0.552391
0.562158
0.564742
0.566494
0.565691
0.522348
0.451527
0.50484
0.547609
0.410127
0.225657
0.235724
0.233854
0.263952
0.363854
0.319743
0.244457
0.270755
0.305566
0.258694
0.341774
0.377559
0.261648
0.446133
0.411967
0.411464
0.443027
0.465935
0.468217
0.100017
0.100003
0.100001
0.100001
0.100001
0.100001
0.100002
0.100006
0.100071
0.100975
0.108705
0.131402
0.153281
0.162034
0.157477
0.144587
0.13873
0.165728
0.223848
0.294514
0.338931
0.348476
0.334668
0.298356
0.231403
0.259056
0.233151
0.239372
0.249575
0.224748
0.238149
0.192419
0.209484
0.155156
0.174021
0.121586
0.136753
0.101588
0.103282
0.100427
0.10075
0.100658
0.100459
0.107209
0.102894
0.102249
0.101114
0.146584
0.158686
0.145953
0.132078
0.118089
0.147771
0.142028
0.153383
0.192765
0.180956
0.173501
0.168464
0.317099
0.275032
0.211349
0.238797
0.466827
0.437161
0.374369
0.414158
0.537932
0.528362
0.515677
0.498773
0.559161
0.556488
0.55297
0.54847
0.564729
0.563859
0.56206
0.561673
0.565866
0.566756
0.568429
0.567535
0.541507
0.475824
0.527755
0.559001
0.43822
0.242608
0.255005
0.259329
0.286907
0.396185
0.358781
0.273507
0.293629
0.3289
0.289279
0.364902
0.396579
0.167226
0.456393
0.414205
0.426081
0.453551
0.470987
0.471645
0.100006
0.100001
0.100001
0.100001
0.100001
0.100001
0.100005
0.10007
0.101073
0.110943
0.139326
0.166923
0.180046
0.178449
0.166432
0.15671
0.172993
0.224092
0.281548
0.325751
0.338489
0.332351
0.299063
0.235337
0.15925
0.201804
0.161158
0.223083
0.19145
0.211392
0.182669
0.197758
0.149638
0.166735
0.120553
0.13357
0.106451
0.111895
0.100327
0.100712
0.100181
0.100172
0.100626
0.100348
0.115011
0.105624
0.103589
0.101446
0.169156
0.184743
0.168398
0.150344
0.131929
0.163785
0.158967
0.177119
0.208908
0.198775
0.193662
0.190517
0.331444
0.289525
0.226405
0.253283
0.476606
0.448513
0.39928
0.436136
0.542628
0.535171
0.525726
0.511051
0.559918
0.557371
0.554321
0.55085
0.56632
0.564826
0.562693
0.564665
0.567526
0.568475
0.570444
0.57029
0.554507
0.509661
0.546972
0.563167
0.486434
0.281573
0.290237
0.303683
0.338995
0.459763
0.433882
0.330871
0.321855
0.357333
0.320231
0.388011
0.414398
0.169773
0.461723
0.420506
0.439108
0.462908
0.475608
0.475648
0.100003
0.100001
0.100001
0.100001
0.100001
0.100004
0.10006
0.101076
0.111801
0.144026
0.177318
0.195923
0.199056
0.191612
0.183295
0.189906
0.22813
0.275804
0.31365
0.327086
0.324955
0.296789
0.235296
0.146438
0.153909
0.12351
0.128617
0.179924
0.145142
0.167081
0.138932
0.152906
0.116757
0.126134
0.105711
0.110139
0.101496
0.102993
0.100066
0.100127
0.100122
0.100066
0.101056
0.100599
0.100332
0.126084
0.109824
0.106216
0.102386
0.197886
0.214835
0.194336
0.171489
0.148123
0.187329
0.183065
0.207874
0.23721
0.228509
0.224659
0.222542
0.358644
0.317716
0.254471
0.281397
0.491902
0.467266
0.435992
0.467466
0.546466
0.54061
0.534228
0.526164
0.560508
0.558154
0.555506
0.55256
0.567127
0.565051
0.562792
0.567565
0.571157
0.569905
0.572873
0.572225
0.558886
0.533491
0.549525
0.564566
0.515753
0.334767
0.324652
0.342455
0.406019
0.493546
0.466216
0.387916
0.355213
0.382485
0.357701
0.407928
0.429494
0.967776
0.467557
0.447137
0.450963
0.471199
0.480045
0.480126
0.100001
0.100001
0.100001
0.100001
0.100003
0.100042
0.100894
0.111612
0.145568
0.184094
0.208344
0.215996
0.21445
0.211699
0.218063
0.24115
0.27585
0.305277
0.315911
0.314087
0.289353
0.22945
0.148374
0.105763
0.118972
0.106465
0.107554
0.135282
0.114505
0.125683
0.111849
0.117895
0.104279
0.107369
0.101201
0.102342
0.100273
0.100582
0.100026
0.100025
0.100133
0.100045
0.101375
0.100683
0.100458
0.100314
0.139302
0.117089
0.109356
0.103441
0.231599
0.247147
0.221868
0.19388
0.165592
0.219769
0.215152
0.244993
0.279939
0.2714
0.267578
0.265122
0.399632
0.361268
0.298085
0.325728
0.512746
0.4932
0.4831
0.505984
0.549486
0.545812
0.540546
0.535245
0.560521
0.558186
0.555735
0.554211
0.568844
0.567595
0.565379
0.569226
0.57109
0.572875
0.582899
0.583698
0.555501
0.53344
0.541354
0.560204
0.509868
0.380029
0.363982
0.383382
0.442148
0.484451
0.459687
0.42505
0.380739
0.403155
0.381466
0.423873
0.443509
2.7585
0.478609
0.613311
0.461559
0.478038
0.484414
0.485231
0.100001
0.100001
0.100001
0.100002
0.100027
0.100615
0.110235
0.145111
0.186711
0.215223
0.225871
0.228668
0.231543
0.239738
0.255233
0.275976
0.29875
0.305277
0.301024
0.275902
0.216874
0.145085
0.105937
0.100332
0.102061
0.10481
0.101353
0.110476
0.103413
0.107109
0.102751
0.104546
0.100818
0.10155
0.100193
0.100408
0.100044
0.10009
0.100019
0.100013
0.100265
0.100361
0.100108
0.100057
0.101959
0.100849
0.1006
0.151556
0.125871
0.113567
0.10508
0.268894
0.279587
0.248646
0.215177
0.181854
0.26148
0.254943
0.28718
0.336914
0.325901
0.320444
0.316469
0.453699
0.419077
0.357005
0.38602
0.529294
0.519839
0.520704
0.528853
0.55223
0.549063
0.54526
0.543113
0.563282
0.562252
0.558617
0.556836
0.572003
0.579098
0.57696
0.58343
0.58345
0.580604
0.592922
0.593853
0.580401
0.523596
0.574657
0.580893
0.560826
0.415812
0.384543
0.402085
0.439775
0.548783
0.535824
0.426792
0.402101
0.420711
0.404286
0.440108
0.455286
3.05045
0.489966
1.00636
0.470704
0.484308
0.48885
0.488925
0.100002
0.100001
0.100001
0.100017
0.100369
0.107289
0.142355
0.186528
0.217364
0.229011
0.232445
0.235634
0.242954
0.25534
0.272478
0.288555
0.291264
0.283455
0.254788
0.198055
0.137132
0.105086
0.100348
0.100019
0.100308
0.100062
0.100023
0.10089
0.100206
0.102281
0.100575
0.10143
0.100469
0.100844
0.100119
0.100242
0.100029
0.100058
0.100012
0.100017
0.100021
0.100011
0.100377
0.100286
0.100127
0.100081
0.102555
0.101099
0.100621
0.16196
0.134523
0.118632
0.106731
0.307644
0.310938
0.273385
0.234247
0.195828
0.310681
0.301132
0.331432
0.405538
0.389978
0.379474
0.372288
0.508185
0.48663
0.429282
0.458636
0.538613
0.533043
0.535853
0.537631
0.553964
0.5523
0.549618
0.548007
0.575026
0.574002
0.571889
0.570094
0.579712
0.589007
0.5875
0.595298
0.594704
0.591368
0.605891
0.606958
0.595246
0.565736
0.593164
0.595139
0.587114
0.416733
0.416644
0.423521
0.517708
0.581774
0.5726
0.508415
0.420679
0.439649
0.425865
0.452419
0.465428
3.21386
0.538519
2.34781
0.479139
0.489437
0.493052
0.495339
0.100004
0.100002
0.10001
0.100225
0.104581
0.135428
0.184317
0.21698
0.228777
0.231776
0.233296
0.238355
0.247865
0.260102
0.2677
0.267001
0.255642
0.224231
0.173702
0.126937
0.104163
0.100281
0.100016
0.100011
0.100006
0.100029
0.100006
0.10012
0.100353
0.100071
0.100206
0.100061
0.100115
0.100018
0.100033
0.100009
0.100012
0.100009
0.100008
0.100025
0.100012
0.100434
0.100312
0.10015
0.100047
0.100213
0.100108
0.103341
0.101377
0.100816
0.169016
0.140311
0.121665
0.108535
0.345605
0.340094
0.29558
0.25035
0.206578
0.363136
0.349965
0.374276
0.481042
0.460274
0.44263
0.4291
0.53386
0.525564
0.500377
0.515523
0.545649
0.541949
0.544318
0.545772
0.568738
0.567419
0.566215
0.56509
0.585876
0.584943
0.583447
0.582326
0.5901
0.602061
0.600558
0.608974
0.608149
0.604164
0.618307
0.619699
0.61027
0.590271
0.609815
0.609411
0.607681
0.440999
0.503241
0.432619
0.440598
0.564433
0.605491
0.600935
0.557079
0.442183
0.451404
0.439902
0.463193
0.474555
3.23604
0.752646
3.02052
0.485863
0.494232
0.497167
0.522002
0.100006
0.100007
0.100119
0.102612
0.126911
0.177838
0.215027
0.22743
0.228239
0.223532
0.220998
0.223273
0.227761
0.230319
0.228665
0.215523
0.186295
0.147541
0.116623
0.102808
0.10021
0.100014
0.100005
0.100008
0.100006
0.100005
0.100017
0.100005
0.100043
0.100012
0.100026
0.100011
0.100016
0.100007
0.100009
0.100007
0.100007
0.100009
0.100008
0.100032
0.100062
0.100013
0.100469
0.100368
0.100277
0.100146
0.104019
0.101675
0.100933
0.172799
0.142271
0.122845
0.109762
0.380182
0.366244
0.315579
0.263827
0.214544
0.415095
0.39752
0.413278
0.525401
0.514926
0.502626
0.484904
0.542866
0.539819
0.53186
0.538584
0.549776
0.54686
0.562287
0.562951
0.58114
0.580196
0.579195
0.563254
0.578229
0.599237
0.598435
0.597022
0.595889
0.603096
0.615211
0.61352
0.622492
0.621632
0.617263
0.623827
0.608909
0.624092
0.623293
0.623516
0.49864
0.551256
0.436779
0.495027
0.596687
0.622919
0.619935
0.592076
0.451791
0.461356
0.450665
0.472405
0.481593
3.24864
1.12089
3.22077
0.492212
0.498331
0.5011
0.595379
0.100012
0.100064
0.101349
0.118661
0.167521
0.210438
0.224776
0.221747
0.206667
0.191501
0.183331
0.18171
0.18258
0.18046
0.169727
0.148484
0.125005
0.10843
0.101498
0.100129
0.100011
0.100005
0.100005
0.100005
0.100007
0.100006
0.100005
0.100005
0.100009
0.100006
0.100008
0.100007
0.100007
0.100007
0.100007
0.100007
0.100007
0.100009
0.100008
0.100077
0.100139
0.100029
0.100088
0.100017
0.100552
0.100384
0.100331
0.100244
0.104513
0.10194
0.101061
0.174471
0.142448
0.123093
0.110766
0.410392
0.389286
0.333866
0.275942
0.220832
0.465194
0.441559
0.448411
0.540697
0.536976
0.530153
0.519562
0.547095
0.54599
0.543908
0.545808
0.563329
0.561247
0.575059
0.575874
0.59476
0.593981
0.592983
0.577021
0.592072
0.61243
0.611767
0.6101
0.609195
0.616471
0.624006
0.545746
0.587154
0.45713
0.498847
0.541136
0.617558
0.613245
0.457281
0.47124
0.455862
0.47907
0.48832
3.2568
1.76713
3.29428
0.497311
0.502345
0.511645
0.749954
0.100049
0.100692
0.111273
0.156068
0.202245
0.222022
0.217306
0.193465
0.167781
0.149682
0.141939
0.139927
0.13802
0.132001
0.120953
0.110246
0.103381
0.10062
0.100065
0.100008
0.100005
0.100005
0.100005
0.100005
0.100005
0.100006
0.100006
0.100005
0.100005
0.100006
0.100006
0.100006
0.100006
0.100006
0.100007
0.100006
0.100007
0.100007
0.100009
0.100008
0.100252
0.100161
0.100321
0.100049
0.100027
0.100641
0.100492
0.100405
0.104878
0.102147
0.101173
0.175651
0.141252
0.122055
0.111285
0.437571
0.411689
0.351668
0.288153
0.227294
0.505582
0.481902
0.480623
0.547071
0.544494
0.540633
0.534222
0.561883
0.547205
0.548739
0.576473
0.57393
0.588628
0.589464
0.608164
0.60716
0.606067
0.591039
0.605251
0.582
0.608618
0.496788
0.538957
0.577093
0.465782
0.477794
0.471978
0.502502
0.486639
0.494312
3.262
2.4412
3.33104
0.501984
0.50549
0.539142
1.0137
0.100388
0.106638
0.142019
0.192741
0.217873
0.215436
0.187541
0.154474
0.131279
0.119848
0.115572
0.113867
0.111292
0.107028
0.103226
0.101035
0.100219
0.100029
0.100006
0.100005
0.100005
0.100005
0.100005
0.100005
0.100005
0.100005
0.100006
0.100006
0.100005
0.100006
0.100006
0.100006
0.100006
0.100006
0.100006
0.100006
0.100007
0.100007
0.10001
0.100008
0.100378
0.100405
0.100273
0.100553
0.100084
0.100063
0.100157
0.10076
0.100577
0.105362
0.102437
0.101547
0.178298
0.139859
0.121595
0.111744
0.464551
0.436334
0.371298
0.301884
0.23506
0.52548
0.50808
0.501701
0.549244
0.547862
0.546009
0.540701
0.573693
0.561102
0.561031
0.59022
0.587686
0.601419
0.602043
0.60415
0.604049
0.53628
0.573357
0.599092
0.477951
0.483509
0.500543
0.535356
0.491605
0.499763
3.26558
2.87629
3.35551
0.505988
0.509986
0.602086
1.33275
0.102895
0.131292
0.178597
0.213539
0.214839
0.187292
0.150896
0.125642
0.112239
0.106167
0.104294
0.103268
0.101955
0.100843
0.100285
0.100077
0.100013
0.100005
0.100004
0.100004
0.100005
0.100005
0.100005
0.100005
0.100005
0.100005
0.100005
0.100005
0.100006
0.100006
0.100006
0.100006
0.100006
0.100006
0.100006
0.100006
0.100006
0.100007
0.100007
0.100013
0.100008
0.100756
0.100532
0.100819
0.10041
0.100982
0.100249
0.100434
0.100203
0.100046
0.101116
0.106486
0.103025
0.102286
0.183554
0.140301
0.122914
0.112184
0.486565
0.461281
0.395759
0.320209
0.246003
0.534569
0.52277
0.515844
0.559926
0.548682
0.546839
0.544735
0.587018
0.572891
0.572263
0.603505
0.600816
0.569472
0.592881
0.483623
0.509018
0.48989
0.533009
0.566078
0.499669
0.50454
3.26808
3.14928
3.3723
0.509656
0.519903
0.718332
1.69905
0.116218
0.168589
0.204376
0.214256
0.188855
0.151892
0.126176
0.111916
0.104324
0.101628
0.100879
0.100476
0.100262
0.100112
0.100025
0.100007
0.100004
0.100004
0.100004
0.100004
0.100005
0.100005
0.100005
0.100005
0.100005
0.100005
0.100005
0.100005
0.100005
0.100006
0.100006
0.100006
0.100006
0.100006
0.100006
0.100006
0.100007
0.100006
0.100007
0.100007
0.100018
0.100009
0.101884
0.101598
0.101165
0.101976
0.100694
0.102088
0.101353
0.100583
0.100348
0.100089
0.108776
0.104448
0.104288
0.194814
0.14469
0.128716
0.115489
0.50492
0.486641
0.424417
0.346183
0.263893
0.540527
0.530534
0.523951
0.558872
0.571361
0.557912
0.54474
0.599994
0.586281
0.585526
0.589008
0.485786
0.512115
0.534427
0.495358
0.56269
0.583649
0.504112
0.508756
3.27028
3.28425
3.38787
0.512857
0.542496
0.858143
2.11339
0.146196
0.1967
0.212846
0.193733
0.156782
0.130536
0.114734
0.105304
0.10135
0.10041
0.100193
0.1001
0.100031
0.100009
0.100004
0.100004
0.100004
0.100004
0.100004
0.100004
0.100005
0.100005
0.100005
0.100005
0.100005
0.100005
0.100005
0.100005
0.100005
0.100006
0.100006
0.100006
0.100006
0.100006
0.100006
0.100006
0.100006
0.100007
0.100006
0.100008
0.100007
0.100028
0.100011
0.104482
0.10419
0.103368
0.102334
0.104486
0.104419
0.102414
0.101172
0.100431
0.100136
0.114867
0.108104
0.108997
0.215105
0.156197
0.14199
0.124158
0.516976
0.505798
0.456937
0.379599
0.29204
0.542543
0.53656
0.531971
0.570482
0.584848
0.555504
0.56963
0.599345
0.598501
0.498336
0.514097
0.536704
0.561313
0.503046
0.580369
0.507411
0.512481
3.27165
3.36677
3.39554
0.51632
0.584618
1.03186
2.49252
0.178323
0.209501
0.199588
0.166402
0.139228
0.122193
0.109894
0.101873
0.100363
0.100091
0.100031
0.100011
0.100005
0.100003
0.100003
0.100004
0.100004
0.100004
0.100004
0.100004
0.100005
0.100005
0.100005
0.100005
0.100005
0.100005
0.100005
0.100005
0.100005
0.100006
0.100006
0.100006
0.100006
0.100006
0.100006
0.100006
0.100006
0.100006
0.100007
0.100006
0.100008
0.100007
0.100051
0.100207
0.100014
0.109726
0.109652
0.108526
0.106688
0.112041
0.107721
0.104119
0.10185
0.100756
0.126955
0.116104
0.118441
0.246708
0.179914
0.166489
0.140765
0.525149
0.518286
0.487651
0.419094
0.330564
0.541602
0.538881
0.534371
0.584126
0.597974
0.568517
0.554495
0.583516
0.513894
0.537472
0.560468
0.577393
0.507941
0.521928
0.511375
0.515935
3.2744
3.3998
3.41373
0.523204
0.653035
1.21433
2.78289
0.199416
0.202799
0.176542
0.149292
0.130801
0.116376
0.103851
0.100532
0.10008
0.100016
0.100006
0.100003
0.100003
0.100003
0.100003
0.100004
0.100004
0.100004
0.100004
0.100004
0.100005
0.100005
0.100005
0.100005
0.100005
0.100005
0.100005
0.100005
0.100006
0.100006
0.100006
0.100006
0.100006
0.100006
0.100006
0.100006
0.100006
0.100007
0.100006
0.100008
0.100007
0.100087
0.10039
0.100262
0.100019
0.119732
0.118706
0.116065
0.127067
0.119918
0.11231
0.106534
0.102941
0.101076
0.147214
0.130578
0.134003
0.289697
0.217195
0.204699
0.167571
0.530318
0.525659
0.508874
0.459829
0.377511
0.537136
0.533064
0.597266
0.582898
0.567901
0.552398
0.596657
0.536222
0.559854
0.57551
0.512629
0.525548
0.54075
0.5158
0.518677
3.27679
3.45536
3.42857
0.53709
0.728978
1.43546
2.9682
0.202306
0.185852
0.160005
0.139894
0.12357
0.107927
0.10106
0.100124
0.100019
0.100005
0.100003
0.100003
0.100003
0.100003
0.100003
0.100004
0.100004
0.100004
0.100004
0.100004
0.100005
0.100005
0.100005
0.100005
0.100005
0.100005
0.100005
0.100005
0.100006
0.100006
0.100006
0.100006
0.100006
0.100006
0.100006
0.100006
0.100006
0.100006
0.100007
0.100006
0.100009
0.100007
0.100475
0.100111
0.100643
0.101574
0.100025
0.134744
0.13233
0.149251
0.140788
0.129785
0.118254
0.109585
0.104265
0.17573
0.152508
0.155392
0.340971
0.264562
0.252737
0.204323
0.530658
0.529202
0.520695
0.4947
0.427525
0.551205
0.596272
0.582529
0.566888
0.558297
0.57435
0.517093
0.52897
0.542794
0.5602
0.519317
0.521944
3.2809
3.48129
3.44899
0.559193
0.823282
1.63194
3.10535
0.193695
0.169173
0.149423
0.131389
0.113363
0.102195
0.100236
0.100027
0.100005
0.100003
0.100002
0.100003
0.100003
0.100003
0.100003
0.100004
0.100004
0.100004
0.100004
0.100004
0.100005
0.100005
0.100005
0.100005
0.100005
0.100006
0.100006
0.100005
0.100006
0.100006
0.100006
0.100006
0.100006
0.100006
0.100006
0.100006
0.100006
0.100006
0.100006
0.100007
0.100006
0.10001
0.100007
0.102068
0.100122
0.100755
0.100717
0.102578
0.105793
0.100029
0.154446
0.17683
0.167941
0.155483
0.14068
0.124917
0.113182
0.210677
0.180581
0.180921
0.395085
0.316729
0.30361
0.248614
0.531472
0.550825
0.530186
0.527737
0.515216
0.472879
0.566349
0.595932
0.581937
0.573321
0.521251
0.532302
0.544912
0.561174
0.573401
0.522509
0.52591
3.30362
3.50084
3.5183
0.592945
0.920783
1.82123
3.12763
0.180647
0.157599
0.139513
0.120031
0.103984
0.100475
0.100045
0.100007
0.100003
0.100002
0.100002
0.100003
0.100003
0.100003
0.100003
0.100004
0.100004
0.100004
0.100004
0.100004
0.100005
0.100005
0.100005
0.100005
0.100005
0.100006
0.100006
0.100006
0.100006
0.100005
0.100006
0.100006
0.100006
0.100006
0.100006
0.100006
0.100006
0.100006
0.100006
0.100007
0.100006
0.10001
0.100007
0.107325
0.100765
0.100103
0.100696
0.102933
0.102857
0.108636
0.116783
0.10003
0.208456
0.199888
0.186782
0.170298
0.151371
0.131987
0.24847
0.212007
0.445003
0.369581
0.353194
0.293984
0.550061
0.566079
0.551098
0.531732
0.526615
0.503426
0.581633
0.595576
0.524251
0.535631
0.547145
0.562294
0.574287
0.525405
0.532858
3.40069
3.52137
3.61942
0.638136
1.02558
1.93354
3.10224
0.168604
0.146754
0.126855
0.107096
0.100857
0.100097
0.100013
0.100002
0.100002
0.100002
0.100002
0.100003
0.100003
0.100003
0.100003
0.100003
0.100004
0.100004
0.100004
0.100004
0.100005
0.100005
0.100006
0.100005
0.100006
0.100006
0.100006
0.100006
0.100006
0.100006
0.100005
0.100006
0.100006
0.100006
0.100006
0.100006
0.100006
0.100006
0.100006
0.100007
0.100006
0.10001
0.100007
0.120208
0.102906
0.100065
0.100374
0.10055
0.102571
0.109423
0.109288
0.122836
0.138308
0.100025
0.244832
0.235765
0.222434
0.205092
0.184389
0.161534
0.286661
0.484572
0.418535
0.398028
0.337359
0.565703
0.581458
0.566236
0.552095
0.533115
0.531284
0.521333
0.595316
0.527989
0.538796
0.549587
0.563636
0.57505
0.52827
0.543542
2.30006
3.48984
2.23163
0.695216
1.12189
1.98526
3.03452
0.156265
0.133199
0.111263
0.101624
0.100164
0.100026
0.100003
0.100002
0.100002
0.100002
0.100002
0.100003
0.100003
0.100003
0.100003
0.100003
0.100004
0.100004
0.100004
0.100004
0.100005
0.100005
0.100006
0.100006
0.100006
0.100005
0.100006
0.100006
0.100006
0.100006
0.100006
0.100006
0.100005
0.100006
0.100006
0.100006
0.100006
0.100006
0.100006
0.100007
0.100006
0.100009
0.100007
0.143882
0.109263
0.100246
0.100043
0.100138
0.101408
0.102031
0.108203
0.124295
0.12405
0.147953
0.170153
0.100017
0.276602
0.262083
0.243978
0.222131
0.197441
0.322791
0.511094
0.458855
0.436071
0.377673
0.581186
0.5951
0.581569
0.566571
0.552083
0.53575
0.531429
0.530378
0.541889
0.55212
0.565245
0.576099
0.530798
0.563165
0.101219
3.32794
0.576016
0.760657
1.20544
1.99895
2.86125
0.141265
0.116052
0.102629
0.100296
0.10004
0.100003
0.100002
0.100002
0.100002
0.100002
0.100002
0.100003
0.100003
0.100003
0.100003
0.100003
0.100004
0.100004
0.100004
0.100004
0.100005
0.100005
0.100006
0.100006
0.100006
0.100006
0.100006
0.100005
0.100006
0.100006
0.100006
0.100006
0.100006
0.100006
0.100005
0.100006
0.100006
0.100006
0.100006
0.100006
0.100006
0.100006
0.100008
0.100007
0.177558
0.123654
0.100881
0.10003
0.100069
0.100094
0.100458
0.104748
0.106576
0.121381
0.150176
0.149827
0.18288
0.208398
0.100012
0.306625
0.28687
0.263857
0.237597
0.356351
0.527078
0.48899
0.46556
0.412532
0.595255
0.595349
0.58168
0.566921
0.553881
0.536218
0.534984
0.534178
0.544433
0.55468
0.567082
0.577426
0.535151
0.591554
0.10022
2.52014
0.130667
0.831381
1.29078
2.01791
2.74273
0.122427
0.104067
0.100434
0.100063
0.100004
0.100001
0.100001
0.100002
0.100002
0.100002
0.100002
0.100003
0.100003
0.100003
0.100003
0.100003
0.100004
0.100004
0.100004
0.100004
0.100005
0.100005
0.100006
0.100006
0.100006
0.100006
0.100006
0.100006
0.100005
0.100006
0.100006
0.100006
0.100006
0.100006
0.100006
0.100005
0.100006
0.100006
0.100006
0.100006
0.100006
0.100007
0.100007
0.217425
0.149048
0.103054
0.100056
0.100016
0.100046
0.100112
0.100215
0.101668
0.113422
0.11768
0.145151
0.185821
0.185391
0.223855
0.250652
0.100009
0.334506
0.309644
0.281642
0.386693
0.533601
0.510079
0.487756
0.441749
0.595403
0.582061
0.567851
0.55465
0.540352
0.536389
0.54763
0.556796
0.569091
0.579011
0.541815
0.63427
0.100041
0.864403
0.102844
0.904608
1.37283
2.17773
2.12319
0.106356
0.100671
0.100084
0.100006
0.100001
0.100001
0.100001
0.100002
0.100002
0.100002
0.100002
0.100003
0.100003
0.100003
0.100003
0.100003
0.100004
0.100004
0.100004
0.100004
0.100005
0.100005
0.100006
0.100006
0.100006
0.100006
0.100006
0.100006
0.100006
0.100006
0.100005
0.100006
0.100006
0.100006
0.100006
0.100006
0.100006
0.100005
0.100006
0.100006
0.100006
0.100006
0.100007
0.100007
0.26141
0.184844
0.109099
0.100067
0.100012
0.100038
0.100049
0.100343
0.100728
0.105304
0.131084
0.138831
0.179384
0.2281
0.227286
0.269396
0.296968
0.100008
0.359774
0.329789
0.413231
0.53739
0.523223
0.504183
0.465301
0.595735
0.582458
0.568586
0.557061
0.54212
0.539463
0.550523
0.559639
0.571103
0.580824
0.555468
0.683944
0.100014
0.228916
0.100204
0.996585
1.51099
2.13781
0.864026
0.101009
0.100118
0.100007
0.100001
0.100001
0.100001
0.100001
0.100002
0.100002
0.100002
0.100002
0.100003
0.100003
0.100003
0.100003
0.100003
0.100004
0.100004
0.100004
0.100004
0.100005
0.100005
0.100006
0.100006
0.100006
0.100006
0.100006
0.100006
0.100006
0.100006
0.100006
0.100006
0.100005
0.100006
0.100006
0.100006
0.100006
0.100006
0.100006
0.100005
0.100006
0.100006
0.100007
0.100007
0.309699
0.227357
0.12255
0.100154
0.100021
0.10001
0.100055
0.100041
0.100087
0.101061
0.102446
0.114351
0.159541
0.170856
0.222055
0.275947
0.274316
0.3195
0.3474
0.100007
0.381874
0.435836
0.539775
0.531993
0.516315
0.483994
0.595896
0.582952
0.569629
0.558374
0.544535
0.542467
0.541882
0.562139
0.552592
0.573424
0.582798
0.577782
0.751824
0.100012
0.110235
0.100033
1.09767
1.8596
1.78743
0.285769
0.100154
0.10001
0.100001
0.100001
0.100001
0.100001
0.100001
0.100002
0.100002
0.100002
0.100002
0.100003
0.100003
0.100003
0.100003
0.100003
0.100004
0.100004
0.100004
0.100004
0.100005
0.100005
0.100006
0.100006
0.100006
0.100006
0.100006
0.100006
0.100006
0.100006
0.100006
0.100006
0.100006
0.100005
0.100006
0.100006
0.100006
0.100006
0.100006
0.100006
0.100005
0.100007
0.100007
0.362045
0.275798
0.146119
0.100427
0.100015
0.100029
0.100023
0.100007
0.100095
0.100063
0.100202
0.103048
0.107511
0.13206
0.198576
0.212469
0.271789
0.328982
0.326002
0.373468
0.401086
0.100007
0.45467
0.545249
0.536464
0.524315
0.498142
0.596303
0.583444
0.570377
0.558799
0.545903
0.544231
0.547388
0.575699
0.564643
0.555089
0.58494
0.608231
0.837944
0.100011
0.101018
0.100014
1.30623
1.82465
0.918244
0.128933
0.100012
0.100001
0.100001
0.100001
0.100001
0.100001
0.100001
0.100002
0.100002
0.100002
0.100002
0.100003
0.100003
0.100003
0.100003
0.100003
0.100004
0.100004
0.100004
0.100004
0.100005
0.100005
0.100006
0.100006
0.100006
0.100006
0.100006
0.100006
0.100006
0.100006
0.100006
0.100006
0.100006
0.100006
0.100006
0.100005
0.100006
0.100006
0.100006
0.100006
0.100007
0.100005
0.100007
0.416833
0.329529
0.180628
0.101276
0.100009
0.100018
0.100015
0.100043
0.100026
0.100007
0.100211
0.10011
0.100516
0.108827
0.119006
0.160212
0.247504
0.262197
0.326971
0.385854
0.38149
0.429056
0.100007
0.469335
0.546785
0.540283
0.529412
0.50802
0.596536
0.583953
0.571138
0.559874
0.546161
0.555045
0.587193
0.577931
0.567251
0.557006
0.667452
0.957231
0.100011
0.100132
0.100012
1.6383
1.57746
0.390121
0.103963
0.100001
0.1
0.100001
0.100001
0.100001
0.100001
0.100001
0.100002
0.100002
0.100002
0.100002
0.100003
0.100003
0.100003
0.100003
0.100003
0.100004
0.100004
0.100004
0.100004
0.100005
0.100005
0.100006
0.100006
0.100006
0.100006
0.100006
0.100006
0.100006
0.100006
0.100006
0.100006
0.100006
0.100006
0.100006
0.100006
0.100005
0.100006
0.100006
0.100007
0.100007
0.100005
0.100007
0.387132
0.227129
0.103494
0.100012
0.100007
0.100019
0.100015
0.100067
0.100047
0.100007
0.100531
0.100226
0.101372
0.121662
0.139667
0.201674
0.304444
0.318643
0.386437
0.443551
0.437912
0.4804
0.100007
0.548331
0.562139
0.542138
0.532415
0.514828
0.596975
0.584441
0.572429
0.549114
0.575846
0.589458
0.580402
0.569624
0.560131
0.744152
1.20278
0.100011
0.100028
0.100011
1.61016
0.963581
0.165355
0.100518
0.1
0.1
0.100001
0.100001
0.100001
0.100001
0.100001
0.100002
0.100002
0.100002
0.100002
0.100003
0.100003
0.100003
0.100003
0.100003
0.100004
0.100004
0.100004
0.100004
0.100005
0.100005
0.100006
0.100006
0.100006
0.100006
0.100006
0.100006
0.100006
0.100006
0.100006
0.100006
0.100006
0.100006
0.100006
0.100006
0.100007
0.100007
0.100005
0.100007
0.100007
0.100007
0.100005
0.445624
0.283792
0.108861
0.100015
0.100009
0.100012
0.100007
0.10003
0.10002
0.100113
0.100072
0.100007
0.101307
0.100498
0.103513
0.143971
0.172625
0.256302
0.367022
0.37984
0.445866
0.493559
0.488338
0.100007
0.549681
0.562756
0.572904
0.543098
0.533926
0.51915
0.597442
0.585402
0.550953
0.615103
0.591866
0.582849
0.571808
0.562844
0.877688
1.47569
0.100011
0.100014
0.100011
1.42735
0.453301
0.110973
0.100078
0.1
0.1
0.100001
0.100001
0.100001
0.100001
0.100001
0.100002
0.100002
0.100002
0.100002
0.100003
0.100003
0.100003
0.100003
0.100003
0.100004
0.100004
0.100004
0.100004
0.100005
0.100005
0.100006
0.100006
0.100006
0.100006
0.100006
0.100006
0.100006
0.100006
0.100006
0.100006
0.100007
0.100007
0.100006
0.100007
0.100007
0.100007
0.100007
0.100005
0.100007
0.100007
0.100005
0.495732
0.347693
0.121464
0.10002
0.100008
0.10001
0.100011
0.100015
0.100007
0.100048
0.100031
0.100212
0.100107
0.100007
0.103168
0.101167
0.108218
0.18332
0.221935
0.32086
0.43157
0.442152
0.496253
0.521485
0.100007
0.550001
0.563357
0.573535
0.585634
0.543833
0.534326
0.597963
0.553964
0.563209
0.689532
0.59431
0.584658
0.574371
0.565216
1.13776
1.45326
0.100011
0.100012
0.100011
0.963304
0.19672
0.101482
0.10002
0.1
0.1
0.100001
0.100001
0.100001
0.100001
0.100001
0.100002
0.100002
0.100002
0.100002
0.100003
0.100003
0.100003
0.100003
0.100003
0.100004
0.100004
0.100004
0.100004
0.100005
0.100005
0.100006
0.100007
0.100007
0.100006
0.100007
0.100007
0.100006
0.100007
0.100007
0.100006
0.100007
0.100007
0.100007
0.100007
0.100006
0.100007
0.100007
0.100007
0.100007
0.100005
0.100007
0.100005
0.522517
0.414693
0.1468
0.100034
0.100009
0.100007
0.10001
0.100011
0.100024
0.100007
0.100072
0.100049
0.100451
0.10019
0.100007
0.107575
0.102705
0.118761
0.241363
0.285182
0.390715
0.488143
0.494499
0.52273
0.549817
0.563417
0.574348
0.586216
0.598214
0.544254
0.534484
0.556607
0.588328
0.825584
0.596129
0.587456
0.57662
0.566185
1.3523
1.31734
0.100011
0.100011
0.100011
0.479366
0.118781
0.100198
0.100012
0.1
0.1
0.100001
0.100001
0.100001
0.100001
0.100001
0.100002
0.100002
0.100002
0.100002
0.100003
0.100003
0.100003
0.100003
0.100003
0.100004
0.100004
0.100004
0.100004
0.100005
0.100005
0.100007
0.100006
0.100007
0.100007
0.100006
0.100007
0.100007
0.100006
0.100007
0.100007
0.100006
0.100007
0.100007
0.100007
0.100007
0.100006
0.100007
0.100007
0.100007
0.100007
0.100005
0.100005
0.476809
0.19327
0.10005
0.100008
0.10001
0.100009
0.100007
0.100013
0.100016
0.100037
0.100007
0.100107
0.100074
0.101032
0.100406
0.117611
0.106875
0.147442
0.313297
0.357258
0.458375
0.51853
0.521758
0.534408
0.549338
0.563878
0.574497
0.587247
0.598751
0.544406
0.559976
0.655794
1.08245
0.598927
0.589867
0.578605
0.562388
0.570198
1.33464
0.944726
0.100011
0.100011
0.100011
0.216843
0.102852
0.100035
0.100011
0.1
0.1
0.100001
0.100001
0.100001
0.100001
0.100001
0.100002
0.100002
0.100002
0.100002
0.100003
0.100003
0.100003
0.100003
0.100003
0.100004
0.100004
0.100004
0.100004
0.100005
0.100005
0.100007
0.100007
0.100006
0.100007
0.100007
0.100006
0.100007
0.100007
0.100006
0.100007
0.100007
0.100006
0.100007
0.100007
0.100007
0.100007
0.100006
0.100007
0.100007
0.100007
0.100007
0.100005
0.100005
0.512714
0.260323
0.100083
0.100007
0.100008
0.100008
0.100016
0.100011
0.100007
0.100019
0.100024
0.100062
0.10019
0.100115
0.102507
0.101005
0.148034
0.118486
0.201726
0.392186
0.431053
0.502764
0.531967
0.533642
0.544184
0.548555
0.563487
0.575357
0.587493
0.599928
0.581383
0.785805
1.25765
0.601506
0.591993
0.580676
0.564425
0.572286
1.22704
0.485777
0.100011
0.100011
0.100011
0.125532
0.100391
0.100014
0.100011
0.1
0.1
0.100001
0.100001
0.100001
0.100001
0.100001
0.100002
0.100002
0.100002
0.100002
0.100003
0.100003
0.100003
0.100003
0.100003
0.100004
0.100004
0.100004
0.100004
0.100005
0.100005
0.100007
0.100007
0.100007
0.100007
0.100007
0.100006
0.100007
0.100006
0.100007
0.100007
0.100006
0.100007
0.100007
0.100006
0.100007
0.100007
0.100007
0.100007
0.100006
0.100007
0.100007
0.100007
0.100007
0.100005
0.100005
0.529639
0.341378
0.100129
0.100008
0.100007
0.100009
0.100008
0.100023
0.100016
0.100028
0.100045
0.100099
0.100431
0.100236
0.106701
0.102883
0.211431
0.149906
0.279315
0.463586
0.487431
0.525096
0.542237
0.543564
0.547915
0.563895
0.575233
0.58868
0.600559
0.632949
1.03914
1.24264
0.603889
0.594165
0.58273
0.57566
0.565705
0.574264
0.913743
0.228198
0.100011
0.100011
0.100011
0.10425
0.10006
0.100011
0.100011
0.1
0.1
0.100001
0.100001
0.100001
0.100001
0.100001
0.100002
0.100002
0.100002
0.100002
0.100003
0.100003
0.100003
0.100003
0.100003
0.100004
0.100004
0.100004
0.100004
0.100005
0.100005
0.100007
0.100007
0.100007
0.100007
0.100007
0.100007
0.100006
0.100007
0.100006
0.100007
0.100007
0.100006
0.100007
0.100007
0.100006
0.100007
0.100007
0.100007
0.100007
0.100006
0.100007
0.100007
0.100007
0.100007
0.100005
0.100005
0.539464
0.425776
0.100328
0.100008
0.100007
0.100008
0.100012
0.100009
0.100046
0.100029
0.10006
0.100079
0.10021
0.101123
0.100619
0.120312
0.108216
0.30056
0.222849
0.369957
0.505431
0.517089
0.535448
0.546819
0.563855
0.575943
0.588842
0.601759
0.764876
1.1829
1.15195
0.606146
0.596186
0.584487
0.631718
0.580468
0.577981
0.577823
0.475831
0.129894
0.100011
0.100011
0.100011
0.100613
0.100017
0.100011
0.100011
0.1
0.1
0.100001
0.100001
0.100001
0.100001
0.100001
0.100002
0.100002
0.100002
0.100002
0.100003
0.100003
0.100003
0.100003
0.100003
0.100004
0.100004
0.100004
0.100004
0.100005
0.100005
0.100007
0.100007
0.100007
0.100007
0.100007
0.100007
0.100007
0.100007
0.100006
0.100007
0.100006
0.100007
0.100007
0.100006
0.100007
0.100007
0.100006
0.100007
0.100007
0.100007
0.100007
0.100006
0.100007
0.100007
0.100007
0.100007
0.100005
0.100005
0.545702
0.486633
0.101015
0.100009
0.100008
0.100008
0.100016
0.100011
0.100082
0.100054
0.100093
0.100129
0.100629
0.103543
0.101827
0.155782
0.124312
0.400505
0.324715
0.454316
0.526164
0.530488
0.544605
0.56379
0.576411
0.589895
0.60228
1.00441
1.16938
0.874856
0.608243
0.59795
0.586303
0.748145
0.622564
0.580515
0.579892
0.227405
0.105292
0.100011
0.100011
0.100091
0.100012
0.100011
0.100011
0.1
0.1
0.100001
0.100001
0.100001
0.100001
0.100001
0.100002
0.100002
0.100002
0.100002
0.100003
0.100003
0.100003
0.100003
0.100003
0.100004
0.100004
0.100004
0.100004
0.100005
0.100005
0.100007
0.100007
0.100007
0.100007
0.100007
0.100007
0.100007
0.100007
0.100007
0.100006
0.100007
0.100006
0.100007
0.100007
0.100006
0.100007
0.100007
0.100006
0.100007
0.100007
0.100007
0.100007
0.100006
0.100007
0.100007
0.100007
0.100007
0.100005
0.100005
0.563751
0.518448
0.103287
0.100011
0.100008
0.100008
0.100009
0.100034
0.100017
0.100147
0.10008
0.100208
0.100418
0.101914
0.111129
0.105473
0.240637
0.165601
0.477662
0.430999
0.504104
0.534547
0.541015
0.548484
0.576795
0.590688
0.603662
1.12288
1.0883
0.456351
0.610129
0.599647
0.588073
0.979083
0.737849
0.619122
0.579485
0.581754
0.130719
0.100793
0.100011
0.100011
0.100011
0.100021
0.100011
0.100011
0.100011
0.1
0.1
0.100001
0.100001
0.100001
0.100001
0.100001
0.100002
0.100002
0.100002
0.100002
0.100003
0.100003
0.100003
0.100003
0.100003
0.100004
0.100004
0.100004
0.100004
0.100005
0.100005
0.100007
0.100008
0.100008
0.100007
0.100007
0.100007
0.100007
0.100007
0.100007
0.100007
0.100007
0.100006
0.100007
0.100006
0.100007
0.100007
0.100006
0.100007
0.100007
0.100006
0.100007
0.100007
0.100007
0.100007
0.100006
0.100007
0.100007
0.100008
0.100008
0.100005
0.100005
0.577441
0.562623
0.532484
0.109978
0.100021
0.100009
0.100008
0.100012
0.100074
0.100045
0.100466
0.100173
0.100711
0.101356
0.106076
0.132917
0.116468
0.355914
0.26356
0.517877
0.497241
0.5283
0.545135
0.545522
0.591492
0.604673
1.11013
0.830474
0.220199
0.611919
0.601175
0.589714
1.07609
0.962194
0.739902
0.628256
0.580684
0.583685
0.105669
0.100119
0.100011
0.100011
0.100011
0.100012
0.100011
0.100011
0.1
0.1
0.100001
0.100001
0.100001
0.100001
0.100001
0.100002
0.100002
0.100002
0.100002
0.100003
0.100003
0.100003
0.100003
0.100003
0.100004
0.100004
0.100004
0.100004
0.100005
0.100005
0.100008
0.100007
0.100008
0.100008
0.100007
0.100008
0.100008
0.100007
0.100007
0.100008
0.100008
0.100007
0.100006
0.100007
0.100006
0.100007
0.100007
0.100006
0.100007
0.100007
0.100006
0.100007
0.100007
0.100008
0.100008
0.100006
0.100008
0.100008
0.100008
0.100008
0.100008
0.100005
0.100005
0.592424
0.577463
0.564776
0.542673
0.127756
0.100052
0.100013
0.100009
0.100023
0.100115
0.100072
0.101571
0.10061
0.102459
0.104196
0.117502
0.186057
0.145834
0.460277
0.392363
0.536411
0.529367
0.540566
0.566095
0.605975
1.03116
0.427979
0.129527
0.613546
0.602601
0.59133
1.06172
1.03721
0.953508
0.76672
0.643672
0.584361
0.58582
0.100893
0.100025
0.100011
0.100011
0.100011
0.100011
0.100011
0.100011
0.100011
0.1
0.1
0.100001
0.100001
0.100001
0.100001
0.100001
0.100002
0.100002
0.100002
0.100002
0.100003
0.100003
0.100003
0.100003
0.100003
0.100004
0.100004
0.100004
0.100004
0.100005
0.100005
0.100008
0.100008
0.100007
0.100008
0.100008
0.100007
0.100008
0.100008
0.100007
0.100008
0.100008
0.100008
0.100007
0.100006
0.100008
0.100006
0.100008
0.100008
0.100006
0.100008
0.100008
0.100006
0.100008
0.100008
0.100008
0.100008
0.100006
0.100008
0.100008
0.100009
0.100008
0.100008
0.100008
0.100005
0.100005
0.607305
0.593625
0.578968
0.56663
0.168692
0.100075
0.100025
0.100012
0.100061
0.100324
0.100125
0.10501
0.102312
0.107701
0.1121
0.144088
0.298589
0.212741
0.515437
0.487035
0.542215
0.543018
0.547777
0.580842
0.779168
0.209274
0.105629
0.615033
0.603994
0.592506
0.979568
1.02029
1.005
0.946944
0.811015
0.666768
0.589127
0.589733
0.100137
0.100013
0.100011
0.100011
0.100011
0.100011
0.100011
0.100011
0.100011
0.1
0.1
0.100001
0.100001
0.100001
0.100001
0.100001
0.100002
0.100002
0.100002
0.100002
0.100003
0.100003
0.100003
0.100003
0.100003
0.100004
0.100004
0.100004
0.100004
0.100005
0.100005
0.100008
0.100008
0.100008
0.100008
0.100007
0.100008
0.100007
0.100008
0.100008
0.100007
0.100008
0.100008
0.100008
0.100007
0.100006
0.100008
0.100006
0.100008
0.100008
0.100006
0.100008
0.100008
0.100006
0.100008
0.100008
0.100008
0.100008
0.100006
0.100008
0.100008
0.100012
0.100009
0.100008
0.100008
0.100005
0.100005
0.609055
0.594479
0.581558
0.566863
0.253154
0.10016
0.100059
0.100023
0.100081
0.101038
0.100453
0.114407
0.108022
0.121246
0.131398
0.198057
0.433758
0.341548
0.540417
0.531165
0.569646
0.55079
0.596757
0.394817
0.126732
0.100906
0.616399
0.605031
0.594015
0.720474
0.928436
0.983243
0.975229
0.939343
0.859829
0.696803
0.642296
0.589909
0.100028
0.100011
0.100011
0.100011
0.100011
0.100011
0.100011
0.100011
0.100011
0.100011
0.1
0.1
0.100001
0.100001
0.100001
0.100001
0.100001
0.100002
0.100002
0.100002
0.100002
0.100003
0.100003
0.100003
0.100003
0.100003
0.100004
0.100004
0.100004
0.100004
0.100005
0.100005
0.100008
0.100008
0.100008
0.100008
0.100008
0.100008
0.100008
0.100007
0.100008
0.100007
0.100008
0.100008
0.100007
0.100008
0.100008
0.100008
0.100007
0.100006
0.100008
0.100006
0.100008
0.100008
0.100006
0.100008
0.100008
0.100006
0.100008
0.100008
0.100008
0.100008
0.100006
0.100008
0.100008
0.100008
0.100021
0.100011
0.10001
0.100008
0.100005
0.100005
0.609586
0.597449
0.582525
0.396023
0.100475
0.10008
0.100053
0.10019
0.103371
0.101465
0.135618
0.122843
0.149924
0.170677
0.295764
0.510431
0.469157
0.546289
0.548554
0.572376
0.584853
0.612137
0.194953
0.105117
0.100142
0.617589
0.606128
0.595199
0.357656
0.651052
0.874523
0.94637
0.944568
0.925752
0.865595
0.587642
0.794059
0.593864
0.100013
0.100011
0.100011
0.100011
0.100011
0.100011
0.100011
0.100011
0.100011
0.100011
0.1
0.1
0.100001
0.100001
0.100001
0.100001
0.100001
0.100002
0.100002
0.100002
0.100002
0.100003
0.100003
0.100003
0.100003
0.100003
0.100004
0.100004
0.100004
0.100004
0.100005
0.100005
0.100008
0.100008
0.100008
0.100008
0.100008
0.100008
0.100008
0.100008
0.100007
0.100007
0.100008
0.100008
0.100007
0.100008
0.100008
0.100008
0.100007
0.100006
0.100008
0.100006
0.100008
0.100008
0.100006
0.100008
0.100008
0.100006
0.100008
0.100008
0.100008
0.100008
0.100006
0.100008
0.100008
0.100008
0.100008
0.100049
0.100017
0.100014
0.100009
0.100005
0.100005
0.613221
0.59921
0.504886
0.101509
0.100178
0.100067
0.100498
0.110666
0.104454
0.174689
0.152665
0.201124
0.240585
0.444999
0.54538
0.529364
0.575224
0.554475
0.587836
0.600282
0.122685
0.100841
0.100028
0.618605
0.607024
0.596709
0.179421
0.317481
0.568
0.813088
0.904452
0.914011
0.90267
0.692047
0.874156
0.616467
0.598494
0.100011
0.100011
0.100011
0.100011
0.100011
0.100011
0.100011
0.100011
0.100011
0.100011
0.100011
0.1
0.1
0.100001
0.100001
0.100001
0.100001
0.100001
0.100002
0.100002
0.100002
0.100002
0.100003
0.100003
0.100003
0.100003
0.100003
0.100004
0.100004
0.100004
0.100004
0.100005
0.100005
0.100008
0.100008
0.100008
0.100008
0.100008
0.100008
0.100008
0.100008
0.100008
0.100007
0.100007
0.100008
0.100008
0.100007
0.100008
0.100008
0.100008
0.100007
0.100006
0.100008
0.100006
0.100008
0.100008
0.100006
0.100008
0.100008
0.100006
0.100008
0.100008
0.100008
0.100008
0.100008
0.100006
0.100008
0.100008
0.100008
0.100073
0.100036
0.100026
0.10001
0.100005
0.100005
0.615295
0.552361
0.104676
0.100492
0.100145
0.101459
0.129801
0.11267
0.234892
0.201663
0.283622
0.352873
0.528595
0.55552
0.555512
0.579345
0.589519
0.603044
0.615765
0.104311
0.100131
0.100013
0.619565
0.607977
0.597699
0.118518
0.164078
0.274401
0.466952
0.742068
0.849117
0.880789
0.832812
0.877013
0.712598
0.684423
0.602705
0.100011
0.100011
0.100011
0.100011
0.100011
0.100011
0.100011
0.100011
0.100011
0.100011
0.100011
0.1
0.1
0.100001
0.100001
0.100001
0.100001
0.100001
0.100002
0.100002
0.100002
0.100002
0.100003
0.100003
0.100003
0.100003
0.100003
0.100004
0.100004
0.100004
0.100004
0.100005
0.100005
0.100009
0.100008
0.100009
0.100008
0.100008
0.100008
0.100008
0.100009
0.100008
0.100008
0.100007
0.100007
0.100008
0.100008
0.100007
0.100008
0.100008
0.100008
0.100007
0.100006
0.100008
0.100006
0.100008
0.100008
0.100006
0.100008
0.100008
0.100006
0.100008
0.100008
0.100008
0.100008
0.100008
0.100008
0.100008
0.100006
0.100009
0.100008
0.100008
0.100097
0.100047
0.100036
0.100014
0.100005
0.100005
0.568173
0.112607
0.101208
0.100317
0.103932
0.16605
0.133059
0.322731
0.268221
0.407022
0.484161
0.566982
0.563707
0.562561
0.582604
0.593578
0.60354
0.618391
0.100702
0.100027
0.620455
0.608564
0.599604
0.103423
0.114231
0.149079
0.228958
0.381432
0.629498
0.773078
0.862924
0.83627
0.819322
0.786605
0.633067
0.606063
0.100011
0.100011
0.100011
0.100011
0.100011
0.100011
0.100011
0.100011
0.100011
0.100011
0.100011
0.100011
0.100013
0.1
0.1
0.100001
0.100001
0.100001
0.100001
0.100001
0.100002
0.100002
0.100002
0.100002
0.100003
0.100003
0.100003
0.100003
0.100003
0.100004
0.100004
0.100004
0.100004
0.100005
0.100005
0.100009
0.100009
0.100009
0.100009
0.100008
0.100008
0.100008
0.100008
0.100009
0.100009
0.100008
0.100008
0.100007
0.100007
0.100008
0.100008
0.100007
0.100008
0.100008
0.100008
0.100007
0.100006
0.100008
0.100006
0.100008
0.100008
0.100006
0.100008
0.100008
0.100006
0.100008
0.100008
0.100008
0.100008
0.100008
0.100008
0.100008
0.100006
0.10001
0.100008
0.100227
0.100068
0.100045
0.100023
0.100005
0.100005
0.576518
0.130224
0.102958
0.100788
0.109797
0.221595
0.171931
0.448245
0.356129
0.51401
0.548227
0.577481
0.590543
0.594912
0.606886
0.618624
0.100112
0.621053
0.609399
0.60046
0.10056
0.102583
0.110513
0.134783
0.191869
0.326774
0.487292
0.845384
0.674847
0.836683
0.705257
0.819153
0.688862
0.609737
0.100011
0.100011
0.100011
0.100011
0.100011
0.100011
0.100011
0.100011
0.100011
0.100011
0.100011
0.100011
0.100012
0.100024
0.1
0.1
0.100001
0.100001
0.100001
0.100001
0.100001
0.100002
0.100002
0.100002
0.100002
0.100003
0.100003
0.100003
0.100003
0.100003
0.100004
0.100004
0.100004
0.100004
0.100005
0.100005
0.100009
0.100009
0.100009
0.100009
0.100009
0.100009
0.100008
0.100008
0.100008
0.100009
0.100009
0.100008
0.100008
0.100007
0.100007
0.100009
0.100009
0.100007
0.100008
0.100009
0.100009
0.100007
0.100006
0.100008
0.100006
0.100008
0.100008
0.100006
0.100008
0.100008
0.100006
0.100008
0.100008
0.100008
0.100008
0.100008
0.100008
0.100009
0.100008
0.100008
0.100008
0.100006
0.100013
0.10044
0.100106
0.100066
0.100029
0.100005
0.100005
0.593275
0.165979
0.106721
0.101799
0.122172
0.291503
0.227434
0.535516
0.472936
0.563565
0.578541
0.582483
0.598023
0.606891
0.621086
0.621725
0.609767
0.602393
0.10009
0.100411
0.101816
0.10736
0.122047
0.165771
0.2454
0.761678
0.384432
0.800666
0.783824
0.801752
0.763927
0.647019
0.610977
0.100011
0.100011
0.100011
0.100011
0.100011
0.100011
0.100011
0.100011
0.100011
0.100011
0.100011
0.100012
0.100011
0.100011
0.100021
0.1
0.1
0.100001
0.100001
0.100001
0.100001
0.100001
0.100002
0.100002
0.100002
0.100002
0.100003
0.100003
0.100003
0.100003
0.100003
0.100004
0.100004
0.100004
0.100004
0.100005
0.100005
0.100009
0.100009
0.100009
0.100009
0.100009
0.100009
0.100009
0.100009
0.100009
0.100008
0.100008
0.100008
0.100009
0.100008
0.100008
0.100007
0.100007
0.100009
0.100009
0.100007
0.100009
0.100009
0.100009
0.100007
0.100006
0.100009
0.100006
0.100009
0.100009
0.100006
0.100008
0.100008
0.100006
0.100008
0.100008
0.100008
0.100009
0.100008
0.10001
0.100008
0.100009
0.100009
0.100006
0.100017
0.100967
0.100242
0.100096
0.100034
0.100005
0.100005
0.596861
0.601821
0.217547
0.114077
0.103884
0.145073
0.378252
0.295288
0.57889
0.545222
0.587803
0.587035
0.608305
0.621019
0.622071
0.610366
0.603034
0.100067
0.100282
0.101297
0.104169
0.114529
0.1382
0.525088
0.193977
0.657215
0.792771
0.72159
0.706059
0.779999
0.691701
0.612786
0.100011
0.100011
0.100011
0.100011
0.100011
0.100011
0.100011
0.100011
0.100011
0.100011
0.100011
0.100011
0.100018
0.100011
0.100011
0.1
0.1
0.100001
0.100001
0.100001
0.100001
0.100001
0.100002
0.100002
0.100002
0.100002
0.100003
0.100003
0.100003
0.100003
0.100003
0.100004
0.100004
0.100004
0.100004
0.100005
0.100005
0.10001
0.100009
0.100009
0.100009
0.100009
0.100009
0.100009
0.100009
0.100009
0.100009
0.100009
0.100009
0.100008
0.100008
0.100008
0.100008
0.100008
0.100007
0.100007
0.100009
0.100009
0.100007
0.100009
0.100009
0.100009
0.100007
0.100006
0.100009
0.100006
0.100009
0.100009
0.100006
0.100009
0.100009
0.100006
0.100009
0.100009
0.100008
0.100009
0.100011
0.100008
0.100009
0.100009
0.100009
0.100006
0.100017
0.101919
0.100455
0.100188
0.100051
0.100005
0.100005
0.603033
0.604666
0.61129
0.280167
0.126873
0.107744
0.183629
0.483599
0.377681
0.595973
0.584726
0.595719
0.591101
0.621921
0.622567
0.610783
0.603714
0.100046
0.100195
0.100668
0.102541
0.107433
0.283072
0.12132
0.391987
0.752855
0.501484
0.757267
0.75529
0.675031
0.740702
0.615177
0.10001
0.100011
0.100011
0.100011
0.10001
0.10001
0.10001
0.10001
0.100011
0.100011
0.100011
0.100011
0.100015
0.100011
0.100011
0.1
0.1
0.100001
0.100001
0.100001
0.100001
0.100001
0.100002
0.100002
0.100002
0.100002
0.100003
0.100003
0.100003
0.100003
0.100004
0.100004
0.100004
0.100004
0.100004
0.100005
0.100005
0.10001
0.10001
0.10001
0.10001
0.100009
0.100009
0.100009
0.100009
0.100009
0.100009
0.100009
0.100009
0.100009
0.100009
0.100008
0.100008
0.100008
0.100008
0.100008
0.100007
0.100007
0.100009
0.100009
0.100007
0.100009
0.100009
0.100009
0.100007
0.100006
0.100009
0.100006
0.100009
0.100009
0.100006
0.100009
0.100009
0.100006
0.100009
0.100009
0.100009
0.100009
0.100009
0.100011
0.100009
0.100009
0.100009
0.100006
0.100025
0.103567
0.100837
0.100318
0.100069
0.100005
0.100005
0.611085
0.606619
0.605087
0.623459
0.354423
0.14595
0.114201
0.235176
0.548176
0.472203
0.603168
0.601792
0.598978
0.622757
0.610986
0.604366
0.100033
0.100101
0.10037
0.101163
0.149278
0.103616
0.207656
0.597647
0.278112
0.750197
0.656075
0.669994
0.720054
0.739534
0.619288
0.10001
0.10001
0.10001
0.10001
0.100011
0.100011
0.100011
0.10001
0.10001
0.10001
0.100011
0.100011
0.100011
0.100013
0.100011
0.100011
0.1
0.1
0.100001
0.100001
0.100001
0.100001
0.100001
0.100002
0.100002
0.100002
0.100002
0.100003
0.100003
0.100003
0.100003
0.100004
0.100004
0.100004
0.100004
0.100004
0.100005
0.100005
0.10001
0.10001
0.10001
0.10001
0.10001
0.10001
0.10001
0.100009
0.100009
0.100009
0.100009
0.100009
0.100009
0.100009
0.100009
0.100009
0.100008
0.100008
0.100008
0.100008
0.100008
0.100007
0.100007
0.100009
0.100007
0.100009
0.100009
0.100009
0.100007
0.100006
0.100009
0.100006
0.100009
0.100009
0.100006
0.100009
0.100009
0.100006
0.100009
0.100009
0.100009
0.100009
0.100012
0.100009
0.100009
0.100009
0.100009
0.100009
0.100006
0.100027
0.10619
0.101472
0.100537
0.100103
0.100005
0.100005
0.622924
0.611621
0.60616
0.60936
0.437553
0.173995
0.123758
0.301249
0.584554
0.537966
0.606168
0.607235
0.622835
0.611014
0.606664
0.10002
0.100056
0.100147
0.109558
0.100516
0.124204
0.363212
0.151338
0.687596
0.432282
0.647857
0.709699
0.72591
0.698231
0.618064
0.10001
0.10001
0.10001
0.10001
0.10001
0.100011
0.100011
0.100011
0.10001
0.10001
0.10001
0.100011
0.100011
0.100011
0.100011
0.100011
0.1
0.1
0.100001
0.100001
0.100001
0.100001
0.100001
0.100002
0.100002
0.100002
0.100002
0.100003
0.100003
0.100003
0.100003
0.100004
0.100004
0.100004
0.100004
0.100004
0.100005
0.100005
0.10001
0.10001
0.10001
0.10001
0.10001
0.10001
0.10001
0.10001
0.10001
0.10001
0.100009
0.100009
0.100009
0.100009
0.100009
0.100009
0.100009
0.100009
0.100008
0.100008
0.100008
0.100008
0.100008
0.100007
0.100007
0.100009
0.100007
0.100009
0.100009
0.100009
0.100007
0.100006
0.100009
0.100006
0.100009
0.100009
0.100006
0.100009
0.100009
0.100006
0.100009
0.100009
0.100009
0.100009
0.100009
0.100009
0.100015
0.100009
0.100009
0.100009
0.100009
0.100006
0.100035
0.110002
0.102439
0.10084
0.100165
0.100005
0.100005
0.622911
0.611635
0.607124
0.610732
0.503363
0.214552
0.13658
0.375305
0.603513
0.577331
0.60866
0.610732
0.622776
0.611554
0.606942
0.100015
0.100022
0.101336
0.100071
0.104025
0.195598
0.109085
0.501099
0.244223
0.683694
0.715378
0.696743
0.548646
0.674607
0.619201
0.10001
0.10001
0.10001
0.10001
0.10001
0.10001
0.100011
0.100011
0.100011
0.10001
0.10001
0.100011
0.100011
0.100011
0.100011
0.100011
0.1
0.1
0.100001
0.100001
0.100001
0.100001
0.100001
0.100002
0.100002
0.100002
0.100002
0.100003
0.100003
0.100003
0.100003
0.100004
0.100004
0.100004
0.100004
0.100004
0.100005
0.100005
0.100011
0.10001
0.10001
0.10001
0.10001
0.10001
0.10001
0.10001
0.10001
0.10001
0.10001
0.10001
0.10001
0.100009
0.100009
0.100009
0.100009
0.100009
0.100009
0.100009
0.100008
0.100008
0.100008
0.100008
0.100008
0.100007
0.100007
0.100007
0.100009
0.100009
0.100009
0.100007
0.100006
0.100009
0.100006
0.100009
0.100009
0.100006
0.100009
0.100009
0.100006
0.100009
0.100009
0.100009
0.100009
0.100009
0.100009
0.100009
0.100016
0.10001
0.100009
0.100009
0.100006
0.100049
0.115325
0.103773
0.101259
0.100248
0.100005
0.100005
0.622708
0.61162
0.609689
0.612
0.551719
0.272458
0.152989
0.440122
0.608832
0.60028
0.613017
0.623078
0.61177
0.607488
0.100011
0.100156
0.100016
0.100554
0.121244
0.101215
0.295907
0.140047
0.702358
0.692718
0.580974
0.341628
0.667693
0.690589
0.619999
0.10001
0.10001
0.10001
0.10001
0.10001
0.10001
0.10001
0.10001
0.100011
0.100011
0.100011
0.10001
0.10001
0.100011
0.100011
0.100011
0.100011
0.1
0.1
0.100001
0.100001
0.100001
0.100001
0.100001
0.100002
0.100002
0.100002
0.100002
0.100003
0.100003
0.100003
0.100003
0.100004
0.100004
0.100004
0.100004
0.100004
0.100005
0.100005
0.100011
0.100011
0.100011
0.10001
0.10001
0.10001
0.10001
0.10001
0.10001
0.10001
0.10001
0.10001
0.10001
0.10001
0.10001
0.100009
0.100009
0.100009
0.100009
0.100009
0.100009
0.100008
0.100008
0.100008
0.100008
0.100008
0.100007
0.100007
0.100007
0.100009
0.100009
0.100009
0.100007
0.100006
0.100009
0.100006
0.100009
0.100009
0.100006
0.100009
0.100009
0.100006
0.100009
0.100009
0.100009
0.100009
0.100009
0.100009
0.100009
0.100009
0.100009
0.100017
0.100011
0.100009
0.100006
0.100067
0.12226
0.105549
0.101787
0.100354
0.100005
0.100005
0.622392
0.61276
0.608855
0.613308
0.582603
0.332967
0.174313
0.495047
0.613697
0.608552
0.622969
0.611804
0.608009
0.100024
0.100011
0.100071
0.103148
0.100145
0.165092
0.106644
0.685202
0.598982
0.379836
0.191224
0.66315
0.680959
0.675741
0.620813
0.10001
0.10001
0.10001
0.10001
0.10001
0.10001
0.10001
0.10001
0.10001
0.100011
0.100011
0.100011
0.10001
0.100011
0.100011
0.100011
0.100011
0.1
0.1
0.100001
0.100001
0.100001
0.100001
0.100001
0.100002
0.100002
0.100002
0.100002
0.100003
0.100003
0.100003
0.100003
0.100004
0.100004
0.100004
0.100004
0.100004
0.100005
0.100005
0.100011
0.10001
0.100011
0.100011
0.100011
0.100011
0.10001
0.10001
0.10001
0.10001
0.10001
0.10001
0.10001
0.10001
0.10001
0.10001
0.10001
0.10001
0.100009
0.100009
0.100009
0.100009
0.100009
0.100008
0.100008
0.100008
0.100008
0.100008
0.100007
0.100007
0.100007
0.100009
0.100009
0.100007
0.100006
0.100009
0.100006
0.100009
0.100009
0.100006
0.100009
0.100009
0.100006
0.100009
0.100009
0.100009
0.100009
0.100009
0.100009
0.100009
0.100009
0.100009
0.100009
0.10002
0.100011
0.100006
0.10009
0.130848
0.107797
0.102426
0.100483
0.100005
0.100005
0.622873
0.612277
0.608886
0.616251
0.615479
0.599455
0.392544
0.203331
0.537586
0.613456
0.62282
0.611834
0.608577
0.100011
0.100016
0.100387
0.100023
0.11355
0.100804
0.608898
0.406148
0.218173
0.121524
0.657591
0.67313
0.666592
0.608354
0.620972
0.10001
0.10001
0.10001
0.10001
0.10001
0.10001
0.10001
0.10001
0.10001
0.10001
0.100011
0.100011
0.100011
0.10001
0.100011
0.100011
0.100011
0.100011
0.1
0.1
0.100001
0.100001
0.100001
0.100001
0.100001
0.100002
0.100002
0.100002
0.100002
0.100003
0.100003
0.100003
0.100003
0.100004
0.100004
0.100004
0.100004
0.100004
0.100005
0.100005
0.100011
0.100011
0.100011
0.10001
0.100011
0.100011
0.100011
0.100011
0.100011
0.10001
0.10001
0.10001
0.10001
0.10001
0.10001
0.10001
0.10001
0.10001
0.10001
0.10001
0.10001
0.100009
0.100009
0.100009
0.100009
0.100008
0.100008
0.100008
0.100008
0.100008
0.100007
0.100007
0.100007
0.100009
0.10001
0.100007
0.100006
0.100009
0.100006
0.100009
0.100009
0.100006
0.100009
0.100009
0.100006
0.100009
0.100011
0.100009
0.100009
0.100009
0.100009
0.100009
0.100009
0.100009
0.100009
0.100009
0.100009
0.100024
0.100006
0.100114
0.140958
0.110534
0.103208
0.10063
0.100005
0.100005
0.62244
0.611856
0.609722
0.618771
0.615116
0.609092
0.445363
0.243403
0.568605
0.618716
0.622655
0.611847
0.609032
0.100011
0.100049
0.100011
0.10185
0.10009
0.42574
0.239505
0.132184
0.103219
0.654221
0.666408
0.657283
0.60402
0.435679
0.620942
0.10001
0.10001
0.10001
0.10001
0.10001
0.10001
0.10001
0.10001
0.10001
0.10001
0.10001
0.100011
0.100011
0.100011
0.100011
0.100011
0.100011
0.100011
0.1
0.1
0.100001
0.100001
0.100001
0.100001
0.100001
0.100002
0.100002
0.100002
0.100002
0.100003
0.100003
0.100003
0.100003
0.100004
0.100004
0.100004
0.100004
0.100004
0.100005
0.100005
0.100011
0.100011
0.100011
0.100011
0.100011
0.10001
0.100011
0.100011
0.100011
0.100011
0.100011
0.10001
0.10001
0.10001
0.10001
0.10001
0.10001
0.10001
0.10001
0.10001
0.10001
0.10001
0.100009
0.100009
0.100009
0.100009
0.100008
0.100008
0.100008
0.100008
0.100008
0.100007
0.100007
0.100007
0.10001
0.100007
0.100006
0.10001
0.100006
0.10001
0.10001
0.100006
0.10001
0.10001
0.100006
0.100011
0.100027
0.100009
0.100009
0.100009
0.100009
0.100009
0.100011
0.10001
0.100009
0.100009
0.100009
0.100009
0.100009
0.100006
0.100137
0.153904
0.114142
0.10422
0.100799
0.100005
0.100005
0.621934
0.612192
0.609316
0.620667
0.616824
0.616704
0.489165
0.291822
0.590477
0.622483
0.611916
0.609421
0.100013
0.10001
0.100199
0.100017
0.256181
0.141214
0.105475
0.100361
0.650325
0.660472
0.648826
0.594116
0.435207
0.267177
0.6205
0.10001
0.10001
0.10001
0.10001
0.10001
0.10001
0.10001
0.10001
0.10001
0.10001
0.10001
0.10001
0.100011
0.100011
0.100011
0.100011
0.100011
0.100011
0.1
0.1
0.100001
0.100001
0.100001
0.100001
0.100001
0.100002
0.100002
0.100002
0.100002
0.100003
0.100003
0.100003
0.100003
0.100004
0.100004
0.100004
0.100004
0.100004
0.100005
0.100005
0.100011
0.100011
0.100011
0.10001
0.100011
0.100011
0.100011
0.100011
0.100011
0.10001
0.10001
0.10001
0.10001
0.10001
0.10001
0.10001
0.10001
0.10001
0.10001
0.10001
0.100009
0.100009
0.100009
0.100009
0.100008
0.100008
0.100008
0.100008
0.100008
0.100007
0.100007
0.100007
0.100007
0.100006
0.10001
0.100006
0.10001
0.10001
0.100006
0.10001
0.10001
0.100006
0.100029
0.100009
0.100009
0.100009
0.100009
0.100012
0.100032
0.10001
0.10001
0.10001
0.100009
0.100009
0.100009
0.100009
0.100009
0.100006
0.100165
0.171433
0.119005
0.10575
0.101035
0.100005
0.100005
0.622282
0.611671
0.610412
0.622006
0.6163
0.621398
0.526534
0.341413
0.6053
0.622355
0.611967
0.609656
0.10001
0.100026
0.10001
0.149384
0.107461
0.100641
0.100041
0.6455
0.654462
0.639392
0.58015
0.42954
0.267768
0.155209
0.620829
0.10001
0.10001
0.10001
0.10001
0.10001
0.10001
0.10001
0.10001
0.10001
0.10001
0.10001
0.10001
0.10001
0.10001
0.100011
0.100011
0.100011
0.100011
0.1
0.1
0.100001
0.100001
0.100001
0.100001
0.100001
0.100002
0.100002
0.100002
0.100002
0.100003
0.100003
0.100003
0.100003
0.100004
0.100004
0.100004
0.100004
0.100004
0.100005
0.100005
0.100011
0.10001
0.100011
0.100011
0.100011
0.100011
0.100011
0.10001
0.10001
0.10001
0.10001
0.10001
0.10001
0.10001
0.10001
0.10001
0.10001
0.100009
0.100009
0.100009
0.100009
0.100008
0.100008
0.100008
0.100008
0.100008
0.100007
0.100007
0.100007
0.100007
0.100006
0.10001
0.100006
0.10001
0.10001
0.100006
0.10001
0.10001
0.100006
0.100009
0.100009
0.100009
0.100013
0.100038
0.10021
0.10001
0.100009
0.10001
0.100009
0.100009
0.100009
0.100009
0.100009
0.100006
0.195677
0.126107
0.108287
0.101433
0.100005
0.100005
0.621783
0.61228
0.609603
0.623533
0.617871
0.556844
0.391109
0.611544
0.622234
0.611996
0.609881
0.100011
0.10961
0.100908
0.100065
0.100012
0.642432
0.648574
0.628311
0.561558
0.41667
0.264772
0.155559
0.110772
0.619127
0.10001
0.10001
0.10001
0.10001
0.10001
0.10001
0.10001
0.10001
0.10001
0.10001
0.10001
0.10001
0.1
0.1
0.100001
0.100001
0.100001
0.100001
0.100001
0.100002
0.100002
0.100002
0.100002
0.100003
0.100003
0.100003
0.100003
0.100004
0.100004
0.100004
0.100004
0.100004
0.100005
0.100005
0.100011
0.100011
0.100011
0.100011
0.10001
0.10001
0.10001
0.10001
0.10001
0.10001
0.10001
0.10001
0.10001
0.100009
0.100009
0.100009
0.100009
0.100008
0.100008
0.100008
0.100008
0.100008
0.100007
0.100007
0.100007
0.100007
0.100006
0.100006
0.10001
0.10001
0.100006
0.100006
0.100009
0.100009
0.100013
0.100047
0.100255
0.100009
0.10001
0.100009
0.100009
0.100009
0.100009
0.100009
0.100006
0.2291
0.136773
0.112731
0.102178
0.100005
0.100005
0.62213
0.611643
0.609812
0.626461
0.61787
0.579833
0.437961
0.620811
0.622114
0.611971
0.609841
0.101229
0.100092
0.100014
0.10001
0.639135
0.642471
0.615411
0.53896
0.395891
0.257388
0.154
0.110729
0.101271
0.618332
0.10001
0.10001
0.10001
0.10001
0.10001
0.10001
0.10001
0.1
0.1
0.100001
0.100001
0.100001
0.100001
0.100001
0.100002
0.100002
0.100002
0.100002
0.100003
0.100003
0.100003
0.100003
0.100004
0.100004
0.100004
0.100004
0.100004
0.100005
0.100005
0.100011
0.100011
0.100011
0.100011
0.10001
0.10001
0.10001
0.10001
0.10001
0.100009
0.100009
0.100009
0.100009
0.100008
0.100008
0.100008
0.100008
0.100008
0.100007
0.100007
0.100007
0.100007
0.100006
0.100006
0.100006
0.100006
0.10001
0.100016
0.100073
0.100419
0.100009
0.10001
0.100009
0.100009
0.100009
0.100009
0.10001
0.100006
0.275652
0.153042
0.120144
0.10358
0.100005
0.621533
0.611762
0.6099
0.62827
0.619825
0.600732
0.481144
0.624686
0.621979
0.611906
0.609745
0.100116
0.100016
0.10001
0.635348
0.634917
0.599596
0.511654
0.369131
0.241204
0.149509
0.110021
0.101219
0.100115
0.10001
0.10001
0.1
0.1
0.100001
0.100001
0.100001
0.100001
0.100001
0.100002
0.100002
0.100002
0.100002
0.100003
0.100003
0.100003
0.100003
0.100004
0.100004
0.100004
0.100004
0.100004
0.100005
0.100011
0.100011
0.100011
0.100011
0.10001
0.10001
0.10001
0.10001
0.100009
0.100009
0.100009
0.100009
0.100008
0.100008
0.100008
0.100008
0.100008
0.100007
0.100007
0.100007
0.100007
0.100006
0.100006
0.100006
0.100006
0.10002
0.100106
0.100688
0.10001
0.10001
0.10001
0.10001
0.100011
0.100012
0.100027
0.100006
0.331668
0.176537
0.131966
0.106094
0.621741
0.611915
0.610733
0.630998
0.613677
0.520232
0.632405
0.621827
0.611818
0.100016
0.10001
0.626117
0.57986
0.479731
0.335032
0.21945
0.141649
0.108411
0.101065
0.100105
0.100016
0.10001
0.1
0.1
0.100001
0.100001
0.100001
0.100001
0.100001
0.100002
0.100002
0.100002
0.100002
0.100003
0.100003
0.100003
0.100003
0.100004
0.100004
0.100004
0.100004
0.100004
0.100011
0.100011
0.100011
0.100011
0.10001
0.10001
0.10001
0.10001
0.100009
0.100009
0.100009
0.100009
0.100008
0.100008
0.100008
0.100008
0.100008
0.100007
0.100007
0.100007
0.100007
0.100006
0.100006
0.100006
0.100006
0.100149
0.101202
0.10001
0.10001
0.100013
0.100014
0.100037
0.100051
0.100272
0.388115
0.20895
0.14887
0.110234
0.621983
0.612459
0.553806
0.621672
0.10001
0.438477
0.292576
0.19491
0.13286
0.106526
0.10083
0.100088
0.100015
0.1
0.1
0.100001
0.100001
0.100001
0.100001
0.100001
0.100002
0.100002
0.100002
0.100002
0.100003
0.100003
0.100003
0.100003
0.100004
0.100004
0.100004
0.100004
0.100011
0.100011
0.100011
0.100011
0.10001
0.10001
0.10001
0.10001
0.100009
0.100009
0.100009
0.100009
0.100008
0.100008
0.100008
0.100008
0.100008
0.100007
0.100007
0.100007
0.100007
0.100006
0.100006
0.100006
0.102018
0.100069
0.100405
0.100606
0.103186
0.248649
0.170487
0.116325
0.622281
0.124074
0.104726
0.1
0.1
0.100001
0.100001
0.100001
0.100001
0.100001
0.100002
0.100002
0.100002
0.100002
0.100003
0.100003
0.100003
0.100003
0.100004
0.100004
0.100004
0.100011
0.100011
0.100011
0.100011
0.10001
0.10001
0.10001
0.10001
0.100009
0.100009
0.100009
0.100009
0.100008
0.100008
0.100008
0.100008
0.100008
0.100007
0.100007
0.100007
0.100007
0.100006
0.100006
0.1
0.1
0.100001
0.100001
0.100001
0.100001
0.100001
0.100002
0.100002
0.100002
0.100002
0.100003
0.100003
0.100003
0.100003
0.100004
0.100004
0.100011
0.100011
0.100011
0.100011
0.10001
0.10001
0.10001
0.10001
0.100009
0.100009
0.100009
0.100009
0.100008
0.100008
0.100008
0.100008
0.100008
0.100007
0.100007
0.100007
0.100007
0.100006
0.1
0.1
0.100001
0.100001
0.100001
0.100001
0.100001
0.100002
0.100002
0.100002
0.100002
0.100003
0.100003
0.100003
0.100003
0.100004
0.100011
0.100011
0.100011
0.100011
0.10001
0.10001
0.10001
0.10001
0.100009
0.100009
0.100009
0.100009
0.100008
0.100008
0.100008
0.100008
0.100008
0.100007
0.100007
0.100007
0.100007
0.1
0.1
0.100001
0.100001
0.100001
0.100001
0.100001
0.100002
0.100002
0.100002
0.100002
0.100003
0.100003
0.100003
0.100003
0.100011
0.100011
0.100011
0.100011
0.10001
0.10001
0.10001
0.10001
0.100009
0.100009
0.100009
0.100009
0.100008
0.100008
0.100008
0.100008
0.100008
0.100007
0.100007
0.100007
0.1
0.1
0.100001
0.100001
0.100001
0.100001
0.100001
0.100002
0.100002
0.100002
0.100002
0.100003
0.100003
0.100003
0.100011
0.100011
0.100011
0.100011
0.10001
0.10001
0.10001
0.10001
0.100009
0.100009
0.100009
0.100009
0.100008
0.100008
0.100008
0.100008
0.100008
0.100007
0.100007
0.1
0.1
0.100001
0.100001
0.100001
0.100001
0.100001
0.100002
0.100002
0.100002
0.100002
0.100003
0.100003
0.100011
0.100011
0.100011
0.100011
0.10001
0.10001
0.10001
0.10001
0.100009
0.100009
0.100009
0.100009
0.100008
0.100008
0.100008
0.100008
0.100008
0.100007
0.1
0.1
0.100001
0.100001
0.100001
0.100001
0.100001
0.100002
0.100002
0.100002
0.100002
0.100003
0.100011
0.100011
0.100011
0.100011
0.10001
0.10001
0.10001
0.10001
0.100009
0.100009
0.100009
0.100009
0.100009
0.100008
0.100008
0.100008
0.100008
0.1
0.1
0.100001
0.100001
0.100001
0.100001
0.100001
0.100002
0.100002
0.100002
0.100002
0.100011
0.100011
0.100011
0.100011
0.10001
0.10001
0.10001
0.10001
0.100009
0.100009
0.100009
0.100009
0.100009
0.100008
0.100008
0.100008
0.1
0.1
0.100001
0.100001
0.100001
0.100001
0.100001
0.100002
0.100002
0.100002
0.100011
0.100011
0.100011
0.100011
0.10001
0.10001
0.10001
0.10001
0.100009
0.100009
0.100009
0.100009
0.100009
0.100008
0.100008
0.1
0.1
0.100001
0.100001
0.100001
0.100001
0.100001
0.100002
0.100002
0.100011
0.100011
0.100011
0.100011
0.10001
0.10001
0.10001
0.10001
0.100009
0.100009
0.100009
0.100009
0.100009
0.100008
0.1
0.1
0.100001
0.100001
0.100001
0.100001
0.100001
0.100002
0.100011
0.100011
0.100011
0.100011
0.10001
0.10001
0.10001
0.10001
0.100009
0.100009
0.100009
0.100009
0.100009
0.1
0.1
0.100001
0.100001
0.100001
0.100001
0.100001
0.100011
0.100011
0.100011
0.100011
0.10001
0.10001
0.10001
0.10001
0.100009
0.100009
0.100009
0.100009
0.1
0.1
0.100001
0.100001
0.100001
0.100001
0.100011
0.100011
0.100011
0.100011
0.10001
0.10001
0.10001
0.10001
0.100009
0.100009
0.100009
0.1
0.1
0.100001
0.100001
0.100001
0.100011
0.100011
0.100011
0.100011
0.10001
0.10001
0.10001
0.10001
0.100009
0.100009
0.1
0.1
0.100001
0.100001
0.100011
0.100011
0.100011
0.100011
0.10001
0.10001
0.10001
0.10001
0.100009
0.1
0.1
0.100001
0.100011
0.100011
0.100011
0.100011
0.10001
0.10001
0.10001
0.10001
0.1
0.1
0.100011
0.100011
0.100011
0.100011
0.10001
0.10001
0.10001
0.1
0.100011
0.100011
0.100011
0.100011
0.10001
0.10001
0.100011
0.100011
0.100011
0.100011
0.10001
0.100011
0.100011
0.100011
0.100011
0.100011
0.100011
0.100011
0.100011
0.100011
0.100011
)
;

boundaryField
{
    lowerOutlet
    {
        type            calculated;
        value           nonuniform List<scalar> 
140
(
0.100011
0.100011
0.100011
0.100011
0.100011
0.100011
0.100011
0.100011
0.100011
0.100011
0.100011
0.100011
0.100011
0.100011
0.100011
0.100011
0.100011
0.100011
0.100011
0.100011
0.100011
0.100011
0.100011
0.100011
0.100011
0.100011
0.100011
0.100011
0.100011
0.100011
0.100011
0.100011
0.100011
0.100011
0.100011
0.100011
0.100011
0.100011
0.100012
0.100085
0.101796
0.241213
0.112224
0.122704
0.358121
0.154076
0.184034
0.261648
2.30006
0.100014
0.100011
0.100011
0.100011
0.100011
0.100011
0.100011
0.100011
0.100011
0.100011
0.100011
0.100011
0.100011
0.100011
0.100011
0.100011
0.100011
0.100011
0.100011
0.100011
0.100011
0.100011
0.100011
0.100011
0.100011
0.100011
0.100011
0.100011
0.100011
0.100011
0.100011
0.100011
0.100011
0.100011
0.100011
0.100011
0.100011
0.100011
0.100011
0.100011
0.100011
0.100011
0.100011
0.100011
0.100011
0.100011
0.100011
0.100018
0.100367
0.124085
0.22137
0.105998
0.327302
0.131282
0.271584
0.133254
0.967776
0.100041
0.100011
0.100011
0.100011
0.100011
0.100011
0.100011
0.100011
0.100011
0.100011
0.100011
0.211518
0.204644
0.153712
0.167226
0.101219
0.100012
0.100011
0.100011
0.100011
0.134628
0.349123
0.117906
0.169773
0.10022
0.100011
0.100011
0.100011
0.100011
0.100011
0.100011
0.100011
0.100011
0.100011
)
;
    }
    top
    {
        type            calculated;
        value           nonuniform List<scalar> 
100
(
0.100001
0.100004
0.100005
0.100005
0.100006
0.100006
0.100006
0.100009
0.100015
0.100031
0.100067
0.100146
0.100272
0.100311
0.100252
0.100154
0.100082
0.100035
0.100017
0.100006
0.100003
0.100001
0.100001
0.100002
0.100004
0.100006
0.100012
0.100049
0.100388
0.102895
0.116218
0.146196
0.178323
0.199416
0.202306
0.193695
0.180647
0.168604
0.156265
0.141265
0.122427
0.106356
0.101009
0.100154
0.100012
0.100001
0.1
0.1
0.1
0.1
0.1
0.1
0.1
0.1
0.1
0.1
0.1
0.1
0.1
0.1
0.1
0.1
0.1
0.1
0.1
0.1
0.1
0.1
0.1
0.1
0.1
0.1
0.1
0.1
0.1
0.1
0.1
0.1
0.1
0.1
0.1
0.1
0.1
0.1
0.1
0.1
0.1
0.1
0.1
0.1
0.1
0.1
0.1
0.1
0.1
0.1
0.1
0.1
0.1
0.1
)
;
    }
    sides
    {
        type            calculated;
        value           nonuniform List<scalar> 
100
(
0.100011
0.100011
0.100011
0.100011
0.10001
0.10001
0.10001
0.10001
0.100009
0.100009
0.100009
0.100009
0.100009
0.100008
0.100008
0.100008
0.100008
0.100007
0.100007
0.100007
0.100007
0.100006
0.100006
0.100006
0.100006
0.100006
0.100005
0.100005
0.100005
0.100005
0.100004
0.100004
0.100004
0.100004
0.100004
0.100003
0.100003
0.100003
0.100003
0.100002
0.100002
0.100002
0.100002
0.100001
0.100001
0.100001
0.100001
0.100001
0.100002
0.100001
0.100011
0.100011
0.100011
0.100011
0.10001
0.10001
0.10001
0.10001
0.100009
0.100009
0.100009
0.100009
0.100009
0.100008
0.100008
0.100008
0.100008
0.100007
0.100007
0.100007
0.100007
0.100006
0.100006
0.100006
0.100006
0.100006
0.100005
0.100005
0.100005
0.100005
0.100004
0.100004
0.100004
0.100004
0.100004
0.100003
0.100003
0.100003
0.100003
0.100002
0.100002
0.100002
0.100002
0.100001
0.100001
0.100001
0.100001
0.100001
0.1
0.1
)
;
    }
    front
    {
        type            empty;
    }
    back
    {
        type            empty;
    }
    roller
    {
        type            calculated;
        value           nonuniform List<scalar> 
144
(
0.589008
0.606146
0.619565
0.622492
0.622776
0.622281
0.600816
0.598751
0.60228
0.607305
0.613245
0.592881
0.603889
0.623516
0.618307
0.622071
0.601419
0.596272
0.622708
0.5951
0.621921
0.596536
0.596975
0.612137
0.613221
0.574287
0.57505
0.579011
0.580824
0.587193
0.608243
0.619935
0.615033
0.621632
0.623078
0.621983
0.599994
0.62244
0.622873
0.595932
0.595735
0.599928
0.603662
0.573401
0.577426
0.576099
0.58494
0.582798
0.601506
0.599092
0.617558
0.622919
0.623827
0.619699
0.622567
0.602043
0.598501
0.621783
0.596657
0.595316
0.595255
0.621019
0.597442
0.609586
0.618391
0.624006
0.617263
0.622655
0.622114
0.60415
0.621086
0.618624
0.577393
0.580369
0.57551
0.59431
0.596129
0.608618
0.613546
0.611919
0.618605
0.617589
0.622835
0.61352
0.62282
0.61243
0.609195
0.622234
0.608164
0.605251
0.621672
0.621533
0.62213
0.595349
0.595403
0.598214
0.597963
0.601759
0.605975
0.609055
0.583649
0.598927
0.616399
0.620455
0.623293
0.616471
0.622483
0.621979
0.603505
0.599345
0.597266
0.622924
0.622911
0.623459
0.595896
0.57435
0.573321
0.589458
0.591866
0.604049
0.610129
0.624092
0.621725
0.621053
0.622757
0.615211
0.622969
0.611767
0.6101
0.622355
0.60716
0.606067
0.621827
0.621741
0.597974
0.621934
0.622282
0.622392
0.595576
0.596303
0.600559
0.604673
0.615765
0.615295
)
;
    }
    burner
    {
        type            calculated;
        value           nonuniform List<scalar> 
16
(
2.7585
3.24864
3.26808
3.27679
3.23604
3.26558
3.2744
3.40069
3.05045
3.2568
3.27028
3.2809
3.21386
3.262
3.27165
3.30362
)
;
    }
}


// ************************************************************************* //
