/*--------------------------------*- C++ -*----------------------------------*\
  =========                 |
  \\      /  F ield         | OpenFOAM: The Open Source CFD Toolbox
   \\    /   O peration     | Website:  https://openfoam.org
    \\  /    A nd           | Version:  dev
     \\/     M anipulation  |
\*---------------------------------------------------------------------------*/
FoamFile
{
    version     2.0;
    format      ascii;
    class       volScalarField;
    location    "2500";
    object      T;
}
// * * * * * * * * * * * * * * * * * * * * * * * * * * * * * * * * * * * * * //

dimensions      [0 0 0 1 0 0 0];

internalField   nonuniform List<scalar> 
9978
(
300.101
300.152
300.116
300.159
300.244
300.116
300.159
300.288
300.242
300.089
300.154
300.304
300.336
300.224
300.086
300.145
300.308
300.398
300.33
300.189
300.076
300.121
300.3
300.43
300.411
300.3
300.163
300.068
300.128
300.319
300.45
300.479
300.399
300.274
300.157
300.066
300.114
300.296
300.45
300.513
300.478
300.358
300.244
300.144
300.057
300.11
300.293
300.443
300.539
300.54
300.444
300.324
300.222
300.136
300.059
300.107
300.284
300.424
300.539
300.585
300.543
300.422
300.303
300.201
300.12
300.056
300.112
300.276
300.401
300.553
300.621
300.593
300.497
300.388
300.28
300.195
300.117
300.051
300.118
300.264
300.386
300.549
300.637
300.643
300.585
300.457
300.365
300.26
300.188
300.117
300.052
300.114
300.241
300.388
300.543
300.65
300.681
300.643
300.542
300.437
300.33
300.249
300.179
300.111
300.048
300.107
300.229
300.376
300.514
300.646
300.71
300.689
300.62
300.512
300.405
300.319
300.244
300.174
300.107
300.048
300.097
300.236
300.359
300.504
300.63
300.721
300.735
300.679
300.574
300.486
300.386
300.304
300.235
300.166
300.108
300.047
300.102
300.233
300.355
300.492
300.603
300.727
300.762
300.737
300.66
300.542
300.451
300.366
300.294
300.227
300.165
300.102
300.046
300.093
300.222
300.338
300.451
300.576
300.718
300.78
300.785
300.722
300.627
300.515
300.431
300.352
300.288
300.219
300.163
300.102
300.045
300.091
300.212
300.323
300.436
300.57
300.71
300.793
300.811
300.778
300.688
300.578
300.492
300.411
300.337
300.276
300.215
300.161
300.103
300.048
300.094
300.213
300.326
300.434
300.546
300.685
300.791
300.832
300.817
300.76
300.656
300.546
300.471
300.401
300.334
300.27
300.215
300.154
300.101
300.045
300.09
300.192
300.312
300.41
300.512
300.657
300.779
300.844
300.849
300.805
300.718
300.625
300.528
300.456
300.381
300.323
300.268
300.213
300.151
300.101
300.045
300.083
300.189
300.295
300.395
300.508
300.616
300.761
300.844
300.871
300.849
300.783
300.683
300.591
300.506
300.438
300.375
300.319
300.264
300.207
300.157
300.103
300.045
300.081
300.191
300.286
300.394
300.487
300.581
300.743
300.835
300.885
300.882
300.835
300.748
300.647
300.561
300.491
300.429
300.369
300.316
300.259
300.21
300.155
300.103
300.048
300.082
300.181
300.278
300.377
300.474
300.568
300.715
300.82
300.889
300.906
300.877
300.807
300.721
300.614
300.54
300.473
300.418
300.363
300.314
300.258
300.208
300.155
300.101
300.048
300.075
300.168
300.27
300.361
300.457
300.545
300.672
300.786
300.885
300.923
300.912
300.86
300.779
300.675
300.588
300.528
300.462
300.41
300.361
300.309
300.259
300.21
300.155
300.103
300.047
300.077
300.166
300.253
300.348
300.435
300.523
300.646
300.75
300.876
300.929
300.939
300.901
300.837
300.736
300.65
300.572
300.511
300.456
300.4
300.358
300.309
300.26
300.209
300.157
300.106
300.051
300.073
300.155
300.244
300.338
300.413
300.507
300.624
300.73
300.853
300.926
300.955
300.94
300.884
300.787
300.7
300.628
300.557
300.501
300.447
300.401
300.355
300.308
300.261
300.213
300.162
300.109
300.053
300.068
300.15
300.235
300.317
300.399
300.491
300.576
300.689
300.808
300.918
300.967
300.969
300.928
300.853
300.765
300.675
300.598
300.542
300.494
300.443
300.399
300.354
300.309
300.263
300.215
300.165
300.113
300.055
300.064
300.152
300.232
300.309
300.393
300.471
300.556
300.655
300.779
300.905
300.967
300.986
300.965
300.904
300.815
300.722
300.65
300.588
300.535
300.484
300.438
300.397
300.354
300.311
300.268
300.22
300.172
300.118
300.059
300.066
300.147
300.223
300.293
300.38
300.453
300.532
300.636
300.731
300.875
300.96
300.995
300.99
300.951
300.866
300.782
300.698
300.626
300.578
300.519
300.478
300.438
300.397
300.356
300.316
300.274
300.228
300.179
300.124
300.062
300.06
300.134
300.216
300.28
300.363
300.441
300.518
300.61
300.701
300.848
300.943
300.994
301.013
300.987
300.919
300.834
300.751
300.679
300.613
300.568
300.517
300.471
300.437
300.398
300.359
300.32
300.28
300.236
300.188
300.132
300.066
300.059
300.137
300.21
300.271
300.344
300.415
300.505
300.587
300.671
300.807
300.923
300.99
301.03
301.014
300.967
300.886
300.808
300.723
300.662
300.605
300.557
300.516
300.476
300.435
300.399
300.363
300.326
300.288
300.247
300.198
300.142
300.073
300.056
300.132
300.198
300.259
300.335
300.408
300.476
300.566
300.653
300.774
300.887
300.982
301.029
301.037
301.005
300.931
300.855
300.764
300.692
300.645
300.591
300.554
300.511
300.476
300.435
300.402
300.368
300.335
300.3
300.259
300.212
300.154
300.079
300.059
300.129
300.195
300.258
300.322
300.391
300.464
300.547
300.626
300.728
300.852
300.956
301.025
301.052
301.035
300.983
300.901
300.817
300.744
300.677
300.63
300.586
300.547
300.499
300.471
300.437
300.407
300.378
300.347
300.314
300.275
300.23
300.171
300.072
300.054
300.119
300.187
300.251
300.308
300.375
300.445
300.524
300.594
300.685
300.812
300.927
301.014
301.055
301.056
301.018
300.952
300.871
300.797
300.719
300.673
300.624
300.575
300.541
300.499
300.472
300.443
300.416
300.389
300.361
300.331
300.294
300.251
300.168
300.21
300.041
300.141
300.106
300.055
300.122
300.182
300.244
300.297
300.365
300.438
300.509
300.574
300.67
300.777
300.896
300.991
301.053
301.071
301.051
300.995
300.919
300.839
300.772
300.704
300.656
300.611
300.57
300.539
300.5
300.477
300.451
300.427
300.403
300.378
300.35
300.31
300.251
300.29
300.201
300.044
300.168
300.115
300.051
300.115
300.176
300.238
300.296
300.359
300.424
300.484
300.558
300.64
300.739
300.854
300.965
301.042
301.076
301.072
301.032
300.965
300.887
300.81
300.752
300.695
300.647
300.596
300.565
300.54
300.5
300.484
300.46
300.44
300.419
300.397
300.354
300.379
300.323
300.349
300.358
300.253
300.299
300.227
300.046
300.183
300.124
300.055
300.117
300.176
300.23
300.291
300.341
300.409
300.47
300.54
300.611
300.685
300.822
300.93
301.021
301.072
301.091
301.065
301.006
300.931
300.86
300.79
300.731
300.689
300.653
300.595
300.56
300.542
300.504
300.492
300.473
300.458
300.44
300.401
300.427
300.383
300.339
300.389
300.374
300.279
300.324
300.245
300.049
300.198
300.133
300.053
300.114
300.166
300.22
300.284
300.336
300.397
300.458
300.525
300.598
300.666
300.777
300.893
300.999
301.064
301.1
301.089
301.043
300.971
300.901
300.831
300.768
300.721
300.677
300.637
300.606
300.561
300.543
300.512
300.508
300.5
300.5
300.455
300.504
300.417
300.457
300.422
300.363
300.41
300.402
300.298
300.344
300.264
300.051
300.214
300.142
300.053
300.11
300.166
300.221
300.271
300.323
300.379
300.444
300.509
300.571
300.643
300.749
300.863
300.966
301.05
301.097
301.106
301.077
301.019
300.942
300.872
300.809
300.751
300.701
300.668
300.627
300.604
300.569
300.552
300.535
300.572
300.651
300.59
300.775
300.526
300.671
300.467
300.558
300.463
300.387
300.46
300.449
300.319
300.369
300.284
300.054
300.23
300.15
300.051
300.108
300.163
300.218
300.268
300.324
300.37
300.426
300.48
300.554
300.624
300.715
300.829
300.935
301.016
301.087
301.116
301.102
301.055
300.988
300.912
300.846
300.793
300.734
300.692
300.653
300.625
300.586
300.576
300.591
300.695
301.033
301.103
301.714
300.981
301.585
300.772
301.255
300.581
300.88
300.6
300.432
300.602
300.586
300.343
300.408
300.305
300.056
300.247
300.158
300.051
300.109
300.16
300.211
300.255
300.307
300.362
300.416
300.472
300.538
300.593
300.683
300.778
300.902
300.993
301.069
301.119
301.12
301.086
301.024
300.956
300.889
300.826
300.773
300.723
300.679
300.645
300.63
300.596
300.645
300.891
301.778
302.422
303.434
302.528
303.722
302.185
303.539
301.572
302.874
300.983
301.897
301.051
300.551
301.069
301.028
300.376
300.5
300.332
300.054
300.265
300.159
300.053
300.111
300.161
300.208
300.253
300.301
300.353
300.4
300.46
300.515
300.585
300.667
300.742
300.854
300.965
301.05
301.116
301.131
301.112
301.062
300.995
300.927
300.864
300.806
300.757
300.71
300.669
300.645
300.639
300.696
301.199
302.686
304.335
305.445
305.07
306.428
305.135
306.833
304.619
306.574
303.563
305.656
302.164
304.164
302.324
300.927
302.352
302.241
300.441
300.783
300.375
300.047
300.286
300.157
300.056
300.115
300.164
300.209
300.251
300.295
300.341
300.389
300.433
300.494
300.565
300.636
300.706
300.823
300.93
301.023
301.101
301.138
301.132
301.097
301.032
300.961
300.902
300.844
300.791
300.744
300.697
300.667
300.653
300.739
301.361
303.721
306.28
307.22
307.741
308.94
308.514
310.077
308.565
310.506
307.901
310.172
306.547
309.048
304.589
307.231
304.814
301.987
304.817
304.586
300.631
301.623
300.488
300.06
300.331
300.204
300.06
300.121
300.17
300.212
300.251
300.293
300.337
300.38
300.421
300.481
300.545
300.61
300.685
300.794
300.889
300.988
301.085
301.134
301.146
301.123
301.071
301.006
300.937
300.884
300.825
300.777
300.73
300.689
300.669
300.746
301.5
304.177
307.856
308.525
309.972
310.862
311.509
312.72
312.346
313.846
312.348
314.273
311.542
313.948
309.965
312.66
307.664
310.623
307.853
304.116
307.797
307.5
301.217
303.438
300.837
300.1
300.552
300.366
300.066
300.13
300.178
300.218
300.254
300.296
300.335
300.371
300.414
300.467
300.526
300.584
300.658
300.755
300.855
300.958
301.065
301.121
301.152
301.144
301.104
301.043
300.977
300.923
300.862
300.809
300.763
300.717
300.689
300.745
301.492
304.635
309
308.887
311.573
312.171
313.628
314.224
314.819
315.268
315.428
315.873
315.669
316.309
315.193
316.532
313.532
316.129
310.998
314.106
311.112
306.948
310.98
310.604
302.639
306.193
301.901
300.122
301.322
300.774
300.076
300.146
300.193
300.229
300.261
300.3
300.334
300.365
300.408
300.457
300.513
300.565
300.618
300.726
300.821
300.92
301.03
301.104
301.153
301.157
301.135
301.081
301.016
300.956
300.899
300.843
300.794
300.749
300.712
300.741
301.433
304.598
311.227
312.449
313.18
314.545
314.736
315.437
315.43
315.906
315.796
316.342
316.124
316.802
316.587
317.16
317.166
316.775
317.651
314.378
317.219
314.407
310.004
314.203
313.779
305.261
309.253
304.319
300.203
303.206
302.135
300.091
300.171
300.218
300.249
300.275
300.307
300.332
300.361
300.403
300.45
300.506
300.551
300.594
300.703
300.787
300.889
300.998
301.082
301.149
301.166
301.152
301.115
301.054
300.984
300.934
300.878
300.827
300.78
300.739
300.743
301.299
304.397
311.012
314.861
314.816
314.798
314.89
315.391
315.315
315.547
315.165
315.595
314.704
315.887
314.587
316.609
315.197
317.459
316.433
318.076
317.75
317.446
318.479
317.442
313.188
317.238
316.832
308.471
312.549
307.733
301.699
306.798
306.998
300.108
300.2
300.25
300.28
300.301
300.324
300.339
300.364
300.399
300.448
300.502
300.542
300.575
300.664
300.758
300.85
300.953
301.059
301.133
301.17
301.171
301.139
301.078
301.019
300.96
300.911
300.861
300.813
300.768
300.753
301.149
303.951
310.449
314.757
314.666
315.157
315.173
315.226
315.168
314.725
314.31
313.732
312.844
313.062
311.564
313.176
311.13
314.324
311.778
316.254
313.56
318.078
316.214
318.838
318.488
319.114
316.33
319.247
319.208
312.01
315.891
311.903
308.671
312.91
315.969
300.096
300.21
300.27
300.307
300.332
300.35
300.351
300.363
300.394
300.442
300.492
300.531
300.563
300.632
300.734
300.81
300.919
301.034
301.112
301.165
301.18
301.162
301.117
301.051
300.989
300.942
300.893
300.845
300.801
300.771
301.019
303.303
309.421
314.519
313.969
315.201
315.26
313.833
313.898
314.004
313.833
312.076
311.519
310.4
309.593
309.552
308.754
309.552
308.394
310.664
308.532
313.107
309.957
316.413
313.022
318.965
316.887
319.437
319.024
319.833
320.122
315.786
318.895
316.744
307.136
318.838
315.914
300.132
300.249
300.307
300.344
300.371
300.378
300.381
300.413
300.455
300.498
300.534
300.564
300.622
300.706
300.77
300.872
300.989
301.087
301.156
301.184
301.179
301.144
301.088
301.022
300.966
300.923
300.877
300.832
300.799
300.927
302.641
308.177
314.569
315.338
315.544
314.05
314.318
311.232
311.422
311.222
311.163
309.091
308.78
308.396
308.203
308.058
308.046
307.774
307.758
307.956
307.453
309.634
307.661
313.329
309.666
317.581
314.031
318.374
320.334
319.15
319.798
319.263
320.567
320.264
300.675
320.023
308.789
300.121
300.24
300.319
300.365
300.396
300.412
300.438
300.455
300.482
300.52
300.552
300.596
300.67
300.737
300.823
300.948
301.056
301.14
301.182
301.192
301.17
301.123
301.061
300.996
300.951
300.908
300.865
300.823
300.881
302.05
306.773
313.824
315.258
315.471
314.604
315.014
311.786
312.252
308.793
309.116
308.609
308.641
308.035
307.815
308.131
308.173
308.183
308.944
307.784
309.023
307.302
308.136
307.572
307.28
310.04
307.644
315.003
310.746
316.092
320.259
317.188
318.137
320.908
320.607
321.048
300.334
318.843
306.81
300.105
300.212
300.321
300.385
300.431
300.472
300.46
300.48
300.514
300.548
300.59
300.65
300.705
300.781
300.904
301.021
301.124
301.176
301.199
301.191
301.153
301.098
301.034
300.974
300.939
300.894
300.858
300.867
301.595
305.306
312.437
315.501
314.029
314.611
312.799
313.421
309.607
310.222
307.312
307.557
307.522
307.302
308.073
307.768
309.586
309.826
310.746
312.258
310.303
312.938
308.635
311.637
307.34
309.08
307.844
307.406
311.724
308.196
313.119
318.839
314.264
315.091
317.07
320.812
320.072
319.097
320.649
301.261
318.233
312.491
300.092
300.184
300.329
300.423
300.496
300.491
300.482
300.505
300.545
300.587
300.639
300.689
300.748
300.859
300.986
301.109
301.167
301.201
301.204
301.179
301.131
301.073
301.01
300.959
300.926
300.881
300.871
301.287
303.993
310.686
315.49
314.047
314.739
312.498
313.299
310.936
311.713
308.092
308.79
306.461
306.625
307.264
306.638
309.534
308.665
313.032
313.041
315.239
316.628
315.042
317.904
312.773
316.841
309.346
313.665
307.52
309.375
308.766
307.489
307.699
311.726
309.569
315.546
317.76
316.102
312.804
310.668
309.882
313.433
320.217
319.321
319.149
317.981
319.411
319.949
319.626
313.111
318.407
319.514
319.562
319.046
316.019
318.603
300.081
300.172
300.353
300.489
300.557
300.507
300.507
300.542
300.586
300.636
300.683
300.729
300.818
300.947
301.085
301.158
301.199
301.214
301.2
301.16
301.108
301.05
300.99
300.95
300.918
300.887
301.095
302.99
308.744
315.128
315.199
315.604
313.034
313.839
311.323
312.193
309.595
310.453
307.154
307.932
305.784
305.912
307.389
306.236
312.155
310.298
317.03
316.462
319.721
320.383
320.137
322.177
318.295
321.926
311.69
314.309
316.693
319.158
307.979
309.412
314.504
314.252
311.595
307.387
307.919
307.494
307.799
308.186
314.017
316.489
314.628
311.202
309.071
308.492
311.861
318.355
318.156
316.798
318.594
318.925
314.865
318.795
320.139
319.456
319.232
319.552
319.834
300.073
300.183
300.416
300.578
300.576
300.528
300.544
300.586
300.636
300.681
300.718
300.785
300.905
301.043
301.144
301.194
301.219
301.214
301.184
301.137
301.085
301.03
300.976
300.936
300.908
301.003
302.253
306.895
314.095
316.03
314.571
315.222
312.397
313.22
310.65
311.54
308.816
309.735
306.481
307.374
305.082
305.162
307.876
305.85
314.578
311.576
319.84
317.991
322.856
322.291
324.135
324.796
321.016
322.935
324.042
325.207
316.931
319.379
321.517
309.096
311.319
316.991
316.887
314.043
307.601
307.492
307.561
308.767
307.583
312.516
315.13
313.153
309.697
307.749
308.032
310.371
317.06
317.328
315.533
317.659
318.086
306.175
315.423
320.152
318.574
319.023
319.335
320.015
300.071
300.232
300.52
300.649
300.585
300.559
300.592
300.641
300.686
300.717
300.763
300.867
301
301.135
301.189
301.221
301.226
301.205
301.163
301.114
301.065
301.012
300.973
300.94
300.968
301.745
305.336
312.215
316.051
315.42
315.916
313.99
314.711
312.118
312.925
310.342
311.258
308.371
309.375
305.829
306.869
304.376
304.34
308.043
305.302
315.26
311.736
320.512
318.01
324.229
322.55
325.646
325.98
325.893
325.545
323.282
324.665
325.67
326.307
319.543
321.791
323.654
310.949
313.718
319.569
319.482
316.666
308.441
307.492
308.187
310.498
307.482
311.033
313.72
311.694
308.458
307.545
307.635
309.014
315.874
316.217
314.201
316.626
317.121
301.876
319.533
312.836
317.683
318.216
318.748
319.903
300.076
300.334
300.641
300.671
300.601
300.607
300.651
300.697
300.725
300.755
300.835
300.96
301.115
301.183
301.221
301.235
301.223
301.187
301.141
301.093
301.048
300.997
300.965
300.968
301.42
303.997
310.174
315.712
316.457
315.07
315.652
313.678
314.391
312.022
312.82
310.184
311.146
308.015
309.136
305.06
306.239
303.618
303.519
307.706
304.616
314.81
310.918
319.954
316.657
324.916
323.849
321.722
326.604
326.614
326.334
325.756
325.104
326.155
326.837
327.167
321.945
323.912
325.443
313.274
316.312
321.975
321.893
319.256
309.976
307.928
309.455
312.724
307.722
309.67
312.31
310.325
307.781
307.625
307.524
308.034
314.629
315.067
312.864
315.558
316.122
301.665
319.215
312.406
316.765
317.497
318.44
319.876
300.096
300.481
300.728
300.685
300.638
300.671
300.714
300.743
300.758
300.811
300.924
301.09
301.171
301.22
301.241
301.235
301.208
301.167
301.121
301.077
301.034
300.993
300.976
301.221
303.03
308.299
314.739
316.85
316.069
316.504
314.878
315.466
313.553
314.236
311.925
312.74
309.966
311.004
307.546
308.808
304.152
305.393
302.836
302.712
306.697
303.771
312.995
309.047
318.018
314.004
324.874
323.755
319.327
321.59
327.207
327.041
326.524
325.748
326.55
327.275
327.649
327.726
324.062
325.686
326.859
315.825
318.896
324.1
324.032
321.677
312.073
308.92
311.355
315.218
308.436
308.503
310.977
309.138
307.515
308.005
307.645
307.536
313.396
313.943
311.61
314.526
315.191
302.762
319.276
314.731
315.983
316.984
318.404
319.956
300.151
300.657
300.771
300.713
300.703
300.739
300.767
300.774
300.803
300.895
301.059
301.155
301.217
301.246
301.248
301.226
301.189
301.149
301.106
301.066
301.027
301.007
301.113
302.33
306.612
313.083
316.746
316.985
315.865
316.337
314.749
315.319
313.469
314.134
311.656
312.529
309.483
310.645
306.8
308.186
303.165
304.312
302.052
301.932
305.132
302.796
310.32
306.684
317.48
314.888
310.55
313.145
324.699
323.279
318.577
320.763
327.618
327.229
326.548
325.63
327.631
328.058
328.173
328.114
325.834
327.087
327.912
318.407
321.335
325.883
325.838
323.842
314.481
310.562
313.621
317.788
309.676
307.748
309.812
308.221
307.393
308.751
308.001
307.348
312.245
312.904
310.515
313.603
314.414
305.21
319.883
317.868
315.416
316.725
318.489
320.127
300.304
300.802
300.822
300.765
300.774
300.797
300.799
300.807
300.875
301.013
301.137
301.209
301.248
301.259
301.244
301.211
301.172
301.133
301.101
301.067
301.034
301.084
301.826
305.16
311.297
316.331
317.425
316.572
316.93
315.63
316.098
314.566
315.118
313.288
313.962
311.026
312.025
308.556
309.867
305.706
307.142
302.188
303.06
301.368
301.279
303.482
301.884
307.548
304.5
316.189
313.884
309.934
311.745
324.341
322.715
317.652
320.006
327.822
327.273
326.464
325.364
328.386
328.545
328.527
328.315
327.233
328.123
328.642
320.872
323.538
327.294
327.276
325.688
317.021
312.571
316.057
320.283
311.269
307.37
308.905
307.642
307.513
309.892
308.681
307.251
311.245
312.014
309.635
312.851
313.841
315.053
320.526
320.613
315.074
316.679
318.62
320.344
300.651
300.887
300.868
300.825
300.835
300.832
300.824
300.867
300.983
301.131
301.201
301.247
301.267
301.26
301.233
301.194
301.162
301.135
301.106
301.075
301.094
301.519
303.914
309.577
315.388
317.49
317.264
316.174
316.54
315.284
315.741
314.232
314.784
312.877
313.604
309.882
311.055
307.126
308.556
304.303
305.677
301.376
301.848
301.065
300.987
302.283
301.383
306.974
305.215
304.229
302.871
315.176
312.725
308.556
310.481
323.916
322.124
316.781
319.252
327.884
327.224
326.313
325.04
328.843
328.859
328.707
328.378
328.264
328.831
329.069
323.126
325.439
328.335
328.339
327.172
319.527
314.737
318.508
322.594
313.054
307.226
308.252
307.382
307.787
311.211
309.56
307.322
310.447
311.323
309.015
312.308
313.485
311.853
321.142
320.277
314.956
316.728
318.766
320.487
300.926
300.973
300.913
300.878
300.87
300.851
300.87
300.966
301.116
301.194
301.246
301.272
301.272
301.25
301.219
301.195
301.177
301.162
301.139
301.133
301.402
303.046
308.016
314.024
317.347
317.57
316.413
316.778
315.641
316.019
314.764
315.223
313.634
314.241
312.065
312.917
308.173
309.51
305.295
306.735
302.769
303.954
301.001
301.168
300.979
300.871
302.258
301.604
301.25
306.064
304.773
303.7
302.822
314.238
311.783
307.663
309.565
323.455
321.514
315.979
318.553
327.861
327.111
326.07
324.715
329.103
329.031
328.755
328.36
328.961
329.233
329.288
325.098
326.99
329.033
329.054
328.282
321.891
316.93
320.791
324.642
314.86
307.203
307.87
307.313
308.296
312.61
310.56
307.541
309.88
310.858
308.651
311.988
313.367
303.757
321.263
317.767
314.985
316.903
318.988
320.746
301.021
301.013
300.951
300.913
300.887
300.885
300.96
301.104
301.184
301.243
301.276
301.282
301.265
301.241
301.236
301.258
301.284
301.279
301.247
301.413
302.535
306.584
312.58
316.951
317.656
316.86
315.688
316.006
314.928
315.316
313.974
314.487
312.629
313.362
310.714
311.753
306.016
307.427
303.353
304.623
301.558
302.283
300.844
300.882
301.027
300.846
302.138
301.623
301.196
301.426
305.669
304.513
303.58
302.804
313.386
310.958
307.099
308.844
323.009
320.943
315.368
318.048
327.765
326.944
325.858
324.45
329.246
329.054
328.736
328.291
329.338
329.415
329.392
326.733
328.164
329.398
329.418
329.036
323.995
318.944
322.678
326.349
316.593
307.277
307.722
307.379
308.972
314.055
311.69
307.918
309.569
310.647
308.524
311.927
313.414
303.254
321.104
316.124
315.184
317.22
319.339
321.035
301.095
301.035
300.972
300.929
300.912
300.961
301.09
301.173
301.237
301.277
301.29
301.278
301.265
301.302
301.449
301.603
301.67
301.586
301.527
302.38
305.43
311.197
316.109
317.604
317.162
315.178
314.791
315.191
313.949
314.394
312.78
313.417
311.102
312.014
308.794
310.029
303.759
305.047
301.781
302.626
301.02
301.295
300.789
300.771
301.407
301.559
301.186
300.96
300.842
302.201
301.76
301.739
305.437
304.469
303.645
303.008
312.699
310.279
306.667
308.254
322.68
320.533
315.137
317.856
327.665
326.84
325.747
324.329
329.256
329.019
328.668
328.203
329.495
329.487
329.38
327.983
328.968
329.534
329.536
329.4
325.572
320.733
324.217
327.519
318.243
307.473
307.75
307.529
309.764
315.509
312.849
308.464
309.509
310.658
308.545
312.025
313.681
301.094
320.872
313.042
315.623
317.673
319.761
321.23
301.125
301.04
300.977
300.948
300.971
301.076
301.166
301.231
301.277
301.296
301.29
301.29
301.417
301.844
302.356
302.562
302.336
301.874
302.431
304.797
309.949
315.108
317.384
317.226
315.624
313.01
314.011
313.383
313.608
312.575
313.143
311.085
311.895
309.026
310.129
306.43
307.781
301.945
302.826
301.082
301.409
300.808
300.902
300.777
300.733
301.948
302.241
301.718
301.2
300.907
302.512
302.106
302.31
305.391
304.572
303.933
303.428
312.429
309.988
306.496
307.996
322.54
320.37
315.128
317.844
327.572
326.751
325.673
324.274
329.194
328.93
328.582
328.134
329.531
329.472
329.286
328.736
329.291
329.543
329.512
329.48
326.733
322.293
325.473
328.312
319.768
307.802
307.935
307.839
310.604
316.851
313.958
309.026
309.601
310.873
308.745
312.419
314.293
301.852
320.553
314.489
316.21
318.214
320.236
321.347
301.13
301.041
300.987
300.995
301.075
301.165
301.226
301.276
301.3
301.3
301.317
301.578
302.428
303.334
303.636
303.301
302.619
302.666
304.709
308.91
314.06
316.862
317.144
315.861
313.124
312.557
311.243
311.665
312.058
310.723
311.451
308.881
309.868
306.536
307.761
303.983
305.25
301.138
301.474
300.815
300.934
300.725
300.756
300.86
300.762
300.716
302.722
303.22
302.515
301.796
301.141
303.019
302.66
303.137
305.632
304.97
304.515
304.149
312.421
309.988
306.597
308.03
322.504
320.346
315.535
318.212
327.544
326.764
325.744
324.419
329.078
328.815
328.495
328.098
329.498
329.353
329.157
329.043
329.313
329.489
329.372
329.39
327.607
323.608
326.472
328.574
321.062
308.322
308.352
308.404
311.47
318.114
315.172
309.864
309.953
311.465
309.386
313.284
315.063
309.392
320.682
318.853
316.879
318.793
320.694
321.452
301.125
301.043
301.019
301.08
301.162
301.219
301.274
301.302
301.308
301.34
301.764
303.06
304.309
304.77
304.434
303.609
303.228
304.834
308.409
313.026
316.138
316.832
315.915
313.425
308.979
310.695
309.03
309.45
310.05
308.395
309.282
306.308
307.401
303.989
305.158
302.021
302.889
300.841
300.96
300.713
300.763
300.694
300.696
301.014
300.793
300.737
300.688
303.842
304.56
303.614
302.618
301.66
303.821
303.495
304.344
306.319
305.813
305.508
305.286
312.852
310.441
307.171
308.521
322.725
320.643
316.625
319.185
327.593
326.933
326.059
324.899
328.938
328.696
328.409
328.086
329.367
329.182
328.975
328.953
329.092
329.29
328.928
329.056
327.821
324.742
326.717
328.373
322.41
309.24
309.25
309.644
312.787
319.702
317.03
311.312
310.817
312.552
310.601
314.269
315.92
304.72
321.231
319.374
317.573
319.358
321.112
321.669
301.124
301.067
301.094
301.162
301.215
301.272
301.305
301.313
301.356
301.921
303.578
305.176
305.892
305.707
304.894
304.254
305.252
308.432
312.195
315.279
316.201
315.789
313.507
309.281
304.447
307.058
304.583
308.36
306.384
307.589
305.743
306.704
303.686
304.735
301.979
302.722
301.157
301.479
300.733
300.784
300.674
300.691
300.669
300.663
301.377
300.899
300.785
300.695
305.36
306.212
304.997
303.709
302.456
305.035
304.735
305.984
307.644
307.256
307.078
306.948
314.001
311.619
308.412
309.71
323.381
321.469
318.5
320.819
327.699
327.237
326.593
325.683
328.787
328.549
328.292
328.024
329.029
328.819
328.619
328.505
328.447
328.748
327.964
328.137
327.451
325.316
326.37
327.518
323.641
311.048
310.724
311.521
315.035
321.874
319.677
313.814
312.216
313.799
312.173
315.28
316.744
305.041
321.564
319.804
318.19
319.887
321.434
321.909
301.129
301.124
301.167
301.212
301.27
301.308
301.32
301.365
301.994
303.905
305.858
306.904
306.994
306.423
305.822
306.208
308.678
311.834
314.471
315.457
315.333
313.396
309.341
303.738
304.094
302.299
302.622
305.645
303.542
304.823
303.086
303.94
301.786
302.332
301.133
301.398
300.855
300.961
300.681
300.714
300.65
300.66
300.659
300.645
300.641
301.953
301.081
300.88
300.708
307.234
308.065
306.543
304.926
303.354
306.75
306.441
308.04
309.765
309.469
309.336
309.24
316.024
313.71
310.504
311.794
324.448
322.828
321.18
323.079
327.757
327.446
327.118
326.654
328.416
328.224
328.052
327.855
328.576
328.223
327.836
327.415
327.061
327.464
326.023
326.682
326.626
325.083
325.63
326.679
323.618
313.279
312.482
313.395
317.58
321.724
319.908
315.975
313.614
314.852
313.554
316.167
317.408
391.19
321.936
321.994
318.75
320.404
321.731
322.159
301.158
301.177
301.212
301.269
301.31
301.328
301.367
301.995
304.035
306.327
307.726
308.094
307.887
307.607
307.944
309.443
311.851
313.91
314.706
314.615
312.959
309.035
303.902
301.271
302.015
301.287
301.36
302.932
301.738
302.357
301.53
301.892
301.069
301.261
300.855
300.941
300.752
300.796
300.652
300.671
300.615
300.64
300.66
300.641
300.615
300.613
302.65
301.379
301.01
300.742
309.375
310.006
308.133
306.171
304.296
309.023
308.637
310.457
312.788
312.471
312.32
312.171
318.977
316.809
313.562
314.911
325.862
324.669
324.481
325.724
327.655
327.487
327.321
327.135
327.627
327.454
327.398
327.364
326.571
325.699
325.633
326.233
326.137
325.539
318.936
318.934
325.401
324.365
324.249
325.418
322.401
315.026
313.799
314.595
318.133
320.804
319.041
316.7
314.667
315.751
314.622
316.775
317.963
717.569
322.33
337.345
319.276
320.845
321.998
322.443
301.191
301.215
301.269
301.312
301.333
301.362
301.937
304.026
306.541
308.215
308.791
308.876
308.976
309.46
310.499
311.914
313.501
313.997
313.759
312.123
308.302
303.754
301.3
300.91
301.023
301.176
300.969
301.488
301.08
301.279
300.997
301.117
300.848
300.912
300.767
300.803
300.704
300.736
300.629
300.647
300.581
300.605
300.585
300.588
300.663
300.623
300.605
303.271
301.793
301.172
300.791
311.69
311.915
309.638
307.309
305.132
311.848
311.287
313.15
316.6
316.145
315.864
315.6
322.763
320.811
317.557
319.021
326.943
326.495
326.871
327.107
327.297
327.209
327.19
327.202
325.528
325.491
325.644
325.813
325.116
318.568
318.643
319.051
319.281
319.115
313.179
313.221
318.912
322.757
318.605
319.522
318.058
315.827
314.831
315.401
317.454
317.746
316.894
316.289
315.589
316.373
315.489
317.367
318.513
834.125
323.429
392.423
319.77
321.291
322.282
322.739
301.225
301.272
301.315
301.337
301.357
301.78
303.897
306.55
308.398
309.052
309.208
309.378
309.83
310.616
311.748
312.894
313.126
312.653
310.826
307.18
303.308
301.269
300.931
300.856
300.898
300.864
300.868
300.928
300.88
300.999
300.894
300.934
300.842
300.884
300.778
300.81
300.727
300.752
300.666
300.698
300.578
300.623
300.582
300.573
300.576
300.564
300.674
300.619
300.588
303.769
302.209
301.36
300.855
314.059
313.734
310.994
308.287
305.809
315.094
314.293
315.933
321.044
320.31
319.698
319.227
326.306
325.314
322.323
323.812
327.257
327.244
327.547
327.424
326.082
326.287
326.592
326.682
319.005
318.939
319.246
319.344
319.052
313.219
313.236
313.234
313.261
313.257
307.316
307.314
313.265
319.014
313.175
313.438
313.135
315.708
315.451
315.396
316.185
313.063
312.82
315.343
316.171
317.004
315.851
317.872
318.971
958.979
328.67
611.64
320.207
321.673
322.495
323.503
301.277
301.319
301.343
301.356
301.622
303.526
306.448
308.394
309.06
309.198
309.272
309.6
310.234
311.068
311.671
311.654
310.954
308.961
305.713
302.709
301.228
300.944
300.884
300.84
300.838
300.846
300.855
300.859
300.864
300.84
300.838
300.79
300.815
300.743
300.769
300.696
300.722
300.644
300.664
300.552
300.574
300.573
300.558
300.56
300.549
300.554
300.542
300.694
300.613
300.582
304.068
302.473
301.499
300.914
316.358
315.421
312.191
309.08
306.284
318.482
317.41
318.591
325.702
324.678
323.647
322.783
327.603
327.537
326.595
327.158
326.998
327.373
327.394
327.167
319.663
319.776
320.06
320.34
313.435
313.419
313.558
313.644
313.279
307.357
307.375
307.321
307.328
307.376
302.287
302.275
307.341
313.369
307.318
307.38
307.365
315.269
314.513
315.491
315.356
312.368
307.373
307.316
312.093
316.675
317.291
316.085
318.284
319.347
984.442
354.04
783.818
320.616
322.042
322.691
326.3
301.323
301.35
301.357
301.507
303.024
306.111
308.303
309.003
309.011
308.742
308.661
308.887
309.236
309.417
309.326
308.501
306.632
304.115
302.085
301.156
300.956
300.906
300.858
300.824
300.822
300.823
300.83
300.84
300.82
300.813
300.802
300.76
300.783
300.715
300.742
300.665
300.696
300.62
300.644
300.532
300.541
300.551
300.56
300.551
300.536
300.532
300.711
300.614
300.573
304.172
302.538
301.557
300.956
318.444
316.96
313.284
309.732
306.6
321.758
320.385
320.969
327.875
327.555
326.915
326.044
327.811
328.054
328.13
328.104
326.155
327.018
320.866
320.703
313.773
313.837
313.95
320.821
314.068
307.466
307.446
307.522
307.546
307.379
302.293
302.308
302.276
302.274
302.299
302.284
307.425
302.276
302.282
302.307
314.072
311.557
315.82
313.926
307.148
302.3
302.295
307.057
316.633
317.545
316.075
318.546
319.661
997.917
407.025
878.315
321.021
322.341
323.246
334.103
301.355
301.365
301.434
302.531
305.51
308.07
308.862
308.607
307.688
306.843
306.441
306.411
306.494
306.367
305.673
304.278
302.705
301.574
301.081
300.965
300.927
300.888
300.837
300.827
300.808
300.806
300.806
300.809
300.795
300.791
300.776
300.736
300.758
300.688
300.717
300.646
300.667
300.574
300.618
300.508
300.517
300.522
300.523
300.53
300.552
300.537
300.529
300.519
300.725
300.614
300.569
304.191
302.538
301.582
300.984
320.262
318.362
314.34
310.352
306.849
324.761
323.062
323.049
328.37
328.374
328.12
327.644
327.332
328.065
328.397
328.148
320.678
321.224
314.345
314.257
307.595
307.593
307.631
314.302
307.689
302.33
302.326
302.348
302.357
302.295
302.314
311.151
306.802
315.556
313.275
310.789
302.247
302.229
316.741
317.57
316.458
318.728
319.913
1005.31
506.824
924.387
321.401
322.564
324.416
352.764
301.373
301.404
302.074
304.838
307.609
308.721
308.328
306.838
305.336
304.321
303.905
303.805
303.682
303.27
302.508
301.751
301.251
301.033
300.972
300.947
300.911
300.875
300.82
300.814
300.806
300.789
300.789
300.791
300.796
300.773
300.771
300.754
300.713
300.735
300.664
300.692
300.607
300.641
300.553
300.577
300.507
300.502
300.515
300.509
300.505
300.545
300.534
300.523
300.738
300.619
300.569
304.19
302.465
301.549
301.021
321.892
319.78
315.455
311.055
307.153
326.857
325.381
324.865
328.307
328.439
328.38
328.125
320.884
328.382
327.699
314.269
314.578
307.766
307.715
302.373
302.373
302.395
307.77
302.406
306.594
302.168
313.243
310.494
306.374
316.881
317.656
316.249
312.975
318.861
320.225
1009.41
619.635
949.136
321.741
322.874
327.394
389.53
301.394
301.784
303.995
307.064
308.498
308.221
306.441
304.466
303.115
302.46
302.21
302.091
301.898
301.579
301.285
301.101
301.017
300.983
300.962
300.937
300.896
300.862
300.81
300.797
300.79
300.784
300.771
300.774
300.776
300.753
300.754
300.733
300.695
300.714
300.633
300.665
300.582
300.606
300.532
300.561
300.508
300.515
300.5
300.525
300.497
300.488
300.495
300.547
300.535
300.772
300.634
300.588
304.292
302.441
301.566
301.063
323.486
321.374
316.788
311.958
307.612
327.68
326.705
326.016
328.022
328.242
328.295
328.174
314.337
321.034
320.743
307.732
307.868
302.426
302.415
302.413
302.107
310.219
306.207
302.032
317.038
317.786
313.282
310.011
319.13
320.484
1011.79
717.342
964.036
322.057
323.405
334.105
438.811
301.556
303.348
306.221
308.267
308.206
306.422
304.211
302.728
301.943
301.581
301.448
301.356
301.238
301.132
301.062
301.019
300.999
300.975
300.957
300.926
300.885
300.848
300.797
300.782
300.777
300.772
300.759
300.763
300.755
300.76
300.734
300.739
300.716
300.656
300.692
300.613
300.631
300.569
300.593
300.51
300.538
300.542
300.522
300.553
300.506
300.565
300.492
300.498
300.482
300.483
300.571
300.863
300.683
300.655
304.639
302.532
301.756
301.166
324.774
323.004
318.524
313.284
308.387
327.898
327.304
326.668
320.877
327.693
327.989
328
307.764
314.381
314.266
302.41
302.428
306.033
301.974
317.172
312.795
317.968
310.087
305.891
319.158
320.726
1013.2
801.611
973.162
322.298
324.524
347.832
492.754
302.413
305.618
307.76
308.214
306.515
304.258
302.743
301.905
301.451
301.273
301.203
301.15
301.106
301.067
301.039
301.013
300.994
300.972
300.952
300.915
300.873
300.841
300.791
300.768
300.765
300.751
300.746
300.747
300.738
300.742
300.741
300.717
300.714
300.686
300.64
300.664
300.6
300.623
300.543
300.572
300.493
300.518
300.641
300.609
300.567
300.652
300.524
300.654
300.57
300.509
300.483
300.476
301.091
300.814
300.841
305.473
302.892
302.283
301.509
325.822
324.609
320.59
315.235
309.752
327.853
327.497
326.981
320.812
314.333
320.563
327.462
302.41
307.79
307.744
301.928
317.427
312.767
309.598
317.853
305.808
301.865
319.186
320.981
1013.94
859.56
977.815
322.603
326.974
366.157
557.525
304.283
307.313
308.173
306.81
304.522
302.977
302.06
301.505
301.264
301.183
301.143
301.112
301.09
301.064
301.039
301.013
300.99
300.971
300.944
300.907
300.867
300.828
300.78
300.761
300.758
300.741
300.738
300.729
300.721
300.731
300.721
300.721
300.693
300.704
300.673
300.632
300.654
300.578
300.604
300.53
300.553
300.476
300.504
300.875
300.839
300.76
300.662
300.87
300.831
300.654
300.545
300.489
300.471
301.624
301.148
301.263
307.014
303.766
303.35
302.266
326.457
325.853
322.843
317.77
311.917
327.593
327.475
327.074
314.32
307.783
320.875
314.317
302.407
302.406
316.768
312.939
309.377
305.634
318.008
301.837
319.327
321.308
1014.33
890.63
980.594
323.05
331.505
391.837
620.275
306.22
308.023
307.229
305.117
303.506
302.504
301.774
301.307
301.198
301.157
301.133
301.111
301.091
301.061
301.039
301.013
300.987
300.971
300.936
300.902
300.86
300.823
300.773
300.75
300.744
300.737
300.736
300.714
300.709
300.712
300.704
300.712
300.699
300.683
300.692
300.662
300.615
300.637
300.566
300.589
300.517
300.543
300.461
300.47
300.487
301.332
301.318
301.207
301.035
301.465
301.092
300.787
300.598
300.504
302.609
301.82
302.03
309.428
305.453
305.148
303.582
326.714
326.471
324.861
320.68
314.855
326.919
327.219
326.895
307.778
302.407
314.525
320.782
307.771
313.308
309.399
305.503
301.802
318.135
313.039
319.562
321.67
1014.29
909.518
980.359
323.822
339.334
418.89
679.263
307.461
307.522
305.769
304.125
303.044
302.188
301.438
301.228
301.18
301.155
301.134
301.113
301.094
301.061
301.039
301.012
300.986
300.97
300.927
300.896
300.856
300.815
300.738
300.764
300.736
300.737
300.706
300.704
300.696
300.691
300.691
300.682
300.68
300.667
300.644
300.598
300.622
300.555
300.579
300.5
300.528
300.454
300.472
300.469
300.474
302.127
302.04
301.816
302.632
302.068
301.443
300.971
300.675
300.526
304.129
302.942
303.204
312.62
308.113
307.829
305.541
326.707
326.666
326.083
323.5
318.345
326.642
326.624
302.412
307.887
314.506
321.04
302.423
309.517
305.465
301.753
318.244
313.097
309.352
319.942
322.013
1013.95
919.308
978.083
325.449
348.565
452.047
719.263
307.539
306.375
304.8
303.608
302.636
301.695
301.287
301.203
301.171
301.151
301.133
301.112
301.092
301.064
301.039
301.011
300.986
300.968
300.928
300.892
300.851
300.817
300.733
300.704
300.704
300.766
300.703
300.703
300.686
300.682
300.674
300.669
300.672
300.663
300.657
300.635
300.59
300.613
300.54
300.563
300.49
300.515
300.475
300.449
300.479
300.556
300.464
303.237
303.041
304.216
303.587
302.77
301.878
301.193
300.77
306.146
304.532
304.718
316.365
311.414
311.04
308.085
326.537
326.658
326.625
325.596
321.896
321.088
302.44
307.857
314.735
305.48
301.731
318.356
313.217
309.371
305.343
320.357
322.431
1013.06
918.48
972.531
327.943
360.907
480.416
751.509
306.952
305.378
304.206
303.124
302.032
301.377
301.241
301.2
301.174
301.16
301.141
301.115
301.093
301.069
301.043
301.013
300.99
300.962
300.929
300.891
300.85
300.816
300.732
300.7
300.7
300.679
300.68
300.774
300.68
300.679
300.664
300.66
300.655
300.652
300.648
300.638
300.626
300.579
300.604
300.532
300.557
300.484
300.508
300.586
300.446
300.48
300.481
300.612
300.871
300.46
304.616
306.123
305.474
304.576
303.507
302.342
301.445
308.517
306.465
306.451
320.217
315.069
314.433
311.02
326.413
321.167
326.527
326.772
326.59
324.804
314.834
302.439
307.976
301.719
318.488
313.366
309.433
305.312
301.705
320.778
322.957
1008.33
910.886
956.155
331.726
374.438
507.821
750.304
306.144
304.717
303.634
302.448
301.498
301.28
301.23
301.2
301.173
301.165
301.148
301.119
301.099
301.075
301.047
301.016
300.992
300.961
300.929
300.89
300.845
300.814
300.732
300.7
300.699
300.682
300.68
300.656
300.656
300.781
300.658
300.656
300.646
300.642
300.631
300.627
300.616
300.569
300.593
300.526
300.549
300.48
300.503
300.968
300.477
300.437
300.465
300.621
300.621
301.038
301.681
300.455
308.278
307.652
306.722
305.556
304.206
302.81
311.018
308.563
323.555
318.763
317.761
313.981
321.348
314.883
321.143
326.737
326.961
326.426
308.012
302.461
318.64
313.483
309.52
305.329
301.683
321.158
323.843
974.846
896.872
892.075
336.924
389.59
523.297
742.721
305.433
304.089
302.88
301.693
301.324
301.258
301.227
301.205
301.18
301.174
301.148
301.127
301.106
301.081
301.053
301.027
300.999
300.962
300.933
300.898
300.858
300.815
300.693
300.735
300.683
300.686
300.656
300.656
300.633
300.631
300.788
300.64
300.636
300.621
300.617
300.609
300.604
300.564
300.587
300.52
300.541
300.472
300.496
301.892
300.607
300.429
300.438
300.451
300.572
301.056
301.058
302.024
303.206
300.448
310.73
310.081
309.141
307.926
306.472
304.857
313.528
325.906
322.117
320.778
316.841
315.136
308.022
314.932
321.107
326.725
327.068
327.151
302.472
318.743
313.604
309.588
305.364
301.681
321.63
325.179
578.754
856.233
555.777
343.742
403.666
530.605
713.109
304.704
303.28
301.951
301.387
301.287
301.257
301.233
301.21
301.194
301.19
301.152
301.137
301.115
301.088
301.059
301.034
301.007
300.969
300.935
300.894
300.865
300.827
300.695
300.661
300.66
300.732
300.66
300.661
300.631
300.63
300.612
300.611
300.788
300.615
300.612
300.597
300.594
300.582
300.557
300.511
300.535
300.467
300.489
303.536
301.012
300.429
300.425
300.422
300.488
300.53
300.911
302.051
302.06
303.736
305.39
300.446
312.827
311.823
310.562
309.036
307.305
315.92
327.144
324.737
323.313
319.51
308.225
302.485
308.052
314.99
321.355
327.025
327.423
319.131
313.71
309.655
305.396
301.688
322.164
327.523
300.112
785.123
339.319
351.958
415.938
531.076
675.098
303.802
302.251
301.462
301.317
301.284
301.263
301.241
301.219
301.212
301.192
301.166
301.148
301.127
301.098
301.07
301.044
301.014
300.978
300.946
300.908
300.872
300.836
300.703
300.663
300.666
300.635
300.639
300.748
300.627
300.628
300.612
300.613
300.586
300.585
300.795
300.591
300.587
300.576
300.573
300.552
300.508
300.531
300.464
300.487
305.824
301.94
300.455
300.424
300.414
300.417
300.43
300.664
300.788
301.727
303.769
303.788
306.088
307.984
300.444
314.824
313.469
311.869
310.032
318.157
327.719
326.513
325.228
321.817
302.517
302.475
308.071
314.929
321.026
326.97
327.506
319.237
313.88
309.729
305.428
301.696
323.031
330.873
300.023
605.737
302.067
361.343
428.028
532.919
646.603
302.666
301.559
301.342
301.31
301.29
301.273
301.25
301.232
301.234
301.196
301.18
301.163
301.14
301.107
301.072
301.054
301.024
300.988
300.952
300.917
300.884
300.848
300.663
300.706
300.645
300.655
300.608
300.612
300.757
300.612
300.61
300.585
300.585
300.567
300.566
300.805
300.57
300.568
300.549
300.504
300.527
300.462
300.483
308.518
303.578
300.558
300.411
300.423
300.409
300.412
300.418
300.477
301.148
301.445
303.216
306.136
306.158
308.862
310.856
300.442
316.688
314.983
313.031
320.183
327.988
327.581
326.61
323.739
302.471
308.023
314.747
321.306
327.384
319.756
313.89
309.855
305.467
301.705
324.33
335.903
300.014
370.871
300.226
371.435
439.774
555.355
545.146
301.719
301.373
301.329
301.318
301.301
301.285
301.262
301.251
301.249
301.209
301.194
301.172
301.148
301.124
301.094
301.066
301.034
301.003
300.967
300.929
300.899
300.859
300.667
300.628
300.63
300.71
300.615
300.616
300.588
300.589
300.769
300.587
300.588
300.565
300.565
300.543
300.543
300.826
300.546
300.544
300.501
300.525
300.46
300.481
311.513
305.897
300.869
300.409
300.422
300.405
300.406
300.414
300.434
300.645
302.165
302.723
305.39
308.963
308.969
311.972
314.021
300.441
318.38
316.319
321.95
328.095
328.176
327.576
325.264
302.457
307.937
314.703
320.747
327.312
320.279
313.992
309.864
305.528
301.715
326.27
341.983
300.014
308.953
300.047
384.513
460.161
548.138
369.696
301.418
301.351
301.336
301.331
301.314
301.298
301.277
301.273
301.26
301.226
301.206
301.183
301.162
301.132
301.107
301.079
301.042
301.014
300.984
300.944
300.918
300.872
300.677
300.63
300.633
300.593
300.603
300.719
300.588
300.592
300.571
300.572
300.781
300.566
300.568
300.543
300.543
300.522
300.522
300.843
300.523
300.499
300.459
300.48
314.824
308.733
301.594
300.406
300.403
300.421
300.397
300.395
300.401
300.439
300.499
301.09
303.846
304.698
308.186
312.207
312.17
315.414
317.478
300.44
319.856
323.442
328.141
328.503
328.23
326.443
302.437
307.885
314.409
320.8
327.198
319.78
321.458
310.011
314.516
305.54
301.732
329.115
350.524
300.015
300.736
300.037
399.885
508.343
497.834
312.995
301.381
301.361
301.35
301.346
301.329
301.313
301.295
301.287
301.268
301.24
301.221
301.199
301.178
301.149
301.124
301.092
301.055
301.033
301.001
300.961
300.937
300.894
300.63
300.679
300.614
300.622
300.578
300.586
300.735
300.572
300.574
300.547
300.55
300.797
300.545
300.546
300.522
300.523
300.498
300.497
300.861
300.459
300.479
318.424
312.051
302.912
300.412
300.402
300.394
300.392
300.421
300.395
300.392
300.4
300.519
300.709
302.012
306.231
307.347
311.551
315.838
315.744
319.137
321.129
300.44
324.664
328.008
328.747
328.63
327.3
302.418
307.76
314.278
320.771
327.319
319.618
322.617
305.606
310.139
314.584
301.742
332.89
362.096
300.014
300.125
300.035
429.881
503.425
377.575
301.996
301.39
301.378
301.366
301.361
301.344
301.328
301.317
301.295
301.281
301.258
301.238
301.215
301.193
301.166
301.144
301.113
301.081
301.051
301.023
300.99
300.958
300.919
300.644
300.602
300.603
300.686
300.592
300.596
300.559
300.564
300.751
300.553
300.554
300.53
300.531
300.814
300.525
300.528
300.497
300.497
300.479
300.886
300.458
322.154
315.796
304.901
300.439
300.402
300.391
300.388
300.39
300.388
300.421
300.394
300.388
300.407
300.732
301.253
303.538
309.421
310.669
315.382
319.773
319.599
322.928
300.44
325.591
327.905
328.844
328.845
327.869
302.387
307.697
314.146
320.986
320.296
324.484
301.757
305.687
310.161
314.62
340.02
379.27
300.013
300.063
300.032
477.431
468.942
321.176
300.339
301.408
301.397
301.382
301.376
301.358
301.345
301.33
301.311
301.296
301.273
301.253
301.226
301.209
301.179
301.162
301.13
301.103
301.07
301.038
301.013
300.983
300.932
300.598
300.647
300.58
300.591
300.697
300.567
300.574
300.533
300.534
300.763
300.53
300.532
300.505
300.51
300.838
300.499
300.502
300.479
300.479
300.906
300.459
319.796
307.799
300.528
300.385
300.403
300.387
300.386
300.383
300.381
300.422
300.4
300.386
300.435
301.283
302.278
305.925
313.307
314.562
319.55
323.716
323.463
326.266
300.44
327.773
320.105
328.881
328.943
328.233
302.372
307.651
314.252
320.26
327.783
301.775
305.702
310.227
314.647
349.927
414.763
300.012
300.053
300.031
473.729
383.981
304.452
300.107
301.426
301.415
301.399
301.389
301.373
301.358
301.343
301.323
301.31
301.291
301.268
301.244
301.23
301.201
301.177
301.15
301.124
301.093
301.063
301.037
301.014
300.975
300.608
300.571
300.576
300.66
300.556
300.562
300.717
300.544
300.549
300.516
300.52
300.785
300.515
300.514
300.482
300.485
300.859
300.48
300.481
300.46
300.931
323.786
311.58
300.733
300.378
300.384
300.376
300.403
300.38
300.378
300.38
300.375
300.423
300.424
300.39
300.513
302.336
303.992
309.409
317.684
318.843
323.72
326.954
326.723
300.44
327.781
320.139
313.954
328.896
328.972
328.435
302.366
307.699
321.898
333.151
301.787
305.729
310.332
314.85
368.149
454.803
300.012
300.05
300.029
448.536
326.638
300.817
300.073
301.443
301.432
301.414
301.402
301.386
301.365
301.361
301.338
301.324
301.308
301.285
301.265
301.238
301.217
301.193
301.168
301.143
301.111
301.081
301.061
301.031
301.006
300.575
300.613
300.552
300.564
300.669
300.535
300.545
300.733
300.523
300.529
300.494
300.501
300.809
300.489
300.495
300.465
300.467
300.886
300.461
300.463
300.971
327.03
316.017
301.199
300.371
300.385
300.373
300.374
300.37
300.404
300.373
300.372
300.377
300.37
300.424
300.488
300.412
300.703
304.352
306.898
313.797
322.229
323.196
327.008
328.506
300.442
327.781
320.459
313.915
307.592
328.892
328.972
302.366
320.257
324.396
342.782
301.795
305.786
310.373
314.897
405.453
452.019
300.011
300.046
300.027
384.309
306.65
300.186
300.065
301.459
301.446
301.429
301.415
301.399
301.385
301.372
301.353
301.338
301.321
301.292
301.28
301.256
301.233
301.208
301.185
301.16
301.139
301.108
301.078
301.053
301.023
300.581
300.54
300.545
300.63
300.526
300.531
300.687
300.516
300.52
300.757
300.504
300.509
300.474
300.478
300.832
300.469
300.47
300.446
300.449
300.917
300.443
300.998
328.52
320.762
302.262
300.362
300.367
300.386
300.368
300.369
300.362
300.405
300.365
300.363
300.38
300.368
300.426
300.648
300.472
301.124
307.86
311.021
318.727
326.142
326.725
328.492
327.862
320.417
314.15
307.578
302.348
328.873
328.954
320.641
329.69
361.054
301.809
305.8
310.463
315.528
437.568
433.401
300.01
300.043
300.025
329.125
301.354
300.095
300.06
301.472
301.453
301.445
301.431
301.414
301.399
301.38
301.365
301.348
301.334
301.31
301.288
301.268
301.246
301.223
301.2
301.174
301.153
301.124
301.095
301.071
301.046
300.546
300.589
300.525
300.532
300.639
300.51
300.517
300.711
300.495
300.503
300.779
300.483
300.49
300.459
300.461
300.858
300.452
300.455
300.428
300.431
300.943
301.025
325.158
304.739
300.354
300.369
300.36
300.359
300.387
300.361
300.361
300.353
300.407
300.361
300.356
300.397
300.371
301.096
300.629
302.198
312.638
316.005
323.578
328.045
328.326
328.888
328.026
320.718
314.109
307.709
302.35
328.842
322.4
337.776
397.395
301.812
305.866
310.64
321.876
315.37
435.455
382.123
300.009
300.04
300.023
308.124
300.29
300.078
300.056
301.482
301.466
301.457
301.441
301.425
301.41
301.387
301.373
301.353
301.338
301.319
301.298
301.278
301.256
301.234
301.215
301.188
301.169
301.141
301.112
301.093
301.064
300.505
300.557
300.605
300.5
300.507
300.645
300.486
300.492
300.73
300.475
300.481
300.797
300.466
300.47
300.445
300.445
300.885
300.435
300.439
300.409
300.412
300.973
301.049
327.572
308.864
300.348
300.37
300.357
300.356
300.352
300.352
300.389
300.352
300.352
300.345
300.36
300.353
300.464
300.393
302.279
301.153
305.128
318.195
321.296
326.788
328.642
328.786
328.777
328.132
320.797
314.372
307.691
302.382
326.138
355.972
424.169
301.829
305.973
310.714
321.432
315.552
420.826
329.86
300.009
300.037
300.022
301.82
300.119
300.071
300.052
301.492
301.48
301.465
301.449
301.433
301.421
301.402
301.386
301.361
301.345
301.325
301.307
301.286
301.267
301.245
301.225
301.202
301.181
301.156
301.129
301.112
301.081
300.51
300.492
300.475
300.484
300.568
300.616
300.482
300.669
300.471
300.475
300.753
300.459
300.462
300.826
300.446
300.452
300.423
300.428
300.914
300.416
300.419
300.392
300.395
300.996
301.069
328.449
314.358
300.348
300.352
300.372
300.352
300.352
300.343
300.343
300.343
300.343
300.342
300.368
300.353
300.679
300.476
305.685
302.57
309.96
323.528
325.524
328.142
328.663
328.724
328.153
321.088
314.514
307.858
302.388
335.001
391.241
422.438
301.851
305.996
310.822
325.389
321.632
316.242
378.214
308.979
300.008
300.035
300.02
300.393
300.091
300.066
300.048
301.5
301.485
301.47
301.456
301.438
301.42
301.404
301.386
301.363
301.349
301.33
301.312
301.289
301.271
301.25
301.23
301.211
301.189
301.165
301.143
301.126
301.101
300.486
300.518
300.467
300.457
300.469
300.576
300.633
300.463
300.694
300.45
300.457
300.773
300.436
300.441
300.849
300.43
300.433
300.405
300.407
300.946
300.398
300.402
300.374
300.377
301.02
301.077
328.582
320.467
300.355
300.343
300.355
300.342
300.343
300.343
300.335
300.336
300.336
300.338
300.345
300.41
300.37
301.34
300.787
311.389
306.492
316.236
326.674
327.582
328.503
328.213
321.211
314.764
307.939
302.439
351.198
413.492
410.238
301.863
306.031
311.06
332.744
324.582
323.163
316.216
329.024
302.124
300.008
300.033
300.02
300.144
300.081
300.062
300.045
301.505
301.485
301.474
301.46
301.443
301.422
301.406
301.389
301.366
301.347
301.331
301.313
301.292
301.273
301.252
301.234
301.214
301.195
301.171
301.152
301.131
301.111
300.492
300.452
300.461
300.539
300.449
300.435
300.443
300.592
300.651
300.443
300.725
300.426
300.435
300.801
300.418
300.423
300.878
300.411
300.416
300.389
300.393
300.976
300.381
300.385
300.358
300.36
301.045
301.087
328.174
325.21
300.4
300.337
300.339
300.338
300.336
300.336
300.329
300.327
300.334
300.338
300.372
300.559
300.45
303.153
301.721
318.478
313.179
322.642
327.966
328.306
328.265
321.59
314.897
308.089
302.464
386.312
411.993
373.049
301.871
306.132
311.12
349.168
331.944
323.624
316.45
308.929
300.47
300.011
300.031
300.101
300.075
300.058
300.042
301.51
301.491
301.476
301.458
301.441
301.42
301.404
301.384
301.366
301.345
301.328
301.308
301.29
301.27
301.251
301.233
301.214
301.194
301.173
301.152
301.133
301.113
300.458
300.503
300.428
300.439
300.553
300.431
300.42
300.425
300.608
300.67
300.422
300.749
300.413
300.416
300.832
300.404
300.409
300.909
300.396
300.399
300.373
300.377
301.002
300.364
300.368
300.342
300.345
301.058
301.091
321.826
327.455
300.564
300.328
300.329
300.329
300.328
300.326
300.327
300.329
300.326
300.341
300.352
300.481
301.023
300.742
307.869
304.165
324.512
321.006
326.46
328.29
328.435
327.413
315.26
308.162
302.515
404.92
401.181
327.231
301.901
306.16
311.322
382.031
346.653
330.403
323.019
316.731
302.18
300.163
300.016
300.035
300.023
300.09
300.07
300.054
300.035
301.508
301.486
301.473
301.455
301.436
301.416
301.398
301.378
301.358
301.339
301.321
301.302
301.283
301.264
301.245
301.226
301.207
301.188
301.167
301.147
301.127
301.107
300.463
300.425
300.429
300.516
300.413
300.417
300.568
300.415
300.403
300.408
300.627
300.694
300.407
300.774
300.398
300.404
300.858
300.387
300.393
300.94
300.381
300.383
300.355
300.36
301.023
300.347
300.351
300.326
300.329
301.067
301.086
315.457
322.711
328.154
301.094
300.322
300.324
300.325
300.323
300.321
300.32
300.345
300.333
300.379
300.419
300.83
302.334
301.581
315.657
309.858
327.423
326.108
327.973
328.079
328.152
308.381
302.55
403.479
367.111
308.388
301.913
306.257
311.494
397.976
380.049
346.53
331.277
323.391
316.936
300.499
300.111
300.014
300.032
300.043
300.083
300.066
300.046
301.507
301.485
301.466
301.447
301.427
301.406
301.387
301.369
301.348
301.327
301.309
301.29
301.271
301.252
301.233
301.215
301.196
301.177
301.156
301.136
301.116
301.096
300.428
300.475
300.41
300.416
300.528
300.398
300.404
300.585
300.397
300.387
300.392
300.649
300.718
300.392
300.805
300.382
300.385
300.891
300.372
300.378
300.972
300.366
300.367
300.339
300.343
301.037
300.332
300.335
300.318
300.318
300.316
301.071
301.074
308.512
316.402
322.17
328.206
302.467
300.314
300.316
300.317
300.314
300.32
300.316
300.422
300.366
300.524
300.656
301.773
305.614
303.595
323.559
318.742
328.429
328.139
328.321
322.508
302.627
393.086
324.604
302.095
301.934
306.342
311.607
396.458
392.499
378.767
350.318
332.815
323.777
317.367
300.175
300.097
300.033
300.014
300.049
300.043
300.052
300.078
300.058
301.497
301.476
301.456
301.435
301.413
301.393
301.373
301.353
301.333
301.312
301.293
301.274
301.256
301.234
301.217
301.198
301.179
301.161
301.138
301.118
301.097
301.076
300.394
300.437
300.49
300.39
300.394
300.54
300.383
300.385
300.6
300.382
300.371
300.378
300.671
300.748
300.376
300.835
300.366
300.37
300.925
300.358
300.362
300.998
300.347
300.354
300.326
300.331
301.048
300.319
300.322
300.314
300.315
300.31
300.311
301.066
301.054
302.679
308.979
315.967
322.707
305.414
300.312
300.31
300.312
300.309
300.33
300.317
300.705
300.488
300.983
301.328
303.874
312.712
307.846
327.539
325.773
328.642
328.657
328.022
316.471
360.392
307.547
300.499
301.956
306.39
311.903
385.709
390.603
387.975
378.106
357.158
335.62
324.977
317.627
300.117
300.091
300.047
300.03
300.013
300.058
300.053
300.061
300.07
301.488
301.466
301.444
301.422
301.399
301.376
301.355
301.335
301.314
301.293
301.273
301.252
301.234
301.21
301.195
301.174
301.151
301.131
301.113
301.094
301.071
301.052
300.371
300.401
300.386
300.45
300.504
300.38
300.559
300.371
300.374
300.621
300.365
300.357
300.363
300.692
300.774
300.361
300.868
300.353
300.357
300.954
300.344
300.348
301.014
300.336
300.34
300.312
300.316
301.05
300.308
300.31
300.305
300.308
300.303
300.306
301.054
301.025
302.769
308.79
316.58
323.718
311.007
300.316
300.303
300.303
300.306
300.385
300.333
301.5
300.923
302.124
302.915
307.833
322.313
316.256
328.91
328.586
323.308
328.437
309.074
321.648
301.891
300.181
301.972
306.552
311.906
352.966
378.626
385.453
383.917
377.78
365.14
339.255
332.063
318.01
300.104
300.081
300.047
300.061
300.056
300.029
300.012
300.066
300.064
300.07
301.474
301.451
301.427
301.404
301.379
301.356
301.336
301.316
301.293
301.268
301.245
301.226
301.196
301.185
301.161
301.145
301.124
301.102
301.08
301.065
301.038
301.008
300.373
300.371
300.357
300.343
300.347
300.411
300.467
300.518
300.365
300.579
300.351
300.359
300.646
300.352
300.343
300.35
300.724
300.802
300.348
300.895
300.338
300.344
300.974
300.329
300.332
301.026
300.319
300.327
300.301
300.303
301.045
300.301
300.301
300.299
300.299
300.301
300.296
300.298
301.03
300.989
302.744
309.151
317.61
320.624
300.336
300.301
300.299
300.309
300.57
300.396
303.253
302.097
304.434
305.983
314.514
327.732
325.323
329.267
329.363
324.103
317.017
302.846
306.491
300.465
300.124
302.012
306.542
312.203
318.417
344.791
371.402
380.496
379.922
377.055
366.523
323.792
354.97
318.504
300.093
300.08
300.044
300.06
300.069
300.066
300.027
300.012
300.074
300.074
301.458
301.432
301.407
301.385
301.356
301.333
301.309
301.283
301.258
301.238
301.218
301.197
301.172
301.152
301.132
301.11
301.091
301.065
301.044
301.008
300.997
300.971
300.346
300.383
300.351
300.34
300.33
300.336
300.427
300.481
300.531
300.599
300.338
300.345
300.672
300.339
300.329
300.33
300.753
300.843
300.335
300.931
300.326
300.331
300.992
300.317
300.322
301.029
300.307
300.313
300.293
300.294
301.031
300.295
300.298
300.293
300.295
300.293
300.294
300.291
300.293
301.002
300.943
302.882
309.723
328.097
300.402
300.302
300.296
300.329
301.114
300.606
306.362
304.44
308.352
311.118
324.772
329.691
329.339
323.872
329.371
317.71
309.334
301.607
300.181
300.106
302.025
306.682
312.433
305.367
315.083
335.941
363.545
375.039
376.204
374.417
339.19
369.241
327.717
318.991
300.09
300.059
300.041
300.073
300.068
300.077
300.076
300.026
300.011
300.083
300.084
301.438
301.411
301.385
301.35
301.332
301.306
301.283
301.26
301.234
301.209
301.187
301.165
301.139
301.121
301.095
301.069
301.042
301.023
300.999
300.977
300.948
300.924
300.317
300.354
300.39
300.335
300.324
300.312
300.317
300.44
300.496
300.55
300.617
300.325
300.33
300.698
300.325
300.317
300.321
300.784
300.877
300.322
300.953
300.314
300.318
301.005
300.306
300.31
301.024
300.298
300.3
300.289
300.281
300.285
301.01
300.288
300.29
300.286
300.289
300.289
300.284
300.285
300.961
300.894
302.97
330.823
300.603
300.316
300.296
300.392
302.555
301.194
310.943
308.232
314.376
318.952
330.113
330.245
330.656
324.599
317.355
309.708
302.909
300.414
300.124
300.101
302.055
306.778
312.57
301.323
304.275
311.674
326.427
354.635
368.191
372.116
362.491
371.328
342.123
338.065
319.727
300.071
300.056
300.04
300.08
300.077
300.084
300.085
300.025
300.011
300.092
300.094
301.418
301.389
301.355
301.332
301.309
301.279
301.252
301.224
301.202
301.179
301.154
301.117
301.108
301.079
301.06
301.032
301.009
300.985
300.96
300.931
300.904
300.874
300.289
300.325
300.307
300.363
300.404
300.319
300.311
300.302
300.456
300.513
300.571
300.646
300.312
300.315
300.729
300.312
300.304
300.307
300.817
300.906
300.311
300.971
300.301
300.305
301.008
300.293
300.298
301.007
300.288
300.29
300.282
300.274
300.276
300.279
300.275
300.97
300.282
300.284
300.28
300.287
300.284
300.28
300.28
300.917
300.841
331.595
301.112
300.359
300.305
300.548
305.302
302.635
317.392
313.287
323.097
327.933
331.997
329.657
331.038
324.501
317.861
309.462
302.968
300.173
300.112
302.079
306.838
312.898
300.352
301.04
303.196
308.424
319.371
342.074
358.987
369.376
366.651
361.287
356.033
329.677
320.14
300.07
300.082
300.079
300.054
300.038
300.086
300.085
300.092
300.094
300.024
300.01
300.101
300.104
301.399
301.364
301.336
301.308
301.272
301.25
301.218
301.19
301.168
301.147
301.117
301.089
301.068
301.047
301.017
300.996
300.971
300.945
300.916
300.886
300.858
300.822
300.265
300.296
300.293
300.284
300.335
300.376
300.419
300.307
300.298
300.289
300.477
300.53
300.593
300.674
300.3
300.302
300.764
300.3
300.291
300.295
300.852
300.931
300.293
300.983
300.287
300.289
301.001
300.281
300.285
300.983
300.276
300.278
300.268
300.27
300.271
300.276
300.262
300.933
300.276
300.278
300.29
300.281
300.275
300.275
300.864
300.786
331.456
302.254
300.46
300.33
300.902
309.46
305.464
326.304
319.872
330.246
331.767
332.553
324.524
317.578
309.665
302.924
300.128
302.098
306.96
313.077
300.167
300.297
300.804
302.248
305.948
315.204
328.542
367.747
347.429
366.157
341.407
363.835
339.163
321.385
300.067
300.083
300.087
300.085
300.051
300.037
300.093
300.093
300.1
300.102
300.023
300.01
300.11
300.114
301.373
301.348
301.314
301.281
301.252
301.224
301.191
301.168
301.144
301.115
301.072
301.058
301.034
301.009
300.983
300.957
300.929
300.902
300.87
300.836
300.799
300.771
300.237
300.269
300.263
300.253
300.304
300.277
300.346
300.387
300.428
300.294
300.287
300.489
300.549
300.62
300.701
300.284
300.289
300.797
300.287
300.277
300.282
300.884
300.951
300.281
300.987
300.276
300.279
300.986
300.269
300.27
300.95
300.266
300.269
300.266
300.261
300.267
300.263
300.273
300.259
300.253
300.254
300.88
300.27
300.301
300.279
300.272
300.27
300.796
300.733
325.483
304.624
300.676
300.387
301.644
314.719
309.548
331.856
328.306
333.059
333.041
332.271
317.461
309.459
302.947
302.129
307.036
313.662
300.129
300.154
300.263
300.568
301.535
304.135
309.466
358.04
319.906
362.402
356.938
362.358
353.596
331.768
320.715
300.078
300.063
300.089
300.09
300.095
300.094
300.05
300.036
300.1
300.101
300.108
300.111
300.023
300.01
300.119
301.359
301.317
301.284
301.253
301.228
301.199
301.17
301.144
301.115
301.066
301.05
301.024
300.997
300.972
300.944
300.914
300.888
300.849
300.821
300.79
300.75
300.714
300.213
300.243
300.238
300.229
300.274
300.263
300.247
300.31
300.272
300.347
300.394
300.452
300.28
300.503
300.57
300.65
300.74
300.272
300.276
300.833
300.274
300.266
300.269
300.91
300.963
300.271
300.981
300.264
300.268
300.957
300.259
300.262
300.904
300.253
300.254
300.259
300.263
300.256
300.265
300.25
300.247
300.249
300.822
300.266
300.331
300.281
300.27
300.266
300.758
300.671
325.153
317.836
308.22
301.092
300.496
303.009
321.266
314.631
334.032
332.843
333.988
333.484
309.358
302.904
302.15
307.272
313.544
300.129
300.157
300.212
300.423
300.994
302.537
332.497
305.968
345.981
360.836
353.498
342.767
359.053
340.176
320.988
300.092
300.075
300.062
300.095
300.096
300.1
300.1
300.047
300.035
300.106
300.109
300.116
300.119
300.022
300.01
301.332
301.297
301.268
301.238
301.21
301.171
301.148
301.108
301.065
301.048
301.02
300.995
300.965
300.935
300.907
300.877
300.839
300.81
300.776
300.746
300.704
300.656
300.19
300.219
300.211
300.204
300.248
300.233
300.225
300.282
300.257
300.244
300.322
300.267
300.36
300.403
300.466
300.519
300.594
300.681
300.778
300.26
300.264
300.863
300.263
300.254
300.257
300.93
300.966
300.259
300.963
300.254
300.256
300.921
300.248
300.252
300.844
300.244
300.247
300.254
300.258
300.262
300.249
300.246
300.242
300.243
300.771
300.261
300.384
300.289
300.27
300.263
300.684
300.615
317.206
325.584
309.477
312.88
301.822
300.696
305.309
328.943
320.932
334.764
334.74
334.302
333.191
302.885
302.206
307.256
313.648
300.132
300.144
300.191
300.293
300.625
312.342
301.422
320.839
356.764
330.641
354.818
356.828
336.884
352.219
321.582
300.101
300.089
300.074
300.061
300.102
300.104
300.109
300.109
300.047
300.034
300.114
300.117
300.124
300.021
300.01
301.322
301.281
301.256
301.218
301.186
301.158
301.125
301.084
301.049
301.018
300.994
300.968
300.932
300.904
300.872
300.835
300.804
300.769
300.733
300.689
300.658
300.612
300.165
300.191
300.191
300.181
300.223
300.21
300.201
300.254
300.228
300.221
300.292
300.254
300.242
300.33
300.378
300.423
300.481
300.543
300.623
300.722
300.811
300.248
300.252
300.89
300.252
300.24
300.244
300.942
300.959
300.248
300.934
300.243
300.244
300.873
300.237
300.238
300.797
300.234
300.24
300.235
300.254
300.248
300.258
300.245
300.24
300.238
300.712
300.258
300.472
300.307
300.273
300.26
300.64
300.573
309.135
317.258
325.403
302.878
318.527
302.925
301.027
308.794
333.088
327.894
334.991
335.4
334.041
302.222
307.293
313.846
300.132
300.146
300.165
300.228
303.246
300.37
307.032
340.117
312.135
355.708
346.3
336.629
347.603
354.467
322.726
300.11
300.105
300.1
300.106
300.086
300.071
300.059
300.108
300.114
300.114
300.046
300.033
300.12
300.124
300.022
300.01
301.313
301.274
301.241
301.207
301.172
301.14
301.105
301.067
301.031
300.995
300.967
300.925
300.902
300.868
300.835
300.801
300.764
300.727
300.688
300.641
300.604
300.569
300.142
300.167
300.164
300.154
300.199
300.186
300.176
300.228
300.207
300.198
300.263
300.229
300.219
300.3
300.24
300.339
300.385
300.438
300.504
300.564
300.65
300.757
300.842
300.236
300.91
300.239
300.23
300.234
300.945
300.94
300.237
300.892
300.231
300.234
300.816
300.228
300.23
300.728
300.231
300.225
300.237
300.224
300.253
300.248
300.244
300.24
300.238
300.235
300.651
300.254
300.604
300.339
300.28
300.258
300.57
300.526
302.796
309.11
317.02
325.472
324.83
304.586
301.527
313.524
335.004
332.304
334.771
335.589
302.234
307.37
314.427
300.133
300.14
300.156
300.752
300.178
301.64
318.854
303.373
349.601
324.762
331.633
346.432
352.106
350.478
322.197
300.114
300.116
300.11
300.097
300.112
300.084
300.07
300.058
300.117
300.12
300.122
300.045
300.033
300.128
300.021
300.01
301.299
301.26
301.224
301.193
301.162
301.127
301.092
301.057
301.013
300.976
300.935
300.905
300.869
300.835
300.799
300.761
300.725
300.681
300.643
300.601
300.555
300.517
300.113
300.143
300.137
300.13
300.172
300.164
300.152
300.204
300.184
300.174
300.231
300.205
300.193
300.272
300.225
300.214
300.307
300.35
300.399
300.444
300.519
300.591
300.687
300.789
300.868
300.224
300.921
300.226
300.22
300.223
300.933
300.896
300.226
300.83
300.222
300.224
300.76
300.219
300.22
300.671
300.225
300.23
300.216
300.218
300.222
300.218
300.249
300.244
300.24
300.237
300.234
300.598
300.25
300.793
300.39
300.292
300.257
300.534
300.48
302.775
308.973
316.895
326.357
329.588
307.002
302.229
319.16
335.719
334.599
334.707
335.575
302.251
307.601
314.342
300.134
300.143
300.251
300.149
300.39
306.42
300.749
331.097
309.918
340.693
350.624
350.073
335.708
338.695
322.561
300.119
300.119
300.108
300.117
300.095
300.117
300.081
300.07
300.056
300.122
300.125
300.128
300.045
300.034
300.021
300.01
301.285
301.248
301.21
301.177
301.151
301.119
301.086
301.042
300.995
300.952
300.913
300.87
300.836
300.795
300.761
300.723
300.68
300.64
300.59
300.555
300.516
300.472
300.096
300.117
300.112
300.102
300.139
300.14
300.129
300.176
300.161
300.15
300.205
300.183
300.17
300.236
300.204
300.19
300.281
300.212
300.317
300.367
300.416
300.469
300.543
300.615
300.723
300.818
300.887
300.923
300.216
300.209
300.206
300.909
300.859
300.217
300.779
300.213
300.214
300.684
300.21
300.211
300.602
300.224
300.228
300.214
300.216
300.215
300.221
300.208
300.244
300.239
300.237
300.234
300.55
300.247
301.057
300.459
300.31
300.258
300.48
300.413
302.739
308.866
317.091
325.315
332.855
310.74
303.183
324.205
335.904
335.681
335.341
302.304
307.599
314.533
300.136
300.166
300.141
300.188
301.486
300.246
313.884
302.741
348.483
349.419
338.813
317.603
337.747
346.322
322.88
300.125
300.127
300.118
300.105
300.124
300.121
300.126
300.089
300.079
300.069
300.057
300.127
300.132
300.044
300.033
300.021
300.01
301.262
301.218
301.183
301.16
301.135
301.111
301.077
301.031
300.979
300.931
300.886
300.843
300.802
300.763
300.73
300.678
300.634
300.599
300.554
300.519
300.47
300.422
300.089
300.063
300.095
300.119
300.116
300.103
300.144
300.138
300.128
300.178
300.16
300.146
300.208
300.181
300.169
300.249
300.201
300.19
300.29
300.325
300.376
300.431
300.491
300.572
300.66
300.761
300.844
300.899
300.907
300.206
300.194
300.199
300.876
300.804
300.202
300.703
300.201
300.204
300.62
300.2
300.201
300.561
300.224
300.229
300.213
300.206
300.214
300.207
300.221
300.199
300.204
300.24
300.236
300.234
300.485
300.244
301.415
300.55
300.334
300.26
300.423
300.374
302.717
308.923
316.634
325.268
334.725
315.108
304.446
328.354
335.865
336.065
302.317
307.667
314.721
300.149
300.137
300.155
300.361
300.169
304.487
300.585
348.276
340.701
320.843
306.384
337
344.76
346.83
323.339
300.13
300.132
300.129
300.117
300.105
300.128
300.129
300.13
300.092
300.079
300.066
300.056
300.132
300.044
300.033
300.021
300.01
301.235
301.179
301.15
301.133
301.121
301.101
301.068
301.02
300.96
300.908
300.857
300.811
300.77
300.728
300.669
300.646
300.594
300.55
300.515
300.464
300.422
300.366
300.068
300.091
300.08
300.046
300.066
300.094
300.119
300.116
300.102
300.152
300.136
300.127
300.183
300.159
300.146
300.207
300.18
300.167
300.252
300.188
300.295
300.339
300.389
300.447
300.519
300.607
300.702
300.794
300.868
300.897
300.887
300.195
300.188
300.828
300.734
300.195
300.65
300.192
300.191
300.577
300.191
300.191
300.506
300.223
300.228
300.206
300.212
300.204
300.214
300.22
300.191
300.198
300.196
300.238
300.233
300.431
300.242
301.886
300.668
300.366
300.264
300.377
300.315
302.711
308.723
316.638
335.656
325.803
335.679
319.656
306.188
331.52
336.134
302.332
307.746
315.004
300.144
300.148
300.185
300.155
301.054
300.22
341.425
323.175
308.398
301.609
336.547
343.587
345.523
341.235
323.571
300.136
300.136
300.138
300.127
300.115
300.103
300.135
300.133
300.137
300.092
300.078
300.066
300.055
300.139
300.043
300.033
300.021
300.01
301.185
301.131
301.104
301.102
301.099
301.087
301.059
301.008
300.945
300.884
300.824
300.781
300.735
300.689
300.644
300.594
300.552
300.514
300.46
300.4
300.361
300.313
300.045
300.068
300.056
300.09
300.079
300.022
300.046
300.07
300.097
300.125
300.113
300.103
300.156
300.134
300.126
300.185
300.157
300.147
300.22
300.178
300.168
300.262
300.305
300.354
300.404
300.474
300.539
300.635
300.739
300.824
300.876
300.883
300.838
300.186
300.175
300.756
300.674
300.184
300.59
300.185
300.183
300.523
300.181
300.18
300.446
300.225
300.229
300.203
300.205
300.21
300.198
300.214
300.219
300.183
300.192
300.188
300.196
300.234
300.382
300.239
302.497
300.819
300.409
300.269
300.324
300.267
302.665
308.73
316.695
335.494
325.175
336.096
324.055
308.566
333.775
335.958
302.352
307.876
315.191
300.143
300.16
300.149
300.29
300.169
324.998
310.095
302.372
300.386
336.139
342.73
344.306
340.701
326.01
323.823
300.139
300.142
300.148
300.139
300.137
300.124
300.113
300.103
300.139
300.14
300.09
300.079
300.067
300.054
300.044
300.032
300.021
300.021
301.117
301.049
301.039
301.055
301.073
301.071
301.047
300.993
300.925
300.857
300.798
300.748
300.701
300.64
300.599
300.546
300.509
300.454
300.416
300.363
300.309
300.261
300.022
300.044
300.033
300.068
300.056
300.09
300.079
300.022
300.047
300.071
300.1
300.129
300.11
300.102
300.159
300.133
300.123
300.195
300.158
300.144
300.229
300.165
300.274
300.318
300.367
300.417
300.491
300.584
300.672
300.773
300.843
300.871
300.856
300.787
300.175
300.695
300.599
300.173
300.529
300.17
300.174
300.452
300.173
300.172
300.388
300.226
300.231
300.203
300.198
300.207
300.211
300.216
300.22
300.172
300.184
300.18
300.191
300.188
300.196
300.327
300.238
303.317
301.035
300.474
300.277
300.27
300.206
302.657
308.721
316.524
335.731
325.803
336.204
327.735
312.004
335.245
302.386
307.961
315.397
300.153
300.145
300.179
300.159
311.441
303.072
300.553
300.194
335.884
342.021
343.302
339.601
325.998
312.432
323.981
300.145
300.146
300.153
300.146
300.149
300.135
300.124
300.113
300.101
300.143
300.146
300.09
300.077
300.068
300.056
300.044
300.033
300.033
300.965
300.932
300.954
300.999
301.038
301.056
301.037
300.979
300.899
300.822
300.768
300.711
300.647
300.608
300.558
300.516
300.461
300.412
300.363
300.314
300.258
300.206
300.044
300.068
300.056
300.089
300.078
300.022
300.047
300.073
300.102
300.133
300.111
300.101
300.161
300.132
300.122
300.2
300.154
300.144
300.237
300.166
300.283
300.328
300.386
300.44
300.506
300.615
300.713
300.8
300.851
300.854
300.804
300.727
300.619
300.542
300.165
300.461
300.161
300.165
300.388
300.164
300.163
300.336
300.227
300.204
300.2
300.209
300.212
300.217
300.223
300.164
300.176
300.17
300.183
300.179
300.19
300.187
300.195
300.27
300.236
304.492
301.359
300.588
300.292
300.213
300.159
302.651
308.648
316.766
335.539
325.084
335.997
330.835
315.923
336.006
302.41
308.056
315.563
300.149
300.163
300.154
303.689
300.71
300.22
300.169
335.789
341.361
342.295
338.246
325.572
312.614
304.208
324.268
300.151
300.158
300.158
300.155
300.159
300.154
300.145
300.15
300.133
300.123
300.111
300.101
300.148
300.09
300.078
300.066
300.055
300.044
300.665
300.734
300.868
300.952
301.007
301.032
301.017
300.957
300.874
300.801
300.735
300.671
300.619
300.567
300.519
300.463
300.414
300.36
300.301
300.256
300.212
300.155
300.067
300.089
300.079
300.022
300.049
300.075
300.103
300.138
300.112
300.1
300.172
300.132
300.123
300.207
300.153
300.142
300.249
300.291
300.335
300.398
300.465
300.544
300.653
300.749
300.82
300.845
300.821
300.744
300.638
300.557
300.474
300.154
300.401
300.154
300.155
300.34
300.154
300.153
300.272
300.2
300.205
300.21
300.214
300.22
300.236
300.167
300.176
300.168
300.181
300.178
300.192
300.187
300.197
300.216
306.213
301.872
300.792
300.323
300.156
300.101
302.637
308.736
316.486
335.864
325.442
333.337
320.088
336.457
302.437
308.136
315.773
300.158
300.873
300.242
300.175
300.163
335.942
340.734
341.202
336.511
324.56
312.464
304.333
301.008
324.255
300.155
300.16
300.164
300.159
300.155
300.144
300.152
300.131
300.122
300.111
300.1
300.089
300.353
300.601
300.77
300.899
300.973
301.017
301.004
300.936
300.847
300.766
300.688
300.639
300.579
300.524
300.46
300.404
300.365
300.313
300.258
300.208
300.15
300.101
300.023
300.05
300.077
300.105
300.138
300.112
300.101
300.177
300.132
300.123
300.209
300.145
300.256
300.3
300.355
300.415
300.49
300.576
300.688
300.778
300.827
300.823
300.76
300.685
300.577
300.492
300.41
300.347
300.143
300.141
300.277
300.213
300.201
300.206
300.212
300.219
300.241
300.175
300.169
300.183
300.178
300.192
300.188
300.198
300.161
308.699
302.689
301.162
300.388
300.104
300.048
302.641
308.61
316.473
335.705
325.275
335.214
324.226
336.591
302.461
308.238
315.881
300.274
300.179
300.166
300.159
336.173
340.15
339.962
334.453
322.898
311.966
304.262
301.023
300.29
324.321
300.162
300.166
300.16
300.157
300.133
300.121
300.113
300.256
300.524
300.71
300.83
300.946
300.996
300.978
300.912
300.812
300.719
300.655
300.591
300.538
300.474
300.422
300.37
300.314
300.258
300.201
300.149
300.094
300.047
300.024
300.051
300.079
300.111
300.144
300.183
300.13
300.221
300.262
300.314
300.372
300.438
300.525
300.619
300.727
300.798
300.817
300.78
300.711
300.583
300.504
300.426
300.352
300.291
300.217
300.158
300.202
300.208
300.219
300.252
300.175
300.173
300.184
300.179
300.193
300.19
300.2
300.105
312.267
303.972
301.784
300.516
300.049
302.612
308.604
316.348
335.565
325.64
336.712
328.174
336.665
302.49
308.312
315.999
300.189
300.171
300.163
336.418
339.523
338.532
332.004
320.777
310.955
304.023
300.992
300.289
300.193
300.165
300.17
300.21
300.462
300.65
300.801
300.924
300.977
300.962
300.882
300.776
300.691
300.611
300.539
300.476
300.432
300.369
300.317
300.261
300.206
300.155
300.102
300.042
300.025
300.052
300.08
300.112
300.145
300.189
300.229
300.273
300.329
300.387
300.463
300.559
300.666
300.759
300.8
300.788
300.729
300.625
300.528
300.438
300.362
300.294
300.225
300.166
300.101
300.206
300.219
300.279
300.177
300.174
300.185
300.182
300.195
300.193
300.204
300.049
316.914
305.84
302.757
300.742
302.606
308.558
316.53
335.634
337.863
331.547
336.595
302.515
308.374
300.178
300.168
338.82
336.771
329.202
318.196
309.418
303.502
300.899
300.283
300.194
300.18
300.172
300.19
300.408
300.61
300.781
300.908
300.966
300.941
300.849
300.73
300.635
300.568
300.499
300.439
300.384
300.325
300.265
300.207
300.152
300.098
300.043
300.025
300.054
300.082
300.117
300.15
300.194
300.238
300.288
300.345
300.409
300.482
300.595
300.709
300.772
300.788
300.749
300.657
300.535
300.45
300.373
300.293
300.236
300.165
300.103
300.049
300.223
300.325
300.178
300.176
300.189
300.186
300.201
300.199
300.23
321.555
308.411
304.111
301.101
302.595
308.589
334.525
302.534
300.174
325.778
315.013
307.619
302.874
300.763
300.269
300.196
300.182
300.172
300.384
300.598
300.77
300.904
300.952
300.903
300.793
300.687
300.587
300.517
300.45
300.387
300.32
300.267
300.206
300.156
300.101
300.043
300.024
300.053
300.087
300.118
300.161
300.203
300.248
300.303
300.358
300.434
300.512
300.655
300.732
300.772
300.762
300.685
300.572
300.474
300.388
300.303
300.238
300.173
300.11
300.05
300.398
300.197
300.24
300.254
300.498
311.546
305.786
301.605
302.587
302.215
300.625
300.151
300.374
300.591
300.772
300.905
300.931
300.861
300.737
300.631
300.544
300.461
300.398
300.334
300.271
300.208
300.155
300.102
300.047
300.026
300.054
300.09
300.125
300.168
300.21
300.255
300.314
300.387
300.455
300.584
300.677
300.746
300.755
300.701
300.591
300.496
300.401
300.309
300.24
300.177
300.108
300.052
300.141
300.356
300.594
300.793
300.907
300.909
300.822
300.692
300.567
300.491
300.412
300.343
300.278
300.213
300.154
300.102
300.048
300.027
300.059
300.092
300.128
300.172
300.219
300.271
300.33
300.405
300.494
300.623
300.701
300.738
300.718
300.617
300.516
300.419
300.323
300.252
300.182
300.116
300.049
300.166
300.392
300.619
300.812
300.905
300.879
300.764
300.631
300.518
300.428
300.355
300.283
300.221
300.164
300.104
300.045
300.028
300.061
300.091
300.135
300.181
300.228
300.288
300.355
300.438
300.537
300.637
300.713
300.713
300.657
300.54
300.443
300.328
300.259
300.18
300.11
300.048
300.186
300.42
300.658
300.841
300.897
300.827
300.689
300.557
300.456
300.367
300.296
300.231
300.166
300.102
300.045
300.028
300.063
300.101
300.142
300.188
300.237
300.307
300.378
300.461
300.593
300.669
300.705
300.669
300.565
300.461
300.354
300.266
300.184
300.121
300.055
300.205
300.459
300.704
300.855
300.872
300.776
300.623
300.489
300.391
300.309
300.229
300.167
300.106
300.044
300.03
300.066
300.105
300.148
300.196
300.253
300.32
300.399
300.515
300.627
300.677
300.674
300.601
300.478
300.377
300.268
300.2
300.125
300.057
300.261
300.524
300.752
300.861
300.834
300.706
300.536
300.419
300.326
300.237
300.175
300.112
300.047
300.03
300.066
300.109
300.157
300.206
300.267
300.345
300.447
300.546
300.644
300.668
300.619
300.515
300.383
300.289
300.207
300.131
300.057
300.329
300.593
300.792
300.848
300.769
300.606
300.466
300.352
300.26
300.182
300.111
300.047
300.031
300.071
300.11
300.158
300.222
300.289
300.383
300.487
300.576
300.646
300.629
300.543
300.414
300.311
300.21
300.136
300.056
300.419
300.666
300.814
300.81
300.683
300.523
300.386
300.279
300.191
300.118
300.052
300.034
300.075
300.117
300.174
300.236
300.308
300.41
300.526
300.598
300.624
300.571
300.446
300.324
300.226
300.129
300.057
300.518
300.734
300.812
300.752
300.603
300.426
300.294
300.2
300.122
300.054
300.035
300.077
300.128
300.186
300.252
300.34
300.446
300.559
300.605
300.571
300.466
300.336
300.237
300.144
300.064
300.603
300.768
300.781
300.662
300.48
300.331
300.222
300.124
300.055
300.037
300.083
300.136
300.197
300.271
300.373
300.488
300.571
300.578
300.496
300.353
300.249
300.151
300.061
300.68
300.771
300.726
300.566
300.367
300.233
300.133
300.059
300.04
300.086
300.144
300.211
300.296
300.404
300.519
300.562
300.506
300.401
300.265
300.16
300.072
300.733
300.748
300.633
300.435
300.273
300.152
300.057
300.041
300.094
300.152
300.234
300.319
300.457
300.527
300.515
300.426
300.273
300.167
300.075
300.743
300.686
300.516
300.315
300.162
300.063
300.044
300.101
300.165
300.258
300.377
300.482
300.504
300.448
300.299
300.176
300.077
300.713
300.593
300.384
300.201
300.074
300.048
300.109
300.183
300.276
300.421
300.479
300.455
300.319
300.187
300.083
300.644
300.466
300.242
300.08
300.05
300.114
300.208
300.315
300.434
300.447
300.347
300.217
300.082
300.538
300.306
300.103
300.055
300.133
300.239
300.363
300.427
300.374
300.235
300.089
300.382
300.127
300.056
300.142
300.275
300.377
300.384
300.256
300.101
300.119
300.066
300.163
300.305
300.361
300.253
300.101
300.076
300.19
300.305
300.259
300.105
300.081
300.22
300.258
300.126
300.094
300.214
300.142
300.119
300.136
300.096
)
;

boundaryField
{
    lowerOutlet
    {
        type            inletOutlet;
        inletValue      uniform 300;
        value           nonuniform List<scalar> 
140
(
300
300
300
300
300
300
300
300
300
300
300
300
300
300
300
300
300
300
300
300
300
300
300
300
300
300
300
300
300
300
300
300
300
300
300
300
300
300
300
300
300
308.7
300
300
315.189
300
300
309.296
578.063
300
300
300
300
300
300
300
300
300
300
300
300
300
300
300
300
300
300
300
300
300
300
300
300
300
300
300
300
300
300
300
300
300
300
300
300
300
300
300
300
300
300
300
300
300
300
300
300
300
301.71
307.209
300
313.306
300
309.847
300
390.872
300
300
300
300
300
300
300
300
300
300
300
306.256
300
300
300
300
300
300
300
300
300
314.628
300
300
300
300
300
300
300
300
300
300
300
300
)
;
    }
    top
    {
        type            inletOutlet;
        inletValue      uniform 300;
        value           nonuniform List<scalar> 
100
(
300
300
300
300
300
300
300
300
300
300
300
300
300
300.931
301.025
301.098
301.127
301.132
301.127
301.126
301.131
301.161
301.191
301.226
301.278
301.323
301.355
301.373
301.391
301.528
302.293
304.081
306.053
307.374
307.56
307.037
306.248
305.528
304.783
303.866
302.71
301.733
301.418
301.38
301.389
301.407
301.425
301.442
301.457
301.471
301.481
301.491
301.5
301.505
301.51
301.507
301.506
301.497
301.488
301.474
301.458
301.438
301.418
301.399
301.374
301.358
301.331
301.322
301.313
301.299
301.285
301.263
301.236
301.185
301.118
300.971
300
300
300
300
300
300
300
300
300
300
300
300.258
300.326
300.416
300.515
300.599
300.677
300.73
300.742
300.712
300.644
300.537
300.382
300
)
;
    }
    sides
    {
        type            inletOutlet;
        inletValue      uniform 300;
        value           uniform 300;
    }
    front
    {
        type            empty;
    }
    back
    {
        type            empty;
    }
    roller
    {
        type            fixedValue;
        value           uniform 300;
    }
    burner
    {
        type            fixedValue;
        value           uniform 1044.99;
    }
}


// ************************************************************************* //
