/*--------------------------------*- C++ -*----------------------------------*\
  =========                 |
  \\      /  F ield         | OpenFOAM: The Open Source CFD Toolbox
   \\    /   O peration     | Website:  https://openfoam.org
    \\  /    A nd           | Version:  dev
     \\/     M anipulation  |
\*---------------------------------------------------------------------------*/
FoamFile
{
    version     2.0;
    format      ascii;
    class       volScalarField;
    location    "2500";
    object      N2;
}
// * * * * * * * * * * * * * * * * * * * * * * * * * * * * * * * * * * * * * //

dimensions      [0 0 0 0 0 0 0];

internalField   nonuniform List<scalar> 
9851
(
0.76699
0.76699
0.76699
0.76699
0.76699
0.76699
0.76699
0.76699
0.76699
0.76699
0.76699
0.76699
0.76699
0.76699
0.76699
0.76699
0.76699
0.76699
0.76699
0.76699
0.76699
0.76699
0.76699
0.76699
0.76699
0.76699
0.76699
0.76699
0.76699
0.76699
0.76699
0.76699
0.76699
0.76699
0.76699
0.76699
0.76699
0.76699
0.76699
0.76699
0.76699
0.76699
0.76699
0.76699
0.76699
0.76699
0.76699
0.76699
0.76699
0.76699
0.76699
0.76699
0.76699
0.76699
0.76699
0.76699
0.76699
0.76699
0.76699
0.76699
0.76699
0.76699
0.76699
0.76699
0.76699
0.76699
0.76699
0.76699
0.76699
0.76699
0.76699
0.76699
0.76699
0.76699
0.76699
0.76699
0.76699
0.76699
0.76699
0.76699
0.76699
0.76699
0.76699
0.76699
0.76699
0.76699
0.76699
0.76699
0.76699
0.76699
0.76699
0.76699
0.76699
0.76699
0.76699
0.76699
0.76699
0.76699
0.76699
0.76699
0.76699
0.76699
0.76699
0.76699
0.76699
0.76699
0.76699
0.76699
0.76699
0.76699
0.76699
0.76699
0.76699
0.76699
0.76699
0.76699
0.76699
0.76699
0.76699
0.76699
0.76699
0.76699
0.76699
0.76699
0.76699
0.76699
0.76699
0.76699
0.76699
0.76699
0.76699
0.76699
0.76699
0.76699
0.76699
0.76699
0.76699
0.76699
0.76699
0.76699
0.76699
0.76699
0.76699
0.76699
0.76699
0.76699
0.76699
0.76699
0.76699
0.76699
0.76699
0.76699
0.76699
0.76699
0.76699
0.76699
0.76699
0.76699
0.76699
0.76699
0.76699
0.76699
0.76699
0.76699
0.76699
0.76699
0.76699
0.76699
0.76699
0.76699
0.76699
0.76699
0.76699
0.76699
0.76699
0.76699
0.76699
0.76699
0.76699
0.76699
0.76699
0.76699
0.76699
0.76699
0.76699
0.76699
0.76699
0.76699
0.76699
0.76699
0.76699
0.76699
0.76699
0.76699
0.76699
0.76699
0.76699
0.76699
0.76699
0.76699
0.76699
0.76699
0.76699
0.76699
0.76699
0.76699
0.76699
0.76699
0.76699
0.76699
0.76699
0.76699
0.76699
0.76699
0.76699
0.76699
0.76699
0.76699
0.76699
0.76699
0.76699
0.76699
0.76699
0.76699
0.76699
0.76699
0.76699
0.76699
0.76699
0.76699
0.76699
0.76699
0.76699
0.76699
0.76699
0.76699
0.76699
0.76699
0.76699
0.76699
0.76699
0.76699
0.76699
0.76699
0.76699
0.76699
0.76699
0.76699
0.76699
0.76699
0.76699
0.76699
0.76699
0.76699
0.76699
0.76699
0.76699
0.76699
0.76699
0.76699
0.76699
0.76699
0.76699
0.76699
0.76699
0.76699
0.76699
0.76699
0.76699
0.76699
0.76699
0.76699
0.76699
0.76699
0.76699
0.76699
0.76699
0.76699
0.76699
0.76699
0.76699
0.76699
0.76699
0.76699
0.76699
0.76699
0.76699
0.76699
0.76699
0.76699
0.76699
0.76699
0.76699
0.76699
0.76699
0.76699
0.76699
0.76699
0.76699
0.76699
0.76699
0.76699
0.76699
0.76699
0.76699
0.76699
0.76699
0.76699
0.76699
0.76699
0.76699
0.76699
0.76699
0.76699
0.76699
0.76699
0.76699
0.76699
0.76699
0.76699
0.76699
0.76699
0.76699
0.76699
0.76699
0.76699
0.76699
0.76699
0.76699
0.76699
0.76699
0.76699
0.76699
0.76699
0.76699
0.76699
0.76699
0.76699
0.76699
0.76699
0.76699
0.76699
0.76699
0.76699
0.76699
0.76699
0.76699
0.76699
0.76699
0.76699
0.76699
0.76699
0.76699
0.76699
0.76699
0.76699
0.76699
0.76699
0.76699
0.76699
0.76699
0.76699
0.76699
0.76699
0.76699
0.76699
0.76699
0.76699
0.76699
0.76699
0.76699
0.76699
0.76699
0.76699
0.76699
0.76699
0.76699
0.76699
0.76699
0.76699
0.76699
0.76699
0.76699
0.76699
0.76699
0.76699
0.76699
0.76699
0.76699
0.76699
0.76699
0.76699
0.76699
0.76699
0.76699
0.76699
0.76699
0.76699
0.76699
0.76699
0.76699
0.76699
0.76699
0.76699
0.76699
0.76699
0.76699
0.76699
0.76699
0.76699
0.76699
0.76699
0.76699
0.76699
0.76699
0.76699
0.76699
0.76699
0.76699
0.76699
0.76699
0.76699
0.76699
0.76699
0.76699
0.76699
0.76699
0.76699
0.76699
0.76699
0.76699
0.76699
0.76699
0.76699
0.76699
0.76699
0.76699
0.76699
0.76699
0.76699
0.76699
0.76699
0.76699
0.76699
0.76699
0.76699
0.76699
0.76699
0.76699
0.76699
0.76699
0.76699
0.76699
0.76699
0.76699
0.76699
0.76699
0.76699
0.76699
0.76699
0.76699
0.76699
0.76699
0.76699
0.76699
0.76699
0.76699
0.76699
0.76699
0.76699
0.76699
0.76699
0.76699
0.76699
0.76699
0.76699
0.76699
0.76699
0.76699
0.76699
0.76699
0.76699
0.76699
0.76699
0.76699
0.76699
0.76699
0.76699
0.76699
0.76699
0.76699
0.76699
0.76699
0.76699
0.76699
0.76699
0.76699
0.76699
0.76699
0.76699
0.76699
0.76699
0.76699
0.76699
0.76699
0.76699
0.76699
0.76699
0.76699
0.76699
0.76699
0.76699
0.76699
0.76699
0.76699
0.76699
0.76699
0.76699
0.76699
0.76699
0.76699
0.76699
0.76699
0.76699
0.76699
0.76699
0.76699
0.76699
0.76699
0.76699
0.76699
0.76699
0.76699
0.76699
0.76699
0.76699
0.76699
0.76699
0.76699
0.76699
0.76699
0.76699
0.76699
0.76699
0.76699
0.76699
0.76699
0.76699
0.76699
0.76699
0.76699
0.76699
0.76699
0.76699
0.76699
0.76699
0.76699
0.76699
0.76699
0.76699
0.76699
0.76699
0.76699
0.76699
0.76699
0.76699
0.76699
0.76699
0.76699
0.76699
0.76699
0.76699
0.76699
0.76699
0.76699
0.76699
0.76699
0.76699
0.76699
0.76699
0.76699
0.76699
0.76699
0.76699
0.76699
0.76699
0.76699
0.76699
0.76699
0.76699
0.76699
0.76699
0.76699
0.76699
0.76699
0.76699
0.76699
0.76699
0.76699
0.76699
0.76699
0.76699
0.76699
0.76699
0.76699
0.76699
0.76699
0.76699
0.76699
0.76699
0.76699
0.76699
0.76699
0.76699
0.76699
0.76699
0.76699
0.76699
0.76699
0.76699
0.76699
0.76699
0.76699
0.76699
0.76699
0.76699
0.76699
0.76699
0.76699
0.76699
0.76699
0.76699
0.76699
0.76699
0.76699
0.76699
0.76699
0.76699
0.76699
0.76699
0.76699
0.76699
0.76699
0.76699
0.76699
0.76699
0.76699
0.76699
0.76699
0.76699
0.76699
0.76699
0.76699
0.76699
0.76699
0.76699
0.76699
0.76699
0.76699
0.76699
0.76699
0.76699
0.76699
0.76699
0.76699
0.76699
0.76699
0.76699
0.76699
0.76699
0.76699
0.76699
0.76699
0.76699
0.76699
0.76699
0.76699
0.76699
0.76699
0.76699
0.76699
0.76699
0.76699
0.76699
0.76699
0.76699
0.76699
0.76699
0.76699
0.76699
0.76699
0.76699
0.76699
0.76699
0.76699
0.76699
0.76699
0.76699
0.76699
0.76699
0.76699
0.76699
0.76699
0.76699
0.76699
0.76699
0.76699
0.76699
0.76699
0.76699
0.76699
0.76699
0.76699
0.76699
0.76699
0.76699
0.76699
0.76699
0.76699
0.76699
0.76699
0.76699
0.76699
0.76699
0.76699
0.76699
0.76699
0.76699
0.76699
0.76699
0.76699
0.76699
0.76699
0.76699
0.76699
0.76699
0.76699
0.76699
0.76699
0.76699
0.76699
0.76699
0.76699
0.76699
0.76699
0.76699
0.76699
0.76699
0.76699
0.76699
0.76699
0.76699
0.76699
0.76699
0.76699
0.76699
0.76699
0.76699
0.76699
0.76699
0.76699
0.76699
0.76699
0.76699
0.76699
0.76699
0.76699
0.76699
0.76699
0.76699
0.76699
0.76699
0.76699
0.76699
0.76699
0.76699
0.76699
0.76699
0.76699
0.76699
0.76699
0.76699
0.76699
0.76699
0.76699
0.76699
0.76699
0.76699
0.76699
0.76699
0.76699
0.76699
0.76699
0.76699
0.76699
0.76699
0.76699
0.76699
0.76699
0.76699
0.76699
0.76699
0.76699
0.76699
0.76699
0.76699
0.76699
0.76699
0.76699
0.76699
0.76699
0.76699
0.76699
0.76699
0.76699
0.76699
0.76699
0.76699
0.76699
0.76699
0.76699
0.76699
0.76699
0.76699
0.76699
0.76699
0.76699
0.76699
0.76699
0.76699
0.76699
0.76699
0.76699
0.76699
0.76699
0.76699
0.76699
0.76699
0.76699
0.76699
0.76699
0.76699
0.76699
0.76699
0.76699
0.76699
0.76699
0.76699
0.76699
0.76699
0.76699
0.76699
0.76699
0.76699
0.76699
0.76699
0.76699
0.76699
0.76699
0.76699
0.76699
0.76699
0.76699
0.76699
0.76699
0.76699
0.76699
0.76699
0.76699
0.76699
0.76699
0.76699
0.76699
0.76699
0.76699
0.76699
0.76699
0.76699
0.76699
0.76699
0.76699
0.76699
0.76699
0.76699
0.76699
0.76699
0.76699
0.76699
0.76699
0.76699
0.76699
0.76699
0.76699
0.76699
0.76699
0.76699
0.76699
0.76699
0.76699
0.76699
0.76699
0.76699
0.76699
0.76699
0.76699
0.76699
0.76699
0.76699
0.76699
0.76699
0.76699
0.76699
0.76699
0.76699
0.76699
0.76699
0.76699
0.76699
0.76699
0.76699
0.76699
0.76699
0.76699
0.76699
0.76699
0.76699
0.76699
0.76699
0.76699
0.76699
0.76699
0.76699
0.76699
0.76699
0.76699
0.76699
0.76699
0.76699
0.76699
0.76699
0.76699
0.76699
0.76699
0.76699
0.76699
0.76699
0.76699
0.76699
0.76699
0.76699
0.76699
0.76699
0.76699
0.76699
0.76699
0.76699
0.76699
0.76699
0.76699
0.76699
0.76699
0.76699
0.76699
0.76699
0.76699
0.76699
0.76699
0.76699
0.76699
0.76699
0.76699
0.76699
0.76699
0.76699
0.76699
0.76699
0.76699
0.76699
0.76699
0.76699
0.76699
0.76699
0.76699
0.76699
0.76699
0.76699
0.76699
0.76699
0.76699
0.76699
0.76699
0.76699
0.76699
0.766989
0.76699
0.766989
0.76699
0.766989
0.76699
0.766989
0.76699
0.76699
0.76699
0.76699
0.76699
0.76699
0.76699
0.76699
0.76699
0.76699
0.76699
0.76699
0.76699
0.76699
0.76699
0.76699
0.76699
0.76699
0.76699
0.76699
0.76699
0.76699
0.76699
0.76699
0.76699
0.76699
0.76699
0.76699
0.76699
0.76699
0.76699
0.766989
0.766989
0.766988
0.766987
0.766987
0.766988
0.766989
0.766989
0.76699
0.76699
0.76699
0.76699
0.76699
0.76699
0.766989
0.766989
0.766988
0.766988
0.766985
0.766987
0.766983
0.766987
0.766983
0.766988
0.766985
0.766989
0.766987
0.766989
0.76699
0.766989
0.766989
0.76699
0.76699
0.76699
0.76699
0.76699
0.76699
0.76699
0.76699
0.76699
0.76699
0.76699
0.76699
0.76699
0.76699
0.76699
0.76699
0.76699
0.76699
0.76699
0.76699
0.76699
0.76699
0.76699
0.76699
0.766989
0.766988
0.766984
0.766978
0.766973
0.766973
0.766977
0.766982
0.766986
0.766988
0.766989
0.76699
0.76699
0.76699
0.766989
0.766988
0.766986
0.766984
0.766981
0.766975
0.766975
0.766962
0.766972
0.766952
0.766974
0.766951
0.76698
0.766961
0.766986
0.766975
0.766986
0.76699
0.766986
0.766987
0.76699
0.76699
0.76699
0.76699
0.76699
0.76699
0.76699
0.76699
0.76699
0.76699
0.76699
0.76699
0.76699
0.76699
0.76699
0.76699
0.76699
0.76699
0.76699
0.76699
0.76699
0.76699
0.76699
0.76699
0.766988
0.766984
0.766971
0.766948
0.766922
0.76691
0.766923
0.766946
0.766967
0.76698
0.766985
0.766988
0.766988
0.766988
0.766987
0.766982
0.766978
0.766967
0.766957
0.766944
0.76692
0.766919
0.766875
0.766906
0.766839
0.766915
0.766831
0.766943
0.766866
0.766971
0.766924
0.766969
0.766988
0.76697
0.766974
0.76699
0.766989
0.76699
0.76699
0.76699
0.76699
0.76699
0.76699
0.76699
0.76699
0.76699
0.76699
0.76699
0.76699
0.76699
0.76699
0.76699
0.76699
0.76699
0.76699
0.76699
0.76699
0.76699
0.766989
0.766987
0.766978
0.76695
0.766897
0.766836
0.766791
0.766786
0.766828
0.766895
0.766944
0.76697
0.766981
0.766983
0.766966
0.766957
0.766975
0.76697
0.766945
0.766931
0.766891
0.766859
0.766823
0.766764
0.766758
0.766668
0.76672
0.766598
0.766732
0.766574
0.76681
0.766623
0.766909
0.76676
0.766904
0.766981
0.766912
0.766932
0.76699
0.766986
0.76699
0.76699
0.76699
0.76699
0.76699
0.76699
0.76699
0.76699
0.76699
0.76699
0.76699
0.76699
0.76699
0.76699
0.76699
0.76699
0.76699
0.76699
0.76699
0.76699
0.76699
0.766989
0.766986
0.766971
0.766927
0.766846
0.766748
0.766672
0.766632
0.766646
0.766721
0.76684
0.766921
0.766959
0.766969
0.766947
0.766929
0.766875
0.766845
0.766915
0.766895
0.766825
0.766786
0.766704
0.766645
0.76658
0.766495
0.766475
0.76636
0.766414
0.766264
0.766421
0.766228
0.766521
0.766279
0.766727
0.76644
0.766723
0.766956
0.766753
0.766812
0.766988
0.766975
0.76699
0.76699
0.76699
0.76699
0.76699
0.76699
0.76699
0.76699
0.76699
0.76699
0.76699
0.76699
0.76699
0.76699
0.76699
0.76699
0.76699
0.76699
0.76699
0.76699
0.76699
0.766989
0.766986
0.766965
0.766905
0.766796
0.766675
0.766568
0.766496
0.766465
0.766502
0.766625
0.766796
0.766901
0.766926
0.76689
0.766888
0.766816
0.766771
0.766665
0.766619
0.766747
0.766706
0.766588
0.766532
0.766417
0.766347
0.766259
0.766168
0.76613
0.766014
0.766054
0.765904
0.766056
0.76586
0.76616
0.765907
0.766392
0.766074
0.766388
0.766885
0.766448
0.766575
0.766985
0.766944
0.76699
0.766989
0.76699
0.76699
0.76699
0.76699
0.76699
0.76699
0.76699
0.76699
0.76699
0.76699
0.76699
0.76699
0.76699
0.76699
0.76699
0.76699
0.76699
0.76699
0.76699
0.766989
0.766985
0.766962
0.766888
0.766758
0.766609
0.766491
0.7664
0.766333
0.766309
0.766376
0.766555
0.766764
0.76684
0.766686
0.766735
0.766646
0.766574
0.766524
0.766381
0.766331
0.766479
0.766429
0.766284
0.766225
0.76609
0.766023
0.765917
0.765835
0.765777
0.765674
0.765696
0.76556
0.765693
0.765512
0.765793
0.765554
0.766029
0.765718
0.766036
0.766733
0.766105
0.766249
0.766976
0.766867
0.76699
0.766987
0.76699
0.76699
0.76699
0.76699
0.76699
0.76699
0.76699
0.76699
0.76699
0.76699
0.76699
0.76699
0.76699
0.76699
0.76699
0.76699
0.76699
0.76699
0.766989
0.766986
0.766961
0.766879
0.76673
0.766568
0.76645
0.766363
0.766285
0.766214
0.766191
0.766293
0.766517
0.76668
0.766575
0.766362
0.766293
0.766475
0.766416
0.766283
0.766233
0.766077
0.766032
0.766171
0.766123
0.765965
0.765914
0.765768
0.765714
0.765594
0.765531
0.765455
0.765378
0.765378
0.765291
0.76537
0.765267
0.765456
0.76528
0.765685
0.765403
0.765703
0.766474
0.765782
0.765933
0.766953
0.766727
0.76699
0.766984
0.76699
0.76699
0.76699
0.76699
0.76699
0.76699
0.76699
0.76699
0.76699
0.76699
0.76699
0.76699
0.76699
0.76699
0.76699
0.76699
0.76699
0.76699
0.766986
0.766962
0.766877
0.766715
0.766554
0.76646
0.766383
0.7663
0.766212
0.766131
0.766108
0.76624
0.766433
0.766401
0.766228
0.766172
0.766071
0.766019
0.766181
0.766128
0.765989
0.765944
0.765794
0.765766
0.765868
0.765831
0.765669
0.765634
0.765483
0.765448
0.765322
0.765282
0.765237
0.765199
0.765216
0.765187
0.765212
0.765191
0.765225
0.765181
0.765383
0.765189
0.765412
0.766173
0.76549
0.765599
0.765853
0.766904
0.766509
0.76699
0.766978
0.76699
0.76699
0.76699
0.76699
0.76699
0.76699
0.76699
0.76699
0.76699
0.76699
0.76699
0.76699
0.76699
0.76699
0.76699
0.76699
0.76699
0.766987
0.766964
0.766879
0.766714
0.76656
0.766487
0.766437
0.766375
0.766275
0.76615
0.766055
0.766036
0.766154
0.766172
0.765987
0.765982
0.765936
0.765855
0.765858
0.765903
0.765868
0.765735
0.765717
0.765568
0.765563
0.765605
0.765586
0.765422
0.765406
0.765254
0.765239
0.765171
0.765151
0.765168
0.765148
0.765183
0.765177
0.765187
0.765214
0.765152
0.765195
0.765171
0.765134
0.765135
0.765315
0.765183
0.765702
0.766113
0.765811
0.76541
0.765232
0.76521
0.765469
0.766836
0.765968
0.766146
0.766484
0.76699
0.766981
0.76699
0.76699
0.76699
0.76699
0.76699
0.76699
0.76699
0.76699
0.76699
0.76699
0.76699
0.76699
0.76699
0.76699
0.76699
0.76699
0.766988
0.766968
0.766884
0.766718
0.766573
0.766515
0.766494
0.766505
0.766478
0.7663
0.766089
0.765979
0.765951
0.765955
0.765923
0.765887
0.765896
0.765866
0.765877
0.765779
0.765815
0.765723
0.765742
0.765575
0.765609
0.765416
0.765454
0.765396
0.7654
0.765234
0.765239
0.76514
0.765139
0.765129
0.765113
0.765167
0.765146
0.765245
0.765238
0.765287
0.765307
0.765326
0.765163
0.765227
0.765358
0.765292
0.765125
0.765121
0.76511
0.765157
0.765116
0.76556
0.765679
0.765283
0.765147
0.765125
0.765345
0.766372
0.766862
0.766611
0.76583
0.766018
0.76699
0.766837
0.766956
0.766986
0.76699
0.76699
0.76699
0.76699
0.76699
0.76699
0.76699
0.76699
0.76699
0.76699
0.76699
0.76699
0.76699
0.76699
0.76699
0.766989
0.766973
0.766897
0.76673
0.766591
0.766542
0.766546
0.766621
0.766691
0.766599
0.766298
0.766017
0.765902
0.765858
0.765856
0.765895
0.765908
0.76594
0.76585
0.765883
0.765783
0.765853
0.765662
0.765719
0.765518
0.765589
0.765355
0.76543
0.765256
0.765293
0.765145
0.765165
0.765105
0.765108
0.765121
0.7651
0.765199
0.765147
0.765318
0.765292
0.765262
0.76522
0.765391
0.765397
0.765363
0.765352
0.765227
0.765311
0.765426
0.765384
0.765145
0.765095
0.765126
0.765222
0.765084
0.765432
0.765547
0.765182
0.76508
0.765085
0.765236
0.766248
0.766521
0.765696
0.765886
0.766985
0.76699
0.76699
0.766792
0.76694
0.76699
0.76699
0.76699
0.76699
0.76699
0.76699
0.76699
0.76699
0.76699
0.76699
0.76699
0.76699
0.76699
0.76699
0.766989
0.766979
0.766914
0.766753
0.766611
0.766567
0.766592
0.766711
0.766825
0.7668
0.766628
0.766269
0.765966
0.765862
0.765835
0.765892
0.766064
0.766054
0.766025
0.766051
0.765922
0.765981
0.765881
0.765986
0.765674
0.765774
0.765521
0.765634
0.765351
0.765457
0.765209
0.76527
0.76512
0.765151
0.765086
0.765088
0.765093
0.765047
0.765175
0.765121
0.765072
0.765017
0.765321
0.765275
0.765216
0.76515
0.765427
0.765397
0.765378
0.765334
0.765318
0.765404
0.76545
0.76545
0.765208
0.765105
0.765184
0.765314
0.765084
0.765314
0.765421
0.765106
0.765067
0.765058
0.765145
0.766124
0.766413
0.765564
0.765752
0.766982
0.76699
0.766989
0.766721
0.766908
0.76699
0.76699
0.76699
0.76699
0.76699
0.76699
0.76699
0.76699
0.76699
0.76699
0.76699
0.76699
0.76699
0.76699
0.766983
0.766932
0.766781
0.766633
0.76659
0.76663
0.766775
0.766893
0.766904
0.766833
0.76663
0.766258
0.765955
0.76587
0.765918
0.766176
0.766245
0.766275
0.766204
0.766231
0.766079
0.766153
0.766042
0.766172
0.765764
0.765903
0.765586
0.765733
0.765391
0.765516
0.765208
0.765288
0.765106
0.765147
0.765006
0.764996
0.76497
0.76492
0.764881
0.764844
0.765081
0.765009
0.764937
0.764867
0.765269
0.765192
0.765108
0.765017
0.765409
0.765335
0.76533
0.765252
0.765415
0.765468
0.765416
0.765467
0.765299
0.765153
0.765271
0.765415
0.765118
0.765208
0.765303
0.765059
0.765084
0.765055
0.765078
0.765992
0.76629
0.765435
0.765614
0.766975
0.76699
0.766989
0.766619
0.766857
0.76699
0.766989
0.76699
0.76699
0.76699
0.76699
0.76699
0.76699
0.76699
0.76699
0.76699
0.76699
0.76699
0.766986
0.766949
0.766814
0.766656
0.76661
0.76666
0.766819
0.766928
0.766951
0.76693
0.766843
0.766632
0.766308
0.766058
0.766046
0.766285
0.766522
0.766571
0.76647
0.766491
0.76642
0.766452
0.766282
0.766365
0.766216
0.76636
0.765893
0.766057
0.765658
0.765814
0.765405
0.765534
0.76521
0.765297
0.765012
0.76505
0.764727
0.764706
0.7648
0.76474
0.764689
0.764656
0.764924
0.76483
0.764738
0.764653
0.765155
0.76505
0.764938
0.764823
0.765323
0.765228
0.765203
0.765111
0.765478
0.76548
0.765317
0.765424
0.765402
0.765233
0.765374
0.76548
0.765184
0.765119
0.765194
0.765039
0.765133
0.765083
0.765037
0.765849
0.766144
0.765309
0.765471
0.766963
0.76699
0.766986
0.766479
0.766785
0.766988
0.766988
0.766989
0.76699
0.76699
0.76699
0.76699
0.76699
0.76699
0.76699
0.76699
0.76699
0.766988
0.766965
0.76685
0.766681
0.766628
0.76668
0.766845
0.766945
0.766971
0.766968
0.766938
0.766849
0.76668
0.766493
0.766429
0.7666
0.766823
0.766799
0.766856
0.766725
0.766758
0.766648
0.766693
0.766484
0.766581
0.766299
0.766446
0.765977
0.766141
0.765678
0.765833
0.765322
0.765453
0.765117
0.765209
0.764729
0.764771
0.764409
0.764406
0.76446
0.764426
0.764576
0.764512
0.764461
0.764426
0.764709
0.764599
0.764498
0.76441
0.764984
0.764852
0.764717
0.764586
0.76518
0.765066
0.765023
0.764918
0.765489
0.765432
0.765165
0.765317
0.765472
0.765332
0.765455
0.765492
0.765274
0.765054
0.765101
0.765042
0.765209
0.765139
0.765017
0.765686
0.76596
0.765188
0.76532
0.766934
0.766983
0.766962
0.766282
0.766637
0.766984
0.766985
0.766988
0.766989
0.76699
0.76699
0.76699
0.76699
0.76699
0.76699
0.76699
0.766989
0.766976
0.766886
0.766712
0.766645
0.766691
0.766857
0.766953
0.766979
0.766982
0.766974
0.766944
0.766878
0.7668
0.766777
0.766839
0.766927
0.766964
0.766974
0.766931
0.766954
0.766876
0.766906
0.766774
0.766835
0.766577
0.766688
0.766316
0.766465
0.765994
0.766157
0.765598
0.765754
0.76507
0.765213
0.764845
0.764947
0.764491
0.764542
0.76459
0.764295
0.764335
0.76443
0.764381
0.764341
0.76429
0.764263
0.764267
0.764462
0.764353
0.764262
0.764195
0.764765
0.764614
0.76447
0.764339
0.764988
0.764855
0.764801
0.764685
0.765443
0.765324
0.764965
0.765159
0.76549
0.765422
0.765479
0.765455
0.765369
0.765012
0.765028
0.765072
0.765299
0.765213
0.765019
0.765505
0.765737
0.765077
0.765171
0.766823
0.76683
0.766787
0.76601
0.766319
0.766974
0.766979
0.766985
0.766989
0.76699
0.76699
0.76699
0.76699
0.76699
0.76699
0.76699
0.766983
0.76692
0.766751
0.766662
0.766698
0.766857
0.766955
0.766981
0.766986
0.766985
0.766977
0.766957
0.766936
0.766929
0.766946
0.766972
0.766986
0.766983
0.766987
0.766966
0.766977
0.766922
0.766949
0.76681
0.766878
0.7666
0.766716
0.766263
0.766432
0.765918
0.76609
0.765373
0.765545
0.764836
0.764949
0.764663
0.764751
0.764477
0.764523
0.76466
0.764693
0.764283
0.764351
0.764502
0.764429
0.764157
0.764156
0.76418
0.764228
0.764228
0.764141
0.764085
0.764069
0.76452
0.764368
0.764235
0.764128
0.76476
0.764615
0.764559
0.764439
0.765342
0.765167
0.764733
0.764955
0.765466
0.76546
0.765466
0.765367
0.765428
0.764984
0.764975
0.765127
0.765375
0.765294
0.765043
0.765313
0.765487
0.764989
0.765039
0.766466
0.766106
0.766031
0.765657
0.76576
0.766955
0.766971
0.766983
0.766988
0.766989
0.76699
0.76699
0.76699
0.76699
0.76699
0.766986
0.766948
0.766798
0.766679
0.766699
0.766853
0.766953
0.766981
0.766987
0.766988
0.766987
0.766982
0.766978
0.766976
0.76698
0.766986
0.766989
0.766989
0.76699
0.766986
0.766988
0.766974
0.766982
0.766932
0.766959
0.766814
0.766886
0.766585
0.766715
0.766146
0.76635
0.765734
0.765936
0.765091
0.765272
0.76482
0.764888
0.764711
0.76473
0.764787
0.764569
0.764621
0.764854
0.764867
0.764356
0.764471
0.764688
0.764586
0.764082
0.764121
0.764176
0.764253
0.76405
0.764012
0.764008
0.764026
0.764282
0.76415
0.764049
0.763982
0.764517
0.764373
0.764321
0.764212
0.765189
0.764964
0.76449
0.764723
0.765395
0.765458
0.765418
0.765226
0.765438
0.764976
0.764936
0.765193
0.765406
0.765349
0.765085
0.765128
0.765231
0.764923
0.764934
0.765677
0.766012
0.765387
0.765289
0.765246
0.766932
0.766965
0.766982
0.766988
0.766989
0.76699
0.76699
0.76699
0.76699
0.766988
0.766968
0.76685
0.7667
0.766697
0.766841
0.766947
0.766979
0.766987
0.766988
0.766989
0.766988
0.766988
0.766987
0.766988
0.766989
0.76699
0.76699
0.766989
0.76699
0.766987
0.766989
0.766977
0.766984
0.766936
0.766963
0.766809
0.766888
0.766536
0.766692
0.766003
0.76626
0.765491
0.765741
0.764982
0.765117
0.764993
0.764981
0.765035
0.764867
0.764859
0.765011
0.765035
0.764769
0.764824
0.765091
0.765091
0.764495
0.764648
0.764923
0.764796
0.764072
0.764136
0.764232
0.764353
0.763958
0.763959
0.763984
0.764027
0.764082
0.763988
0.763932
0.763917
0.764283
0.764156
0.764113
0.764029
0.764992
0.764733
0.764258
0.764481
0.765272
0.76543
0.765321
0.76504
0.765423
0.764985
0.76491
0.765255
0.7654
0.765364
0.76513
0.764971
0.765014
0.764871
0.764854
0.76513
0.766758
0.765554
0.765017
0.76495
0.766911
0.766962
0.766982
0.766988
0.76699
0.76699
0.76699
0.76699
0.766989
0.766979
0.766899
0.766733
0.766695
0.766817
0.766932
0.766973
0.766985
0.766988
0.766989
0.766989
0.766989
0.766989
0.766989
0.76699
0.76699
0.76699
0.76699
0.76699
0.766989
0.76699
0.766987
0.766989
0.766978
0.766984
0.766937
0.766964
0.766802
0.766887
0.766487
0.76667
0.76581
0.766101
0.765297
0.765532
0.765057
0.765138
0.765169
0.765126
0.765318
0.765285
0.765079
0.765058
0.765209
0.765248
0.765017
0.765072
0.765331
0.765329
0.764632
0.764821
0.765152
0.765002
0.764092
0.764188
0.76431
0.764458
0.763921
0.763946
0.763989
0.764053
0.763939
0.763894
0.763884
0.763889
0.76408
0.763986
0.763951
0.763901
0.764766
0.764491
0.764055
0.764247
0.765104
0.76536
0.765176
0.764824
0.765384
0.765005
0.7649
0.765292
0.765381
0.76535
0.765169
0.764851
0.764847
0.76483
0.764789
0.764981
0.76682
0.76549
0.764826
0.764791
0.766897
0.766963
0.766983
0.766988
0.76699
0.76699
0.76699
0.76699
0.766985
0.766937
0.766781
0.766697
0.766788
0.766909
0.766958
0.766979
0.766987
0.766989
0.76699
0.76699
0.76699
0.76699
0.76699
0.76699
0.76699
0.76699
0.76699
0.76699
0.766989
0.76699
0.766987
0.766989
0.766975
0.766983
0.766923
0.766957
0.766752
0.766859
0.766369
0.766589
0.765676
0.765917
0.765272
0.765454
0.76527
0.765269
0.765374
0.765405
0.76536
0.765566
0.765518
0.765312
0.765283
0.765451
0.765492
0.765262
0.765316
0.765558
0.765561
0.764752
0.764961
0.765344
0.765166
0.764142
0.764255
0.764394
0.76456
0.763914
0.763954
0.764016
0.764097
0.763864
0.763856
0.763861
0.763885
0.763919
0.763869
0.763841
0.763838
0.764526
0.764255
0.763892
0.764041
0.764901
0.765247
0.765001
0.764587
0.765308
0.765026
0.764897
0.765293
0.765338
0.765325
0.765183
0.764757
0.764724
0.764794
0.764731
0.764861
0.765905
0.764992
0.764687
0.764675
0.766895
0.766966
0.766984
0.766989
0.76699
0.76699
0.76699
0.766987
0.766962
0.766839
0.766708
0.766757
0.766882
0.766935
0.766965
0.766982
0.766988
0.76699
0.76699
0.76699
0.76699
0.76699
0.76699
0.76699
0.76699
0.76699
0.76699
0.76699
0.766989
0.76699
0.766986
0.766988
0.766965
0.766979
0.766875
0.766934
0.766618
0.766773
0.766169
0.766411
0.765698
0.76588
0.765442
0.76555
0.765479
0.765445
0.765719
0.765721
0.765662
0.765615
0.765849
0.765808
0.765551
0.765526
0.765705
0.765739
0.765472
0.765536
0.765754
0.765766
0.764882
0.765107
0.765504
0.765322
0.764201
0.76433
0.764486
0.764671
0.763925
0.763983
0.764058
0.764152
0.763831
0.763836
0.763861
0.763902
0.763819
0.763813
0.763791
0.763807
0.764288
0.764046
0.763801
0.76388
0.764688
0.76511
0.764822
0.764367
0.765209
0.765035
0.764891
0.76527
0.765276
0.765276
0.765165
0.76468
0.764632
0.76477
0.764678
0.764683
0.765493
0.764701
0.764594
0.764572
0.766901
0.76697
0.766986
0.766989
0.76699
0.76699
0.766988
0.766977
0.766895
0.766738
0.766734
0.766849
0.766909
0.766941
0.766969
0.766984
0.766989
0.76699
0.76699
0.76699
0.76699
0.76699
0.76699
0.76699
0.76699
0.76699
0.76699
0.76699
0.76699
0.766989
0.766989
0.766985
0.766988
0.766957
0.766977
0.766832
0.766914
0.766511
0.766696
0.766086
0.766301
0.765946
0.766038
0.765834
0.765875
0.765768
0.765735
0.765949
0.765991
0.76592
0.765888
0.766116
0.766093
0.765768
0.76576
0.765945
0.765962
0.765637
0.765719
0.765923
0.765948
0.765009
0.765252
0.765664
0.765479
0.764268
0.764409
0.76458
0.764781
0.763955
0.764024
0.764109
0.764212
0.763813
0.763842
0.763879
0.76393
0.763772
0.763786
0.763767
0.763792
0.764092
0.763895
0.763761
0.763792
0.764495
0.764967
0.76465
0.764176
0.765104
0.765025
0.764872
0.765215
0.765181
0.765174
0.765101
0.764608
0.764558
0.764732
0.764619
0.764557
0.766621
0.765018
0.764523
0.764493
0.766912
0.766975
0.766987
0.766989
0.76699
0.766989
0.766984
0.766936
0.766788
0.766728
0.766811
0.766882
0.766913
0.766942
0.766973
0.766987
0.766989
0.76699
0.76699
0.76699
0.76699
0.76699
0.76699
0.76699
0.76699
0.76699
0.76699
0.76699
0.76699
0.766989
0.766989
0.766985
0.766988
0.766957
0.766977
0.766827
0.766913
0.76651
0.766689
0.766165
0.766325
0.766313
0.766373
0.766218
0.766213
0.766279
0.766064
0.766028
0.766235
0.766259
0.76615
0.766136
0.766325
0.766314
0.765959
0.765964
0.766158
0.766157
0.765793
0.765872
0.766078
0.766113
0.765125
0.765389
0.765823
0.765631
0.764335
0.764485
0.764665
0.76488
0.763994
0.76407
0.764162
0.764269
0.763822
0.763861
0.76391
0.763968
0.763752
0.763771
0.763752
0.763797
0.763925
0.763803
0.76375
0.763767
0.764283
0.764815
0.76441
0.76397
0.764937
0.76496
0.764803
0.765091
0.764975
0.764944
0.764963
0.764547
0.764488
0.764671
0.764568
0.764541
0.766894
0.765678
0.764459
0.764443
0.766928
0.76698
0.766988
0.76699
0.76699
0.766987
0.766963
0.766849
0.766732
0.766772
0.766853
0.766885
0.76691
0.766948
0.76698
0.766988
0.76699
0.76699
0.76699
0.76699
0.76699
0.76699
0.76699
0.76699
0.76699
0.76699
0.76699
0.76699
0.76699
0.766989
0.76699
0.766986
0.766988
0.766963
0.766979
0.766862
0.766928
0.766632
0.766757
0.766441
0.766522
0.766375
0.766483
0.766294
0.766291
0.766335
0.76629
0.766299
0.76628
0.766306
0.766324
0.766334
0.766333
0.766393
0.766378
0.766138
0.766151
0.766333
0.766327
0.76595
0.766023
0.766222
0.766262
0.765201
0.76548
0.765973
0.765756
0.764396
0.764548
0.76473
0.764949
0.764038
0.764118
0.764211
0.764318
0.763837
0.76389
0.763949
0.76401
0.763745
0.763772
0.763764
0.763809
0.763835
0.763788
0.763736
0.763742
0.764032
0.764514
0.764087
0.76387
0.764595
0.764811
0.764694
0.764878
0.764653
0.764662
0.764773
0.764478
0.764425
0.764593
0.764484
0.764655
0.766909
0.765851
0.764409
0.764436
0.766943
0.766983
0.766989
0.766989
0.766988
0.766977
0.766905
0.766752
0.766748
0.76682
0.766858
0.766876
0.76691
0.766959
0.766984
0.766989
0.76699
0.76699
0.76699
0.76699
0.76699
0.76699
0.76699
0.76699
0.76699
0.76699
0.76699
0.76699
0.76699
0.76699
0.766989
0.76699
0.766987
0.766989
0.766975
0.766983
0.766926
0.766958
0.766803
0.766875
0.766602
0.766713
0.766181
0.76598
0.766141
0.766255
0.766256
0.766259
0.766083
0.766362
0.766344
0.766264
0.766283
0.766413
0.766404
0.766371
0.766351
0.766294
0.766316
0.766417
0.766417
0.766105
0.766168
0.766342
0.766376
0.765223
0.765506
0.766054
0.765805
0.764442
0.764586
0.764758
0.764968
0.764081
0.764159
0.764246
0.764343
0.763861
0.763924
0.763985
0.764049
0.763741
0.763803
0.763767
0.763862
0.763812
0.763774
0.763738
0.763737
0.763928
0.764184
0.764014
0.763864
0.764292
0.764663
0.76458
0.764659
0.764376
0.764443
0.764595
0.764417
0.764374
0.764492
0.76442
0.764782
0.766971
0.766282
0.764372
0.764455
0.766956
0.766986
0.766989
0.766989
0.766984
0.766944
0.766805
0.766744
0.766784
0.766831
0.766846
0.76687
0.766917
0.76697
0.766987
0.76699
0.76699
0.76699
0.76699
0.76699
0.76699
0.76699
0.76699
0.76699
0.76699
0.76699
0.76699
0.76699
0.76699
0.76699
0.76699
0.76699
0.766989
0.766989
0.766983
0.766987
0.766955
0.766974
0.766842
0.766915
0.766523
0.766718
0.765829
0.765573
0.765779
0.765848
0.765581
0.76602
0.766026
0.765712
0.766329
0.766306
0.76603
0.766053
0.766404
0.766389
0.766201
0.766164
0.766398
0.766412
0.766417
0.766421
0.766225
0.766299
0.766387
0.766409
0.765215
0.765494
0.766064
0.765802
0.764456
0.764594
0.76476
0.764955
0.764112
0.764183
0.764259
0.764346
0.763917
0.763977
0.764031
0.76409
0.763784
0.763795
0.763823
0.763835
0.763817
0.763776
0.763768
0.763747
0.763952
0.76412
0.764049
0.763906
0.764228
0.764518
0.764468
0.764482
0.764325
0.764401
0.764471
0.764362
0.764326
0.764421
0.764358
0.764891
0.766962
0.766269
0.764349
0.764483
0.766967
0.766987
0.766989
0.766986
0.766967
0.76687
0.766751
0.766758
0.766803
0.766819
0.76683
0.766869
0.766934
0.76698
0.766989
0.76699
0.76699
0.76699
0.76699
0.76699
0.76699
0.76699
0.76699
0.76699
0.76699
0.76699
0.76699
0.76699
0.76699
0.76699
0.76699
0.76699
0.766989
0.76699
0.766985
0.766988
0.766954
0.766976
0.766755
0.766895
0.766069
0.766486
0.765406
0.765169
0.765365
0.765492
0.765248
0.765647
0.765651
0.765287
0.766126
0.766086
0.765659
0.765689
0.766271
0.766238
0.765877
0.765824
0.766419
0.766423
0.766301
0.766326
0.766265
0.766344
0.766356
0.766361
0.765126
0.765382
0.765985
0.765694
0.764447
0.764572
0.764727
0.764888
0.764142
0.764188
0.764248
0.764315
0.763901
0.76393
0.763982
0.764
0.763781
0.763838
0.763801
0.763866
0.763752
0.763747
0.763764
0.763752
0.763795
0.764149
0.763826
0.76377
0.764245
0.764456
0.764416
0.764425
0.764281
0.764357
0.764419
0.764309
0.764289
0.764354
0.764306
0.764852
0.761313
0.765792
0.764336
0.764472
0.766975
0.766988
0.766987
0.766979
0.766922
0.766777
0.766748
0.766775
0.766795
0.766797
0.766823
0.76688
0.766957
0.766986
0.766989
0.76699
0.76699
0.76699
0.76699
0.76699
0.76699
0.76699
0.76699
0.76699
0.76699
0.76699
0.76699
0.76699
0.76699
0.76699
0.76699
0.76699
0.766989
0.76699
0.766983
0.766988
0.766917
0.766967
0.766482
0.766779
0.765444
0.766008
0.765008
0.764838
0.765027
0.765207
0.764972
0.765226
0.765232
0.764896
0.765777
0.765731
0.765236
0.765262
0.765983
0.765931
0.765448
0.765392
0.766359
0.766344
0.766029
0.766072
0.766225
0.766322
0.766171
0.766172
0.764891
0.765118
0.765693
0.765383
0.764385
0.764491
0.764649
0.764762
0.764033
0.764062
0.764094
0.764156
0.763867
0.763887
0.763923
0.763929
0.76377
0.763832
0.763786
0.763844
0.763731
0.763737
0.763755
0.763746
0.763736
0.76388
0.763748
0.763732
0.763934
0.764415
0.764364
0.764388
0.763975
0.764015
0.764418
0.764262
0.764267
0.764307
0.764255
0.764697
0.739163
0.763938
0.764324
0.764438
0.76698
0.766987
0.766984
0.766955
0.766839
0.766751
0.766752
0.766772
0.766771
0.766781
0.766825
0.766904
0.766975
0.766988
0.76699
0.76699
0.76699
0.76699
0.76699
0.76699
0.76699
0.76699
0.76699
0.76699
0.76699
0.76699
0.76699
0.76699
0.76699
0.76699
0.76699
0.76699
0.76699
0.766989
0.76699
0.766977
0.766987
0.766832
0.766941
0.766117
0.766574
0.765045
0.76498
0.765321
0.765581
0.764687
0.764597
0.76477
0.764785
0.764829
0.764846
0.764585
0.765341
0.765299
0.76483
0.76484
0.765558
0.765505
0.764972
0.764931
0.766148
0.766112
0.76561
0.765665
0.765974
0.766132
0.765759
0.765785
0.764722
0.764814
0.765089
0.76492
0.764189
0.76422
0.764559
0.764665
0.763965
0.763971
0.763999
0.764003
0.763844
0.763852
0.763876
0.76388
0.763764
0.763811
0.763779
0.76382
0.76372
0.763729
0.763751
0.763741
0.763711
0.763768
0.763712
0.763714
0.763794
0.764362
0.764332
0.764044
0.763819
0.763846
0.764328
0.764055
0.764221
0.764244
0.764266
0.76421
0.764545
0.730556
0.760373
0.764307
0.764378
0.766983
0.766985
0.766972
0.7669
0.766767
0.766744
0.76675
0.766751
0.766747
0.766776
0.766842
0.766939
0.766984
0.766989
0.76699
0.76699
0.76699
0.76699
0.76699
0.76699
0.76699
0.76699
0.76699
0.76699
0.76699
0.76699
0.76699
0.76699
0.76699
0.76699
0.76699
0.76699
0.76699
0.766989
0.76699
0.766966
0.766984
0.766723
0.766901
0.765888
0.766366
0.764879
0.765019
0.765198
0.765442
0.764457
0.764452
0.764609
0.764712
0.764497
0.76453
0.764359
0.764892
0.764862
0.764478
0.764471
0.765054
0.765016
0.764513
0.764498
0.765765
0.76572
0.7651
0.765148
0.765376
0.765663
0.765046
0.765184
0.764268
0.764684
0.764708
0.764737
0.764018
0.764015
0.764276
0.764257
0.763896
0.763893
0.7639
0.763893
0.76383
0.763839
0.763854
0.763858
0.763801
0.76381
0.763716
0.763725
0.763703
0.763718
0.7637
0.763708
0.763728
0.764349
0.764279
0.76387
0.76374
0.763756
0.764079
0.763886
0.764185
0.76423
0.764234
0.764175
0.764085
0.720946
0.748392
0.764283
0.764332
0.766984
0.766981
0.766941
0.766813
0.766745
0.766736
0.766733
0.766722
0.766733
0.766783
0.766877
0.76697
0.766988
0.76699
0.76699
0.76699
0.76699
0.76699
0.76699
0.76699
0.76699
0.76699
0.76699
0.76699
0.76699
0.76699
0.76699
0.76699
0.76699
0.76699
0.76699
0.76699
0.76699
0.76699
0.766988
0.766989
0.766956
0.766982
0.766659
0.766871
0.765857
0.76629
0.764861
0.765025
0.765182
0.76557
0.765207
0.765396
0.764316
0.76441
0.764558
0.764709
0.764236
0.764289
0.764208
0.764481
0.764472
0.764196
0.764166
0.764541
0.76453
0.764116
0.764127
0.765208
0.76519
0.764562
0.764579
0.764673
0.764826
0.764349
0.764403
0.764271
0.763982
0.764112
0.764199
0.763887
0.763877
0.764022
0.763998
0.763863
0.763861
0.763861
0.763853
0.763701
0.763706
0.764251
0.764071
0.764254
0.763772
0.763713
0.763723
0.763907
0.763786
0.764163
0.764204
0.76418
0.764147
0.762521
0.718226
0.736603
0.764256
0.764148
0.766982
0.766965
0.766878
0.766758
0.766732
0.766719
0.766704
0.766698
0.766731
0.76681
0.766924
0.766983
0.766989
0.76699
0.76699
0.76699
0.76699
0.76699
0.76699
0.76699
0.76699
0.76699
0.76699
0.76699
0.76699
0.76699
0.76699
0.76699
0.76699
0.76699
0.76699
0.76699
0.76699
0.76699
0.76699
0.766988
0.766989
0.766955
0.766981
0.766665
0.766871
0.765956
0.765623
0.766323
0.76489
0.765095
0.765303
0.765513
0.764266
0.764417
0.764565
0.764772
0.764044
0.764118
0.76413
0.764136
0.764147
0.763983
0.763934
0.764073
0.764097
0.763793
0.763831
0.76453
0.764561
0.764046
0.764021
0.764495
0.764441
0.764202
0.764055
0.763964
0.76382
0.763841
0.764045
0.763915
0.763843
0.763829
0.763864
0.76384
0.76407
0.763917
0.76418
0.764063
0.763734
0.763803
0.763747
0.764125
0.76419
0.764146
0.764116
0.759173
0.716543
0.727488
0.764238
0.763647
0.766976
0.766927
0.766797
0.766735
0.766713
0.76669
0.766674
0.766689
0.766747
0.766856
0.766967
0.766988
0.76699
0.76699
0.76699
0.76699
0.76699
0.76699
0.76699
0.76699
0.76699
0.76699
0.76699
0.76699
0.76699
0.76699
0.76699
0.76699
0.76699
0.76699
0.76699
0.76699
0.76699
0.76699
0.76699
0.766988
0.766989
0.766962
0.766983
0.766731
0.766894
0.766189
0.76586
0.765727
0.766457
0.765001
0.765229
0.765442
0.765647
0.764263
0.764487
0.764641
0.764903
0.763913
0.764011
0.764113
0.763863
0.763895
0.763834
0.763766
0.763742
0.763757
0.763618
0.763637
0.764006
0.764001
0.763753
0.763738
0.763891
0.763811
0.763971
0.763794
0.763764
0.763733
0.763799
0.763764
0.763809
0.763787
0.763928
0.763817
0.76407
0.763935
0.763762
0.764105
0.764169
0.764132
0.764035
0.764079
0.753714
0.715584
0.722777
0.764186
0.762432
0.76696
0.766855
0.766748
0.766713
0.766685
0.766658
0.766655
0.766694
0.766787
0.766918
0.766983
0.766989
0.76699
0.76699
0.76699
0.76699
0.76699
0.76699
0.76699
0.76699
0.76699
0.76699
0.76699
0.76699
0.76699
0.76699
0.76699
0.76699
0.76699
0.76699
0.76699
0.76699
0.76699
0.76699
0.76699
0.76699
0.766989
0.766989
0.766972
0.766985
0.766831
0.766931
0.766013
0.766171
0.766381
0.766476
0.765808
0.766648
0.765167
0.765401
0.765609
0.764312
0.764614
0.764781
0.765093
0.763846
0.76397
0.764127
0.763666
0.763709
0.763744
0.763664
0.763615
0.763613
0.76355
0.763558
0.763843
0.76377
0.763612
0.763627
0.763744
0.763738
0.763697
0.763737
0.763699
0.763709
0.763714
0.763833
0.763779
0.763949
0.763845
0.76409
0.764162
0.764074
0.764025
0.763941
0.764059
0.74755
0.715027
0.719844
0.764016
0.760367
0.766924
0.766777
0.766718
0.766686
0.766651
0.766632
0.766652
0.766724
0.766849
0.766968
0.766988
0.76699
0.76699
0.76699
0.76699
0.76699
0.76699
0.76699
0.76699
0.76699
0.76699
0.76699
0.76699
0.76699
0.76699
0.76699
0.76699
0.76699
0.76699
0.76699
0.76699
0.76699
0.76699
0.76699
0.76699
0.76699
0.76699
0.766989
0.76699
0.766982
0.766988
0.766923
0.766964
0.765982
0.766164
0.766347
0.76654
0.766585
0.765797
0.766834
0.765372
0.765599
0.764412
0.764788
0.764975
0.765321
0.763828
0.763968
0.764196
0.763572
0.763605
0.763713
0.763622
0.763554
0.763551
0.763518
0.763528
0.763788
0.763706
0.763562
0.763597
0.76369
0.763653
0.763671
0.763676
0.76369
0.763792
0.763861
0.763818
0.764076
0.764147
0.764025
0.763941
0.763867
0.764043
0.763991
0.741061
0.714703
0.718022
0.76361
0.757736
0.76686
0.766733
0.766688
0.766651
0.766619
0.766619
0.76667
0.766779
0.766926
0.766984
0.76699
0.76699
0.76699
0.76699
0.76699
0.76699
0.76699
0.76699
0.76699
0.76699
0.76699
0.76699
0.76699
0.76699
0.76699
0.76699
0.76699
0.76699
0.76699
0.76699
0.76699
0.76699
0.76699
0.76699
0.76699
0.76699
0.76699
0.76699
0.76699
0.766987
0.766989
0.766971
0.766982
0.765991
0.766181
0.766349
0.766517
0.766682
0.766722
0.765811
0.766948
0.766816
0.765595
0.764558
0.765
0.765206
0.765563
0.763833
0.763992
0.764309
0.763536
0.763558
0.763707
0.763607
0.76351
0.763514
0.76349
0.763505
0.763622
0.763541
0.763597
0.763679
0.763649
0.763666
0.763673
0.763828
0.76407
0.764117
0.763942
0.763874
0.76384
0.76402
0.763979
0.763936
0.735091
0.714505
0.716807
0.762859
0.754678
0.76679
0.766697
0.766653
0.766615
0.766597
0.766627
0.766716
0.766859
0.766973
0.766989
0.76699
0.76699
0.76699
0.76699
0.76699
0.76699
0.76699
0.76699
0.76699
0.76699
0.76699
0.76699
0.76699
0.76699
0.76699
0.76699
0.76699
0.76699
0.76699
0.76699
0.76699
0.76699
0.76699
0.76699
0.76699
0.76699
0.76699
0.76699
0.76699
0.76699
0.766989
0.76699
0.766985
0.766988
0.766019
0.766218
0.766366
0.766521
0.766668
0.766799
0.765826
0.76698
0.766908
0.766946
0.764745
0.765234
0.765444
0.765805
0.763875
0.764076
0.764464
0.763523
0.763544
0.763717
0.763605
0.763506
0.763489
0.76349
0.7635
0.763639
0.763594
0.763636
0.76366
0.763668
0.764071
0.763991
0.763881
0.763847
0.764001
0.763967
0.763931
0.763883
0.729743
0.714378
0.71599
0.761822
0.751341
0.766734
0.76666
0.766615
0.766585
0.766594
0.766662
0.766791
0.766945
0.766986
0.76699
0.76699
0.76699
0.76699
0.76699
0.76699
0.76699
0.76699
0.76699
0.76699
0.76699
0.76699
0.76699
0.76699
0.76699
0.76699
0.76699
0.76699
0.76699
0.76699
0.76699
0.76699
0.76699
0.76699
0.76699
0.76699
0.76699
0.76699
0.76699
0.76699
0.76699
0.76699
0.76699
0.766989
0.76699
0.766043
0.766233
0.766395
0.766534
0.766672
0.766796
0.766894
0.766988
0.766973
0.766983
0.766947
0.764966
0.765486
0.76569
0.76602
0.763946
0.764186
0.764657
0.763519
0.763541
0.763754
0.763615
0.7635
0.763593
0.763491
0.763504
0.763509
0.76366
0.763637
0.76366
0.763667
0.764063
0.76378
0.763856
0.763996
0.763957
0.763925
0.763884
0.76386
0.725624
0.714301
0.71549
0.760528
0.747959
0.766684
0.766619
0.76658
0.766572
0.766618
0.766729
0.766891
0.766979
0.766989
0.76699
0.76699
0.76699
0.76699
0.76699
0.76699
0.76699
0.76699
0.76699
0.76699
0.76699
0.76699
0.76699
0.76699
0.76699
0.76699
0.76699
0.76699
0.76699
0.76699
0.76699
0.76699
0.76699
0.76699
0.76699
0.76699
0.76699
0.76699
0.76699
0.76699
0.76699
0.76699
0.76699
0.76699
0.76699
0.766217
0.766405
0.766553
0.76668
0.766797
0.766891
0.76699
0.766988
0.766989
0.766974
0.766984
0.76695
0.765216
0.765743
0.765924
0.764044
0.764333
0.764884
0.763529
0.763553
0.763809
0.76365
0.763594
0.763641
0.763505
0.763528
0.763536
0.763669
0.763663
0.76367
0.76405
0.763433
0.763993
0.763949
0.763919
0.763884
0.763863
0.722929
0.714242
0.715113
0.759057
0.744352
0.766635
0.76658
0.766557
0.766584
0.766675
0.766827
0.766964
0.766988
0.76699
0.76699
0.76699
0.76699
0.76699
0.76699
0.76699
0.76699
0.76699
0.76699
0.76699
0.76699
0.76699
0.76699
0.76699
0.76699
0.76699
0.76699
0.76699
0.76699
0.76699
0.76699
0.76699
0.76699
0.76699
0.76699
0.76699
0.76699
0.76699
0.76699
0.76699
0.76699
0.76699
0.76699
0.76699
0.76699
0.766145
0.766395
0.766559
0.766689
0.766801
0.766891
0.76699
0.76699
0.76699
0.766988
0.766989
0.766975
0.766985
0.766951
0.765485
0.765993
0.764165
0.764513
0.765142
0.763555
0.763581
0.763881
0.763688
0.763644
0.763608
0.763667
0.763545
0.763618
0.763572
0.763673
0.763995
0.762943
0.763987
0.763944
0.763913
0.763882
0.763865
0.721235
0.714226
0.71503
0.757508
0.74137
0.766587
0.76655
0.766559
0.76663
0.766768
0.766935
0.766985
0.76699
0.76699
0.76699
0.76699
0.76699
0.76699
0.76699
0.76699
0.76699
0.76699
0.76699
0.76699
0.76699
0.76699
0.76699
0.76699
0.76699
0.76699
0.76699
0.76699
0.76699
0.76699
0.76699
0.76699
0.76699
0.76699
0.76699
0.76699
0.76699
0.76699
0.76699
0.76699
0.76699
0.76699
0.76699
0.76699
0.76699
0.76699
0.766347
0.766553
0.766692
0.766804
0.766891
0.76699
0.76699
0.76699
0.76699
0.76699
0.766988
0.766989
0.766975
0.766985
0.766951
0.76576
0.76623
0.764307
0.764725
0.765421
0.763594
0.763623
0.763959
0.763732
0.763669
0.763651
0.763677
0.763633
0.763656
0.763603
0.763924
0.76241
0.763978
0.763939
0.763908
0.76388
0.763865
0.720298
0.714232
0.715094
0.755878
0.738821
0.766549
0.766543
0.766594
0.766715
0.76689
0.766978
0.766989
0.76699
0.76699
0.76699
0.76699
0.76699
0.76699
0.76699
0.76699
0.76699
0.76699
0.76699
0.76699
0.76699
0.76699
0.76699
0.76699
0.76699
0.76699
0.76699
0.76699
0.76699
0.76699
0.76699
0.76699
0.76699
0.76699
0.76699
0.76699
0.76699
0.76699
0.76699
0.76699
0.76699
0.76699
0.76699
0.76699
0.76699
0.766522
0.766689
0.766805
0.766892
0.76699
0.76699
0.76699
0.76699
0.76699
0.76699
0.76699
0.766988
0.766989
0.766975
0.766985
0.766951
0.766034
0.766441
0.764467
0.764965
0.765713
0.763635
0.763669
0.764046
0.763784
0.763678
0.763673
0.763644
0.76366
0.763675
0.763635
0.763816
0.761736
0.763967
0.763936
0.763903
0.763878
0.763865
0.720493
0.714364
0.715805
0.754391
0.737851
0.766532
0.766566
0.76667
0.766838
0.766967
0.766988
0.76699
0.76699
0.76699
0.76699
0.76699
0.76699
0.76699
0.76699
0.76699
0.76699
0.76699
0.76699
0.76699
0.76699
0.76699
0.76699
0.76699
0.76699
0.76699
0.76699
0.76699
0.76699
0.76699
0.76699
0.76699
0.76699
0.76699
0.76699
0.76699
0.76699
0.76699
0.76699
0.76699
0.76699
0.76699
0.76699
0.76699
0.76699
0.76699
0.766671
0.766803
0.766893
0.76699
0.76699
0.76699
0.76699
0.76699
0.76699
0.76699
0.76699
0.76699
0.766988
0.766989
0.766975
0.766985
0.766951
0.766292
0.766623
0.76464
0.765226
0.766011
0.763679
0.763714
0.764134
0.763833
0.763681
0.763663
0.763662
0.763675
0.763682
0.763631
0.761041
0.763941
0.763931
0.7639
0.763875
0.763864
0.721603
0.715412
0.719621
0.753106
0.738185
0.766546
0.766633
0.766789
0.766948
0.766987
0.76699
0.76699
0.76699
0.76699
0.76699
0.76699
0.76699
0.76699
0.76699
0.76699
0.76699
0.76699
0.76699
0.76699
0.76699
0.76699
0.76699
0.76699
0.76699
0.76699
0.76699
0.76699
0.76699
0.76699
0.76699
0.76699
0.76699
0.76699
0.76699
0.76699
0.76699
0.76699
0.76699
0.76699
0.76699
0.76699
0.76699
0.76699
0.76699
0.76699
0.766793
0.766892
0.76699
0.76699
0.76699
0.76699
0.76699
0.76699
0.76699
0.76699
0.76699
0.76699
0.76699
0.766988
0.766989
0.766975
0.766985
0.76695
0.766519
0.766766
0.764816
0.765507
0.766292
0.763714
0.763757
0.764219
0.763878
0.763676
0.763665
0.76367
0.763682
0.763412
0.760257
0.763895
0.763927
0.763896
0.763872
0.763861
0.725253
0.746666
0.744604
0.752303
0.740113
0.766602
0.766746
0.766925
0.766983
0.766989
0.76699
0.76699
0.76699
0.76699
0.76699
0.76699
0.76699
0.76699
0.76699
0.76699
0.76699
0.76699
0.76699
0.76699
0.76699
0.76699
0.76699
0.76699
0.76699
0.76699
0.76699
0.76699
0.76699
0.76699
0.76699
0.76699
0.76699
0.76699
0.76699
0.76699
0.76699
0.76699
0.76699
0.76699
0.76699
0.76699
0.76699
0.76699
0.76699
0.76699
0.766887
0.76699
0.76699
0.76699
0.76699
0.76699
0.76699
0.76699
0.76699
0.76699
0.766989
0.766989
0.766989
0.766987
0.766988
0.766975
0.766983
0.766948
0.766702
0.766873
0.764993
0.765796
0.766533
0.763752
0.763798
0.764294
0.763915
0.763681
0.763672
0.763665
0.763691
0.763073
0.75943
0.763847
0.76392
0.763894
0.763868
0.763859
0.731212
0.766928
0.762597
0.751924
0.743441
0.766709
0.766894
0.766979
0.766989
0.76699
0.76699
0.76699
0.76699
0.76699
0.76699
0.76699
0.76699
0.76699
0.76699
0.76699
0.76699
0.76699
0.76699
0.76699
0.76699
0.76699
0.76699
0.76699
0.76699
0.76699
0.76699
0.76699
0.76699
0.76699
0.76699
0.76699
0.76699
0.76699
0.76699
0.76699
0.76699
0.76699
0.76699
0.76699
0.76699
0.76699
0.76699
0.76699
0.76699
0.76699
0.76699
0.76699
0.76699
0.76699
0.76699
0.76699
0.76699
0.76699
0.766989
0.766989
0.766988
0.766987
0.766987
0.766985
0.766985
0.766984
0.766972
0.76698
0.766941
0.766836
0.76516
0.766079
0.766712
0.763823
0.76436
0.763944
0.763674
0.763668
0.763664
0.763695
0.762616
0.758643
0.763736
0.763905
0.763889
0.763866
0.763856
0.743833
0.766984
0.76644
0.751953
0.744986
0.766861
0.766972
0.766989
0.76699
0.76699
0.76699
0.76699
0.76699
0.76699
0.76699
0.76699
0.76699
0.76699
0.76699
0.76699
0.76699
0.76699
0.76699
0.76699
0.76699
0.76699
0.76699
0.76699
0.76699
0.76699
0.76699
0.76699
0.76699
0.76699
0.76699
0.76699
0.76699
0.76699
0.76699
0.76699
0.76699
0.76699
0.76699
0.76699
0.76699
0.76699
0.76699
0.76699
0.76699
0.76699
0.76699
0.76699
0.76699
0.76699
0.76699
0.76699
0.76699
0.76699
0.766989
0.766989
0.766986
0.766986
0.766982
0.766978
0.766979
0.76697
0.766979
0.76697
0.766965
0.766969
0.766918
0.765297
0.766319
0.766823
0.763858
0.764398
0.763956
0.763669
0.763655
0.763659
0.763712
0.76201
0.757933
0.763468
0.763834
0.763895
0.763884
0.763861
0.763853
0.756741
0.766988
0.766884
0.751697
0.74898
0.766964
0.766988
0.76699
0.76699
0.76699
0.76699
0.76699
0.76699
0.76699
0.76699
0.76699
0.76699
0.76699
0.76699
0.76699
0.76699
0.76699
0.76699
0.76699
0.76699
0.76699
0.76699
0.76699
0.76699
0.76699
0.76699
0.76699
0.76699
0.76699
0.76699
0.76699
0.76699
0.76699
0.76699
0.76699
0.76699
0.76699
0.76699
0.76699
0.76699
0.76699
0.76699
0.76699
0.76699
0.76699
0.76699
0.76699
0.76699
0.76699
0.76699
0.76699
0.76699
0.76699
0.766989
0.76699
0.766985
0.766986
0.766975
0.766973
0.76696
0.76695
0.766952
0.766928
0.766962
0.766929
0.76694
0.766938
0.765375
0.766466
0.766845
0.763878
0.764393
0.76395
0.763652
0.763647
0.763654
0.763719
0.761408
0.757256
0.763773
0.763194
0.763881
0.763882
0.763857
0.76385
0.764398
0.76699
0.76698
0.750985
0.757009
0.766987
0.76699
0.76699
0.76699
0.76699
0.76699
0.76699
0.76699
0.76699
0.76699
0.76699
0.76699
0.76699
0.76699
0.76699
0.76699
0.76699
0.76699
0.76699
0.76699
0.76699
0.76699
0.76699
0.76699
0.76699
0.76699
0.76699
0.76699
0.76699
0.76699
0.76699
0.76699
0.76699
0.76699
0.76699
0.76699
0.76699
0.76699
0.76699
0.76699
0.76699
0.76699
0.76699
0.76699
0.76699
0.76699
0.76699
0.76699
0.76699
0.76699
0.76699
0.766989
0.766989
0.76699
0.766987
0.766988
0.766972
0.766973
0.766941
0.766936
0.766904
0.766882
0.766884
0.766832
0.766903
0.766831
0.76683
0.765375
0.766489
0.7639
0.764342
0.763933
0.763644
0.76363
0.763649
0.763736
0.760623
0.755867
0.763728
0.762696
0.763864
0.76387
0.763855
0.763845
0.766672
0.76699
0.766989
0.752581
0.764081
0.76699
0.76699
0.76699
0.76699
0.76699
0.76699
0.76699
0.76699
0.76699
0.76699
0.76699
0.76699
0.76699
0.76699
0.76699
0.76699
0.76699
0.76699
0.76699
0.76699
0.76699
0.76699
0.76699
0.76699
0.76699
0.76699
0.76699
0.76699
0.76699
0.76699
0.76699
0.76699
0.76699
0.76699
0.76699
0.76699
0.76699
0.76699
0.76699
0.76699
0.76699
0.76699
0.76699
0.76699
0.76699
0.76699
0.76699
0.76699
0.76699
0.76699
0.76699
0.76699
0.76699
0.766988
0.766986
0.76699
0.766977
0.766982
0.766934
0.766935
0.766862
0.766849
0.766787
0.766747
0.766738
0.766649
0.766748
0.766612
0.766453
0.765335
0.764289
0.763924
0.76372
0.763623
0.763617
0.763642
0.759747
0.754142
0.763612
0.762095
0.763865
0.763848
0.763851
0.763843
0.766951
0.76699
0.76699
0.75709
0.766351
0.76699
0.76699
0.76699
0.76699
0.76699
0.76699
0.76699
0.76699
0.76699
0.76699
0.76699
0.76699
0.76699
0.76699
0.76699
0.76699
0.76699
0.76699
0.76699
0.76699
0.76699
0.76699
0.76699
0.76699
0.76699
0.76699
0.76699
0.76699
0.76699
0.76699
0.76699
0.76699
0.76699
0.76699
0.76699
0.76699
0.76699
0.76699
0.76699
0.76699
0.76699
0.76699
0.76699
0.76699
0.766989
0.76699
0.76699
0.76699
0.76699
0.76699
0.76699
0.76699
0.76699
0.76699
0.766983
0.766973
0.76699
0.766945
0.766959
0.766845
0.766847
0.766709
0.766685
0.766576
0.766516
0.766459
0.766333
0.766312
0.766119
0.765213
0.764229
0.76391
0.763721
0.76363
0.763609
0.763598
0.757885
0.754939
0.763717
0.763321
0.761105
0.763842
0.76386
0.763829
0.763839
0.766985
0.76699
0.76699
0.763462
0.766872
0.76699
0.76699
0.76699
0.76699
0.76699
0.76699
0.76699
0.76699
0.76699
0.76699
0.76699
0.76699
0.76699
0.76699
0.76699
0.76699
0.76699
0.76699
0.76699
0.76699
0.76699
0.76699
0.76699
0.76699
0.76699
0.76699
0.76699
0.76699
0.76699
0.76699
0.76699
0.76699
0.76699
0.76699
0.76699
0.76699
0.76699
0.76699
0.76699
0.76699
0.76699
0.76699
0.76699
0.76699
0.76699
0.766987
0.76699
0.76699
0.76699
0.76699
0.76699
0.76699
0.76699
0.76699
0.76699
0.766989
0.766963
0.766931
0.766864
0.766895
0.766678
0.76668
0.76646
0.766424
0.766233
0.766155
0.765932
0.76579
0.765087
0.764169
0.763897
0.763715
0.763621
0.763582
0.763582
0.75611
0.757496
0.763678
0.762853
0.759147
0.763831
0.763841
0.763845
0.763807
0.766989
0.76699
0.76699
0.765947
0.766971
0.76699
0.76699
0.76699
0.76699
0.76699
0.76699
0.76699
0.76699
0.76699
0.76699
0.76699
0.76699
0.76699
0.76699
0.76699
0.76699
0.76699
0.76699
0.76699
0.76699
0.76699
0.76699
0.76699
0.76699
0.76699
0.76699
0.76699
0.76699
0.76699
0.76699
0.76699
0.76699
0.76699
0.76699
0.76699
0.76699
0.76699
0.76699
0.76699
0.76699
0.76699
0.76699
0.76699
0.76699
0.76699
0.76699
0.76698
0.76699
0.76699
0.76699
0.76699
0.76699
0.76699
0.76699
0.76699
0.76699
0.76699
0.766986
0.7669
0.766827
0.766706
0.766759
0.766412
0.766413
0.766086
0.766046
0.765688
0.765608
0.76498
0.764893
0.764136
0.763888
0.763703
0.7636
0.763559
0.763567
0.75652
0.762733
0.763549
0.76197
0.75746
0.76383
0.763831
0.76384
0.763636
0.763786
0.76699
0.76699
0.76699
0.766752
0.766988
0.76699
0.76699
0.76699
0.76699
0.76699
0.76699
0.76699
0.76699
0.76699
0.76699
0.76699
0.76699
0.76699
0.76699
0.76699
0.76699
0.76699
0.76699
0.76699
0.76699
0.76699
0.76699
0.76699
0.76699
0.76699
0.76699
0.76699
0.76699
0.76699
0.76699
0.76699
0.76699
0.76699
0.76699
0.76699
0.76699
0.76699
0.76699
0.76699
0.76699
0.76699
0.76699
0.76699
0.76699
0.76699
0.76699
0.76699
0.76699
0.766959
0.76699
0.76699
0.76699
0.76699
0.76699
0.76699
0.76699
0.76699
0.76699
0.766989
0.766989
0.766977
0.76676
0.766631
0.766447
0.766526
0.766033
0.766036
0.765554
0.76553
0.764834
0.76481
0.764098
0.763877
0.763685
0.763577
0.76354
0.763537
0.758214
0.765591
0.763244
0.760092
0.757695
0.763822
0.76383
0.763822
0.763614
0.763743
0.76699
0.76699
0.76699
0.766948
0.76699
0.76699
0.76699
0.76699
0.76699
0.76699
0.76699
0.76699
0.76699
0.76699
0.76699
0.76699
0.76699
0.76699
0.76699
0.76699
0.76699
0.76699
0.76699
0.76699
0.76699
0.76699
0.76699
0.76699
0.76699
0.76699
0.76699
0.76699
0.76699
0.76699
0.76699
0.76699
0.76699
0.76699
0.76699
0.76699
0.76699
0.76699
0.76699
0.76699
0.76699
0.76699
0.76699
0.76699
0.76699
0.76699
0.76699
0.76699
0.76699
0.76699
0.766886
0.76699
0.76699
0.76699
0.76699
0.76699
0.76699
0.76699
0.766989
0.76699
0.766988
0.766986
0.766955
0.766518
0.766331
0.766083
0.766188
0.765525
0.765538
0.764808
0.764825
0.764078
0.764069
0.763856
0.763647
0.763554
0.763513
0.763526
0.762211
0.766629
0.762497
0.758478
0.758843
0.76382
0.763818
0.763806
0.763436
0.763487
0.763727
0.76699
0.76699
0.76699
0.766984
0.76699
0.76699
0.76699
0.76699
0.76699
0.76699
0.76699
0.76699
0.76699
0.76699
0.76699
0.76699
0.76699
0.76699
0.76699
0.76699
0.76699
0.76699
0.76699
0.76699
0.76699
0.76699
0.76699
0.76699
0.76699
0.76699
0.76699
0.76699
0.76699
0.76699
0.76699
0.76699
0.76699
0.76699
0.76699
0.76699
0.76699
0.76699
0.76699
0.76699
0.76699
0.76699
0.76699
0.76699
0.76699
0.76699
0.76699
0.76699
0.76699
0.76699
0.76699
0.76699
0.766723
0.76699
0.76699
0.76699
0.76699
0.76699
0.76699
0.76699
0.76699
0.766988
0.766989
0.766986
0.766978
0.766895
0.766168
0.765925
0.765614
0.765743
0.764849
0.764921
0.76408
0.764116
0.763833
0.763619
0.76353
0.763492
0.763491
0.765353
0.766919
0.760813
0.758606
0.761943
0.763812
0.763814
0.763796
0.762892
0.763488
0.763709
0.76699
0.76699
0.76699
0.766989
0.76699
0.76699
0.76699
0.76699
0.76699
0.76699
0.76699
0.76699
0.76699
0.76699
0.76699
0.76699
0.76699
0.76699
0.76699
0.76699
0.76699
0.76699
0.76699
0.76699
0.76699
0.76699
0.76699
0.76699
0.76699
0.76699
0.76699
0.76699
0.76699
0.76699
0.76699
0.76699
0.76699
0.76699
0.76699
0.76699
0.76699
0.76699
0.76699
0.76699
0.76699
0.76699
0.76699
0.76699
0.76699
0.76699
0.76699
0.76699
0.76699
0.76699
0.76699
0.76699
0.76699
0.766458
0.76699
0.76699
0.76699
0.76699
0.76699
0.76699
0.76699
0.76699
0.766986
0.766989
0.766979
0.766956
0.766741
0.76571
0.76541
0.765018
0.765185
0.764124
0.764189
0.763807
0.763817
0.763583
0.763498
0.763464
0.763475
0.766542
0.766979
0.759271
0.759404
0.765231
0.76381
0.763803
0.763779
0.761376
0.762988
0.763554
0.763688
0.76699
0.76699
0.76699
0.76699
0.76699
0.76699
0.76699
0.76699
0.76699
0.76699
0.76699
0.76699
0.76699
0.76699
0.76699
0.76699
0.76699
0.76699
0.76699
0.76699
0.76699
0.76699
0.76699
0.76699
0.76699
0.76699
0.76699
0.76699
0.76699
0.76699
0.76699
0.76699
0.76699
0.76699
0.76699
0.76699
0.76699
0.76699
0.76699
0.76699
0.76699
0.76699
0.76699
0.76699
0.76699
0.76699
0.76699
0.76699
0.76699
0.76699
0.76699
0.76699
0.76699
0.76699
0.76699
0.76699
0.76699
0.76699
0.76699
0.766072
0.76699
0.76699
0.76699
0.76699
0.76699
0.76699
0.766989
0.76699
0.766981
0.766987
0.766964
0.766909
0.766465
0.765139
0.764776
0.764304
0.76451
0.763818
0.763821
0.763723
0.763731
0.763555
0.763467
0.763442
0.763448
0.766897
0.766989
0.75934
0.761951
0.766488
0.763801
0.763794
0.763763
0.759881
0.761418
0.762895
0.763521
0.763667
0.76699
0.76699
0.76699
0.76699
0.76699
0.76699
0.76699
0.76699
0.76699
0.76699
0.76699
0.76699
0.76699
0.76699
0.76699
0.76699
0.76699
0.76699
0.76699
0.76699
0.76699
0.76699
0.76699
0.76699
0.76699
0.76699
0.76699
0.76699
0.76699
0.76699
0.76699
0.76699
0.76699
0.76699
0.76699
0.76699
0.76699
0.76699
0.76699
0.76699
0.76699
0.76699
0.76699
0.76699
0.76699
0.76699
0.76699
0.76699
0.76699
0.76699
0.76699
0.76699
0.76699
0.76699
0.76699
0.76699
0.76699
0.76699
0.76699
0.76699
0.76699
0.76556
0.76699
0.76699
0.76699
0.76699
0.76699
0.76699
0.766989
0.76699
0.76697
0.766983
0.766927
0.766807
0.766066
0.764459
0.764126
0.76385
0.763958
0.76372
0.76371
0.763517
0.763444
0.763423
0.763431
0.766975
0.76699
0.759946
0.765212
0.76688
0.763794
0.763785
0.763748
0.759915
0.760262
0.761205
0.762718
0.763491
0.763633
0.76699
0.76699
0.76699
0.76699
0.76699
0.76699
0.76699
0.76699
0.76699
0.76699
0.76699
0.76699
0.76699
0.76699
0.76699
0.76699
0.76699
0.76699
0.76699
0.76699
0.76699
0.76699
0.76699
0.76699
0.76699
0.76699
0.76699
0.76699
0.76699
0.76699
0.76699
0.76699
0.76699
0.76699
0.76699
0.76699
0.76699
0.76699
0.76699
0.76699
0.76699
0.76699
0.76699
0.76699
0.76699
0.76699
0.76699
0.76699
0.76699
0.76699
0.76699
0.76699
0.76699
0.76699
0.76699
0.76699
0.76699
0.76699
0.76699
0.76699
0.76699
0.76699
0.76699
0.764915
0.76699
0.76699
0.76699
0.76699
0.76699
0.76699
0.766987
0.766989
0.766946
0.766975
0.766853
0.766562
0.765508
0.763959
0.763801
0.763702
0.763726
0.763482
0.763467
0.763423
0.763402
0.763411
0.766988
0.76699
0.762154
0.766481
0.766972
0.763788
0.763776
0.763731
0.760506
0.760336
0.76051
0.761099
0.762362
0.763375
0.763563
0.76699
0.76699
0.76699
0.76699
0.76699
0.76699
0.76699
0.76699
0.76699
0.76699
0.76699
0.76699
0.76699
0.76699
0.76699
0.76699
0.76699
0.76699
0.76699
0.76699
0.76699
0.76699
0.76699
0.76699
0.76699
0.76699
0.76699
0.76699
0.76699
0.76699
0.76699
0.76699
0.76699
0.76699
0.76699
0.76699
0.76699
0.76699
0.76699
0.76699
0.76699
0.76699
0.76699
0.76699
0.76699
0.76699
0.76699
0.76699
0.76699
0.76699
0.76699
0.76699
0.76699
0.76699
0.76699
0.76699
0.76699
0.76699
0.76699
0.76699
0.76699
0.76699
0.76699
0.76699
0.76699
0.76425
0.766989
0.76699
0.76699
0.76699
0.76699
0.76699
0.766984
0.766988
0.766884
0.766956
0.766695
0.766133
0.764785
0.763733
0.76368
0.763636
0.763671
0.763391
0.763456
0.763382
0.76339
0.763394
0.76699
0.76699
0.765307
0.766879
0.766987
0.763781
0.763766
0.763706
0.76262
0.761009
0.760639
0.760719
0.76111
0.762115
0.763052
0.763458
0.76699
0.76699
0.76699
0.76699
0.76699
0.76699
0.76699
0.76699
0.76699
0.76699
0.76699
0.76699
0.76699
0.76699
0.76699
0.76699
0.76699
0.76699
0.76699
0.76699
0.76699
0.76699
0.76699
0.76699
0.76699
0.76699
0.76699
0.76699
0.76699
0.76699
0.76699
0.76699
0.76699
0.76699
0.76699
0.76699
0.76699
0.76699
0.76699
0.76699
0.76699
0.76699
0.76699
0.76699
0.76699
0.76699
0.76699
0.76699
0.76699
0.76699
0.76699
0.76699
0.76699
0.76699
0.76699
0.76699
0.76699
0.76699
0.76699
0.76699
0.76699
0.76699
0.76699
0.76699
0.76699
0.76699
0.76699
0.76388
0.766988
0.76699
0.76699
0.76699
0.76699
0.766989
0.766977
0.766984
0.76675
0.766906
0.766284
0.765518
0.764159
0.763693
0.763608
0.763434
0.763365
0.763369
0.763356
0.76338
0.76699
0.76699
0.766514
0.766971
0.76699
0.763775
0.763755
0.763674
0.765513
0.763233
0.761495
0.760918
0.760941
0.76117
0.76195
0.762585
0.763406
0.76699
0.76699
0.76699
0.76699
0.76699
0.76699
0.76699
0.76699
0.76699
0.76699
0.76699
0.76699
0.76699
0.76699
0.76699
0.76699
0.76699
0.76699
0.76699
0.76699
0.76699
0.76699
0.76699
0.76699
0.76699
0.76699
0.76699
0.76699
0.76699
0.76699
0.76699
0.76699
0.76699
0.76699
0.76699
0.76699
0.76699
0.76699
0.76699
0.76699
0.76699
0.76699
0.76699
0.76699
0.76699
0.76699
0.76699
0.76699
0.76699
0.76699
0.76699
0.76699
0.76699
0.76699
0.76699
0.76699
0.76699
0.76699
0.76699
0.76699
0.76699
0.76699
0.76699
0.76699
0.76699
0.76699
0.76699
0.76699
0.76699
0.76699
0.763708
0.766984
0.76699
0.76699
0.76699
0.76699
0.766986
0.766958
0.766976
0.766416
0.766766
0.765569
0.764686
0.763853
0.763421
0.763435
0.763357
0.763361
0.763346
0.763354
0.76699
0.76699
0.766888
0.766987
0.76699
0.763767
0.763742
0.763654
0.766585
0.765772
0.763915
0.762007
0.76122
0.761182
0.761307
0.76197
0.762006
0.763296
0.76699
0.76699
0.76699
0.76699
0.76699
0.76699
0.76699
0.76699
0.76699
0.76699
0.76699
0.76699
0.76699
0.76699
0.76699
0.76699
0.76699
0.76699
0.76699
0.76699
0.76699
0.76699
0.76699
0.76699
0.76699
0.76699
0.76699
0.76699
0.76699
0.76699
0.76699
0.76699
0.76699
0.76699
0.76699
0.76699
0.76699
0.76699
0.76699
0.76699
0.76699
0.76699
0.76699
0.76699
0.76699
0.76699
0.76699
0.76699
0.76699
0.76699
0.76699
0.76699
0.76699
0.76699
0.76699
0.76699
0.76699
0.76699
0.76699
0.76699
0.76699
0.76699
0.76699
0.76699
0.76699
0.76699
0.76699
0.76699
0.76699
0.76699
0.76699
0.76365
0.766972
0.76699
0.76699
0.766989
0.766989
0.76698
0.766907
0.766951
0.7656
0.766414
0.764638
0.764063
0.763747
0.763338
0.763432
0.763347
0.763338
0.763343
0.76699
0.76699
0.766973
0.76699
0.76699
0.763759
0.763733
0.763611
0.766905
0.766673
0.766039
0.764649
0.762572
0.761631
0.761417
0.761521
0.762456
0.761605
0.76327
0.76699
0.76699
0.76699
0.76699
0.76699
0.76699
0.76699
0.76699
0.76699
0.76699
0.76699
0.76699
0.76699
0.76699
0.76699
0.76699
0.76699
0.76699
0.76699
0.76699
0.76699
0.76699
0.76699
0.76699
0.76699
0.76699
0.76699
0.76699
0.76699
0.76699
0.76699
0.76699
0.76699
0.76699
0.76699
0.76699
0.76699
0.76699
0.76699
0.76699
0.76699
0.76699
0.76699
0.76699
0.76699
0.76699
0.76699
0.76699
0.76699
0.76699
0.76699
0.76699
0.76699
0.76699
0.76699
0.76699
0.76699
0.76699
0.76699
0.76699
0.76699
0.76699
0.76699
0.76699
0.76699
0.76699
0.76699
0.76699
0.76699
0.76699
0.76699
0.766938
0.766989
0.76699
0.766988
0.766986
0.766962
0.766754
0.766882
0.764518
0.765493
0.764024
0.763764
0.763414
0.763324
0.763329
0.763329
0.763338
0.76699
0.76699
0.766988
0.76699
0.76699
0.763753
0.763717
0.763594
0.766976
0.766927
0.766759
0.766308
0.765349
0.763326
0.762161
0.761742
0.762011
0.761695
0.76204
0.763181
0.76699
0.76699
0.76699
0.76699
0.76699
0.76699
0.76699
0.76699
0.76699
0.76699
0.76699
0.76699
0.76699
0.76699
0.76699
0.76699
0.76699
0.76699
0.76699
0.76699
0.76699
0.76699
0.76699
0.76699
0.76699
0.76699
0.76699
0.76699
0.76699
0.76699
0.76699
0.76699
0.76699
0.76699
0.76699
0.76699
0.76699
0.76699
0.76699
0.76699
0.76699
0.76699
0.76699
0.76699
0.76699
0.76699
0.76699
0.76699
0.76699
0.76699
0.76699
0.76699
0.76699
0.76699
0.76699
0.76699
0.76699
0.76699
0.76699
0.76699
0.76699
0.76699
0.76699
0.76699
0.76699
0.76699
0.76699
0.76699
0.76699
0.76699
0.76699
0.76699
0.76699
0.76699
0.766842
0.766988
0.766989
0.766983
0.766977
0.76691
0.766343
0.766692
0.763923
0.764274
0.763759
0.763694
0.763418
0.763315
0.76333
0.763317
0.763331
0.76699
0.76699
0.76699
0.76699
0.76699
0.763744
0.763708
0.76355
0.766988
0.76698
0.766946
0.766836
0.766535
0.765847
0.764378
0.762911
0.76175
0.762228
0.761815
0.762409
0.763188
0.76699
0.76699
0.76699
0.76699
0.76699
0.76699
0.76699
0.76699
0.76699
0.76699
0.76699
0.76699
0.76699
0.76699
0.76699
0.76699
0.76699
0.76699
0.76699
0.76699
0.76699
0.76699
0.76699
0.76699
0.76699
0.76699
0.76699
0.76699
0.76699
0.76699
0.76699
0.76699
0.76699
0.76699
0.76699
0.76699
0.76699
0.76699
0.76699
0.76699
0.76699
0.76699
0.76699
0.76699
0.76699
0.76699
0.76699
0.76699
0.76699
0.76699
0.76699
0.76699
0.76699
0.76699
0.76699
0.76699
0.76699
0.76699
0.76699
0.76699
0.76699
0.76699
0.76699
0.76699
0.76699
0.76699
0.76699
0.76699
0.76699
0.76699
0.76699
0.76699
0.76699
0.76699
0.766989
0.76699
0.7666
0.766983
0.766988
0.766969
0.76695
0.766779
0.765349
0.766202
0.76372
0.763701
0.76367
0.763387
0.763302
0.763314
0.763328
0.76699
0.76699
0.76699
0.76699
0.763738
0.76369
0.763541
0.76699
0.766989
0.766983
0.766962
0.766893
0.766701
0.766248
0.765323
0.761955
0.763986
0.76193
0.762102
0.762139
0.763113
0.76699
0.76699
0.76699
0.76699
0.76699
0.76699
0.76699
0.76699
0.76699
0.76699
0.76699
0.76699
0.76699
0.76699
0.76699
0.76699
0.76699
0.76699
0.76699
0.76699
0.76699
0.76699
0.76699
0.76699
0.76699
0.76699
0.76699
0.76699
0.76699
0.76699
0.76699
0.76699
0.76699
0.76699
0.76699
0.76699
0.76699
0.76699
0.76699
0.76699
0.76699
0.76699
0.76699
0.76699
0.76699
0.76699
0.76699
0.76699
0.76699
0.76699
0.76699
0.76699
0.76699
0.76699
0.76699
0.76699
0.76699
0.76699
0.76699
0.76699
0.76699
0.76699
0.76699
0.76699
0.76699
0.76699
0.76699
0.76699
0.76699
0.76699
0.76699
0.76699
0.76699
0.76699
0.76699
0.76699
0.76699
0.766989
0.766988
0.76699
0.766054
0.766967
0.766982
0.766932
0.766877
0.766486
0.764084
0.76511
0.763325
0.763569
0.763283
0.763307
0.76333
0.76699
0.76699
0.76699
0.763728
0.763683
0.763501
0.76699
0.76699
0.766989
0.766986
0.766973
0.766934
0.766823
0.766561
0.762968
0.765987
0.761975
0.762456
0.762409
0.762041
0.763154
0.76699
0.76699
0.76699
0.76699
0.76699
0.76699
0.76699
0.76699
0.76699
0.76699
0.76699
0.76699
0.76699
0.76699
0.76699
0.76699
0.76699
0.76699
0.76699
0.76699
0.76699
0.76699
0.76699
0.76699
0.76699
0.76699
0.76699
0.76699
0.76699
0.76699
0.76699
0.76699
0.76699
0.76699
0.76699
0.76699
0.76699
0.76699
0.76699
0.76699
0.76699
0.76699
0.76699
0.76699
0.76699
0.76699
0.76699
0.76699
0.76699
0.76699
0.76699
0.76699
0.76699
0.76699
0.76699
0.76699
0.76699
0.76699
0.76699
0.76699
0.76699
0.76699
0.76699
0.76699
0.76699
0.76699
0.76699
0.76699
0.76699
0.76699
0.76699
0.76699
0.76699
0.76699
0.76699
0.76699
0.76699
0.76699
0.76699
0.76699
0.766988
0.766983
0.76699
0.764954
0.766924
0.766967
0.766843
0.766704
0.765894
0.763548
0.763894
0.763245
0.763267
0.763307
0.763333
0.76699
0.76699
0.763723
0.763664
0.763499
0.76699
0.76699
0.76699
0.766989
0.766988
0.766981
0.766961
0.766904
0.765125
0.766763
0.762221
0.764133
0.76222
0.762192
0.76228
0.763159
0.76699
0.76699
0.76699
0.76699
0.76699
0.76699
0.76699
0.76699
0.76699
0.76699
0.76699
0.76699
0.76699
0.76699
0.76699
0.76699
0.76699
0.76699
0.76699
0.76699
0.76699
0.76699
0.76699
0.76699
0.76699
0.76699
0.76699
0.76699
0.76699
0.76699
0.76699
0.76699
0.76699
0.76699
0.76699
0.76699
0.76699
0.76699
0.76699
0.76699
0.76699
0.76699
0.76699
0.76699
0.76699
0.76699
0.76699
0.76699
0.76699
0.76699
0.76699
0.76699
0.76699
0.76699
0.76699
0.76699
0.76699
0.76699
0.76699
0.76699
0.76699
0.76699
0.76699
0.76699
0.76699
0.76699
0.76699
0.76699
0.76699
0.76699
0.76699
0.76699
0.76699
0.76699
0.76699
0.76699
0.76699
0.76699
0.76699
0.76699
0.76699
0.766989
0.76699
0.76699
0.766985
0.766971
0.76699
0.763781
0.766828
0.766927
0.766649
0.766359
0.764799
0.763426
0.763389
0.763304
0.763223
0.763174
0.76334
0.76699
0.763712
0.763658
0.763495
0.76699
0.76699
0.76699
0.76699
0.76699
0.766989
0.766986
0.766977
0.76646
0.766949
0.763274
0.765946
0.762227
0.762853
0.762401
0.762278
0.763151
0.76699
0.76699
0.76699
0.76699
0.76699
0.76699
0.76699
0.76699
0.76699
0.76699
0.76699
0.76699
0.76699
0.76699
0.76699
0.76699
0.76699
0.76699
0.76699
0.76699
0.76699
0.76699
0.76699
0.76699
0.76699
0.76699
0.76699
0.76699
0.76699
0.76699
0.76699
0.76699
0.76699
0.76699
0.76699
0.76699
0.76699
0.76699
0.76699
0.76699
0.76699
0.76699
0.76699
0.76699
0.76699
0.76699
0.76699
0.76699
0.76699
0.76699
0.76699
0.76699
0.76699
0.76699
0.76699
0.76699
0.76699
0.76699
0.76699
0.76699
0.76699
0.76699
0.76699
0.76699
0.76699
0.76699
0.76699
0.76699
0.76699
0.76699
0.76699
0.76699
0.76699
0.76699
0.76699
0.76699
0.76699
0.76699
0.76699
0.76699
0.76699
0.76699
0.76699
0.76699
0.76699
0.766987
0.766989
0.76699
0.766978
0.766943
0.76699
0.763287
0.766638
0.766842
0.766297
0.765741
0.763714
0.763273
0.76335
0.763307
0.763207
0.763123
0.763707
0.763654
0.76349
0.76699
0.76699
0.76699
0.76699
0.76699
0.76699
0.766989
0.766989
0.766889
0.766984
0.765296
0.76674
0.762604
0.764589
0.76236
0.762432
0.762531
0.763082
0.76699
0.76699
0.76699
0.76699
0.76699
0.76699
0.76699
0.76699
0.76699
0.76699
0.76699
0.76699
0.76699
0.76699
0.76699
0.76699
0.76699
0.76699
0.76699
0.76699
0.76699
0.76699
0.76699
0.76699
0.76699
0.76699
0.76699
0.76699
0.76699
0.76699
0.76699
0.76699
0.76699
0.76699
0.76699
0.76699
0.76699
0.76699
0.76699
0.76699
0.76699
0.76699
0.76699
0.76699
0.76699
0.76699
0.76699
0.76699
0.76699
0.76699
0.76699
0.76699
0.76699
0.76699
0.76699
0.76699
0.76699
0.76699
0.76699
0.76699
0.76699
0.76699
0.76699
0.76699
0.76699
0.76699
0.76699
0.76699
0.76699
0.76699
0.76699
0.76699
0.76699
0.76699
0.76699
0.76699
0.76699
0.76699
0.76699
0.76699
0.76699
0.76699
0.76699
0.76699
0.76699
0.76699
0.76699
0.76699
0.766983
0.766988
0.76699
0.766961
0.766884
0.76699
0.763108
0.766313
0.766689
0.765711
0.764668
0.763226
0.763151
0.76336
0.763317
0.763185
0.76307
0.763703
0.76365
0.763452
0.76699
0.76699
0.76699
0.76699
0.76699
0.76699
0.76699
0.766976
0.766989
0.766485
0.766947
0.763961
0.766119
0.762416
0.762544
0.762608
0.763516
0.763135
0.76699
0.76699
0.76699
0.76699
0.76699
0.76699
0.76699
0.76699
0.76699
0.76699
0.76699
0.76699
0.76699
0.76699
0.76699
0.76699
0.76699
0.76699
0.76699
0.76699
0.76699
0.76699
0.76699
0.76699
0.76699
0.76699
0.76699
0.76699
0.76699
0.76699
0.76699
0.76699
0.76699
0.76699
0.76699
0.76699
0.76699
0.76699
0.76699
0.76699
0.76699
0.76699
0.76699
0.76699
0.76699
0.76699
0.76699
0.76699
0.76699
0.76699
0.76699
0.76699
0.76699
0.76699
0.76699
0.76699
0.76699
0.76699
0.76699
0.76699
0.76699
0.76699
0.76699
0.76699
0.76699
0.76699
0.76699
0.76699
0.76699
0.76699
0.76699
0.76699
0.76699
0.76699
0.76699
0.76699
0.76699
0.76699
0.76699
0.76699
0.76699
0.76699
0.76699
0.76699
0.76699
0.76699
0.76699
0.76699
0.76699
0.766976
0.766986
0.766989
0.766928
0.766782
0.76699
0.763042
0.765815
0.766429
0.764712
0.763635
0.763004
0.763377
0.763329
0.763189
0.763041
0.7637
0.763633
0.763463
0.76699
0.76699
0.76699
0.76699
0.76699
0.76699
0.766988
0.76699
0.766897
0.766984
0.7657
0.766785
0.762502
0.76256
0.763248
0.765312
0.762567
0.763136
0.76699
0.76699
0.76699
0.76699
0.76699
0.76699
0.76699
0.76699
0.76699
0.76699
0.76699
0.76699
0.76699
0.76699
0.76699
0.76699
0.76699
0.76699
0.76699
0.76699
0.76699
0.76699
0.76699
0.76699
0.76699
0.76699
0.76699
0.76699
0.76699
0.76699
0.76699
0.76699
0.76699
0.76699
0.76699
0.76699
0.76699
0.76699
0.76699
0.76699
0.76699
0.76699
0.76699
0.76699
0.76699
0.76699
0.76699
0.76699
0.76699
0.76699
0.76699
0.76699
0.76699
0.76699
0.76699
0.76699
0.76699
0.76699
0.76699
0.76699
0.76699
0.76699
0.76699
0.76699
0.76699
0.76699
0.76699
0.76699
0.76699
0.76699
0.76699
0.76699
0.76699
0.76699
0.76699
0.76699
0.76699
0.76699
0.76699
0.76699
0.76699
0.76699
0.76699
0.76699
0.76699
0.76699
0.76699
0.76699
0.76699
0.76699
0.76699
0.76699
0.766962
0.766983
0.766988
0.76687
0.766625
0.76699
0.764992
0.76604
0.763662
0.763143
0.762949
0.763398
0.763343
0.763194
0.763005
0.76369
0.763631
0.763456
0.76699
0.76699
0.76699
0.76699
0.76699
0.76699
0.76699
0.766977
0.766989
0.76662
0.76696
0.762595
0.76311
0.764929
0.76643
0.762606
0.762631
0.763134
0.76699
0.76699
0.76699
0.76699
0.76699
0.76699
0.76699
0.76699
0.76699
0.76699
0.76699
0.76699
0.76699
0.76699
0.76699
0.76699
0.76699
0.76699
0.76699
0.76699
0.76699
0.76699
0.76699
0.76699
0.76699
0.76699
0.76699
0.76699
0.76699
0.76699
0.76699
0.76699
0.76699
0.76699
0.76699
0.76699
0.76699
0.76699
0.76699
0.76699
0.76699
0.76699
0.76699
0.76699
0.76699
0.76699
0.76699
0.76699
0.76699
0.76699
0.76699
0.76699
0.76699
0.76699
0.76699
0.76699
0.76699
0.76699
0.76699
0.76699
0.76699
0.76699
0.76699
0.76699
0.76699
0.76699
0.76699
0.76699
0.76699
0.76699
0.76699
0.76699
0.76699
0.76699
0.76699
0.76699
0.76699
0.76699
0.76699
0.76699
0.76699
0.76699
0.76699
0.76699
0.76699
0.76699
0.76699
0.76699
0.76699
0.76699
0.76699
0.76699
0.76699
0.766939
0.766978
0.766987
0.766782
0.766395
0.76699
0.763949
0.765439
0.763141
0.762924
0.763415
0.763364
0.763204
0.762999
0.763687
0.763627
0.763448
0.76699
0.76699
0.76699
0.76699
0.76699
0.76699
0.766989
0.76699
0.766923
0.766986
0.763022
0.764614
0.766215
0.766874
0.76264
0.762661
0.763
0.763127
0.76699
0.76699
0.76699
0.76699
0.76699
0.76699
0.76699
0.76699
0.76699
0.76699
0.76699
0.76699
0.76699
0.76699
0.76699
0.76699
0.76699
0.76699
0.76699
0.76699
0.76699
0.76699
0.76699
0.76699
0.76699
0.76699
0.76699
0.76699
0.76699
0.76699
0.76699
0.76699
0.76699
0.76699
0.76699
0.76699
0.76699
0.76699
0.76699
0.76699
0.76699
0.76699
0.76699
0.76699
0.76699
0.76699
0.76699
0.76699
0.76699
0.76699
0.76699
0.76699
0.76699
0.76699
0.76699
0.76699
0.76699
0.76699
0.76699
0.76699
0.76699
0.76699
0.76699
0.76699
0.76699
0.76699
0.76699
0.76699
0.76699
0.76699
0.76699
0.76699
0.76699
0.76699
0.76699
0.76699
0.76699
0.76699
0.76699
0.76699
0.76699
0.76699
0.76699
0.76699
0.76699
0.76699
0.76699
0.76699
0.76699
0.76699
0.76699
0.76699
0.76699
0.766989
0.76699
0.76699
0.766902
0.76697
0.766984
0.766657
0.766037
0.76699
0.763362
0.764611
0.762905
0.762878
0.76344
0.763388
0.763219
0.762982
0.763685
0.763622
0.763439
0.76699
0.76699
0.76699
0.76699
0.76699
0.76699
0.76699
0.766981
0.76699
0.764358
0.766025
0.766798
0.766975
0.762664
0.762689
0.762998
0.764199
0.763124
0.76699
0.76699
0.76699
0.76699
0.76699
0.76699
0.76699
0.76699
0.76699
0.76699
0.76699
0.76699
0.76699
0.76699
0.76699
0.76699
0.76699
0.76699
0.76699
0.76699
0.76699
0.76699
0.76699
0.76699
0.76699
0.76699
0.76699
0.76699
0.76699
0.76699
0.76699
0.76699
0.76699
0.76699
0.76699
0.76699
0.76699
0.76699
0.76699
0.76699
0.76699
0.76699
0.76699
0.76699
0.76699
0.76699
0.76699
0.76699
0.76699
0.76699
0.76699
0.76699
0.76699
0.76699
0.76699
0.76699
0.76699
0.76699
0.76699
0.76699
0.76699
0.76699
0.76699
0.76699
0.76699
0.76699
0.76699
0.76699
0.76699
0.76699
0.76699
0.76699
0.76699
0.76699
0.76699
0.76699
0.76699
0.76699
0.76699
0.76699
0.76699
0.76699
0.76699
0.76699
0.76699
0.76699
0.76699
0.76699
0.76699
0.76699
0.76699
0.76699
0.76699
0.76699
0.766989
0.76699
0.76699
0.766848
0.766957
0.76698
0.766485
0.765505
0.76699
0.763036
0.763942
0.76283
0.762839
0.763467
0.763413
0.763232
0.763
0.763682
0.763616
0.763431
0.76699
0.76699
0.76699
0.76699
0.76699
0.76699
0.766989
0.76699
0.765837
0.766729
0.76696
0.766988
0.762686
0.762708
0.763017
0.764102
0.765718
0.763112
0.76699
0.76699
0.76699
0.76699
0.76699
0.76699
0.76699
0.76699
0.76699
0.76699
0.76699
0.76699
0.76699
0.76699
0.76699
0.76699
0.76699
0.76699
0.76699
0.76699
0.76699
0.76699
0.76699
0.76699
0.76699
0.76699
0.76699
0.76699
0.76699
0.76699
0.76699
0.76699
0.76699
0.76699
0.76699
0.76699
0.76699
0.76699
0.76699
0.76699
0.76699
0.76699
0.76699
0.76699
0.76699
0.76699
0.76699
0.76699
0.76699
0.76699
0.76699
0.76699
0.76699
0.76699
0.76699
0.76699
0.76699
0.76699
0.76699
0.76699
0.76699
0.76699
0.76699
0.76699
0.76699
0.76699
0.76699
0.76699
0.76699
0.76699
0.76699
0.76699
0.76699
0.76699
0.76699
0.76699
0.76699
0.76699
0.76699
0.76699
0.76699
0.76699
0.76699
0.76699
0.76699
0.76699
0.76699
0.76699
0.76699
0.76699
0.76699
0.76699
0.76699
0.76699
0.76699
0.766988
0.76699
0.76699
0.76677
0.766937
0.766974
0.766243
0.764891
0.76699
0.762872
0.763492
0.762806
0.763494
0.763431
0.763257
0.763004
0.763678
0.76361
0.763419
0.76699
0.76699
0.76699
0.76699
0.76699
0.76699
0.766647
0.766945
0.766987
0.76699
0.762698
0.762726
0.763046
0.764107
0.765618
0.766591
0.763103
0.76699
0.76699
0.76699
0.76699
0.76699
0.76699
0.76699
0.76699
0.76699
0.76699
0.76699
0.76699
0.76699
0.76699
0.76699
0.76699
0.76699
0.76699
0.76699
0.76699
0.76699
0.76699
0.76699
0.76699
0.76699
0.76699
0.76699
0.76699
0.76699
0.76699
0.76699
0.76699
0.76699
0.76699
0.76699
0.76699
0.76699
0.76699
0.76699
0.76699
0.76699
0.76699
0.76699
0.76699
0.76699
0.76699
0.76699
0.76699
0.76699
0.76699
0.76699
0.76699
0.76699
0.76699
0.76699
0.76699
0.76699
0.76699
0.76699
0.76699
0.76699
0.76699
0.76699
0.76699
0.76699
0.76699
0.76699
0.76699
0.76699
0.76699
0.76699
0.76699
0.76699
0.76699
0.76699
0.76699
0.76699
0.76699
0.76699
0.76699
0.76699
0.76699
0.76699
0.76699
0.766989
0.76699
0.76699
0.76699
0.76699
0.76699
0.76699
0.76699
0.76699
0.76699
0.76699
0.76699
0.766986
0.76699
0.766662
0.766906
0.766964
0.765905
0.764358
0.76699
0.762814
0.763161
0.762787
0.763512
0.763459
0.763276
0.763001
0.763674
0.763602
0.763407
0.76699
0.76699
0.76699
0.76699
0.76699
0.766928
0.766985
0.76699
0.76699
0.762707
0.762748
0.763099
0.764148
0.765606
0.766539
0.766913
0.763098
0.76699
0.76699
0.76699
0.76699
0.76699
0.76699
0.76699
0.76699
0.76699
0.76699
0.76699
0.76699
0.76699
0.76699
0.76699
0.76699
0.76699
0.76699
0.76699
0.76699
0.76699
0.76699
0.76699
0.76699
0.76699
0.76699
0.76699
0.76699
0.76699
0.76699
0.76699
0.76699
0.76699
0.76699
0.76699
0.76699
0.76699
0.76699
0.76699
0.76699
0.76699
0.76699
0.76699
0.76699
0.76699
0.76699
0.76699
0.76699
0.76699
0.76699
0.76699
0.76699
0.76699
0.76699
0.76699
0.76699
0.76699
0.76699
0.76699
0.76699
0.76699
0.76699
0.76699
0.76699
0.76699
0.76699
0.76699
0.76699
0.76699
0.76699
0.76699
0.76699
0.76699
0.76699
0.76699
0.76699
0.76699
0.76699
0.76699
0.76699
0.76699
0.76699
0.766989
0.766984
0.76699
0.76699
0.76699
0.76699
0.76699
0.76699
0.76699
0.76699
0.76699
0.76699
0.76699
0.76699
0.76699
0.766514
0.766861
0.766949
0.765453
0.763893
0.76699
0.762776
0.76297
0.762778
0.763539
0.763477
0.763285
0.763037
0.763668
0.763594
0.763396
0.76699
0.76699
0.76699
0.766983
0.76699
0.76699
0.76699
0.762712
0.762766
0.763167
0.764233
0.765626
0.76653
0.766901
0.766981
0.763096
0.76699
0.76699
0.76699
0.76699
0.76699
0.76699
0.76699
0.76699
0.76699
0.76699
0.76699
0.76699
0.76699
0.76699
0.76699
0.76699
0.76699
0.76699
0.76699
0.76699
0.76699
0.76699
0.76699
0.76699
0.76699
0.76699
0.76699
0.76699
0.76699
0.76699
0.76699
0.76699
0.76699
0.76699
0.76699
0.76699
0.76699
0.76699
0.76699
0.76699
0.76699
0.76699
0.76699
0.76699
0.76699
0.76699
0.76699
0.76699
0.76699
0.76699
0.76699
0.76699
0.76699
0.76699
0.76699
0.76699
0.76699
0.76699
0.76699
0.76699
0.76699
0.76699
0.76699
0.76699
0.76699
0.76699
0.76699
0.76699
0.76699
0.76699
0.76699
0.76699
0.76699
0.76699
0.76699
0.76699
0.766989
0.766981
0.76699
0.76699
0.76699
0.76699
0.76699
0.76699
0.76699
0.76699
0.76699
0.76699
0.76699
0.76699
0.76699
0.766314
0.766797
0.766927
0.764984
0.763512
0.76699
0.762768
0.762849
0.763556
0.76349
0.763317
0.763044
0.763662
0.763585
0.763386
0.76699
0.76699
0.766989
0.76699
0.76699
0.76699
0.762721
0.762785
0.763259
0.764362
0.765678
0.76654
0.766901
0.76698
0.766989
0.763089
0.76699
0.76699
0.76699
0.76699
0.76699
0.76699
0.76699
0.76699
0.76699
0.76699
0.76699
0.76699
0.76699
0.76699
0.76699
0.76699
0.76699
0.76699
0.76699
0.76699
0.76699
0.76699
0.76699
0.76699
0.76699
0.76699
0.76699
0.76699
0.76699
0.76699
0.76699
0.76699
0.76699
0.76699
0.76699
0.76699
0.76699
0.76699
0.76699
0.76699
0.76699
0.76699
0.76699
0.76699
0.76699
0.76699
0.76699
0.76699
0.76699
0.76699
0.76699
0.76699
0.76699
0.76699
0.76699
0.76699
0.76699
0.76699
0.76699
0.76699
0.76699
0.76699
0.766988
0.766976
0.76699
0.76699
0.76699
0.76699
0.76699
0.76699
0.76699
0.76699
0.76699
0.76699
0.76699
0.76699
0.76699
0.766046
0.766708
0.766896
0.76451
0.76323
0.762759
0.762794
0.763571
0.763518
0.763333
0.763045
0.763655
0.763576
0.763373
0.76699
0.76699
0.76699
0.76699
0.76699
0.762737
0.762829
0.763377
0.764524
0.765783
0.766565
0.766903
0.76698
0.766989
0.76699
0.76699
0.76699
0.76699
0.76699
0.76699
0.76699
0.76699
0.76699
0.76699
0.76699
0.76699
0.76699
0.76699
0.76699
0.76699
0.76699
0.76699
0.76699
0.76699
0.76699
0.76699
0.76699
0.76699
0.76699
0.76699
0.76699
0.76699
0.76699
0.76699
0.76699
0.76699
0.76699
0.76699
0.76699
0.76699
0.76699
0.76699
0.76699
0.76699
0.76699
0.76699
0.76699
0.76699
0.76699
0.76699
0.76699
0.76699
0.76699
0.76699
0.766987
0.766969
0.76699
0.76699
0.76699
0.76699
0.76699
0.76699
0.76699
0.76699
0.76699
0.76699
0.76699
0.765698
0.766592
0.766854
0.7641
0.763014
0.762752
0.762749
0.763595
0.763532
0.763342
0.763647
0.763565
0.76699
0.76699
0.762875
0.763541
0.764732
0.765933
0.766614
0.76691
0.766981
0.766989
0.76699
0.76699
0.76699
0.76699
0.76699
0.76699
0.76699
0.76699
0.76699
0.76699
0.76699
0.76699
0.76699
0.76699
0.76699
0.76699
0.76699
0.76699
0.76699
0.76699
0.76699
0.76699
0.76699
0.76699
0.76699
0.76699
0.76699
0.76699
0.76699
0.76699
0.76699
0.76699
0.76699
0.76699
0.76699
0.76699
0.76699
0.76699
0.76699
0.76699
0.76699
0.76699
0.76699
0.76699
0.76699
0.76699
0.76699
0.766986
0.766959
0.76699
0.76699
0.76699
0.76699
0.766989
0.766989
0.766984
0.765324
0.766445
0.766801
0.763776
0.763608
0.763542
0.763638
0.765
0.766103
0.766676
0.766921
0.766982
0.766989
0.76699
0.76699
0.76699
0.76699
0.76699
0.76699
0.76699
0.76699
0.76699
0.76699
0.76699
0.76699
0.76699
0.76699
0.76699
0.76699
0.76699
0.76699
0.76699
0.76699
0.76699
0.76699
0.76699
0.76699
0.76699
0.76699
0.76699
0.76699
0.76699
0.76699
0.76699
0.76699
0.76699
0.76699
0.76699
0.76699
0.76699
0.76699
0.76699
0.76699
0.76699
0.76699
0.76699
0.766947
0.766983
0.766935
0.766279
0.76674
0.763619
0.76699
0.76699
0.76699
0.76699
0.76699
0.76699
0.76699
0.76699
0.76699
0.76699
0.76699
0.76699
0.76699
0.76699
0.76699
0.76699
0.76699
0.76699
0.76699
0.76699
0.76699
0.76699
0.76699
0.76699
0.76699
0.76699
0.76699
0.76699
0.76699
0.76699
0.76699
0.76699
0.76699
0.76699
0.76699
0.76699
0.76699
0.76699
0.76699
0.76699
0.76699
0.76699
0.76699
0.76699
0.76699
0.76699
0.76699
0.76699
0.76699
0.76699
0.76699
0.76699
0.76699
0.76699
0.76699
0.76699
0.76699
0.76699
0.76699
0.76699
0.76699
0.76699
0.76699
0.76699
0.76699
0.76699
0.76699
0.76699
0.76699
0.76699
0.76699
0.76699
0.76699
0.76699
0.76699
0.76699
0.76699
0.76699
0.76699
0.76699
0.76699
0.76699
0.76699
0.76699
0.76699
0.76699
0.76699
0.76699
0.76699
0.76699
0.76699
0.76699
0.76699
0.76699
0.76699
0.76699
0.76699
0.76699
0.76699
0.76699
0.76699
0.76699
0.76699
0.76699
0.76699
0.76699
0.76699
0.76699
0.76699
0.76699
0.76699
0.76699
0.76699
0.76699
0.76699
0.76699
0.76699
0.76699
0.76699
0.76699
0.76699
0.76699
0.76699
0.76699
0.76699
0.76699
0.76699
0.76699
0.76699
0.76699
0.76699
0.76699
0.76699
0.76699
0.76699
0.76699
0.76699
0.76699
0.76699
0.76699
0.76699
0.76699
0.76699
0.76699
0.76699
0.76699
0.76699
0.76699
0.76699
0.76699
0.76699
0.76699
0.76699
0.76699
0.76699
0.76699
0.76699
0.76699
0.76699
0.76699
0.76699
0.76699
0.76699
0.76699
0.76699
0.76699
0.76699
0.76699
0.76699
0.76699
0.76699
0.76699
0.76699
0.76699
0.76699
0.76699
0.76699
0.76699
0.76699
0.76699
0.76699
0.76699
0.76699
0.76699
0.76699
0.76699
0.76699
0.76699
0.76699
0.76699
0.76699
0.76699
0.76699
0.76699
0.76699
0.76699
0.76699
0.76699
0.76699
0.76699
0.76699
0.76699
0.76699
0.76699
0.76699
0.76699
0.76699
0.76699
0.76699
0.76699
0.76699
0.76699
0.76699
0.76699
0.76699
0.76699
0.76699
0.76699
0.76699
0.76699
0.76699
0.76699
0.76699
0.76699
0.76699
0.76699
0.76699
0.76699
0.76699
0.76699
0.76699
0.76699
0.76699
0.76699
0.76699
0.76699
0.76699
0.76699
0.76699
0.76699
0.76699
0.76699
0.76699
0.76699
0.76699
0.76699
0.76699
0.76699
0.76699
0.76699
0.76699
0.76699
0.76699
0.76699
0.76699
0.76699
0.76699
0.76699
0.76699
0.76699
0.76699
0.76699
0.76699
0.76699
0.76699
0.76699
0.76699
0.76699
0.76699
0.76699
0.76699
0.76699
0.76699
0.76699
0.76699
0.76699
0.76699
0.76699
0.76699
0.76699
0.76699
0.76699
0.76699
0.76699
0.76699
0.76699
0.76699
0.76699
0.76699
0.76699
0.76699
0.76699
0.76699
0.76699
0.76699
0.76699
0.76699
0.76699
0.76699
0.76699
0.76699
0.76699
0.76699
0.76699
0.76699
0.76699
0.76699
0.76699
0.76699
0.76699
0.76699
0.76699
0.76699
0.76699
0.76699
0.76699
0.76699
0.76699
0.76699
0.76699
0.76699
0.76699
0.76699
0.76699
0.76699
0.76699
0.76699
0.76699
0.76699
0.76699
0.76699
0.76699
0.76699
0.76699
0.76699
0.76699
0.76699
0.76699
0.76699
0.76699
0.76699
0.76699
0.76699
0.76699
0.76699
0.76699
0.76699
0.76699
0.76699
0.76699
0.76699
0.76699
0.76699
0.76699
0.76699
0.76699
0.76699
0.76699
0.76699
0.76699
0.76699
0.76699
0.76699
0.76699
0.76699
0.76699
0.76699
0.76699
0.76699
0.76699
0.76699
0.76699
0.76699
0.76699
0.76699
0.76699
0.76699
0.76699
0.76699
0.76699
0.76699
0.76699
0.76699
0.76699
0.76699
0.76699
0.76699
0.76699
0.76699
0.76699
0.76699
0.76699
0.76699
0.76699
0.76699
0.76699
0.76699
0.76699
0.76699
0.76699
0.76699
0.76699
0.76699
0.76699
0.76699
0.76699
0.76699
0.76699
0.76699
0.76699
0.76699
0.76699
0.76699
0.76699
0.76699
0.76699
0.76699
0.76699
0.76699
0.76699
0.76699
0.76699
0.76699
0.76699
0.76699
0.76699
0.76699
0.76699
0.76699
0.76699
0.76699
0.76699
0.76699
0.76699
0.76699
0.76699
0.76699
0.76699
0.76699
0.76699
0.76699
0.76699
0.76699
)
;

boundaryField
{
    lowerOutlet
    {
        type            inletOutlet;
        inletValue      uniform 0.76699;
        value           nonuniform List<scalar> 
144
(
0.76699
0.76699
0.76699
0.76699
0.76699
0.76699
0.76699
0.76699
0.76699
0.76699
0.76699
0.76699
0.76699
0.76699
0.76699
0.76699
0.76699
0.76699
0.76699
0.76699
0.76699
0.76699
0.76699
0.76699
0.76699
0.76699
0.76699
0.76699
0.76699
0.76699
0.76699
0.76699
0.76699
0.76699
0.76699
0.76699
0.76699
0.76699
0.76699
0.76699
0.76699
0.76699
0.76699
0.76699
0.76699
0.766106
0.765905
0.76699
0.746666
0.76699
0.76699
0.76699
0.76699
0.76699
0.76699
0.76699
0.76699
0.76699
0.76699
0.76699
0.76699
0.76699
0.76699
0.76699
0.76699
0.76699
0.76699
0.76699
0.76699
0.76699
0.76699
0.76699
0.76699
0.76699
0.76699
0.76699
0.76699
0.76699
0.76699
0.76699
0.76699
0.76699
0.76699
0.76699
0.76699
0.76699
0.76699
0.76699
0.76699
0.76699
0.76699
0.76699
0.76699
0.76699
0.76699
0.76699
0.76699
0.76699
0.76699
0.76699
0.76699
0.76699
0.76683
0.76699
0.76699
0.761313
0.76699
0.76699
0.76699
0.76699
0.76699
0.76699
0.76699
0.76699
0.76699
0.76699
0.76699
0.76699
0.766012
0.765493
0.76699
0.76699
0.76699
0.76699
0.76699
0.76699
0.76699
0.76699
0.76699
0.76699
0.76699
0.76699
0.76699
0.76699
0.76699
0.76699
0.76699
0.76699
0.76699
0.76699
0.76699
0.76699
0.76699
0.76699
)
;
    }
    top
    {
        type            inletOutlet;
        inletValue      uniform 0.76699;
        value           nonuniform List<scalar> 
100
(
0.76699
0.76699
0.76699
0.76699
0.76699
0.76699
0.76699
0.76699
0.76699
0.766988
0.766984
0.766974
0.766955
0.766932
0.766911
0.766897
0.766895
0.766901
0.766912
0.766928
0.766943
0.766956
0.766967
0.766975
0.76698
0.766983
0.766984
0.766982
0.766976
0.76696
0.766924
0.76686
0.76679
0.766734
0.766684
0.766635
0.766587
0.766549
0.766532
0.766546
0.766602
0.766709
0.766861
0.766964
0.766987
0.76699
0.76699
0.76699
0.76699
0.76699
0.76699
0.76699
0.76699
0.76699
0.76699
0.76699
0.76699
0.76699
0.76699
0.76699
0.76699
0.76699
0.76699
0.76699
0.76699
0.76699
0.76699
0.76699
0.76699
0.76699
0.76699
0.76699
0.76699
0.76699
0.76699
0.76699
0.76699
0.76699
0.76699
0.76699
0.76699
0.76699
0.76699
0.76699
0.76699
0.76699
0.76699
0.76699
0.76699
0.76699
0.76699
0.76699
0.76699
0.76699
0.76699
0.76699
0.76699
0.76699
0.76699
0.76699
)
;
    }
    sides
    {
        type            inletOutlet;
        inletValue      uniform 0.76699;
        value           uniform 0.76699;
    }
    front
    {
        type            empty;
    }
    back
    {
        type            empty;
    }
    roller
    {
        type            zeroGradient;
    }
    burner
    {
        type            fixedValue;
        value           uniform 0.732;
    }
}


// ************************************************************************* //
