/*--------------------------------*- C++ -*----------------------------------*\
  =========                 |
  \\      /  F ield         | OpenFOAM: The Open Source CFD Toolbox
   \\    /   O peration     | Website:  https://openfoam.org
    \\  /    A nd           | Version:  dev
     \\/     M anipulation  |
\*---------------------------------------------------------------------------*/
FoamFile
{
    version     2.0;
    format      ascii;
    class       volScalarField;
    location    "2500";
    object      rho;
}
// * * * * * * * * * * * * * * * * * * * * * * * * * * * * * * * * * * * * * //

dimensions      [1 -3 0 0 0 0 0];

internalField   nonuniform List<scalar> 
9851
(
1.17171
1.17154
1.17161
1.17151
1.1712
1.17167
1.17149
1.17099
1.17118
1.17175
1.17152
1.17091
1.17084
1.17124
1.17179
1.17153
1.17087
1.17064
1.17091
1.17136
1.17179
1.17156
1.17094
1.17051
1.17057
1.17096
1.17143
1.17182
1.17159
1.17101
1.17044
1.17032
1.17065
1.17109
1.1715
1.17185
1.17159
1.17101
1.17044
1.17019
1.1703
1.17076
1.17118
1.17153
1.17186
1.17163
1.17105
1.17049
1.17013
1.1701
1.1704
1.17089
1.17129
1.17157
1.17186
1.17162
1.17108
1.17055
1.17011
1.16992
1.17011
1.1705
1.17099
1.17133
1.1716
1.17187
1.17166
1.17114
1.17067
1.17016
1.16984
1.16991
1.17023
1.17066
1.17104
1.17136
1.17162
1.17188
1.17164
1.17118
1.17075
1.17014
1.16977
1.16972
1.16995
1.17037
1.17077
1.1711
1.17139
1.17165
1.17189
1.17167
1.17123
1.17073
1.17019
1.16978
1.1696
1.16974
1.17011
1.17052
1.17085
1.17115
1.17142
1.17166
1.17191
1.17165
1.17121
1.17078
1.1703
1.16981
1.16952
1.16952
1.16981
1.17021
1.17062
1.17092
1.17117
1.17143
1.17167
1.1719
1.17166
1.17127
1.17086
1.17032
1.16982
1.16949
1.16942
1.16956
1.16993
1.17032
1.17068
1.17096
1.17121
1.17145
1.17168
1.17191
1.17166
1.17129
1.17086
1.1704
1.16991
1.16948
1.16931
1.1694
1.16971
1.17006
1.17043
1.17074
1.17102
1.17123
1.17146
1.17168
1.1719
1.17166
1.17129
1.17092
1.17046
1.16997
1.16952
1.16926
1.16924
1.16943
1.16983
1.17018
1.17052
1.1708
1.17103
1.17125
1.17148
1.17169
1.17191
1.17167
1.17132
1.17094
1.1705
1.17008
1.16964
1.16924
1.16911
1.16925
1.16954
1.16993
1.17029
1.17059
1.17084
1.17106
1.17127
1.17149
1.17169
1.17191
1.17168
1.17134
1.17096
1.17058
1.17018
1.16967
1.16922
1.16906
1.16908
1.16934
1.16968
1.17005
1.17039
1.17067
1.17088
1.1711
1.17128
1.17149
1.1717
1.17191
1.1717
1.17135
1.17098
1.17064
1.17022
1.16971
1.16927
1.169
1.16896
1.16912
1.16945
1.16981
1.17017
1.17046
1.17069
1.17091
1.1711
1.1713
1.17149
1.17171
1.17191
1.1717
1.17134
1.17101
1.1707
1.17026
1.16978
1.16933
1.16899
1.16889
1.16896
1.16925
1.16958
1.16993
1.17025
1.1705
1.17071
1.17092
1.17112
1.17131
1.1715
1.1717
1.17192
1.1717
1.17136
1.17106
1.17071
1.17033
1.16992
1.16944
1.16901
1.16881
1.16885
1.16901
1.16938
1.16969
1.17002
1.1703
1.17054
1.17076
1.17093
1.17112
1.1713
1.1715
1.1717
1.17192
1.17172
1.17139
1.17108
1.17072
1.17038
1.16996
1.16953
1.16906
1.16879
1.16873
1.16888
1.16914
1.16947
1.16981
1.17011
1.17035
1.17058
1.17076
1.17095
1.17113
1.17131
1.1715
1.1717
1.17192
1.17172
1.17142
1.17112
1.17077
1.17043
1.17007
1.16961
1.1691
1.16879
1.16866
1.16872
1.16894
1.16927
1.16961
1.16994
1.17017
1.17038
1.17061
1.17077
1.17095
1.17113
1.17131
1.1715
1.1717
1.17192
1.17172
1.17143
1.17114
1.17081
1.17048
1.17013
1.16966
1.16922
1.1688
1.16862
1.1686
1.16877
1.16904
1.1694
1.16971
1.17
1.17021
1.17042
1.17061
1.17078
1.17096
1.17113
1.17131
1.17151
1.1717
1.17191
1.17174
1.17144
1.17118
1.17085
1.17054
1.17015
1.16979
1.16929
1.16886
1.1686
1.16852
1.16862
1.16888
1.16918
1.16951
1.16981
1.17003
1.17024
1.17044
1.17063
1.17079
1.17096
1.17114
1.17131
1.1715
1.17171
1.17191
1.17176
1.17146
1.17119
1.17088
1.1706
1.17021
1.16986
1.16936
1.16893
1.16861
1.16848
1.16848
1.16867
1.169
1.1693
1.1696
1.16986
1.17008
1.17028
1.17045
1.17063
1.1708
1.17096
1.17113
1.17131
1.17149
1.1717
1.1719
1.17176
1.17149
1.17122
1.17092
1.17065
1.17026
1.16994
1.16947
1.16902
1.16863
1.16844
1.16841
1.16853
1.16877
1.16911
1.16941
1.16968
1.1699
1.17012
1.17029
1.17048
1.17063
1.17079
1.17095
1.17112
1.17131
1.17149
1.17169
1.1719
1.17176
1.1715
1.17123
1.17095
1.17066
1.17033
1.16995
1.16953
1.16912
1.16868
1.16843
1.16834
1.16841
1.16862
1.16892
1.16922
1.1695
1.16973
1.16995
1.17014
1.17031
1.17047
1.17063
1.17079
1.17095
1.17112
1.17129
1.17149
1.17169
1.1719
1.17178
1.17152
1.17126
1.17099
1.1707
1.17038
1.17
1.16963
1.16919
1.16874
1.16844
1.1683
1.16832
1.16847
1.16874
1.16904
1.16932
1.16957
1.16978
1.16997
1.17016
1.17031
1.17048
1.17063
1.17079
1.17094
1.17111
1.17129
1.17147
1.17167
1.17189
1.17179
1.17154
1.17128
1.17102
1.17076
1.17043
1.17007
1.16972
1.16934
1.1688
1.16847
1.16827
1.16823
1.16834
1.16858
1.16886
1.16915
1.1694
1.16961
1.16981
1.17
1.17017
1.17032
1.17048
1.17063
1.17078
1.17093
1.1711
1.17127
1.17146
1.17166
1.17188
1.17179
1.17155
1.17132
1.17107
1.17077
1.17045
1.17012
1.16978
1.16939
1.16889
1.1685
1.16827
1.16817
1.16823
1.16842
1.16869
1.16898
1.16923
1.16946
1.16965
1.16984
1.17001
1.17017
1.17032
1.17048
1.17063
1.17077
1.17092
1.17109
1.17125
1.17144
1.17164
1.17188
1.1718
1.17155
1.17132
1.17106
1.17081
1.1705
1.17017
1.16985
1.16947
1.16898
1.16858
1.16828
1.16814
1.16814
1.16828
1.16853
1.1688
1.16907
1.1693
1.16951
1.16969
1.16986
1.17003
1.17018
1.17033
1.17047
1.17062
1.17076
1.17091
1.17107
1.17123
1.17142
1.17163
1.17199
1.17185
1.17179
1.17156
1.17134
1.17109
1.17084
1.17053
1.17024
1.16989
1.16952
1.16909
1.16866
1.16831
1.16812
1.16807
1.16817
1.16839
1.16865
1.16891
1.16915
1.16935
1.16954
1.16971
1.16988
1.17003
1.17018
1.17032
1.17047
1.1706
1.17074
1.17089
1.17104
1.17121
1.17143
1.17172
1.17159
1.17199
1.17185
1.1718
1.1716
1.17137
1.17112
1.17086
1.17056
1.17026
1.16994
1.16959
1.16919
1.16874
1.16835
1.16811
1.16802
1.16807
1.16825
1.16851
1.16877
1.169
1.16921
1.16939
1.16957
1.16973
1.16988
1.17003
1.17018
1.17032
1.17045
1.17058
1.17072
1.17086
1.17102
1.17124
1.17115
1.17147
1.1713
1.17135
1.17171
1.17158
1.17199
1.17184
1.17181
1.17159
1.17138
1.17115
1.17088
1.1706
1.1703
1.16999
1.16965
1.16926
1.16883
1.16842
1.16812
1.16798
1.16799
1.16813
1.16836
1.16862
1.16886
1.16907
1.16925
1.16942
1.16958
1.16973
1.16989
1.17003
1.17017
1.1703
1.17043
1.17056
1.17069
1.17084
1.17106
1.17096
1.17118
1.17145
1.17123
1.17133
1.1717
1.17156
1.17198
1.17183
1.17181
1.17159
1.1714
1.17116
1.17091
1.17064
1.17035
1.17004
1.16972
1.16935
1.16891
1.16849
1.16814
1.16797
1.16793
1.16802
1.16823
1.16848
1.16873
1.16893
1.16911
1.16928
1.16944
1.16959
1.16974
1.16988
1.17002
1.17016
1.17029
1.17041
1.17053
1.17067
1.17088
1.17079
1.17107
1.17096
1.17112
1.17143
1.17121
1.1713
1.17168
1.17154
1.17198
1.17182
1.17181
1.1716
1.17141
1.17116
1.17095
1.17066
1.17038
1.17009
1.16977
1.16943
1.16902
1.16857
1.16819
1.16796
1.16788
1.16794
1.16811
1.16835
1.16859
1.16881
1.16899
1.16915
1.1693
1.16944
1.16959
1.16974
1.16988
1.17001
1.17014
1.17026
1.17038
1.17052
1.1707
1.17062
1.17086
1.17077
1.17101
1.17091
1.17109
1.1714
1.17117
1.17126
1.17166
1.17151
1.17197
1.1718
1.17182
1.1716
1.17144
1.17119
1.17096
1.17069
1.17043
1.17013
1.16983
1.16951
1.16909
1.16868
1.16827
1.16797
1.16785
1.16786
1.168
1.16823
1.16847
1.16869
1.16887
1.16903
1.16917
1.16931
1.16945
1.16959
1.16973
1.16987
1.17
1.17012
1.17024
1.17037
1.17055
1.17047
1.17068
1.1706
1.17081
1.17072
1.17098
1.17087
1.17105
1.17136
1.17113
1.17122
1.17163
1.17147
1.17197
1.17178
1.1718
1.1716
1.17143
1.17119
1.17096
1.17073
1.17046
1.17018
1.16988
1.16956
1.16919
1.16876
1.16834
1.16801
1.16783
1.1678
1.16791
1.16812
1.16836
1.16858
1.16876
1.16892
1.16905
1.16918
1.16931
1.16944
1.16958
1.16972
1.16986
1.16998
1.1701
1.17023
1.17039
1.17033
1.17052
1.17045
1.17064
1.17056
1.17078
1.17068
1.17094
1.17083
1.17101
1.17132
1.17108
1.17117
1.17161
1.17144
1.17196
1.17176
1.17181
1.17162
1.17142
1.17121
1.17096
1.17074
1.17047
1.1702
1.16991
1.16961
1.16927
1.16885
1.16844
1.16807
1.16783
1.16775
1.16782
1.16802
1.16826
1.16849
1.16868
1.16882
1.16894
1.16906
1.16918
1.1693
1.16943
1.16957
1.16971
1.16984
1.16996
1.17009
1.17026
1.17019
1.17037
1.17031
1.17048
1.17041
1.1706
1.17051
1.17073
1.17063
1.17089
1.17078
1.17096
1.17127
1.17103
1.17111
1.17158
1.17139
1.17195
1.17174
1.1718
1.17161
1.17141
1.17123
1.17099
1.17075
1.17051
1.17023
1.16996
1.16967
1.16934
1.16897
1.16852
1.16813
1.16784
1.16771
1.16774
1.16791
1.16817
1.16841
1.1686
1.16874
1.16884
1.16894
1.16904
1.16915
1.16928
1.16941
1.16955
1.16969
1.16982
1.16995
1.17012
1.17006
1.17023
1.17016
1.17032
1.17024
1.17042
1.17032
1.17053
1.17041
1.17067
1.17054
1.17083
1.1707
1.17089
1.17121
1.17096
1.17104
1.17154
1.17134
1.17194
1.17172
1.1718
1.17161
1.17143
1.17123
1.171
1.17081
1.17055
1.17026
1.17
1.16972
1.16942
1.16906
1.1686
1.16819
1.16787
1.1677
1.16767
1.16779
1.16804
1.16832
1.16851
1.16863
1.1687
1.16875
1.16881
1.16891
1.16905
1.16921
1.16938
1.16953
1.16968
1.16981
1.16999
1.1699
1.17009
1.17001
1.17014
1.17002
1.17018
1.16997
1.17024
1.16996
1.17036
1.17003
1.17053
1.17023
1.17074
1.17051
1.17078
1.17115
1.17084
1.17093
1.1715
1.17128
1.17193
1.17169
1.17179
1.17159
1.17142
1.17123
1.17101
1.17086
1.17057
1.1703
1.17003
1.16976
1.16947
1.16914
1.16871
1.16828
1.16794
1.1677
1.16761
1.16769
1.1679
1.16817
1.16838
1.16845
1.16837
1.16816
1.16796
1.168
1.16832
1.16872
1.16905
1.1693
1.16949
1.16966
1.16981
1.16979
1.16992
1.16984
1.16988
1.16971
1.1697
1.16931
1.16948
1.16872
1.16941
1.16825
1.1696
1.16829
1.17003
1.1689
1.17049
1.16978
1.1705
1.17105
1.17056
1.17069
1.17145
1.17121
1.17192
1.17167
1.17178
1.17157
1.17139
1.1712
1.17099
1.17087
1.1706
1.17032
1.17006
1.1698
1.16953
1.16921
1.16882
1.16837
1.16798
1.16772
1.16758
1.1676
1.16777
1.16803
1.1682
1.16813
1.16758
1.16646
1.16515
1.16459
1.16535
1.16668
1.1679
1.1687
1.16915
1.16944
1.16952
1.16973
1.16958
1.16952
1.16928
1.16884
1.16824
1.16771
1.16639
1.16649
1.16412
1.16584
1.16234
1.16644
1.16197
1.16796
1.1639
1.16957
1.16698
1.16949
1.17087
1.1696
1.16993
1.1714
1.17109
1.17192
1.17164
1.17175
1.17153
1.17135
1.17117
1.17097
1.17086
1.17065
1.17033
1.17009
1.16984
1.16957
1.16927
1.16892
1.16847
1.16806
1.16774
1.16757
1.16755
1.16768
1.16791
1.16804
1.16772
1.16641
1.16371
1.16054
1.15822
1.15803
1.16034
1.16401
1.16668
1.16819
1.16895
1.16918
1.16844
1.16793
1.16905
1.16873
1.16758
1.16675
1.16485
1.16311
1.16137
1.15832
1.1581
1.15351
1.15624
1.15002
1.15692
1.14891
1.161
1.15143
1.16621
1.15842
1.16598
1.17038
1.16644
1.16756
1.17134
1.17084
1.17191
1.17161
1.17171
1.17146
1.17129
1.17112
1.17095
1.17085
1.17065
1.17032
1.17009
1.16985
1.1696
1.16931
1.169
1.16857
1.16815
1.16778
1.16757
1.16752
1.16762
1.16782
1.1679
1.16731
1.16509
1.16092
1.15589
1.152
1.14999
1.15079
1.15483
1.16114
1.1655
1.16765
1.16831
1.16734
1.16636
1.16371
1.16213
1.16589
1.16479
1.1613
1.15928
1.15521
1.15216
1.14904
1.14476
1.14389
1.13821
1.14093
1.13362
1.14135
1.13196
1.14631
1.13442
1.15678
1.14236
1.15662
1.16897
1.15819
1.16126
1.17123
1.17018
1.1719
1.17157
1.17165
1.17137
1.17118
1.17106
1.17094
1.17082
1.17064
1.1703
1.17007
1.16986
1.16962
1.16936
1.16908
1.16867
1.16823
1.16785
1.16758
1.16749
1.16759
1.16776
1.16779
1.16693
1.16389
1.15826
1.15203
1.14661
1.14296
1.14149
1.14352
1.14995
1.15893
1.16451
1.16596
1.16428
1.1641
1.16057
1.15824
1.15301
1.15066
1.15724
1.15511
1.14928
1.14643
1.14085
1.13738
1.13325
1.12888
1.12717
1.12167
1.12368
1.11668
1.12381
1.11476
1.12877
1.11698
1.14
1.12473
1.13986
1.16519
1.14285
1.14923
1.17099
1.16847
1.17189
1.17152
1.17167
1.17133
1.17109
1.17097
1.17089
1.17078
1.17059
1.17024
1.17003
1.16984
1.16962
1.16937
1.16911
1.16872
1.16834
1.16792
1.1676
1.16746
1.16751
1.16771
1.16771
1.16669
1.16295
1.15624
1.14861
1.14262
1.13805
1.13476
1.13369
1.13728
1.14658
1.15738
1.16138
1.15377
1.15636
1.15183
1.14834
1.14582
1.13887
1.1364
1.14375
1.14124
1.13428
1.13141
1.12511
1.12192
1.11713
1.11334
1.1109
1.10627
1.10736
1.10141
1.10734
1.09943
1.11183
1.10132
1.12269
1.10856
1.12309
1.15731
1.12639
1.13329
1.17046
1.16442
1.17189
1.17145
1.17153
1.17112
1.1709
1.17072
1.17062
1.17043
1.17014
1.16996
1.1698
1.1696
1.16938
1.16914
1.1688
1.16843
1.16798
1.16764
1.16745
1.16744
1.16763
1.16768
1.1666
1.16241
1.15473
1.14647
1.14048
1.13611
1.13225
1.12887
1.12797
1.13338
1.14485
1.15321
1.14808
1.13768
1.13428
1.14334
1.14036
1.134
1.13152
1.12421
1.12201
1.12879
1.12644
1.11916
1.11672
1.11023
1.10776
1.10269
1.09989
1.09686
1.09355
1.09376
1.09016
1.09357
1.08936
1.09723
1.08998
1.10714
1.09507
1.10802
1.14433
1.11163
1.1186
1.16926
1.15723
1.17187
1.17125
1.17156
1.17096
1.17055
1.17022
1.17011
1.16998
1.16985
1.16972
1.16956
1.16936
1.16912
1.16882
1.1685
1.16806
1.16769
1.16745
1.16738
1.16752
1.16763
1.1666
1.16228
1.15394
1.14573
1.14097
1.13712
1.13298
1.12872
1.12491
1.12415
1.13111
1.14093
1.13942
1.13111
1.12833
1.12363
1.12108
1.12901
1.12638
1.11992
1.11777
1.11104
1.10962
1.11457
1.11276
1.10571
1.10404
1.09773
1.09617
1.09117
1.08941
1.08788
1.08629
1.08725
1.08604
1.08727
1.08641
1.08787
1.08619
1.09432
1.08655
1.09565
1.12988
1.09904
1.10386
1.11509
1.16667
1.14635
1.1719
1.17105
1.17156
1.17065
1.17008
1.16982
1.16979
1.16971
1.16961
1.16948
1.16932
1.16912
1.16887
1.16856
1.16815
1.16774
1.16746
1.16735
1.16743
1.16757
1.16666
1.16235
1.15384
1.14599
1.14231
1.1398
1.13668
1.13177
1.12579
1.12146
1.12101
1.12721
1.12831
1.11945
1.11929
1.11702
1.11333
1.1134
1.11576
1.11403
1.10814
1.10718
1.10083
1.10044
1.10267
1.10173
1.09495
1.09417
1.08815
1.08744
1.08505
1.0841
1.08514
1.08421
1.08601
1.08562
1.0864
1.08739
1.08523
1.08695
1.08598
1.08471
1.08464
1.09178
1.08653
1.10844
1.12719
1.11335
1.09582
1.08858
1.08767
1.09839
1.16321
1.12059
1.12892
1.14528
1.17193
1.17123
1.17148
1.17018
1.16957
1.16958
1.16954
1.16946
1.16937
1.16924
1.16908
1.16886
1.16856
1.16821
1.16779
1.16749
1.16733
1.16735
1.16749
1.1668
1.16263
1.15406
1.14664
1.14371
1.14262
1.14318
1.14188
1.13308
1.12301
1.11808
1.11721
1.11778
1.11633
1.1146
1.115
1.11371
1.11418
1.10972
1.11129
1.10738
1.10815
1.10089
1.10224
1.09416
1.09566
1.09358
1.09362
1.08703
1.08712
1.08343
1.08328
1.08327
1.08244
1.08499
1.0839
1.08835
1.08776
1.09048
1.09105
1.09158
1.0859
1.08847
1.09341
1.09095
1.08442
1.0842
1.0839
1.08579
1.08405
1.10233
1.10758
1.09069
1.08533
1.08444
1.09331
1.13988
1.16474
1.15178
1.11437
1.12303
1.17197
1.16347
1.16989
1.17163
1.17123
1.16967
1.16927
1.16931
1.16928
1.16921
1.16913
1.169
1.16882
1.16857
1.16826
1.16787
1.16753
1.16732
1.16729
1.16742
1.16698
1.16325
1.15467
1.14755
1.14503
1.14527
1.14905
1.1527
1.14807
1.13313
1.11978
1.11465
1.11288
1.11298
1.11478
1.11542
1.11684
1.11287
1.11434
1.10975
1.11288
1.1045
1.10697
1.09826
1.10125
1.09147
1.0945
1.08769
1.08908
1.08339
1.08404
1.0819
1.08185
1.08267
1.0816
1.08591
1.08361
1.0911
1.08987
1.08851
1.08666
1.09452
1.09453
1.09309
1.09244
1.08859
1.09182
1.09602
1.09455
1.0854
1.08336
1.08475
1.08851
1.08299
1.097
1.10196
1.08677
1.08286
1.0831
1.08899
1.13395
1.14733
1.10851
1.11708
1.17158
1.17204
1.17194
1.16119
1.16902
1.1707
1.16914
1.16898
1.16903
1.16901
1.16896
1.16888
1.16875
1.16855
1.16827
1.16793
1.16756
1.16733
1.16725
1.16735
1.16714
1.16406
1.15578
1.14855
1.14628
1.14757
1.15369
1.15963
1.15841
1.14967
1.13185
1.11749
1.11284
1.11177
1.11446
1.12252
1.12207
1.12074
1.12198
1.11599
1.11871
1.11406
1.11889
1.10487
1.10924
1.09826
1.10305
1.09118
1.09547
1.08562
1.08797
1.08219
1.08326
1.08086
1.08079
1.08124
1.07921
1.08474
1.08247
1.08045
1.07823
1.09104
1.089
1.08648
1.08374
1.0958
1.09434
1.09354
1.09157
1.09221
1.09547
1.09686
1.09709
1.08803
1.08397
1.08719
1.09221
1.08317
1.09222
1.09674
1.08392
1.08255
1.08221
1.08549
1.12817
1.14213
1.1029
1.11118
1.17142
1.17206
1.17194
1.15758
1.16737
1.16974
1.16867
1.16868
1.16873
1.16874
1.16872
1.16863
1.16849
1.16827
1.16797
1.16761
1.16734
1.16722
1.16728
1.16724
1.16492
1.1572
1.14961
1.14743
1.14949
1.15696
1.16319
1.16386
1.16023
1.1499
1.13144
1.11706
1.11322
1.11555
1.12769
1.13116
1.13259
1.12917
1.13051
1.12325
1.12675
1.12142
1.12755
1.10871
1.11497
1.10088
1.10729
1.09261
1.0978
1.08535
1.08843
1.08133
1.08282
1.07748
1.07697
1.07634
1.07436
1.07281
1.07135
1.08094
1.07805
1.07521
1.07246
1.08875
1.08556
1.08212
1.07852
1.09492
1.09164
1.0915
1.08812
1.09606
1.09792
1.09531
1.09767
1.09173
1.08606
1.09076
1.0962
1.08475
1.08807
1.09196
1.08228
1.08344
1.08234
1.08303
1.12216
1.13622
1.09753
1.10525
1.17104
1.17207
1.17194
1.15244
1.16473
1.16856
1.16827
1.16835
1.16844
1.16848
1.16846
1.16838
1.16822
1.16798
1.16766
1.16736
1.16721
1.16722
1.16727
1.16573
1.15887
1.15076
1.14845
1.15097
1.15918
1.16495
1.1663
1.16528
1.16087
1.15016
1.13403
1.12198
1.12147
1.13295
1.14477
1.14726
1.14219
1.14327
1.13971
1.14131
1.13285
1.13695
1.12954
1.13656
1.11446
1.12202
1.10391
1.11079
1.09309
1.09848
1.08524
1.08865
1.07746
1.07884
1.06688
1.06593
1.06992
1.06762
1.06568
1.06441
1.07486
1.07124
1.06777
1.06456
1.08417
1.07997
1.07559
1.07118
1.09133
1.08728
1.08641
1.08257
1.09848
1.09834
1.09128
1.09576
1.09582
1.08934
1.09488
1.09872
1.08753
1.08469
1.0877
1.08171
1.08558
1.08369
1.08168
1.11571
1.12937
1.09243
1.09924
1.17046
1.17207
1.17181
1.14554
1.16101
1.16788
1.16786
1.16802
1.16816
1.16823
1.16822
1.16813
1.16796
1.16768
1.16738
1.16721
1.16717
1.16726
1.16639
1.16069
1.15205
1.14934
1.15196
1.16053
1.16581
1.16728
1.16727
1.16586
1.16135
1.15267
1.14327
1.14014
1.14873
1.16029
1.15908
1.1621
1.15517
1.15692
1.15117
1.1535
1.14274
1.14768
1.13355
1.14082
1.11822
1.12591
1.10471
1.11162
1.08954
1.09499
1.08138
1.08497
1.06661
1.068
1.05555
1.05534
1.05703
1.05596
1.06174
1.05937
1.05752
1.05621
1.06687
1.06279
1.05911
1.05598
1.07757
1.07245
1.06738
1.06252
1.0857
1.08095
1.07948
1.07519
1.09887
1.09628
1.08529
1.09146
1.09859
1.09334
1.09807
1.09915
1.0912
1.08234
1.08416
1.0821
1.08877
1.08611
1.08112
1.10857
1.12088
1.08767
1.09306
1.16888
1.17169
1.17045
1.13602
1.1535
1.16722
1.16737
1.16766
1.16788
1.16799
1.16799
1.16789
1.16768
1.16739
1.16721
1.16713
1.1672
1.16684
1.1625
1.1536
1.15018
1.15252
1.16105
1.16615
1.1676
1.16791
1.16765
1.16625
1.16296
1.15894
1.15785
1.1611
1.16584
1.16791
1.16847
1.16613
1.16738
1.16315
1.16478
1.15769
1.16094
1.14745
1.15316
1.13437
1.14178
1.11902
1.12668
1.10121
1.10807
1.07918
1.08492
1.07062
1.07442
1.05802
1.0597
1.06121
1.05177
1.05306
1.05612
1.0545
1.05352
1.05173
1.05077
1.05089
1.05805
1.05417
1.05103
1.04873
1.06939
1.06378
1.05855
1.05393
1.07836
1.07303
1.07123
1.06664
1.09694
1.09196
1.07772
1.0853
1.09928
1.09697
1.09903
1.09762
1.09504
1.08091
1.08152
1.08356
1.09243
1.08922
1.0815
1.10082
1.11091
1.08344
1.08714
1.16305
1.16364
1.16128
1.12328
1.13786
1.1663
1.16676
1.16731
1.16765
1.16778
1.16778
1.16765
1.1674
1.16722
1.16711
1.16714
1.16706
1.16417
1.15556
1.151
1.15282
1.16102
1.16618
1.16766
1.16805
1.16814
1.1679
1.16704
1.16603
1.16579
1.16677
1.16825
1.16917
1.16901
1.16923
1.16811
1.16869
1.16567
1.16718
1.15966
1.16329
1.14862
1.15465
1.13187
1.14017
1.11554
1.12353
1.09153
1.0989
1.06969
1.07395
1.06362
1.06664
1.05762
1.05909
1.06409
1.06509
1.05166
1.05391
1.05903
1.05658
1.04747
1.04746
1.04824
1.04984
1.05009
1.04718
1.04536
1.04489
1.0606
1.05517
1.05057
1.04698
1.06996
1.06434
1.06256
1.05798
1.09289
1.08584
1.06925
1.07763
1.09833
1.0985
1.09858
1.09413
1.09741
1.08009
1.07972
1.08593
1.09552
1.09253
1.08268
1.0929
1.10017
1.08019
1.0821
1.14508
1.12834
1.12464
1.10746
1.11195
1.16501
1.16612
1.16702
1.16745
1.16759
1.16755
1.16739
1.16722
1.16709
1.16709
1.16712
1.16552
1.15797
1.15184
1.15285
1.16078
1.16608
1.16761
1.16803
1.16821
1.1683
1.16824
1.16814
1.16818
1.16851
1.16896
1.16927
1.16941
1.16944
1.16929
1.1694
1.16861
1.16906
1.16629
1.16778
1.15994
1.16379
1.14793
1.15464
1.12631
1.1362
1.1072
1.11645
1.07959
1.08703
1.06886
1.07131
1.06554
1.066
1.06791
1.06125
1.06291
1.07157
1.07178
1.05478
1.0588
1.06625
1.06277
1.04537
1.0467
1.04853
1.05116
1.04446
1.0433
1.04327
1.04392
1.05245
1.04798
1.04467
1.04261
1.06135
1.05593
1.05444
1.05036
1.08696
1.07822
1.06072
1.06917
1.0955
1.09849
1.09668
1.08867
1.09791
1.08008
1.07847
1.08872
1.09683
1.09483
1.08459
1.08555
1.08964
1.07794
1.07833
1.10847
1.12437
1.09601
1.09195
1.09004
1.16355
1.1656
1.16682
1.16728
1.1674
1.16736
1.16722
1.16708
1.16704
1.16711
1.16638
1.16058
1.15292
1.15274
1.16012
1.16572
1.16744
1.16795
1.16815
1.16831
1.16843
1.16854
1.16866
1.16885
1.16908
1.16927
1.16943
1.16949
1.1695
1.16942
1.16948
1.16887
1.16925
1.16661
1.16809
1.15975
1.16398
1.14551
1.15357
1.11963
1.13189
1.09641
1.10752
1.07491
1.0803
1.07558
1.07497
1.07694
1.07155
1.07098
1.07649
1.07765
1.06895
1.07071
1.0808
1.0806
1.0604
1.06577
1.07536
1.07096
1.04555
1.04772
1.05113
1.05543
1.04196
1.04211
1.04303
1.0445
1.04605
1.04305
1.04142
1.04108
1.05345
1.04882
1.04774
1.04464
1.07956
1.06984
1.05296
1.06071
1.09075
1.09742
1.09296
1.0817
1.09741
1.08077
1.07787
1.09132
1.09671
1.09547
1.08659
1.0797
1.08127
1.07634
1.07567
1.08521
1.16039
1.10383
1.08126
1.07844
1.16228
1.16532
1.16671
1.16717
1.16727
1.1672
1.16706
1.167
1.16705
1.1668
1.16302
1.15462
1.15262
1.15886
1.16483
1.16702
1.16773
1.16803
1.16819
1.16837
1.16853
1.16867
1.16884
1.16904
1.16922
1.16936
1.1695
1.16945
1.16952
1.16951
1.16946
1.16951
1.16895
1.1693
1.16673
1.16821
1.15944
1.16401
1.14317
1.1525
1.1106
1.12427
1.08786
1.09805
1.07768
1.08094
1.08266
1.08075
1.08864
1.08714
1.07984
1.07877
1.08444
1.08622
1.07861
1.08035
1.09046
1.09022
1.06594
1.07263
1.08443
1.07905
1.04681
1.05029
1.0546
1.05982
1.04136
1.04235
1.04387
1.0463
1.04188
1.04067
1.0405
1.04083
1.04702
1.04364
1.04297
1.04112
1.07138
1.06143
1.04665
1.05299
1.08445
1.09476
1.08752
1.07385
1.09598
1.08186
1.078
1.09285
1.09603
1.09499
1.08829
1.07553
1.07532
1.07526
1.07374
1.0795
1.16351
1.10125
1.07438
1.07269
1.16147
1.16531
1.16668
1.16707
1.16713
1.16704
1.16697
1.16699
1.16695
1.16488
1.15706
1.1527
1.15731
1.16356
1.1661
1.16728
1.16779
1.16806
1.16821
1.16839
1.16857
1.16872
1.16889
1.16908
1.16927
1.16939
1.16951
1.16948
1.16956
1.16955
1.16948
1.16955
1.16884
1.16928
1.16601
1.16789
1.15686
1.16258
1.13732
1.14839
1.10429
1.1154
1.08655
1.09443
1.08647
1.08639
1.0908
1.09251
1.09051
1.09936
1.09722
1.08927
1.08785
1.09458
1.09647
1.08829
1.09008
1.0999
1.09989
1.07093
1.07833
1.09221
1.08572
1.04951
1.05352
1.05838
1.06419
1.0419
1.04341
1.0458
1.04878
1.04019
1.04014
1.04053
1.0416
1.04246
1.0406
1.04034
1.03992
1.06305
1.05368
1.04224
1.04669
1.07706
1.09052
1.0811
1.06561
1.09306
1.08309
1.0784
1.09292
1.09444
1.09402
1.0891
1.07262
1.07139
1.07475
1.07234
1.07512
1.12006
1.08023
1.06991
1.06893
1.16131
1.16544
1.16668
1.16698
1.16699
1.16693
1.16693
1.16697
1.16603
1.15997
1.15324
1.15568
1.16204
1.16481
1.16639
1.16735
1.16783
1.16808
1.16824
1.1684
1.16857
1.16873
1.16891
1.16913
1.1693
1.16946
1.16957
1.16953
1.16961
1.1696
1.16946
1.16958
1.16836
1.16913
1.1635
1.1667
1.14989
1.15804
1.12741
1.13935
1.10512
1.1135
1.09371
1.09848
1.09546
1.09392
1.10612
1.10621
1.1037
1.10156
1.11219
1.11027
1.09929
1.09804
1.10568
1.10729
1.09692
1.0992
1.10838
1.1088
1.07636
1.0844
1.09896
1.09221
1.05251
1.05706
1.06251
1.06897
1.04326
1.04556
1.04844
1.05187
1.03998
1.04048
1.04177
1.04365
1.04041
1.0398
1.04001
1.03995
1.05523
1.04738
1.04085
1.04257
1.06958
1.08538
1.07468
1.05838
1.08937
1.08406
1.07907
1.0921
1.09199
1.09216
1.08869
1.07056
1.06883
1.07486
1.07142
1.06869
1.10217
1.06914
1.06722
1.0659
1.16161
1.16567
1.16668
1.16689
1.16689
1.16688
1.16695
1.16659
1.16273
1.15478
1.15449
1.16031
1.16336
1.16498
1.16651
1.16744
1.16787
1.1681
1.16827
1.16842
1.16858
1.16874
1.16895
1.16918
1.16935
1.16954
1.16956
1.16947
1.1696
1.16964
1.16963
1.16946
1.1696
1.16799
1.16904
1.16118
1.16566
1.14435
1.15392
1.12322
1.13375
1.11655
1.12087
1.11135
1.11322
1.10841
1.1069
1.11679
1.11881
1.11548
1.11397
1.12482
1.12369
1.10882
1.10832
1.11669
1.11751
1.10397
1.10705
1.11602
1.11703
1.08188
1.09062
1.1059
1.09893
1.05599
1.06094
1.06683
1.07385
1.04583
1.04854
1.05167
1.05534
1.04053
1.04223
1.044
1.04625
1.04046
1.04023
1.04064
1.04088
1.04948
1.04404
1.04141
1.04199
1.0632
1.08035
1.06927
1.05313
1.08541
1.08437
1.07978
1.09026
1.08849
1.0888
1.08698
1.06896
1.06701
1.07524
1.07083
1.06466
1.15401
1.08253
1.06524
1.06377
1.16226
1.16591
1.16668
1.16681
1.16683
1.16687
1.1668
1.16474
1.15732
1.15419
1.1583
1.16187
1.16344
1.165
1.16673
1.16757
1.1679
1.16812
1.1683
1.16847
1.16861
1.16876
1.169
1.16925
1.16938
1.16957
1.16954
1.16949
1.16963
1.16966
1.16965
1.16948
1.16963
1.16799
1.16906
1.16096
1.1656
1.14425
1.15357
1.12697
1.13487
1.13438
1.13736
1.12974
1.12947
1.13268
1.1223
1.1206
1.13061
1.1318
1.12643
1.12575
1.1351
1.13454
1.11752
1.11769
1.12686
1.12683
1.11086
1.11398
1.12329
1.12486
1.08705
1.09667
1.11294
1.1056
1.05966
1.0648
1.07096
1.07843
1.04885
1.05182
1.05517
1.05895
1.04289
1.04483
1.04719
1.04977
1.04155
1.0413
1.0423
1.04358
1.04675
1.04419
1.04359
1.04328
1.058
1.07528
1.06324
1.05049
1.08025
1.08292
1.07873
1.08697
1.08275
1.08339
1.08369
1.06786
1.06565
1.07478
1.07055
1.06443
1.16718
1.11043
1.06364
1.06241
1.1631
1.16611
1.16666
1.16676
1.1668
1.16683
1.16592
1.16039
1.15442
1.15632
1.16033
1.16192
1.16316
1.16521
1.16703
1.16763
1.16792
1.16813
1.16832
1.1685
1.16863
1.16879
1.16907
1.16928
1.16943
1.1696
1.16957
1.16951
1.16966
1.1697
1.16969
1.16957
1.16968
1.16838
1.16923
1.16284
1.16648
1.15058
1.1572
1.14075
1.14488
1.13761
1.14301
1.13364
1.13344
1.13564
1.13343
1.1338
1.13288
1.13423
1.13515
1.13556
1.13548
1.13865
1.13789
1.12598
1.12658
1.1355
1.13524
1.11798
1.12096
1.13028
1.13211
1.09072
1.10087
1.11981
1.11133
1.06327
1.06838
1.07447
1.08201
1.0526
1.05567
1.05903
1.06274
1.04584
1.0486
1.05147
1.05415
1.04491
1.04462
1.04851
1.04696
1.04771
1.04694
1.05124
1.04845
1.05491
1.06846
1.05964
1.05176
1.07298
1.08008
1.07656
1.08246
1.07658
1.07847
1.08037
1.0672
1.06455
1.07308
1.06944
1.06882
1.16793
1.11804
1.06244
1.06227
1.16393
1.16626
1.16665
1.16675
1.16681
1.16648
1.16316
1.15545
1.15513
1.15861
1.16047
1.16129
1.16311
1.16579
1.16723
1.1677
1.16794
1.16815
1.16834
1.16852
1.16864
1.16885
1.16913
1.16932
1.1695
1.16954
1.16941
1.16963
1.16959
1.16969
1.16975
1.16973
1.16971
1.16976
1.1691
1.16954
1.1664
1.16815
1.15973
1.1636
1.14909
1.1549
1.12821
1.11855
1.12625
1.13178
1.13187
1.13199
1.12355
1.13708
1.13617
1.13228
1.13327
1.13967
1.13917
1.13773
1.1367
1.13363
1.1347
1.13986
1.13985
1.12523
1.12789
1.1363
1.13795
1.09214
1.10225
1.12366
1.11376
1.06674
1.07117
1.07656
1.08349
1.05699
1.05981
1.06281
1.06573
1.04992
1.05379
1.05668
1.05949
1.05314
1.05223
1.05578
1.0567
1.05116
1.05156
1.05354
1.05429
1.05608
1.06485
1.06131
1.05474
1.06952
1.07816
1.07532
1.0791
1.07345
1.0763
1.07834
1.06618
1.06357
1.07199
1.06837
1.07379
1.17106
1.13782
1.06155
1.06303
1.16465
1.16637
1.16666
1.16673
1.16668
1.16501
1.15814
1.15495
1.15683
1.15906
1.15966
1.16086
1.16339
1.16636
1.16742
1.16775
1.16797
1.16817
1.16836
1.16853
1.16865
1.16892
1.16917
1.16934
1.16955
1.16951
1.16945
1.16965
1.16962
1.16971
1.16981
1.16977
1.16983
1.16982
1.16958
1.16978
1.16805
1.16911
1.16188
1.16587
1.1452
1.15528
1.11146
1.09952
1.10899
1.11205
1.09966
1.12067
1.12087
1.1061
1.1356
1.13445
1.12118
1.12236
1.13941
1.1386
1.1297
1.12786
1.13895
1.13965
1.14003
1.14024
1.13098
1.13436
1.13866
1.13975
1.09252
1.10211
1.12434
1.11396
1.06882
1.07264
1.07753
1.08378
1.0617
1.06396
1.0658
1.06792
1.06216
1.06312
1.06577
1.06674
1.08627
1.05729
1.0864
1.061
1.05603
1.05759
1.08368
1.08458
1.0604
1.06566
1.06425
1.06017
1.06995
1.077
1.07444
1.07788
1.0737
1.07698
1.07797
1.06546
1.06262
1.07103
1.06722
1.07838
1.17036
1.13729
1.06118
1.06439
1.16523
1.16645
1.16666
1.1667
1.166
1.16139
1.15532
1.15551
1.15762
1.15825
1.15871
1.1608
1.16426
1.16688
1.16752
1.16779
1.168
1.16819
1.16839
1.16854
1.16869
1.16898
1.16918
1.16938
1.16958
1.16954
1.16946
1.16968
1.16964
1.16974
1.16985
1.1698
1.16989
1.16989
1.16971
1.16986
1.16804
1.16926
1.15732
1.16485
1.12254
1.14329
1.0921
1.08145
1.08999
1.09543
1.08461
1.10333
1.10342
1.0869
1.12597
1.124
1.10396
1.10547
1.1332
1.1315
1.11458
1.11201
1.14018
1.14037
1.13462
1.13592
1.13297
1.1367
1.13746
1.13778
1.09052
1.09867
1.12143
1.11032
1.07042
1.07394
1.07786
1.08264
1.06787
1.06892
1.07014
1.07157
1.08951
1.08974
1.08965
1.09001
1.10998
1.08663
1.11029
1.08756
1.08428
1.08411
1.10919
1.10908
1.0844
1.06847
1.08552
1.08234
1.07269
1.07696
1.07429
1.07848
1.07661
1.07919
1.07855
1.06444
1.06193
1.07032
1.06672
1.07696
0.896671
1.11498
1.06118
1.06422
1.16566
1.16653
1.16665
1.16644
1.16392
1.15666
1.15506
1.15619
1.15701
1.15697
1.15831
1.16128
1.16548
1.16719
1.1676
1.16782
1.16803
1.16823
1.16841
1.16854
1.16875
1.16901
1.1692
1.1694
1.16948
1.1696
1.16955
1.16971
1.16967
1.16977
1.16988
1.16982
1.16992
1.16992
1.16967
1.16988
1.16605
1.16882
1.14301
1.15862
1.09297
1.11933
1.07465
1.06733
1.07516
1.08264
1.07263
1.08456
1.08467
1.0701
1.10972
1.10751
1.08513
1.08642
1.11976
1.11722
1.09533
1.09266
1.13761
1.13681
1.12195
1.12418
1.13137
1.13585
1.12927
1.12935
1.08466
1.09033
1.11024
1.09935
1.07307
1.07536
1.0782
1.07996
1.09008
1.09036
1.09041
1.09029
1.11061
1.11081
1.11038
1.11047
1.13522
1.11017
1.13532
1.11054
1.10859
1.1092
1.13485
1.13481
1.10774
1.08672
1.10811
1.10781
1.08834
1.07666
1.07503
1.07972
1.09039
1.0922
1.0777
1.06389
1.06134
1.0699
1.06601
1.07119
0.477186
1.02771
1.06105
1.06316
1.16598
1.16655
1.16656
1.1654
1.15975
1.15521
1.15512
1.15585
1.15562
1.15603
1.15834
1.16256
1.16647
1.16736
1.16765
1.16786
1.16806
1.16826
1.16843
1.16855
1.1688
1.16904
1.1692
1.16941
1.16949
1.1695
1.16962
1.16956
1.16973
1.16968
1.16979
1.16989
1.16984
1.16994
1.16993
1.16936
1.16985
1.16149
1.16743
1.1244
1.14771
1.07529
1.07277
1.08727
1.09877
1.06127
1.05752
1.06434
1.0648
1.0677
1.06816
1.05734
1.09021
1.08817
1.06792
1.06853
1.10063
1.09808
1.07507
1.07304
1.12812
1.12622
1.10325
1.1061
1.12104
1.12762
1.11168
1.11253
1.0807
1.08199
1.08857
1.08382
1.08998
1.08954
1.07943
1.0797
1.10984
1.10981
1.10891
1.10834
1.13522
1.13523
1.13485
1.13471
1.15798
1.13502
1.158
1.13546
1.13451
1.13489
1.1579
1.15786
1.1339
1.10833
1.13402
1.13411
1.10888
1.07726
1.07482
1.09376
1.10994
1.11095
1.08061
1.09505
1.0633
1.06101
1.07091
1.06546
1.06451
0.407997
0.876031
1.06071
1.06194
1.16622
1.16653
1.16612
1.16276
1.15607
1.15475
1.1548
1.15457
1.15424
1.15571
1.15921
1.16442
1.16698
1.16745
1.16769
1.16789
1.16809
1.16829
1.16845
1.16859
1.16886
1.16905
1.16921
1.16942
1.16951
1.16953
1.16957
1.16963
1.16975
1.1697
1.1698
1.16992
1.16986
1.16995
1.16996
1.16878
1.16975
1.15556
1.16526
1.113
1.13681
1.06848
1.07418
1.08171
1.09228
1.05215
1.05188
1.05783
1.06185
1.05421
1.05534
1.0485
1.07111
1.06962
1.05372
1.0537
1.0793
1.07725
1.05675
1.0557
1.11139
1.10897
1.08178
1.0846
1.09797
1.10825
1.08433
1.08801
1.08608
1.08031
1.07616
1.07869
1.10737
1.10686
1.08774
1.08787
1.13408
1.13394
1.13303
1.13272
1.158
1.15799
1.15787
1.15776
1.15798
1.1581
1.15775
1.15786
1.15757
1.13394
1.15757
1.15765
1.13405
1.07623
1.07537
1.11208
1.1345
1.13494
1.09503
1.11295
1.06304
1.06062
1.07065
1.06565
1.04102
0.355974
0.592455
1.06023
1.05899
1.16635
1.16637
1.16472
1.15842
1.15487
1.15417
1.15373
1.15297
1.15344
1.15603
1.161
1.16606
1.16721
1.16751
1.16773
1.16793
1.16813
1.16831
1.16845
1.16864
1.16888
1.16906
1.16922
1.16942
1.16954
1.16954
1.16959
1.1696
1.16964
1.16976
1.16971
1.16982
1.16995
1.16989
1.16996
1.16998
1.16828
1.16966
1.15214
1.16363
1.11133
1.13281
1.06777
1.07447
1.081
1.09798
1.08206
1.09021
1.04683
1.05038
1.05592
1.06181
1.04419
1.04601
1.0429
1.05467
1.05397
1.04286
1.04204
1.05928
1.05799
1.04212
1.04183
1.08864
1.08716
1.06111
1.06331
1.07431
1.07736
1.06158
1.05953
1.08484
1.10281
1.0803
1.0831
1.13198
1.1315
1.10427
1.10396
1.15758
1.15748
1.15717
1.15708
1.15755
1.15758
1.07926
1.0969
1.07352
1.13553
1.15769
1.15781
1.11374
1.136
1.06261
1.06029
1.07113
1.06569
0.965646
0.344414
0.458265
1.05965
1.04863
1.16633
1.16575
1.16162
1.15556
1.15406
1.15312
1.15205
1.15166
1.15331
1.15741
1.16352
1.16679
1.16732
1.16756
1.16776
1.16796
1.16816
1.16833
1.16845
1.16868
1.16889
1.16907
1.16922
1.16941
1.16955
1.16955
1.16961
1.16962
1.16966
1.16967
1.16978
1.16973
1.16984
1.16997
1.16991
1.16997
1.17
1.16826
1.16966
1.15239
1.1636
1.11602
1.10039
1.13439
1.06905
1.07752
1.08628
1.09546
1.04509
1.05082
1.05632
1.06454
1.03714
1.03971
1.04021
1.0417
1.04174
1.03516
1.0337
1.04287
1.04248
1.0316
1.03177
1.06327
1.06347
1.04382
1.04419
1.06913
1.06561
1.05788
1.04984
1.10137
1.12947
1.09797
1.07503
1.09995
1.15676
1.15662
1.13077
1.13008
1.0969
1.11461
1.07449
1.09692
1.15797
1.13648
1.15812
1.06226
1.05991
1.07116
1.06538
0.837903
0.337914
0.395155
1.05808
1.02226
1.16612
1.16399
1.15753
1.15424
1.15295
1.15149
1.15045
1.15111
1.15413
1.15984
1.16579
1.16709
1.16739
1.1676
1.1678
1.16799
1.16818
1.16834
1.16847
1.16871
1.16892
1.16908
1.16922
1.1694
1.16955
1.16955
1.16963
1.16963
1.16968
1.1697
1.16974
1.16979
1.16986
1.16999
1.16992
1.17001
1.17003
1.16863
1.16976
1.15594
1.16489
1.12747
1.11143
1.10516
1.14125
1.07388
1.08336
1.09247
1.10157
1.04518
1.05387
1.05962
1.07019
1.03265
1.03601
1.03982
1.03216
1.03274
1.03004
1.02812
1.03287
1.032
1.02697
1.02616
1.04638
1.04452
1.03512
1.03667
1.07442
1.07098
1.05113
1.12862
1.15585
1.12751
1.09635
1.12809
1.15632
1.15607
1.1154
1.137
1.09496
1.11562
1.15831
1.06228
1.0595
1.06923
1.09659
1.06688
0.693648
0.334469
0.370903
1.05471
0.964856
1.16542
1.16049
1.15491
1.15302
1.15136
1.14972
1.1494
1.15136
1.15616
1.16313
1.16668
1.16721
1.16743
1.16763
1.16783
1.16802
1.1682
1.16835
1.1685
1.16872
1.16894
1.16909
1.16921
1.16939
1.16954
1.16954
1.16964
1.16964
1.1697
1.16971
1.16976
1.16977
1.16981
1.16987
1.17001
1.16994
1.17006
1.17006
1.16924
1.16992
1.16144
1.16697
1.11882
1.12661
1.13728
1.14221
1.10909
1.15139
1.08105
1.09099
1.10005
1.04736
1.05919
1.06558
1.07834
1.03052
1.03479
1.04056
1.02611
1.02682
1.02728
1.02511
1.03036
1.02832
1.026
1.02422
1.04219
1.03808
1.03264
1.03487
1.09746
1.07101
1.09752
1.15566
1.15546
1.12743
1.15545
1.13755
1.15846
1.11457
1.13775
1.06202
1.05916
1.07376
1.09534
1.11632
1.0671
0.584814
0.332565
0.357967
1.04513
0.882298
1.16372
1.15652
1.15329
1.15143
1.14947
1.14826
1.14918
1.15286
1.15939
1.16575
1.16699
1.16727
1.16747
1.16766
1.16785
1.16804
1.16822
1.16834
1.16853
1.16872
1.16896
1.16909
1.16921
1.16938
1.16953
1.16952
1.16964
1.16963
1.16971
1.16971
1.16978
1.16978
1.16983
1.16984
1.16989
1.17003
1.16996
1.17012
1.17009
1.1698
1.17008
1.16655
1.16885
1.1174
1.12636
1.13553
1.14562
1.148
1.10875
1.16158
1.09008
1.09993
1.05158
1.06654
1.07383
1.0883
1.03015
1.03496
1.04353
1.0238
1.02399
1.02654
1.02421
1.03005
1.02792
1.02618
1.02383
1.04584
1.03701
1.03217
1.03686
1.12816
1.07005
1.09915
1.12858
1.15552
1.15866
1.13763
1.15879
1.06169
1.05756
1.09313
1.11567
1.13818
1.06696
1.09403
0.505592
0.331507
0.350843
1.02362
0.797546
1.16061
1.15412
1.15162
1.14952
1.14768
1.14755
1.15009
1.15572
1.16346
1.16665
1.1671
1.16731
1.16749
1.16769
1.16787
1.16806
1.16822
1.16834
1.16855
1.16873
1.16896
1.16912
1.16921
1.16938
1.16952
1.16951
1.16963
1.16962
1.16972
1.16972
1.16979
1.16979
1.16985
1.16986
1.16991
1.17004
1.16998
1.17016
1.17011
1.17014
1.17018
1.16928
1.16989
1.11801
1.12731
1.1357
1.14437
1.15325
1.1554
1.10971
1.16799
1.1606
1.10013
1.05766
1.07553
1.08378
1.09908
1.03058
1.03611
1.04826
1.02315
1.02319
1.02665
1.02418
1.03074
1.02836
1.02752
1.02435
1.07222
1.03421
1.07198
1.15573
1.10015
1.12958
1.15591
1.15879
1.06081
1.05534
1.11462
1.13801
1.15886
1.06679
1.09326
1.11458
0.452164
0.330888
0.346426
0.987226
0.718838
1.15703
1.15216
1.14967
1.14755
1.14648
1.14789
1.15243
1.15987
1.16594
1.16692
1.16715
1.16734
1.16752
1.1677
1.16788
1.16807
1.16822
1.16835
1.16855
1.16873
1.16894
1.16912
1.16922
1.16937
1.16951
1.16949
1.16961
1.16959
1.16972
1.16972
1.16979
1.16979
1.16986
1.16987
1.16992
1.16993
1.17006
1.16999
1.17018
1.17012
1.17025
1.17023
1.17012
1.17023
1.11958
1.12933
1.1366
1.14466
1.15247
1.15966
1.11076
1.16985
1.16573
1.16789
1.06548
1.08561
1.09428
1.11014
1.03254
1.03975
1.05465
1.02321
1.02318
1.02731
1.02463
1.03278
1.0294
1.02894
1.0254
1.10166
1.0724
1.10231
1.13022
1.1562
1.06048
1.04774
1.13763
1.15886
1.06684
1.09209
1.11392
1.13762
0.415258
0.330537
0.343843
0.94156
0.651285
1.15408
1.1501
1.14762
1.1459
1.14625
1.14965
1.1563
1.16439
1.16667
1.16701
1.16718
1.16737
1.16753
1.16772
1.16788
1.16805
1.16821
1.16836
1.16853
1.16872
1.16895
1.16909
1.16924
1.16936
1.16949
1.16949
1.16958
1.16958
1.16971
1.1697
1.16979
1.16979
1.16988
1.16988
1.16993
1.16994
1.17
1.17006
1.17019
1.17013
1.17029
1.17025
1.17035
1.17033
1.12106
1.13032
1.13829
1.14535
1.15271
1.15947
1.16493
1.17033
1.16948
1.17006
1.16796
1.07478
1.09673
1.10534
1.12025
1.03555
1.04426
1.06261
1.0237
1.02356
1.02918
1.02546
1.03319
1.07312
1.0308
1.03267
1.02787
1.13122
1.10286
1.13167
1.15644
1.05918
1.03606
1.15878
1.06674
1.09097
1.113
1.1373
1.15873
0.39176
0.330337
0.342232
0.89121
0.595753
1.15144
1.14789
1.14573
1.14515
1.14741
1.15305
1.16151
1.16622
1.16686
1.16704
1.1672
1.16739
1.16754
1.16773
1.16789
1.16804
1.16822
1.16837
1.16854
1.1687
1.16895
1.16907
1.16922
1.16951
1.16935
1.16957
1.16955
1.16969
1.16966
1.16979
1.16979
1.16988
1.16988
1.16995
1.16995
1.17001
1.17001
1.17007
1.1702
1.17014
1.17032
1.17026
1.17041
1.17037
1.12975
1.13897
1.14645
1.15316
1.15958
1.16482
1.17045
1.17034
1.17044
1.16953
1.17014
1.16815
1.08549
1.1083
1.11616
1.03959
1.05029
1.07208
1.02509
1.02476
1.03174
1.0277
1.07199
1.10382
1.03476
1.03698
1.03154
1.1567
1.13195
1.15684
1.05792
1.01809
1.06645
1.08985
1.11211
1.13676
1.15866
0.379304
0.330287
0.341725
0.840847
0.548144
1.14878
1.1458
1.14448
1.14571
1.15028
1.15811
1.16532
1.16669
1.16692
1.16706
1.16721
1.1674
1.16755
1.16774
1.1679
1.16804
1.16823
1.16836
1.16851
1.1687
1.1689
1.16905
1.16921
1.1695
1.16966
1.16965
1.16933
1.16966
1.16966
1.16978
1.16977
1.16988
1.16987
1.16995
1.16995
1.17002
1.17003
1.17008
1.17021
1.17015
1.17033
1.17027
1.17045
1.17039
1.12663
1.13864
1.14689
1.15373
1.15977
1.16482
1.1705
1.17049
1.17052
1.17037
1.17047
1.16962
1.1702
1.16822
1.09729
1.1199
1.0445
1.05761
1.08302
1.0274
1.02674
1.03482
1.02991
1.10357
1.0757
1.13246
1.03851
1.07575
1.03615
1.15691
1.05439
0.994333
1.06599
1.08881
1.11114
1.13622
1.15851
0.371502
0.330368
0.342236
0.794376
0.515211
1.1462
1.14416
1.1445
1.148
1.15502
1.16373
1.16644
1.1668
1.16694
1.16707
1.16722
1.16738
1.16753
1.16769
1.16786
1.16801
1.16823
1.16835
1.16848
1.16866
1.16883
1.16904
1.16916
1.1695
1.16964
1.16962
1.16975
1.16973
1.1693
1.16976
1.16976
1.16987
1.16986
1.16995
1.16995
1.17003
1.17003
1.17009
1.17009
1.17022
1.17016
1.17034
1.17029
1.17048
1.17041
1.13652
1.14671
1.15398
1.15999
1.16485
1.17053
1.17054
1.17056
1.17051
1.17054
1.17041
1.1705
1.16964
1.17023
1.16826
1.10967
1.13122
1.05023
1.06633
1.09518
1.03039
1.02919
1.038
1.03219
1.13227
1.10489
1.157
1.07426
1.10437
1.04046
1.04989
0.969917
1.06544
1.08821
1.1102
1.1356
1.15835
0.369817
0.330625
0.343743
0.751727
0.490704
1.14415
1.1437
1.14618
1.15231
1.16133
1.16602
1.16667
1.16682
1.16695
1.16709
1.16724
1.16737
1.16752
1.16768
1.16782
1.16799
1.16822
1.16832
1.16847
1.16865
1.16877
1.16899
1.16911
1.16964
1.16947
1.16971
1.16969
1.16983
1.16983
1.16926
1.16984
1.16983
1.16995
1.16994
1.17004
1.17004
1.1701
1.1701
1.17017
1.17023
1.17036
1.1703
1.1705
1.17043
1.14535
1.15389
1.16009
1.16491
1.17056
1.17058
1.17059
1.17056
1.17058
1.17054
1.17057
1.17044
1.17053
1.16966
1.17026
1.16827
1.12237
1.14161
1.05668
1.07635
1.10821
1.03377
1.03168
1.04153
1.03477
1.15701
1.13284
1.07621
1.10374
1.13249
1.04061
1.04371
0.941281
1.06473
1.08728
1.10955
1.13501
1.15816
0.372245
0.332193
0.350339
0.716812
0.484019
1.14318
1.14481
1.15001
1.15861
1.16534
1.16653
1.16671
1.16682
1.16693
1.16707
1.16723
1.16735
1.16749
1.16765
1.16778
1.16796
1.16817
1.16829
1.16843
1.1686
1.16873
1.16892
1.16907
1.16962
1.16978
1.16977
1.16943
1.16982
1.1698
1.16991
1.16991
1.16922
1.16993
1.16992
1.17003
1.17003
1.17011
1.17011
1.17017
1.17018
1.17024
1.17037
1.17031
1.17051
1.17044
1.1531
1.16004
1.16497
1.17058
1.17061
1.17063
1.17059
1.17061
1.17059
1.17061
1.17057
1.1706
1.17048
1.17057
1.16968
1.17029
1.16829
1.13472
1.15083
1.06376
1.08745
1.12194
1.0383
1.03446
1.04505
1.0372
1.15711
1.10357
1.0735
1.13228
1.15699
1.03325
0.913607
1.06298
1.08711
1.10874
1.13458
1.15797
0.380354
0.341609
0.377319
0.690164
0.487699
1.1438
1.14813
1.15609
1.16431
1.16637
1.1666
1.16671
1.16683
1.16693
1.16707
1.16721
1.16732
1.16746
1.16761
1.16772
1.16789
1.16808
1.16827
1.16839
1.16856
1.16872
1.16887
1.16902
1.16962
1.16974
1.16973
1.16987
1.16984
1.16939
1.1699
1.16989
1.17
1.16999
1.16917
1.17002
1.17001
1.17011
1.1701
1.17018
1.17019
1.17025
1.17038
1.17032
1.17053
1.17046
1.15961
1.16496
1.17059
1.17064
1.17065
1.17063
1.17064
1.17063
1.17066
1.17062
1.17065
1.17061
1.17063
1.17051
1.17059
1.1697
1.17031
1.16827
1.14596
1.15835
1.07107
1.09969
1.13527
1.04164
1.03753
1.04847
1.03956
1.13228
1.10205
1.07336
1.15694
1.02178
0.884639
1.05985
1.08664
1.10836
1.13406
1.15782
0.398906
0.581085
0.574129
0.674573
0.507051
1.14655
1.15385
1.16307
1.16615
1.16651
1.16661
1.1667
1.16682
1.16692
1.16705
1.16718
1.1673
1.16742
1.16756
1.16771
1.16787
1.16802
1.16823
1.16834
1.16851
1.16864
1.16882
1.16893
1.16973
1.16959
1.16981
1.16978
1.16996
1.16994
1.16932
1.16999
1.16997
1.17008
1.17007
1.16909
1.1701
1.17009
1.17019
1.17018
1.17025
1.17026
1.17039
1.17032
1.17054
1.17046
1.16477
1.17066
1.1706
1.17065
1.17066
1.17067
1.17068
1.17067
1.17069
1.17066
1.17067
1.17061
1.17063
1.1705
1.17055
1.16972
1.17027
1.16819
1.15523
1.16413
1.07849
1.1126
1.14705
1.04175
1.04098
1.05155
1.04146
1.15682
1.13088
1.1004
1.0702
1.00398
0.856313
1.05838
1.08687
1.10771
1.13379
1.15766
0.438605
1.16825
0.951073
0.667859
0.542154
1.15195
1.16144
1.16588
1.16642
1.16652
1.1666
1.16669
1.1668
1.16691
1.16704
1.16715
1.16727
1.16739
1.16753
1.16766
1.16782
1.16794
1.16812
1.16825
1.16841
1.16856
1.16877
1.16886
1.16972
1.16989
1.16987
1.16957
1.16991
1.16989
1.17005
1.17003
1.16926
1.17006
1.17006
1.17017
1.17015
1.16903
1.17018
1.17017
1.17026
1.17026
1.17033
1.1704
1.17054
1.17047
1.17068
1.17072
1.17071
1.17061
1.1707
1.17071
1.1707
1.17071
1.17068
1.17069
1.17062
1.17059
1.17054
1.17045
1.17041
1.17039
1.16962
1.17011
1.16787
1.16226
1.08555
1.12555
1.15604
1.04233
1.05415
1.04296
1.15633
1.1302
1.09819
1.06857
0.981686
0.831065
1.04764
1.08737
1.10805
1.13337
1.15755
0.552499
1.17171
1.14049
0.668566
0.561742
1.1597
1.16547
1.16634
1.16644
1.16651
1.16658
1.16668
1.16678
1.1669
1.167
1.16713
1.16725
1.16736
1.16748
1.16761
1.16775
1.16792
1.16808
1.16821
1.16833
1.16846
1.1687
1.16877
1.16988
1.16969
1.16996
1.16993
1.16951
1.17001
1.16999
1.17013
1.17011
1.16922
1.17014
1.17014
1.17024
1.17023
1.16893
1.17025
1.17025
1.17033
1.17033
1.1704
1.17054
1.17047
1.17073
1.17069
1.17073
1.17075
1.17075
1.17061
1.17073
1.17074
1.17069
1.1707
1.17055
1.17053
1.1703
1.17011
1.17011
1.16965
1.17011
1.16963
1.16927
1.16949
1.16668
1.09138
1.13679
1.16173
1.04324
1.05577
1.04375
1.156
1.12729
1.09401
1.06492
0.954305
0.809873
1.03078
1.06172
1.08543
1.1079
1.1335
1.15744
0.774116
1.17195
1.1654
0.663941
0.618798
1.16498
1.16624
1.16637
1.16642
1.16649
1.16657
1.16667
1.16676
1.16689
1.16696
1.16708
1.16721
1.16732
1.16744
1.16757
1.1677
1.16785
1.16801
1.16815
1.16826
1.16838
1.16859
1.16871
1.16985
1.17
1.16999
1.16965
1.17005
1.17002
1.16941
1.17009
1.17007
1.1702
1.17019
1.16913
1.17022
1.17021
1.17031
1.1703
1.16883
1.17033
1.17032
1.1704
1.17054
1.17047
1.17075
1.17069
1.17075
1.17074
1.17075
1.17079
1.17077
1.17061
1.17074
1.17076
1.17053
1.17055
1.16994
1.16985
1.16909
1.16858
1.16866
1.16733
1.16915
1.16738
1.16792
1.16783
1.09473
1.14379
1.16288
1.04409
1.05572
1.04376
1.15511
1.12615
1.09141
1.06354
0.929018
0.790327
1.05771
1.01394
1.08592
1.1072
1.13338
1.1574
1.0344
1.17204
1.17137
0.651656
0.778696
1.16613
1.1663
1.16634
1.1664
1.16647
1.16656
1.16665
1.16673
1.16684
1.16694
1.16704
1.16716
1.1673
1.16741
1.16752
1.16765
1.16776
1.16793
1.16805
1.16818
1.16832
1.1685
1.16862
1.16998
1.16982
1.17007
1.17004
1.16959
1.17013
1.1701
1.16934
1.17018
1.17016
1.17029
1.17028
1.16904
1.17029
1.1703
1.17039
1.17039
1.16873
1.1704
1.1704
1.17054
1.17047
1.17079
1.17076
1.17069
1.17075
1.17075
1.1708
1.17079
1.17076
1.17061
1.17063
1.17071
1.16983
1.16987
1.16808
1.16779
1.16603
1.16484
1.1649
1.16208
1.16594
1.16206
1.16205
1.09467
1.14484
1.04414
1.05418
1.04363
1.15472
1.1238
1.08955
1.0594
0.898488
0.754414
1.05541
0.987633
1.08669
1.10848
1.13288
1.15737
1.15284
1.17204
1.17189
0.681066
1.01911
1.16622
1.16627
1.16632
1.16638
1.16646
1.16655
1.16664
1.16672
1.16682
1.16691
1.16702
1.16711
1.16724
1.16736
1.16747
1.16762
1.16769
1.16786
1.16797
1.16811
1.16823
1.1684
1.1685
1.16997
1.17012
1.1701
1.16978
1.17017
1.17014
1.16955
1.17023
1.17021
1.16924
1.17026
1.17024
1.17035
1.17034
1.16895
1.17038
1.17037
1.17046
1.17045
1.16862
1.17047
1.17054
1.17081
1.17076
1.17079
1.1708
1.17069
1.17079
1.17079
1.17082
1.17075
1.17062
1.17061
1.1701
1.17038
1.16771
1.16777
1.16371
1.16299
1.15965
1.15751
1.15709
1.15244
1.15774
1.15067
1.14303
1.09296
1.05245
1.04324
1.0604
1.15391
1.12241
1.08529
0.866985
0.713717
1.04539
0.958458
1.10837
1.08534
1.13357
1.15727
1.16948
1.17205
1.17195
0.78063
1.13413
1.16619
1.16624
1.1663
1.16637
1.16645
1.16654
1.16662
1.16671
1.1668
1.1669
1.16699
1.1671
1.16721
1.16732
1.16742
1.16755
1.16766
1.16781
1.16789
1.16804
1.16814
1.1683
1.1684
1.1701
1.16993
1.1702
1.17017
1.16971
1.17024
1.17022
1.16949
1.17029
1.17027
1.16918
1.17033
1.17031
1.17043
1.17042
1.16883
1.17044
1.17043
1.17053
1.17053
1.16851
1.17081
1.17075
1.1708
1.1708
1.17082
1.17081
1.17068
1.17082
1.17082
1.17083
1.17049
1.1699
1.1706
1.1683
1.1691
1.16278
1.16287
1.15547
1.15416
1.14863
1.14546
1.14293
1.13663
1.13614
1.12688
1.08775
1.05042
1.04263
1.0571
1.08428
1.15347
1.11994
0.808865
0.730786
1.05789
1.02503
0.916713
1.13377
1.10853
1.0861
1.15737
1.17157
1.17205
1.17197
0.991364
1.16463
1.16617
1.16621
1.16628
1.16636
1.16644
1.16652
1.16661
1.1667
1.16679
1.16689
1.16697
1.16706
1.16716
1.16727
1.1674
1.16751
1.16758
1.16773
1.16782
1.16795
1.16806
1.16818
1.16831
1.17008
1.17023
1.17021
1.16988
1.17029
1.17026
1.16965
1.17034
1.17031
1.16939
1.17037
1.17036
1.16911
1.1704
1.17039
1.1705
1.17048
1.16872
1.17052
1.17051
1.17059
1.16841
1.17072
1.17082
1.17075
1.17081
1.17081
1.17085
1.17085
1.17067
1.17085
1.17084
1.17081
1.16936
1.16752
1.16381
1.16551
1.15374
1.1538
1.1425
1.14061
1.13164
1.12771
1.11811
1.11149
1.0824
1.04829
1.04186
1.05715
1.08251
1.11944
1.15272
0.759633
0.791852
1.05578
0.996987
0.847325
1.15741
1.13395
1.10871
1.08337
1.17185
1.17205
1.17198
1.11142
1.17066
1.16615
1.1662
1.16626
1.16636
1.16644
1.16652
1.16661
1.16669
1.16678
1.16687
1.16696
1.16705
1.16714
1.16723
1.16734
1.16745
1.16754
1.16765
1.16775
1.16789
1.16799
1.16808
1.16821
1.1702
1.17006
1.1703
1.17026
1.16981
1.17036
1.17033
1.16959
1.17042
1.17038
1.16929
1.17045
1.17043
1.16899
1.17048
1.17046
1.17056
1.17056
1.16862
1.17059
1.17057
1.17066
1.16831
1.17035
1.17084
1.17081
1.17085
1.17074
1.17085
1.17085
1.17087
1.17087
1.17086
1.17085
1.17067
1.16579
1.16171
1.15513
1.15797
1.13994
1.13992
1.12423
1.12216
1.10676
1.10291
1.07793
1.07427
1.04697
1.04111
1.05613
1.08093
1.11745
1.15256
0.769043
0.961284
1.04448
0.953968
0.794984
1.15756
1.13398
1.1083
1.0542
1.08455
1.1719
1.17206
1.17199
1.15733
1.17168
1.16614
1.1662
1.16627
1.16637
1.16644
1.16653
1.16661
1.16669
1.16678
1.16687
1.16696
1.16705
1.16713
1.16722
1.16732
1.16742
1.16751
1.16761
1.1677
1.16782
1.16793
1.16803
1.16813
1.17018
1.17033
1.17032
1.17005
1.17039
1.17036
1.16975
1.17043
1.17041
1.16955
1.17048
1.17045
1.1692
1.17051
1.1705
1.16884
1.17054
1.17053
1.17062
1.17063
1.16852
1.17065
1.17064
1.17073
1.16823
1.16911
1.17087
1.1708
1.17086
1.17085
1.17087
1.17087
1.17087
1.17089
1.1709
1.17086
1.17083
1.17018
1.158
1.15106
1.1415
1.1455
1.1214
1.12138
1.10018
1.09885
1.07166
1.07045
1.04554
1.04016
1.05512
1.07967
1.11716
1.15186
0.812182
1.0922
1.02261
0.87951
0.800388
1.15759
1.13374
1.10841
1.05335
1.08097
1.17192
1.17206
1.172
1.16915
1.17183
1.16613
1.16619
1.16628
1.16636
1.16645
1.16654
1.16662
1.1667
1.16679
1.16687
1.16696
1.16705
1.16714
1.16722
1.16731
1.1674
1.16749
1.16758
1.16768
1.16778
1.16788
1.16797
1.16807
1.17031
1.17015
1.1704
1.17036
1.16997
1.17045
1.17043
1.1697
1.1705
1.17048
1.16945
1.17054
1.17052
1.16914
1.17057
1.17056
1.16871
1.17062
1.1706
1.17069
1.17067
1.16843
1.17072
1.17071
1.17079
1.16816
1.16499
1.1709
1.17086
1.17086
1.17086
1.1709
1.1709
1.1709
1.17089
1.17091
1.17083
1.1707
1.16885
1.14491
1.13536
1.12336
1.12822
1.09839
1.09869
1.06998
1.07
1.04453
1.044
1.03874
1.05452
1.07876
1.11585
1.15186
0.941209
1.14995
0.981407
0.824213
0.830868
1.15759
1.13398
1.10751
1.039
1.04627
1.08178
1.17194
1.17207
1.17201
1.17141
1.17187
1.16613
1.1662
1.16629
1.16637
1.16646
1.16655
1.16664
1.16672
1.16681
1.16689
1.16698
1.16706
1.16714
1.16723
1.16731
1.1674
1.16749
1.16757
1.16766
1.16775
1.16784
1.16792
1.16801
1.17028
1.17043
1.17041
1.1701
1.17048
1.17046
1.16989
1.17052
1.1705
1.16963
1.17057
1.17054
1.16931
1.17061
1.17059
1.16904
1.17065
1.17063
1.16864
1.17067
1.17066
1.17076
1.17074
1.16833
1.17079
1.17077
1.17086
1.1681
1.1559
1.17093
1.17089
1.1709
1.17089
1.1709
1.17092
1.17092
1.17092
1.17086
1.17092
1.17069
1.17024
1.16539
1.12702
1.11545
1.10154
1.10706
1.07056
1.07284
1.04358
1.04418
1.03762
1.05381
1.07873
1.11557
1.1513
1.07983
1.16737
0.907465
0.826738
0.931397
1.15764
1.13378
1.10748
1.00549
1.04648
1.0812
1.17195
1.17207
1.17202
1.17176
1.17189
1.16614
1.16622
1.16631
1.1664
1.16649
1.16657
1.16666
1.16675
1.16683
1.16691
1.167
1.16708
1.16716
1.16724
1.16732
1.1674
1.16749
1.16757
1.16765
1.16773
1.16782
1.1679
1.16798
1.17041
1.17024
1.17049
1.17045
1.17004
1.17053
1.17051
1.1698
1.17059
1.17057
1.16955
1.17063
1.17061
1.1692
1.17066
1.17065
1.16887
1.1707
1.17069
1.16853
1.17073
1.17071
1.17082
1.1708
1.16825
1.17085
1.17084
1.17091
1.16807
1.14174
1.17095
1.17091
1.17091
1.17092
1.17092
1.17095
1.17094
1.17095
1.17075
1.17089
1.17031
1.16897
1.15667
1.10515
1.09215
1.07638
1.08271
1.04411
1.04578
1.03618
1.03544
1.05305
1.07844
1.11539
1.1513
1.14478
1.17108
0.849004
0.848775
1.07376
1.15758
1.13382
1.10686
0.93289
1.01374
1.05223
1.08027
1.17197
1.17207
1.17202
1.17183
1.17191
1.16616
1.16624
1.16634
1.16643
1.16653
1.16661
1.16671
1.1668
1.16687
1.16697
1.16704
1.16712
1.1672
1.16727
1.16735
1.16742
1.16751
1.16758
1.16766
1.16774
1.16782
1.1679
1.16797
1.17053
1.17038
1.17019
1.17056
1.17055
1.16997
1.17061
1.17058
1.16973
1.17065
1.17063
1.16943
1.17069
1.17066
1.16908
1.17074
1.17071
1.16875
1.17077
1.17075
1.16843
1.17078
1.17077
1.17088
1.17087
1.16819
1.1709
1.17089
1.17094
1.17094
1.16805
1.12235
1.17097
1.17095
1.17094
1.17095
1.17095
1.17098
1.17094
1.17096
1.17047
1.17081
1.16935
1.16617
1.14177
1.08027
1.06613
1.04941
1.05623
1.03464
1.03435
1.03649
1.03418
1.04965
1.07802
1.11522
1.1511
1.16595
1.17168
0.849349
0.93189
1.14178
1.15761
1.13362
1.1062
0.869799
0.935916
1.01033
1.05166
1.0794
1.17198
1.17207
1.17203
1.17186
1.17193
1.16618
1.16628
1.16638
1.16647
1.16657
1.16666
1.16676
1.16684
1.16693
1.16701
1.16709
1.16716
1.16724
1.16731
1.16739
1.16747
1.16753
1.16762
1.16769
1.16777
1.16784
1.16792
1.16799
1.17051
1.17058
1.17065
1.17064
1.17034
1.17013
1.17062
1.1699
1.17066
1.17065
1.16964
1.17072
1.17069
1.16935
1.17075
1.17074
1.16898
1.17079
1.17077
1.16864
1.17082
1.17081
1.16835
1.17086
1.17084
1.17093
1.17092
1.16815
1.17095
1.17094
1.17096
1.17096
1.16807
1.09855
1.171
1.17097
1.17097
1.17098
1.17098
1.171
1.17093
1.17097
1.16982
1.17059
1.16702
1.1603
1.12168
1.05369
1.0423
1.03458
1.03722
1.03324
1.03233
1.05152
1.07684
1.11471
1.15107
1.17077
1.17179
0.866878
1.07208
1.165
1.15758
1.13333
1.10558
0.868478
0.883177
0.92576
1.002
1.05149
1.07807
1.17199
1.17208
1.17203
1.17188
1.17194
1.16622
1.16632
1.16642
1.16652
1.16663
1.16672
1.16681
1.1669
1.16699
1.16707
1.16715
1.16723
1.16729
1.16737
1.16744
1.16752
1.16761
1.16767
1.16774
1.16781
1.16789
1.16796
1.16804
1.17063
1.17048
1.17067
1.1707
1.17067
1.17028
1.17007
1.17069
1.16984
1.17073
1.17071
1.16953
1.17077
1.17075
1.16921
1.17081
1.17079
1.16886
1.17085
1.17083
1.16854
1.17088
1.17086
1.16828
1.1709
1.17089
1.17099
1.17098
1.16813
1.17099
1.17099
1.171
1.17099
1.171
1.16811
1.07134
1.17101
1.171
1.171
1.17101
1.17101
1.17102
1.17088
1.17096
1.16829
1.17004
1.16248
1.14692
1.09584
1.03643
1.03231
1.0311
1.03108
1.0508
1.0502
1.07735
1.1142
1.15075
1.17161
1.17183
0.941015
1.14085
1.17057
1.15752
1.13306
1.10501
0.884961
0.883321
0.891766
0.920067
0.983426
1.04669
1.07404
1.17199
1.17208
1.17204
1.17189
1.17195
1.16626
1.16638
1.16648
1.16659
1.16669
1.16679
1.16688
1.16698
1.16707
1.16715
1.16722
1.1673
1.16739
1.16743
1.16755
1.1676
1.16767
1.16774
1.16781
1.16788
1.16796
1.16804
1.1681
1.17074
1.1706
1.17043
1.17072
1.17076
1.17074
1.17022
1.17
1.17074
1.16974
1.17079
1.17076
1.16944
1.17083
1.17081
1.16907
1.17086
1.17085
1.16875
1.1709
1.17088
1.16843
1.17093
1.17091
1.16823
1.17096
1.17094
1.17103
1.17101
1.16814
1.17101
1.171
1.17102
1.17102
1.17101
1.17102
1.16818
1.0463
1.171
1.17103
1.17103
1.17103
1.17103
1.17103
1.17074
1.17092
1.16443
1.16876
1.15342
1.12516
1.0657
1.0302
1.02996
1.03145
1.03014
1.07627
1.0454
1.07559
1.11416
1.1507
1.17176
1.17185
1.07786
1.16471
1.17156
1.15746
1.13287
1.10344
0.958782
0.902706
0.893957
0.898982
0.919068
0.97112
1.02838
1.0681
1.172
1.17208
1.17204
1.17191
1.17196
1.16631
1.16643
1.16655
1.16666
1.16677
1.16687
1.16696
1.16707
1.16716
1.16723
1.1673
1.16738
1.16747
1.16757
1.16762
1.16771
1.16775
1.16782
1.1679
1.16797
1.16805
1.16813
1.16821
1.17085
1.17072
1.17078
1.17055
1.17037
1.17078
1.17081
1.17017
1.16993
1.17079
1.16964
1.17085
1.17082
1.16933
1.17088
1.17086
1.16896
1.17092
1.1709
1.16862
1.17095
1.17093
1.16836
1.17097
1.17096
1.16821
1.171
1.17099
1.17107
1.17107
1.17104
1.17107
1.16819
1.17104
1.17103
1.17105
1.17105
1.17106
1.16831
1.03431
1.17094
1.17106
1.17106
1.17106
1.17104
1.17102
1.1703
1.17077
1.15659
1.16542
1.13187
1.09677
1.04234
1.02898
1.03075
1.04718
1.1133
1.07213
1.11219
1.15053
1.1718
1.17187
1.14315
1.17048
1.17173
1.1574
1.13221
1.10176
1.08826
0.984014
0.920108
0.9037
0.906718
0.919678
0.962076
1.002
1.06525
1.17201
1.17205
1.17192
1.17197
1.16637
1.1665
1.16663
1.16673
1.16685
1.16695
1.16708
1.16716
1.16724
1.16732
1.16743
1.16751
1.16758
1.16765
1.16773
1.16779
1.16788
1.16796
1.16802
1.16809
1.16817
1.16825
1.16834
1.17083
1.17085
1.17089
1.17094
1.17093
1.17066
1.1705
1.17032
1.17083
1.17087
1.1701
1.16984
1.17086
1.16953
1.17089
1.17088
1.16919
1.17093
1.17091
1.16884
1.17096
1.17095
1.16852
1.171
1.17098
1.16831
1.17103
1.17102
1.16822
1.17106
1.17105
1.17109
1.17108
1.17108
1.17109
1.1711
1.16827
1.17107
1.17106
1.17109
1.17107
1.17108
1.16843
1.03031
1.17071
1.17108
1.17108
1.17107
1.17104
1.17094
1.16903
1.17029
1.13881
1.15696
1.09797
1.0626
1.03209
1.04497
1.0454
1.07285
1.15019
1.11097
1.14978
1.17182
1.17188
1.16531
1.17153
1.17178
1.15722
1.13175
1.10086
1.14718
1.10208
1.01338
0.938867
0.914278
0.915602
0.922966
0.962507
0.965706
1.05805
1.17201
1.17205
1.17201
1.17193
1.17198
1.16643
1.16658
1.16669
1.16684
1.16693
1.16707
1.16717
1.16725
1.16734
1.16745
1.16753
1.1676
1.16769
1.16779
1.16785
1.16792
1.16799
1.16807
1.16814
1.16825
1.16831
1.1684
1.16848
1.17093
1.17081
1.17093
1.17097
1.17099
1.17097
1.17063
1.17045
1.17025
1.17089
1.17002
1.16974
1.17091
1.16941
1.17095
1.17093
1.16907
1.17098
1.17098
1.16872
1.17102
1.171
1.16845
1.17104
1.17103
1.16829
1.17107
1.17106
1.16828
1.1711
1.17109
1.1711
1.17112
1.17111
1.17111
1.17112
1.16838
1.1711
1.17109
1.1711
1.1711
1.1711
1.1686
1.0297
1.16998
1.17108
1.1711
1.17107
1.17101
1.17065
1.16541
1.16881
1.09994
1.13819
1.05922
1.04007
1.02937
1.06906
1.04058
1.07008
1.11078
1.14947
1.17184
1.17189
1.17057
1.17171
1.1718
1.1571
1.13145
1.098
1.16639
1.15236
1.11671
1.04666
0.960689
0.927876
0.923873
0.930963
0.995057
0.936708
1.05671
1.172
1.17206
1.17198
1.17195
1.16649
1.16665
1.16679
1.16691
1.16702
1.16717
1.16726
1.16735
1.16746
1.16756
1.16763
1.16774
1.16781
1.1679
1.16797
1.16805
1.16811
1.1682
1.16832
1.16838
1.16848
1.16857
1.1687
1.17103
1.17089
1.17077
1.17094
1.17098
1.17101
1.17105
1.17103
1.17059
1.17041
1.17019
1.16994
1.16965
1.17096
1.16929
1.17099
1.17098
1.16894
1.17103
1.17101
1.16861
1.17106
1.17105
1.1684
1.17109
1.17108
1.1683
1.17112
1.1711
1.16836
1.17114
1.17113
1.17113
1.17114
1.17113
1.17114
1.17114
1.16853
1.17112
1.17111
1.17113
1.17112
1.17112
1.16879
1.16773
1.17107
1.1711
1.17102
1.17088
1.16964
1.15566
1.16448
1.05455
1.09525
1.03668
1.03055
1.04073
1.10792
1.06486
1.10897
1.14917
1.17186
1.17191
1.17153
1.17176
1.17182
1.15701
1.13049
1.0972
1.17076
1.16772
1.15748
1.13176
1.08082
0.99064
0.946559
0.935565
0.963448
0.935911
0.96567
1.05055
1.17197
1.172
1.17195
1.17207
1.17195
1.16658
1.16672
1.16687
1.167
1.16715
1.16724
1.16735
1.16748
1.16756
1.16765
1.16774
1.16784
1.16795
1.16801
1.1681
1.16817
1.16824
1.16836
1.16845
1.16855
1.16864
1.16875
1.16887
1.17114
1.17102
1.17108
1.17087
1.17072
1.171
1.17103
1.17106
1.17109
1.17054
1.17036
1.17012
1.16985
1.16953
1.17101
1.16916
1.17104
1.17103
1.1688
1.17108
1.17106
1.16853
1.17111
1.17109
1.16837
1.17113
1.17112
1.16837
1.17116
1.17115
1.16848
1.17115
1.17117
1.17116
1.17116
1.17114
1.17116
1.17115
1.17116
1.16872
1.17114
1.17114
1.17115
1.17114
1.17112
1.16898
1.16156
1.17099
1.17109
1.17083
1.17038
1.16654
1.13283
1.15304
1.0321
1.04577
1.02852
1.02872
1.03592
1.06418
1.14802
1.1056
1.14863
1.17188
1.17191
1.1717
1.17178
1.17184
1.15679
1.13017
1.09409
1.17155
1.17101
1.16889
1.16224
1.14431
1.10729
1.03516
0.976029
0.940624
0.951342
0.944781
0.991344
1.05144
1.17194
1.17195
1.172
1.17192
1.17206
1.16662
1.16678
1.16694
1.16708
1.16721
1.16733
1.16747
1.16756
1.16767
1.16778
1.16791
1.16799
1.16808
1.16815
1.16821
1.16832
1.16844
1.1685
1.16861
1.1687
1.16881
1.16893
1.16906
1.17123
1.17112
1.17113
1.17118
1.17098
1.17084
1.17067
1.17105
1.17108
1.17111
1.17114
1.17049
1.17028
1.17003
1.16973
1.1694
1.17107
1.16903
1.17111
1.17109
1.1687
1.17112
1.17111
1.16847
1.17115
1.17113
1.16839
1.17118
1.17116
1.16845
1.17121
1.17119
1.16863
1.17118
1.17119
1.17118
1.17121
1.17117
1.17118
1.17117
1.17119
1.1689
1.17116
1.17115
1.17117
1.17114
1.1711
1.1692
1.14699
1.17075
1.171
1.17018
1.16878
1.15849
1.08634
1.12625
1.02535
1.02467
1.0272
1.03586
1.06012
1.10531
1.14764
1.17188
1.17174
1.17181
1.17185
1.15668
1.12895
1.09394
1.17168
1.17157
1.17121
1.16986
1.16561
1.15433
1.12837
1.08081
0.944942
1.01928
0.945551
0.96619
0.9688
1.04545
1.1719
1.17195
1.17191
1.17192
1.17201
1.17189
1.17206
1.16668
1.16683
1.16701
1.16715
1.1673
1.16742
1.16754
1.16766
1.16778
1.16789
1.16798
1.16809
1.16818
1.16827
1.16837
1.16848
1.1686
1.16871
1.16876
1.16887
1.16899
1.16913
1.16924
1.17134
1.17123
1.17123
1.17127
1.17107
1.17119
1.17095
1.17078
1.17063
1.17109
1.17112
1.17116
1.17043
1.17021
1.16993
1.16962
1.16926
1.1711
1.16891
1.17114
1.17112
1.16861
1.17116
1.17116
1.16846
1.17119
1.17118
1.16845
1.17122
1.1712
1.16856
1.17123
1.17123
1.16882
1.1712
1.17121
1.17121
1.17124
1.17122
1.17119
1.1712
1.1712
1.17121
1.1691
1.17117
1.17118
1.17119
1.17113
1.17101
1.16938
1.11754
1.16998
1.17071
1.16816
1.16424
1.14129
1.03655
1.07532
1.03363
1.02015
1.06065
1.10184
1.14733
1.17177
1.17182
1.17187
1.15637
1.12884
1.08985
1.17173
1.17169
1.17161
1.17136
1.17057
1.16814
1.16141
1.14628
0.979794
1.11448
0.949702
0.961086
0.989173
0.953272
1.04916
1.17191
1.17196
1.17188
1.17189
1.17201
1.17187
1.17206
1.16672
1.16688
1.16709
1.16722
1.16737
1.16749
1.16762
1.16776
1.16787
1.16797
1.16808
1.16821
1.1683
1.16842
1.16854
1.16861
1.16872
1.16882
1.16892
1.16906
1.16921
1.16933
1.16942
1.17143
1.17132
1.17133
1.17137
1.17122
1.17125
1.17129
1.17106
1.17122
1.17091
1.17075
1.17058
1.17114
1.17118
1.17038
1.17012
1.16984
1.16949
1.16913
1.17116
1.1688
1.17119
1.17118
1.16856
1.17123
1.1712
1.16848
1.17123
1.17122
1.16853
1.17126
1.17125
1.16873
1.17127
1.17127
1.16903
1.17122
1.17123
1.17125
1.17126
1.17128
1.17127
1.17121
1.17122
1.17121
1.17123
1.16931
1.17117
1.17119
1.17121
1.17107
1.17074
1.16962
1.06687
1.16776
1.16992
1.16282
1.15358
1.10976
1.0182
1.02801
1.05836
1.02892
1.10313
1.14664
1.17178
1.17184
1.15626
1.1272
1.09127
1.17175
1.17172
1.17168
1.17162
1.17147
1.17106
1.16974
1.16637
1.07212
1.1577
0.955677
1.02649
0.969012
0.956009
0.973938
1.04932
1.17188
1.17191
1.17186
1.17196
1.17186
1.17186
1.17202
1.17184
1.17206
1.16677
1.16694
1.16713
1.16729
1.16744
1.16756
1.1677
1.16782
1.16795
1.16806
1.16822
1.16832
1.16844
1.16853
1.16863
1.16876
1.16884
1.16898
1.16913
1.16925
1.16934
1.16949
1.16968
1.17151
1.17141
1.17142
1.17146
1.1713
1.17134
1.17138
1.17117
1.17126
1.1713
1.17105
1.17123
1.17087
1.17071
1.17051
1.1712
1.17034
1.17004
1.16972
1.16936
1.16902
1.17121
1.1687
1.17124
1.17122
1.16854
1.17125
1.17124
1.16854
1.17128
1.17128
1.16867
1.17129
1.17128
1.16897
1.17128
1.1713
1.1713
1.16921
1.17124
1.17125
1.17129
1.17127
1.17129
1.17122
1.17124
1.17124
1.17125
1.16955
1.17113
1.1712
1.17122
1.17085
1.17007
1.16978
1.02181
1.16233
1.1679
1.15072
1.1336
1.05969
1.01411
1.0115
1.10242
1.0579
1.02879
1.14697
1.17181
1.15585
1.1272
1.09132
1.17178
1.17175
1.17171
1.17168
1.17163
1.17157
1.17131
1.17083
1.14103
1.16894
0.992959
1.11268
0.958795
0.977222
0.982638
0.962059
1.04799
1.17185
1.17186
1.17192
1.17184
1.17197
1.17183
1.17183
1.17202
1.17181
1.17207
1.1668
1.16701
1.16717
1.16735
1.16749
1.16762
1.16776
1.16789
1.16804
1.1682
1.16831
1.16843
1.16853
1.16863
1.16877
1.16887
1.16902
1.16914
1.16927
1.16942
1.16953
1.16971
1.16983
1.1716
1.1715
1.17151
1.17155
1.17139
1.17142
1.17147
1.17129
1.17135
1.1714
1.17114
1.17127
1.17131
1.17101
1.17124
1.17085
1.17067
1.17047
1.17023
1.16995
1.16958
1.16925
1.16887
1.17125
1.16865
1.17128
1.17128
1.16856
1.1713
1.17128
1.16864
1.17131
1.17131
1.16887
1.17133
1.17132
1.16913
1.17131
1.17134
1.17132
1.17133
1.16949
1.17126
1.17129
1.1713
1.17128
1.17131
1.17124
1.17125
1.17125
1.17127
1.16976
1.17101
1.17119
1.17122
1.17038
1.1686
1.16997
1.00623
1.15083
1.16338
1.12991
1.10156
1.01767
1.00789
1.14692
1.10266
1.05928
1.02575
1.15576
1.12729
1.09072
1.17178
1.17176
1.17172
1.1717
1.17167
1.17165
1.17158
1.17152
1.16558
1.17118
1.08083
1.15654
0.969776
1.04788
0.968847
0.983395
0.968868
1.04113
1.17182
1.17187
1.17183
1.17184
1.17192
1.17182
1.17197
1.1718
1.1718
1.17202
1.17207
1.16682
1.16703
1.1672
1.16738
1.16753
1.16768
1.16781
1.16797
1.1681
1.16825
1.1684
1.16852
1.16864
1.16879
1.16887
1.16904
1.16915
1.16928
1.16945
1.16953
1.16975
1.16986
1.17006
1.17169
1.1716
1.1716
1.17164
1.17149
1.17152
1.17156
1.17137
1.17143
1.17148
1.17125
1.17137
1.17141
1.17113
1.17128
1.17132
1.17097
1.1708
1.1706
1.17042
1.17015
1.16981
1.16946
1.16909
1.1688
1.17129
1.16862
1.17132
1.1713
1.16863
1.17133
1.17133
1.16878
1.17135
1.17134
1.16905
1.17136
1.17135
1.16936
1.17136
1.17137
1.17134
1.17136
1.17133
1.17137
1.16965
1.1713
1.1713
1.17132
1.17128
1.17125
1.17127
1.17127
1.16992
1.17073
1.17116
1.17122
1.16944
1.16549
1.17017
1.00111
1.13128
1.15453
1.09891
1.05353
1.00206
1.0046
1.14715
1.10481
1.05976
1.02458
1.15572
1.12703
1.08629
1.17178
1.17174
1.17172
1.17169
1.17167
1.17164
1.17162
1.17069
1.17155
1.14237
1.16891
1.02144
1.12252
0.971185
0.970515
0.997846
1.0041
1.04559
1.1718
1.17182
1.17188
1.17181
1.17182
1.17193
1.1718
1.17198
1.17178
1.17202
1.17207
1.16686
1.16707
1.16726
1.16744
1.16756
1.1677
1.16786
1.168
1.16817
1.16833
1.16848
1.16861
1.16875
1.16887
1.16905
1.16916
1.16931
1.16948
1.16958
1.16977
1.16985
1.17004
1.17018
1.17177
1.17167
1.17169
1.17173
1.17159
1.17161
1.17164
1.17147
1.17152
1.17157
1.17137
1.17144
1.17149
1.17123
1.17137
1.17142
1.17109
1.17134
1.17095
1.17074
1.17056
1.17034
1.17005
1.1697
1.16934
1.16898
1.16873
1.16864
1.17135
1.17135
1.16874
1.17137
1.17136
1.16897
1.17138
1.17138
1.16929
1.17139
1.17139
1.16958
1.17137
1.17136
1.17138
1.17135
1.17138
1.17133
1.1714
1.16991
1.17131
1.17132
1.1713
1.17128
1.17126
1.17128
1.17014
1.1702
1.17108
1.1712
1.16771
1.15989
1.17035
0.999323
1.10376
1.13901
1.0538
1.01411
0.996692
1.14784
1.10587
1.06096
1.02617
1.15567
1.12532
1.08849
1.17176
1.17173
1.17171
1.17168
1.17166
1.17164
1.17147
1.17161
1.16591
1.1712
1.1011
1.15942
0.980422
0.972156
0.994501
1.08231
0.984466
1.0447
1.17177
1.17178
1.17184
1.17189
1.17179
1.17179
1.17193
1.17177
1.17198
1.17203
1.17207
1.16691
1.16713
1.16732
1.16748
1.16761
1.16774
1.16788
1.16806
1.16822
1.1684
1.16856
1.16873
1.16885
1.16899
1.16914
1.16931
1.16944
1.16957
1.16973
1.16988
1.17007
1.1702
1.17035
1.17186
1.17176
1.17177
1.17181
1.17167
1.17169
1.17173
1.17156
1.17161
1.17166
1.17145
1.17153
1.17158
1.17133
1.17145
1.17149
1.17119
1.17138
1.17142
1.17105
1.17092
1.17068
1.17051
1.17022
1.16994
1.16957
1.1692
1.16888
1.16871
1.16871
1.17139
1.17138
1.1689
1.1714
1.1714
1.16918
1.17142
1.17141
1.16952
1.17142
1.17143
1.16987
1.17138
1.17137
1.17136
1.1714
1.17135
1.1714
1.17133
1.17143
1.17141
1.17009
1.17132
1.17131
1.1713
1.17127
1.17129
1.17033
1.16931
1.17092
1.17116
1.16463
1.15071
1.17053
1.0645
1.11659
1.01371
0.998465
0.995419
1.14828
1.10733
1.06352
1.02646
1.15525
1.12566
1.08766
1.17175
1.17173
1.1717
1.17168
1.17166
1.17159
1.17163
1.17074
1.17153
1.15006
1.16968
0.975733
0.989968
1.06472
1.13962
0.986518
0.979468
1.04373
1.17179
1.17177
1.17176
1.17176
1.17184
1.17189
1.17177
1.17194
1.17175
1.17198
1.17203
1.17207
1.16699
1.16721
1.16739
1.16756
1.16767
1.1678
1.16792
1.16808
1.16826
1.16846
1.16866
1.16882
1.16895
1.16913
1.16933
1.16944
1.1696
1.16969
1.1699
1.17005
1.17023
1.17036
1.17052
1.17187
1.17194
1.17185
1.17176
1.17177
1.17181
1.17166
1.1717
1.17173
1.17155
1.17161
1.17165
1.17143
1.17154
1.17158
1.17131
1.17146
1.1715
1.17116
1.17144
1.17102
1.17084
1.17064
1.17043
1.17016
1.16981
1.16943
1.16907
1.16881
1.16874
1.16886
1.17144
1.16909
1.17145
1.17145
1.16942
1.17145
1.17144
1.16976
1.17146
1.17146
1.17007
1.17139
1.1714
1.17137
1.17136
1.17141
1.17135
1.17134
1.17146
1.17143
1.17144
1.17029
1.17132
1.17131
1.17127
1.1713
1.1705
1.16795
1.17063
1.17108
1.15988
1.13707
1.17071
1.02261
1.08547
0.997392
0.993367
1.14881
1.10921
1.06562
1.02691
1.1552
1.12536
1.08667
1.17173
1.17171
1.17169
1.17167
1.17162
1.17164
1.17146
1.17159
1.1675
1.17131
0.988192
1.05086
1.12817
1.16463
0.9884
0.98181
0.988361
1.04229
1.1718
1.17175
1.17175
1.17175
1.17174
1.17185
1.17189
1.17174
1.17194
1.17198
1.17203
1.17207
1.16711
1.16736
1.16757
1.16768
1.16775
1.16785
1.16796
1.16811
1.16833
1.16856
1.16874
1.16893
1.16911
1.16929
1.16941
1.16959
1.1697
1.16991
1.17005
1.17021
1.17038
1.17055
1.17074
1.17195
1.17186
1.1719
1.17202
1.17196
1.17185
1.17175
1.17177
1.17182
1.17165
1.1717
1.17174
1.17154
1.17162
1.17166
1.17142
1.17155
1.17158
1.17128
1.17147
1.17151
1.17113
1.17101
1.17079
1.17059
1.17034
1.17005
1.16965
1.1693
1.16895
1.1688
1.16881
1.16899
1.17147
1.16934
1.17149
1.17148
1.1697
1.17149
1.17149
1.17
1.17149
1.17149
1.17021
1.17139
1.1714
1.17141
1.17138
1.17136
1.17142
1.17135
1.17133
1.17149
1.17146
1.17147
1.17144
1.17051
1.17132
1.17125
1.17131
1.17069
1.16588
1.17013
1.17094
1.15282
1.11683
1.17091
1.00321
1.04851
0.991678
0.99261
1.14946
1.11097
1.06703
1.02541
1.15513
1.12487
1.08552
1.17172
1.1717
1.17168
1.17163
1.17166
1.17157
1.17161
1.171
1.17153
1.04035
1.1183
1.16026
1.17058
0.989786
0.983452
0.989526
1.034
1.04169
1.17176
1.17181
1.17172
1.17173
1.17172
1.17172
1.17185
1.1719
1.17194
1.17199
1.17203
1.17207
1.16731
1.16763
1.16778
1.16785
1.16791
1.16792
1.168
1.16815
1.16836
1.16861
1.16883
1.16905
1.16928
1.16938
1.16959
1.16971
1.16989
1.17009
1.17021
1.17038
1.17056
1.17072
1.17093
1.17203
1.17194
1.17198
1.17186
1.1719
1.17202
1.17193
1.17184
1.17174
1.17178
1.17182
1.17164
1.1717
1.17174
1.17152
1.17162
1.17166
1.1714
1.17155
1.17159
1.17127
1.17152
1.17112
1.17095
1.17073
1.17053
1.17022
1.16988
1.16954
1.16913
1.1689
1.16883
1.16894
1.16923
1.16958
1.17152
1.17152
1.16989
1.17152
1.17152
1.17021
1.17152
1.17153
1.17047
1.1714
1.17138
1.17141
1.17143
1.17137
1.17136
1.17135
1.17133
1.17152
1.17149
1.17151
1.17146
1.17147
1.17144
1.17068
1.17123
1.17131
1.17087
1.16284
1.16934
1.17071
1.14295
1.08957
1.17109
0.993855
1.02264
0.990196
0.992055
1.15007
1.11223
1.06817
1.02883
1.15501
1.12429
1.0847
1.1717
1.17169
1.17165
1.17167
1.17159
1.17162
1.17149
1.17157
1.10897
1.15635
1.16973
1.17142
0.991218
0.984247
0.990766
1.0308
1.10314
1.04008
1.17173
1.17177
1.17182
1.17169
1.17171
1.17171
1.17186
1.1719
1.17195
1.17199
1.17203
1.17207
1.16767
1.16802
1.16811
1.16808
1.16805
1.16802
1.16806
1.1682
1.16843
1.1687
1.16896
1.16917
1.16936
1.16958
1.16969
1.16987
1.17008
1.17019
1.17036
1.17057
1.17074
1.17094
1.17109
1.17203
1.17207
1.17195
1.17199
1.17187
1.17191
1.17203
1.17195
1.17184
1.17174
1.17178
1.17182
1.17163
1.17171
1.17174
1.1715
1.17162
1.17167
1.17137
1.17155
1.17159
1.17123
1.17107
1.17089
1.17069
1.17044
1.17015
1.16979
1.1694
1.16906
1.16888
1.16892
1.16912
1.16951
1.16982
1.17156
1.17155
1.17021
1.17156
1.17155
1.17041
1.17156
1.17156
1.17066
1.1714
1.17142
1.17138
1.17143
1.17137
1.17135
1.17134
1.17155
1.17152
1.17154
1.17149
1.1715
1.17146
1.17147
1.17145
1.17088
1.17118
1.17131
1.1711
1.15844
1.16813
1.17034
1.1296
1.06123
1.17129
0.989997
1.00723
0.990262
1.15055
1.11328
1.07057
1.02904
1.15484
1.12384
1.08335
1.17166
1.17168
1.17161
1.17163
1.17155
1.17159
1.15182
1.16882
1.17132
1.17153
0.991697
0.984802
0.992036
1.03128
1.09852
1.14878
1.03914
1.17168
1.17174
1.17177
1.17182
1.17167
1.17168
1.17169
1.17165
1.17186
1.17191
1.17194
1.17199
1.17203
1.17207
1.16852
1.16871
1.1685
1.16836
1.16822
1.16813
1.16811
1.16824
1.16849
1.1688
1.16908
1.16929
1.1695
1.16969
1.16987
1.17005
1.1702
1.17041
1.17058
1.17072
1.17093
1.17109
1.17128
1.17203
1.17207
1.17194
1.17199
1.17186
1.1719
1.17202
1.17193
1.17183
1.17173
1.17178
1.17183
1.17161
1.1717
1.17175
1.17148
1.17162
1.17167
1.17134
1.17159
1.1712
1.17103
1.17084
1.17064
1.17032
1.17001
1.16961
1.16926
1.16898
1.16892
1.16907
1.1694
1.16976
1.1701
1.17159
1.17039
1.17159
1.1716
1.17059
1.1716
1.17159
1.17089
1.17142
1.17139
1.17143
1.17138
1.17136
1.17131
1.17159
1.17156
1.17157
1.17152
1.17154
1.17149
1.17151
1.17146
1.17147
1.17144
1.17106
1.17111
1.17128
1.15236
1.16635
1.16977
1.11186
1.0388
1.17147
0.98883
0.996945
0.990597
1.15095
1.11494
1.07214
1.02682
1.15469
1.12306
1.0823
1.17167
1.17162
1.17164
1.17157
1.1716
1.1678
1.17118
1.17151
1.17156
0.991812
0.985284
0.994061
1.0331
1.09811
1.14597
1.16694
1.03874
1.17165
1.1717
1.17174
1.17178
1.17182
1.17165
1.17165
1.17164
1.17186
1.1719
1.17194
1.17199
1.17203
1.17207
1.1703
1.16938
1.16895
1.16863
1.1684
1.16824
1.16818
1.1683
1.16857
1.16892
1.16919
1.1694
1.16963
1.16982
1.17
1.17019
1.1704
1.17057
1.17077
1.17096
1.1711
1.17129
1.17146
1.17203
1.17207
1.17194
1.17199
1.17186
1.17191
1.17202
1.17193
1.17182
1.17171
1.17178
1.17182
1.17159
1.17171
1.17175
1.17146
1.17162
1.17167
1.17132
1.17116
1.17098
1.17078
1.1705
1.17024
1.16986
1.16949
1.16915
1.16899
1.16905
1.16929
1.1697
1.16999
1.17034
1.17164
1.17059
1.17163
1.17163
1.17084
1.17163
1.17163
1.17104
1.17141
1.17143
1.17139
1.17137
1.1713
1.17098
1.17159
1.17163
1.17155
1.17156
1.17152
1.17154
1.17148
1.17151
1.17146
1.17147
1.17144
1.17126
1.17147
1.14417
1.16377
1.16892
1.08946
1.02083
1.17166
0.988614
0.991878
0.990622
1.15146
1.11593
1.07205
1.03272
1.15444
1.12246
1.08142
1.17163
1.17159
1.17161
1.17106
1.17148
1.17154
1.17157
0.991199
0.985621
0.996434
1.03675
1.09914
1.14559
1.16625
1.17091
1.03889
1.17162
1.17166
1.17171
1.17174
1.17178
1.17182
1.17163
1.17164
1.17162
1.17186
1.17191
1.17195
1.17198
1.17203
1.17086
1.16987
1.1693
1.16888
1.16857
1.16837
1.16829
1.16837
1.16867
1.16902
1.16932
1.16956
1.16977
1.16997
1.17019
1.17035
1.17054
1.17073
1.17091
1.1711
1.1713
1.17149
1.17167
1.17195
1.17186
1.1719
1.17202
1.17192
1.17182
1.1717
1.17178
1.17182
1.17158
1.17171
1.17175
1.17143
1.17167
1.1713
1.17112
1.17095
1.17071
1.17043
1.17013
1.16972
1.16936
1.1691
1.16905
1.16921
1.16955
1.16993
1.17029
1.17058
1.17079
1.17167
1.17168
1.17107
1.17166
1.17167
1.17127
1.17142
1.1714
1.17137
1.17128
1.17079
1.1716
1.17158
1.17155
1.17157
1.17152
1.17153
1.17148
1.1715
1.17145
1.17147
1.17143
1.17146
1.17166
1.13345
1.16014
1.16765
1.0678
1.0073
1.17187
0.989331
0.989252
1.15178
1.11619
1.07543
1.03301
1.15424
1.12192
1.0808
1.1716
1.17162
1.17146
1.17152
1.17155
1.17158
0.990267
0.985993
0.999707
1.04224
1.10176
1.14611
1.16624
1.17086
1.17144
1.0383
1.17162
1.1717
1.17174
1.17178
1.17182
1.17161
1.17186
1.17113
1.17027
1.16961
1.16909
1.16881
1.16851
1.16836
1.16846
1.16878
1.16915
1.16944
1.16971
1.16991
1.17017
1.17032
1.17054
1.17074
1.17091
1.1711
1.17129
1.17147
1.17167
1.17188
1.17202
1.17191
1.17181
1.17169
1.17178
1.17182
1.17156
1.17171
1.17175
1.17142
1.17125
1.17108
1.17089
1.17066
1.17035
1.16996
1.16955
1.16924
1.1691
1.16917
1.16945
1.16986
1.17019
1.17052
1.17077
1.17101
1.1717
1.1717
1.17125
1.17146
1.17142
1.17138
1.17125
1.17051
1.17159
1.17158
1.17155
1.17156
1.17151
1.17153
1.17148
1.17149
1.17145
1.17146
1.17143
1.17166
1.17186
1.11956
1.15516
1.16588
1.04724
0.998127
0.990065
0.988428
1.15204
1.11814
1.07661
1.03244
1.15404
1.12142
1.07978
1.1716
1.17151
1.17154
1.17156
1.17158
0.989333
0.986855
1.00375
1.04907
1.10696
1.14749
1.16639
1.17086
1.17142
1.1715
1.17175
1.17178
1.17138
1.17068
1.16991
1.16931
1.16892
1.16858
1.16841
1.16856
1.16893
1.16929
1.16958
1.16988
1.17013
1.17029
1.17051
1.17069
1.17089
1.17108
1.17129
1.17148
1.17168
1.17186
1.17202
1.17191
1.1718
1.17167
1.17154
1.17139
1.17123
1.17104
1.17081
1.17055
1.17023
1.16977
1.16941
1.16919
1.16915
1.16934
1.16976
1.17009
1.17044
1.17074
1.17099
1.17123
1.17147
1.17166
1.17139
1.1712
1.1701
1.17157
1.17154
1.17155
1.1715
1.17152
1.17147
1.17148
1.17144
1.17145
1.17139
1.17187
1.10224
1.14873
1.16348
1.03057
0.991706
0.990283
0.988344
1.15262
1.1188
1.07662
1.15384
1.12071
1.17152
1.17155
0.988413
1.00966
1.058
1.11441
1.1502
1.16679
1.17088
1.17141
1.17148
1.17151
1.17144
1.1708
1.17009
1.16947
1.16898
1.16861
1.16848
1.16866
1.16907
1.16945
1.1698
1.17002
1.17025
1.17046
1.17069
1.17086
1.17108
1.17129
1.17148
1.17168
1.17187
1.17201
1.1719
1.17179
1.17165
1.17152
1.17136
1.17118
1.17097
1.17075
1.17044
1.17011
1.16968
1.16932
1.16919
1.16929
1.16961
1.17
1.17042
1.17071
1.17097
1.1712
1.17143
1.17165
1.17187
1.17114
1.16957
1.17153
1.17149
1.17146
1.17147
1.17139
1.1714
1.17107
1.08453
1.14085
1.16054
1.01819
1.15286
1.11899
1.1536
1.06981
1.123
1.15361
1.16742
1.17092
1.1714
1.1715
1.17086
1.17017
1.16957
1.16899
1.16864
1.16853
1.16878
1.16923
1.16964
1.16996
1.17022
1.17042
1.17064
1.17085
1.17108
1.17126
1.17149
1.17168
1.17185
1.17201
1.17189
1.17177
1.17164
1.17149
1.17133
1.17114
1.1709
1.17068
1.17039
1.16989
1.16954
1.16932
1.16928
1.16951
1.16997
1.17033
1.17067
1.17092
1.17117
1.17144
1.17166
1.17186
1.16889
1.17099
1.16817
1.13209
1.15711
1.15308
1.17158
1.17088
1.17025
1.16959
1.16902
1.16865
1.16861
1.16894
1.16942
1.16981
1.17012
1.1704
1.17063
1.17082
1.17108
1.17125
1.17145
1.17166
1.17185
1.17201
1.17188
1.17176
1.17162
1.17147
1.17129
1.1711
1.17084
1.17056
1.17017
1.16981
1.16943
1.16933
1.16945
1.16983
1.1702
1.17063
1.17089
1.17118
1.17141
1.17165
1.17186
1.17159
1.17099
1.17039
1.16957
1.16898
1.16866
1.16874
1.16917
1.16962
1.17
1.17029
1.17055
1.1708
1.17105
1.17125
1.17147
1.17167
1.17185
1.17201
1.17188
1.17175
1.1716
1.17144
1.17126
1.17103
1.17076
1.17045
1.17001
1.16964
1.16941
1.16943
1.16973
1.17009
1.17055
1.17083
1.17112
1.17139
1.17165
1.17186
1.17154
1.17092
1.1703
1.1695
1.16892
1.16869
1.16889
1.1694
1.16984
1.17022
1.17051
1.17079
1.17099
1.17124
1.17144
1.17164
1.17185
1.172
1.17187
1.17173
1.17157
1.17141
1.1712
1.17097
1.17066
1.17035
1.16988
1.16956
1.16945
1.16963
1.16999
1.17044
1.17081
1.17111
1.1714
1.17164
1.17187
1.17156
1.17091
1.17016
1.16937
1.16884
1.16875
1.16914
1.1696
1.17007
1.17043
1.1707
1.17096
1.17122
1.17142
1.17163
1.17185
1.17199
1.17186
1.17172
1.17155
1.17138
1.17115
1.1709
1.17055
1.17015
1.16977
1.16953
1.16956
1.16993
1.17038
1.17077
1.17105
1.17135
1.17161
1.17185
1.17148
1.17086
1.17008
1.16922
1.16881
1.16889
1.16935
1.1699
1.17032
1.17064
1.17094
1.17117
1.1714
1.17164
1.17184
1.17199
1.17185
1.1717
1.17153
1.17134
1.17109
1.17081
1.17044
1.17001
1.16967
1.1696
1.16986
1.1702
1.17069
1.17102
1.17133
1.17159
1.17185
1.17143
1.17065
1.16983
1.16908
1.16883
1.16906
1.16964
1.17018
1.17056
1.17086
1.17114
1.1714
1.17163
1.17183
1.17199
1.17185
1.17168
1.1715
1.17128
1.171
1.17067
1.17026
1.1699
1.16968
1.16977
1.17011
1.17061
1.17097
1.17129
1.17158
1.17186
1.1714
1.17051
1.16961
1.16899
1.16891
1.16936
1.16996
1.17042
1.1708
1.1711
1.17136
1.1716
1.17182
1.17198
1.17182
1.17167
1.17146
1.17122
1.17093
1.17056
1.17011
1.1698
1.16976
1.17008
1.17053
1.17095
1.17126
1.17156
1.17183
1.17126
1.17024
1.16938
1.16895
1.16912
1.1697
1.17026
1.17069
1.17105
1.17133
1.17159
1.17182
1.17198
1.17181
1.17163
1.1714
1.17117
1.17082
1.1704
1.16997
1.16982
1.17
1.17037
1.17084
1.17121
1.17154
1.17183
1.17105
1.16996
1.1692
1.16901
1.16942
1.17003
1.17057
1.171
1.17129
1.17157
1.17182
1.17196
1.17179
1.1716
1.17136
1.17109
1.1707
1.17024
1.16993
1.16997
1.17023
1.17074
1.17115
1.17152
1.17184
1.17072
1.1697
1.16913
1.16921
1.16975
1.17035
1.17088
1.17127
1.17154
1.1718
1.17196
1.17179
1.17157
1.17131
1.17097
1.17055
1.1701
1.17
1.17018
1.17066
1.17109
1.17151
1.17184
1.1703
1.16946
1.16917
1.16951
1.1701
1.17077
1.17116
1.17151
1.17178
1.17195
1.17176
1.17153
1.17125
1.17088
1.17038
1.1701
1.17015
1.17053
1.17104
1.17144
1.1718
1.16991
1.16933
1.16933
1.16984
1.17052
1.17107
1.17146
1.17177
1.17195
1.17174
1.17147
1.17116
1.17075
1.17026
1.17021
1.17047
1.17102
1.17141
1.17181
1.16961
1.16933
1.16958
1.17027
1.17096
1.17141
1.17177
1.17193
1.1717
1.17142
1.17104
1.17055
1.17029
1.17043
1.17093
1.17137
1.17178
1.16945
1.16946
1.17003
1.17074
1.17136
1.17174
1.17192
1.17166
1.17133
1.17092
1.17046
1.17043
1.17081
1.1713
1.17176
1.16945
1.16978
1.17048
1.17123
1.17173
1.1719
1.17163
1.17126
1.17077
1.17049
1.17074
1.17126
1.17177
1.16962
1.1702
1.17103
1.17168
1.17188
1.17157
1.17109
1.1707
1.17072
1.17117
1.17171
1.16995
1.17083
1.17162
1.17185
1.17147
1.17097
1.17076
1.17118
1.17172
1.1706
1.1715
1.17183
1.17139
1.17096
1.17108
1.17164
1.17149
1.17178
1.17124
1.17112
1.17166
1.17174
1.17129
1.17156
1.17166
1.17158
1.17174
)
;

boundaryField
{
    lowerOutlet
    {
        type            calculated;
        value           nonuniform List<scalar> 
144
(
1.1721
1.1721
1.1721
1.1721
1.1721
1.1721
1.1721
1.1721
1.1721
1.1721
1.1721
1.1721
1.1721
1.1721
1.1721
1.1721
1.1721
1.1721
1.1721
1.1721
1.1721
1.1721
1.1721
1.1721
1.1721
1.1721
1.1721
1.1721
1.1721
1.1721
1.1721
1.1721
1.1721
1.1721
1.1721
1.1721
1.1721
1.1721
1.1721
1.1721
1.1721
1.1721
1.1721
1.1721
1.1721
1.12294
1.11924
1.1721
0.580534
1.1721
1.1721
1.1721
1.1721
1.1721
1.1721
1.1721
1.1721
1.1721
1.1721
1.1721
1.1721
1.1721
1.1721
1.1721
1.1721
1.1721
1.1721
1.1721
1.1721
1.1721
1.1721
1.1721
1.1721
1.1721
1.1721
1.1721
1.1721
1.1721
1.1721
1.1721
1.1721
1.1721
1.1721
1.1721
1.1721
1.1721
1.1721
1.1721
1.1721
1.1721
1.1721
1.1721
1.1721
1.1721
1.1721
1.1721
1.1721
1.1721
1.1721
1.1721
1.1721
1.1721
1.15873
1.1721
1.1721
0.896619
1.1721
1.1721
1.1721
1.1721
1.1721
1.1721
1.1721
1.1721
1.1721
1.1721
1.1721
1.1721
1.12969
1.10445
1.1721
1.1721
1.1721
1.1721
1.1721
1.1721
1.1721
1.1721
1.1721
1.1721
1.1721
1.1721
1.1721
1.1721
1.1721
1.1721
1.1721
1.1721
1.1721
1.1721
1.1721
1.1721
1.1721
1.1721
)
;
    }
    top
    {
        type            calculated;
        value           nonuniform List<scalar> 
100
(
1.17197
1.17197
1.17197
1.17197
1.17197
1.17197
1.17197
1.16974
1.16855
1.16786
1.16719
1.16626
1.16492
1.1634
1.16206
1.16119
1.16099
1.16128
1.16192
1.1628
1.16367
1.16445
1.16507
1.16554
1.1659
1.16617
1.16632
1.16633
1.16615
1.16554
1.164
1.16109
1.1574
1.15429
1.15154
1.1488
1.14615
1.14403
1.143
1.14359
1.14632
1.15176
1.15959
1.16497
1.16614
1.16622
1.1662
1.16617
1.16615
1.16614
1.16613
1.16613
1.16614
1.16616
1.16618
1.16622
1.16626
1.16631
1.16637
1.16643
1.16649
1.16657
1.16662
1.16668
1.16672
1.16677
1.1668
1.16682
1.16686
1.16691
1.16699
1.16711
1.1673
1.16765
1.17197
1.17197
1.17197
1.17197
1.17197
1.17197
1.17197
1.17197
1.17197
1.17197
1.17197
1.17197
1.17197
1.17197
1.17197
1.17106
1.17073
1.17031
1.16992
1.16962
1.16946
1.16946
1.16962
1.16995
1.1706
1.17197
)
;
    }
    sides
    {
        type            calculated;
        value           nonuniform List<scalar> 
100
(
1.1721
1.1721
1.1721
1.17209
1.17209
1.17209
1.17209
1.17208
1.17208
1.17208
1.17208
1.17207
1.17207
1.17207
1.17207
1.17206
1.17206
1.17206
1.17205
1.17205
1.17205
1.17205
1.17204
1.17204
1.17204
1.17204
1.17203
1.17203
1.17203
1.17203
1.17202
1.17202
1.17202
1.17201
1.17201
1.17201
1.17201
1.172
1.172
1.172
1.172
1.17199
1.17199
1.17199
1.17199
1.17198
1.17198
1.17198
1.17197
1.17197
1.1721
1.1721
1.1721
1.17209
1.17209
1.17209
1.17209
1.17208
1.17208
1.17208
1.17208
1.17207
1.17207
1.17207
1.17207
1.17206
1.17206
1.17206
1.17205
1.17205
1.17205
1.17205
1.17204
1.17204
1.17204
1.17204
1.17203
1.17203
1.17203
1.17203
1.17202
1.17202
1.17202
1.17201
1.17201
1.17201
1.17201
1.172
1.172
1.172
1.172
1.17199
1.17199
1.17199
1.17199
1.17198
1.17198
1.17198
1.17197
1.17197
)
;
    }
    front
    {
        type            empty;
    }
    back
    {
        type            empty;
    }
    roller
    {
        type            calculated;
        value           nonuniform List<scalar> 
144
(
1.16877
1.16875
1.16864
1.16861
1.16861
1.16848
1.16855
1.16856
1.16821
1.1682
1.16878
1.16879
1.16877
1.16876
1.16876
1.16871
1.16868
1.16866
1.16861
1.16872
1.16868
1.16859
1.16842
1.16855
1.16828
1.16856
1.16819
1.1682
1.16874
1.16878
1.1687
1.16867
1.16862
1.16863
1.1686
1.16863
1.16857
1.16856
1.16855
1.16825
1.16819
1.16878
1.16879
1.16878
1.16868
1.16875
1.16871
1.16876
1.16874
1.16872
1.16865
1.16862
1.16871
1.1686
1.16843
1.16826
1.16855
1.16879
1.16878
1.16877
1.16867
1.16859
1.16858
1.16857
1.16853
1.16866
1.16851
1.16869
1.16874
1.16873
1.16873
1.16861
1.16865
1.16874
1.16876
1.16857
1.16877
1.16875
1.16854
1.16874
1.16849
1.16845
1.16831
1.16856
1.16855
1.16822
1.16852
1.16821
1.16879
1.16878
1.16877
1.16875
1.16866
1.16863
1.16861
1.16861
1.16864
1.16863
1.16868
1.16858
1.16856
1.16852
1.1685
1.16837
1.16855
1.16856
1.16819
1.16819
1.16849
1.16845
1.16843
1.1684
1.16834
1.16831
1.16824
1.16862
1.16869
1.16869
1.16861
1.16866
1.1686
1.16874
1.16876
1.16858
1.16877
1.16876
1.16855
1.16873
1.16871
1.16839
1.16856
1.16834
1.16824
1.16856
1.16856
1.16854
1.16819
1.16818
1.16848
1.16835
1.16839
1.16827
1.16829
1.16822
)
;
    }
    burner
    {
        type            calculated;
        value           nonuniform List<scalar> 
16
(
0.321203
0.321203
0.321203
0.321202
0.321203
0.321203
0.321203
0.321202
0.321203
0.321203
0.321203
0.321202
0.321203
0.321203
0.321203
0.321202
)
;
    }
}


// ************************************************************************* //
