/*--------------------------------*- C++ -*----------------------------------*\
  =========                 |
  \\      /  F ield         | OpenFOAM: The Open Source CFD Toolbox
   \\    /   O peration     | Website:  https://openfoam.org
    \\  /    A nd           | Version:  dev
     \\/     M anipulation  |
\*---------------------------------------------------------------------------*/
FoamFile
{
    version     2.0;
    format      ascii;
    class       volScalarField;
    location    "2500";
    object      omega;
}
// * * * * * * * * * * * * * * * * * * * * * * * * * * * * * * * * * * * * * //

dimensions      [0 0 -1 0 0 0 0];

internalField   nonuniform List<scalar> 
9714
(
1.30952
1.4969
1.25057
1.39858
1.65156
1.09532
1.20045
1.76014
1.51232
1.05117
1.09015
1.72493
1.72951
1.26188
1.04322
1.04242
1.58594
1.82822
1.56386
1.13715
1.02845
1.0205
1.35738
1.84428
1.75881
1.30197
1.09263
1.01923
1.00989
1.19947
1.79486
1.83886
1.55058
1.16478
1.06286
1.01351
1.00457
1.11038
1.65657
1.8877
1.73879
1.29774
1.10963
1.04232
1.00916
1.00164
1.05961
1.44668
1.88294
1.84565
1.49528
1.16958
1.07472
1.02823
1.00591
0.999426
1.03278
1.25863
1.83412
1.88661
1.69763
1.27129
1.11119
1.04982
1.01816
1.00345
0.996482
1.01797
1.15391
1.71211
1.92099
1.81516
1.42978
1.1595
1.07359
1.03217
1.0107
1.00155
0.994078
1.00892
1.09124
1.51921
1.91644
1.88845
1.61494
1.2363
1.10342
1.04755
1.01883
1.0049
1.00008
0.992231
1.00264
1.05583
1.31732
1.87478
1.91944
1.76965
1.36289
1.14025
1.06676
1.02833
1.00884
1.00045
0.998875
0.99094
0.997884
1.03448
1.20469
1.77779
1.94998
1.85754
1.52202
1.20146
1.08838
1.03994
1.01405
1.00126
0.996773
0.997944
0.99005
0.99422
1.02065
1.13279
1.60617
1.95043
1.91764
1.68182
1.29647
1.11936
1.05343
1.02034
1.00296
0.995227
0.993895
0.997149
0.990644
0.991356
1.01084
1.08678
1.42581
1.92092
1.94823
1.80659
1.43054
1.16369
1.0715
1.02819
1.00565
0.994324
0.99038
0.991604
0.996513
0.991602
0.987489
1.00339
1.05813
1.27813
1.84696
1.97529
1.88452
1.5749
1.2382
1.09473
1.03879
1.00982
0.994664
0.98742
0.986499
0.98978
0.996028
0.992276
0.983646
0.995895
1.03894
1.19258
1.71879
1.98518
1.93795
1.71255
1.34075
1.13048
1.0526
1.01548
0.995832
0.985358
0.981842
0.983323
0.988304
0.995629
0.992817
0.980835
0.989368
1.02393
1.13669
1.56173
1.97068
1.97446
1.81995
1.46876
1.18386
1.07136
1.02339
0.99826
0.984344
0.9781
0.977459
0.980841
0.987077
0.99529
0.993344
0.978356
0.98449
1.01174
1.09773
1.40994
1.92681
1.99663
1.89844
1.59479
1.26392
1.09829
1.03423
1.00226
0.984756
0.975197
0.972231
0.973956
0.978803
0.986057
0.995025
0.993808
0.975677
0.980453
1.00264
1.07086
1.29045
1.84155
2.01882
1.95024
1.71565
1.36462
1.13802
1.04917
1.00825
0.986032
0.973364
0.967974
0.967685
0.971102
0.977106
0.985264
0.994825
0.994124
0.973207
0.976429
0.995827
1.05241
1.21943
1.72715
2.01669
1.99399
1.81458
1.47852
1.19527
1.06935
1.01658
0.988596
0.972771
0.964421
0.962365
0.964102
0.968738
0.975788
0.984639
0.994675
0.994051
0.971167
0.97276
0.990052
1.03999
1.17271
1.59603
1.99743
2.01654
1.89703
1.5926
1.27161
1.09824
1.02793
0.992884
0.973337
0.962185
0.957803
0.957922
0.96109
0.966875
0.974741
0.984168
0.99458
0.993831
0.96947
0.969028
0.985186
1.03124
1.14123
1.47854
1.95075
2.03502
1.95536
1.69484
1.36581
1.13821
1.04362
0.999192
0.974916
0.96099
0.95431
0.952655
0.954219
0.958699
0.965418
0.973958
0.983851
0.994489
0.993625
0.967927
0.965671
0.981002
1.02526
1.12031
1.38374
1.87976
2.0451
1.99424
1.79154
1.46535
1.19413
1.06406
1.0081
0.978046
0.961252
0.951845
0.948235
0.94826
0.951324
0.956883
0.964377
0.973442
0.983616
0.99442
0.993417
0.966317
0.962985
0.977438
1.02023
1.10667
1.31568
1.80048
2.04142
2.02161
1.86632
1.56735
1.26446
1.09203
1.01968
0.982777
0.962186
0.950405
0.944877
0.943187
0.944759
0.949196
0.955601
0.963644
0.973052
0.98363
0.994361
0.993204
0.964536
0.960727
0.974831
1.01726
1.10456
1.27096
1.72273
2.02775
2.03822
1.92503
1.65842
1.3479
1.13051
1.03463
0.989257
0.964202
0.950153
0.942328
0.939024
0.939152
0.942328
0.947651
0.954666
0.963202
0.973034
0.98391
0.994273
0.992958
0.962798
0.958853
0.973118
1.0163
1.10614
1.24492
1.64094
2.00017
2.05013
1.96925
1.73386
1.43541
1.18125
1.05427
0.998306
0.967686
0.950695
0.940713
0.935609
0.934478
0.936372
0.940617
0.946486
0.954219
0.963306
0.973239
0.984588
0.994226
0.992516
0.96098
0.957662
0.972967
1.01736
1.11135
1.23093
1.56493
1.96108
2.05837
2.00082
1.79953
1.51865
1.24338
1.08016
1.00938
0.972843
0.952092
0.939983
0.933128
0.930609
0.931346
0.934473
0.939353
0.945995
0.95444
0.964006
0.973676
0.985669
0.994694
0.991375
0.959407
0.957328
0.973526
1.02201
1.11998
1.22461
1.50323
1.91181
2.05781
2.02467
1.85581
1.59221
1.3124
1.1149
1.02285
0.979451
0.954362
0.940071
0.931436
0.927541
0.927207
0.92921
0.933201
0.938875
0.946484
0.955155
0.965547
0.974649
0.9866
0.9959
0.989712
0.958635
0.957752
0.976183
1.03064
1.13032
1.22415
1.45471
1.85729
2.0526
2.03843
1.90381
1.65573
1.38239
1.15781
1.04061
0.987028
0.957897
0.940619
0.930672
0.92537
0.923886
0.92496
0.927846
0.932801
0.939564
0.947852
0.956441
0.967927
0.977068
0.987544
0.997142
0.987602
0.958454
0.959093
0.980945
1.04368
1.14164
1.22817
1.41376
1.80062
2.03983
2.04653
1.94218
1.71009
1.44874
1.20777
1.06311
0.996424
0.962255
0.941927
0.930243
0.924055
0.921372
0.921522
0.923606
0.927512
0.933724
0.941032
0.950363
0.95882
0.970914
0.981402
0.990329
0.99783
0.985212
0.95917
0.961798
0.988495
1.05999
1.15216
1.23206
1.37954
1.7453
2.01571
2.04729
1.97205
1.7556
1.50891
1.26141
1.09146
1.00834
0.967427
0.944262
0.930559
0.923172
0.919672
0.918751
0.920073
0.923433
0.928685
0.935705
0.943859
0.95446
0.963448
0.975047
0.987283
0.995921
1.00023
1.00039
0.982863
0.961121
0.966325
1.00083
1.07864
1.16122
1.23315
1.35888
1.69072
1.98521
2.0461
1.99133
1.79594
1.56145
1.3161
1.12533
1.02322
0.974058
0.947016
0.931376
0.922726
0.918203
0.916774
0.917407
0.920171
0.924784
0.931324
0.939338
0.9484
0.960329
0.971607
0.983172
0.992507
0.991755
1.00069
0.995757
1.0013
1.00115
1.00232
0.980698
0.963998
0.973381
1.01896
1.09783
1.16834
1.23156
1.34236
1.63571
1.95177
2.04203
2.00287
1.83257
1.60642
1.36932
1.16338
1.04177
0.981926
0.950644
0.932604
0.92239
0.917449
0.915283
0.915291
0.91749
0.92197
0.927749
0.935672
0.94544
0.955834
0.968511
0.982664
0.990929
0.990986
0.995986
1.00402
1.00285
1.00558
1.00177
1.00476
0.979037
0.967984
0.982776
1.03968
1.1123
1.17248
1.22731
1.32672
1.58559
1.9154
2.034
2.00935
1.8634
1.64481
1.41852
1.20439
1.06369
0.991615
0.955152
0.934336
0.922552
0.916753
0.914369
0.914007
0.915488
0.91931
0.925427
0.933058
0.942537
0.954564
0.968321
0.983141
0.991453
0.992729
0.996735
0.997893
1.00511
1.00843
1.00815
1.01153
1.00289
1.00763
0.978471
0.973003
0.994139
1.06065
1.12149
1.17313
1.22141
1.31139
1.54084
1.87762
2.02371
2.0117
1.88883
1.6773
1.46263
1.24655
1.08858
1.00317
0.960338
0.936616
0.922919
0.915973
0.913366
0.913222
0.914439
0.91799
0.923347
0.931175
0.94195
0.954244
0.969119
0.985568
0.994017
0.996602
1.00028
1.00232
1.00737
1.01051
1.01174
1.01416
1.01611
1.01864
1.00426
1.011
0.978941
0.978605
1.00838
1.07926
1.12716
1.17079
1.21422
1.29654
1.50133
1.83976
2.01157
2.01106
1.90955
1.70469
1.5009
1.28801
1.11622
1.01694
0.966403
0.938937
0.923312
0.915177
0.912153
0.912353
0.913975
0.917486
0.922913
0.930518
0.94144
0.95558
0.970685
0.988689
0.999181
1.00456
1.00609
1.00956
1.01434
1.01846
1.0156
1.02044
1.02166
1.02123
1.02629
1.02725
1.00554
1.01573
0.980382
0.985064
1.0285
1.09485
1.13031
1.16569
1.20605
1.28247
1.46664
1.80342
1.99758
2.00888
1.92714
1.72838
1.53295
1.32776
1.14639
1.03285
0.973851
0.941681
0.923589
0.914273
0.910849
0.911197
0.914003
0.917813
0.923274
0.930701
0.941388
0.956096
0.975036
0.996203
1.0077
1.01391
1.01557
1.02024
1.02322
1.02974
1.02668
1.03255
1.02803
1.0351
1.03347
1.02912
1.03896
1.03867
1.00672
1.0222
0.983197
0.994242
1.05108
1.10594
1.13141
1.15981
1.19724
1.26926
1.4371
1.77019
1.98166
2.00546
1.94
1.74864
1.55967
1.36453
1.17775
1.05177
0.982841
0.945516
0.924107
0.913259
0.909221
0.910093
0.913982
0.918818
0.924916
0.932241
0.942472
0.957767
0.977888
1.00136
1.01843
1.02762
1.02838
1.03466
1.03635
1.04454
1.04029
1.04963
1.04405
1.05277
1.0436
1.05326
1.04779
1.03785
1.05358
1.05356
1.00828
1.02981
0.98711
1.00684
1.07337
1.11534
1.13111
1.15395
1.18882
1.2571
1.41256
1.74075
1.96569
2.00276
1.94884
1.76897
1.58135
1.39725
1.2102
1.07264
0.994065
0.950845
0.925552
0.912334
0.907145
0.908368
0.913669
0.921075
0.92812
0.936762
0.946868
0.962136
0.985074
1.01264
1.03216
1.04
1.04454
1.05216
1.05366
1.0642
1.05933
1.07158
1.06403
1.07655
1.06551
1.07913
1.06341
1.07508
1.06711
1.04854
1.0712
1.07139
1.01037
1.03799
0.991827
1.02267
1.0951
1.12389
1.13113
1.14895
1.18183
1.2467
1.39336
1.71426
1.95087
2.00086
1.95524
1.78907
1.59961
1.42532
1.24218
1.09521
1.0075
0.95821
0.928832
0.911856
0.904768
0.90582
0.913209
0.92375
0.934603
0.945017
0.961222
0.988689
1.02088
1.06228
1.05658
1.10171
1.06632
1.09965
1.07552
1.09965
1.08385
1.10079
1.09203
1.10586
1.09316
1.11316
1.0938
1.11039
1.08682
1.10433
1.09135
1.0627
1.09308
1.09021
1.01155
1.04976
0.996699
1.04228
1.11603
1.13217
1.13275
1.14541
1.17685
1.2389
1.37883
1.69071
1.93777
2.00001
1.96077
1.80808
1.61516
1.44878
1.2722
1.11946
1.02254
0.967615
0.934035
0.912425
0.902804
0.902858
0.911673
0.926331
0.943555
0.965514
1.01807
1.15058
1.40731
1.49585
1.23753
1.70342
1.19803
1.51161
1.16781
1.38405
1.14284
1.27922
1.13107
1.20286
1.12959
1.16524
1.13387
1.15442
1.12801
1.15438
1.11654
1.14042
1.12265
1.07462
1.12336
1.11864
1.01658
1.05566
1.00078
1.06384
1.13523
1.14184
1.13705
1.14465
1.17386
1.23434
1.36853
1.67118
1.92665
2.00005
1.96624
1.82602
1.62916
1.46767
1.29924
1.1437
1.03959
0.979333
0.941724
0.915924
0.902337
0.900013
0.909199
0.929382
0.959348
1.02427
1.25698
1.93837
3.22913
5.06983
2.876
6.42049
2.45925
4.92441
2.05556
3.88753
1.73453
3.05015
1.45661
2.31392
1.2812
1.71877
1.20212
1.37532
1.17966
1.23998
1.17531
1.20407
1.1513
1.19275
1.15577
1.09528
1.14905
1.14025
1.02075
1.0641
1.00417
1.08477
1.15354
1.1531
1.14309
1.14562
1.17237
1.23229
1.36271
1.65532
1.91765
2.00078
1.97198
1.84306
1.64258
1.48229
1.32276
1.16733
1.05736
0.993312
0.953059
0.923628
0.904733
0.899203
0.908042
0.9328
0.984848
1.1951
2.07571
4.2439
8.07389
13.5568
21.8542
9.94432
19.8207
7.92804
15.6163
6.23198
12.6986
4.68032
9.67997
3.14851
6.88395
2.06375
4.26369
1.47744
2.45036
1.27548
1.57059
1.22542
1.30393
1.2052
1.24284
1.20974
1.11759
1.19235
1.16878
1.01715
1.08464
1.00619
1.10066
1.17041
1.16445
1.15099
1.14898
1.17258
1.23164
1.35958
1.64328
1.91076
2.00292
1.97821
1.8601
1.65641
1.49351
1.34226
1.1886
1.07523
1.0082
0.967759
0.938587
0.915159
0.903097
0.909371
0.939214
1.03341
1.6095
4.01016
9.12962
15.7879
22.3189
28.1007
29.6477
31.3799
23.5066
27.7382
21.4694
27.3297
18.5579
26.0128
14.5589
23.87
9.43199
19.7391
5.54562
12.6745
2.82913
6.79617
1.63824
3.1163
1.32347
1.66479
1.25384
1.33362
1.25875
1.13158
1.24608
1.22188
1.01617
1.09007
1.00483
1.10821
1.18147
1.1757
1.15948
1.15488
1.17557
1.23237
1.35905
1.63413
1.90578
2.00677
1.98547
1.87685
1.67083
1.50284
1.35771
1.20748
1.09085
1.02376
0.987178
0.961803
0.938974
0.919757
0.923177
0.970674
1.15893
2.43371
7.0242
14.7941
22.2416
26.8204
29.34
31.6378
31.8021
32.4991
32.4599
30.476
31.8194
30.1322
32.072
29.2455
31.9381
27.4691
31.3992
23.8252
30.093
15.9632
26.6235
7.86662
18.7255
3.25829
8.49266
1.64526
3.2082
1.33427
1.59519
1.32289
1.15718
1.30955
1.31406
1.00977
1.07188
0.999527
1.1033
1.18491
1.18299
1.16679
1.16172
1.18143
1.23641
1.36002
1.62791
1.90288
2.01192
1.9936
1.89345
1.68637
1.51073
1.36981
1.22328
1.10434
1.03769
1.00558
0.987292
0.971788
0.959576
0.989686
1.12778
1.57399
3.89357
10.6123
19.9681
25.3231
27.5822
28.7964
29.556
32.1479
30.6974
32.7152
31.7679
32.8735
32.9942
33.0576
33.3821
32.9704
33.5958
32.6214
33.648
31.6841
33.4426
28.6104
32.7032
20.7916
30.0187
8.65469
21.583
2.97533
8.23786
1.53215
2.63467
1.48804
1.23571
1.51251
1.68615
1.04216
1.25592
1.03749
1.086
1.17916
1.18368
1.16989
1.16747
1.18806
1.24471
1.36383
1.62464
1.90286
2.01854
2.0026
1.90882
1.70261
1.51877
1.37961
1.23646
1.11492
1.04438
1.0141
1.00669
1.00779
1.05956
1.2659
1.75973
2.84093
6.245
14.7488
22.8433
26.2753
27.1797
27.1372
26.6569
27.0974
26.4558
30.0539
28.0588
30.461
28.7323
33.1182
32.2335
33.3878
32.5176
33.5531
32.7981
33.7145
33.1472
33.9002
33.5731
33.4665
33.9597
31.006
33.96
21.5128
31.4311
7.29521
20.181
2.28783
5.9698
2.07626
1.85699
2.23138
3.13137
1.0804
1.91782
1.1676
1.15981
1.17759
1.16894
1.17016
1.19409
1.25342
1.37174
1.62397
1.90428
2.0275
2.01236
1.92388
1.72019
1.52713
1.3866
1.24772
1.12353
1.04668
1.015
1.01638
1.07683
1.37311
2.22147
3.6681
6.0474
10.8387
18.3874
24.293
26.1769
26.2913
25.7998
25.8473
26.2512
26.0758
26.7486
27.0148
27.7365
26.9957
28.4388
27.74
30.7835
29.2912
31.2024
29.8349
31.7453
30.5661
32.4628
31.4205
33.3499
32.3627
33.9415
33.3827
34.2281
34.1064
31.4863
34.4206
17.4642
31.1353
4.6951
13.539
3.82276
3.89425
3.97722
4.51083
2.50867
4.87276
1.20237
1.16135
1.16405
1.17052
1.19825
1.2615
1.38049
1.62525
1.90758
2.0381
2.02379
1.93875
1.73946
1.53651
1.39369
1.25806
1.12901
1.04754
1.01349
1.02979
1.25356
2.28248
4.7268
7.99825
11.4962
15.3711
20.6797
24.7762
25.7838
24.9223
24.9539
25.9836
29.258
27.9889
30.1868
28.6686
30.3478
27.4471
27.761
28.3164
28.6524
29.1702
28.515
29.9432
29.3232
30.743
30.2922
31.6054
31.3004
32.5093
32.3317
33.4511
33.3141
34.2865
34.1057
34.6621
34.5815
30.0021
34.9606
10.4029
27.486
7.10366
4.44368
4.71398
5.29037
4.82548
4.3944
4.21354
1.04899
2.11954
1.54249
1.18369
1.15975
1.17079
1.20182
1.26905
1.38841
1.62795
1.91379
2.05154
2.03625
1.95438
1.75915
1.54873
1.3997
1.26981
1.1354
1.0485
1.00947
1.04412
1.57316
3.8071
8.03797
12.563
15.8455
18.6767
22.1919
24.6421
24.99
24.0867
24.1678
26.4526
30.8637
32.5321
32.5502
31.6215
32.3225
31.4308
32.0462
29.4902
30.6253
30.4767
30.9225
29.3909
29.7544
30.4878
31.0543
31.6106
32.4351
32.7257
33.7915
33.8032
35.2304
34.6702
36.2267
35.0864
36.7753
35.1012
35.2592
36.014
32.3688
35.38
35.6391
35.3938
12.7946
23.6858
34.5638
30.673
34.742
18.1279
14.9482
7.40502
2.07959
2.12179
3.2791
5.98278
4.63804
3.33978
1.30091
1.06896
1.55197
1.64943
1.18381
1.17469
1.20798
1.27761
1.39517
1.63123
1.92247
2.06704
2.05204
1.97002
1.78042
1.56087
1.40963
1.28055
1.14583
1.05024
1.00605
1.05213
1.87477
5.36807
11.193
16.1989
18.7878
20.633
22.7376
24.2201
24.0784
23.2866
23.9997
26.6304
29.997
32.0077
32.1301
32.321
31.0537
32.565
32.5919
31.8356
31.7549
31.2729
31.6698
31.4409
31.2799
31.4666
31.464
32.5308
32.3947
33.8189
33.5782
35.4156
35.072
37.4538
37.0232
39.6615
39.7077
37.5467
39.6273
40.9151
41.8701
36.1441
37.6037
36.5985
38.7816
35.242
36.2014
35.4337
29.6803
35.0338
33.5228
34.452
27.2995
22.6358
10.7568
1.79383
1.9221
2.29633
7.43052
4.7727
3.14586
1.86648
1.1595
1.531
1.91505
1.21345
1.22151
1.28751
1.40516
1.63447
1.9322
2.08584
2.07133
1.98886
1.80079
1.57723
1.41777
1.29533
1.15779
1.05301
1.0052
1.05121
2.05782
6.60017
13.7966
18.5663
20.4555
21.6406
22.6297
23.3479
22.6583
22.6744
23.6552
26.4095
27.849
22.8779
29.0235
23.6583
28.2703
23.634
31.357
30.3055
29.5643
28.4154
30.8786
30.2887
29.6769
28.1367
31.9946
31.112
32.8405
31.1856
34.1561
32.0369
36.0487
33.8273
38.8152
36.8868
41.9406
41.6447
41.1037
40.1011
40.9346
42.2959
43.0302
43.0315
38.2294
41.0205
40.1354
42.214
35.2433
38.8378
36.267
32.5146
34.882
33.9768
34.5743
30.8697
28.2623
16.4725
1.96932
2.37153
2.17469
10.698
6.93509
4.49039
1.79149
1.11549
1.36233
1.86959
1.27325
1.30177
1.41697
1.63889
1.94203
2.10762
2.09687
2.00885
1.82499
1.59118
1.43082
1.30942
1.17777
1.05936
1.00595
1.0427
2.09652
7.40879
15.7054
20.002
21.2806
21.8391
22.2455
22.1559
21.8528
21.9285
23.7154
26.0904
25.7123
17.0975
9.76319
8.16309
17.8144
11.879
15.9406
11.398
26.4214
21.9481
23.2721
19.1396
26.6623
25.3918
23.5736
21.3226
28.7078
26.0907
28.6859
25.1193
30.383
26.6798
33.7034
30.6311
38.883
37.5013
36.2595
34.6159
42.7988
42.1329
41.1653
40.0266
43.5527
44.1966
44.2323
44.0282
41.9734
43.2264
44.3191
44.6879
36.2448
42.7327
39.3378
33.3569
36.185
34.1586
35.9532
32.4759
31.046
23.9161
2.00559
3.20977
2.50652
17.76
11.1786
7.24265
1.60996
1.08078
1.26827
1.7817
1.3462
1.42913
1.64769
1.95268
2.13187
2.12491
2.03577
1.84723
1.61182
1.43983
1.32768
1.19854
1.07383
1.01012
1.03804
2.03916
7.7956
16.9882
20.8741
21.7035
21.7161
21.3936
21.0627
21.1053
21.9008
24.1307
25.9811
23.9016
14.3965
6.49542
5.9844
5.32497
8.52049
6.70262
8.24351
6.87308
14.3935
10.7526
12.7882
10.1786
18.9889
15.7513
16.13
13.929
21.7142
18.6703
23.3562
20.3177
27.5074
24.3835
33.3232
31.7974
29.7905
38.8382
37.519
36.2297
34.8517
43.4643
42.6324
41.6661
40.6095
45.4291
45.6002
45.4809
45.0747
45.3019
45.8865
47.0506
46.7483
39.665
46.145
43.2956
33.6857
39.7115
35.6135
39.5062
33.088
32.268
28.6457
2.1147
4.674
3.29284
24.6675
18.2771
11.3214
1.51973
1.04959
1.18656
1.82717
1.46102
1.65587
1.96521
2.15855
2.16188
2.06313
1.8784
1.62893
1.45714
1.34525
1.23062
1.09792
1.02229
1.051
1.94843
7.84518
17.7342
21.3857
21.8733
21.2762
20.4266
20.3075
20.7087
22.2094
25.0103
26.018
22.5455
12.8396
6.23397
5.08381
4.88894
5.42312
5.17082
6.15556
5.70995
6.58956
6.20735
8.24003
7.15392
8.55543
7.617
11.8917
9.99641
13.0293
11.0778
17.6336
15.2325
21.4869
18.8807
26.8731
23.9957
33.4902
32.1157
30.2724
31.9114
39.4713
38.2963
37.0715
35.8127
44.4083
43.6296
42.7706
41.8403
47.0917
47.0719
46.8571
46.4083
48.1763
48.096
49.4702
48.6456
43.6298
49.203
46.8306
35.1464
43.7016
39.1004
43.5182
34.4493
33.4913
30.9928
2.63543
7.27826
5.00362
28.3985
24.2149
17.762
1.52207
1.02369
1.2483
2.38056
1.67148
1.97758
2.18992
2.19669
2.1033
1.90582
1.65882
1.46776
1.36726
1.25936
1.12946
1.05639
1.12936
1.99567
7.7466
18.0295
21.7104
21.8569
20.5727
19.7479
19.8503
20.8528
22.9991
25.5927
25.9162
21.5133
11.5959
5.82133
4.74615
5.02034
4.86061
5.36943
5.17047
5.88136
5.60213
6.43982
6.15259
7.05935
6.72001
7.73555
7.29856
9.50685
8.42501
12.1008
10.2415
16.5255
14.2765
21.282
18.804
29.0222
27.365
24.5281
26.1552
34.5163
33.1766
31.8024
33.2708
40.8449
39.777
38.6307
37.3999
45.8696
45.259
44.5741
43.7979
48.8289
48.7907
48.6175
48.3625
50.8057
50.241
51.8508
50.6533
47.3164
52.0625
50.1002
38.4761
47.5412
43.1607
47.5165
37.5724
36.2695
32.1944
4.13046
11.1234
7.84469
30.6203
27.7176
23.1157
2.27228
1.08159
2.16854
4.56244
1.98978
2.21666
2.2476
2.13921
1.95075
1.68143
1.48956
1.38559
1.29746
1.17572
1.1551
1.3857
2.42132
7.86005
18.1053
21.8558
21.774
19.986
19.2649
19.641
21.3223
24.2749
25.8703
25.4221
19.7771
10.1124
5.35389
4.50925
4.81367
4.63719
5.08352
4.94228
5.37885
5.22635
5.85474
5.58927
6.47158
6.17585
6.95898
6.7046
7.66423
7.29534
8.95858
8.18058
11.9634
10.0966
16.5089
14.225
23.0185
20.48
30.2746
28.7693
25.8416
27.249
36.0923
34.7134
33.5343
35.1207
42.9076
41.893
40.7517
39.4879
48.033
47.6176
47.0921
46.4226
50.8598
50.9634
51.0197
51.0258
53.4309
52.5235
54.4006
53.002
50.7912
54.926
53.1715
42.6296
51.221
47.3224
51.4034
41.735
40.5286
34.7173
6.77261
16.3351
10.8935
32.6847
30.2298
26.4307
5.62082
1.73956
6.79654
7.50746
2.2609
2.28216
2.19652
1.98771
1.72573
1.50405
1.40703
1.33388
1.27134
1.42716
2.0651
3.69554
8.75072
18.0519
21.8553
21.6145
19.4765
18.9378
19.6594
22.1537
24.4894
25.6891
24.1473
17.3201
8.46544
4.80726
4.26947
4.44051
4.82608
4.65932
5.14111
4.97591
5.45962
5.2933
5.88037
5.64283
6.51482
6.19618
7.02617
6.79704
7.80061
7.44917
8.91274
8.22779
12.6881
10.4733
18.0692
15.4583
25.7758
24.0559
22.9415
21.4008
31.918
30.2955
27.1542
28.699
38.1176
36.6567
35.7612
37.4576
45.5813
44.5693
43.3974
42.0805
50.9163
50.6726
50.2692
49.6709
53.4155
53.8089
54.1647
54.4314
56.2374
55.1794
57.34
55.9161
54.0739
57.9858
56.2718
46.9312
54.6699
51.4633
55.069
46.3903
45.3303
38.719
8.95576
20.2428
13.3606
36.2528
33.0565
29.3954
9.47434
6.44993
11.2212
8.89102
2.35717
2.23522
2.05202
1.75905
1.53457
1.43007
1.39948
1.49078
2.15274
3.7192
6.65692
10.8519
17.897
21.7353
21.4303
19.0865
18.6378
19.7586
22.3863
24.302
24.8547
21.5239
13.9632
6.91329
4.30254
4.0395
4.16909
4.41185
4.83481
4.64925
5.1842
5.00297
5.51939
5.35312
5.91916
5.70092
6.55033
6.24768
7.13701
6.85681
8.02294
7.59836
9.273
8.56796
14.2406
11.4691
20.2053
17.4083
27.1753
25.6796
24.2143
22.9316
34.0241
32.2704
28.8248
30.5301
40.6394
39.0922
38.6395
40.4578
48.8588
47.8481
46.6581
45.307
54.5057
54.4052
54.1117
53.595
56.6637
57.3967
58.0496
58.5682
59.4465
58.4162
60.8754
59.542
57.368
61.4372
59.5523
51.4713
58.1426
55.4792
58.7306
51.2234
50.3226
43.4206
9.70354
23.4951
15.1821
40.5028
37.4701
33.077
9.52837
1.42649
3.5798
7.02704
2.32224
2.09545
1.8226
1.55698
1.4641
1.50473
2.0653
3.94808
7.03038
10.0065
12.8224
17.6989
21.3458
21.1643
18.7511
18.3264
19.692
22.1036
23.588
22.75
17.911
10.1979
5.45955
3.90668
3.80858
3.92328
4.11667
4.48853
4.62706
4.25065
4.83563
5.21189
5.0143
5.59367
5.40642
5.99206
5.78219
6.62868
6.3303
7.25197
6.95035
8.28672
7.79189
9.86594
8.94032
16.319
12.8326
23.1839
21.4507
18.2334
20.2794
29.1987
27.4813
25.9098
24.4597
36.7573
34.8316
31.019
32.9073
43.8136
42.1918
42.3865
44.3477
52.8422
51.8752
50.7132
49.3698
58.8186
58.8581
58.7107
58.3336
60.6777
61.7536
62.6924
63.4534
63.2639
62.3777
65.1757
63.9514
60.8542
65.4925
63.2134
55.9534
61.7705
59.5327
62.6464
56.252
55.6974
48.2992
9.05959
26.8602
17.8791
45.6916
42.2969
37.5276
3.73361
1.19367
1.58547
4.41618
2.19629
1.8669
1.60272
1.49738
1.77424
3.36187
7.01357
10.6223
12.6202
14.3672
17.5936
20.6998
20.7939
18.4258
17.9975
19.4453
21.421
22.2458
19.9253
14.0446
7.46034
4.34746
3.58275
3.57895
3.69211
3.82988
3.99449
4.61099
4.39459
4.19631
4.81239
5.22408
5.01712
5.65056
5.44125
6.0768
5.85756
6.7007
6.42098
7.38148
7.03313
8.61505
8.00597
10.6902
9.46571
20.0322
19.7927
17.0391
15.2914
13.1701
24.6983
23.2728
21.648
31.6813
29.7097
27.8969
26.2426
40.3112
38.1519
33.784
35.9592
47.8582
46.1819
47.2011
49.3333
57.7069
56.8536
55.7865
54.4922
63.9623
64.183
64.2271
64.0681
65.4879
66.9194
68.1774
69.2256
67.8572
67.1758
70.3417
69.212
64.6787
70.3465
67.4571
60.6299
65.752
64.1343
67.3568
61.5563
61.4002
53.7281
8.92541
31.3576
22.3953
50.8465
47.5585
43.0194
2.06851
1.15889
1.33057
4.11226
1.97282
1.64026
1.57192
2.21723
5.50656
10.1908
13.2828
14.4741
15.4813
17.5693
19.9846
20.2367
18.1611
17.6793
19.1424
20.7709
20.9052
17.5499
10.9221
5.66062
3.66429
3.31912
3.35831
3.4709
3.56033
3.69589
4.03128
3.82239
4.59865
4.35287
4.16006
4.78782
5.2273
5.00455
5.6973
5.46037
6.16927
5.93231
6.8177
6.54134
7.52527
7.15041
9.0146
8.26598
11.7885
10.1212
21.6234
21.2472
19.0237
16.4493
14.4283
26.7056
25.0666
23.4387
34.7778
32.4389
30.308
28.4124
44.8824
42.4119
37.2785
39.8493
52.9935
51.2751
53.2392
55.5769
63.6498
62.9763
62.0436
60.8473
70.0445
70.5994
70.8664
70.951
71.1801
73.0163
74.6691
76.0893
73.3776
72.8826
76.5073
75.4231
69.0297
76.1613
72.5029
65.9522
70.8152
69.8584
73.9522
67.498
67.421
59.3527
12.045
35.997
28.2365
56.7053
53.6797
48.391
2.03751
1.02137
1.21001
5.82742
1.73074
1.65997
3.20168
7.70964
12.8865
15.1154
15.6842
16.2664
17.5551
19.2606
19.5088
17.7556
17.4381
18.9515
20.3204
19.9639
16.1057
9.15766
4.63435
3.27779
3.10219
3.15948
3.26238
3.32059
3.43729
3.57332
3.929
3.75912
4.53639
4.30271
4.11231
4.76239
5.22196
4.9814
5.72938
5.46936
6.26413
5.99472
6.93421
6.65916
7.69484
7.27569
9.50464
8.56722
13.7445
12.1151
10.9763
23.4455
23.3146
20.7072
18.034
15.5273
28.9295
27.1427
25.3904
38.628
35.7754
33.1701
30.8953
50.6271
47.7759
41.6697
44.7507
59.3846
57.637
60.6546
63.2142
70.826
70.3891
69.6308
68.555
77.2711
78.2115
78.8776
79.2207
77.8939
80.2289
82.3486
84.2074
79.9274
79.6316
83.7685
82.7425
74.7482
84.2282
79.2734
72.2925
78.7432
77.0773
82.6615
74.4147
73.4639
65.2185
17.8355
41.78
34.113
63.5223
60.7936
54.3734
2.48958
1.02916
1.37651
8.60837
1.87287
3.9066
10.0087
14.8861
16.2093
16.5433
16.7511
17.5033
18.5754
18.7074
17.3267
17.1724
18.9227
20.115
19.4798
15.5719
8.56704
4.13514
3.03218
2.92635
2.98123
3.06451
3.10841
3.20627
3.31753
3.47473
3.88376
3.71721
4.50523
4.24634
4.03914
4.71119
5.20319
4.95418
5.75414
5.47194
6.35428
6.05092
7.06137
6.77929
7.88078
7.4124
10.1119
8.91997
14.6071
13.0995
12.5662
11.1055
25.5731
25.5046
22.8578
19.8737
16.9692
31.4545
29.4186
27.5756
43.4107
39.8881
36.6319
33.8104
57.7178
54.4327
47.1519
50.8518
67.1477
65.382
69.6159
72.3836
79.3423
79.2205
78.6652
77.7202
85.8049
87.1479
88.2285
89.0004
85.8087
88.7496
91.3837
93.7058
89.2607
87.5246
93.9495
91.2717
84.3142
96.0816
90.0857
80.0839
89.0646
85.6761
93.2632
81.0168
80.7386
72.0559
24.7334
48.2338
42.3259
72.3702
68.5348
61.0157
3.62309
1.17457
2.0326
12.7797
5.32453
11.5878
16.0391
17.0071
17.0105
17.0711
17.365
17.9397
17.7837
16.9979
16.9838
18.9837
20.1022
19.3811
15.5627
8.56626
3.92784
2.86785
2.76979
2.82606
2.88309
2.91871
2.99803
3.09029
3.20134
3.47468
3.63096
3.29039
3.82695
4.44892
4.18599
3.99568
4.67982
5.17979
4.91492
5.76415
5.46212
6.43394
6.09298
7.18275
6.89093
8.08587
7.55018
11.2619
11.8843
10.1526
9.33452
15.9051
13.8707
13.1873
27.8174
27.8558
25.1277
21.995
18.7298
34.3747
31.9276
29.9142
49.3764
45.0208
40.9119
37.3213
66.3435
62.6061
53.984
58.3887
76.3914
74.6165
80.3309
83.2229
89.3845
89.5097
89.2696
88.4623
95.697
97.3975
98.8452
100.011
95.0638
98.7941
101.987
104.795
103.36
98.289
111.953
102.646
96.6049
121.15
106.385
88.3757
104.208
98.7947
115.089
90.9314
93.7316
82.7892
32.1532
58.2803
50.9253
81.7567
75.6809
72.5362
5.7631
1.31339
3.19626
18.7132
13.5239
16.9182
17.4206
17.4139
17.2041
17.1626
17.1644
16.9575
16.5797
17.0122
19.2001
20.193
19.4564
15.8437
8.90635
3.86804
2.7462
2.64199
2.68181
2.72207
2.74929
2.81249
2.88786
2.96385
3.06128
3.58756
3.36706
3.2275
3.74583
4.40074
4.12658
3.92542
4.62519
5.15151
4.8825
5.76595
5.44778
6.50191
6.11978
7.2992
6.99266
8.30666
7.68687
12.4544
11.6096
10.7194
10.2266
9.2519
17.4458
14.9559
14.1865
30.2517
30.4277
27.644
24.3536
20.764
37.9034
34.7918
32.4916
56.9023
51.5071
46.3091
41.6957
76.7367
72.6178
62.571
67.7225
87.2629
85.4854
92.9867
95.7859
100.75
101.095
101.125
100.532
107.091
108.998
110.673
112.095
107.24
112.587
116.449
120.018
145.37
120.082
173.745
130.878
121.353
182.143
148.859
104.383
146.825
126.381
158.876
112.543
117.369
94.4401
38.5376
73.0102
57.1409
92.8879
90.533
99.4293
9.44187
1.42026
5.21641
26.3519
17.4846
17.8155
17.5847
17.19
16.7427
16.4271
16.3763
16.3994
17.2251
19.6418
20.442
19.7035
16.3341
9.42129
3.88934
2.65929
2.52931
2.55952
2.57615
2.59179
2.64627
2.70223
2.7575
2.84329
2.95603
3.53416
3.31872
3.18072
3.69388
4.33857
4.05736
3.86074
4.57769
5.11652
4.83208
5.75918
5.42417
6.55387
6.13137
7.40168
7.07878
8.56232
7.8218
13.2879
12.3145
11.0206
10.3926
9.65146
19.3139
16.2786
15.3121
32.927
33.2577
30.4025
26.9943
23.1227
42.3607
38.2112
35.3935
66.5073
59.8653
53.2914
47.3237
89.0776
84.748
73.3517
79.1564
99.6173
97.9907
107.212
109.324
113.073
113.573
113.61
112.959
122.244
124.264
125.374
126.736
146.385
168.852
165.915
169.009
191.85
173.735
400.194
190.24
185.072
421.513
194.201
151.432
203.862
196.301
203.763
162.105
169.105
118.766
46.1573
79.339
65.807
117.297
129.031
105.362
14.8913
7.25775
15.3427
35.4749
18.0041
17.7102
16.9827
16.2445
15.9726
15.9734
16.4653
17.7908
20.1131
20.7181
19.9617
16.7568
9.70979
3.95811
2.58525
2.43943
2.44555
2.45119
2.44875
2.4968
2.52996
2.57437
2.6469
2.73209
2.82599
3.0908
3.44871
3.2575
3.62543
4.27626
3.99041
3.79651
4.51352
5.07057
4.78238
5.74067
5.39152
6.58982
6.13536
7.4949
7.1597
8.85318
7.9567
14.2984
13.0735
11.544
10.8742
9.84614
21.5575
17.873
16.7126
35.9453
36.4255
33.4723
29.9832
25.8657
48.2698
42.5727
38.8281
78.6289
70.6484
62.4154
54.7614
103.241
99.1436
86.622
92.8431
112.373
111.319
121.083
122.121
127.522
127.822
127.389
125.372
168.13
164.58
161.851
157.485
192.534
371.544
374.405
360.303
429.002
409.842
816.043
403.711
448.497
833.084
448.8
219.656
456.24
477.305
473.511
235.873
248.081
172.016
57.9524
90.7137
87.2093
180.635
136.71
123.189
25.3489
10.762
22.6066
42.0968
17.5904
16.7316
15.7724
15.6281
15.9228
16.7512
18.718
20.5119
20.9511
20.1018
16.979
9.65568
3.95906
2.52182
2.35971
2.35044
2.33237
2.32304
2.36201
2.37315
2.41188
2.46692
2.52819
2.59351
2.81103
3.04639
2.95602
2.65857
3.40192
3.17576
3.55532
4.20614
3.92097
3.72966
4.4483
5.01527
4.71565
5.70933
5.34554
6.61262
6.12924
7.57295
7.22253
10.1664
9.58203
8.66529
8.09741
15.535
14.0843
12.1331
11.265
24.2864
19.8739
18.4456
39.4509
40.0067
36.8746
33.3564
29.0482
56.2414
48.3884
43.0921
93.6535
84.4487
74.3062
64.5392
117.715
114.916
102.552
108.618
124.068
124.052
132.564
133.737
155.765
151.568
150.288
145.773
363.705
354.061
353.15
346.822
384.916
788.8
791.976
771.94
834.803
820.673
2517.74
814.882
862.034
2517.45
848.589
476.016
866.396
900.224
873.19
478.439
486.401
244.243
64.747
126.45
95.7471
168.695
186.646
190.971
31.1207
16.4859
42.0324
51.5757
16.1327
15.555
15.4151
16.0372
17.4037
19.5273
20.7682
21.0423
20.0882
16.9353
9.06784
3.8297
2.45129
2.2932
2.26348
2.23221
2.20979
2.23806
2.23551
2.26939
2.30617
2.3489
2.39969
2.47203
2.90587
2.69886
3.12399
2.58919
3.32584
3.49391
4.13625
3.8511
3.66
4.37574
4.95136
4.64969
5.66411
5.29125
6.62077
6.09924
7.62258
7.26164
10.4734
9.65911
8.93309
8.21295
17.1068
15.3735
12.8612
11.8363
27.5719
22.3817
20.6459
43.7007
44.1663
40.5981
37.0694
32.683
66.9034
56.3802
48.7023
111.36
101.704
89.6827
77.3528
129.872
128.748
119.755
124.092
135.318
135.817
146.193
149.22
348.676
345.844
345.94
181.687
779.651
767.993
765.4
756.362
787.906
2508.2
2519.55
2500.3
2521.3
2518.98
15726.5
2519.86
2525.93
15727.1
2526.69
892.675
2527.85
2568
2521.77
895.615
487.915
899.317
80.9067
134.929
123.369
318.106
492.736
274.925
181.003
45.5407
35.1112
88.1603
58.3958
15.1951
15.3771
16.3411
18.2726
19.9587
20.8202
20.9992
19.8853
16.2937
8.08201
3.4823
2.38588
2.22197
2.19332
2.13484
2.11925
2.12619
2.11614
2.14348
2.16551
2.19433
2.23504
2.29552
2.36008
3.03122
2.84826
2.6461
3.25976
2.55056
3.41844
4.0631
3.77759
3.59192
4.3019
4.88205
4.57433
5.61029
5.2273
6.61792
6.06127
7.64896
7.27934
10.8849
10.0551
9.0558
9.24346
8.65705
7.99262
19.0796
17.0377
13.8164
12.5171
31.3778
25.5081
23.3997
49.1038
49.2367
44.6573
41.0302
36.6584
81.0596
67.3971
56.3599
128.614
121.791
109.158
94.0548
138.737
138.511
134.004
135.355
150.326
153.9
166.803
344.135
762.038
760.598
325.034
761.98
2516.49
2504.01
2506.9
2490.4
2503.1
15743.2
15735.9
15738
15743
15707
15706.5
15709.9
15736.5
2543.63
15710.1
15718.9
15722.1
2541.93
896.893
2543.11
88.2561
197.057
130.314
507.589
910.276
515.224
318.079
512.96
88.4187
200.618
276.555
74.1297
15.3618
16.736
18.664
19.981
20.7312
20.7382
19.2886
14.4408
6.90422
3.11048
2.29907
2.16028
2.12493
2.05268
2.03507
2.03106
2.01675
2.03357
2.0445
2.06241
2.09458
2.13686
2.17834
2.23433
2.46527
3.19296
2.9719
2.75701
2.58453
3.3507
3.98828
3.70333
3.51609
4.22348
4.80446
4.49698
5.54406
5.15605
6.58709
6.00464
7.66235
8.10213
7.28363
11.3695
10.2918
9.4509
8.64456
21.539
19.1221
15.0474
13.3753
35.5897
29.2483
26.7593
56.3307
55.856
49.2967
45.1903
40.8531
99.5151
82.4435
67.0305
139.125
137.256
131.372
115.443
147.881
149.285
142.149
142.092
339.99
343.141
317.266
765.998
2505.83
2511.56
738.639
2513.24
15720.7
15718.1
15719.5
15723.5
15740.2
15723.8
15723.9
2537.67
15722.4
113.515
186.649
195.049
907.896
2554.88
918.277
526.717
919.644
157.917
525.68
563.023
114.642
17.0002
18.6428
19.7301
20.3837
19.9938
17.8737
11.6486
5.54617
2.74492
2.2213
2.10123
2.06023
1.97726
1.96771
1.94198
1.93076
1.93877
1.94167
1.95171
1.97584
2.0009
2.02654
2.06781
2.11872
2.42493
2.34285
3.10991
2.89903
2.7041
2.50521
3.27536
3.90926
3.62281
3.44241
4.14054
4.72006
4.41053
5.46999
5.07482
6.54717
5.93992
8.13784
8.15523
7.79119
7.53443
7.26005
11.9205
10.7141
9.65984
8.8257
24.4628
21.6367
16.62
14.4341
39.984
33.4423
30.5625
66.3396
64.9757
55.0322
49.6336
45.1385
122.965
102.834
81.9189
144.647
144.131
144.253
137.691
339.317
169.865
150.88
148.317
753.952
761.351
727.592
2537.85
15743.2
15742.6
2489.3
15752.4
15723
124.983
333.451
527.436
215.119
2540.85
15710.1
2554.88
918.933
2549.03
252.431
603.313
349.949
160.337
18.1929
19.3102
19.4615
18.5909
15.0941
8.72897
4.19482
2.45893
2.1278
2.05628
1.9864
1.91811
1.90021
1.87063
1.85275
1.8538
1.85179
1.85779
1.87527
1.88836
1.90759
1.93901
1.97138
2.00604
2.29878
2.21828
2.45849
3.04089
2.8197
2.62708
3.19606
3.8279
3.54182
3.36208
4.05335
4.62598
4.31942
5.38434
4.98485
6.48294
5.86036
8.90413
8.1901
7.73565
7.54397
7.20537
12.6238
11.0706
9.90148
27.7679
24.4975
18.5287
15.7304
44.4534
37.884
34.6194
80.3621
77.7583
62.7024
54.7276
49.5297
143.451
128.898
103.192
154.268
147.284
149.643
148.355
758.794
325.687
165.775
340.285
2501.54
2519.62
2493
15754.2
15744.6
151.977
539.711
931.18
254.355
541.624
15719.5
15722.8
2544.96
15713.2
294.748
333.46
247.086
233.732
18.209
18.4677
16.4337
11.6528
6.21415
3.18699
2.2277
2.05274
1.99245
1.92191
1.86032
1.84038
1.79967
1.78711
1.77958
1.77146
1.77557
1.78728
1.7946
1.81254
1.83731
1.85806
1.88075
1.90756
2.17506
2.09417
2.37679
2.32751
2.55639
2.96162
2.75668
3.12071
3.74128
3.45805
3.2835
3.96147
4.52405
4.22062
5.2875
4.88271
6.39885
5.76735
10.1434
9.04911
8.21999
7.72729
7.52197
7.11973
7.47619
13.3798
11.5615
31.3643
27.5585
20.7347
17.2099
48.9486
42.4073
38.8761
100.865
96.3122
73.2708
61.0617
54.2158
152.352
147.584
131.589
181.643
150.535
156.773
152.783
2545.64
734.474
326.259
757.587
15714.3
15722.3
15775.4
189.558
927.946
2560.43
284.212
553.88
954.205
15720
259.436
200.761
188.215
280.719
16.3589
14.1876
8.26903
4.39186
2.5251
2.07799
1.9638
1.939
1.85094
1.81147
1.77955
1.74125
1.72012
1.71361
1.70104
1.70336
1.70857
1.71349
1.73039
1.7497
1.76545
1.78561
1.80913
1.82912
2.05316
1.97631
2.25216
2.2017
2.49394
2.41441
2.67755
2.88257
3.03791
3.6562
3.37269
3.20198
3.86885
4.41362
4.11928
5.17589
4.77017
6.28307
5.65525
12.0412
10.3807
9.13332
8.23441
7.68283
7.00264
7.45379
7.39008
14.3069
35.0671
30.7765
23.1645
18.8701
53.5688
47.0153
43.2256
130.071
124.319
88.3805
69.5018
59.597
156.136
155.321
149.906
336.61
340.61
168.479
160.976
15721.6
2494.13
730.681
2545.19
295.301
2553.61
15706.7
496.972
569.405
968.892
2599.69
187.474
148.891
150.535
285.147
11.1861
6.1615
3.18822
2.17785
1.9434
1.90536
1.86251
1.79546
1.75536
1.72466
1.68106
1.66618
1.6489
1.6355
1.63815
1.63787
1.64183
1.65577
1.66961
1.68308
1.70413
1.72633
1.74691
1.76929
1.93806
1.8754
2.13037
2.08096
2.35536
2.2794
2.60816
2.53763
2.80856
2.95582
3.56563
3.28478
3.11819
3.77334
4.29877
4.01411
5.05334
4.6483
6.13658
5.52727
15.294
12.5605
10.6229
9.24204
8.24201
7.66065
7.35878
7.28214
7.13794
6.63058
7.59792
38.8723
34.0161
25.6828
20.6566
58.4197
51.7301
47.6892
149.803
147.837
112.064
80.9403
66.1553
164.768
158.984
157.463
748.261
755.497
331.007
174.619
15735
2491.58
15744.8
366.797
15717.8
644.822
971.365
2615
15710.3
166.708
110.554
116.723
239.91
4.51153
2.61114
1.946
1.86331
1.82676
1.80252
1.73029
1.70828
1.66709
1.62894
1.61026
1.5953
1.57659
1.57724
1.57268
1.57634
1.58677
1.59603
1.60758
1.62758
1.64649
1.66592
1.68851
1.70928
1.8452
1.81165
2.00984
1.95873
2.22155
2.15321
2.46117
2.3951
2.72539
2.65174
2.87082
3.47444
3.1933
3.0311
3.67454
4.17571
3.90489
4.91727
4.51639
5.96646
5.38578
16.3455
13.0714
10.8479
9.29474
8.23348
7.55699
7.47877
7.24131
6.97794
6.59298
8.20559
42.7599
37.3003
28.3064
22.483
63.8433
56.5731
52.3505
158.249
158.633
139.472
97.8679
74.6936
178.249
168.989
160.988
2520.79
2545.12
733.957
340.385
15744.8
391.643
630.325
1007.51
2613.98
15706.6
141.404
96.1857
102.895
208.13
2.16696
1.85373
1.76232
1.77567
1.72346
1.68342
1.65028
1.618
1.57689
1.5637
1.53837
1.52652
1.52347
1.51426
1.51665
1.52276
1.52879
1.53926
1.55562
1.56943
1.58663
1.60706
1.62596
1.79162
1.64116
1.8899
1.84043
2.10029
2.03795
2.31689
2.24979
2.57512
2.50184
2.78237
3.37762
3.09992
2.9422
3.57299
4.04801
3.7925
4.7661
4.37324
5.78796
5.22658
17.3688
13.5869
11.0349
9.33129
8.15505
8.08606
7.41546
7.18154
6.92297
6.4695
9.3436
46.682
40.6279
30.9293
24.2463
70.1872
61.6113
57.1511
161.576
162.817
155.202
122.869
85.9384
338.124
183.306
173.374
15757.7
15756.8
2507.12
754.895
364.949
657.255
1005.11
2648.68
15707.3
128.634
94.3818
99.9386
198.695
1.71766
1.72036
1.69373
1.67403
1.62055
1.60817
1.56296
1.53278
1.51688
1.49322
1.47652
1.47311
1.46288
1.46376
1.46587
1.46849
1.47798
1.48997
1.49963
1.51471
1.53158
1.54766
1.56474
1.7194
1.86659
1.82554
1.58792
1.98751
1.92438
2.17436
2.11017
2.43322
2.35976
2.69767
2.61232
3.27912
3.00456
2.84987
3.46838
3.91722
3.67888
4.60403
4.22452
5.58131
6.32536
5.05231
18.4223
14.0414
11.1882
9.32959
9.25472
7.99654
7.32493
7.08605
6.80438
11.2632
50.7514
43.9224
33.4762
26.0109
78.046
66.9727
62.1458
169.724
169.487
162.688
147.12
101.467
742.589
343.277
188.603
15770.2
2547.55
354.237
650.224
1036.53
2614.74
15718.5
119.87
101.02
103.805
183.502
1.62911
1.65885
1.59896
1.58127
1.55209
1.52106
1.48744
1.47528
1.44665
1.43767
1.42595
1.41529
1.41593
1.41542
1.41632
1.42433
1.43161
1.43952
1.45304
1.46645
1.4794
1.49451
1.51241
1.66395
1.80094
1.75506
1.93305
1.88049
1.52116
2.04345
1.98992
2.29133
2.21502
2.53195
2.45609
2.75911
3.17719
2.90807
3.36148
3.78394
3.56278
4.42947
4.0676
5.37167
6.05683
6.24038
4.86562
19.3772
14.4395
11.2879
11.2749
9.16378
7.88773
7.24419
7.03968
6.70388
14.7217
54.9086
47.1373
35.9458
27.6554
88.0675
72.7824
67.4223
183.321
183.416
166.352
159.628
124.927
2518.69
755.557
347.537
197.103
15775
332.698
618.68
1026.25
2658.28
15710.1
115.273
119.454
117.073
155.206
1.57784
1.56771
1.51894
1.51899
1.46924
1.45377
1.43436
1.40885
1.39671
1.38813
1.37547
1.37403
1.37119
1.37113
1.37825
1.38181
1.389
1.40086
1.4114
1.42283
1.43574
1.44851
1.45525
1.60174
1.73328
1.69984
1.83591
1.80333
2.00341
1.94233
1.46649
2.1429
2.06835
2.38177
2.31238
2.66675
2.57798
3.07459
2.81187
3.25234
3.65195
3.44699
4.24736
3.91048
5.9687
5.14774
5.78235
6.57725
4.66377
20.2261
14.8581
14.9085
11.1554
9.02056
7.76172
7.14487
6.92061
20.9114
59.0891
50.398
38.3626
29.1245
100.64
79.4203
72.899
200.566
200.826
176.514
165.578
145.479
15774.3
2540.23
764.976
337.757
296.425
598.429
1002.84
2620.83
15708.6
119.929
147.689
142.586
147.346
1.49388
1.49433
1.46346
1.43742
1.4136
1.40019
1.37382
1.36604
1.35027
1.34235
1.34032
1.33499
1.33414
1.33912
1.34035
1.34765
1.35669
1.36504
1.37548
1.38762
1.39889
1.40705
1.42097
1.67718
1.53175
1.75938
1.72953
1.88793
1.84374
2.09194
2.02085
1.42947
2.23907
2.16803
2.49212
2.41016
2.7149
2.97041
3.1414
3.52036
3.32909
4.06066
3.75162
6.41371
4.91376
5.52182
5.69176
6.27471
6.86209
4.45365
21.4123
21.6627
14.8964
10.9731
8.85524
7.6267
7.05563
30.4147
63.3875
53.5028
40.5771
118.374
87.1353
78.6267
350.243
208.552
351.36
191.394
170.628
159.029
15758.4
2567.17
746.818
257.671
561.354
1028.34
2610.67
15707.8
131.494
179.423
170.406
146.186
1.43692
1.44174
1.39125
1.39064
1.36393
1.34567
1.33716
1.3249
1.31315
1.31131
1.30527
1.30488
1.30728
1.30654
1.31362
1.31975
1.32657
1.33593
1.34677
1.35752
1.36847
1.38338
1.39221
1.61294
1.73689
1.70268
1.47443
1.80974
1.77103
1.95099
1.88947
2.18785
2.1151
1.39988
2.33358
2.25944
2.61994
2.5268
2.86692
3.02903
3.39185
3.21144
3.87114
3.59665
6.73937
5.4398
4.64303
5.29955
5.88819
6.06035
6.65625
6.95026
4.2342
31.4842
32.3109
21.7581
14.63
10.7379
8.66087
7.47318
42.651
67.6953
56.5083
135.933
95.9304
84.6615
769.418
351.553
767.546
208.714
181.14
165.877
15752.9
2531.75
232.185
492.53
1004.56
2667.35
15708.5
154.861
214.433
188.321
154.387
1.38935
1.37539
1.35414
1.3419
1.32038
1.31433
1.29867
1.29302
1.28709
1.27959
1.27959
1.27988
1.27893
1.28482
1.28833
1.29446
1.30281
1.31225
1.32156
1.33263
1.34673
1.35499
1.36548
1.54037
1.68602
1.64731
1.76842
1.73627
1.43343
1.83861
1.80172
2.04268
1.97037
2.27129
2.19616
1.37739
2.4365
2.3525
2.76308
2.66219
2.91549
3.26431
3.09061
3.68462
3.44608
6.86105
5.68571
4.39648
5.20662
5.49092
6.41702
6.53143
6.75275
7.32251
4.02452
44.5019
46.1057
32.7104
21.6936
14.2829
10.4349
8.43982
71.9401
59.3336
151.546
105.596
90.8176
2573.79
773.079
355.164
2552.34
213.474
196.862
172.607
15767.3
218.722
442.833
929.943
2667.86
15705.9
167.567
328.843
227.245
158.42
1.338
1.34253
1.31019
1.30161
1.29193
1.27683
1.26751
1.2636
1.25416
1.25334
1.25101
1.25055
1.25625
1.25853
1.26473
1.27243
1.28095
1.28983
1.30016
1.31137
1.31955
1.33165
1.34297
1.62123
1.47668
1.70445
1.67879
1.80022
1.76442
1.40847
1.90243
1.843
2.12166
2.04928
2.37809
2.29202
1.35081
2.56253
2.46848
2.80266
3.13894
2.96944
3.49873
3.3039
7.15881
6.27624
4.80916
4.18195
5.9328
5.72147
6.11777
6.55257
6.66448
7.00691
8.20821
3.80043
61.9286
47.3265
32.8784
21.2169
13.8121
10.0929
76.1361
163.016
116.5
97.1726
15756.7
2571.59
779.699
355.218
15757.2
213.238
179.233
218.331
453.921
878.009
2660.08
15706.9
170.317
660.795
343.832
157.36
1.31289
1.30173
1.2797
1.27407
1.25844
1.2521
1.24132
1.23514
1.23253
1.22745
1.22612
1.2284
1.2299
1.236
1.24299
1.25066
1.25937
1.2701
1.28029
1.28852
1.3016
1.31146
1.3183
1.54376
1.67874
1.65201
1.43613
1.73663
1.71236
1.84623
1.79508
1.38634
1.97804
1.90758
2.21043
2.12964
2.48652
2.39256
1.32552
2.69151
2.58595
3.01343
2.84624
3.33379
3.17259
7.96458
6.45715
4.56397
5.5443
5.23689
3.89934
6.2114
6.07933
6.33286
6.70617
6.84643
7.72057
9.71922
3.5759
80.1745
64.1875
48.1344
32.8463
20.5898
13.1935
170.561
126.874
103.475
15786.1
2576.39
783.1
361.606
215.431
187.593
194.288
475.635
887.029
2640.62
15711.9
194.171
364.755
412.484
159.405
1.2816
1.27685
1.26136
1.25047
1.24221
1.23456
1.22677
1.22204
1.21763
1.21489
1.21374
1.21398
1.21667
1.22072
1.22656
1.23373
1.24282
1.25218
1.26205
1.27468
1.28398
1.29328
1.30292
1.62524
1.47387
1.69465
1.67596
1.41614
1.75165
1.72936
1.91302
1.85627
1.35462
2.05464
1.98091
2.30503
2.21801
2.61038
2.5001
1.31321
2.7258
2.88539
3.18157
3.04267
9.33639
6.55867
4.27952
5.04758
4.79821
5.93144
5.76448
3.68618
6.3059
6.19694
6.43795
7.23167
7.4726
8.95806
12.536
3.39031
84.0011
66.1338
48.5056
32.1538
19.639
178.645
136.131
109.616
15778.4
2582.61
795.889
360.153
228.217
199.051
258.022
172.831
962.004
453.742
2657.26
15714
301.549
64.4092
163.815
177.968
1.2675
1.26251
1.2489
1.24076
1.23276
1.22674
1.22072
1.21585
1.21231
1.20985
1.20836
1.20853
1.21025
1.21351
1.2188
1.22533
1.23297
1.24212
1.25299
1.26246
1.27302
1.28463
1.29504
1.53393
1.68156
1.64489
1.44046
1.719
1.70071
1.3876
1.79294
1.76122
1.9675
1.91138
1.33554
2.13366
2.05214
2.402
2.31195
2.75996
2.63025
1.30197
3.03526
2.91933
11.799
6.9925
4.00699
4.67664
4.49604
5.54908
5.26967
6.06926
5.95249
3.42565
6.55591
6.36393
6.76949
8.22423
8.58151
11.0933
18.5022
3.1762
87.4462
67.5327
48.5562
31.1387
186.423
145.443
115.337
15779.9
2609.83
795.221
360.928
230.659
211.914
241.292
168.717
2792.11
960.252
491.873
15717.1
343.68
4.33104
27.3859
262.549
1.26119
1.25472
1.24404
1.23606
1.2291
1.22331
1.21798
1.2138
1.21067
1.20851
1.20725
1.20714
1.20846
1.21128
1.21615
1.22191
1.22889
1.23755
1.24699
1.25722
1.26772
1.27816
1.28767
1.47109
1.62811
1.56113
1.68938
1.66702
1.41632
1.73778
1.70815
1.36149
1.83578
1.79882
2.04596
1.9817
1.31812
2.22469
2.14973
2.50478
2.39805
2.79684
1.29721
2.92949
17.1799
7.8686
4.3775
3.7274
4.9501
4.69198
5.80639
5.66202
6.18932
6.03769
3.22537
7.21068
6.9112
7.54129
9.7655
10.395
15.7669
29.6355
3.03984
90.2413
68.1771
47.8027
195.536
153.262
119.883
15788.6
2599.47
798.98
361.788
227.475
222.056
177.291
15721.1
2883.7
1037.79
497.777
161.434
1.67182
12.2047
272.931
1.26029
1.25296
1.24382
1.2359
1.22958
1.22314
1.21825
1.21411
1.21095
1.20892
1.20818
1.20891
1.21072
1.21317
1.21654
1.22141
1.22781
1.23587
1.2452
1.25533
1.26512
1.27506
1.28492
1.52099
1.43951
1.65157
1.60752
1.70623
1.67465
1.38959
1.7898
1.73464
1.3397
1.88747
1.84489
2.12544
2.06877
1.30966
2.28868
2.22864
2.65187
2.53268
1.29391
2.78594
27.7319
9.17526
4.00884
4.63784
4.9187
3.51342
5.47682
5.24922
5.90035
5.77553
6.61093
6.35201
2.98933
8.19196
7.7769
8.67172
12.9486
14.3214
25.503
46.4949
2.87355
92.2115
68.3729
202.821
159.614
123.353
15811.1
2601.76
805.381
372.488
226.026
212.305
206.162
15735.8
2980.81
1039.35
522.221
63.2838
1.27151
2.84041
204.94
1.26958
1.25755
1.25257
1.24236
1.23865
1.22878
1.22336
1.21895
1.21567
1.21369
1.21315
1.21368
1.21513
1.21782
1.22205
1.22779
1.23371
1.24029
1.24761
1.25558
1.2645
1.27422
1.28372
1.46614
1.58863
1.54985
1.41264
1.66355
1.64139
1.73723
1.68699
1.36595
1.82436
1.76895
1.3236
1.94488
1.87317
2.18271
2.13305
1.30548
2.3753
2.294
2.68954
1.2925
44.4548
11.6878
4.45198
3.77866
4.19889
5.09439
5.32021
3.22034
5.6456
5.49525
6.10347
5.90809
7.36777
6.99526
2.86419
9.74131
9.02457
10.6375
20.2983
22.9542
41.7864
67.8387
2.79146
93.1157
207.237
164.119
125.254
15812.4
2614.01
824.396
372.033
237.108
200.554
235.944
15728.8
2987.57
1062.27
504.308
16.9454
1.08536
1.50488
76.7199
1.28575
1.27076
1.26886
1.25631
1.25566
1.24358
1.23692
1.23169
1.22758
1.22499
1.22338
1.22306
1.22421
1.22687
1.23106
1.23579
1.24154
1.24825
1.25589
1.26446
1.27287
1.28092
1.28873
1.50996
1.42919
1.61339
1.57968
1.3943
1.66742
1.65692
1.76514
1.71178
1.33925
1.86448
1.79484
1.31707
2.05643
1.93893
2.23752
2.15986
1.30155
2.51776
2.40945
1.29646
66.2886
17.6193
4.76688
3.49862
4.02828
4.46635
5.31309
5.45744
3.02333
5.73326
5.59672
6.63347
6.30063
8.42603
7.90426
2.70209
13.0901
11.3984
15.1683
34.571
38.4673
63.9148
93.4123
2.64195
211.112
166.816
125.999
15821.4
2650.94
820.202
373.111
236.228
232.982
207.72
208.034
15734.4
3004.19
1067.22
515.329
5.3003
1.01947
1.18857
31.1621
1.30908
1.29078
1.29152
1.27735
1.27858
1.27077
1.26298
1.25646
1.2503
1.24527
1.24144
1.24018
1.24047
1.24223
1.24478
1.24868
1.25389
1.26028
1.26781
1.27546
1.28303
1.29066
1.29845
1.44907
1.58526
1.5192
1.41208
1.63808
1.60203
1.36111
1.67673
1.66416
1.78112
1.745
1.3279
1.94103
1.82891
1.31174
2.10894
2.02818
2.38273
2.2113
1.30034
2.5588
1.30576
92.9019
30.2659
5.12396
3.74263
3.25276
4.57873
4.29696
4.91995
5.40162
5.55162
2.79681
6.00809
5.75331
7.44475
7.00482
10.1433
9.18481
2.62402
21.3568
17.4537
25.7039
56.1924
60.556
90.9831
212.649
167.905
126.219
15801.1
2639.89
827.223
375.629
240.237
223.497
223.242
114.138
15745.4
3016.06
1069.27
510.293
2.13728
1.06559
1.26909
10.6213
1.33903
1.31794
1.32331
1.30723
1.30699
1.30185
1.29511
1.28905
1.28305
1.27829
1.27325
1.26922
1.26757
1.26717
1.26846
1.27124
1.27536
1.28076
1.28674
1.29311
1.30013
1.30773
1.31532
1.47879
1.42247
1.59374
1.56048
1.38897
1.64967
1.61073
1.34
1.68573
1.66666
1.81036
1.77483
1.32235
2.01638
1.89971
1.30803
2.13349
2.06964
2.52962
2.35013
1.3036
1.32346
50.9028
5.23251
3.45934
4.05912
3.86883
3.02303
4.86838
4.6937
5.10818
5.62441
5.85492
2.64943
6.5968
6.22814
8.45929
7.87283
14.289
11.9725
37.9871
31.1253
44.7208
84.0118
88.2208
124.884
213.661
168.434
15791.1
2652.98
831.826
376.655
242.666
219.531
216.099
49.3923
15765.1
3018.88
1093.72
244.803
516.336
1.65048
1.06157
1.42252
3.91205
1.3785
1.35409
1.36597
1.35381
1.35225
1.35053
1.34681
1.34277
1.33824
1.33307
1.32714
1.32093
1.31487
1.31205
1.3113
1.31172
1.31381
1.31687
1.32104
1.32673
1.33366
1.34134
1.35019
1.43455
1.53209
1.48
1.40454
1.60302
1.58532
1.35692
1.6568
1.62567
1.33035
1.70485
1.67102
1.8474
1.7912
1.3171
2.04678
1.98453
1.30667
2.18334
2.0895
2.58308
2.47357
1.31328
1.35921
78.5616
5.33485
3.63431
3.28181
4.29904
4.10872
2.72621
4.98249
4.87885
5.20421
6.09614
6.3782
7.32195
6.92229
10.297
9.23735
24.5771
19.0814
63.7134
54.6872
71.7219
118.244
122.299
168.009
214.266
15792.3
2672.24
834.383
377.899
245.611
221.032
162.548
18.2196
15758.8
3096.75
1090.89
238.908
511.608
1.74032
1.10165
1.30015
2.48153
1.42909
1.40192
1.42079
1.41747
1.41856
1.4208
1.42117
1.42093
1.41849
1.41552
1.41125
1.40689
1.40193
1.39644
1.39097
1.38713
1.38501
1.38466
1.38688
1.39175
1.39834
1.40769
1.41851
1.45187
1.41256
1.56275
1.50376
1.38078
1.60621
1.59417
1.33863
1.65808
1.6318
1.32617
1.74248
1.67858
1.92644
1.81907
1.31278
2.05576
2.02119
1.31059
2.33297
2.13578
2.59699
2.51647
1.33122
1.42998
112.431
5.62488
3.40454
3.87161
4.09262
2.96035
4.60186
4.45503
5.08815
4.95425
5.41365
6.72358
7.06447
8.25875
7.78278
14.7448
12.1922
44.9671
35.4068
96.5447
86.8076
105.151
161.481
165.592
213.313
15777.9
2673.5
833.7
379.801
247.8
220.218
68.2582
6.67198
15783.5
3093.11
1095.01
227.151
241.18
496.896
1.8227
1.07351
1.33483
2.29911
1.49053
1.46473
1.48806
1.49543
1.50062
1.50619
1.51019
1.51301
1.51419
1.51443
1.51359
1.51205
1.50947
1.50691
1.50541
1.50512
1.50532
1.50666
1.5085
1.51162
1.51678
1.52351
1.53256
1.47095
1.41737
1.39472
1.57631
1.53421
1.34955
1.60703
1.59571
1.33117
1.66293
1.6382
1.32008
1.7724
1.69316
1.96978
1.86688
1.31161
2.08308
2.02691
1.31993
2.43088
2.26535
2.66564
2.52718
1.36814
1.54152
154.898
6.12327
3.57605
3.22366
3.43431
4.1547
4.33262
4.71013
4.59399
5.35886
5.14986
5.84736
7.43929
7.91802
9.9789
8.99245
25.9113
19.8905
75.1177
63.6477
136.174
126.495
146.103
209.883
15773.5
2678.28
837.952
383.788
249.049
187.598
27.5678
3.53726
15783.4
3125.86
1095.91
227.117
232.713
251.953
504.053
1.66227
1.05443
1.35455
2.3359
1.56628
1.54472
1.56697
1.58072
1.58947
1.59733
1.60319
1.6089
1.61287
1.61638
1.6185
1.62015
1.6217
1.62369
1.62605
1.62864
1.63093
1.6333
1.63646
1.64104
1.64613
1.65295
1.66029
1.42331
1.5483
1.53066
1.46956
1.40061
1.36479
1.57984
1.33662
1.60696
1.58989
1.3276
1.66533
1.64289
1.31655
1.80714
1.71142
1.98538
1.90084
1.31649
2.15611
2.03487
1.33808
2.45875
2.37736
2.8934
2.59669
1.44214
1.66802
204.104
6.71049
3.86332
3.3323
3.54534
4.26949
4.42941
4.81929
4.67027
5.76081
5.48244
6.36833
8.44313
9.35311
14.1546
11.6562
48.3404
37.7341
111.987
101.651
181.152
175.228
194.676
15775.5
2679.88
847.595
384.611
248.508
92.1516
10.1047
2.90002
15804.4
3143.08
1100.96
206.222
231.297
249.911
511.056
1.61399
1.08688
1.24426
2.17614
1.64473
1.63516
1.64819
1.66278
1.67365
1.68361
1.692
1.70009
1.70683
1.71304
1.71856
1.72424
1.72978
1.73503
1.74117
1.74717
1.75288
1.75925
1.76609
1.77262
1.78055
1.78876
1.79781
1.43058
1.40176
1.55457
1.52555
1.49076
1.37927
1.34125
1.57661
1.33146
1.6105
1.58738
1.32066
1.67439
1.64372
1.31601
1.84228
1.75517
1.99067
1.91655
1.32534
2.28238
2.08273
1.37708
2.45891
2.4056
3.09694
2.81764
1.5511
1.80809
7.48723
4.09822
3.57024
3.2974
3.79182
4.32288
4.58004
5.05519
4.84834
6.27935
5.85006
7.02554
10.2166
12.5275
24.6686
18.6487
82.056
69.202
156.1
146.138
226.081
222.658
246.136
15782.2
2705.77
849.121
384.845
38.3398
4.65606
2.83863
15811.3
3159.28
1112.75
128.623
219.599
239.213
256.803
507.206
1.63277
1.07151
1.23746
1.94523
1.71119
1.71491
1.7256
1.74036
1.75342
1.76629
1.77697
1.78769
1.79708
1.80645
1.81523
1.82335
1.83104
1.83938
1.84823
1.85696
1.86588
1.87488
1.8842
1.89499
1.9061
1.91878
1.93155
1.44002
1.39859
1.38515
1.55468
1.53306
1.50503
1.34688
1.33322
1.57224
1.32511
1.61089
1.5808
1.31868
1.68992
1.64389
1.32072
1.85774
1.79777
2.0269
1.9267
1.34475
2.32183
2.17499
1.45387
2.49781
2.394
3.1811
2.99049
1.67844
1.94376
8.55327
4.19804
3.7898
3.45203
3.91845
4.48908
4.82148
5.35362
5.01882
7.11219
6.44121
7.83049
14.9676
21.0138
47.2455
35.7423
123.933
110.076
208.974
194.087
258.224
257.025
270.463
15800.5
2709.32
849.485
386.174
14.0857
3.47682
2.64562
15807.8
3186.98
1109
49.3883
153.642
223.141
240.301
258.382
513.785
1.50977
1.04129
1.2706
1.89399
1.76437
1.78037
1.79229
1.80623
1.81863
1.83089
1.84138
1.85177
1.8614
1.87091
1.87993
1.88884
1.89792
1.90747
1.9172
1.92719
1.93731
1.94772
1.95868
1.97002
1.98193
1.99342
2.00394
1.39302
1.50923
1.48641
1.42486
1.38579
1.35607
1.55408
1.52753
1.33392
1.32827
1.55796
1.31985
1.61653
1.57136
1.31936
1.72324
1.6509
1.32976
1.8632
1.81803
2.08514
1.95159
1.38684
2.32259
2.21394
1.56164
2.62464
2.40381
3.38055
3.15895
3.0531
1.8202
2.01285
10.4396
4.33797
3.85761
3.68948
4.00944
4.62528
4.96431
5.83224
5.24467
7.86282
7.22468
8.72323
28.1733
41.2611
84.574
67.5861
172.876
156.598
252.751
245.182
395.902
396.744
15801.5
2705.74
859.472
5.90324
3.22453
2.33434
15831.7
3198.41
1126.5
16.8503
59.3083
161.088
227.179
246.596
267.702
504.176
1.43869
1.06384
1.1877
1.844
1.79146
1.81202
1.82485
1.8379
1.84953
1.86104
1.87111
1.88106
1.89042
1.89968
1.90877
1.91808
1.92766
1.93754
1.94773
1.95817
1.96883
1.9797
1.99082
2.00211
2.01307
2.02308
2.0316
1.39037
1.37502
1.5085
1.4786
1.43683
1.36224
1.33332
1.53432
1.51391
1.32926
1.32039
1.54313
1.31917
1.62155
1.5687
1.32315
1.74984
1.66049
1.35198
1.86419
1.82359
2.11292
1.9928
1.46385
2.31495
2.22511
1.69193
2.81085
2.47417
3.56923
3.25835
3.18918
3.0279
1.95384
2.03844
15.9001
4.47791
3.88861
3.74206
4.21989
4.76434
5.29524
6.60962
5.78297
8.78482
7.65119
11.003
56.0869
79.8775
129.04
109.846
220.523
205.7
398.162
268.725
872.183
869.571
15815.5
2732.17
3.97089
2.94471
2.10021
15840.6
3226.12
1109.14
6.92065
19.6788
61.3612
158.947
223.814
255.619
272.489
520.773
1.44323
1.06668
1.15743
1.6489
1.80058
1.82407
1.83679
1.84924
1.86042
1.87133
1.88112
1.89066
1.89967
1.90856
1.91746
1.92663
1.93629
1.94627
1.95653
1.96699
1.97753
1.98826
1.99914
2.00989
2.01995
2.02875
2.03587
1.38563
1.36458
1.36417
1.49217
1.47846
1.44599
1.3322
1.32645
1.52572
1.50105
1.32054
1.31826
1.53557
1.32012
1.62283
1.57279
1.33479
1.76338
1.67083
1.39506
1.86576
1.81795
2.12263
2.02309
1.5744
2.35186
2.2219
1.83283
2.87645
2.61569
3.63385
3.41069
3.22282
3.11332
2.02025
2.04104
30.4119
4.53251
4.13007
3.7836
4.37863
5.16196
5.90672
7.21327
6.55089
11.8079
8.51062
18.1808
99.098
126.698
179.974
156.921
258.595
244.78
395.339
872.373
2774.22
2759.5
15839.6
3.51901
2.75652
2.04438
15849.5
3215.08
1133.56
4.39603
6.94116
21.4767
55.7205
141.722
219.48
254.32
279.977
507.264
1.40981
1.04052
1.15807
1.56116
1.79184
1.82685
1.83972
1.8522
1.86326
1.87401
1.88355
1.89275
1.90134
1.90973
1.9181
1.9266
1.93532
1.94421
1.95315
1.96203
1.97078
1.97938
1.9878
1.99576
2.00257
2.00769
2.00987
1.35139
1.44665
1.41083
1.35931
1.35378
1.33127
1.48124
1.45468
1.3215
1.32048
1.50451
1.479
1.31623
1.31787
1.52066
1.32606
1.62339
1.57783
1.35875
1.76698
1.68243
1.4739
1.87191
1.80434
2.11811
2.03451
1.70824
2.43772
2.22343
1.96278
3.00122
2.68178
3.69725
3.45556
3.30366
3.14723
2.04376
2.00905
63.7274
4.63113
4.26232
4.00319
4.41865
5.95347
6.47432
7.53662
6.99377
21.582
11.3509
35.0008
149.008
178.337
227.232
205.064
408.413
266.081
873.76
2766.7
15835.2
15835.4
3.06004
2.34748
1.94225
15854.2
3246.48
1119.84
3.91421
4.09006
7.92049
16.4266
52.486
114.097
190.453
294.811
246.369
494.022
1.29843
1.0267
1.17084
1.52668
1.75307
1.80715
1.82109
1.83474
1.84559
1.85559
1.86396
1.87169
1.87838
1.88453
1.89008
1.89527
1.90079
1.90581
1.91057
1.91501
1.91808
1.92034
1.9219
1.92258
1.9215
1.91676
1.90747
1.33752
1.33965
1.43817
1.40546
1.36129
1.32965
1.31633
1.45402
1.44343
1.3161
1.31309
1.48755
1.45899
1.31503
1.31948
1.51695
1.34058
1.62104
1.5835
1.4019
1.75353
1.68611
1.59086
1.89639
1.79504
2.09741
2.03343
1.8464
2.47778
2.26517
2.02693
3.12368
2.98154
3.1767
2.78229
3.88564
3.64889
3.42724
2.04455
1.89337
113.916
5.00273
4.30088
4.11249
4.50682
6.35029
6.74386
8.50157
7.21992
43.6742
19.5173
67.39
197.648
223.222
255.106
242.194
396.197
899.989
2767.35
15816.6
2.91341
2.14272
1.69871
15855.5
3225.1
1096.2
3.23844
4.13787
4.58799
5.78764
17.8168
37.4407
91.2389
282.176
144.428
305.344
520.976
1.26354
1.02328
1.1536
1.48797
1.67086
1.73811
1.75462
1.77043
1.78039
1.7877
1.79221
1.79576
1.79759
1.79794
1.79673
1.79536
1.79395
1.79088
1.78691
1.78126
1.77164
1.76014
1.74729
1.73338
1.71671
1.69499
1.66786
1.32018
1.32114
1.32249
1.42497
1.40494
1.36494
1.30886
1.30965
1.44121
1.41544
1.30847
1.31075
1.47613
1.44395
1.31479
1.32887
1.51678
1.3639
1.61241
1.58028
1.48625
1.73696
1.68335
1.72599
1.91517
1.78452
2.08728
1.9952
1.97142
2.55081
2.29614
2.04823
3.08689
3.25216
3.00801
2.69742
2.93609
3.94779
3.74255
3.5322
2.00429
1.63649
175.129
5.83709
4.38787
4.15696
4.84181
6.52249
7.05863
11.4422
8.12315
81.8907
39.2955
117.755
229.229
246.781
415.264
259.624
872.876
2829.88
15810.9
2.65743
2.03335
1.60585
15863.6
3226.93
1124.83
2.90491
3.47744
4.04573
4.229
7.08641
11.1737
29.363
225.874
62.1957
270.568
310.104
500.599
1.23218
1.02545
1.1143
1.42546
1.54093
1.56363
1.59116
1.61509
1.62277
1.62383
1.61926
1.6144
1.60625
1.5947
1.58108
1.56761
1.5558
1.54256
1.52772
1.51195
1.49186
1.4701
1.44752
1.42473
1.40329
1.38289
1.36197
1.30528
1.30262
1.35843
1.3107
1.2994
1.40092
1.37851
1.30112
1.30187
1.40925
1.38887
1.30532
1.30985
1.46613
1.42138
1.31912
1.34408
1.51692
1.41037
1.60127
1.56932
1.60779
1.71069
1.67095
1.86281
1.92373
1.77874
2.08526
1.96944
2.03154
2.58358
2.76308
2.35285
2.04521
3.28764
3.1319
3.00738
2.90714
4.04638
3.84403
3.69952
1.87445
1.34173
218.768
6.19525
4.71615
4.28291
5.62202
6.78157
7.86954
19.0219
10.7769
132.843
83.2201
185.145
248.105
263.054
912.716
398.785
2785.27
15813.2
2.2404
1.91955
1.52578
15851.5
3258.25
1092.86
2.69105
2.91774
3.57244
3.85647
4.69767
5.30907
9.90483
105.979
19.9354
172.736
331.974
234.186
521.635
1.20922
1.03751
1.08351
1.32231
1.45402
1.42891
1.41903
1.4245
1.42611
1.42392
1.41535
1.40397
1.38889
1.37098
1.3508
1.33169
1.31597
1.2984
1.28195
1.26717
1.25632
1.24773
1.23846
1.23014
1.22313
1.2149
1.20303
1.28827
1.28153
1.35529
1.34073
1.29343
1.2874
1.2907
1.37503
1.36759
1.29312
1.29847
1.39432
1.36779
1.30358
1.31133
1.4619
1.41243
1.32998
1.3693
1.50998
1.49892
1.58266
1.5507
1.74603
1.69277
1.65002
1.97879
1.90201
1.7786
2.0913
1.9324
2.05069
2.78335
2.67102
2.78052
2.54607
2.37772
1.9948
3.51633
3.20388
2.99915
2.90522
4.09499
3.91111
3.76839
1.60492
1.19294
239.563
6.35234
5.30234
4.48059
5.97854
7.38289
10.0221
37.0787
17.4385
196.496
141.903
224.032
431.811
419.213
2865.51
864.986
15823.9
2.05572
1.78229
1.4718
15854
3222.11
1108.24
2.44205
2.60731
3.07552
3.34722
3.83421
4.24747
5.24699
37.2042
7.21223
79.4234
288.553
115.112
324.685
500.874
1.19519
1.03485
1.07356
1.25961
1.42244
1.36726
1.32907
1.30778
1.2901
1.27511
1.2591
1.24288
1.22515
1.20678
1.18694
1.16924
1.1581
1.15086
1.1461
1.14341
1.14164
1.14046
1.13833
1.13728
1.1367
1.13246
1.1242
1.26194
1.25902
1.31983
1.30422
1.27378
1.33585
1.27294
1.27811
1.28231
1.35254
1.28963
1.29564
1.37119
1.34132
1.30358
1.31792
1.45642
1.39642
1.34673
1.419
1.49253
1.62628
1.56668
1.53088
1.88086
1.66992
1.62972
2.03313
1.86654
1.76241
2.12861
1.90474
2.04162
2.78496
2.89779
2.63142
2.55951
2.39611
1.84954
3.6168
3.37198
3.02983
4.24761
3.92413
3.78645
1.32685
1.11623
258.787
6.54704
5.74291
5.01704
6.17087
8.93733
15.525
74.6067
32.7695
226.853
201.808
241.254
432.219
916.6
910.975
15800.9
2779.05
1.90139
1.59983
1.40142
15881.2
3219.22
1064.5
2.20215
2.3506
2.64922
2.95301
3.24529
3.64871
4.04185
12.3431
4.63017
26.6609
174.911
42.3281
358.974
219.981
522.585
1.17801
1.04415
1.2335
1.41829
1.34313
1.28653
1.24807
1.21267
1.18368
1.15832
1.13844
1.12174
1.10721
1.09222
1.08112
1.07889
1.07902
1.0803
1.08233
1.08511
1.08701
1.08741
1.0874
1.08543
1.0787
1.06843
1.22984
1.23436
1.27729
1.26359
1.25124
1.31844
1.29135
1.25621
1.31851
1.26362
1.26943
1.27875
1.2862
1.29517
1.3519
1.32148
1.30737
1.33017
1.44023
1.39035
1.37434
1.51296
1.47588
1.76777
1.54032
1.50744
1.98443
1.63927
1.59583
2.04934
1.82234
1.74383
2.14437
1.87583
1.97953
2.77888
2.90424
3.07065
2.63175
2.55254
2.32212
2.51152
2.4254
1.5748
3.69683
3.49858
4.64853
4.05126
3.89005
1.18812
1.06025
6.93743
5.93527
5.48687
6.2471
12.9426
28.0984
138.251
63.7212
242.187
228.873
262.472
444.793
914.904
2859.5
2836.54
15803.1
1.79802
1.48107
1.35522
15870.2
3173.59
1095.64
1.93395
2.17796
2.32028
2.63585
2.80182
3.19025
3.39952
5.65141
3.89449
8.80062
81.6907
13.2834
283.696
107.522
325.596
517.495
1.15709
1.02246
1.14255
1.19089
1.49524
1.33912
1.26833
1.21432
1.17113
1.13162
1.09644
1.07071
1.05428
1.04245
1.03262
1.02739
1.02941
1.03244
1.03534
1.03865
1.04339
1.04581
1.04577
1.044
1.04098
1.03447
1.02842
1.195
1.20751
1.23524
1.22192
1.22767
1.26373
1.24287
1.23751
1.30254
1.27052
1.24697
1.25479
1.26582
1.27513
1.28525
1.29674
1.33746
1.3017
1.31593
1.34863
1.42685
1.37333
1.42845
1.64651
1.44979
1.90031
1.51554
1.47816
2.03073
1.61227
1.56945
2.03259
1.77471
1.70838
2.15203
2.32594
1.86174
1.81622
2.94074
2.78824
3.18648
2.60726
2.48561
2.36937
1.31687
3.73601
3.58664
5.09151
4.27858
3.97293
1.10961
1.02469
8.04418
6.00615
5.70308
6.53908
21.6447
53.4289
198.678
122.203
262.253
244.913
447.983
932.711
2838.67
15808.1
15819.8
1.65679
1.41798
1.26171
15885.3
3196.09
1081.59
1.74862
1.95864
2.05889
2.32228
2.43708
2.76592
2.90175
4.17258
3.31099
4.97304
27.8765
5.8161
155.239
39.3014
192.305
332.683
515.543
1.13039
1.01284
1.17756
1.63553
1.4005
1.27197
1.19502
1.13538
1.08956
1.049
1.01849
0.999914
0.991002
0.986553
0.985338
0.990611
0.994946
0.999551
1.00535
1.01045
1.0124
1.0112
1.01048
1.00918
1.00579
1.00338
1.15939
1.17913
1.19247
1.17949
1.20196
1.21165
1.19616
1.21611
1.25587
1.2291
1.22847
1.27784
1.2386
1.25092
1.26255
1.27372
1.28578
1.30279
1.32111
1.32961
1.37938
1.39827
1.35755
1.52867
1.79122
1.42433
1.98776
1.48466
1.45257
2.04307
1.57123
1.52703
1.95589
1.72858
1.66764
2.2459
2.10288
2.29472
1.85033
1.544
3.30104
2.98488
2.78948
2.60601
2.47436
2.35492
1.18691
3.77128
3.61793
5.40627
4.60485
4.15529
1.05289
1.00145
10.5918
6.20217
5.8084
7.1842
39.0077
101.448
226.802
185.909
271.642
927.155
458.823
2888.42
15818.4
1.56112
1.29598
1.23934
15867.7
3172.56
1074.09
1.63452
1.81101
1.89706
2.11499
2.21934
2.45477
2.63361
3.47179
2.84564
3.92939
9.01604
4.22262
68.4751
12.5099
237.694
85.5302
352.978
496.786
1.1912
1.0445
1.16119
1.00454
1.8577
1.53221
1.32209
1.18834
1.10502
1.05023
1.00778
0.97442
0.954559
0.949285
0.950226
0.953279
0.960088
0.966032
0.971956
0.978247
0.983316
0.984872
0.984728
0.986596
0.986915
0.985392
0.984546
1.12337
1.14968
1.15029
1.13741
1.17561
1.16839
1.15498
1.19361
1.21478
1.19428
1.20828
1.26597
1.24595
1.2206
1.31184
1.23468
1.24832
1.26064
1.27362
1.2898
1.31295
1.35047
1.43811
1.38194
1.3352
1.66919
1.9208
1.39709
2.02378
1.4496
1.41825
2.01663
1.54092
1.49426
1.77242
1.68785
1.62325
2.21241
2.29523
2.0924
2.01455
2.15943
1.83497
1.31464
3.3859
3.0738
2.84723
2.61486
2.44965
1.10188
3.86047
3.66471
5.56184
5.05706
4.47457
1.0214
0.982934
16.1539
6.52714
5.86572
8.62846
69.7967
169.303
247.21
215.908
2872.43
946.015
464.788
15837.9
1.37642
1.27329
15846.5
3149.45
1040.17
1.42325
1.52211
1.61388
1.72049
1.87788
1.98636
2.19901
3.12741
2.32355
3.31684
4.76552
3.67321
20.4122
5.71587
249.129
123.324
31.0757
378.709
506.684
1.22504
1.08829
1.01407
1.19588
1.00055
2.09963
1.77558
1.41211
1.20357
1.08239
1.01447
0.970657
0.936863
0.917689
0.917238
0.922396
0.927627
0.935509
0.941827
0.949241
0.957235
0.962354
0.964118
0.966714
0.970234
0.970415
0.969973
0.96953
1.08805
1.11998
1.11314
1.10178
1.14807
1.13313
1.12272
1.16925
1.17732
1.16522
1.18646
1.23684
1.21536
1.20121
1.29319
1.27582
1.21681
1.23242
1.24607
1.26029
1.2763
1.29771
1.32828
1.38465
1.54508
1.34619
1.31056
1.8176
1.9891
1.36423
2.03112
1.41787
1.38928
1.92166
1.49435
1.45148
1.51753
1.6429
1.57435
2.27667
2.44029
2.00084
2.10378
1.99609
2.2152
1.80603
1.18982
3.45303
3.13046
2.86651
2.61776
1.04557
3.97561
3.69271
5.61439
5.27702
4.80396
0.998879
0.969987
27.0592
7.34461
6.08216
11.7893
126.152
207.34
280.779
232.226
15844.8
2911.52
957.037
463.591
1.31687
15844.9
3121.29
1050.98
1.37252
1.41584
1.50209
1.56407
1.68848
1.77032
1.93229
2.5739
2.03133
2.71629
3.88662
2.9962
7.18063
4.30762
307.848
140.995
42.4091
10.0547
326.742
502.606
1.25494
1.02876
1.17789
1.00352
1.23282
0.999205
2.26056
1.98258
1.56199
1.23824
1.06817
0.983076
0.936774
0.90502
0.888557
0.892009
0.899434
0.906231
0.914663
0.923799
0.933769
0.941535
0.946192
0.949932
0.954194
0.956308
0.956698
0.957902
0.960349
1.05831
1.09062
1.08358
1.07465
1.12048
1.1045
1.09592
1.1447
1.14889
1.13968
1.16388
1.20542
1.18122
1.18037
1.25284
1.23093
1.19763
1.28775
1.21496
1.23019
1.24552
1.26188
1.28245
1.30908
1.35208
1.44782
1.69359
1.32761
1.93689
2.01375
1.33967
1.99209
1.37711
1.35423
1.7206
1.46043
1.41296
1.32693
1.59953
1.52887
2.43635
2.6332
2.0546
1.9695
2.19108
1.9409
2.42459
1.73678
1.88288
1.09191
3.48158
3.16623
2.91434
1.01783
4.14826
3.78597
5.74077
5.40545
5.07493
0.981502
0.963444
46.4655
8.8958
6.45953
17.8545
187.125
227.018
292.088
265.579
15845.7
2952.62
937.303
468.73
15876.6
3120.74
1039.87
1.29861
1.32704
1.38493
1.42819
1.51452
1.57296
1.68747
2.22721
1.76758
2.33907
3.15421
2.56155
4.62777
3.45462
167.4
61.3768
12.9737
5.23213
338.916
198.896
501.91
1.06197
1.00904
1.21297
1.24948
1.20884
0.999638
0.999096
2.38863
2.12616
1.70474
1.29039
1.06037
0.955969
0.90692
0.87828
0.865089
0.870957
0.879655
0.888875
0.900621
0.912385
0.92162
0.928973
0.935097
0.939746
0.942962
0.945645
0.948508
0.951876
0.955715
1.03574
1.06225
1.06208
1.05611
1.09253
1.08036
1.07292
1.11876
1.12233
1.11388
1.14004
1.16835
1.14531
1.1586
1.20898
1.18496
1.17709
1.25787
1.23674
1.19597
1.29068
1.21294
1.22953
1.24653
1.26666
1.29164
1.32656
1.38954
1.56235
1.84652
1.99201
2.01419
1.30055
1.86766
1.3447
1.32026
1.50722
1.40907
1.37243
1.19484
1.54832
1.47419
2.63401
2.93183
2.01521
2.16503
1.89337
2.43211
2.63662
1.65521
1.83758
1.77665
1.04078
3.53862
3.21566
0.994617
4.46055
3.88996
5.89513
5.46765
5.19114
0.971889
0.959565
77.6261
11.9599
7.1278
28.8955
220.976
257.226
301.202
15836.8
2909.23
975.157
465.501
15877.7
3112.82
1037.4
1.2872
1.3177
1.38105
1.4243
1.5009
1.56234
1.9054
1.66026
2.00706
2.68495
2.15907
3.62832
2.92213
72.7702
18.804
5.81782
3.95245
344.3
220.031
92.5504
495.093
1.10404
1.02432
1.00142
1.23162
1.25244
0.997539
0.999278
2.4763
2.21947
1.80646
1.35822
1.05682
0.933358
0.881607
0.855978
0.844772
0.854052
0.867289
0.880295
0.893479
0.904234
0.913703
0.92209
0.928373
0.931675
0.93621
0.940282
0.944296
0.94878
0.953449
1.0373
1.00887
1.03668
1.06482
1.05815
1.05047
1.09276
1.09626
1.08756
1.11602
1.13254
1.11247
1.13588
1.16654
1.14314
1.15554
1.20668
1.18634
1.17569
1.2684
1.236
1.19435
1.21225
1.23009
1.25032
1.274
1.30504
1.35265
1.45814
1.72001
1.94924
2.00889
1.95193
1.28037
1.67023
1.30314
1.28864
1.35031
1.37111
1.32979
1.08831
1.49346
1.42696
2.9473
3.23118
1.97149
2.14195
2.41149
1.86557
2.62019
2.95316
1.56397
1.72965
1.67735
1.79511
1.01169
3.57333
0.980976
4.61584
4.01623
6.1745
5.52129
5.25087
0.966168
0.958205
131.277
17.558
8.42924
47.2256
248.168
286.165
15838.1
2995.76
942.132
468.896
15867.8
3106.07
1020.85
1.27453
1.32207
1.35414
1.41127
1.74125
1.47517
1.8563
2.27964
1.9514
3.05727
2.44031
23.749
6.90885
4.17063
3.30011
347.163
233.059
107.296
31.0672
493.684
1.19138
1.04048
1.00825
0.998462
1.2498
0.99814
0.999656
2.52419
2.26345
1.8557
1.41203
1.05629
0.914223
0.860164
0.836373
0.831383
0.846158
0.862038
0.876405
0.889208
0.900079
0.909911
0.917913
0.922496
0.927554
0.932816
0.937593
0.942399
0.94765
0.953022
1.00872
1.03824
1.0301
1.01199
1.0374
1.06565
1.06834
1.05677
1.09079
1.09951
1.08213
1.11258
1.1283
1.1066
1.13314
1.16076
1.14257
1.15434
1.21099
1.18601
1.17445
1.23987
1.1937
1.2126
1.23317
1.25613
1.28532
1.32366
1.39465
1.58125
1.87759
1.99132
1.98966
1.79271
1.51005
1.27087
1.25163
1.20762
1.31829
1.29259
1.03558
1.42818
1.36451
3.26322
3.63333
2.12796
1.94737
2.40171
2.60607
2.94877
3.27075
1.45961
1.62538
1.58596
1.76959
1.70699
1.90902
0.991684
0.973459
4.7962
4.15115
6.6445
5.65687
5.3023
0.963559
0.959955
182.375
26.7997
10.7158
74.5098
284.733
283.788
15830.7
2927.23
956.007
474.038
15868.3
3084.39
1018.37
1.28528
1.30849
1.36294
1.54918
1.4015
1.62667
2.08047
1.71366
2.575
2.18487
8.05347
4.49151
3.44245
2.74193
347.771
241.934
120.362
37.3662
9.67565
488.306
1.21932
1.08805
1.22405
1.0182
1.00159
0.998871
0.999792
1.00037
2.54104
2.27793
1.87583
1.44886
1.05616
0.897302
0.84138
0.823588
0.825728
0.843089
0.860143
0.874758
0.887386
0.898317
0.90757
0.9143
0.919846
0.925545
0.931479
0.936626
0.942058
0.949189
0.95763
1.01519
1.00689
1.03874
1.02884
1.01246
1.03893
1.06521
1.06762
1.05265
1.0885
1.09518
1.07512
1.11008
1.12141
1.10546
1.13226
1.16122
1.14054
1.15347
1.22019
1.18398
1.17386
1.19401
1.21495
1.23825
1.26481
1.30089
1.35128
1.47228
1.74524
1.96389
2.00006
1.88813
1.6185
1.38634
1.23268
1.22644
1.0904
1.27708
1.24791
1.00721
1.36549
1.31608
3.69056
2.35273
2.08556
2.57908
2.94624
3.27686
3.71835
1.36728
1.52702
1.50103
1.68153
1.6286
1.88806
1.84196
2.06661
0.981444
0.968976
4.87946
4.23249
7.41638
5.80132
5.32691
0.963177
0.966232
213.902
41.2867
14.6358
118.903
307.648
15833.3
2947.54
968.632
478.779
15848.1
3078.14
1010.67
1.25847
1.47654
1.28276
1.52292
1.80625
1.61549
2.32322
1.90426
4.71977
3.68652
2.87759
2.43463
347.747
245.983
126.664
43.964
11.1274
5.07811
487.08
1.12384
1.04046
1.23925
1.01095
1.00167
1.00105
1.0015
1.00138
2.54157
2.27409
1.87998
1.46708
1.05403
0.881894
0.828498
0.818001
0.823845
0.842398
0.859731
0.874303
0.886951
0.897722
0.906102
0.912911
0.918869
0.925059
0.931221
0.937729
0.946447
0.954952
0.963565
1.01524
1.00725
1.03927
1.02462
1.0128
1.03863
1.06361
1.06535
1.04791
1.08625
1.08792
1.0734
1.10946
1.11857
1.10196
1.1316
1.16536
1.13573
1.153
1.18832
1.17412
1.19604
1.21896
1.24584
1.27736
1.32151
1.39857
1.60506
1.90241
1.9939
1.95736
1.7038
1.51078
1.23857
1.20009
1.03254
1.22771
1.21493
0.990377
1.29124
1.25262
2.32926
2.53751
2.91613
3.27193
3.75979
4.30312
1.28601
1.44915
1.4228
1.60501
1.55964
1.81846
1.76483
2.00784
1.98127
2.26956
0.97475
0.967608
4.92706
8.6991
6.02112
5.39197
0.968426
0.972727
249.44
61.6952
20.7823
163.539
318.468
15827.6
2972.81
975.363
467.877
15843.7
3068.84
1008.65
1.33732
1.26968
1.37303
1.67016
1.44616
2.00716
1.77694
3.82386
3.05059
2.57638
2.10995
345.376
249.811
131.689
47.807
12.5469
5.30433
4.05171
481.954
1.06849
1.2043
1.02269
1.00778
1.00409
1.00418
1.00353
1.00133
2.51056
2.23691
1.85841
1.47288
1.04942
0.869538
0.822344
0.815883
0.82378
0.844155
0.86164
0.876446
0.888611
0.897934
0.905764
0.912703
0.919494
0.927284
0.934722
0.943231
0.952011
0.961443
0.971856
1.01677
1.00394
1.03517
1.02391
1.01284
1.03808
1.06159
1.05924
1.04654
1.08598
1.0822
1.06959
1.10897
1.11911
1.09451
1.13124
1.16911
1.13458
1.15332
1.17565
1.19968
1.22521
1.25594
1.29497
1.35155
1.48638
1.77437
1.97889
1.99404
1.78942
1.56712
1.42295
1.10179
1.16925
1.00444
1.18681
1.17232
0.980916
1.2336
1.20865
2.51558
2.90177
3.26052
3.77243
4.33642
4.94695
1.24629
1.38855
1.36981
1.53292
1.4862
1.73739
1.67623
1.91432
1.87963
2.23312
2.17166
2.4551
0.972176
0.970059
10.7356
6.3884
5.47203
0.974254
0.983086
283.336
91.5008
29.6791
197.151
15816.6
2995.54
961.965
327.443
475.999
15842
3064.22
998.903
1.29071
1.33511
1.49577
1.37903
1.83478
1.57425
3.18209
2.69095
2.21889
1.94872
345.206
249.462
132.762
50.2188
13.4994
5.55785
4.17713
3.34796
481.36
1.11216
1.05235
1.23984
1.25167
1.0218
1.01145
1.00805
1.00822
1.00697
1.0018
2.43637
2.17836
1.82715
1.4639
1.03776
0.861543
0.819574
0.815642
0.827924
0.849795
0.866713
0.88042
0.89119
0.899934
0.908176
0.915655
0.923745
0.931452
0.9397
0.949632
0.959996
0.970854
0.98242
1.01431
1.00419
1.03012
1.02273
1.01258
1.03633
1.0617
1.05299
1.04368
1.08558
1.08077
1.06142
1.10875
1.11783
1.08992
1.13143
1.13716
1.1548
1.17861
1.20486
1.23423
1.26954
1.31892
1.40286
1.63223
1.92295
2.0028
1.90951
1.60033
1.49878
1.29047
1.03581
0.989018
1.14689
1.14367
0.976477
1.17773
1.15402
2.8529
3.23872
3.77898
4.34803
4.95333
1.33652
1.16324
1.44608
1.39814
1.64537
1.57374
1.8141
1.76888
2.1215
2.06456
2.42384
2.34643
2.81997
0.972002
0.976382
13.6662
6.88177
5.54812
0.98345
0.993643
125.564
41.0468
223.093
15874.8
2990.61
970.109
322.417
477.036
15844.2
3048.83
997.484
1.4491
1.28809
1.62791
1.49128
2.83252
2.32043
2.00912
1.71082
334.318
246.356
131.68
49.9233
14.2263
5.73988
4.36929
3.47367
2.94517
476.524
1.17809
1.07367
1.03635
1.25945
1.02134
1.01669
1.01281
1.011
1.00952
1.00251
2.34031
2.11105
1.78965
1.43913
1.0234
0.855644
0.818913
0.819293
0.836419
0.856652
0.871968
0.884497
0.894564
0.903289
0.911704
0.919951
0.928319
0.937023
0.947878
0.958555
0.969724
0.981925
0.993636
1.01112
1.0048
1.02884
1.01756
1.01113
1.03685
1.06151
1.05097
1.03652
1.08541
1.0765
1.05573
1.10906
1.1141
1.08618
1.13256
1.15729
1.18323
1.21194
1.2463
1.28828
1.35284
1.50095
1.80869
1.99123
1.9892
1.66277
1.51282
1.44262
1.13361
1.00401
0.981653
1.11225
1.1085
0.975264
1.14322
1.12321
3.19491
3.75797
4.34768
4.9448
1.3636
1.22885
1.40655
1.12423
1.53551
1.44897
1.71157
1.65178
2.00231
1.9552
2.30743
2.21886
2.75604
2.69848
3.1566
0.977873
0.983544
17.6456
7.59155
5.62311
0.993807
153.937
53.4894
244.915
15856
2993.53
972.266
348.986
485.893
15861
3043.81
995.372
1.3322
1.56123
1.38307
2.43617
2.12915
1.77082
1.60788
344.462
238.11
128.579
48.9256
14.174
5.90352
4.46202
3.62872
3.08185
2.53417
1.06591
1.03754
1.28966
1.02518
1.02242
1.01959
1.0144
1.0115
2.234
2.04002
1.7459
1.40692
1.00808
0.85192
0.821611
0.828206
0.846024
0.86405
0.878487
0.890532
0.899548
0.908512
0.916842
0.925555
0.93492
0.946282
0.95713
0.968963
0.981576
0.993514
1.02465
1.01199
1.03681
1.06146
1.04594
1.03151
1.08562
1.07092
1.04996
1.1101
1.08712
1.13466
1.16097
1.18964
1.22184
1.26148
1.31506
1.40936
1.66153
1.94336
2.00996
1.87074
1.48041
1.47928
1.35782
1.04896
0.988994
0.978899
1.08537
0.978351
1.09312
1.08607
3.72716
4.28798
4.919
1.32972
1.42056
1.47895
1.59499
1.52061
1.8773
1.82778
2.17445
2.08093
2.62999
2.54883
3.0845
3.0248
3.67179
0.98406
0.994174
22.6071
8.50362
5.73553
181.898
68.3542
263.87
15826.9
2994.29
987.158
357.378
15858.6
3036.89
2.19296
1.86439
1.68875
297.585
224.783
118.996
45.8942
13.9035
5.99154
4.61518
3.73517
3.18949
2.65178
2.31038
1.05995
1.0422
1.03078
1.02609
2.12616
1.96653
1.69775
1.37149
0.990754
0.851907
0.829735
0.838898
0.856127
0.87302
0.88668
0.89656
0.905552
0.914195
0.923045
0.933424
0.944968
0.956127
0.968361
0.98104
0.993327
1.0122
1.03678
1.06172
1.03996
1.08638
1.06209
1.04745
1.11172
1.13802
1.16604
1.19792
1.23522
1.28155
1.35392
1.51788
1.84503
2.00125
1.98439
1.53077
1.41551
1.45286
1.20952
1.00792
0.982505
0.978703
1.05905
0.985125
4.25446
4.88769
1.74264
2.02532
1.92952
2.47945
2.37756
2.92625
2.85174
3.59749
3.51477
4.15252
0.994318
28.5689
9.65376
5.84848
203.741
86.0248
15820.7
3014.1
15865.3
106.209
41.1497
13.269
6.02814
4.67806
3.88219
3.31392
2.7405
2.02248
1.89178
1.64697
1.33217
0.979389
0.855895
0.839762
0.84941
0.867451
0.882521
0.893687
0.90316
0.912519
0.921599
0.932466
0.943795
0.955207
0.967554
0.980509
0.993292
1.01222
1.03691
1.06232
1.0878
1.11419
1.14238
1.17324
1.20835
1.25276
1.31003
1.41837
1.69014
1.96444
2.01379
1.83499
1.31982
1.42258
1.41488
1.08159
0.990233
0.98067
0.985912
0.993965
4.86554
3.4114
4.08961
3.96606
4.81236
35.0861
10.9272
5.95723
15854.9
12.2169
6.00808
4.77825
1.92907
1.81814
1.59368
1.29792
0.971063
0.86115
0.849165
0.86105
0.878497
0.890884
0.901389
0.911783
0.920813
0.931451
0.94269
0.954311
0.966975
0.980229
0.993343
1.01232
1.03728
1.06324
1.08993
1.11773
1.14797
1.1826
1.22244
1.27535
1.35252
1.53861
1.87948
2.01012
1.97309
1.43674
1.24304
1.4478
1.32794
1.02056
0.983816
0.984796
0.993688
1.84589
1.74783
1.54481
1.26936
0.963358
0.864585
0.859088
0.873535
0.888629
0.90018
0.91151
0.920784
0.93064
0.942016
0.953781
0.966734
0.980024
0.993336
1.01246
1.03798
1.06463
1.09259
1.12263
1.15532
1.19427
1.24173
1.30513
1.42592
1.72238
1.98327
2.01459
1.78523
1.19864
1.23358
1.44957
1.16419
0.993576
0.982933
0.994095
1.76879
1.68367
1.50464
1.24441
0.948845
0.86872
0.870164
0.886053
0.899612
0.911496
0.921571
0.930612
0.941818
0.953613
0.966617
0.979862
0.993286
1.01261
1.03893
1.06667
1.09603
1.12886
1.16523
1.20885
1.26738
1.34911
1.5631
1.90693
2.01842
1.94132
1.38665
1.10893
1.30497
1.37571
1.0531
0.985338
0.993801
1.69737
1.62877
1.47419
1.20791
0.931605
0.874892
0.882552
0.899372
0.912323
0.923094
0.932084
0.94231
0.954059
0.966728
0.979812
0.993274
1.01286
1.04004
1.06943
1.1008
1.13635
1.17803
1.22863
1.30002
1.43076
1.76075
1.99526
2.00807
1.68238
1.17686
1.07415
1.33574
1.187
1.00761
0.990591
1.63798
1.58519
1.44518
1.15576
0.916638
0.883965
0.898172
0.914566
0.925963
0.935152
0.944396
0.955097
0.967165
0.979944
0.99333
1.01333
1.04147
1.07283
1.10706
1.14587
1.19406
1.25568
1.34676
1.58719
1.92795
2.02176
1.88204
1.34283
1.08685
1.05715
1.29992
1.07674
0.995872
1.59138
1.55185
1.4076
1.08657
0.912682
0.898596
0.918008
0.93132
0.940029
0.948002
0.957324
0.968082
0.980451
0.99348
1.01397
1.04357
1.07684
1.11482
1.15876
1.21424
1.29194
1.43645
1.79976
1.99993
1.98828
1.52514
1.192
1.0503
1.04705
1.21418
1.01063
1.55612
1.52153
1.35353
1.02316
0.917318
0.92186
0.940661
0.948134
0.954059
0.960728
0.970067
0.981452
0.993748
1.01461
1.04639
1.08211
1.12424
1.17564
1.24134
1.34472
1.60872
1.94685
2.01518
1.80557
1.25603
1.12284
1.03706
1.02747
1.08093
1.52839
1.48399
1.27634
1.0049
0.937968
0.954786
0.963443
0.964533
0.966944
0.973224
0.982918
0.994162
1.0153
1.04969
1.08921
1.13622
1.19672
1.28016
1.444
1.83306
2.00055
1.94773
1.3916
1.14884
1.08861
1.03295
1.00043
1.50276
1.42899
1.19385
1.0111
0.984296
0.993345
0.984874
0.978167
0.978969
0.98523
0.994637
1.01633
1.05358
1.098
1.15235
1.22478
1.33805
1.63256
1.96256
2.00136
1.66701
1.18936
1.09907
1.06579
1.00894
1.47303
1.34986
1.17121
1.06372
1.05743
1.02568
0.9997
0.989324
0.989242
0.995585
1.01787
1.05865
1.10872
1.17438
1.26297
1.4514
1.85598
2.00421
1.8762
1.28571
1.10329
1.05909
1.03214
1.43814
1.3017
1.20403
1.18854
1.11338
1.03926
1.00628
0.99659
0.9972
1.0196
1.06559
1.12301
1.20335
1.32116
1.66358
1.96255
1.96986
1.4901
1.12605
1.0589
1.01839
1.38762
1.3173
1.3591
1.29739
1.13108
1.04324
1.0083
0.999628
1.02149
1.07446
1.14271
1.24041
1.44835
1.86927
1.99014
1.75977
1.1832
1.05798
1.01201
1.37273
1.42303
1.51376
1.32501
1.13185
1.03878
1.00571
1.02417
1.08553
1.16978
1.29567
1.68492
1.9524
1.9084
1.30662
1.0654
1.01138
1.29986
1.55581
1.55906
1.31293
1.09713
1.0148
1.02809
1.09991
1.20348
1.43097
1.87339
1.95927
1.56165
1.09584
1.01232
1.25607
1.61193
1.54484
1.2025
1.03056
1.03304
1.11794
1.25096
1.68489
1.93936
1.79354
1.16357
1.01567
1.25154
1.61925
1.35265
1.04196
1.03438
1.14083
1.38754
1.85557
1.89006
1.29494
1.02312
1.33188
1.47005
1.05929
1.03628
1.16521
1.65641
1.90204
1.56179
1.04042
1.35324
1.15282
1.04343
1.29711
1.79281
1.74984
1.08199
1.23121
1.05033
1.55885
1.80283
1.17889
1.096
1.68818
1.38439
1.24014
1.47377
1.29457
)
;

boundaryField
{
    lowerOutlet
    {
        type            inletOutlet;
        inletValue      uniform 1;
        value           nonuniform List<scalar> 
150
(
1
1
1
1
1
1
1
1
1
1
1
1
1
1
1
1
1
1
1
1
1
1
1
1
1
1
1
1
1
1
1
1
1
1
1
1
1
1
1
1
1
1
1
1
1
1
1
1
525.68
1
1
1
1
1
1
1
1
1
1
1
1
1
1
1
1
1
1
1
1
1
1
1
1
1
1
1
1
1
1
1
1
1
1
1
1
1
1
1
1
1
1
1
1
1
1
1
1
364.755
200.618
1
1
1
1
1
2.50867
1
1
1
1
7.25775
1
1
1
1
1
1
1
1
1
1
1
1
1
1
1
1
1
1
1
1
1
1
1
1
1
1
1
6.44993
1
1
1
1
1
1
1
1
1
1
1
1
)
;
    }
    top
    {
        type            inletOutlet;
        inletValue      uniform 1;
        value           nonuniform List<scalar> 
100
(
1.03749
1.1676
1.20237
1.18369
1.18381
1.21345
1.27325
1.3462
1.46102
1.67148
1.98978
2.2609
2.35717
2.32224
2.19629
1.97282
1.73074
1.87287
5.32453
13.5239
17.4846
18.0041
17.5904
16.1327
15.1951
15.3618
17.0002
18.1929
18.209
16.3589
11.1861
4.51153
2.16696
1.71766
1.62911
1.57784
1.49388
1.43692
1.38935
1.338
1.31289
1.2816
1.2675
1.26119
1.26029
1.26958
1.28575
1.30908
1.33903
1.3785
1.42909
1.49053
1.56628
1.64473
1.71119
1.76437
1.79146
1.80058
1.79184
1.75307
1.67086
1.54093
1.45402
1.42244
1.41829
1.49524
1.63553
1.8577
2.09963
2.26056
2.38863
2.4763
2.52419
2.54104
2.54157
2.51056
2.43637
2.34031
2.234
2.12616
2.02248
1.92907
1.84589
1.76879
1.69737
1.63798
1.59138
1.55612
1.52839
1.50276
1.47303
1.43814
1.38762
1
1
1
1
1
1
1
)
;
    }
    sides
    {
        type            inletOutlet;
        inletValue      uniform 1;
        value           nonuniform List<scalar> 
100
(
1
1
1
1
1
1
1
1
1
1
1
1
1
1
1
1
1
1
1
1
1
1
1
1
1
1
1
1
1
1
1
1
1
1
1
1
1
1
1
1
1
1
1
1
1
1
1
1
1
1
1
1
1
1
1
1
1
1
1
1
1
1
1
1
1
1.08093
1
1
1
1
1
1
1
1
1
1
1
1
1
1
1
1
1
1
1
1
1
1
1
1
1
1
1
1
1
1
1
1
1
1
)
;
    }
    front
    {
        type            empty;
    }
    back
    {
        type            empty;
    }
    roller
    {
        Cmu             0.09;
        kappa           0.41;
        E               9.8;
        beta1           0.075;
        blended         false;
        type            omegaWallFunction;
        value           nonuniform List<scalar> 
144
(
15708.6
15706.9
15721.1
15743
15876.6
15820.7
15721.6
15838.1
15786.1
15800.9
15713.2
15710.1
15705.9
15717.1
15783.5
15722.1
15727.1
15870.2
15706.5
15885.3
15740.2
15744.6
15854.9
15775.4
15874.8
15816.6
15801.1
15791.1
15773.5
15775.5
15801.5
15815.5
15706.6
15707.3
15707.8
15711.9
15745.4
15710.1
15719.5
15723.9
15723.8
15709.9
15867.7
15826.9
15836.8
15710.3
15708.5
15714
15734.4
15728.8
15807.8
15811.3
15718.9
15854.2
15736.5
15707
15754.2
15744.8
15830.7
15775
15844.8
15803.1
15792.3
15777.9
15782.2
15800.5
15720
15783.4
15804.4
15851.5
15848.1
15861
15714.3
15837.9
15818.4
15723
15722.4
15722.8
15863.6
15710.1
15844.9
15738
15868.3
15720.7
15723.5
15844.2
15743.2
15757.7
15744.8
15774.3
15757.2
15756.7
15823.9
15735.8
15840.6
15849.5
15854
15726.5
15877.7
15843.7
15858.6
15722.3
15735
15827.6
15756.8
15770.2
15758.4
15752.9
15767.3
15778.4
15811.1
15812.4
15810.9
15816.6
15706.7
15717.8
15718.5
15765.1
15758.8
15831.7
15855.5
15881.2
15846.5
15743.2
15735.9
15867.8
15718.1
15719.5
15842
15742.6
15752.4
15865.3
15856
15833.3
15845.7
15808.1
15819.8
15779.9
15788.6
15821.4
15835.4
15835.2
15839.6
15813.2
)
;
    }
    burner
    {
        type            zeroGradient;
    }
}


// ************************************************************************* //
