/*--------------------------------*- C++ -*----------------------------------*\
  =========                 |
  \\      /  F ield         | OpenFOAM: The Open Source CFD Toolbox
   \\    /   O peration     | Website:  https://openfoam.org
    \\  /    A nd           | Version:  dev
     \\/     M anipulation  |
\*---------------------------------------------------------------------------*/
FoamFile
{
    version     2.0;
    format      ascii;
    class       volScalarField;
    location    "2500";
    object      rho;
}
// * * * * * * * * * * * * * * * * * * * * * * * * * * * * * * * * * * * * * //

dimensions      [1 -3 0 0 0 0 0];

internalField   nonuniform List<scalar> 
9714
(
1.171
1.17065
1.17083
1.17057
1.16991
1.1711
1.17068
1.16944
1.16987
1.17128
1.17075
1.16926
1.1691
1.17012
1.17134
1.171
1.16931
1.16865
1.1692
1.1705
1.17146
1.17103
1.16937
1.16845
1.16848
1.16947
1.17063
1.17151
1.17112
1.16956
1.16837
1.168
1.16861
1.16988
1.1708
1.17155
1.17117
1.16972
1.1684
1.16765
1.16796
1.16892
1.17009
1.17088
1.17156
1.17114
1.16988
1.16856
1.16756
1.16746
1.16817
1.16938
1.17026
1.17097
1.17161
1.17119
1.17006
1.16876
1.16761
1.16713
1.16755
1.16848
1.16957
1.17038
1.17104
1.17163
1.17127
1.17028
1.16896
1.1677
1.16691
1.16702
1.16781
1.16884
1.16982
1.17047
1.17108
1.17163
1.17126
1.17038
1.16919
1.16791
1.16688
1.16668
1.16718
1.16817
1.1691
1.1699
1.17056
1.17115
1.17165
1.17129
1.17043
1.16928
1.168
1.16688
1.16638
1.16665
1.16748
1.16851
1.16933
1.17001
1.17062
1.17117
1.17167
1.17131
1.17042
1.16938
1.16825
1.16709
1.1663
1.16623
1.16687
1.16778
1.16875
1.16949
1.1701
1.17067
1.17118
1.17167
1.17139
1.17055
1.16955
1.16837
1.16725
1.16613
1.16595
1.16638
1.16711
1.16809
1.16899
1.16959
1.17021
1.17071
1.17121
1.17168
1.17136
1.17057
1.16957
1.16865
1.16733
1.16617
1.16571
1.16586
1.16668
1.16765
1.16838
1.16917
1.16968
1.17023
1.17074
1.17125
1.1717
1.17142
1.17056
1.1697
1.16869
1.16747
1.16631
1.16554
1.16553
1.166
1.16703
1.16793
1.16865
1.16926
1.16978
1.17029
1.17077
1.17125
1.17172
1.17139
1.17057
1.16975
1.16868
1.16762
1.16642
1.16557
1.16525
1.16552
1.16629
1.16725
1.16812
1.16874
1.16929
1.1698
1.1703
1.17078
1.17125
1.1717
1.17142
1.17061
1.16975
1.16886
1.16772
1.16654
1.16558
1.16512
1.16517
1.1657
1.16665
1.16747
1.16825
1.16885
1.16935
1.16986
1.17034
1.17081
1.17126
1.1717
1.17141
1.17065
1.16981
1.16889
1.16791
1.16671
1.16564
1.16505
1.16493
1.16529
1.16602
1.16697
1.16775
1.16833
1.16891
1.1694
1.16994
1.17038
1.17082
1.17127
1.1717
1.17143
1.17066
1.17003
1.16915
1.16799
1.16686
1.16573
1.16501
1.16469
1.16493
1.1655
1.16645
1.16725
1.1679
1.16846
1.16897
1.16946
1.16993
1.17041
1.17083
1.17129
1.1717
1.17142
1.17069
1.16991
1.16921
1.16817
1.16701
1.1658
1.16498
1.16454
1.16462
1.16509
1.16602
1.16668
1.16739
1.16798
1.16851
1.16902
1.1695
1.16994
1.1704
1.17084
1.17128
1.17171
1.17143
1.1707
1.17002
1.16922
1.1683
1.16711
1.16589
1.16498
1.16444
1.16434
1.1647
1.16542
1.16622
1.16694
1.16751
1.16807
1.16857
1.16908
1.16953
1.16998
1.1704
1.17085
1.17127
1.1717
1.17143
1.1707
1.16993
1.16915
1.16829
1.16703
1.16588
1.16501
1.16436
1.16412
1.16435
1.16495
1.16578
1.16648
1.16708
1.16764
1.16813
1.16861
1.16908
1.16954
1.16996
1.1704
1.17082
1.17126
1.17171
1.17143
1.1707
1.16998
1.16917
1.16823
1.16711
1.16606
1.165
1.16433
1.16397
1.164
1.16446
1.16524
1.16596
1.16667
1.16718
1.16771
1.16821
1.16865
1.16909
1.16955
1.16997
1.17039
1.17082
1.17125
1.17171
1.17146
1.17076
1.16989
1.16904
1.16814
1.16718
1.16621
1.165
1.16428
1.16383
1.16376
1.16408
1.16471
1.16553
1.16619
1.16679
1.16728
1.16776
1.16827
1.16867
1.16914
1.16954
1.16997
1.17039
1.17081
1.17125
1.17169
1.17148
1.17067
1.16984
1.16902
1.16815
1.16717
1.16614
1.165
1.16423
1.16373
1.16356
1.16376
1.16429
1.16504
1.16576
1.16634
1.16686
1.16735
1.16784
1.16828
1.16868
1.16912
1.16954
1.16995
1.17037
1.17079
1.17122
1.17168
1.17144
1.17065
1.16985
1.16908
1.16814
1.16706
1.16617
1.16505
1.16413
1.16363
1.16338
1.16348
1.16394
1.16456
1.16529
1.16595
1.16647
1.16694
1.16741
1.16786
1.16829
1.16872
1.16912
1.16954
1.16993
1.17035
1.17077
1.17121
1.17167
1.1714
1.17075
1.16989
1.16898
1.16803
1.16703
1.16618
1.16505
1.16412
1.16352
1.16322
1.16323
1.16355
1.16416
1.16484
1.16548
1.1661
1.16654
1.16699
1.16744
1.16787
1.16827
1.16869
1.1691
1.16953
1.1699
1.17032
1.17076
1.1712
1.17165
1.17138
1.17073
1.16972
1.16879
1.16785
1.16694
1.16611
1.16498
1.16408
1.16343
1.16307
1.16301
1.16325
1.1638
1.16445
1.16507
1.16563
1.16614
1.16659
1.16704
1.16748
1.16788
1.16828
1.16867
1.16909
1.16947
1.16988
1.17029
1.17072
1.17117
1.17164
1.17136
1.17064
1.16968
1.16899
1.16777
1.16689
1.16594
1.16496
1.16401
1.16333
1.16293
1.1628
1.16298
1.1634
1.16404
1.1647
1.16522
1.16576
1.16622
1.16665
1.16708
1.16747
1.16788
1.16825
1.16864
1.16905
1.16945
1.16983
1.17025
1.17068
1.17114
1.17163
1.17134
1.17065
1.17
1.16869
1.16753
1.16673
1.16578
1.16483
1.16394
1.16322
1.16278
1.16261
1.16271
1.16308
1.16363
1.16425
1.16484
1.16536
1.16585
1.16627
1.1667
1.16708
1.16747
1.16785
1.16823
1.1686
1.16899
1.16938
1.16978
1.1702
1.17064
1.1711
1.17161
1.17133
1.17064
1.16946
1.16834
1.16748
1.16645
1.16564
1.16469
1.16382
1.1631
1.16265
1.16243
1.16247
1.16277
1.1633
1.16388
1.16448
1.16498
1.16545
1.1659
1.16631
1.16669
1.16709
1.16746
1.16782
1.16819
1.16855
1.16894
1.16932
1.16971
1.17014
1.17059
1.17109
1.17186
1.17157
1.17138
1.17052
1.16937
1.16846
1.1672
1.16629
1.1654
1.16455
1.1637
1.163
1.16249
1.16226
1.16226
1.16248
1.16293
1.16354
1.16413
1.16462
1.16508
1.16552
1.16592
1.16632
1.1667
1.16707
1.16742
1.16777
1.16815
1.16852
1.16888
1.16926
1.16965
1.17009
1.17076
1.17053
1.17129
1.1708
1.171
1.17186
1.17157
1.17126
1.17018
1.16961
1.16818
1.16695
1.16607
1.1652
1.16436
1.16355
1.16285
1.16235
1.16209
1.16204
1.16223
1.16263
1.16314
1.1637
1.16426
1.16472
1.16517
1.16558
1.16594
1.16632
1.16672
1.16709
1.16739
1.16774
1.16809
1.16844
1.1688
1.16918
1.1696
1.17025
1.16998
1.17051
1.17127
1.17071
1.17097
1.17185
1.17156
1.17125
1.17004
1.16902
1.16801
1.16675
1.16584
1.16499
1.16418
1.16341
1.16272
1.16221
1.16191
1.16184
1.16198
1.16235
1.16281
1.16337
1.16393
1.16437
1.16484
1.16523
1.16558
1.16596
1.1663
1.16669
1.16703
1.16734
1.16767
1.16801
1.16836
1.16872
1.16912
1.16975
1.16949
1.17022
1.16997
1.17045
1.17124
1.17068
1.17095
1.17184
1.17153
1.17125
1.16993
1.16893
1.16776
1.16637
1.16565
1.1648
1.16401
1.16323
1.16258
1.16203
1.16174
1.16164
1.16174
1.16201
1.1625
1.16302
1.16354
1.16402
1.16445
1.16486
1.16524
1.16558
1.16597
1.16631
1.16665
1.16697
1.16727
1.16759
1.16792
1.16826
1.16865
1.16924
1.16899
1.16972
1.16945
1.17016
1.16991
1.17041
1.17122
1.17064
1.17091
1.17183
1.1715
1.17123
1.16977
1.16863
1.16739
1.1663
1.16535
1.16461
1.16383
1.16303
1.1624
1.16188
1.16155
1.16145
1.16155
1.16176
1.16221
1.16269
1.1632
1.16368
1.16412
1.16448
1.16492
1.16527
1.16561
1.16595
1.16628
1.16659
1.16689
1.16718
1.1675
1.16782
1.16818
1.16875
1.1685
1.16919
1.16893
1.16963
1.16936
1.17012
1.16984
1.17036
1.17118
1.1706
1.17086
1.17183
1.17148
1.17121
1.16962
1.16877
1.16722
1.16617
1.1652
1.1644
1.16363
1.16285
1.16223
1.1617
1.16139
1.16125
1.16129
1.16151
1.1619
1.1624
1.16287
1.16334
1.16375
1.16415
1.16457
1.16493
1.16526
1.16559
1.16593
1.16622
1.16651
1.1668
1.16709
1.1674
1.16774
1.16826
1.16802
1.16868
1.16843
1.1691
1.16884
1.16956
1.16928
1.17006
1.16977
1.17029
1.17115
1.17054
1.1708
1.17182
1.17146
1.17102
1.16944
1.16848
1.16694
1.16599
1.16506
1.16421
1.16343
1.16268
1.16207
1.16156
1.1612
1.16106
1.1611
1.16129
1.1616
1.16206
1.16256
1.16303
1.16344
1.16386
1.16423
1.16459
1.16492
1.16524
1.16557
1.16588
1.16615
1.16641
1.1667
1.16698
1.16731
1.16778
1.16755
1.16818
1.16793
1.16858
1.16832
1.16901
1.16874
1.16947
1.16919
1.16999
1.16968
1.17022
1.1711
1.17047
1.17075
1.17179
1.17143
1.17084
1.16947
1.16802
1.16673
1.1657
1.16489
1.16403
1.16325
1.16252
1.1619
1.16136
1.16103
1.16089
1.16087
1.16105
1.16138
1.16177
1.16227
1.16272
1.16316
1.16356
1.16391
1.16426
1.16458
1.1649
1.16523
1.16553
1.16581
1.16606
1.1663
1.16659
1.16689
1.16733
1.16711
1.16769
1.16746
1.16806
1.16781
1.16847
1.16821
1.16891
1.16863
1.16938
1.16908
1.1699
1.16958
1.17014
1.17105
1.17039
1.17068
1.17177
1.17139
1.17092
1.16933
1.16786
1.16667
1.16553
1.16468
1.16389
1.16308
1.16236
1.16172
1.16118
1.16086
1.16069
1.16068
1.16083
1.16109
1.1615
1.16198
1.1624
1.16286
1.16324
1.1636
1.16393
1.16426
1.16457
1.16488
1.16519
1.16546
1.16571
1.16595
1.16617
1.16648
1.16689
1.16666
1.16722
1.16699
1.16756
1.16732
1.16794
1.16768
1.16835
1.16808
1.16879
1.1685
1.16927
1.16896
1.1698
1.16947
1.17004
1.171
1.1703
1.1706
1.17176
1.17135
1.17083
1.16912
1.1678
1.16662
1.16555
1.16455
1.16374
1.16295
1.16223
1.16154
1.16102
1.1607
1.1605
1.16051
1.16061
1.16088
1.16123
1.16167
1.16216
1.16256
1.16294
1.16329
1.16362
1.16394
1.16425
1.16454
1.16484
1.16513
1.16536
1.16556
1.16574
1.16598
1.16641
1.16608
1.16674
1.16645
1.16707
1.16679
1.16742
1.16714
1.1678
1.16752
1.16821
1.16792
1.16865
1.16834
1.16914
1.16881
1.16969
1.16934
1.16993
1.17093
1.1702
1.1705
1.17174
1.1713
1.17089
1.16937
1.16772
1.16666
1.1654
1.16446
1.16362
1.16284
1.16208
1.16139
1.16086
1.16052
1.16032
1.16029
1.16041
1.16065
1.16098
1.16141
1.1619
1.16229
1.16265
1.16299
1.16332
1.16363
1.16393
1.16422
1.16451
1.16477
1.16498
1.16502
1.16475
1.16401
1.16532
1.16599
1.16603
1.16517
1.16641
1.16572
1.16679
1.16621
1.16718
1.16671
1.1676
1.16721
1.16803
1.16768
1.16849
1.16815
1.16899
1.16864
1.16956
1.16919
1.1698
1.17085
1.17008
1.1704
1.17172
1.17124
1.17074
1.16901
1.16746
1.16652
1.16522
1.16446
1.16347
1.16274
1.16195
1.16125
1.16071
1.16035
1.16016
1.16011
1.1602
1.16037
1.16076
1.16117
1.1616
1.16203
1.16238
1.16271
1.16303
1.16333
1.16362
1.1639
1.16417
1.16442
1.16442
1.1638
1.16184
1.15763
1.14836
1.16293
1.15329
1.16411
1.16014
1.16495
1.16188
1.16573
1.1634
1.16649
1.16486
1.16718
1.16615
1.16776
1.16711
1.16828
1.16784
1.16881
1.16842
1.1694
1.169
1.16965
1.17076
1.16993
1.17027
1.17169
1.17118
1.17084
1.16906
1.16756
1.16638
1.16521
1.1644
1.16337
1.16264
1.16186
1.16114
1.16056
1.16019
1.15999
1.15992
1.15997
1.16017
1.16046
1.16091
1.16134
1.16173
1.16212
1.16244
1.16274
1.16304
1.16332
1.1636
1.16385
1.164
1.16343
1.16051
1.154
1.14292
1.12597
1.12355
1.10363
1.15225
1.13704
1.15496
1.14144
1.15771
1.14606
1.16052
1.15105
1.16338
1.15636
1.16564
1.16142
1.16703
1.16492
1.16792
1.16698
1.16858
1.16804
1.16922
1.16876
1.16946
1.17066
1.16976
1.17012
1.17167
1.17111
1.17076
1.16886
1.16757
1.16635
1.16525
1.16436
1.16337
1.16258
1.1618
1.16104
1.16043
1.16004
1.1598
1.15974
1.15979
1.15999
1.16026
1.16064
1.16107
1.16148
1.16182
1.16218
1.16247
1.16276
1.16303
1.16329
1.16354
1.16354
1.16162
1.15312
1.13689
1.11769
1.09407
1.08617
1.07329
1.08838
1.06652
1.12499
1.10631
1.12863
1.10864
1.13393
1.11286
1.14151
1.11896
1.15086
1.12973
1.15898
1.14451
1.16418
1.15609
1.16692
1.16369
1.16819
1.167
1.16898
1.16839
1.16923
1.17054
1.16955
1.16993
1.17164
1.17103
1.17043
1.16874
1.16752
1.16629
1.16527
1.16441
1.16344
1.16254
1.16174
1.16094
1.16033
1.15991
1.15964
1.15955
1.1596
1.15977
1.16002
1.16037
1.16081
1.1612
1.16157
1.16189
1.1622
1.16247
1.16273
1.16297
1.16319
1.16297
1.15907
1.14354
1.11601
1.08546
1.05407
1.01673
1.0514
1.02167
1.04572
1.02461
1.08809
1.06671
1.08977
1.06563
1.09437
1.06745
1.1026
1.07247
1.11709
1.08406
1.13734
1.10403
1.1533
1.13033
1.16323
1.15167
1.16721
1.16327
1.16863
1.16753
1.16892
1.17038
1.16926
1.16965
1.1716
1.17092
1.17014
1.16872
1.16756
1.16631
1.16528
1.16445
1.16341
1.1625
1.16171
1.1609
1.16023
1.15976
1.1595
1.15938
1.15943
1.15957
1.15983
1.16012
1.16052
1.16097
1.16132
1.16163
1.16191
1.16218
1.1624
1.16255
1.16262
1.16206
1.15588
1.13331
1.0961
1.0574
1.02423
0.99786
0.986323
0.985605
1.00468
0.992354
0.998459
0.98748
1.04193
1.01908
1.03996
1.01351
1.0423
1.0109
1.04915
1.01345
1.06476
1.02384
1.09064
1.04548
1.12374
1.07812
1.15037
1.12041
1.1638
1.15067
1.16795
1.16484
1.1684
1.17011
1.16878
1.16913
1.17154
1.17058
1.16839
1.16726
1.16616
1.16529
1.16444
1.16342
1.16254
1.1617
1.16086
1.16015
1.15964
1.15934
1.15922
1.15922
1.15938
1.15963
1.15991
1.16023
1.1606
1.16103
1.16135
1.16163
1.16183
1.16188
1.16166
1.16122
1.15991
1.1517
1.12435
1.07925
1.03872
1.01467
0.999109
0.986008
0.987757
0.980751
0.982935
0.981084
0.980285
0.975407
0.975116
0.991854
0.981057
0.985943
0.974076
0.982418
0.967903
0.98394
0.963591
0.996739
0.963353
1.02602
0.971505
1.06626
1.00687
1.11778
1.05872
1.15255
1.11885
1.16626
1.15637
1.16737
1.16944
1.16794
1.16838
1.17038
1.16928
1.16691
1.16611
1.16527
1.16445
1.1635
1.16258
1.16172
1.16083
1.16009
1.15956
1.15921
1.15908
1.15908
1.15919
1.15942
1.15971
1.16004
1.16039
1.16071
1.16104
1.16128
1.1613
1.16069
1.15914
1.15734
1.15495
1.14512
1.1161
1.06793
1.03301
1.01619
1.00502
1.00697
0.98828
1.00332
0.984716
0.995644
0.975914
0.978662
0.970692
0.974468
0.968942
0.969181
0.961944
0.962353
0.954725
0.95497
0.948432
0.946956
0.947456
0.938789
0.954652
0.933824
0.99054
0.941528
1.05299
0.980663
1.12344
1.05611
1.16179
1.13348
1.16529
1.16881
1.16763
1.1668
1.16758
1.16817
1.16774
1.17163
1.17048
1.17094
1.16588
1.16525
1.16447
1.1636
1.16267
1.16178
1.16084
1.16005
1.15946
1.15908
1.15893
1.15892
1.15901
1.15921
1.1595
1.15985
1.16019
1.16051
1.16081
1.16092
1.16033
1.15771
1.1527
1.14802
1.14494
1.13625
1.10809
1.06127
1.03433
1.02146
1.01929
1.03971
1.04998
1.07695
1.01088
1.03031
1.01053
1.02862
0.982355
0.99472
0.980484
0.995409
0.964537
0.969781
0.957224
0.963518
0.948597
0.95468
0.939538
0.943852
0.931508
0.933533
0.923666
0.923825
0.930282
0.914552
0.973018
0.947812
0.922174
1.102
1.05812
0.9708
1.02104
1.15998
1.14806
1.07242
1.12221
1.0729
1.15438
1.15795
1.16483
1.17006
1.16945
1.16858
1.16607
1.16677
1.16788
1.17114
1.17187
1.17145
1.17061
1.16516
1.16449
1.16371
1.16276
1.16185
1.16087
1.16002
1.1594
1.15898
1.15878
1.15876
1.15883
1.15902
1.15929
1.15963
1.15997
1.16035
1.1606
1.16063
1.15916
1.15334
1.14365
1.13648
1.13298
1.12487
1.09912
1.05845
1.03769
1.03151
1.0457
1.08532
1.0974
1.11958
1.09391
1.11656
1.04908
1.07111
1.05065
1.07034
1.01303
1.03157
1.01691
1.03775
0.97685
0.995766
0.968804
0.991906
0.955662
0.980356
0.941471
0.960542
0.927978
0.940469
0.915804
0.923071
0.913325
0.908399
0.907931
0.909623
0.944339
0.916527
0.924168
0.910237
1.02206
0.941586
0.975235
1.13084
1.02324
1.0855
1.03412
1.13904
1.14777
1.16153
1.17004
1.16942
1.16878
1.16393
1.16611
1.16758
1.17097
1.17183
1.17136
1.17043
1.16449
1.16379
1.16284
1.16193
1.16091
1.16003
1.15934
1.15889
1.15866
1.1586
1.15866
1.15883
1.15908
1.1594
1.15977
1.16008
1.16045
1.16043
1.15821
1.14899
1.13439
1.12417
1.11946
1.11204
1.08892
1.0567
1.04183
1.04139
1.07031
1.11702
1.1476
1.13447
1.14884
1.13259
1.14678
1.09126
1.11317
1.09339
1.11305
1.05713
1.07508
1.06522
1.08408
1.01823
1.04351
1.01121
1.04248
0.992783
1.02805
0.967396
1.00147
0.941473
0.971036
0.913799
0.922403
0.931086
0.944377
0.905616
0.905652
0.907284
0.912013
0.91748
0.905409
0.907183
0.903284
0.977154
0.9174
0.941815
1.09904
0.98446
1.04545
0.992105
1.1151
1.12926
1.15464
1.16985
1.16852
1.16911
1.16011
1.1638
1.16621
1.17085
1.17181
1.17129
1.17028
1.16387
1.16296
1.16202
1.16099
1.16004
1.1593
1.1588
1.15853
1.15845
1.15849
1.15865
1.15888
1.15918
1.15953
1.15987
1.16018
1.16029
1.15769
1.14555
1.12597
1.11199
1.10539
1.09749
1.07698
1.05527
1.04549
1.05037
1.08668
1.13081
1.15398
1.16154
1.16238
1.15535
1.16018
1.15473
1.15982
1.13127
1.14536
1.13207
1.14471
1.10068
1.11717
1.10898
1.12286
1.06982
1.09176
1.06065
1.08713
1.03505
1.06549
1.00106
1.03098
0.954114
0.969487
0.980062
0.996297
0.920322
0.930182
0.941234
0.952813
0.903356
0.905104
0.910001
0.917994
0.904519
0.90119
0.899525
0.901237
0.945433
0.904136
0.919257
1.0602
0.949255
1.00315
0.956173
1.07829
1.09934
1.1418
1.16961
1.16768
1.16862
1.15156
1.15863
1.16327
1.17073
1.17179
1.17121
1.1701
1.16308
1.16214
1.16108
1.1601
1.15929
1.15873
1.15842
1.1583
1.15834
1.15847
1.15868
1.15896
1.1593
1.15966
1.15993
1.16008
1.15761
1.14363
1.11898
1.10094
1.09178
1.08238
1.06738
1.05462
1.04884
1.05781
1.09632
1.13598
1.15608
1.16307
1.16353
1.16375
1.16214
1.16317
1.16189
1.1631
1.15388
1.15924
1.15297
1.15837
1.13461
1.1449
1.13597
1.14508
1.10814
1.12409
1.09187
1.11308
1.06015
1.08631
1.00726
1.02352
1.04731
0.965176
0.977633
0.990539
1.00356
0.927387
0.937722
0.94869
0.960149
0.90293
0.907698
0.915284
0.924019
0.898152
0.899323
0.897533
0.900813
0.92083
0.897114
0.904539
1.01721
0.924444
0.965226
0.929519
1.03527
1.05753
1.11929
1.1693
1.16612
1.1678
1.13581
1.14875
1.15765
1.1706
1.17177
1.17115
1.16989
1.16229
1.16122
1.16017
1.15928
1.15867
1.15831
1.15817
1.15817
1.1583
1.15849
1.15876
1.15907
1.15941
1.15976
1.15989
1.15773
1.14334
1.11439
1.09107
1.0793
1.07063
1.06165
1.05496
1.05224
1.06511
1.10194
1.13851
1.15688
1.16297
1.16407
1.16406
1.16403
1.16412
1.16365
1.16392
1.16356
1.16399
1.16138
1.16284
1.16048
1.16233
1.15206
1.15717
1.14961
1.15525
1.1293
1.14129
1.1082
1.1254
1.07333
1.09615
1.01663
1.02996
1.06079
1.04613
0.971929
0.983956
0.99625
1.00883
0.933618
0.943778
0.954242
0.965025
0.905197
0.912174
0.920264
0.928929
0.895788
0.898749
0.89669
0.902552
0.905904
0.894236
0.896999
0.977125
0.908136
0.936227
0.911588
0.993303
1.01369
1.0838
1.16883
1.16315
1.16629
1.11053
1.13179
1.1476
1.17047
1.17177
1.1711
1.16958
1.16139
1.16029
1.1593
1.15863
1.15822
1.15804
1.15803
1.15812
1.15832
1.15856
1.15886
1.15918
1.15952
1.15974
1.15813
1.14388
1.11279
1.08399
1.07094
1.06462
1.05986
1.05611
1.05686
1.07347
1.10882
1.14101
1.15766
1.16298
1.16409
1.1644
1.16434
1.16441
1.16441
1.16424
1.16436
1.16428
1.16456
1.16332
1.16389
1.16279
1.16362
1.159
1.16138
1.15533
1.15934
1.13874
1.1487
1.11515
1.1304
1.07162
1.08486
1.10535
1.09417
1.02151
1.03419
1.06211
1.04955
0.97618
0.987692
0.999617
1.01195
0.937924
0.947343
0.957222
0.967573
0.908871
0.916074
0.923654
0.931634
0.894768
0.899866
0.897221
0.905369
0.89715
0.893171
0.893199
0.945649
0.898132
0.916389
0.900329
0.958398
0.975033
1.03951
1.16801
1.15771
1.16358
1.07206
1.10553
1.13091
1.17027
1.17175
1.17097
1.16904
1.16042
1.15937
1.15862
1.15814
1.15793
1.15788
1.15798
1.15813
1.15838
1.15864
1.15895
1.15923
1.15947
1.15827
1.14563
1.11302
1.08061
1.06685
1.06228
1.06007
1.05911
1.06532
1.08543
1.11924
1.14512
1.15888
1.16307
1.16404
1.16457
1.16451
1.16469
1.16466
1.16471
1.16471
1.16469
1.16471
1.16475
1.16487
1.16414
1.16451
1.1638
1.16433
1.16165
1.163
1.15783
1.16114
1.14253
1.15176
1.1178
1.1323
1.07398
1.08537
1.10526
1.09574
1.02446
1.03704
1.06301
1.05073
0.978383
0.989619
1.00131
1.01342
0.940059
0.948933
0.95845
0.96857
0.911582
0.918231
0.925225
0.932728
0.894816
0.901884
0.898562
0.907176
0.892654
0.892854
0.89177
0.923143
0.892645
0.903387
0.893584
0.932292
0.945127
0.997575
1.16658
1.14867
1.15917
1.02794
1.06685
1.10632
1.16984
1.17166
1.17054
1.1681
1.15946
1.15862
1.15808
1.15782
1.15776
1.1578
1.15798
1.15817
1.15846
1.1587
1.15889
1.15897
1.15805
1.14723
1.11468
1.08005
1.06537
1.06211
1.06176
1.06583
1.07891
1.10251
1.13051
1.15025
1.16039
1.16319
1.16398
1.1645
1.16477
1.16481
1.16483
1.16481
1.16491
1.16488
1.16491
1.16492
1.16506
1.16515
1.16466
1.16489
1.16439
1.16478
1.16283
1.16379
1.15884
1.1619
1.144
1.15292
1.11374
1.12302
1.12894
1.13653
1.07479
1.08596
1.10561
1.09626
1.02579
1.03826
1.06295
1.0509
0.979208
0.99032
1.00191
1.01392
0.940802
0.949354
0.958414
0.968018
0.912875
0.919101
0.925685
0.932537
0.895659
0.903034
0.899311
0.90797
0.890751
0.893222
0.89123
0.907838
0.89014
0.895319
0.890182
0.914255
0.923655
0.96329
1.16455
1.13473
1.15283
0.989488
1.02496
1.07163
1.16898
1.17064
1.16955
1.16705
1.15866
1.15804
1.15772
1.15761
1.15769
1.15779
1.15803
1.15823
1.15839
1.15831
1.15797
1.15702
1.14783
1.11806
1.08068
1.06546
1.06261
1.06626
1.07803
1.09736
1.12139
1.14137
1.15507
1.16153
1.16328
1.1639
1.1644
1.16501
1.16504
1.16495
1.16508
1.16507
1.16514
1.16509
1.16517
1.16517
1.16541
1.16545
1.16504
1.16525
1.1648
1.16517
1.16341
1.16424
1.15921
1.16227
1.14429
1.15325
1.11368
1.12136
1.12844
1.13463
1.07452
1.08548
1.10505
1.09567
1.02617
1.03856
1.06077
1.04886
0.978268
0.989112
1.00051
1.01236
0.93972
0.947498
0.955992
0.965236
0.91327
0.918678
0.924164
0.930036
0.896159
0.903495
0.899511
0.907779
0.889964
0.893566
0.891287
0.89808
0.889142
0.890911
0.888757
0.902296
0.908956
0.93792
1.16205
1.11527
1.1435
0.958514
0.988805
1.0328
1.1686
1.1717
1.17073
1.16672
1.15803
1.15762
1.15751
1.1575
1.15768
1.15782
1.15801
1.15783
1.15702
1.15571
1.15411
1.14731
1.12134
1.08308
1.0661
1.06403
1.07273
1.09142
1.11541
1.13602
1.15007
1.1587
1.16224
1.16328
1.16383
1.1643
1.16489
1.16528
1.16518
1.16518
1.16516
1.16529
1.16524
1.16536
1.16533
1.16545
1.16542
1.16567
1.16569
1.16539
1.16554
1.16508
1.16545
1.16375
1.16452
1.1587
1.16237
1.13898
1.1455
1.15453
1.1495
1.11153
1.11957
1.12681
1.13335
1.07221
1.08309
1.10276
1.09328
1.02446
1.03667
1.05602
1.04423
0.975188
0.985749
0.996862
1.00843
0.936516
0.943703
0.951651
0.960364
0.911939
0.916215
0.92079
0.925852
0.896174
0.902773
0.898569
0.905873
0.889864
0.893542
0.891596
0.89232
0.888894
0.888898
0.888379
0.894802
0.899123
0.919296
1.15945
1.08895
1.13085
0.935502
0.960597
0.99812
1.16951
1.17171
1.17091
1.16694
1.15757
1.15737
1.1574
1.15747
1.15768
1.15758
1.15655
1.15392
1.15108
1.14943
1.14484
1.12324
1.0871
1.06758
1.06569
1.07839
1.10209
1.12843
1.14536
1.15549
1.16067
1.16256
1.16326
1.16372
1.1642
1.16475
1.16516
1.16534
1.16539
1.16538
1.16541
1.16549
1.16544
1.16557
1.16552
1.16568
1.16561
1.16591
1.16591
1.16569
1.16578
1.16531
1.16566
1.16402
1.16493
1.15296
1.15552
1.15937
1.16127
1.16298
1.13772
1.14338
1.14861
1.10791
1.11638
1.12413
1.13125
1.06745
1.07844
1.09872
1.08887
1.02026
1.03223
1.04821
1.03644
0.969786
0.979818
0.99042
1.00151
0.931553
0.937957
0.945099
0.952988
0.909001
0.912304
0.915936
0.920048
0.895252
0.900739
0.89667
0.902817
0.890148
0.892877
0.891645
0.889551
0.889205
0.888282
0.888731
0.890865
0.893401
0.906672
1.15632
1.05488
1.11419
0.918918
0.938823
0.972165
1.16974
1.17168
1.17082
1.1662
1.15727
1.15725
1.15735
1.15739
1.15679
1.15378
1.14876
1.14534
1.14402
1.14057
1.12342
1.09074
1.0696
1.06716
1.08194
1.10845
1.13448
1.1501
1.15814
1.16149
1.16263
1.1632
1.16363
1.16405
1.16459
1.165
1.16542
1.16531
1.16549
1.1656
1.16548
1.16554
1.16567
1.16562
1.16577
1.16572
1.16588
1.16582
1.16612
1.16611
1.1659
1.16605
1.1657
1.16589
1.16405
1.16508
1.15161
1.15451
1.15808
1.16089
1.16259
1.13486
1.14119
1.14676
1.10256
1.11173
1.12014
1.12786
1.05982
1.07116
1.09266
1.08214
1.01294
1.02462
1.03713
1.02523
0.961593
0.970848
0.980735
0.991202
0.924745
0.930082
0.936108
0.942866
0.904942
0.907212
0.909766
0.912709
0.893743
0.897892
0.894343
0.899028
0.890468
0.892064
0.891504
0.888603
0.88982
0.888561
0.889562
0.889285
0.89076
0.898316
1.14841
1.02309
1.08886
0.907255
0.923276
0.950765
1.16943
1.17168
1.17077
1.16359
1.1571
1.15722
1.15706
1.15549
1.14985
1.14309
1.13915
1.13789
1.13535
1.12233
1.09298
1.07179
1.06847
1.08362
1.11036
1.13536
1.15145
1.15906
1.16172
1.16261
1.16308
1.16349
1.16393
1.1644
1.16482
1.16524
1.16552
1.16547
1.16565
1.1657
1.16564
1.16573
1.16585
1.16578
1.16595
1.1659
1.16606
1.166
1.16634
1.16629
1.16609
1.16631
1.16588
1.16624
1.16345
1.16441
1.16512
1.14985
1.1526
1.15692
1.16011
1.16223
1.13118
1.13814
1.14435
1.09534
1.10556
1.11493
1.12349
1.04913
1.0611
1.0844
1.0729
1.00216
1.01352
1.02276
1.01061
0.950386
0.958654
0.967666
0.977425
0.916131
0.920111
0.924718
0.930055
0.900164
0.901339
0.902713
0.904318
0.892296
0.894788
0.892419
0.895135
0.890623
0.891872
0.891487
0.888774
0.890411
0.889485
0.890859
0.889103
0.890187
0.893796
1.13446
0.994075
1.05306
0.899754
0.911448
0.934743
1.1689
1.17167
1.17071
1.15893
1.15698
1.15676
1.15359
1.14585
1.13744
1.13275
1.13122
1.12918
1.11878
1.0933
1.07379
1.06982
1.08403
1.10993
1.13439
1.15112
1.15912
1.16171
1.16252
1.16295
1.16335
1.16376
1.16423
1.16464
1.16503
1.16547
1.16567
1.16555
1.1658
1.16586
1.16576
1.16587
1.16601
1.16595
1.16614
1.16608
1.16624
1.16619
1.16652
1.1665
1.16644
1.1665
1.16597
1.16637
1.1633
1.16419
1.16477
1.16547
1.14732
1.15026
1.1552
1.15906
1.1617
1.12666
1.13437
1.14121
1.0862
1.09783
1.10847
1.11813
1.03532
1.04816
1.07387
1.06107
0.987866
0.998922
1.00511
0.992627
0.936229
0.943308
0.951327
0.960314
0.90627
0.908685
0.911635
0.91525
0.895439
0.895566
0.895922
0.896296
0.892089
0.892446
0.892244
0.892416
0.891561
0.893019
0.892324
0.889979
0.892291
0.89163
0.89371
0.890443
0.891254
0.892227
1.113
0.969411
1.01529
0.896252
0.904115
0.922026
1.168
1.17166
1.17068
1.15062
1.15612
1.15226
1.14181
1.13202
1.1264
1.12422
1.12203
1.11371
1.09272
1.07542
1.07132
1.08399
1.1083
1.13143
1.14932
1.15884
1.16159
1.16237
1.1628
1.16319
1.16359
1.16401
1.16445
1.16483
1.16523
1.16566
1.1657
1.16553
1.16576
1.16593
1.16597
1.16588
1.16602
1.16617
1.16609
1.1663
1.16624
1.16643
1.16636
1.16674
1.16668
1.16656
1.16663
1.16582
1.16534
1.16624
1.16654
1.16292
1.16402
1.16467
1.14435
1.14753
1.15312
1.15764
1.1609
1.12134
1.12998
1.13756
1.07491
1.08833
1.1006
1.11171
1.01834
1.03225
1.06089
1.04649
0.970191
0.980923
0.983991
0.971175
0.91972
0.925255
0.932016
0.940088
0.896889
0.897715
0.898886
0.900499
0.892385
0.892331
0.892304
0.892253
0.893823
0.892313
0.894903
0.892321
0.893957
0.898919
0.895815
0.892797
0.896584
0.895938
0.900628
0.893566
0.89481
0.892967
1.08167
0.945707
0.978998
0.895837
0.901105
0.912929
1.16652
1.17174
1.17077
1.13781
1.14989
1.13871
1.12702
1.12026
1.11718
1.11449
1.1067
1.09019
1.07663
1.07297
1.08422
1.10612
1.128
1.14699
1.1582
1.16143
1.1622
1.16265
1.16303
1.1634
1.16382
1.16422
1.16461
1.16502
1.16538
1.16577
1.16573
1.16565
1.16589
1.16607
1.1661
1.16599
1.16615
1.16632
1.16624
1.16647
1.1664
1.16661
1.16654
1.16692
1.16685
1.16674
1.16692
1.16524
1.16582
1.16621
1.16652
1.1668
1.16243
1.16379
1.16447
1.14093
1.14435
1.15064
1.15589
1.15985
1.11508
1.1249
1.13338
1.06099
1.07667
1.091
1.10404
0.99787
1.01297
1.04492
1.02863
0.949308
0.959526
0.959026
0.946025
0.902752
0.906033
0.910774
0.917403
0.892244
0.892266
0.892343
0.892504
0.892249
0.892111
0.891917
0.891556
0.903908
0.895965
0.909521
0.89743
0.900864
0.914281
0.907351
0.89811
0.909438
0.904977
0.9144
0.901298
0.902465
0.895756
1.04605
0.925105
0.955584
0.897474
0.901789
0.909363
1.16473
1.17178
1.17043
1.1194
1.13494
1.12301
1.11453
1.11037
1.107
1.09944
1.08684
1.07789
1.07494
1.08502
1.10505
1.12568
1.14525
1.1576
1.16122
1.16205
1.16246
1.16286
1.16323
1.16359
1.16402
1.16437
1.16476
1.16516
1.16555
1.16589
1.16584
1.1657
1.16598
1.16618
1.1662
1.1661
1.16628
1.16646
1.16637
1.16663
1.16655
1.16678
1.1667
1.16705
1.167
1.16697
1.16702
1.16511
1.16573
1.1662
1.16653
1.1668
1.1617
1.16343
1.16422
1.13698
1.14057
1.14769
1.15372
1.15843
1.10754
1.11891
1.12852
1.04359
1.06202
1.07893
1.09456
0.973395
0.989694
1.02525
1.00688
0.925794
0.934894
0.930429
0.91796
0.892879
0.893479
0.894812
0.897246
0.89127
0.891031
0.89069
0.890304
0.899815
0.90338
0.902489
0.902033
0.91417
0.909042
0.96008
0.9112
0.918382
0.962652
0.918252
0.913544
0.923261
0.925868
0.926698
0.916213
0.917532
0.902437
1.01187
0.916577
0.93933
0.90244
0.908444
0.908823
1.15952
1.16769
1.16065
1.08441
1.11841
1.10997
1.10428
1.09986
1.09314
1.08495
1.07908
1.07739
1.08695
1.1051
1.12487
1.1446
1.15722
1.16108
1.16187
1.16231
1.16266
1.16303
1.16341
1.16377
1.16416
1.16453
1.16489
1.16531
1.16567
1.1658
1.16596
1.1659
1.16609
1.16631
1.16631
1.1662
1.1664
1.1666
1.1665
1.16677
1.16669
1.16694
1.16686
1.16722
1.16722
1.16708
1.16719
1.16489
1.1656
1.16619
1.16653
1.16684
1.1607
1.16295
1.16385
1.13222
1.13588
1.14403
1.15099
1.15655
1.09798
1.11144
1.1226
1.02195
1.04353
1.06334
1.08233
0.94469
0.961869
1.00122
0.980655
0.901875
0.909014
0.901492
0.895013
0.890125
0.889754
0.889653
0.889458
0.900439
0.898289
0.896951
0.894135
0.910771
0.954731
0.950539
0.948377
0.957988
0.956097
1.00642
0.955749
0.965738
1.00897
0.960341
0.929513
0.966939
0.969782
0.963101
0.932967
0.935038
0.917045
0.970609
0.913205
0.924396
0.919989
0.910602
0.910307
1.12952
1.17151
1.16263
1.02263
1.10461
1.0992
1.09472
1.08961
1.08508
1.08088
1.08104
1.09066
1.10656
1.12536
1.145
1.15722
1.16097
1.16173
1.1621
1.16249
1.16282
1.16318
1.16357
1.1639
1.16428
1.16465
1.16502
1.16542
1.16584
1.16586
1.16592
1.16568
1.16605
1.16599
1.16616
1.16641
1.1664
1.16629
1.16652
1.16672
1.16662
1.16691
1.16682
1.16709
1.167
1.16741
1.16736
1.16687
1.1671
1.16725
1.16734
1.16459
1.16538
1.16613
1.16651
1.15922
1.16223
1.16332
1.12626
1.12988
1.13932
1.14743
1.15398
1.08552
1.10186
1.11512
0.995173
1.02034
1.04342
1.0664
0.913392
0.92964
0.971931
0.949251
0.889558
0.891832
0.887956
0.886424
0.893121
0.8907
0.890211
0.888789
0.947321
0.942877
0.942587
0.940427
0.950513
1.00131
0.999708
0.997485
1.00802
1.00524
1.06556
1.00414
1.01162
1.06733
1.01014
0.971404
1.01318
1.01498
1.01322
0.972894
0.974343
0.932434
0.944659
0.914842
0.918022
0.91908
0.918629
0.920264
1.1025
1.17169
1.15988
0.979153
1.09541
1.09201
1.08936
1.08598
1.08391
1.08659
1.09645
1.11105
1.12814
1.14682
1.15767
1.1609
1.16157
1.16194
1.16226
1.16263
1.16295
1.16331
1.1637
1.16401
1.16437
1.16476
1.16512
1.16551
1.166
1.16588
1.16604
1.16575
1.16613
1.16626
1.16652
1.1665
1.16638
1.16663
1.16684
1.16674
1.16705
1.16695
1.16724
1.16714
1.16749
1.16747
1.16687
1.16714
1.16728
1.1675
1.16415
1.16503
1.16601
1.16643
1.15703
1.16113
1.16251
1.11859
1.12216
1.13322
1.14276
1.15045
1.06935
1.08932
1.10541
0.962341
0.991394
1.01826
1.04567
0.891098
0.899359
0.937246
0.914201
0.886483
0.886592
0.8847
0.885014
0.93868
0.936531
0.93214
0.896378
0.995928
0.993657
0.991698
0.989403
1.00232
1.06173
1.06072
1.05923
1.06681
1.0648
1.12687
1.06397
1.06906
1.12764
1.06835
1.0163
1.07009
1.07145
1.07046
1.01766
0.974395
1.01892
0.928844
0.914755
0.917474
0.936689
0.976742
0.931332
0.918389
1.0521
1.17157
1.13969
0.94752
1.09162
1.08966
1.08846
1.08915
1.09427
1.10439
1.11783
1.1339
1.14964
1.15845
1.16085
1.16144
1.16176
1.16209
1.16238
1.16275
1.16307
1.1634
1.16378
1.1641
1.16444
1.16484
1.16521
1.16559
1.16613
1.16604
1.16594
1.16619
1.16581
1.16632
1.16661
1.16659
1.16646
1.16673
1.16696
1.16684
1.16717
1.16706
1.16738
1.16727
1.16766
1.1676
1.16685
1.16715
1.16735
1.16738
1.16753
1.16761
1.16349
1.16451
1.1658
1.16632
1.15383
1.1594
1.16125
1.10874
1.11243
1.12549
1.13679
1.14571
1.04824
1.07311
1.09295
0.92406
0.955195
0.986595
1.01878
0.883598
0.886019
0.901839
0.890076
0.886114
0.887124
0.887368
0.926091
0.987452
0.985117
0.927253
0.98282
1.05813
1.05658
1.05506
1.05344
1.06286
1.12524
1.12463
1.1242
1.12735
1.12647
1.12616
1.12834
1.12801
1.07216
1.12873
1.12918
1.12896
1.07294
1.01961
1.07375
0.920112
0.921076
0.916203
0.97527
1.0206
0.975252
0.933484
0.976802
0.976779
1.10153
0.930835
0.925538
1.09171
1.09171
1.09679
1.10376
1.11398
1.1264
1.14081
1.15293
1.15919
1.16082
1.16128
1.1616
1.16188
1.1622
1.16247
1.16284
1.16315
1.16346
1.16384
1.16417
1.16449
1.16491
1.16527
1.16566
1.16584
1.16627
1.16617
1.16611
1.16597
1.16641
1.16671
1.16667
1.16653
1.16683
1.16706
1.16695
1.16729
1.16717
1.16751
1.16739
1.16779
1.16765
1.16773
1.16678
1.16714
1.1674
1.1676
1.1625
1.16376
1.16548
1.16611
1.14936
1.15674
1.1593
1.09637
1.10045
1.11591
1.12942
1.13965
1.02061
1.052
1.07706
0.89338
0.913713
0.947211
0.983561
0.882317
0.882775
0.88557
0.881876
0.928669
0.928013
0.91704
0.973473
1.05215
1.05061
0.979951
1.049
1.12355
1.12307
1.12231
1.12183
1.12566
1.12959
1.12983
1.07422
1.13022
0.917663
0.918806
0.922033
1.02064
1.07479
1.0212
0.974496
1.0215
0.877488
0.417287
0.410565
0.903796
1.09942
1.10432
1.11399
1.12424
1.13585
1.14742
1.1559
1.15974
1.16078
1.1611
1.1614
1.16171
1.16197
1.16229
1.16255
1.1629
1.1632
1.1635
1.16388
1.16421
1.16452
1.16494
1.1653
1.1657
1.16589
1.16592
1.16631
1.16624
1.16614
1.16603
1.16646
1.16679
1.16674
1.1666
1.16692
1.16716
1.16704
1.16739
1.16728
1.16761
1.16751
1.16774
1.16777
1.16788
1.16788
1.16787
1.16668
1.16711
1.16741
1.16764
1.16103
1.16269
1.165
1.16583
1.14358
1.15286
1.15646
1.08087
1.0857
1.10421
1.12064
1.13237
0.982782
1.02397
1.05652
0.881636
0.88777
0.904683
0.939544
0.920166
0.885152
0.880852
0.880331
0.977749
0.975911
0.96961
1.04204
1.12112
1.12061
1.04713
1.11979
1.13037
0.916905
0.934366
0.976463
0.921708
1.07492
1.13057
1.07541
1.02102
1.07552
0.71248
0.234143
0.268155
0.86839
1.11465
1.12317
1.13394
1.14438
1.15264
1.15793
1.16003
1.16071
1.16097
1.1612
1.16149
1.16178
1.16204
1.16235
1.1626
1.16294
1.16324
1.16353
1.16391
1.16424
1.16453
1.16496
1.16531
1.16572
1.16595
1.16597
1.16606
1.16639
1.16628
1.16619
1.16653
1.16687
1.1668
1.16666
1.167
1.16725
1.16713
1.1675
1.16738
1.16773
1.16761
1.16767
1.16783
1.16792
1.16791
1.16792
1.16651
1.16704
1.16741
1.15892
1.16123
1.16432
1.16542
1.13665
1.14766
1.1525
1.06121
1.06757
1.08995
1.11023
1.12404
0.9348
0.984628
1.02894
0.879126
0.878392
0.884281
0.898707
0.967812
0.913064
0.880771
0.914841
1.04504
1.04374
1.03963
1.11675
1.11918
0.913312
0.974551
1.02138
0.928551
0.977695
1.13063
1.13084
1.07532
1.13083
0.420318
0.228815
0.240495
0.741577
1.13197
1.14165
1.15039
1.15605
1.15902
1.16013
1.16055
1.16085
1.16105
1.16128
1.16154
1.16184
1.16208
1.16239
1.16264
1.16297
1.16327
1.16356
1.16393
1.16426
1.16454
1.16495
1.1653
1.16571
1.16598
1.16599
1.1661
1.16613
1.16622
1.16643
1.16634
1.16658
1.16694
1.16688
1.16673
1.16708
1.16734
1.16721
1.16759
1.16747
1.16783
1.16771
1.1674
1.16769
1.16787
1.16798
1.16798
1.16808
1.16805
1.1663
1.16695
1.15602
1.15929
1.16339
1.16488
1.12886
1.14139
1.14748
1.03511
1.04457
1.0727
1.0978
1.1146
0.895233
0.933858
0.990732
0.881923
0.876132
0.876827
0.880731
1.03785
0.96467
0.90712
0.962061
1.11817
1.11766
1.11607
0.902716
1.02097
1.07543
0.930037
0.980411
1.02207
1.13079
0.287052
0.228465
0.235025
0.555544
1.14724
1.15398
1.15781
1.15948
1.16012
1.16039
1.16063
1.16092
1.16111
1.16133
1.16157
1.16187
1.16212
1.16241
1.16267
1.16299
1.16329
1.16359
1.16394
1.16428
1.16455
1.16492
1.16528
1.16572
1.16598
1.16596
1.16617
1.16619
1.16625
1.16628
1.16638
1.16648
1.16663
1.16702
1.16692
1.16677
1.16716
1.16742
1.16729
1.16768
1.16755
1.16793
1.1678
1.16682
1.16737
1.16771
1.16792
1.16802
1.16815
1.16808
1.16814
1.16602
1.15238
1.15676
1.16218
1.1642
1.12024
1.13417
1.14161
0.99836
1.0119
1.05156
1.08278
1.10377
0.878189
0.894105
0.938931
0.90789
0.905601
0.87575
0.874805
1.11504
1.03561
0.958743
1.03342
0.893421
1.07515
1.13071
0.942197
0.980829
1.02315
1.07559
0.251735
0.228374
0.234177
0.37637
1.15585
1.15856
1.15957
1.16004
1.16024
1.16044
1.16067
1.16095
1.16114
1.16138
1.16159
1.1619
1.16213
1.16243
1.1627
1.16299
1.16331
1.16363
1.16396
1.16431
1.16466
1.165
1.16534
1.16568
1.16594
1.16596
1.1662
1.16621
1.16629
1.16632
1.16641
1.16646
1.16653
1.16668
1.16707
1.16699
1.16683
1.16722
1.16749
1.16736
1.16775
1.16763
1.16801
1.16788
1.16567
1.16668
1.16734
1.16774
1.16796
1.16806
1.16819
1.16824
1.16827
1.16817
1.16814
1.14814
1.1538
1.16067
1.16337
1.11084
1.12615
1.13501
0.950507
0.968722
1.02296
1.0647
1.09135
0.872455
0.876424
0.895612
0.955789
0.951902
0.898313
0.873885
1.11428
1.03108
1.11317
0.835852
1.13056
0.981312
1.02349
1.07594
1.13043
0.247062
0.228313
0.233601
0.32482
1.15875
1.15955
1.15982
1.16009
1.16028
1.16045
1.16069
1.16096
1.16114
1.16141
1.16159
1.16191
1.16213
1.16245
1.16273
1.16299
1.16333
1.16369
1.16401
1.16434
1.16469
1.16497
1.16533
1.16563
1.16603
1.16604
1.1662
1.16618
1.16633
1.16635
1.16648
1.16651
1.16656
1.16661
1.16671
1.16714
1.16702
1.16686
1.16729
1.16756
1.16742
1.16783
1.1677
1.1681
1.16796
1.16526
1.16652
1.1673
1.16776
1.168
1.16817
1.16823
1.16828
1.16828
1.16821
1.16804
1.14333
1.15049
1.15889
1.16241
1.10052
1.1174
1.1276
0.90348
0.920106
0.988234
1.04102
1.07664
0.871367
0.870069
0.875775
1.02852
1.02566
0.948784
0.898536
1.11248
0.743531
0.973128
1.02526
1.07597
1.13033
0.243193
0.228272
0.233441
0.285285
1.15935
1.15969
1.15984
1.1601
1.16029
1.16045
1.16067
1.16095
1.16112
1.16142
1.16158
1.16193
1.16213
1.16242
1.16277
1.163
1.16337
1.16369
1.16402
1.16436
1.16468
1.16503
1.16533
1.16611
1.16564
1.16616
1.16611
1.16636
1.16636
1.16652
1.16653
1.16663
1.16666
1.16676
1.16717
1.16708
1.16692
1.16733
1.16762
1.16747
1.16789
1.16776
1.16816
1.16803
1.16482
1.16635
1.16727
1.16779
1.16808
1.16816
1.16828
1.16832
1.16834
1.16825
1.16781
1.13808
1.14683
1.15684
1.16139
1.08917
1.10804
1.1196
0.877935
0.886144
0.946316
1.01114
1.0584
0.894553
0.868704
0.867497
1.11103
1.11006
1.0234
0.945853
0.615131
0.955127
1.02426
1.07637
1.13015
0.24234
0.22824
0.233221
0.278163
1.15941
1.15971
1.15983
1.16009
1.16028
1.16046
1.16065
1.16093
1.16107
1.16139
1.16156
1.16193
1.16218
1.16246
1.16283
1.16306
1.1634
1.16373
1.16405
1.16443
1.1647
1.16502
1.16531
1.16605
1.16638
1.16634
1.16563
1.16635
1.1664
1.16654
1.16654
1.16668
1.1667
1.16679
1.16683
1.16723
1.1671
1.16694
1.16739
1.16767
1.16754
1.16795
1.16781
1.16823
1.16828
1.16809
1.16434
1.16619
1.16726
1.16784
1.1679
1.1682
1.16833
1.16837
1.16836
1.16725
1.13229
1.14299
1.15466
1.16029
1.07617
1.09817
1.11107
0.866503
0.867892
0.902854
0.976401
1.03442
0.940998
0.891215
0.865727
1.10888
1.02099
0.552315
0.913071
1.01903
1.07594
1.12992
0.24078
0.228229
0.233007
0.265575
1.15942
1.1597
1.15981
1.16005
1.16026
1.16044
1.16061
1.16092
1.16109
1.16139
1.16159
1.16193
1.1622
1.16246
1.16281
1.16311
1.16343
1.16371
1.16398
1.16438
1.16468
1.16498
1.1653
1.16599
1.16634
1.16631
1.16653
1.16655
1.16559
1.16653
1.16653
1.16671
1.16671
1.16685
1.16687
1.16698
1.16725
1.16714
1.16742
1.16772
1.16757
1.168
1.16786
1.16829
1.16834
1.16831
1.16814
1.16387
1.16604
1.16726
1.16729
1.16799
1.16826
1.16837
1.16841
1.1684
1.16593
1.12613
1.13908
1.1524
1.15917
1.06043
1.08791
1.10208
0.862065
0.858982
0.874496
0.93492
1.00646
1.01713
0.937185
0.887493
0.863754
1.10799
0.458405
0.868457
1.00761
1.07427
1.12956
0.239589
0.22825
0.233006
0.255326
1.15941
1.15966
1.15976
1.15997
1.16019
1.16043
1.16058
1.16086
1.1611
1.1614
1.16167
1.16195
1.1622
1.1625
1.16279
1.16309
1.16339
1.16373
1.16399
1.16435
1.16467
1.16493
1.16525
1.16598
1.16627
1.16626
1.16651
1.16649
1.16671
1.16671
1.16561
1.16671
1.1667
1.16688
1.16688
1.16699
1.16702
1.1673
1.16716
1.16747
1.16776
1.16761
1.16804
1.1679
1.16837
1.16834
1.16839
1.16842
1.16819
1.16343
1.16588
1.16586
1.16736
1.16804
1.16832
1.16842
1.16846
1.16305
1.11983
1.135
1.15009
1.15812
1.04138
1.07683
1.09292
0.860473
0.856682
0.859639
0.895844
0.97485
1.10609
1.01439
0.932865
0.879401
0.335869
0.80135
0.991559
1.07027
1.12896
0.239371
0.228289
0.233088
0.252827
1.15939
1.1596
1.15976
1.15993
1.16014
1.16039
1.1606
1.16091
1.16109
1.16136
1.16167
1.16192
1.16219
1.16251
1.16278
1.16312
1.16337
1.16373
1.16397
1.16436
1.16464
1.16491
1.16519
1.16628
1.16593
1.16648
1.16637
1.1667
1.16669
1.16687
1.16687
1.1655
1.16688
1.16688
1.16703
1.16704
1.16719
1.16732
1.1675
1.1678
1.16765
1.16808
1.16794
1.16845
1.16838
1.16845
1.16842
1.16846
1.16849
1.16823
1.16276
1.1626
1.16587
1.16747
1.16812
1.16838
1.16847
1.15717
1.11331
1.13108
1.14791
1.0169
1.06472
1.0836
0.880451
0.854207
0.876149
0.852815
0.869636
0.94049
1.10513
1.01129
0.929686
0.306282
0.650521
0.964153
1.06508
1.12784
0.239604
0.228344
0.233356
0.253119
1.15941
1.15964
1.15977
1.15995
1.16021
1.16036
1.16057
1.16088
1.16108
1.16135
1.16168
1.16189
1.16213
1.16241
1.16276
1.16304
1.16333
1.16369
1.16389
1.16423
1.16454
1.16482
1.16512
1.16622
1.16656
1.16654
1.16593
1.16666
1.16666
1.16689
1.1669
1.16704
1.16703
1.16545
1.16705
1.16705
1.16721
1.16723
1.16734
1.16752
1.16782
1.16766
1.1681
1.16796
1.16853
1.16847
1.1684
1.1685
1.16849
1.16848
1.16856
1.16851
1.16825
1.15635
1.15572
1.16254
1.16599
1.16755
1.1682
1.16844
1.14588
1.10688
1.12733
0.991209
1.05067
1.07397
0.927191
0.867799
0.922123
0.850574
0.854523
0.903084
1.10348
1.00906
0.307053
0.492625
0.896717
1.05564
1.12632
0.239965
0.22841
0.233733
0.254021
1.15935
1.15963
1.15975
1.15992
1.16019
1.16032
1.16059
1.16087
1.16104
1.16127
1.16162
1.16186
1.16209
1.16231
1.16267
1.163
1.16327
1.1636
1.16388
1.16417
1.16449
1.16477
1.16508
1.16618
1.1665
1.16647
1.16682
1.16674
1.16581
1.16687
1.16683
1.16704
1.16703
1.16724
1.16723
1.16537
1.16724
1.16724
1.16735
1.16736
1.16754
1.16786
1.16769
1.16814
1.16799
1.16855
1.1685
1.16844
1.16853
1.16851
1.16862
1.16859
1.16859
1.16849
1.16829
1.14407
1.14257
1.15542
1.16255
1.16617
1.16769
1.16828
1.10068
1.12389
0.965255
1.03497
1.06441
1.00688
0.919524
0.867828
1.00299
0.848198
0.846693
0.877635
1.10281
0.314296
0.479223
0.774983
1.0303
1.12381
0.24067
0.228647
0.234584
0.253038
1.1593
1.15952
1.15963
1.15985
1.16009
1.16026
1.16053
1.16075
1.16104
1.16121
1.16145
1.16176
1.162
1.16229
1.16254
1.16288
1.16316
1.16356
1.16384
1.16409
1.16446
1.16469
1.16499
1.1665
1.16612
1.16667
1.1666
1.16702
1.16698
1.16573
1.16704
1.16703
1.16722
1.16724
1.16741
1.16742
1.16526
1.16738
1.1674
1.16755
1.16787
1.1677
1.16815
1.16801
1.16854
1.16863
1.16856
1.16847
1.16864
1.16865
1.16864
1.16867
1.16863
1.16859
1.16837
1.16831
1.12091
1.14158
1.1553
1.1628
1.16635
1.16783
1.09479
0.938513
1.0185
1.0549
1.10144
1.00138
0.915938
0.864874
1.10011
0.843983
0.858653
0.320919
0.516512
0.703236
0.981547
1.11742
0.242479
0.233903
0.245992
0.252917
1.15922
1.15942
1.15958
1.1598
1.16005
1.16013
1.16038
1.16061
1.16088
1.16117
1.16138
1.1617
1.16192
1.16222
1.16246
1.16279
1.16304
1.16339
1.16382
1.16397
1.16432
1.16457
1.16486
1.16648
1.16681
1.16676
1.16608
1.16694
1.16689
1.16718
1.16715
1.16564
1.16724
1.16721
1.16743
1.16742
1.16754
1.16754
1.16514
1.16755
1.16755
1.16788
1.16771
1.16817
1.16802
1.16845
1.1687
1.16859
1.16866
1.16867
1.16848
1.16874
1.16874
1.16873
1.16868
1.16864
1.16853
1.16798
1.16832
1.08937
1.11853
1.14105
1.15534
1.16314
1.16663
0.915658
1.00195
1.04554
1.09914
0.998127
0.91341
0.861534
0.841015
0.850414
0.297022
0.528762
0.714491
0.94051
1.10534
0.246836
0.494896
0.583818
0.254307
1.15917
1.15936
1.15951
1.15967
1.15991
1.16008
1.16029
1.16057
1.16077
1.16102
1.16125
1.16153
1.16182
1.16213
1.16237
1.16265
1.16297
1.1632
1.16367
1.16388
1.16415
1.16444
1.16472
1.16676
1.1664
1.16699
1.16689
1.16603
1.16712
1.16706
1.16736
1.16732
1.16553
1.16739
1.16739
1.16754
1.16754
1.16772
1.16772
1.16502
1.16772
1.16788
1.16818
1.16803
1.16813
1.16872
1.16861
1.16868
1.1687
1.16874
1.16874
1.16849
1.1688
1.16883
1.16876
1.16866
1.16859
1.16826
1.1669
1.16833
1.08446
1.11678
1.14085
1.15589
1.16359
0.898108
0.9856
1.03637
1.09789
0.996203
0.909269
0.854831
0.838808
0.840732
0.355264
0.280135
0.716205
0.495173
0.925775
1.09263
0.266436
1.17945
1.0936
0.258514
1.15907
1.15928
1.1594
1.15956
1.1598
1.15999
1.16019
1.1605
1.16068
1.1609
1.16115
1.16141
1.16168
1.16197
1.16225
1.16252
1.16283
1.16308
1.16348
1.16382
1.16401
1.16429
1.16456
1.16669
1.16712
1.16707
1.16636
1.16721
1.16715
1.16594
1.16729
1.16726
1.16754
1.16753
1.16541
1.16756
1.16755
1.16771
1.16769
1.16788
1.16787
1.1649
1.16819
1.16804
1.16721
1.16872
1.16862
1.16871
1.16874
1.16874
1.16874
1.16885
1.16886
1.1685
1.16881
1.16885
1.16876
1.16851
1.1684
1.16751
1.16417
1.16833
1.08025
1.11593
1.14116
1.15664
0.879929
0.969681
1.02796
1.09665
0.992934
0.905878
0.85447
0.837045
0.835214
0.343466
0.274275
0.915679
0.68192
0.477608
1.0841
0.455879
1.1719
1.16303
0.271041
1.15896
1.15918
1.15929
1.1595
1.15974
1.15987
1.16004
1.16035
1.16064
1.16078
1.16103
1.16129
1.16162
1.16186
1.1621
1.16237
1.16265
1.16296
1.16325
1.1636
1.16385
1.16412
1.16437
1.16667
1.16699
1.16693
1.1673
1.16724
1.16629
1.16741
1.16738
1.16582
1.16749
1.16744
1.16769
1.16766
1.16528
1.16769
1.1677
1.16785
1.16784
1.16804
1.16467
1.16819
1.16478
1.16862
1.16877
1.16862
1.16875
1.16876
1.16886
1.16885
1.16888
1.16892
1.1685
1.16878
1.16884
1.1687
1.16804
1.16778
1.16544
1.15764
1.16833
1.07741
1.11572
1.14235
0.866878
0.954834
1.02151
1.09536
0.990251
0.903236
0.851612
0.831847
0.327074
0.276502
1.07687
0.882941
0.656549
0.467361
0.833977
1.17192
1.16982
0.322959
1.15879
1.15907
1.15914
1.15939
1.15955
1.15974
1.15994
1.16009
1.16046
1.16063
1.16086
1.16112
1.1614
1.16173
1.16195
1.16226
1.1625
1.16282
1.16307
1.1634
1.16366
1.16391
1.16419
1.16696
1.16663
1.16713
1.16705
1.16748
1.16746
1.16621
1.16756
1.16752
1.16568
1.16764
1.1676
1.16784
1.16782
1.16508
1.16782
1.16784
1.16804
1.16802
1.16445
1.16819
1.15889
1.16826
1.16877
1.16885
1.16884
1.16863
1.16885
1.16884
1.16894
1.16895
1.16889
1.16893
1.16849
1.16861
1.16874
1.16845
1.16668
1.16608
1.1602
1.14384
1.16833
1.07621
1.11658
0.858096
0.944696
1.01788
1.094
0.987968
0.900436
0.848304
0.827998
0.324141
0.284278
1.06043
0.85932
0.63055
0.466934
1.07853
1.17191
1.17141
0.577412
1.15865
1.15888
1.15897
1.15927
1.15944
1.15957
1.15978
1.15999
1.16033
1.16047
1.16072
1.16102
1.16122
1.16152
1.16182
1.16205
1.16233
1.1626
1.16285
1.16316
1.16341
1.16373
1.16398
1.16692
1.16723
1.16721
1.16654
1.16744
1.16737
1.16764
1.1676
1.16606
1.16772
1.1677
1.16556
1.16779
1.16775
1.16798
1.16795
1.16489
1.168
1.16796
1.16818
1.16419
1.14601
1.16723
1.16886
1.16877
1.16887
1.16891
1.16892
1.16863
1.16894
1.16893
1.16897
1.169
1.16884
1.16891
1.16848
1.16807
1.16836
1.16768
1.16305
1.16166
1.14849
1.11868
1.16831
1.07596
0.852615
0.937968
1.01668
1.09321
0.98583
0.89612
0.841193
0.825357
0.304245
0.313432
1.04812
0.82883
0.609009
0.447468
1.15684
1.17191
1.17157
0.905194
1.15854
1.15875
1.15881
1.15905
1.15931
1.1595
1.15965
1.15981
1.16009
1.16031
1.16055
1.16082
1.16108
1.16129
1.16165
1.16183
1.16218
1.1624
1.16267
1.16294
1.16317
1.16346
1.16375
1.16721
1.16684
1.16745
1.16734
1.16643
1.16756
1.16751
1.1678
1.16774
1.16595
1.1679
1.16785
1.16538
1.16794
1.16794
1.16813
1.16816
1.16467
1.16818
1.16816
1.16396
1.12152
1.16439
1.1689
1.16877
1.1689
1.1689
1.16902
1.16903
1.16862
1.16902
1.16903
1.16897
1.16902
1.1686
1.16877
1.16847
1.16649
1.16726
1.16553
1.15422
1.15129
1.12547
1.07769
1.1683
0.84998
0.935523
1.01661
1.09182
0.982328
0.892173
0.840745
0.823447
0.333713
0.307707
0.447284
1.03228
0.802344
0.587242
0.450057
1.16896
1.17192
1.17163
1.0995
1.15839
1.15861
1.15874
1.15891
1.15909
1.1593
1.1595
1.15972
1.15996
1.16018
1.16042
1.16066
1.16094
1.16113
1.16141
1.16166
1.16206
1.1622
1.16245
1.16271
1.16298
1.16319
1.16347
1.16719
1.1675
1.16745
1.16678
1.16762
1.16756
1.16629
1.16771
1.16767
1.16801
1.16794
1.16578
1.16803
1.16801
1.16521
1.16812
1.16808
1.16826
1.16827
1.16444
1.16828
1.16371
1.08108
1.15713
1.16901
1.16889
1.16877
1.16899
1.16899
1.169
1.16909
1.16909
1.16861
1.16905
1.16908
1.1689
1.16899
1.16784
1.16829
1.16845
1.16225
1.16422
1.15988
1.13533
1.13006
1.08584
0.848761
0.934783
1.02013
1.09036
0.979067
0.888793
0.83747
0.821496
0.326943
0.326486
0.753054
1.01638
0.771386
0.581621
0.44148
1.17102
1.17194
1.17168
1.15862
1.15825
1.15847
1.1586
1.1588
1.15896
1.1592
1.15944
1.15957
1.1598
1.16004
1.16029
1.16048
1.16074
1.16099
1.16123
1.16142
1.16171
1.16199
1.16223
1.16248
1.16276
1.16298
1.16322
1.16744
1.1671
1.16767
1.16756
1.16668
1.16779
1.16773
1.16616
1.16789
1.16781
1.16812
1.16812
1.16559
1.16825
1.16819
1.16495
1.16826
1.16824
1.16843
1.1684
1.16421
1.16346
1.1409
1.16908
1.16888
1.16899
1.169
1.16876
1.16906
1.16905
1.16907
1.16916
1.16913
1.16859
1.16905
1.1691
1.1686
1.16883
1.16574
1.16689
1.15173
1.15632
1.1465
1.10025
1.09243
1.02503
0.847927
0.936112
1.08856
0.976172
0.885143
0.833954
0.820599
0.328044
0.395224
1.01891
0.995752
0.759654
0.571008
0.345059
0.448005
1.17136
1.17196
1.17172
1.16938
1.15813
1.15833
1.15848
1.15869
1.15883
1.15908
1.15929
1.15945
1.15968
1.1599
1.16014
1.16037
1.1606
1.16083
1.16106
1.16131
1.16155
1.16179
1.16202
1.16226
1.16247
1.16274
1.16297
1.1674
1.16775
1.16771
1.16701
1.16784
1.16781
1.16654
1.16795
1.16789
1.16599
1.16807
1.16802
1.16829
1.16824
1.16538
1.16835
1.16831
1.16469
1.16839
1.16836
1.16857
1.16854
1.16395
1.16314
1.10946
1.16916
1.16903
1.16888
1.16903
1.16903
1.16875
1.16916
1.16915
1.16916
1.16919
1.16913
1.16898
1.16908
1.16769
1.16828
1.16012
1.16308
1.129
1.13827
1.11925
1.04326
1.03281
0.941177
0.848819
1.08754
0.973159
0.880994
0.830378
0.819739
0.34
0.662502
1.13634
0.986437
0.743685
0.567937
0.348054
0.446977
1.17147
1.17197
1.17177
1.17099
1.158
1.15821
1.15837
1.15855
1.1587
1.15894
1.15915
1.15935
1.15957
1.1598
1.16004
1.16024
1.16045
1.16067
1.16091
1.16115
1.16135
1.16159
1.16181
1.16202
1.16224
1.16249
1.16271
1.16768
1.16731
1.16787
1.1678
1.16689
1.168
1.16794
1.16642
1.1681
1.16805
1.16584
1.1682
1.16814
1.16842
1.16839
1.16514
1.16849
1.16847
1.16447
1.16854
1.16851
1.16874
1.16873
1.16367
1.16291
1.05618
1.16921
1.16902
1.16909
1.1691
1.16886
1.16914
1.16912
1.16921
1.16921
1.16922
1.16919
1.16905
1.16864
1.16893
1.1652
1.1667
1.14638
1.15332
1.08681
1.10261
1.07147
0.960672
0.948298
0.852221
1.08564
0.96964
0.87663
0.826751
0.819089
0.388411
0.946415
1.16518
0.973572
0.736019
0.560827
0.355069
0.362782
0.440676
1.17155
1.17199
1.1718
1.1713
1.15792
1.15813
1.15828
1.15845
1.15865
1.15888
1.15906
1.15924
1.15946
1.15967
1.15984
1.16009
1.1603
1.16053
1.16073
1.16097
1.16119
1.16141
1.16162
1.16184
1.16205
1.16229
1.16245
1.168
1.16765
1.16721
1.16804
1.16797
1.16676
1.16815
1.16809
1.16624
1.16825
1.16821
1.16565
1.16835
1.1683
1.16856
1.16852
1.16495
1.16862
1.16857
1.16417
1.16868
1.16864
1.16885
1.16882
1.16339
1.16268
0.976497
1.16923
1.16909
1.16901
1.16909
1.16916
1.16918
1.16921
1.1692
1.16928
1.16928
1.16928
1.16909
1.16874
1.1676
1.16841
1.15868
1.16252
1.11753
1.1308
1.01997
1.04145
0.998336
0.859494
1.08442
0.965941
0.87232
0.823229
0.818359
0.602742
1.1068
1.17026
0.967197
0.723042
0.550918
0.393321
0.369868
0.378553
0.447338
1.17162
1.172
1.17183
1.17141
1.15783
1.15802
1.15819
1.15838
1.15858
1.15877
1.15895
1.15913
1.15936
1.15952
1.15975
1.15997
1.16019
1.1604
1.16062
1.16085
1.16105
1.16126
1.16146
1.16168
1.16188
1.16204
1.16226
1.16797
1.16811
1.16826
1.16823
1.16756
1.1671
1.16819
1.16663
1.16831
1.16824
1.16607
1.16842
1.16834
1.16541
1.16849
1.16844
1.16871
1.16869
1.16471
1.16876
1.16873
1.16388
1.16883
1.16881
1.16899
1.16897
1.16313
1.16247
0.874292
1.16919
1.16915
1.16913
1.16914
1.16924
1.16926
1.16927
1.16927
1.16932
1.16934
1.16929
1.16875
1.16783
1.16478
1.16697
1.14282
1.15223
1.06596
1.08681
0.931369
0.951878
0.899613
1.08232
0.962377
0.868465
0.819378
0.817808
0.885536
1.15843
1.17109
0.956204
0.709194
0.548013
0.547488
0.396805
0.389023
0.453621
1.17167
1.17201
1.17186
1.17149
1.15778
1.15794
1.1581
1.1583
1.15848
1.15867
1.15886
1.15907
1.15927
1.15947
1.15968
1.15989
1.1601
1.16032
1.16054
1.16073
1.16093
1.16114
1.16135
1.16155
1.16172
1.16193
1.16213
1.16822
1.16788
1.16834
1.1684
1.1683
1.16742
1.16697
1.16836
1.16652
1.16848
1.16844
1.16585
1.16856
1.16852
1.16517
1.16864
1.16862
1.16884
1.1688
1.16436
1.1689
1.1689
1.16359
1.16895
1.16892
1.16911
1.16909
1.16287
1.16234
1.169
1.16923
1.16919
1.16919
1.16921
1.16931
1.16932
1.16933
1.16933
1.16933
1.16939
1.16927
1.16769
1.16536
1.15764
1.16313
1.10884
1.12903
0.985135
1.01518
0.834979
0.850947
0.818122
1.08109
0.959365
0.863854
0.815461
1.07686
1.16908
1.17129
0.944994
0.70291
0.545668
0.831222
0.509775
0.403756
0.407692
0.460319
1.17171
1.17202
1.17188
1.17155
1.15771
1.15788
1.15804
1.15822
1.15844
1.15861
1.15882
1.15901
1.15922
1.15943
1.15964
1.15984
1.16005
1.16026
1.16046
1.16067
1.16086
1.16107
1.16126
1.16146
1.16167
1.16186
1.16206
1.16848
1.16816
1.16783
1.16845
1.16855
1.16851
1.16733
1.16684
1.16852
1.16631
1.16861
1.16856
1.16565
1.1687
1.16867
1.16491
1.16875
1.16876
1.16896
1.16893
1.16412
1.16903
1.169
1.16332
1.16908
1.16907
1.16923
1.16921
1.16268
1.16225
1.16838
1.16929
1.16926
1.16924
1.16928
1.16938
1.16939
1.1694
1.16939
1.16925
1.1694
1.16909
1.16485
1.15921
1.1412
1.15362
1.04915
1.08051
0.87678
0.91583
0.805722
0.805601
0.805669
1.0792
0.955624
0.859224
0.805611
1.15002
1.17088
1.17139
0.939135
0.694748
0.544753
1.05111
0.797135
0.494135
0.421905
0.425577
0.472342
1.17175
1.17202
1.1719
1.17161
1.15765
1.15784
1.15802
1.15819
1.1584
1.15859
1.15879
1.15899
1.15921
1.15941
1.15962
1.15982
1.16003
1.16024
1.16044
1.16065
1.16085
1.16104
1.16124
1.16144
1.16164
1.16184
1.16204
1.16844
1.1686
1.16874
1.1687
1.16808
1.16769
1.16858
1.16868
1.16719
1.1667
1.16865
1.16612
1.16875
1.1687
1.1654
1.16882
1.16879
1.16462
1.16893
1.16885
1.16909
1.16907
1.16385
1.16916
1.1691
1.16308
1.16918
1.16919
1.16928
1.16927
1.16931
1.16254
1.16224
1.1667
1.16937
1.16933
1.16931
1.16935
1.16944
1.16944
1.16943
1.16945
1.16897
1.16937
1.16855
1.15756
1.14491
1.10763
1.13181
0.9628
1.00096
0.8066
0.812669
0.804579
0.800958
1.07783
0.951866
0.855275
1.16733
1.1712
1.17146
0.930754
0.689134
0.548542
1.14209
1.0328
0.785954
0.50977
0.441222
0.444148
0.483086
1.17178
1.17203
1.17191
1.17165
1.15763
1.15781
1.158
1.15819
1.15839
1.15858
1.15878
1.15898
1.1592
1.15941
1.15962
1.15983
1.16004
1.16026
1.16046
1.16066
1.16087
1.16107
1.16127
1.16147
1.16167
1.16188
1.16209
1.16871
1.16837
1.16878
1.16886
1.1688
1.16797
1.16756
1.16875
1.16883
1.16705
1.16652
1.16879
1.16586
1.16887
1.16883
1.16512
1.16895
1.16889
1.16434
1.16902
1.16901
1.16923
1.16917
1.16351
1.16926
1.16926
1.16288
1.1693
1.16928
1.16936
1.16933
1.16938
1.16936
1.16246
1.16228
1.16233
1.16943
1.1694
1.16938
1.16942
1.16949
1.1695
1.16944
1.16948
1.16815
1.16919
1.16701
1.14044
1.11523
1.04826
1.0852
0.857116
0.897117
0.797199
0.789471
0.849549
0.845093
1.07573
0.949129
1.17047
1.17131
1.17152
0.924336
0.688304
0.550689
1.16584
1.13718
1.03101
0.804542
0.544587
0.463261
0.465586
0.493719
1.1718
1.17203
1.17193
1.17169
1.15762
1.15781
1.15799
1.15822
1.15841
1.1586
1.1588
1.15901
1.15923
1.15945
1.15967
1.15988
1.1601
1.16031
1.16052
1.16073
1.16094
1.16115
1.16136
1.16157
1.16178
1.16199
1.16221
1.16896
1.16865
1.16828
1.16891
1.16902
1.16896
1.16785
1.16744
1.16887
1.16896
1.1669
1.16634
1.16892
1.16562
1.169
1.16897
1.16484
1.16908
1.16906
1.16403
1.16916
1.1691
1.16932
1.16931
1.16329
1.16938
1.16936
1.16274
1.16938
1.16939
1.16943
1.16941
1.16945
1.16942
1.16244
1.16244
1.15172
1.16948
1.16946
1.16945
1.16948
1.16954
1.16954
1.16943
1.16949
1.16615
1.16842
1.16295
1.10445
1.05972
0.959363
1.00649
0.795124
0.804022
0.787008
0.84058
0.943997
0.940218
1.07461
1.17107
1.17139
1.17157
0.921381
0.686995
0.557429
1.17035
1.16473
1.13818
1.03671
0.851444
0.602768
0.493095
0.490223
0.507397
1.17182
1.17204
1.17194
1.17172
1.15763
1.15782
1.15802
1.15822
1.15844
1.15865
1.15886
1.15907
1.15929
1.15952
1.15974
1.15997
1.1602
1.16041
1.16064
1.16085
1.16106
1.16129
1.16151
1.16174
1.16196
1.16222
1.16243
1.16897
1.16906
1.16919
1.16918
1.16853
1.16822
1.16905
1.16912
1.16775
1.16729
1.16898
1.16909
1.16673
1.1661
1.16905
1.16534
1.16913
1.16909
1.16457
1.1692
1.16916
1.16375
1.16926
1.16926
1.16945
1.16941
1.16309
1.16949
1.16945
1.16265
1.16951
1.16948
1.16949
1.16947
1.16951
1.1695
1.1625
1.16266
1.12857
1.16954
1.16952
1.1695
1.16953
1.16958
1.16956
1.16927
1.16945
1.16199
1.16557
1.15254
1.03574
0.974078
0.850786
0.901403
0.785715
0.779345
0.835813
0.936528
1.0716
1.07013
1.17124
1.17145
1.17161
0.918768
0.689826
0.569542
1.17104
1.17004
1.16572
1.1371
1.07088
0.900086
0.687866
0.495825
0.548954
0.511679
1.17184
1.17204
1.17195
1.17174
1.15767
1.15785
1.15808
1.15828
1.1585
1.1587
1.15895
1.15918
1.15941
1.15961
1.15986
1.16011
1.16034
1.16057
1.1608
1.16103
1.16128
1.1615
1.16174
1.16199
1.16227
1.16249
1.16272
1.16918
1.16893
1.16921
1.16928
1.16925
1.16847
1.16807
1.16917
1.16924
1.16762
1.16713
1.16916
1.16922
1.16654
1.16583
1.16918
1.16507
1.16925
1.16921
1.16421
1.16931
1.16928
1.16351
1.16938
1.16934
1.16954
1.16951
1.16294
1.16958
1.16957
1.16264
1.16958
1.16957
1.16953
1.16958
1.16955
1.16953
1.16956
1.16264
1.16298
1.08617
1.16959
1.16958
1.16956
1.16959
1.1696
1.16954
1.16874
1.1693
1.15054
1.15936
1.12615
0.935467
0.868696
0.788227
0.801208
0.780017
0.831568
0.932838
1.068
1.17133
1.1715
1.17164
0.919199
0.695057
0.566705
1.1712
1.17094
1.17032
1.16405
1.14923
1.08706
0.979931
0.510798
0.805113
0.508539
0.529349
1.17185
1.17204
1.17195
1.17176
1.15771
1.15793
1.15816
1.15836
1.15857
1.1588
1.15905
1.15931
1.15953
1.1598
1.16003
1.16029
1.16054
1.16078
1.16104
1.16125
1.16153
1.16178
1.16206
1.16232
1.1626
1.16284
1.1631
1.16942
1.1691
1.16876
1.16934
1.16946
1.16942
1.16838
1.16796
1.1693
1.1694
1.16748
1.16695
1.16927
1.16933
1.16631
1.16556
1.16929
1.16474
1.16936
1.16933
1.164
1.16942
1.1694
1.16328
1.16948
1.16944
1.16963
1.16961
1.16286
1.16966
1.16967
1.16273
1.16965
1.16962
1.16961
1.16964
1.16967
1.16961
1.16958
1.16964
1.16293
1.16338
1.01196
1.16963
1.16963
1.16962
1.16963
1.1696
1.16943
1.16707
1.16886
1.12547
1.1467
1.06952
0.828738
0.785905
0.775752
0.773364
0.826414
0.928821
1.06638
1.17139
1.17155
1.17167
0.921522
0.686848
0.586144
1.17128
1.17114
1.17104
1.16978
1.16831
1.15335
1.12368
0.642883
1.04453
0.541101
0.532776
0.531939
1.17187
1.17205
1.17196
1.17178
1.1578
1.158
1.15823
1.15846
1.15869
1.15898
1.15923
1.15944
1.15969
1.15998
1.16027
1.16053
1.16078
1.16107
1.1613
1.16161
1.16185
1.16214
1.16242
1.16271
1.16301
1.16328
1.16355
1.16966
1.16936
1.16949
1.169
1.16867
1.16951
1.16955
1.16828
1.16784
1.16943
1.16951
1.16734
1.16676
1.16937
1.16947
1.16606
1.16528
1.16941
1.16447
1.16947
1.16944
1.16365
1.16954
1.16952
1.16314
1.16959
1.16957
1.16974
1.16971
1.16285
1.16976
1.1697
1.16975
1.16288
1.16967
1.16972
1.1697
1.16972
1.16967
1.16966
1.16969
1.16324
1.16394
0.893978
1.16965
1.16968
1.16968
1.16967
1.16952
1.16902
1.16212
1.16736
1.07388
1.12209
0.983819
0.772728
0.765949
0.821647
0.77145
0.924269
1.06387
1.17145
1.17157
1.17169
0.916844
0.706312
0.584591
1.17134
1.17123
1.17114
1.1708
1.17084
1.16845
1.16344
0.931229
1.14108
0.749027
0.530599
0.630846
0.548012
1.17188
1.17205
1.17197
1.17179
1.15788
1.15811
1.15833
1.15858
1.15891
1.15913
1.15937
1.15967
1.15998
1.16022
1.16051
1.16078
1.16108
1.16135
1.16163
1.16194
1.16223
1.16254
1.16287
1.1632
1.16347
1.1638
1.16418
1.1699
1.1696
1.16962
1.16977
1.16933
1.16895
1.16857
1.1696
1.16966
1.16816
1.1677
1.16955
1.16962
1.16716
1.16652
1.16948
1.16958
1.16579
1.16498
1.16953
1.16416
1.1696
1.16956
1.16349
1.16964
1.16962
1.16306
1.16969
1.16966
1.16983
1.16982
1.16295
1.16979
1.16985
1.16976
1.16983
1.16984
1.16312
1.16973
1.16976
1.16974
1.16978
1.16971
1.1697
1.16975
1.16373
1.16451
0.791118
1.16966
1.16972
1.16971
1.16969
1.16922
1.16782
1.14838
1.16319
0.972758
1.06988
0.870174
0.758924
0.765037
0.919897
0.816348
1.06182
1.17149
1.1716
1.17171
0.925235
0.700022
0.601346
1.17141
1.17128
1.17119
1.1711
1.17094
1.17074
1.17004
1.10503
1.16572
1.0023
0.562675
0.912035
0.553176
0.549658
1.17189
1.17205
1.17197
1.17181
1.15798
1.15822
1.15847
1.15872
1.159
1.15928
1.1596
1.15988
1.16015
1.16048
1.16078
1.16104
1.16138
1.16168
1.16205
1.16233
1.16266
1.16294
1.16334
1.16366
1.16399
1.16435
1.16477
1.17013
1.16987
1.16989
1.16998
1.16955
1.16978
1.16923
1.16887
1.16848
1.16971
1.16804
1.16755
1.16966
1.16976
1.16697
1.16629
1.16963
1.16969
1.16549
1.16467
1.16964
1.16392
1.16969
1.16967
1.16332
1.16975
1.16972
1.16308
1.1698
1.16976
1.16993
1.16992
1.16313
1.16987
1.16982
1.16989
1.16986
1.16993
1.16364
1.16977
1.16982
1.1698
1.16977
1.16976
1.16979
1.16422
1.16509
0.759228
1.16961
1.16975
1.16977
1.1697
1.16833
1.16458
1.12151
1.15225
0.850447
0.972054
0.780242
0.754868
0.803688
0.810825
1.05909
0.914897
1.17152
1.17163
1.17173
0.921704
0.718351
0.598538
1.17143
1.17134
1.17126
1.1712
1.17107
1.171
1.17082
1.1581
1.17018
1.13382
0.759894
1.09331
0.548839
0.676472
0.565482
1.17189
1.17198
1.17182
1.15807
1.15832
1.15859
1.1589
1.15917
1.15947
1.15979
1.16009
1.16044
1.16076
1.16107
1.16145
1.16173
1.16204
1.1624
1.16276
1.16309
1.16353
1.16382
1.16419
1.16449
1.16492
1.16532
1.17035
1.17009
1.17013
1.17021
1.16981
1.16992
1.17002
1.16951
1.16982
1.16916
1.16878
1.16837
1.16791
1.16738
1.16978
1.16983
1.16675
1.166
1.16972
1.16981
1.16519
1.16438
1.16975
1.16365
1.1698
1.16978
1.16327
1.16985
1.16983
1.1632
1.1699
1.16988
1.17
1.17001
1.16345
1.16991
1.16989
1.16984
1.16995
1.16993
1.17
1.16996
1.17001
1.16406
1.16983
1.16986
1.1698
1.16979
1.16984
1.16499
1.16573
1.16945
1.16975
1.16979
1.16969
1.16597
1.15639
1.07134
1.12705
0.775117
0.844766
0.753308
0.748161
0.798994
0.903621
0.910091
1.05712
1.17154
1.17165
1.17174
0.933755
0.718421
0.614823
1.17146
1.17138
1.1713
1.17123
1.17115
1.17108
1.17098
1.16881
1.17086
1.16464
1.00702
1.15591
0.593536
0.936838
0.581738
0.571877
1.17191
1.17199
1.1719
1.17183
1.15824
1.15846
1.15873
1.15901
1.15932
1.15967
1.16001
1.16038
1.16067
1.16106
1.16139
1.16175
1.1621
1.16252
1.16282
1.16319
1.16361
1.16396
1.16431
1.16467
1.16499
1.16547
1.16589
1.17058
1.17033
1.17034
1.17045
1.17004
1.17017
1.17025
1.16976
1.16994
1.17006
1.16943
1.16909
1.16868
1.16825
1.16777
1.16719
1.16988
1.16997
1.1665
1.1657
1.16983
1.16993
1.16487
1.16411
1.16986
1.16353
1.16991
1.16988
1.16331
1.16996
1.16993
1.16341
1.17
1.16999
1.1701
1.17004
1.17009
1.16389
1.16992
1.16997
1.1699
1.16999
1.17003
1.17005
1.16468
1.16987
1.16991
1.16985
1.16984
1.16987
1.16543
1.16641
1.16896
1.16975
1.16982
1.16962
1.15998
1.13742
0.978352
1.08065
0.74998
0.773271
0.741464
0.792189
0.899287
1.05128
1.05408
1.17157
1.17167
1.17176
0.934947
0.729936
0.621103
1.17149
1.17142
1.17134
1.17127
1.17119
1.17113
1.17105
1.17058
1.171
1.16999
1.13406
1.16879
0.835137
1.10406
0.754116
0.579968
0.577569
1.17185
1.17199
1.17183
1.15833
1.15856
1.15883
1.15915
1.15951
1.15986
1.16024
1.16061
1.16102
1.16135
1.16175
1.16212
1.16251
1.16286
1.16322
1.16365
1.16402
1.16441
1.16475
1.16516
1.16574
1.16604
1.16644
1.17081
1.17055
1.17056
1.17067
1.17028
1.17037
1.17049
1.17001
1.17017
1.17028
1.16967
1.1701
1.16935
1.16899
1.16858
1.16812
1.16759
1.16697
1.17
1.16622
1.1654
1.16994
1.17003
1.16456
1.16387
1.16997
1.16349
1.17001
1.16999
1.16344
1.17004
1.17003
1.16375
1.17007
1.17005
1.17012
1.17017
1.17009
1.17017
1.16445
1.16993
1.16998
1.17
1.17005
1.17007
1.17012
1.16525
1.16992
1.16994
1.16988
1.16988
1.16992
1.16615
1.16695
1.16765
1.16972
1.16982
1.16937
1.14622
1.09998
0.85377
0.998631
0.747376
0.783563
0.734777
0.893458
1.04822
1.17159
1.17169
1.17176
0.940443
0.737178
0.628216
1.17152
1.17144
1.17137
1.1713
1.17123
1.17116
1.1711
1.17087
1.17106
1.17079
1.16476
1.1706
1.05424
1.15896
0.6872
1.00412
0.579564
0.579255
1.17179
1.17186
1.17178
1.172
1.15848
1.15874
1.15893
1.15927
1.15967
1.16006
1.16048
1.16086
1.16122
1.16168
1.16208
1.1625
1.16285
1.16326
1.16361
1.16404
1.16445
1.16489
1.16525
1.16567
1.16607
1.16649
1.16688
1.17102
1.17079
1.17079
1.17089
1.17055
1.17059
1.1707
1.17024
1.17038
1.17052
1.17
1.17022
1.17029
1.16964
1.17013
1.16927
1.16889
1.16845
1.16799
1.16737
1.16671
1.16591
1.16506
1.17005
1.17014
1.16429
1.16375
1.17007
1.16354
1.17011
1.1701
1.16371
1.17013
1.17012
1.16419
1.17016
1.17017
1.17017
1.17014
1.17025
1.17025
1.17021
1.17026
1.16511
1.16999
1.17001
1.17006
1.17008
1.17011
1.16575
1.16995
1.16999
1.16992
1.16992
1.16995
1.16695
1.16733
1.16436
1.16963
1.1698
1.16873
1.11897
1.03551
0.773851
0.884976
0.885366
0.776333
0.728056
1.04574
1.17162
1.17169
0.945787
0.744217
0.631057
1.17155
1.17147
1.17141
1.17134
1.17127
1.17121
1.17114
1.17096
1.17109
1.17091
1.16999
1.17086
1.1478
1.16921
0.671545
0.94069
1.12835
0.577725
0.594045
1.17172
1.17174
1.17187
1.17171
1.172
1.15866
1.15882
1.15908
1.15937
1.1598
1.16027
1.16069
1.16115
1.16163
1.16201
1.16244
1.16285
1.16327
1.16365
1.16419
1.16452
1.16495
1.16529
1.16573
1.16609
1.16655
1.16696
1.16745
1.17125
1.171
1.17101
1.17112
1.17077
1.1708
1.17094
1.17051
1.17063
1.17072
1.1702
1.17044
1.17052
1.16989
1.17023
1.17032
1.16957
1.16919
1.16878
1.16834
1.1678
1.16718
1.16642
1.16559
1.16477
1.17016
1.17024
1.16408
1.16372
1.17019
1.1637
1.17022
1.17019
1.16407
1.17023
1.17022
1.16486
1.17024
1.17023
1.17019
1.17016
1.17032
1.17026
1.17029
1.17023
1.17034
1.16566
1.17002
1.17006
1.17009
1.17012
1.16671
1.16999
1.17002
1.16994
1.16995
1.16999
1.16726
1.16783
1.15646
1.16934
1.16973
1.1672
1.07041
0.942075
0.746603
0.789454
1.04048
0.879199
0.767642
0.721136
1.17162
0.951219
0.749071
0.641512
1.17156
1.17149
1.17142
1.17136
1.17129
1.17123
1.17117
1.17103
1.17111
1.17096
1.17071
1.17091
1.16723
1.17062
0.621152
0.893406
1.11113
1.16407
0.613115
0.600451
1.17165
1.17175
1.17162
1.17188
1.17165
1.17201
1.15878
1.15895
1.15917
1.1595
1.15994
1.16045
1.16094
1.16141
1.16186
1.16233
1.16276
1.16324
1.16359
1.16409
1.16447
1.16494
1.16529
1.16577
1.16619
1.16665
1.16701
1.16744
1.16781
1.17146
1.17123
1.17123
1.17134
1.17098
1.17103
1.17114
1.17073
1.17083
1.17093
1.17045
1.17065
1.17074
1.17015
1.17043
1.17055
1.16986
1.17034
1.16947
1.1691
1.16868
1.16819
1.16761
1.16694
1.16611
1.16528
1.16451
1.17027
1.16396
1.16381
1.17027
1.16398
1.17031
1.1703
1.16458
1.17033
1.17031
1.16542
1.17036
1.17034
1.1702
1.17016
1.17032
1.17035
1.17027
1.17034
1.17023
1.17045
1.17038
1.16627
1.17007
1.17009
1.17014
1.16724
1.17002
1.17007
1.16994
1.16999
1.17002
1.16781
1.16833
1.13919
1.16875
1.16959
1.16371
0.994308
0.826391
0.747803
0.752268
1.03789
0.871565
0.761978
0.713355
0.955943
0.756253
0.647681
1.17159
1.17152
1.17145
1.17139
1.17133
1.17127
1.17121
1.17106
1.17116
1.17101
1.17085
1.17095
1.17029
1.17081
0.854369
1.07801
1.16021
1.16992
0.611945
0.792587
0.606678
1.17163
1.17176
1.17155
1.17159
1.17156
1.17189
1.17201
1.15894
1.1591
1.15929
1.15961
1.16007
1.16062
1.16117
1.16166
1.16216
1.16264
1.1631
1.1636
1.16416
1.16457
1.16502
1.16535
1.16583
1.1662
1.16664
1.16699
1.16751
1.16788
1.16838
1.17168
1.17145
1.17145
1.17156
1.17122
1.17125
1.17136
1.17097
1.17105
1.17116
1.1707
1.17083
1.17096
1.1704
1.17067
1.17075
1.17011
1.17043
1.17057
1.16981
1.17037
1.16941
1.16901
1.16855
1.16802
1.1674
1.16665
1.1658
1.16497
1.16427
1.16396
1.164
1.17039
1.16441
1.17039
1.17038
1.16515
1.17043
1.17042
1.16616
1.17044
1.17042
1.17021
1.17016
1.17036
1.17031
1.17038
1.17029
1.17025
1.17054
1.17042
1.17048
1.16708
1.1701
1.17014
1.16776
1.17006
1.17009
1.16992
1.17001
1.17006
1.16825
1.16882
1.10754
1.16746
1.16933
1.15593
0.890006
0.756144
0.735284
1.03298
0.86649
0.755403
0.704696
0.960391
0.762294
0.65455
1.17152
1.17146
1.1714
1.17134
1.17128
1.17123
1.17109
1.17117
1.17105
1.1709
1.17099
1.17072
1.17087
1.05793
1.15319
1.16933
1.17065
0.614594
0.76555
1.02538
0.61267
1.17151
1.17165
1.17177
1.17149
1.1715
1.17189
1.17201
1.15911
1.15924
1.15939
1.15972
1.16024
1.16082
1.16138
1.16193
1.16247
1.163
1.16359
1.16399
1.16445
1.16494
1.16538
1.16582
1.16629
1.1666
1.16711
1.16765
1.16802
1.16841
1.16886
1.1717
1.1719
1.17167
1.17144
1.17147
1.17158
1.1712
1.17125
1.17136
1.17094
1.17106
1.17115
1.17069
1.17085
1.17096
1.17037
1.17067
1.17076
1.17006
1.17046
1.17056
1.1697
1.16932
1.1689
1.1684
1.16785
1.16716
1.16636
1.16547
1.16471
1.16419
1.16408
1.16428
1.17046
1.16484
1.17051
1.17051
1.16585
1.17052
1.17051
1.16675
1.17052
1.17051
1.1702
1.17016
1.17039
1.17035
1.17031
1.17042
1.17029
1.17024
1.17061
1.1705
1.17056
1.17048
1.16763
1.17013
1.1683
1.17009
1.17013
1.16984
1.17004
1.17008
1.1688
1.16927
1.05563
1.16481
1.16888
1.13953
0.78809
0.730711
1.0307
0.861663
0.744656
0.692881
0.965567
0.76889
0.659895
1.17145
1.17138
1.17132
1.17126
1.17111
1.17121
1.17107
1.17095
1.17101
1.17079
1.17091
1.14745
1.1684
1.17055
1.17076
0.616958
0.748703
1.00392
1.13851
0.618488
1.17141
1.17153
1.17166
1.17178
1.17142
1.1719
1.17201
1.15935
1.15938
1.15949
1.15982
1.16034
1.16102
1.16163
1.16222
1.1628
1.16338
1.16382
1.16432
1.16479
1.16532
1.16579
1.16627
1.16662
1.16713
1.16758
1.16804
1.16841
1.16891
1.16937
1.1719
1.17168
1.1718
1.17189
1.17167
1.17143
1.17147
1.17158
1.17118
1.17128
1.17138
1.17092
1.17108
1.17116
1.17063
1.17086
1.17095
1.17032
1.17066
1.17077
1.17002
1.17059
1.16963
1.16923
1.16876
1.16826
1.16765
1.16687
1.16602
1.16516
1.1645
1.16422
1.16429
1.16466
1.1656
1.17059
1.17058
1.16646
1.1706
1.1706
1.16742
1.17061
1.17065
1.17021
1.17016
1.17038
1.17043
1.17034
1.17031
1.17028
1.17024
1.1707
1.17059
1.17062
1.17052
1.17055
1.17047
1.16821
1.16865
1.17013
1.17016
1.16969
1.17004
1.17011
1.16919
1.16971
0.980423
1.15953
1.16802
1.11043
0.734285
0.72897
1.02701
0.851702
0.738663
0.687351
0.969622
0.77387
0.666576
1.17136
1.17132
1.17126
1.17115
1.17122
1.17111
1.17097
1.17106
1.17084
1.17094
1.16737
1.17041
1.17071
1.17082
0.620098
0.750046
0.986139
1.13225
1.16612
0.624174
1.17134
1.17145
1.17134
1.17155
1.17167
1.17179
1.1719
1.17201
1.15956
1.15956
1.15961
1.15992
1.16049
1.16124
1.16193
1.16255
1.16314
1.16368
1.16422
1.1647
1.16535
1.16575
1.16618
1.16668
1.16714
1.16752
1.16803
1.16841
1.16888
1.1693
1.16973
1.1719
1.17201
1.17169
1.17179
1.17189
1.17166
1.17142
1.17148
1.17158
1.17116
1.17128
1.17137
1.17088
1.17108
1.17118
1.17059
1.17086
1.17097
1.17029
1.17067
1.17078
1.16992
1.16955
1.16912
1.16864
1.1681
1.16738
1.16657
1.16569
1.16491
1.16443
1.16435
1.16462
1.16529
1.1662
1.17068
1.17068
1.16718
1.1707
1.17069
1.16795
1.1707
1.17072
1.1702
1.17039
1.17044
1.17034
1.17032
1.17027
1.17023
1.17078
1.17069
1.17071
1.17059
1.17064
1.17051
1.17055
1.17047
1.16862
1.16918
1.17015
1.1702
1.1694
1.17004
1.17013
1.16972
1.17019
0.884114
1.14968
1.1663
1.06621
0.714549
1.02268
0.847081
0.732907
0.681595
0.973591
0.780262
0.672588
1.17129
1.17114
1.17124
1.1711
1.17101
1.17108
1.17087
1.17098
1.1703
1.17065
1.17075
1.17084
0.624544
0.754352
0.9862
1.12625
1.16513
1.1701
0.629661
1.17131
1.17144
1.1713
1.17156
1.17168
1.17179
1.1719
1.17201
1.15978
1.15968
1.15969
1.16002
1.16064
1.16143
1.16219
1.16285
1.16345
1.16409
1.1646
1.16528
1.16561
1.16616
1.16655
1.16708
1.16754
1.16813
1.16845
1.16889
1.16934
1.16982
1.17024
1.1719
1.17201
1.17169
1.17179
1.17189
1.17165
1.1714
1.17148
1.17158
1.17114
1.17128
1.17138
1.17085
1.17107
1.17118
1.17055
1.17087
1.17097
1.17021
1.17078
1.16985
1.16945
1.16901
1.16849
1.16784
1.16711
1.16623
1.16538
1.16471
1.16447
1.16461
1.16507
1.16592
1.16697
1.17079
1.16783
1.17079
1.17079
1.16856
1.17079
1.1708
1.17044
1.17038
1.17035
1.17032
1.17027
1.17022
1.17087
1.17076
1.1708
1.17068
1.17072
1.1706
1.17063
1.17051
1.17054
1.17046
1.16916
1.16973
1.17018
1.16888
1.17
1.17014
1.17021
1.17072
0.782085
1.13282
1.16292
1.00256
0.703511
1.01964
0.84187
0.728062
0.672123
0.977249
0.786187
0.679082
1.1712
1.17123
1.17114
1.171
1.17109
1.1709
1.17098
1.17062
1.17073
1.17078
1.17087
0.629165
0.759634
0.989926
1.12613
1.16452
1.17003
1.17056
0.635066
1.17133
1.17122
1.17145
1.17157
1.17168
1.17179
1.1719
1.17201
1.15999
1.15981
1.15978
1.16014
1.16089
1.16169
1.16246
1.16319
1.16386
1.16446
1.16514
1.16558
1.16608
1.16656
1.16715
1.16749
1.168
1.16849
1.1689
1.1694
1.16978
1.17024
1.17073
1.17191
1.17202
1.17169
1.1718
1.17188
1.17164
1.17139
1.17149
1.17159
1.17111
1.17131
1.17138
1.17082
1.17107
1.17119
1.17052
1.17088
1.17097
1.17015
1.16977
1.16936
1.16888
1.16831
1.16761
1.16677
1.16593
1.16508
1.16466
1.16468
1.16496
1.16563
1.16657
1.16762
1.17088
1.16836
1.17087
1.17089
1.16904
1.17087
1.17089
1.17043
1.17038
1.17035
1.17031
1.17026
1.1702
1.17095
1.17087
1.17089
1.17079
1.17082
1.17068
1.17072
1.1706
1.17063
1.1705
1.17053
1.17047
1.16957
1.17015
1.16799
1.16992
1.17015
1.17066
1.17115
0.721875
1.10715
1.15729
0.925492
1.01708
0.837803
0.718383
0.694909
0.666736
0.981859
0.792565
0.684098
1.17121
1.17113
1.17105
1.1711
1.17092
1.17101
1.17067
1.17076
1.17083
1.17088
0.635787
0.770466
0.996133
1.12732
1.16452
1.16993
1.17053
1.17065
0.640571
1.17124
1.17135
1.17116
1.17116
1.17147
1.17157
1.17169
1.1718
1.1719
1.17201
1.16017
1.15992
1.15987
1.1603
1.16112
1.16199
1.16277
1.16347
1.16421
1.1649
1.16551
1.16602
1.16661
1.16705
1.16757
1.16795
1.16851
1.16893
1.16937
1.16982
1.17024
1.1707
1.17117
1.1719
1.17201
1.1717
1.1718
1.17188
1.17163
1.17137
1.17148
1.17159
1.17108
1.17128
1.17139
1.17078
1.17107
1.17117
1.17044
1.17098
1.17009
1.16969
1.16924
1.16874
1.16809
1.16734
1.16646
1.16554
1.16492
1.16477
1.165
1.16554
1.16635
1.16747
1.16822
1.16904
1.17097
1.17098
1.16956
1.17096
1.17097
1.17041
1.17037
1.17033
1.17029
1.17024
1.17095
1.17106
1.17086
1.17091
1.17077
1.1708
1.17066
1.17073
1.17059
1.17063
1.1705
1.17053
1.17047
1.17013
1.17067
1.16651
1.16977
1.17015
1.17115
1.17161
1.07103
1.14849
0.832068
1.0136
0.829081
0.713217
0.686584
0.661342
0.985498
0.797503
0.690054
1.17104
1.17111
1.17096
1.17101
1.17071
1.17078
1.17085
1.17091
0.647544
0.787821
1.00625
1.12937
1.16469
1.1699
1.17047
1.1706
1.17068
0.646092
1.17113
1.17126
1.17137
1.17111
1.17147
1.17158
1.17169
1.1718
1.17191
1.17201
1.16029
1.16
1.15994
1.1604
1.16133
1.16241
1.16314
1.16402
1.16475
1.16529
1.16586
1.16642
1.16692
1.16742
1.16793
1.16841
1.16892
1.1694
1.16982
1.17027
1.17071
1.17119
1.17164
1.17191
1.17201
1.1717
1.1718
1.17188
1.17162
1.17134
1.17149
1.17159
1.17106
1.17129
1.17138
1.17075
1.17108
1.17117
1.17039
1.17002
1.1696
1.16912
1.16854
1.16785
1.16702
1.16611
1.16528
1.16493
1.165
1.16544
1.16601
1.16699
1.168
1.16884
1.16947
1.17111
1.17107
1.17007
1.17105
1.17107
1.17041
1.17036
1.17032
1.17026
1.17096
1.17104
1.17093
1.17115
1.17084
1.17089
1.17075
1.17079
1.17066
1.17071
1.17056
1.17063
1.17049
1.17052
1.17045
1.1706
1.17114
1.16422
1.16951
1.17014
1.17161
1.03117
1.13601
0.777772
1.00941
0.824163
0.707948
0.674974
0.655487
0.989426
0.803111
0.695714
1.17106
1.17096
1.17102
1.17075
1.17079
1.17087
1.17089
0.656317
0.816249
1.0236
1.13333
1.16502
1.1699
1.17044
1.17057
1.17063
1.1707
1.17127
1.17138
1.17107
1.17148
1.17159
1.1717
1.1718
1.1719
1.16041
1.16005
1.16006
1.1606
1.16164
1.16266
1.16374
1.16454
1.1651
1.16577
1.16629
1.16686
1.16748
1.16801
1.16849
1.16899
1.16937
1.16981
1.17031
1.17071
1.17121
1.17163
1.17169
1.17187
1.1716
1.17132
1.17148
1.17159
1.17102
1.17129
1.17138
1.17069
1.17118
1.17033
1.16994
1.16949
1.16898
1.16834
1.1676
1.16668
1.16573
1.16518
1.16508
1.16543
1.16597
1.16678
1.16765
1.16868
1.16944
1.17004
1.17117
1.17058
1.17119
1.17117
1.1704
1.17034
1.17028
1.17101
1.17098
1.17094
1.17083
1.17088
1.17074
1.17079
1.17065
1.17071
1.17055
1.17061
1.17048
1.17051
1.17043
1.17114
1.17161
1.16093
1.16913
1.17012
0.984562
1.11918
0.726451
1.00567
0.819555
0.704098
0.665436
0.992298
0.808687
1.17077
1.17082
1.17087
0.679927
0.861468
1.04478
1.13857
1.16561
1.16992
1.17042
1.17052
1.1706
1.17067
1.17071
1.17127
1.17137
1.17148
1.17159
1.16051
1.16012
1.16017
1.16077
1.16184
1.16318
1.16407
1.16486
1.16564
1.16617
1.16687
1.16734
1.16793
1.16845
1.16887
1.16944
1.16984
1.17026
1.17075
1.1712
1.17162
1.17187
1.17159
1.1713
1.17148
1.17098
1.17129
1.17137
1.17064
1.17027
1.16985
1.16938
1.1688
1.16814
1.16729
1.1663
1.1655
1.16522
1.16538
1.16594
1.16655
1.16737
1.16845
1.16935
1.17
1.1706
1.17127
1.17109
1.17037
1.1703
1.17081
1.17073
1.17079
1.17064
1.17069
1.17054
1.1706
1.17046
1.17049
1.1704
1.17163
1.15645
1.16861
1.17008
0.927393
1.09704
1.00345
0.81634
0.996795
1.07064
1.14449
1.16636
1.16994
1.17039
1.17049
1.17055
1.17062
1.16053
1.16014
1.16031
1.16115
1.16227
1.16356
1.16446
1.16534
1.16596
1.16667
1.16727
1.16784
1.16835
1.16887
1.16937
1.16984
1.17026
1.17076
1.17117
1.17162
1.17186
1.17158
1.17127
1.17094
1.17059
1.1702
1.16975
1.16924
1.16859
1.16783
1.1669
1.16597
1.16543
1.1654
1.16589
1.16664
1.16716
1.16813
1.16924
1.16993
1.17054
1.17108
1.17161
1.17033
1.17051
1.17043
1.17046
1.17034
1.15078
1.16793
1.17004
1.00092
1.16715
1.16999
1.17037
1.16055
1.16023
1.16049
1.16152
1.16276
1.16404
1.16489
1.16576
1.16657
1.16716
1.16774
1.16841
1.16886
1.16931
1.16981
1.17028
1.17072
1.17121
1.17163
1.17185
1.17156
1.17125
1.1709
1.17053
1.17013
1.16964
1.16906
1.16837
1.1675
1.1665
1.16576
1.16549
1.16577
1.1666
1.16722
1.16775
1.16885
1.16986
1.17048
1.17107
1.17159
1.1605
1.1603
1.1608
1.16199
1.1633
1.16438
1.1654
1.16627
1.16694
1.16755
1.16822
1.16875
1.16927
1.16981
1.17029
1.17073
1.17118
1.17162
1.17184
1.17154
1.17122
1.17085
1.17047
1.17002
1.16951
1.16888
1.1681
1.16711
1.16618
1.16569
1.16573
1.16633
1.16739
1.16777
1.16846
1.1696
1.17043
1.17106
1.17158
1.16044
1.16042
1.16104
1.16233
1.16377
1.16498
1.16606
1.16675
1.16749
1.16816
1.16869
1.16928
1.16974
1.17024
1.17073
1.17118
1.17163
1.17183
1.17152
1.17118
1.17081
1.17039
1.16991
1.16936
1.16866
1.16778
1.16676
1.16601
1.16577
1.16625
1.16723
1.1681
1.16829
1.16911
1.17032
1.17105
1.17161
1.16041
1.16054
1.16143
1.16286
1.16423
1.16559
1.16653
1.16727
1.168
1.16863
1.1692
1.16969
1.17021
1.17069
1.17117
1.17164
1.17182
1.1715
1.17114
1.17075
1.17031
1.1698
1.16917
1.16838
1.16738
1.16645
1.16595
1.16614
1.16687
1.16806
1.1688
1.16872
1.16988
1.17096
1.17156
1.16039
1.16074
1.16188
1.16339
1.16496
1.16612
1.16707
1.16777
1.1685
1.16922
1.16965
1.17018
1.17071
1.17114
1.17165
1.17181
1.17147
1.17111
1.17069
1.17022
1.16965
1.16894
1.16804
1.16701
1.16628
1.16612
1.16661
1.16769
1.16881
1.16943
1.16908
1.17075
1.17154
1.16047
1.16106
1.16237
1.16395
1.16548
1.16678
1.16748
1.1684
1.16901
1.16969
1.17018
1.17066
1.17116
1.17162
1.1718
1.17145
1.17106
1.17062
1.17008
1.16946
1.1687
1.16766
1.16673
1.16625
1.16647
1.16739
1.16854
1.16952
1.17011
1.16958
1.17144
1.16067
1.16151
1.16296
1.1645
1.16622
1.16728
1.16816
1.16886
1.16952
1.17012
1.17065
1.17115
1.1716
1.17179
1.17142
1.171
1.17052
1.16998
1.16928
1.16831
1.16731
1.16655
1.16645
1.16712
1.16829
1.16932
1.17023
1.17081
1.17011
1.16092
1.16196
1.16368
1.16532
1.1668
1.16797
1.1688
1.16953
1.1701
1.17064
1.17113
1.17161
1.17177
1.17138
1.17094
1.17042
1.16981
1.16897
1.16796
1.16701
1.16656
1.167
1.16799
1.16916
1.17027
1.17093
1.17147
1.16117
1.16256
1.16424
1.16608
1.16749
1.16846
1.16945
1.16996
1.17058
1.17112
1.1716
1.17176
1.17135
1.17087
1.17032
1.1696
1.16867
1.16761
1.16688
1.16695
1.16771
1.16898
1.17009
1.17082
1.17164
1.16157
1.16306
1.16509
1.16682
1.168
1.16905
1.16987
1.17049
1.17109
1.1716
1.17174
1.17131
1.17078
1.17016
1.16935
1.16827
1.16732
1.16697
1.16747
1.16866
1.16987
1.17075
1.17152
1.16202
1.16383
1.16577
1.16758
1.16862
1.16971
1.17043
1.17101
1.17156
1.17173
1.17125
1.17068
1.17
1.169
1.16794
1.16722
1.16742
1.16843
1.16965
1.17059
1.17146
1.16304
1.1647
1.16674
1.16823
1.16941
1.17025
1.17097
1.17155
1.17171
1.1712
1.17057
1.16975
1.16866
1.1677
1.16741
1.16811
1.16931
1.17054
1.17145
1.16629
1.16688
1.1679
1.16896
1.17003
1.17086
1.17151
1.17166
1.17111
1.17042
1.16945
1.16835
1.16765
1.16802
1.16908
1.17041
1.17135
1.16885
1.1682
1.1687
1.16975
1.17079
1.17149
1.17163
1.17101
1.17021
1.16913
1.1681
1.16793
1.16881
1.17016
1.17139
1.1699
1.16908
1.16943
1.17058
1.17145
1.17159
1.17088
1.16997
1.16876
1.16816
1.16875
1.16997
1.17121
1.17039
1.16953
1.1702
1.17138
1.17156
1.17072
1.16963
1.16857
1.16859
1.16975
1.1712
1.17053
1.17009
1.17123
1.1715
1.17049
1.16929
1.16874
1.16962
1.171
1.17061
1.17094
1.17142
1.17018
1.16917
1.16948
1.17087
1.17095
1.17125
1.16993
1.16948
1.17074
1.17105
1.16988
1.17068
1.17092
1.17068
1.17103
)
;

boundaryField
{
    lowerOutlet
    {
        type            calculated;
        value           nonuniform List<scalar> 
150
(
1.1721
1.1721
1.1721
1.1721
1.1721
1.1721
1.1721
1.1721
1.1721
1.1721
1.1721
1.1721
1.1721
1.1721
1.1721
1.1721
1.1721
1.1721
1.1721
1.1721
1.1721
1.1721
1.1721
1.1721
1.1721
1.1721
1.1721
1.1721
1.1721
1.1721
1.1721
1.1721
1.1721
1.1721
1.1721
1.1721
1.1721
1.1721
1.1721
1.1721
1.1721
1.1721
1.1721
1.1721
1.1721
1.1721
1.1721
1.1721
0.417026
1.1721
1.1721
1.1721
1.1721
1.1721
1.1721
1.1721
1.1721
1.1721
1.1721
1.1721
1.1721
1.1721
1.1721
1.1721
1.1721
1.1721
1.1721
1.1721
1.1721
1.1721
1.1721
1.1721
1.1721
1.1721
1.1721
1.1721
1.1721
1.1721
1.1721
1.1721
1.1721
1.1721
1.1721
1.1721
1.1721
1.1721
1.1721
1.1721
1.1721
1.1721
1.1721
1.1721
1.1721
1.1721
1.1721
1.1721
1.1721
0.495284
1.10195
1.1721
1.1721
1.1721
1.1721
1.1721
1.17038
1.1721
1.1721
1.1721
1.1721
1.16768
1.1721
1.1721
1.1721
1.1721
1.1721
1.1721
1.1721
1.1721
1.1721
1.1721
1.1721
1.1721
1.1721
1.1721
1.1721
1.1721
1.1721
1.1721
1.1721
1.1721
1.1721
1.1721
1.1721
1.1721
1.1721
1.1721
1.1721
1.17064
1.1721
1.1721
1.1721
1.1721
1.1721
1.1721
1.1721
1.1721
1.1721
1.1721
1.1721
1.1721
)
;
    }
    top
    {
        type            calculated;
        value           nonuniform List<scalar> 
100
(
1.17014
1.16838
1.16691
1.16589
1.16517
1.1645
1.16389
1.16311
1.16231
1.16142
1.16045
1.15949
1.15867
1.15804
1.15758
1.15727
1.1571
1.15699
1.15621
1.15031
1.13544
1.1185
1.10421
1.09492
1.09139
1.09188
1.10022
1.11563
1.13277
1.14759
1.15592
1.15875
1.15934
1.1594
1.15941
1.15941
1.15939
1.15941
1.15935
1.15928
1.15921
1.15918
1.15908
1.15895
1.15878
1.15865
1.15854
1.15838
1.15824
1.15812
1.15799
1.15792
1.15782
1.15778
1.1577
1.15765
1.15763
1.15762
1.15763
1.15767
1.15771
1.1578
1.15788
1.15798
1.15807
1.15825
1.15834
1.1585
1.15866
1.15879
1.15895
1.15913
1.15936
1.15958
1.15982
1.16003
1.1602
1.16033
1.16046
1.16055
1.16058
1.16059
1.16054
1.16047
1.16043
1.16041
1.16048
1.16067
1.16092
1.16117
1.16157
1.16201
1.16303
1.17197
1.17197
1.17197
1.17197
1.17197
1.17197
1.17197
)
;
    }
    sides
    {
        type            calculated;
        value           nonuniform List<scalar> 
100
(
1.1721
1.1721
1.1721
1.17209
1.17209
1.17209
1.17209
1.17208
1.17208
1.17208
1.17208
1.17207
1.17207
1.17207
1.17207
1.17206
1.17206
1.17206
1.17205
1.17205
1.17205
1.17205
1.17204
1.17204
1.17204
1.17204
1.17203
1.17203
1.17203
1.17203
1.17202
1.17202
1.17202
1.17201
1.17201
1.17201
1.17201
1.172
1.172
1.172
1.172
1.17199
1.17199
1.17199
1.17199
1.17198
1.17198
1.17198
1.17197
1.17197
1.1721
1.1721
1.1721
1.17209
1.17209
1.17209
1.17209
1.17208
1.17208
1.17208
1.17208
1.17207
1.17207
1.17207
1.17207
1.17011
1.17206
1.17206
1.17205
1.17205
1.17205
1.17205
1.17204
1.17204
1.17204
1.17204
1.17203
1.17203
1.17203
1.17203
1.17202
1.17202
1.17202
1.17201
1.17201
1.17201
1.17201
1.172
1.172
1.172
1.172
1.17199
1.17199
1.17199
1.17199
1.17198
1.17198
1.17198
1.17197
1.17197
)
;
    }
    front
    {
        type            empty;
    }
    back
    {
        type            empty;
    }
    roller
    {
        type            calculated;
        value           nonuniform List<scalar> 
144
(
1.16041
1.16035
1.15958
1.15914
1.14892
1.15015
1.15758
1.15126
1.15574
1.1527
1.16008
1.16039
1.16042
1.15978
1.15538
1.15953
1.15923
1.14878
1.15896
1.14876
1.15887
1.15806
1.15
1.15772
1.15047
1.15063
1.15487
1.15473
1.15444
1.15429
1.15397
1.15382
1.16029
1.16031
1.16043
1.16018
1.15767
1.15992
1.15996
1.15971
1.15965
1.15937
1.14877
1.15022
1.15135
1.16026
1.16044
1.15997
1.15824
1.15873
1.15275
1.15322
1.15957
1.15012
1.15929
1.159
1.15779
1.15738
1.15103
1.15679
1.15169
1.15261
1.15466
1.15451
1.1542
1.15405
1.16014
1.15492
1.15406
1.14909
1.14927
1.14967
1.15793
1.15194
1.15208
1.15986
1.1598
1.16005
1.14931
1.15943
1.14884
1.15867
1.14915
1.15858
1.15837
1.14955
1.15828
1.15713
1.15731
1.15659
1.15589
1.156
1.15289
1.15909
1.15116
1.15051
1.14893
1.15908
1.14898
1.14934
1.14975
1.15788
1.15751
1.15074
1.15705
1.1569
1.15647
1.15629
1.15621
1.15563
1.15521
1.15514
1.15319
1.1533
1.16017
1.16023
1.16036
1.15674
1.15624
1.15191
1.14969
1.14883
1.1488
1.1588
1.15871
1.14908
1.15853
1.15843
1.14947
1.15822
1.15813
1.14988
1.15035
1.15091
1.15155
1.15226
1.15237
1.15546
1.15535
1.15499
1.15344
1.15353
1.15372
1.15299
)
;
    }
    burner
    {
        type            calculated;
        value           nonuniform List<scalar> 
14
(
0.223765
0.223765
0.223765
0.223765
0.223765
0.223765
0.223764
0.223765
0.223765
0.223765
0.223765
0.223765
0.223765
0.223764
)
;
    }
}


// ************************************************************************* //
