/*--------------------------------*- C++ -*----------------------------------*\
  =========                 |
  \\      /  F ield         | OpenFOAM: The Open Source CFD Toolbox
   \\    /   O peration     | Website:  https://openfoam.org
    \\  /    A nd           | Version:  dev
     \\/     M anipulation  |
\*---------------------------------------------------------------------------*/
FoamFile
{
    version     2.0;
    format      ascii;
    class       volScalarField;
    location    "2500";
    object      N2;
}
// * * * * * * * * * * * * * * * * * * * * * * * * * * * * * * * * * * * * * //

dimensions      [0 0 0 0 0 0 0];

internalField   nonuniform List<scalar> 
9846
(
0.76699
0.76699
0.76699
0.76699
0.76699
0.76699
0.76699
0.76699
0.76699
0.76699
0.76699
0.76699
0.76699
0.76699
0.76699
0.76699
0.76699
0.76699
0.76699
0.76699
0.76699
0.76699
0.76699
0.76699
0.76699
0.76699
0.76699
0.76699
0.76699
0.76699
0.76699
0.76699
0.76699
0.76699
0.76699
0.76699
0.76699
0.76699
0.76699
0.76699
0.76699
0.76699
0.76699
0.76699
0.76699
0.76699
0.76699
0.76699
0.76699
0.76699
0.76699
0.76699
0.76699
0.76699
0.76699
0.76699
0.76699
0.76699
0.76699
0.76699
0.76699
0.76699
0.76699
0.76699
0.76699
0.76699
0.76699
0.76699
0.76699
0.76699
0.76699
0.76699
0.76699
0.76699
0.76699
0.76699
0.76699
0.76699
0.76699
0.76699
0.76699
0.76699
0.76699
0.76699
0.76699
0.76699
0.76699
0.76699
0.76699
0.76699
0.76699
0.76699
0.76699
0.76699
0.76699
0.76699
0.76699
0.76699
0.76699
0.76699
0.76699
0.76699
0.76699
0.76699
0.76699
0.76699
0.76699
0.76699
0.76699
0.76699
0.76699
0.76699
0.76699
0.76699
0.76699
0.76699
0.76699
0.76699
0.76699
0.76699
0.76699
0.76699
0.76699
0.76699
0.76699
0.76699
0.76699
0.76699
0.76699
0.76699
0.76699
0.76699
0.76699
0.76699
0.76699
0.76699
0.76699
0.76699
0.76699
0.76699
0.76699
0.76699
0.76699
0.76699
0.76699
0.76699
0.76699
0.76699
0.76699
0.76699
0.76699
0.76699
0.76699
0.76699
0.76699
0.76699
0.76699
0.76699
0.76699
0.76699
0.76699
0.76699
0.76699
0.76699
0.76699
0.76699
0.76699
0.76699
0.76699
0.76699
0.76699
0.76699
0.76699
0.76699
0.76699
0.76699
0.76699
0.76699
0.76699
0.76699
0.76699
0.76699
0.76699
0.76699
0.76699
0.76699
0.76699
0.76699
0.76699
0.76699
0.76699
0.76699
0.76699
0.76699
0.76699
0.76699
0.76699
0.76699
0.76699
0.76699
0.76699
0.76699
0.76699
0.76699
0.76699
0.76699
0.76699
0.76699
0.76699
0.76699
0.76699
0.76699
0.76699
0.76699
0.76699
0.76699
0.76699
0.76699
0.76699
0.76699
0.76699
0.76699
0.76699
0.76699
0.76699
0.76699
0.76699
0.76699
0.76699
0.76699
0.76699
0.76699
0.76699
0.76699
0.76699
0.76699
0.76699
0.76699
0.76699
0.76699
0.76699
0.76699
0.76699
0.76699
0.76699
0.76699
0.76699
0.76699
0.76699
0.76699
0.76699
0.76699
0.76699
0.76699
0.76699
0.76699
0.76699
0.76699
0.76699
0.76699
0.76699
0.76699
0.76699
0.76699
0.76699
0.76699
0.76699
0.76699
0.76699
0.76699
0.76699
0.76699
0.76699
0.76699
0.76699
0.76699
0.76699
0.76699
0.76699
0.76699
0.76699
0.76699
0.76699
0.76699
0.76699
0.76699
0.76699
0.76699
0.76699
0.76699
0.76699
0.76699
0.76699
0.76699
0.76699
0.76699
0.76699
0.76699
0.76699
0.76699
0.76699
0.76699
0.76699
0.76699
0.76699
0.76699
0.76699
0.76699
0.76699
0.76699
0.76699
0.76699
0.76699
0.76699
0.76699
0.76699
0.76699
0.76699
0.76699
0.76699
0.76699
0.76699
0.76699
0.76699
0.76699
0.76699
0.76699
0.76699
0.76699
0.76699
0.76699
0.76699
0.76699
0.76699
0.76699
0.76699
0.76699
0.76699
0.76699
0.76699
0.76699
0.76699
0.76699
0.76699
0.76699
0.76699
0.76699
0.76699
0.76699
0.76699
0.76699
0.76699
0.76699
0.76699
0.76699
0.76699
0.76699
0.76699
0.76699
0.76699
0.76699
0.76699
0.76699
0.76699
0.76699
0.76699
0.76699
0.76699
0.76699
0.76699
0.76699
0.76699
0.76699
0.76699
0.76699
0.76699
0.76699
0.76699
0.76699
0.76699
0.76699
0.76699
0.76699
0.76699
0.76699
0.76699
0.76699
0.76699
0.76699
0.76699
0.76699
0.76699
0.76699
0.76699
0.76699
0.76699
0.76699
0.76699
0.76699
0.76699
0.76699
0.76699
0.76699
0.76699
0.76699
0.76699
0.76699
0.76699
0.76699
0.76699
0.76699
0.76699
0.76699
0.76699
0.76699
0.76699
0.76699
0.76699
0.76699
0.76699
0.76699
0.76699
0.76699
0.76699
0.76699
0.76699
0.76699
0.76699
0.76699
0.76699
0.76699
0.76699
0.76699
0.76699
0.76699
0.76699
0.76699
0.76699
0.76699
0.76699
0.76699
0.76699
0.76699
0.76699
0.76699
0.76699
0.76699
0.76699
0.76699
0.76699
0.76699
0.76699
0.76699
0.76699
0.76699
0.76699
0.76699
0.76699
0.76699
0.76699
0.76699
0.76699
0.76699
0.76699
0.76699
0.76699
0.76699
0.76699
0.76699
0.76699
0.76699
0.76699
0.76699
0.76699
0.76699
0.76699
0.76699
0.76699
0.76699
0.76699
0.76699
0.76699
0.76699
0.76699
0.76699
0.76699
0.76699
0.76699
0.76699
0.76699
0.76699
0.76699
0.76699
0.76699
0.76699
0.76699
0.76699
0.76699
0.76699
0.76699
0.76699
0.76699
0.76699
0.76699
0.76699
0.76699
0.76699
0.76699
0.76699
0.76699
0.76699
0.76699
0.76699
0.76699
0.76699
0.76699
0.76699
0.76699
0.76699
0.76699
0.76699
0.76699
0.76699
0.76699
0.76699
0.76699
0.76699
0.76699
0.76699
0.76699
0.76699
0.76699
0.76699
0.76699
0.76699
0.76699
0.76699
0.76699
0.76699
0.76699
0.76699
0.76699
0.76699
0.76699
0.76699
0.76699
0.76699
0.76699
0.76699
0.76699
0.76699
0.76699
0.76699
0.76699
0.76699
0.76699
0.76699
0.76699
0.76699
0.76699
0.76699
0.76699
0.76699
0.76699
0.76699
0.76699
0.76699
0.76699
0.76699
0.76699
0.76699
0.76699
0.76699
0.76699
0.76699
0.76699
0.76699
0.76699
0.76699
0.76699
0.76699
0.76699
0.76699
0.76699
0.76699
0.76699
0.76699
0.76699
0.76699
0.76699
0.76699
0.76699
0.76699
0.76699
0.76699
0.76699
0.76699
0.76699
0.76699
0.76699
0.76699
0.76699
0.76699
0.76699
0.76699
0.76699
0.76699
0.76699
0.76699
0.76699
0.76699
0.76699
0.76699
0.76699
0.76699
0.76699
0.76699
0.76699
0.76699
0.76699
0.76699
0.76699
0.76699
0.76699
0.76699
0.76699
0.76699
0.76699
0.76699
0.76699
0.76699
0.76699
0.76699
0.76699
0.76699
0.76699
0.76699
0.76699
0.76699
0.76699
0.76699
0.76699
0.76699
0.76699
0.76699
0.76699
0.76699
0.76699
0.76699
0.76699
0.76699
0.76699
0.76699
0.76699
0.766989
0.766989
0.766989
0.766989
0.766989
0.766989
0.766989
0.76699
0.76699
0.76699
0.76699
0.76699
0.76699
0.76699
0.76699
0.76699
0.76699
0.76699
0.76699
0.76699
0.76699
0.76699
0.76699
0.76699
0.76699
0.76699
0.76699
0.76699
0.76699
0.76699
0.76699
0.76699
0.76699
0.76699
0.76699
0.76699
0.76699
0.76699
0.76699
0.766989
0.766989
0.766987
0.766986
0.766985
0.766985
0.766985
0.766986
0.766986
0.766987
0.766988
0.766989
0.766989
0.76699
0.76699
0.76699
0.76699
0.76699
0.76699
0.76699
0.76699
0.76699
0.76699
0.76699
0.76699
0.76699
0.76699
0.76699
0.76699
0.76699
0.76699
0.76699
0.76699
0.76699
0.76699
0.76699
0.76699
0.76699
0.76699
0.76699
0.76699
0.76699
0.766988
0.766986
0.766981
0.766975
0.76697
0.766967
0.766967
0.76697
0.766973
0.766977
0.76698
0.766982
0.766985
0.76699
0.766988
0.76699
0.76699
0.76699
0.76699
0.76699
0.76699
0.76699
0.76699
0.76699
0.76699
0.76699
0.76699
0.76699
0.76699
0.76699
0.76699
0.76699
0.76699
0.76699
0.76699
0.76699
0.76699
0.76699
0.76699
0.76699
0.76699
0.76699
0.76699
0.766989
0.766987
0.76698
0.766967
0.766949
0.766933
0.766923
0.76692
0.766924
0.766933
0.766942
0.76695
0.766956
0.766963
0.766985
0.766975
0.766989
0.766986
0.76699
0.766989
0.76699
0.76699
0.76699
0.76699
0.76699
0.76699
0.76699
0.76699
0.76699
0.76699
0.76699
0.76699
0.76699
0.76699
0.76699
0.76699
0.76699
0.76699
0.76699
0.76699
0.76699
0.76699
0.76699
0.76699
0.76699
0.76699
0.766989
0.766984
0.766972
0.766946
0.766914
0.766882
0.766859
0.766846
0.766844
0.766849
0.76686
0.766874
0.766886
0.766893
0.766948
0.766891
0.766977
0.766952
0.766987
0.766979
0.766989
0.766987
0.766989
0.76699
0.76699
0.76699
0.76699
0.76699
0.76699
0.76699
0.76699
0.76699
0.76699
0.76699
0.76699
0.76699
0.76699
0.76699
0.76699
0.76699
0.76699
0.76699
0.76699
0.76699
0.76699
0.76699
0.76699
0.76699
0.766988
0.766982
0.766962
0.766925
0.766876
0.766832
0.766796
0.76677
0.766753
0.766745
0.766745
0.76675
0.766761
0.766765
0.766833
0.766756
0.766899
0.766831
0.766956
0.766902
0.76698
0.766958
0.766988
0.766981
0.766988
0.76699
0.766989
0.766989
0.76699
0.76699
0.76699
0.76699
0.76699
0.76699
0.76699
0.76699
0.76699
0.76699
0.76699
0.76699
0.76699
0.76699
0.76699
0.76699
0.76699
0.76699
0.76699
0.76699
0.76699
0.76699
0.766988
0.76698
0.766953
0.766904
0.766844
0.766782
0.766736
0.7667
0.766672
0.76665
0.766632
0.766618
0.76661
0.766613
0.766688
0.766601
0.766756
0.766675
0.766831
0.76675
0.766905
0.766829
0.766961
0.766909
0.766983
0.766965
0.766985
0.76699
0.766986
0.766988
0.76699
0.76699
0.76699
0.76699
0.76699
0.76699
0.76699
0.76699
0.76699
0.76699
0.76699
0.76699
0.76699
0.76699
0.76699
0.76699
0.76699
0.76699
0.76699
0.76699
0.76699
0.76699
0.766988
0.766979
0.766948
0.766888
0.766813
0.766749
0.766702
0.766667
0.766635
0.766604
0.76657
0.766534
0.766497
0.766468
0.766531
0.76645
0.766592
0.766509
0.766663
0.766574
0.766742
0.766648
0.766826
0.766731
0.766916
0.766825
0.76697
0.766926
0.766975
0.766989
0.76698
0.766984
0.76699
0.766989
0.76699
0.76699
0.76699
0.76699
0.76699
0.76699
0.76699
0.76699
0.76699
0.76699
0.76699
0.76699
0.76699
0.76699
0.76699
0.76699
0.76699
0.76699
0.76699
0.76699
0.766988
0.766979
0.766946
0.766878
0.766795
0.766734
0.766698
0.76667
0.766641
0.766609
0.766569
0.766523
0.766465
0.766393
0.766393
0.766336
0.76643
0.76636
0.766485
0.7664
0.766551
0.766454
0.766627
0.766521
0.766719
0.766604
0.766829
0.766709
0.766937
0.766841
0.766949
0.766987
0.766961
0.766972
0.76699
0.766989
0.76699
0.76699
0.76699
0.76699
0.76699
0.76699
0.76699
0.76699
0.76699
0.76699
0.76699
0.76699
0.76699
0.76699
0.76699
0.76699
0.76699
0.76699
0.76699
0.76699
0.766989
0.76698
0.766947
0.766874
0.766787
0.766736
0.766706
0.766685
0.766665
0.76664
0.766602
0.766549
0.766477
0.766386
0.766305
0.766292
0.7663
0.766254
0.766323
0.766256
0.766361
0.766277
0.766415
0.766314
0.766485
0.76637
0.766579
0.766447
0.766705
0.766558
0.766861
0.766711
0.76689
0.766981
0.766917
0.766944
0.76699
0.766986
0.76699
0.76699
0.76699
0.76699
0.76699
0.76699
0.76699
0.76699
0.76699
0.76699
0.76699
0.76699
0.76699
0.76699
0.76699
0.76699
0.76699
0.76699
0.76699
0.76699
0.766989
0.766982
0.766948
0.766875
0.76679
0.766745
0.766723
0.766718
0.766725
0.766725
0.766698
0.766639
0.76655
0.766423
0.766261
0.76623
0.766203
0.766202
0.766162
0.766204
0.766142
0.766223
0.766144
0.766261
0.766164
0.76632
0.766204
0.766409
0.76627
0.766543
0.766376
0.76673
0.76654
0.766767
0.766966
0.766821
0.766878
0.766989
0.76698
0.76699
0.76699
0.76699
0.76699
0.76699
0.76699
0.76699
0.76699
0.76699
0.76699
0.76699
0.76699
0.76699
0.76699
0.76699
0.76699
0.76699
0.76699
0.76699
0.76699
0.766989
0.766984
0.766953
0.766879
0.766798
0.766761
0.766747
0.766765
0.766809
0.766811
0.766774
0.766724
0.766652
0.766539
0.766343
0.76613
0.76614
0.766137
0.76613
0.766095
0.766059
0.766079
0.766026
0.766083
0.766017
0.766105
0.766026
0.766149
0.766052
0.766225
0.766101
0.766353
0.766189
0.766555
0.766345
0.766588
0.766928
0.766652
0.766745
0.766987
0.766964
0.76699
0.76699
0.76699
0.76699
0.76699
0.76699
0.76699
0.76699
0.76699
0.76699
0.76699
0.76699
0.76699
0.76699
0.76699
0.76699
0.76699
0.76699
0.76699
0.76699
0.76699
0.766986
0.766961
0.766889
0.766811
0.766777
0.766773
0.766817
0.766878
0.766871
0.766829
0.766772
0.766692
0.766572
0.766389
0.766155
0.766173
0.766029
0.766032
0.766038
0.76603
0.765987
0.765961
0.765967
0.765935
0.765968
0.76593
0.76598
0.765931
0.766008
0.765943
0.766062
0.765973
0.766167
0.766035
0.766355
0.76616
0.766387
0.766848
0.766449
0.766554
0.766983
0.766926
0.76699
0.766989
0.76699
0.76699
0.76699
0.76699
0.76699
0.76699
0.76699
0.76699
0.76699
0.76699
0.76699
0.76699
0.76699
0.76699
0.76699
0.76699
0.76699
0.76699
0.76699
0.766988
0.76697
0.766905
0.766825
0.766794
0.7668
0.766862
0.766922
0.766918
0.766873
0.766787
0.766671
0.76654
0.766366
0.766177
0.766178
0.76604
0.766047
0.765946
0.765953
0.765947
0.765944
0.765917
0.765908
0.765907
0.765894
0.765901
0.765885
0.765902
0.765877
0.765913
0.765874
0.765946
0.765885
0.76602
0.765924
0.766171
0.766017
0.766202
0.766701
0.766263
0.766364
0.766973
0.766854
0.76699
0.766988
0.76699
0.76699
0.76699
0.76699
0.76699
0.76699
0.76699
0.76699
0.76699
0.76699
0.76699
0.76699
0.76699
0.76699
0.76699
0.76699
0.76699
0.76699
0.76699
0.766989
0.766978
0.766923
0.76684
0.766809
0.766823
0.766897
0.766948
0.766949
0.766917
0.766811
0.766653
0.766459
0.766283
0.766124
0.766053
0.766051
0.765966
0.765982
0.765918
0.765931
0.765907
0.76591
0.765891
0.765893
0.765879
0.765881
0.765864
0.765862
0.765849
0.765836
0.765842
0.765813
0.765855
0.765803
0.765909
0.765826
0.766027
0.765902
0.766054
0.766519
0.766108
0.766199
0.76695
0.766733
0.76699
0.766982
0.76699
0.76699
0.76699
0.76699
0.76699
0.76699
0.76699
0.76699
0.76699
0.76699
0.76699
0.76699
0.76699
0.76699
0.76699
0.76699
0.76699
0.76699
0.76699
0.766983
0.766941
0.766857
0.766822
0.76684
0.76692
0.766961
0.766967
0.76695
0.766879
0.766716
0.766506
0.766316
0.766165
0.766056
0.7661
0.766002
0.766024
0.765949
0.765972
0.765923
0.765945
0.765898
0.765907
0.765886
0.765897
0.765866
0.765877
0.765835
0.76584
0.765795
0.765791
0.765764
0.765743
0.765758
0.765717
0.765801
0.765719
0.765905
0.765785
0.765927
0.766341
0.765973
0.766051
0.766886
0.766532
0.76699
0.766973
0.76699
0.76699
0.76699
0.76699
0.76699
0.76699
0.76699
0.76699
0.76699
0.76699
0.76699
0.76699
0.76699
0.76699
0.76699
0.76699
0.76699
0.76699
0.766987
0.766958
0.766878
0.766833
0.766848
0.766931
0.766967
0.766974
0.766968
0.766937
0.766856
0.766687
0.76646
0.766286
0.766154
0.766234
0.766096
0.766171
0.766002
0.766041
0.765975
0.766014
0.765971
0.766009
0.765915
0.76594
0.765899
0.765928
0.765855
0.765881
0.765796
0.765811
0.765738
0.765746
0.765706
0.76571
0.765688
0.765688
0.765689
0.765666
0.765782
0.765669
0.765797
0.766166
0.765837
0.765884
0.766001
0.766786
0.766336
0.766989
0.766952
0.76699
0.76699
0.76699
0.76699
0.76699
0.76699
0.76699
0.76699
0.76699
0.76699
0.76699
0.76699
0.76699
0.76699
0.76699
0.76699
0.76699
0.766988
0.766972
0.766904
0.766844
0.766853
0.766931
0.766968
0.766976
0.766975
0.766966
0.766933
0.766855
0.766726
0.766584
0.766557
0.766265
0.766424
0.766217
0.766324
0.766065
0.766132
0.766057
0.766118
0.766054
0.766111
0.765963
0.766005
0.765919
0.765966
0.765841
0.765882
0.765763
0.765792
0.765721
0.76574
0.765705
0.765735
0.765689
0.765744
0.765646
0.765704
0.765657
0.765634
0.765632
0.765737
0.765661
0.765927
0.766116
0.765977
0.765781
0.765686
0.765671
0.765811
0.766612
0.766035
0.76611
0.766282
0.766981
0.766854
0.76699
0.76699
0.76699
0.76699
0.76699
0.76699
0.76699
0.76699
0.76699
0.76699
0.76699
0.76699
0.76699
0.76699
0.76699
0.76699
0.766989
0.766981
0.766931
0.766857
0.766853
0.766928
0.766966
0.766975
0.766976
0.766975
0.766967
0.766942
0.766897
0.766855
0.766855
0.766738
0.766888
0.766451
0.766602
0.766396
0.766524
0.766194
0.766287
0.766179
0.766262
0.766145
0.76622
0.766019
0.766079
0.76593
0.765988
0.765832
0.76588
0.765767
0.765803
0.765768
0.765801
0.765813
0.765868
0.76583
0.765866
0.765922
0.765666
0.765733
0.765901
0.765808
0.765625
0.76562
0.765615
0.765659
0.765616
0.76585
0.765894
0.765709
0.765628
0.765619
0.765738
0.766188
0.76652
0.766309
0.765947
0.766009
0.766836
0.76637
0.766537
0.766752
0.76699
0.76699
0.76699
0.76699
0.76699
0.76699
0.76699
0.76699
0.76699
0.76699
0.76699
0.76699
0.76699
0.76699
0.76699
0.76699
0.766986
0.766954
0.766878
0.766853
0.766919
0.766959
0.766971
0.766974
0.766975
0.766976
0.766974
0.766967
0.766959
0.766959
0.76697
0.766892
0.766951
0.766665
0.7668
0.766592
0.766712
0.766359
0.766469
0.766305
0.766398
0.766198
0.766279
0.766052
0.766122
0.765937
0.766
0.765849
0.7659
0.765836
0.765878
0.765908
0.765935
0.765957
0.765988
0.766004
0.766015
0.765977
0.76605
0.76599
0.766029
0.76573
0.765825
0.766025
0.765928
0.765648
0.765603
0.765634
0.765725
0.765596
0.765771
0.765809
0.765644
0.765593
0.765593
0.765665
0.766078
0.766157
0.765854
0.765905
0.766496
0.766413
0.766379
0.766194
0.766255
0.76699
0.76699
0.76699
0.76699
0.76699
0.76699
0.76699
0.76699
0.76699
0.76699
0.76699
0.76699
0.76699
0.76699
0.76699
0.766987
0.766971
0.766905
0.766855
0.766899
0.766948
0.766961
0.766966
0.76697
0.766976
0.766981
0.766984
0.766984
0.766984
0.766986
0.76698
0.766988
0.766944
0.76697
0.766816
0.766896
0.7667
0.76679
0.766498
0.7666
0.766366
0.766455
0.766214
0.766293
0.766067
0.766138
0.765957
0.766017
0.765923
0.765969
0.765954
0.765969
0.766014
0.766008
0.765998
0.765986
0.766056
0.76607
0.766068
0.766055
0.7661
0.766148
0.766094
0.766116
0.765832
0.76595
0.766143
0.76606
0.765713
0.765618
0.765694
0.765829
0.765602
0.765692
0.765723
0.765597
0.76559
0.76558
0.765606
0.76596
0.76601
0.76576
0.765802
0.766164
0.766223
0.766054
0.76602
0.766037
0.76699
0.76699
0.76699
0.76699
0.76699
0.76699
0.76699
0.76699
0.76699
0.76699
0.76699
0.76699
0.76699
0.76699
0.766989
0.766981
0.766935
0.766865
0.76688
0.766936
0.766947
0.766946
0.766951
0.766965
0.766977
0.766985
0.766988
0.766989
0.766989
0.766989
0.766985
0.766988
0.766958
0.766976
0.766867
0.766923
0.766723
0.766802
0.766548
0.766639
0.766374
0.766455
0.766211
0.766281
0.766079
0.766144
0.766017
0.766068
0.765984
0.766014
0.765977
0.765967
0.765962
0.765957
0.766036
0.766013
0.765988
0.76596
0.766117
0.766102
0.766077
0.766043
0.766185
0.766159
0.766191
0.766151
0.76596
0.766083
0.766211
0.766173
0.765814
0.76567
0.765789
0.765956
0.765644
0.765619
0.765641
0.765575
0.765618
0.765594
0.765572
0.765846
0.765883
0.76567
0.765707
0.765966
0.766412
0.76604
0.765891
0.7659
0.76699
0.76699
0.76699
0.76699
0.76699
0.76699
0.76699
0.76699
0.76699
0.76699
0.76699
0.76699
0.76699
0.76699
0.766986
0.766959
0.766889
0.766872
0.766918
0.766935
0.766926
0.766922
0.766935
0.76696
0.766979
0.766987
0.766989
0.76699
0.76699
0.766989
0.76699
0.766986
0.766989
0.766963
0.766979
0.766875
0.76693
0.766695
0.766789
0.766534
0.766611
0.766352
0.766425
0.766238
0.766302
0.766122
0.766179
0.766055
0.766103
0.765933
0.765948
0.765934
0.76591
0.765892
0.765887
0.766001
0.765956
0.765909
0.765863
0.766122
0.766081
0.766028
0.765967
0.766212
0.76617
0.766181
0.766128
0.766091
0.766191
0.766224
0.766226
0.765938
0.765757
0.765908
0.766084
0.765719
0.765571
0.765577
0.765573
0.765678
0.765637
0.765557
0.765747
0.765782
0.765592
0.765621
0.765882
0.766755
0.766187
0.765793
0.765804
0.76699
0.76699
0.76699
0.76699
0.76699
0.76699
0.76699
0.76699
0.76699
0.76699
0.76699
0.76699
0.76699
0.766987
0.766975
0.76692
0.766873
0.766895
0.766925
0.766911
0.766897
0.766901
0.766922
0.766956
0.766979
0.766988
0.76699
0.76699
0.76699
0.76699
0.76699
0.766988
0.766989
0.76697
0.766983
0.766875
0.766937
0.766692
0.766802
0.766504
0.766592
0.766372
0.766448
0.766303
0.766382
0.766161
0.766228
0.765991
0.766054
0.765725
0.765726
0.765763
0.765739
0.76582
0.765783
0.765755
0.765735
0.765902
0.765836
0.765772
0.765713
0.766067
0.765998
0.76592
0.765838
0.766182
0.766122
0.766114
0.766048
0.766195
0.766233
0.766185
0.76623
0.766063
0.765868
0.766029
0.766187
0.765819
0.765546
0.765538
0.7656
0.765767
0.76571
0.765566
0.765657
0.765688
0.765537
0.765543
0.76588
0.766822
0.766309
0.76571
0.765741
0.76699
0.76699
0.76699
0.76699
0.76699
0.76699
0.76699
0.76699
0.76699
0.76699
0.76699
0.76699
0.766989
0.766983
0.766949
0.766881
0.766881
0.766912
0.766904
0.766878
0.766871
0.766883
0.766915
0.766955
0.766981
0.766989
0.76699
0.76699
0.76699
0.76699
0.76699
0.76699
0.766989
0.76699
0.76698
0.766987
0.766898
0.766957
0.766749
0.766864
0.766534
0.766635
0.766466
0.766556
0.766319
0.766419
0.766133
0.766223
0.765794
0.765832
0.765857
0.765576
0.765583
0.765636
0.765605
0.765662
0.765622
0.765593
0.765578
0.765756
0.765677
0.765607
0.765547
0.765962
0.765868
0.765772
0.765678
0.766109
0.766026
0.766006
0.765925
0.766233
0.766232
0.766107
0.766189
0.766166
0.765983
0.766132
0.766227
0.765928
0.765534
0.765513
0.765651
0.765865
0.765793
0.765593
0.765568
0.765603
0.765497
0.765486
0.765909
0.766915
0.766447
0.76564
0.765701
0.76699
0.76699
0.76699
0.76699
0.76699
0.76699
0.76699
0.76699
0.76699
0.76699
0.76699
0.76699
0.766987
0.766969
0.766907
0.766879
0.766894
0.766899
0.766869
0.766848
0.76685
0.766873
0.766913
0.766959
0.766984
0.766989
0.76699
0.76699
0.76699
0.76699
0.76699
0.76699
0.76699
0.76699
0.766986
0.766989
0.766944
0.766976
0.76686
0.766934
0.766653
0.766758
0.766524
0.766632
0.766233
0.766369
0.76597
0.766096
0.765676
0.765726
0.76571
0.765769
0.765462
0.765491
0.765573
0.76553
0.7655
0.765468
0.765451
0.76545
0.765591
0.765515
0.765451
0.765402
0.765818
0.765711
0.76561
0.765518
0.765993
0.765892
0.765865
0.765773
0.766233
0.766197
0.76599
0.766113
0.766216
0.766082
0.766193
0.766231
0.766022
0.765541
0.765496
0.765716
0.765948
0.765865
0.765637
0.76549
0.765523
0.765464
0.76544
0.765933
0.766935
0.766465
0.765575
0.765663
0.76699
0.76699
0.76699
0.76699
0.76699
0.76699
0.76699
0.76699
0.76699
0.76699
0.76699
0.766988
0.76698
0.766941
0.766884
0.766883
0.76689
0.766868
0.766835
0.766823
0.766834
0.766868
0.766915
0.766967
0.766987
0.76699
0.76699
0.76699
0.76699
0.76699
0.76699
0.76699
0.76699
0.76699
0.76699
0.766987
0.766989
0.76697
0.766983
0.766908
0.766955
0.766738
0.766833
0.766504
0.76663
0.766077
0.766219
0.765815
0.76588
0.765946
0.765618
0.765664
0.765707
0.765753
0.76542
0.765469
0.76557
0.765519
0.765369
0.765355
0.765357
0.76538
0.765439
0.765375
0.765328
0.765297
0.765657
0.76555
0.765456
0.765377
0.76585
0.765735
0.765707
0.76561
0.766207
0.766131
0.765854
0.766005
0.766223
0.766149
0.766206
0.766218
0.766081
0.765556
0.765486
0.765773
0.766
0.765906
0.765672
0.765427
0.765448
0.765435
0.765399
0.765912
0.766898
0.76639
0.76551
0.765609
0.76699
0.76699
0.76699
0.76699
0.76699
0.76699
0.76699
0.76699
0.76699
0.76699
0.766989
0.766986
0.766965
0.766903
0.766882
0.766881
0.766869
0.766833
0.766806
0.766803
0.766826
0.766868
0.766926
0.766975
0.766989
0.76699
0.76699
0.76699
0.76699
0.76699
0.76699
0.76699
0.76699
0.76699
0.76699
0.766988
0.766989
0.766976
0.766984
0.766911
0.766955
0.766743
0.766838
0.766368
0.766515
0.766017
0.766078
0.76617
0.7658
0.765853
0.765965
0.765916
0.765618
0.765663
0.765757
0.765792
0.765418
0.765485
0.765622
0.765557
0.765285
0.765288
0.765314
0.76536
0.765316
0.76527
0.76524
0.765228
0.765498
0.765402
0.765323
0.765263
0.765695
0.765571
0.765545
0.765453
0.76616
0.766046
0.76572
0.765893
0.766214
0.766167
0.766194
0.766184
0.766098
0.765567
0.765476
0.765797
0.766009
0.765905
0.765679
0.765372
0.765378
0.765403
0.765354
0.76584
0.766428
0.765982
0.76544
0.765521
0.76699
0.76699
0.76699
0.76699
0.76699
0.76699
0.76699
0.76699
0.76699
0.76699
0.766987
0.766978
0.766937
0.766886
0.766878
0.76687
0.766836
0.766802
0.766782
0.76679
0.766823
0.766876
0.766942
0.766983
0.76699
0.76699
0.76699
0.76699
0.76699
0.76699
0.76699
0.76699
0.76699
0.76699
0.76699
0.76699
0.766988
0.766989
0.766976
0.766984
0.766874
0.766942
0.766651
0.766772
0.766307
0.766453
0.766048
0.766098
0.766216
0.76627
0.765828
0.765869
0.766004
0.765966
0.765676
0.76572
0.765857
0.76588
0.765443
0.765537
0.765717
0.765634
0.765231
0.765257
0.765302
0.765363
0.765218
0.765188
0.765177
0.76518
0.765353
0.765275
0.765216
0.765172
0.765551
0.765416
0.765401
0.765311
0.766093
0.765952
0.765592
0.765777
0.76619
0.766153
0.766164
0.76613
0.766085
0.765561
0.765454
0.76579
0.765995
0.765883
0.765664
0.76532
0.765317
0.76536
0.765304
0.765611
0.765814
0.765623
0.76537
0.765435
0.76699
0.76699
0.76699
0.76699
0.76699
0.76699
0.76699
0.76699
0.76699
0.766989
0.766985
0.766963
0.766905
0.76688
0.76687
0.766843
0.766803
0.766774
0.766765
0.766785
0.766827
0.766891
0.76696
0.766987
0.76699
0.76699
0.76699
0.76699
0.76699
0.76699
0.76699
0.76699
0.76699
0.76699
0.76699
0.76699
0.766988
0.766989
0.766972
0.766984
0.766859
0.766939
0.766597
0.766735
0.766324
0.76639
0.766504
0.766128
0.766169
0.766321
0.76636
0.765904
0.765932
0.766093
0.766065
0.765782
0.765826
0.765988
0.766006
0.76548
0.765593
0.765823
0.765713
0.765206
0.765247
0.765305
0.765383
0.765143
0.765135
0.765139
0.765162
0.765231
0.765173
0.765132
0.765106
0.765421
0.765282
0.765281
0.765195
0.76601
0.765844
0.765466
0.765655
0.766132
0.766111
0.766103
0.76604
0.766041
0.765533
0.765404
0.765752
0.765936
0.765799
0.765607
0.765269
0.765264
0.765307
0.765254
0.765476
0.765736
0.76546
0.765299
0.765352
0.76699
0.76699
0.76699
0.76699
0.76699
0.76699
0.76699
0.76699
0.76699
0.766987
0.766977
0.766937
0.766887
0.766872
0.766852
0.76681
0.766774
0.766752
0.766755
0.766784
0.766839
0.766913
0.766977
0.766989
0.76699
0.76699
0.76699
0.76699
0.76699
0.76699
0.76699
0.76699
0.76699
0.76699
0.76699
0.76699
0.766988
0.766989
0.766971
0.766984
0.766881
0.766948
0.766637
0.766765
0.766404
0.766451
0.766671
0.766615
0.766256
0.766286
0.76647
0.766498
0.766022
0.766042
0.766231
0.766211
0.765908
0.765958
0.766136
0.766158
0.765528
0.765657
0.765921
0.765793
0.765199
0.765251
0.765324
0.765415
0.7651
0.765104
0.765124
0.765157
0.765134
0.765097
0.765077
0.765072
0.765302
0.765177
0.765176
0.765109
0.765898
0.76572
0.765341
0.765526
0.766046
0.766048
0.766021
0.765939
0.765949
0.765462
0.765338
0.765641
0.765809
0.765647
0.765496
0.765224
0.765215
0.765255
0.765209
0.765365
0.765934
0.765457
0.765237
0.765282
0.76699
0.76699
0.76699
0.76699
0.76699
0.76699
0.76699
0.76699
0.766988
0.766985
0.766963
0.76691
0.766876
0.766858
0.766824
0.76678
0.76675
0.766736
0.766751
0.766792
0.766859
0.76694
0.766985
0.76699
0.76699
0.76699
0.76699
0.76699
0.76699
0.76699
0.76699
0.76699
0.76699
0.76699
0.76699
0.76699
0.76699
0.766988
0.766989
0.766975
0.766985
0.766931
0.766966
0.766772
0.766858
0.766532
0.766571
0.766745
0.766719
0.766423
0.766445
0.766636
0.766654
0.766176
0.766194
0.766403
0.766385
0.766026
0.766096
0.766275
0.766314
0.765582
0.765724
0.766018
0.765875
0.765203
0.765267
0.765352
0.765456
0.765076
0.765092
0.76512
0.765161
0.765067
0.765052
0.765048
0.76505
0.765188
0.76509
0.76508
0.765047
0.765788
0.765601
0.765198
0.765395
0.765948
0.765933
0.765874
0.765818
0.765797
0.765377
0.765276
0.765505
0.765639
0.765495
0.765393
0.765183
0.765175
0.765207
0.765168
0.765322
0.766271
0.765591
0.765183
0.76523
0.76699
0.76699
0.76699
0.76699
0.76699
0.76699
0.76699
0.766989
0.766987
0.766978
0.766942
0.766889
0.766864
0.766838
0.766794
0.766754
0.76673
0.766727
0.766753
0.766808
0.766887
0.766968
0.766988
0.76699
0.76699
0.76699
0.76699
0.76699
0.76699
0.76699
0.76699
0.76699
0.76699
0.76699
0.76699
0.76699
0.76699
0.766988
0.766989
0.76698
0.766986
0.766969
0.766981
0.766874
0.766906
0.766947
0.766674
0.766696
0.766855
0.766838
0.766599
0.766619
0.766784
0.766799
0.766343
0.766366
0.766577
0.766552
0.766136
0.766219
0.766397
0.766448
0.765635
0.765791
0.766112
0.765956
0.765216
0.765289
0.765382
0.765497
0.765063
0.765088
0.765124
0.765171
0.765029
0.765024
0.765026
0.765039
0.765071
0.76503
0.765012
0.76501
0.765633
0.765409
0.765055
0.765186
0.765754
0.765742
0.765629
0.765574
0.76559
0.765301
0.765221
0.765391
0.765468
0.765371
0.765306
0.765149
0.765139
0.765169
0.765133
0.765346
0.766861
0.766091
0.765148
0.765227
0.76699
0.76699
0.76699
0.76699
0.76699
0.76699
0.76699
0.766988
0.766985
0.766966
0.766919
0.766875
0.766848
0.766813
0.766766
0.766732
0.766716
0.766725
0.766764
0.766833
0.766922
0.766982
0.76699
0.76699
0.76699
0.76699
0.76699
0.76699
0.76699
0.76699
0.76699
0.76699
0.76699
0.76699
0.76699
0.76699
0.76699
0.766989
0.76699
0.766986
0.766988
0.766981
0.766986
0.766922
0.766935
0.766975
0.766964
0.766812
0.766824
0.766908
0.766893
0.766741
0.766764
0.766839
0.766852
0.76649
0.766524
0.766716
0.766686
0.766241
0.766332
0.766505
0.766561
0.765673
0.765841
0.7662
0.766022
0.765233
0.765311
0.76541
0.765528
0.765061
0.765092
0.765133
0.765184
0.765005
0.765005
0.765018
0.76504
0.765013
0.764996
0.764996
0.76499
0.765363
0.765168
0.765026
0.765065
0.765472
0.76549
0.765372
0.765311
0.765398
0.765241
0.765188
0.765319
0.765353
0.765316
0.765269
0.765117
0.765115
0.765134
0.765105
0.76546
0.766967
0.766596
0.765139
0.765243
0.76699
0.76699
0.76699
0.76699
0.76699
0.76699
0.766989
0.766987
0.766979
0.766948
0.766899
0.76686
0.766828
0.766786
0.766741
0.766715
0.766708
0.76673
0.766784
0.766867
0.766958
0.766988
0.76699
0.76699
0.76699
0.76699
0.76699
0.76699
0.76699
0.76699
0.76699
0.76699
0.76699
0.76699
0.76699
0.76699
0.76699
0.76699
0.76699
0.76699
0.766988
0.766989
0.766976
0.766981
0.766985
0.766987
0.766934
0.76695
0.766965
0.766866
0.766879
0.766916
0.766896
0.766808
0.766824
0.766837
0.766849
0.76661
0.766652
0.766789
0.766767
0.76634
0.766436
0.766596
0.766649
0.765682
0.765856
0.766247
0.766048
0.765248
0.765326
0.765423
0.76554
0.765067
0.765102
0.765144
0.765195
0.764989
0.765
0.765022
0.765048
0.765005
0.764978
0.764978
0.764978
0.765166
0.765098
0.765037
0.765069
0.765271
0.765332
0.765266
0.765191
0.765311
0.765218
0.765154
0.765271
0.765296
0.765269
0.765236
0.765101
0.765106
0.765111
0.765095
0.765733
0.766985
0.766777
0.765141
0.765306
0.76699
0.76699
0.76699
0.76699
0.76699
0.76699
0.766988
0.766985
0.766969
0.766929
0.766881
0.766843
0.766806
0.76676
0.766721
0.766703
0.766707
0.766744
0.766814
0.766908
0.76698
0.766989
0.76699
0.76699
0.76699
0.76699
0.76699
0.76699
0.76699
0.76699
0.76699
0.76699
0.76699
0.76699
0.76699
0.76699
0.76699
0.76699
0.76699
0.76699
0.766989
0.766989
0.76697
0.766974
0.766983
0.766988
0.766985
0.766917
0.766945
0.766947
0.766862
0.766878
0.766883
0.766847
0.766815
0.766825
0.766772
0.766782
0.766697
0.766737
0.766801
0.766785
0.766417
0.766534
0.766658
0.766698
0.765674
0.765853
0.766255
0.766047
0.765257
0.765331
0.765424
0.765539
0.765076
0.76511
0.765149
0.765197
0.764986
0.765011
0.765034
0.765062
0.764944
0.764974
0.764942
0.764962
0.765158
0.765113
0.764955
0.764967
0.765239
0.765295
0.765254
0.7652
0.765285
0.765191
0.76514
0.765246
0.765269
0.765241
0.765208
0.76509
0.765099
0.765098
0.765072
0.765906
0.766989
0.766921
0.765151
0.765416
0.76699
0.76699
0.76699
0.76699
0.76699
0.766989
0.766987
0.766981
0.766955
0.76691
0.766864
0.766825
0.766783
0.766737
0.766706
0.766696
0.766714
0.766768
0.766853
0.766952
0.766987
0.76699
0.76699
0.76699
0.76699
0.76699
0.76699
0.76699
0.76699
0.76699
0.76699
0.76699
0.76699
0.76699
0.76699
0.76699
0.76699
0.76699
0.76699
0.76699
0.766989
0.76699
0.766952
0.76696
0.766978
0.766987
0.766982
0.766857
0.766908
0.766906
0.766796
0.766818
0.766798
0.766743
0.766769
0.76677
0.766639
0.76665
0.766732
0.76676
0.766764
0.766756
0.766443
0.766589
0.766665
0.766703
0.765633
0.765809
0.766225
0.766002
0.765256
0.765327
0.765407
0.765515
0.765087
0.765111
0.765145
0.765181
0.764961
0.764973
0.764997
0.765005
0.764916
0.764948
0.764917
0.764951
0.765004
0.764985
0.764918
0.764921
0.765048
0.765275
0.765065
0.765034
0.765266
0.765165
0.765106
0.7652
0.765242
0.765211
0.765162
0.765079
0.765099
0.765069
0.765052
0.76626
0.766961
0.766955
0.76518
0.765514
0.76699
0.76699
0.76699
0.76699
0.76699
0.766988
0.766986
0.766973
0.76694
0.766892
0.766847
0.766805
0.76676
0.766717
0.766695
0.766696
0.766731
0.766802
0.7669
0.766979
0.766989
0.76699
0.76699
0.76699
0.76699
0.76699
0.76699
0.76699
0.76699
0.76699
0.76699
0.76699
0.76699
0.76699
0.76699
0.76699
0.76699
0.76699
0.76699
0.76699
0.766988
0.766989
0.766918
0.766939
0.76697
0.766985
0.766978
0.766764
0.766841
0.766848
0.766669
0.766701
0.766683
0.76661
0.766643
0.766639
0.766448
0.766469
0.766728
0.766743
0.766648
0.766651
0.766424
0.766597
0.766617
0.766648
0.765559
0.765682
0.766094
0.765868
0.765221
0.765317
0.765378
0.765458
0.765022
0.765039
0.765057
0.765075
0.764932
0.764938
0.764953
0.764955
0.764897
0.764924
0.764898
0.764926
0.764936
0.764929
0.764897
0.764897
0.764957
0.765078
0.764969
0.764949
0.765087
0.765114
0.765086
0.765175
0.765095
0.765086
0.765132
0.765063
0.765101
0.765046
0.765033
0.766547
0.761838
0.766897
0.765206
0.765717
0.76699
0.76699
0.76699
0.76699
0.766989
0.766987
0.766983
0.766963
0.766923
0.766874
0.766829
0.766785
0.766739
0.766701
0.766689
0.766705
0.766758
0.766846
0.766951
0.766987
0.76699
0.76699
0.76699
0.76699
0.76699
0.76699
0.76699
0.76699
0.76699
0.76699
0.76699
0.76699
0.76699
0.76699
0.76699
0.76699
0.76699
0.76699
0.76699
0.76699
0.76699
0.766986
0.766984
0.766989
0.766989
0.766875
0.766913
0.766959
0.766974
0.766664
0.766761
0.766788
0.766502
0.766549
0.766564
0.766471
0.766447
0.766444
0.766219
0.766259
0.766657
0.766656
0.766457
0.76647
0.766313
0.76653
0.76645
0.766493
0.765457
0.765532
0.76583
0.765636
0.765116
0.765257
0.765363
0.765381
0.764972
0.764975
0.764986
0.764989
0.764907
0.764914
0.764917
0.764919
0.764889
0.764904
0.764891
0.764904
0.764902
0.7649
0.764889
0.764888
0.764912
0.764979
0.764919
0.764908
0.764988
0.7651
0.76505
0.765087
0.764996
0.765
0.76507
0.765054
0.765102
0.765029
0.76502
0.766483
0.743705
0.766302
0.765271
0.765732
0.76699
0.76699
0.76699
0.76699
0.766988
0.766986
0.766977
0.766951
0.766906
0.766857
0.76681
0.766764
0.766719
0.766691
0.76669
0.766725
0.766797
0.766899
0.766979
0.766989
0.76699
0.76699
0.76699
0.76699
0.76699
0.76699
0.76699
0.76699
0.76699
0.76699
0.76699
0.76699
0.76699
0.76699
0.76699
0.76699
0.76699
0.76699
0.76699
0.76699
0.76699
0.766981
0.766986
0.766988
0.766989
0.766835
0.766891
0.766948
0.766969
0.766577
0.766688
0.766743
0.766314
0.766386
0.766459
0.76634
0.766193
0.766197
0.765975
0.766039
0.766499
0.76649
0.766197
0.76621
0.766051
0.766298
0.766087
0.766198
0.765168
0.765466
0.765551
0.765511
0.764998
0.765136
0.765137
0.765165
0.764922
0.76492
0.764918
0.764914
0.764897
0.764902
0.764903
0.764903
0.764895
0.764896
0.764891
0.76489
0.764897
0.764927
0.764901
0.764893
0.764935
0.76506
0.76505
0.765038
0.765005
0.764942
0.764949
0.765006
0.765053
0.765113
0.765014
0.765008
0.766384
0.737207
0.765179
0.765321
0.765726
0.76699
0.76699
0.76699
0.766989
0.766987
0.766984
0.76697
0.766936
0.766889
0.766839
0.766791
0.766743
0.766702
0.766686
0.766701
0.766756
0.766848
0.766955
0.766988
0.76699
0.76699
0.76699
0.76699
0.76699
0.76699
0.76699
0.76699
0.76699
0.76699
0.76699
0.76699
0.76699
0.76699
0.76699
0.76699
0.76699
0.76699
0.76699
0.76699
0.76699
0.76699
0.76699
0.766981
0.766986
0.766988
0.76699
0.766988
0.766989
0.766816
0.766885
0.766939
0.766968
0.766515
0.766637
0.766727
0.766126
0.766227
0.766377
0.766232
0.765898
0.765927
0.765735
0.765834
0.76623
0.76623
0.765892
0.76589
0.765653
0.765849
0.765538
0.76571
0.764984
0.765194
0.765463
0.765167
0.764908
0.764999
0.764992
0.76499
0.764902
0.764899
0.764893
0.764886
0.764909
0.764914
0.76504
0.765001
0.765016
0.765029
0.764955
0.764924
0.76493
0.76496
0.765056
0.765133
0.765002
0.765007
0.766302
0.724313
0.760526
0.765355
0.765739
0.76699
0.76699
0.76699
0.766989
0.766986
0.766981
0.76696
0.766921
0.766871
0.76682
0.766771
0.766723
0.766691
0.766689
0.766725
0.766801
0.766907
0.766981
0.76699
0.76699
0.76699
0.76699
0.76699
0.76699
0.76699
0.76699
0.76699
0.76699
0.76699
0.76699
0.76699
0.76699
0.76699
0.76699
0.76699
0.76699
0.76699
0.76699
0.76699
0.76699
0.76699
0.76699
0.76699
0.76699
0.76698
0.766986
0.766988
0.766989
0.766814
0.766886
0.766937
0.766968
0.766483
0.766619
0.766728
0.765953
0.766088
0.766322
0.766152
0.765602
0.765658
0.765517
0.765655
0.765837
0.76588
0.76557
0.765532
0.765474
0.765446
0.765317
0.765272
0.764862
0.764974
0.765149
0.764951
0.764878
0.764901
0.764886
0.764875
0.764999
0.764962
0.765023
0.764996
0.764935
0.764943
0.765063
0.765153
0.764997
0.765004
0.765003
0.766031
0.721253
0.750836
0.765395
0.765802
0.76699
0.76699
0.76699
0.766988
0.766985
0.766975
0.766948
0.766905
0.766853
0.766801
0.76675
0.766704
0.766687
0.766703
0.766762
0.766858
0.766962
0.766988
0.76699
0.76699
0.76699
0.76699
0.76699
0.76699
0.76699
0.76699
0.76699
0.76699
0.76699
0.76699
0.76699
0.76699
0.76699
0.76699
0.76699
0.76699
0.76699
0.76699
0.76699
0.76699
0.76699
0.76699
0.76699
0.76699
0.76699
0.766981
0.766986
0.766988
0.766989
0.766823
0.766896
0.766939
0.766969
0.766477
0.76662
0.766745
0.765809
0.765978
0.7663
0.766103
0.765321
0.765406
0.76532
0.765502
0.765357
0.765469
0.765255
0.765194
0.765095
0.765344
0.764966
0.765183
0.76482
0.764846
0.764924
0.764826
0.764864
0.76485
0.764834
0.764965
0.764947
0.764998
0.764965
0.765071
0.765182
0.764992
0.764997
0.764986
0.765004
0.764916
0.719218
0.740527
0.765439
0.765764
0.76699
0.76699
0.766989
0.766987
0.766983
0.766968
0.766935
0.766887
0.766834
0.76678
0.766727
0.766692
0.766691
0.766731
0.766813
0.766923
0.766984
0.76699
0.76699
0.76699
0.76699
0.76699
0.76699
0.76699
0.76699
0.76699
0.76699
0.76699
0.76699
0.76699
0.76699
0.76699
0.76699
0.76699
0.76699
0.76699
0.76699
0.76699
0.76699
0.76699
0.76699
0.76699
0.76699
0.76699
0.76699
0.76699
0.766989
0.76699
0.766982
0.766987
0.766989
0.766845
0.766912
0.766944
0.766972
0.766484
0.766636
0.766773
0.765696
0.765899
0.766298
0.766086
0.765107
0.765182
0.765171
0.765367
0.765133
0.765138
0.765067
0.765042
0.764893
0.765025
0.764919
0.764826
0.764798
0.764804
0.764784
0.764952
0.764969
0.764953
0.765087
0.765209
0.764992
0.764982
0.764965
0.765014
0.764988
0.76244
0.717482
0.730922
0.765534
0.765528
0.76699
0.76699
0.766988
0.766986
0.766979
0.766958
0.766919
0.766868
0.766812
0.766755
0.766706
0.76669
0.76671
0.766775
0.766875
0.766971
0.766989
0.76699
0.76699
0.76699
0.76699
0.76699
0.76699
0.76699
0.76699
0.76699
0.76699
0.76699
0.76699
0.76699
0.76699
0.76699
0.76699
0.76699
0.76699
0.76699
0.76699
0.76699
0.76699
0.76699
0.76699
0.76699
0.76699
0.76699
0.76699
0.76699
0.76699
0.76699
0.766989
0.76699
0.766983
0.766987
0.766871
0.76693
0.766953
0.766975
0.766513
0.766664
0.766802
0.765608
0.76585
0.766317
0.766089
0.765012
0.765065
0.765084
0.765258
0.765089
0.765046
0.764995
0.764994
0.764787
0.764854
0.764881
0.764801
0.764754
0.76476
0.764956
0.765105
0.76526
0.76498
0.764964
0.764956
0.76503
0.764989
0.764975
0.758599
0.716295
0.725571
0.765579
0.764897
0.76699
0.766989
0.766987
0.766985
0.766973
0.766946
0.766901
0.766847
0.766787
0.766729
0.766694
0.766698
0.766745
0.766833
0.766943
0.766986
0.76699
0.76699
0.76699
0.76699
0.76699
0.76699
0.76699
0.76699
0.76699
0.76699
0.76699
0.76699
0.76699
0.76699
0.76699
0.76699
0.76699
0.76699
0.76699
0.76699
0.76699
0.76699
0.76699
0.76699
0.76699
0.76699
0.76699
0.766989
0.766989
0.76699
0.76699
0.76699
0.76699
0.766988
0.76699
0.76699
0.766985
0.766894
0.766946
0.766963
0.766979
0.766554
0.766703
0.766833
0.76553
0.765821
0.766354
0.766111
0.764983
0.765003
0.765032
0.765177
0.765007
0.764968
0.764958
0.764749
0.764768
0.764781
0.764847
0.764743
0.76473
0.765134
0.765318
0.764963
0.764956
0.765055
0.764995
0.764973
0.764962
0.753451
0.715556
0.722278
0.765548
0.763557
0.766989
0.766989
0.766986
0.766982
0.766965
0.766931
0.766881
0.766822
0.766757
0.766707
0.766695
0.766722
0.766796
0.766903
0.766979
0.76699
0.76699
0.76699
0.76699
0.76699
0.76699
0.76699
0.76699
0.76699
0.76699
0.76699
0.76699
0.76699
0.76699
0.76699
0.76699
0.76699
0.76699
0.76699
0.76699
0.76699
0.76699
0.76699
0.76699
0.76699
0.76699
0.76699
0.76699
0.76699
0.766989
0.766989
0.766989
0.76699
0.76699
0.76699
0.766986
0.76699
0.76699
0.76699
0.766915
0.766957
0.766972
0.766983
0.766604
0.766745
0.766865
0.765452
0.765798
0.766406
0.766142
0.764958
0.764981
0.764999
0.765117
0.76494
0.764826
0.764739
0.764732
0.764765
0.764723
0.765163
0.765397
0.764956
0.765077
0.765003
0.764975
0.76496
0.764955
0.748336
0.715109
0.720196
0.765397
0.761929
0.766989
0.766988
0.766985
0.766977
0.766954
0.766912
0.766856
0.76679
0.766727
0.766697
0.766709
0.766766
0.766862
0.766963
0.766988
0.76699
0.76699
0.76699
0.76699
0.76699
0.76699
0.76699
0.76699
0.76699
0.76699
0.76699
0.76699
0.76699
0.76699
0.76699
0.76699
0.76699
0.76699
0.76699
0.76699
0.76699
0.76699
0.76699
0.76699
0.76699
0.76699
0.76699
0.76699
0.76699
0.766987
0.766988
0.766989
0.766989
0.76699
0.76699
0.76699
0.76699
0.76699
0.76699
0.76699
0.766934
0.766967
0.766977
0.766985
0.76666
0.76679
0.766894
0.765384
0.765768
0.766468
0.766168
0.76494
0.764961
0.764976
0.765063
0.764817
0.764755
0.764716
0.764724
0.765204
0.765447
0.765106
0.765011
0.764977
0.76496
0.764954
0.743189
0.714855
0.718955
0.765068
0.759921
0.766988
0.766987
0.766983
0.76697
0.766938
0.766888
0.766823
0.766753
0.766706
0.766703
0.766743
0.766827
0.766935
0.766985
0.76699
0.76699
0.76699
0.76699
0.76699
0.76699
0.76699
0.76699
0.76699
0.76699
0.76699
0.76699
0.76699
0.76699
0.76699
0.76699
0.76699
0.76699
0.76699
0.76699
0.76699
0.76699
0.76699
0.76699
0.76699
0.76699
0.76699
0.76699
0.76699
0.76699
0.766985
0.766987
0.766988
0.766989
0.766989
0.76699
0.76699
0.76699
0.76699
0.76699
0.76699
0.766989
0.766949
0.766972
0.766981
0.766715
0.766833
0.766919
0.765311
0.765726
0.76653
0.766174
0.764812
0.764954
0.764978
0.765028
0.764749
0.764719
0.764711
0.76526
0.765438
0.765142
0.765035
0.76498
0.76496
0.764953
0.739612
0.714696
0.718287
0.764546
0.758325
0.766988
0.766985
0.766979
0.766958
0.766917
0.766856
0.766781
0.766721
0.766703
0.766727
0.766797
0.766901
0.766978
0.766989
0.76699
0.76699
0.76699
0.76699
0.76699
0.76699
0.76699
0.76699
0.76699
0.76699
0.76699
0.76699
0.76699
0.76699
0.76699
0.76699
0.76699
0.76699
0.76699
0.76699
0.76699
0.76699
0.76699
0.76699
0.76699
0.76699
0.76699
0.76699
0.76699
0.76699
0.76698
0.766984
0.766985
0.766987
0.766988
0.766989
0.76699
0.76699
0.76699
0.766989
0.766989
0.766989
0.766989
0.766988
0.766958
0.766972
0.766763
0.766867
0.766933
0.765237
0.765659
0.766562
0.766142
0.764746
0.764811
0.764977
0.764811
0.765
0.764716
0.764707
0.765311
0.765399
0.765182
0.76505
0.764988
0.76496
0.764953
0.736851
0.714691
0.718484
0.76402
0.756865
0.766986
0.766984
0.766971
0.76694
0.766886
0.766811
0.76674
0.766707
0.766717
0.766773
0.766868
0.766964
0.766988
0.76699
0.76699
0.76699
0.76699
0.76699
0.76699
0.76699
0.76699
0.76699
0.76699
0.76699
0.76699
0.76699
0.76699
0.76699
0.76699
0.76699
0.76699
0.76699
0.76699
0.76699
0.76699
0.76699
0.76699
0.76699
0.76699
0.76699
0.76699
0.76699
0.76699
0.76699
0.76699
0.766978
0.766978
0.766981
0.766984
0.766986
0.76699
0.76699
0.76699
0.766989
0.766989
0.766988
0.766988
0.766987
0.766986
0.766984
0.766958
0.766964
0.766779
0.766884
0.766932
0.765154
0.765567
0.766567
0.766057
0.764713
0.764743
0.764821
0.764742
0.764985
0.764704
0.765356
0.765317
0.765211
0.765067
0.764996
0.764963
0.764953
0.73716
0.715052
0.720405
0.763551
0.756678
0.766985
0.76698
0.766958
0.766914
0.76684
0.766762
0.766716
0.766714
0.766755
0.766839
0.766944
0.766986
0.76699
0.76699
0.76699
0.76699
0.76699
0.76699
0.76699
0.76699
0.76699
0.76699
0.76699
0.76699
0.76699
0.76699
0.76699
0.76699
0.76699
0.76699
0.76699
0.76699
0.76699
0.76699
0.76699
0.76699
0.76699
0.76699
0.76699
0.76699
0.76699
0.76699
0.76699
0.76699
0.766965
0.766968
0.766974
0.76698
0.76699
0.76699
0.76699
0.766989
0.766989
0.766988
0.766988
0.766985
0.766984
0.766981
0.766978
0.766974
0.766944
0.766944
0.766769
0.766881
0.76691
0.765074
0.765444
0.766522
0.76592
0.764702
0.764711
0.764811
0.764741
0.764709
0.764984
0.765383
0.765214
0.765252
0.765093
0.765007
0.764966
0.764953
0.739221
0.716749
0.726635
0.763262
0.756991
0.766983
0.76697
0.766936
0.766866
0.766784
0.766727
0.766715
0.766742
0.766816
0.766918
0.766981
0.76699
0.76699
0.76699
0.76699
0.76699
0.76699
0.76699
0.76699
0.76699
0.76699
0.76699
0.76699
0.76699
0.76699
0.76699
0.76699
0.76699
0.76699
0.76699
0.76699
0.76699
0.76699
0.76699
0.76699
0.76699
0.76699
0.76699
0.76699
0.76699
0.76699
0.76699
0.76699
0.76699
0.76699
0.766944
0.766951
0.766963
0.76699
0.76699
0.76699
0.76699
0.76699
0.766988
0.766988
0.766983
0.766983
0.766974
0.766971
0.766966
0.766957
0.766949
0.766909
0.766905
0.766706
0.766845
0.766856
0.765003
0.765301
0.766398
0.765724
0.764701
0.764738
0.764814
0.764709
0.764699
0.765403
0.765126
0.765273
0.765119
0.765019
0.76497
0.764954
0.74563
0.747312
0.746855
0.763147
0.757997
0.766978
0.766951
0.766893
0.766804
0.76674
0.766717
0.766734
0.766797
0.766893
0.766972
0.766989
0.76699
0.76699
0.76699
0.76699
0.76699
0.76699
0.76699
0.76699
0.76699
0.76699
0.76699
0.76699
0.76699
0.76699
0.76699
0.76699
0.76699
0.76699
0.76699
0.76699
0.76699
0.76699
0.76699
0.76699
0.76699
0.76699
0.76699
0.76699
0.76699
0.76699
0.76699
0.76699
0.76699
0.76699
0.76691
0.766927
0.76699
0.76699
0.76699
0.76699
0.76699
0.766989
0.766989
0.766983
0.766984
0.766969
0.766968
0.766949
0.766941
0.766932
0.766914
0.766899
0.766848
0.766849
0.766582
0.766762
0.766762
0.764979
0.765153
0.766193
0.765506
0.764706
0.764736
0.7648
0.764699
0.765412
0.765024
0.7653
0.765138
0.765037
0.764975
0.764956
0.748969
0.766762
0.760568
0.763102
0.758989
0.766966
0.766912
0.766827
0.766752
0.766722
0.76673
0.766782
0.76687
0.766961
0.766988
0.76699
0.76699
0.76699
0.76699
0.76699
0.76699
0.76699
0.76699
0.76699
0.76699
0.76699
0.76699
0.76699
0.76699
0.76699
0.76699
0.76699
0.76699
0.76699
0.76699
0.76699
0.76699
0.76699
0.76699
0.76699
0.76699
0.76699
0.76699
0.76699
0.76699
0.76699
0.76699
0.76699
0.76699
0.76699
0.766867
0.76699
0.76699
0.76699
0.76699
0.766989
0.76699
0.766985
0.766987
0.766968
0.76697
0.766936
0.766934
0.766897
0.766882
0.766868
0.766838
0.766817
0.76676
0.766778
0.766399
0.766628
0.766635
0.764947
0.76503
0.765928
0.765277
0.764698
0.764705
0.764729
0.764789
0.765408
0.764927
0.76534
0.765152
0.765046
0.764983
0.764959
0.753908
0.766921
0.764226
0.763144
0.760581
0.766937
0.76684
0.766766
0.766727
0.766729
0.766771
0.766852
0.766947
0.766986
0.76699
0.76699
0.76699
0.76699
0.76699
0.76699
0.76699
0.76699
0.76699
0.76699
0.76699
0.76699
0.76699
0.76699
0.76699
0.76699
0.76699
0.76699
0.76699
0.76699
0.76699
0.76699
0.76699
0.76699
0.76699
0.76699
0.76699
0.76699
0.76699
0.76699
0.76699
0.76699
0.76699
0.76699
0.76699
0.76699
0.76699
0.76699
0.76699
0.76699
0.76699
0.76699
0.766988
0.766989
0.766974
0.766979
0.766934
0.766937
0.766871
0.766866
0.766809
0.766784
0.766766
0.76672
0.7667
0.766654
0.766168
0.766452
0.766486
0.764922
0.76492
0.76565
0.765081
0.764698
0.764702
0.764722
0.764771
0.765397
0.764834
0.765358
0.765165
0.765058
0.764989
0.764964
0.756368
0.7669
0.764665
0.763235
0.760525
0.766868
0.766774
0.766733
0.76673
0.766763
0.766838
0.766933
0.766983
0.76699
0.76699
0.76699
0.76699
0.76699
0.76699
0.76699
0.76699
0.76699
0.76699
0.76699
0.76699
0.76699
0.76699
0.76699
0.76699
0.76699
0.76699
0.76699
0.76699
0.76699
0.76699
0.76699
0.76699
0.76699
0.76699
0.76699
0.76699
0.76699
0.76699
0.76699
0.76699
0.76699
0.76699
0.76699
0.76699
0.76699
0.76699
0.76699
0.76699
0.76699
0.76699
0.76699
0.766989
0.76699
0.766983
0.766986
0.766946
0.766957
0.766865
0.766869
0.766763
0.766752
0.766677
0.766637
0.766623
0.766552
0.766541
0.765921
0.766255
0.766332
0.764881
0.765418
0.764956
0.764696
0.7647
0.764708
0.764742
0.765369
0.764734
0.765385
0.765176
0.765069
0.764997
0.764968
0.758071
0.766925
0.765601
0.763139
0.760094
0.766791
0.766737
0.766732
0.766758
0.766827
0.766919
0.766979
0.766989
0.76699
0.76699
0.76699
0.76699
0.76699
0.76699
0.76699
0.76699
0.76699
0.76699
0.76699
0.76699
0.76699
0.76699
0.76699
0.76699
0.76699
0.76699
0.76699
0.76699
0.76699
0.76699
0.76699
0.76699
0.76699
0.76699
0.76699
0.76699
0.76699
0.76699
0.76699
0.76699
0.76699
0.76699
0.76699
0.76699
0.76699
0.76699
0.76699
0.76699
0.76699
0.76699
0.76699
0.76699
0.766988
0.766989
0.766968
0.766977
0.766883
0.766904
0.766749
0.766751
0.766602
0.766581
0.76649
0.766434
0.766431
0.766331
0.765698
0.76606
0.766187
0.764825
0.765223
0.764849
0.764696
0.764695
0.764697
0.764713
0.765316
0.764592
0.765375
0.765392
0.765198
0.765079
0.765005
0.764973
0.760502
0.766423
0.765037
0.76281
0.760199
0.766746
0.766734
0.766756
0.766819
0.766908
0.766974
0.766989
0.76699
0.76699
0.76699
0.76699
0.76699
0.76699
0.76699
0.76699
0.76699
0.76699
0.76699
0.76699
0.76699
0.76699
0.76699
0.76699
0.76699
0.76699
0.76699
0.76699
0.76699
0.76699
0.76699
0.76699
0.76699
0.76699
0.76699
0.76699
0.76699
0.76699
0.76699
0.76699
0.76699
0.76699
0.76699
0.76699
0.76699
0.76699
0.76699
0.76699
0.76699
0.76699
0.76699
0.76699
0.766989
0.766989
0.76699
0.766984
0.766987
0.766928
0.766951
0.766769
0.766802
0.766574
0.766575
0.766385
0.766351
0.766245
0.766174
0.766055
0.765495
0.765881
0.764777
0.765061
0.764775
0.764695
0.764692
0.764682
0.764695
0.765245
0.764322
0.765379
0.765388
0.765207
0.765093
0.765014
0.764978
0.761558
0.766975
0.766687
0.762028
0.760418
0.766737
0.766755
0.766813
0.766898
0.76697
0.766988
0.76699
0.76699
0.76699
0.76699
0.76699
0.76699
0.76699
0.76699
0.76699
0.76699
0.76699
0.76699
0.76699
0.76699
0.76699
0.76699
0.76699
0.76699
0.76699
0.76699
0.76699
0.76699
0.76699
0.76699
0.76699
0.76699
0.76699
0.76699
0.76699
0.76699
0.76699
0.76699
0.76699
0.76699
0.76699
0.76699
0.76699
0.76699
0.76699
0.76699
0.76699
0.76699
0.76699
0.76699
0.76699
0.76699
0.76699
0.766988
0.766986
0.76699
0.76697
0.766981
0.766843
0.766887
0.766592
0.766635
0.766338
0.766336
0.76611
0.766064
0.765943
0.765854
0.765719
0.765313
0.764743
0.764925
0.764717
0.764696
0.764689
0.764677
0.764673
0.765093
0.763898
0.765388
0.765359
0.765101
0.765214
0.765025
0.764989
0.764127
0.766989
0.766958
0.761098
0.761409
0.766756
0.76681
0.766892
0.766966
0.766987
0.76699
0.76699
0.76699
0.76699
0.76699
0.76699
0.76699
0.76699
0.76699
0.76699
0.76699
0.76699
0.76699
0.76699
0.76699
0.76699
0.76699
0.76699
0.76699
0.76699
0.76699
0.76699
0.76699
0.76699
0.76699
0.76699
0.76699
0.76699
0.76699
0.76699
0.76699
0.76699
0.76699
0.76699
0.76699
0.76699
0.76699
0.76699
0.76699
0.766989
0.76699
0.76699
0.76699
0.76699
0.76699
0.76699
0.76699
0.76699
0.766989
0.766984
0.766978
0.76699
0.766929
0.766962
0.766694
0.766763
0.766352
0.766399
0.766045
0.766041
0.765778
0.765722
0.765579
0.765469
0.765157
0.764713
0.764816
0.764666
0.764697
0.764689
0.764669
0.764657
0.764863
0.763059
0.765392
0.765295
0.765034
0.765112
0.765226
0.764996
0.7663
0.76699
0.766987
0.76113
0.764091
0.766808
0.766888
0.766963
0.766987
0.76699
0.76699
0.76699
0.76699
0.76699
0.76699
0.76699
0.76699
0.76699
0.76699
0.76699
0.76699
0.76699
0.76699
0.76699
0.76699
0.76699
0.76699
0.76699
0.76699
0.76699
0.76699
0.76699
0.76699
0.76699
0.76699
0.76699
0.76699
0.76699
0.76699
0.76699
0.76699
0.76699
0.76699
0.76699
0.76699
0.76699
0.76699
0.76699
0.76699
0.76699
0.766988
0.76699
0.76699
0.76699
0.76699
0.76699
0.76699
0.76699
0.766989
0.76699
0.766989
0.766973
0.766953
0.766837
0.766904
0.766473
0.766565
0.766049
0.766099
0.765697
0.765691
0.765389
0.765328
0.765036
0.764684
0.764739
0.764648
0.764698
0.764688
0.764663
0.764636
0.764435
0.76178
0.765384
0.76538
0.765095
0.765007
0.765043
0.765122
0.765231
0.766895
0.76699
0.76699
0.761863
0.766144
0.766886
0.76696
0.766986
0.76699
0.76699
0.76699
0.76699
0.76699
0.76699
0.76699
0.76699
0.76699
0.76699
0.76699
0.76699
0.76699
0.76699
0.76699
0.76699
0.76699
0.76699
0.76699
0.76699
0.76699
0.76699
0.76699
0.76699
0.76699
0.76699
0.76699
0.76699
0.76699
0.76699
0.76699
0.76699
0.76699
0.76699
0.76699
0.76699
0.76699
0.76699
0.76699
0.76699
0.76699
0.76699
0.76699
0.766983
0.76699
0.76699
0.76699
0.76699
0.76699
0.76699
0.76699
0.76699
0.766989
0.766989
0.766986
0.766941
0.766878
0.766672
0.766782
0.766181
0.766289
0.765695
0.765739
0.765303
0.765294
0.764962
0.764912
0.764711
0.764612
0.764624
0.7647
0.764689
0.764658
0.763419
0.76174
0.765334
0.765378
0.764684
0.765016
0.765054
0.765132
0.765243
0.76698
0.76699
0.76699
0.764067
0.766821
0.76696
0.766986
0.76699
0.76699
0.76699
0.76699
0.76699
0.76699
0.76699
0.76699
0.76699
0.76699
0.76699
0.76699
0.76699
0.76699
0.76699
0.76699
0.76699
0.76699
0.76699
0.76699
0.76699
0.76699
0.76699
0.76699
0.76699
0.76699
0.76699
0.76699
0.76699
0.76699
0.76699
0.76699
0.76699
0.76699
0.76699
0.76699
0.76699
0.76699
0.76699
0.76699
0.76699
0.76699
0.76699
0.76699
0.76699
0.76699
0.76697
0.76699
0.76699
0.76699
0.76699
0.76699
0.76699
0.76699
0.76699
0.76699
0.766986
0.766988
0.76698
0.766851
0.766723
0.766422
0.766574
0.765824
0.76594
0.765294
0.765325
0.764896
0.764886
0.764684
0.764602
0.764609
0.764656
0.764703
0.76469
0.762207
0.762296
0.765371
0.765196
0.763526
0.765026
0.765065
0.765144
0.765357
0.76524
0.766989
0.76699
0.76699
0.76603
0.766965
0.766986
0.76699
0.76699
0.76699
0.76699
0.76699
0.76699
0.76699
0.76699
0.76699
0.76699
0.76699
0.76699
0.76699
0.76699
0.76699
0.76699
0.76699
0.76699
0.76699
0.76699
0.76699
0.76699
0.76699
0.76699
0.76699
0.76699
0.76699
0.76699
0.76699
0.76699
0.76699
0.76699
0.76699
0.76699
0.76699
0.76699
0.76699
0.76699
0.76699
0.76699
0.76699
0.76699
0.76699
0.76699
0.76699
0.76699
0.76699
0.76699
0.76693
0.76699
0.76699
0.76699
0.76699
0.76699
0.76699
0.76699
0.766989
0.76699
0.766979
0.766985
0.766963
0.766661
0.766468
0.766088
0.766271
0.765408
0.765522
0.764883
0.764893
0.764676
0.764668
0.764582
0.764598
0.764604
0.764652
0.764694
0.764705
0.762149
0.764095
0.76534
0.764732
0.762471
0.765039
0.765076
0.765151
0.765337
0.765235
0.76699
0.76699
0.76699
0.766767
0.766987
0.76699
0.76699
0.76699
0.76699
0.76699
0.76699
0.76699
0.76699
0.76699
0.76699
0.76699
0.76699
0.76699
0.76699
0.76699
0.76699
0.76699
0.76699
0.76699
0.76699
0.76699
0.76699
0.76699
0.76699
0.76699
0.76699
0.76699
0.76699
0.76699
0.76699
0.76699
0.76699
0.76699
0.76699
0.76699
0.76699
0.76699
0.76699
0.76699
0.76699
0.76699
0.76699
0.76699
0.76699
0.76699
0.76699
0.76699
0.76699
0.76699
0.76699
0.76699
0.766821
0.76699
0.76699
0.76699
0.76699
0.76699
0.76699
0.76699
0.76699
0.766988
0.766989
0.766959
0.766975
0.766915
0.766352
0.766104
0.765676
0.765874
0.764955
0.765053
0.764664
0.764665
0.764588
0.76456
0.764654
0.764603
0.764696
0.764711
0.762635
0.765983
0.765196
0.763487
0.762434
0.765049
0.765089
0.765158
0.76531
0.765293
0.765226
0.76699
0.76699
0.76699
0.766952
0.76699
0.76699
0.76699
0.76699
0.76699
0.76699
0.76699
0.76699
0.76699
0.76699
0.76699
0.76699
0.76699
0.76699
0.76699
0.76699
0.76699
0.76699
0.76699
0.76699
0.76699
0.76699
0.76699
0.76699
0.76699
0.76699
0.76699
0.76699
0.76699
0.76699
0.76699
0.76699
0.76699
0.76699
0.76699
0.76699
0.76699
0.76699
0.76699
0.76699
0.76699
0.76699
0.76699
0.76699
0.76699
0.76699
0.76699
0.76699
0.76699
0.76699
0.76699
0.76699
0.76699
0.76659
0.76699
0.76699
0.76699
0.76699
0.76699
0.76699
0.76699
0.76699
0.766984
0.766987
0.766901
0.76695
0.766789
0.76592
0.765639
0.765199
0.765395
0.764681
0.764723
0.764584
0.764583
0.764559
0.764699
0.764657
0.764601
0.764714
0.764235
0.766734
0.7647
0.762636
0.762907
0.765063
0.7651
0.765165
0.765133
0.76525
0.765242
0.765216
0.76699
0.76699
0.76699
0.766985
0.76699
0.76699
0.76699
0.76699
0.76699
0.76699
0.76699
0.76699
0.76699
0.76699
0.76699
0.76699
0.76699
0.76699
0.76699
0.76699
0.76699
0.76699
0.76699
0.76699
0.76699
0.76699
0.76699
0.76699
0.76699
0.76699
0.76699
0.76699
0.76699
0.76699
0.76699
0.76699
0.76699
0.76699
0.76699
0.76699
0.76699
0.76699
0.76699
0.76699
0.76699
0.76699
0.76699
0.76699
0.76699
0.76699
0.76699
0.76699
0.76699
0.76699
0.76699
0.76699
0.76699
0.76699
0.76699
0.766221
0.76699
0.76699
0.76699
0.76699
0.76699
0.76699
0.766989
0.766989
0.766973
0.766982
0.766755
0.766881
0.766508
0.765379
0.765097
0.764794
0.764911
0.764587
0.764594
0.764548
0.76455
0.764718
0.764704
0.764658
0.7646
0.766022
0.766943
0.763338
0.762644
0.764472
0.765076
0.765112
0.765167
0.764555
0.765008
0.765165
0.765215
0.765204
0.76699
0.76699
0.76699
0.766989
0.76699
0.76699
0.76699
0.76699
0.76699
0.76699
0.76699
0.76699
0.76699
0.76699
0.76699
0.76699
0.76699
0.76699
0.76699
0.76699
0.76699
0.76699
0.76699
0.76699
0.76699
0.76699
0.76699
0.76699
0.76699
0.76699
0.76699
0.76699
0.76699
0.76699
0.76699
0.76699
0.76699
0.76699
0.76699
0.76699
0.76699
0.76699
0.76699
0.76699
0.76699
0.76699
0.76699
0.76699
0.76699
0.76699
0.76699
0.76699
0.76699
0.76699
0.76699
0.76699
0.76699
0.76699
0.76699
0.76699
0.76699
0.765719
0.766989
0.76699
0.76699
0.76699
0.76699
0.76699
0.766987
0.766989
0.766943
0.76697
0.766429
0.766704
0.766067
0.764883
0.764742
0.764622
0.764666
0.76455
0.764552
0.764597
0.764724
0.764707
0.76466
0.766738
0.766984
0.762745
0.763167
0.766123
0.76509
0.765121
0.765168
0.763205
0.764136
0.764787
0.765063
0.765184
0.765189
0.76699
0.76699
0.76699
0.76699
0.76699
0.76699
0.76699
0.76699
0.76699
0.76699
0.76699
0.76699
0.76699
0.76699
0.76699
0.76699
0.76699
0.76699
0.76699
0.76699
0.76699
0.76699
0.76699
0.76699
0.76699
0.76699
0.76699
0.76699
0.76699
0.76699
0.76699
0.76699
0.76699
0.76699
0.76699
0.76699
0.76699
0.76699
0.76699
0.76699
0.76699
0.76699
0.76699
0.76699
0.76699
0.76699
0.76699
0.76699
0.76699
0.76699
0.76699
0.76699
0.76699
0.76699
0.76699
0.76699
0.76699
0.76699
0.76699
0.76699
0.76699
0.76699
0.76699
0.765106
0.766988
0.76699
0.76699
0.76699
0.76699
0.766989
0.766981
0.766987
0.766863
0.766936
0.765913
0.76633
0.765483
0.764656
0.764604
0.76456
0.76458
0.764598
0.764543
0.764662
0.764728
0.764711
0.766942
0.766989
0.762809
0.764802
0.766767
0.765103
0.765129
0.765167
0.762851
0.763105
0.763689
0.764461
0.764932
0.765148
0.76517
0.76699
0.76699
0.76699
0.76699
0.76699
0.76699
0.76699
0.76699
0.76699
0.76699
0.76699
0.76699
0.76699
0.76699
0.76699
0.76699
0.76699
0.76699
0.76699
0.76699
0.76699
0.76699
0.76699
0.76699
0.76699
0.76699
0.76699
0.76699
0.76699
0.76699
0.76699
0.76699
0.76699
0.76699
0.76699
0.76699
0.76699
0.76699
0.76699
0.76699
0.76699
0.76699
0.76699
0.76699
0.76699
0.76699
0.76699
0.76699
0.76699
0.76699
0.76699
0.76699
0.76699
0.76699
0.76699
0.76699
0.76699
0.76699
0.76699
0.76699
0.76699
0.76699
0.76699
0.76699
0.76699
0.764756
0.766986
0.76699
0.76699
0.76699
0.76699
0.766988
0.766967
0.766981
0.766663
0.766848
0.765245
0.765745
0.764933
0.764573
0.764556
0.764545
0.76455
0.764592
0.764664
0.764715
0.764733
0.766983
0.76699
0.763464
0.766265
0.766948
0.765115
0.765135
0.765163
0.762991
0.76299
0.763098
0.763396
0.764013
0.764746
0.765107
0.765123
0.76699
0.76699
0.76699
0.76699
0.76699
0.76699
0.76699
0.76699
0.76699
0.76699
0.76699
0.76699
0.76699
0.76699
0.76699
0.76699
0.76699
0.76699
0.76699
0.76699
0.76699
0.76699
0.76699
0.76699
0.76699
0.76699
0.76699
0.76699
0.76699
0.76699
0.76699
0.76699
0.76699
0.76699
0.76699
0.76699
0.76699
0.76699
0.76699
0.76699
0.76699
0.76699
0.76699
0.76699
0.76699
0.76699
0.76699
0.76699
0.76699
0.76699
0.76699
0.76699
0.76699
0.76699
0.76699
0.76699
0.76699
0.76699
0.76699
0.76699
0.76699
0.76699
0.76699
0.76699
0.76699
0.76699
0.76699
0.764615
0.766981
0.76699
0.76699
0.76699
0.76699
0.766986
0.766931
0.766966
0.76624
0.766635
0.764823
0.765095
0.764682
0.764554
0.764548
0.764601
0.764602
0.764664
0.764718
0.764737
0.766989
0.76699
0.765212
0.76681
0.766984
0.765121
0.765139
0.765152
0.763812
0.763254
0.763125
0.763153
0.763301
0.763644
0.764451
0.764837
0.765069
0.76699
0.76699
0.76699
0.76699
0.76699
0.76699
0.76699
0.76699
0.76699
0.76699
0.76699
0.76699
0.76699
0.76699
0.76699
0.76699
0.76699
0.76699
0.76699
0.76699
0.76699
0.76699
0.76699
0.76699
0.76699
0.76699
0.76699
0.76699
0.76699
0.76699
0.76699
0.76699
0.76699
0.76699
0.76699
0.76699
0.76699
0.76699
0.76699
0.76699
0.76699
0.76699
0.76699
0.76699
0.76699
0.76699
0.76699
0.76699
0.76699
0.76699
0.76699
0.76699
0.76699
0.76699
0.76699
0.76699
0.76699
0.76699
0.76699
0.76699
0.76699
0.76699
0.76699
0.76699
0.76699
0.76699
0.76699
0.76699
0.76699
0.764562
0.766966
0.76699
0.76699
0.76699
0.766989
0.76698
0.76684
0.766928
0.765592
0.766179
0.76464
0.764763
0.764597
0.764607
0.764599
0.764669
0.764671
0.764721
0.764741
0.76699
0.76699
0.766425
0.766957
0.766989
0.765127
0.76514
0.76514
0.765625
0.764373
0.763574
0.763269
0.763258
0.763312
0.76352
0.764229
0.764281
0.764998
0.76699
0.76699
0.76699
0.76699
0.76699
0.76699
0.76699
0.76699
0.76699
0.76699
0.76699
0.76699
0.76699
0.76699
0.76699
0.76699
0.76699
0.76699
0.76699
0.76699
0.76699
0.76699
0.76699
0.76699
0.76699
0.76699
0.76699
0.76699
0.76699
0.76699
0.76699
0.76699
0.76699
0.76699
0.76699
0.76699
0.76699
0.76699
0.76699
0.76699
0.76699
0.76699
0.76699
0.76699
0.76699
0.76699
0.76699
0.76699
0.76699
0.76699
0.76699
0.76699
0.76699
0.76699
0.76699
0.76699
0.76699
0.76699
0.76699
0.76699
0.76699
0.76699
0.76699
0.76699
0.76699
0.76699
0.76699
0.76699
0.76699
0.76699
0.76699
0.76699
0.764559
0.76693
0.76699
0.76699
0.766989
0.766987
0.766967
0.766632
0.766838
0.765011
0.765488
0.764577
0.764632
0.764567
0.764676
0.764607
0.764669
0.764726
0.764729
0.764745
0.76699
0.76699
0.766856
0.766985
0.76699
0.765131
0.765139
0.765115
0.766577
0.765986
0.764989
0.763963
0.763526
0.763377
0.763394
0.763567
0.764496
0.763682
0.764926
0.76699
0.76699
0.76699
0.76699
0.76699
0.76699
0.76699
0.76699
0.76699
0.76699
0.76699
0.76699
0.76699
0.76699
0.76699
0.76699
0.76699
0.76699
0.76699
0.76699
0.76699
0.76699
0.76699
0.76699
0.76699
0.76699
0.76699
0.76699
0.76699
0.76699
0.76699
0.76699
0.76699
0.76699
0.76699
0.76699
0.76699
0.76699
0.76699
0.76699
0.76699
0.76699
0.76699
0.76699
0.76699
0.76699
0.76699
0.76699
0.76699
0.76699
0.76699
0.76699
0.76699
0.76699
0.76699
0.76699
0.76699
0.76699
0.76699
0.76699
0.76699
0.76699
0.76699
0.76699
0.76699
0.76699
0.76699
0.76699
0.76699
0.76699
0.76699
0.766846
0.766989
0.76699
0.766987
0.766981
0.766936
0.76617
0.766636
0.764739
0.764981
0.764571
0.764582
0.764613
0.764735
0.764676
0.76473
0.76475
0.764752
0.76699
0.76699
0.766966
0.766989
0.76699
0.765133
0.765134
0.765094
0.766897
0.766711
0.766302
0.765548
0.764589
0.763897
0.763578
0.763581
0.764064
0.763601
0.76406
0.764845
0.76699
0.76699
0.76699
0.76699
0.76699
0.76699
0.76699
0.76699
0.76699
0.76699
0.76699
0.76699
0.76699
0.76699
0.76699
0.76699
0.76699
0.76699
0.76699
0.76699
0.76699
0.76699
0.76699
0.76699
0.76699
0.76699
0.76699
0.76699
0.76699
0.76699
0.76699
0.76699
0.76699
0.76699
0.76699
0.76699
0.76699
0.76699
0.76699
0.76699
0.76699
0.76699
0.76699
0.76699
0.76699
0.76699
0.76699
0.76699
0.76699
0.76699
0.76699
0.76699
0.76699
0.76699
0.76699
0.76699
0.76699
0.76699
0.76699
0.76699
0.76699
0.76699
0.76699
0.76699
0.76699
0.76699
0.76699
0.76699
0.76699
0.76699
0.76699
0.76699
0.76699
0.766665
0.766988
0.766989
0.766983
0.76697
0.766865
0.765469
0.766198
0.764635
0.764741
0.764614
0.764579
0.76468
0.76476
0.764736
0.764755
0.76699
0.76699
0.766987
0.76699
0.76699
0.765133
0.765128
0.765056
0.766974
0.766933
0.766819
0.766553
0.766041
0.765309
0.764468
0.764007
0.763702
0.763785
0.763766
0.764232
0.764778
0.76699
0.76699
0.76699
0.76699
0.76699
0.76699
0.76699
0.76699
0.76699
0.76699
0.76699
0.76699
0.76699
0.76699
0.76699
0.76699
0.76699
0.76699
0.76699
0.76699
0.76699
0.76699
0.76699
0.76699
0.76699
0.76699
0.76699
0.76699
0.76699
0.76699
0.76699
0.76699
0.76699
0.76699
0.76699
0.76699
0.76699
0.76699
0.76699
0.76699
0.76699
0.76699
0.76699
0.76699
0.76699
0.76699
0.76699
0.76699
0.76699
0.76699
0.76699
0.76699
0.76699
0.76699
0.76699
0.76699
0.76699
0.76699
0.76699
0.76699
0.76699
0.76699
0.76699
0.76699
0.76699
0.76699
0.76699
0.76699
0.76699
0.76699
0.76699
0.76699
0.76699
0.76699
0.76699
0.76699
0.76628
0.766985
0.766989
0.766973
0.766944
0.766713
0.764995
0.765506
0.76459
0.764645
0.764618
0.76468
0.76474
0.764762
0.76699
0.76699
0.76699
0.76699
0.765132
0.765115
0.765027
0.766988
0.76698
0.766957
0.76689
0.766737
0.766396
0.76595
0.765282
0.763777
0.764644
0.763787
0.763967
0.763956
0.764698
0.76699
0.76699
0.76699
0.76699
0.76699
0.76699
0.76699
0.76699
0.76699
0.76699
0.76699
0.76699
0.76699
0.76699
0.76699
0.76699
0.76699
0.76699
0.76699
0.76699
0.76699
0.76699
0.76699
0.76699
0.76699
0.76699
0.76699
0.76699
0.76699
0.76699
0.76699
0.76699
0.76699
0.76699
0.76699
0.76699
0.76699
0.76699
0.76699
0.76699
0.76699
0.76699
0.76699
0.76699
0.76699
0.76699
0.76699
0.76699
0.76699
0.76699
0.76699
0.76699
0.76699
0.76699
0.76699
0.76699
0.76699
0.76699
0.76699
0.76699
0.76699
0.76699
0.76699
0.76699
0.76699
0.76699
0.76699
0.76699
0.76699
0.76699
0.76699
0.76699
0.76699
0.76699
0.76699
0.76699
0.76699
0.766989
0.76699
0.765609
0.766978
0.766986
0.766954
0.766887
0.766409
0.764758
0.765035
0.764588
0.7646
0.76462
0.764682
0.764741
0.764766
0.76699
0.76699
0.76699
0.765127
0.765104
0.76498
0.76699
0.766989
0.766985
0.766972
0.766939
0.766849
0.766696
0.766375
0.764237
0.766004
0.763837
0.764057
0.76408
0.763867
0.764671
0.76699
0.76699
0.76699
0.76699
0.76699
0.76699
0.76699
0.76699
0.76699
0.76699
0.76699
0.76699
0.76699
0.76699
0.76699
0.76699
0.76699
0.76699
0.76699
0.76699
0.76699
0.76699
0.76699
0.76699
0.76699
0.76699
0.76699
0.76699
0.76699
0.76699
0.76699
0.76699
0.76699
0.76699
0.76699
0.76699
0.76699
0.76699
0.76699
0.76699
0.76699
0.76699
0.76699
0.76699
0.76699
0.76699
0.76699
0.76699
0.76699
0.76699
0.76699
0.76699
0.76699
0.76699
0.76699
0.76699
0.76699
0.76699
0.76699
0.76699
0.76699
0.76699
0.76699
0.76699
0.76699
0.76699
0.76699
0.76699
0.76699
0.76699
0.76699
0.76699
0.76699
0.76699
0.76699
0.76699
0.76699
0.76699
0.76699
0.76699
0.76699
0.766988
0.76699
0.765106
0.766963
0.766981
0.766912
0.766765
0.765787
0.764655
0.764784
0.764597
0.764684
0.76462
0.764745
0.764768
0.76699
0.76699
0.765122
0.765085
0.764953
0.76699
0.76699
0.766989
0.766987
0.766982
0.766965
0.766929
0.766838
0.765475
0.766712
0.763974
0.765027
0.763959
0.763959
0.763969
0.764635
0.76699
0.76699
0.76699
0.76699
0.76699
0.76699
0.76699
0.76699
0.76699
0.76699
0.76699
0.76699
0.76699
0.76699
0.76699
0.76699
0.76699
0.76699
0.76699
0.76699
0.76699
0.76699
0.76699
0.76699
0.76699
0.76699
0.76699
0.76699
0.76699
0.76699
0.76699
0.76699
0.76699
0.76699
0.76699
0.76699
0.76699
0.76699
0.76699
0.76699
0.76699
0.76699
0.76699
0.76699
0.76699
0.76699
0.76699
0.76699
0.76699
0.76699
0.76699
0.76699
0.76699
0.76699
0.76699
0.76699
0.76699
0.76699
0.76699
0.76699
0.76699
0.76699
0.76699
0.76699
0.76699
0.76699
0.76699
0.76699
0.76699
0.76699
0.76699
0.76699
0.76699
0.76699
0.76699
0.76699
0.76699
0.76699
0.76699
0.76699
0.76699
0.76699
0.76699
0.766989
0.766985
0.76699
0.764819
0.766934
0.766972
0.766823
0.766523
0.765227
0.764608
0.764666
0.764748
0.764683
0.764619
0.764772
0.76699
0.765111
0.765069
0.764925
0.76699
0.76699
0.76699
0.76699
0.766989
0.766986
0.766979
0.766963
0.766461
0.766932
0.76461
0.766176
0.763978
0.764391
0.764023
0.763991
0.764608
0.76699
0.76699
0.76699
0.76699
0.76699
0.76699
0.76699
0.76699
0.76699
0.76699
0.76699
0.76699
0.76699
0.76699
0.76699
0.76699
0.76699
0.76699
0.76699
0.76699
0.76699
0.76699
0.76699
0.76699
0.76699
0.76699
0.76699
0.76699
0.76699
0.76699
0.76699
0.76699
0.76699
0.76699
0.76699
0.76699
0.76699
0.76699
0.76699
0.76699
0.76699
0.76699
0.76699
0.76699
0.76699
0.76699
0.76699
0.76699
0.76699
0.76699
0.76699
0.76699
0.76699
0.76699
0.76699
0.76699
0.76699
0.76699
0.76699
0.76699
0.76699
0.76699
0.76699
0.76699
0.76699
0.76699
0.76699
0.76699
0.76699
0.76699
0.76699
0.76699
0.76699
0.76699
0.76699
0.76699
0.76699
0.76699
0.76699
0.76699
0.76699
0.76699
0.76699
0.76699
0.76699
0.76699
0.76699
0.766988
0.766979
0.76699
0.764677
0.766874
0.766953
0.766648
0.766032
0.764881
0.764603
0.764614
0.764777
0.764751
0.764684
0.764614
0.765102
0.765054
0.7649
0.76699
0.76699
0.76699
0.76699
0.76699
0.76699
0.766988
0.766986
0.766866
0.76698
0.765859
0.766766
0.764268
0.765528
0.764021
0.764021
0.7642
0.764536
0.76699
0.76699
0.76699
0.76699
0.76699
0.76699
0.76699
0.76699
0.76699
0.76699
0.76699
0.76699
0.76699
0.76699
0.76699
0.76699
0.76699
0.76699
0.76699
0.76699
0.76699
0.76699
0.76699
0.76699
0.76699
0.76699
0.76699
0.76699
0.76699
0.76699
0.76699
0.76699
0.76699
0.76699
0.76699
0.76699
0.76699
0.76699
0.76699
0.76699
0.76699
0.76699
0.76699
0.76699
0.76699
0.76699
0.76699
0.76699
0.76699
0.76699
0.76699
0.76699
0.76699
0.76699
0.76699
0.76699
0.76699
0.76699
0.76699
0.76699
0.76699
0.76699
0.76699
0.76699
0.76699
0.76699
0.76699
0.76699
0.76699
0.76699
0.76699
0.76699
0.76699
0.76699
0.76699
0.76699
0.76699
0.76699
0.76699
0.76699
0.76699
0.76699
0.76699
0.76699
0.76699
0.76699
0.76699
0.76699
0.766989
0.76699
0.76699
0.766985
0.766967
0.76699
0.764616
0.766757
0.766917
0.766319
0.765431
0.764697
0.764607
0.764782
0.764755
0.764683
0.764605
0.765091
0.765038
0.764848
0.76699
0.76699
0.76699
0.76699
0.76699
0.76699
0.76699
0.766968
0.766989
0.766618
0.766948
0.765214
0.766447
0.764042
0.764188
0.764137
0.76498
0.764546
0.76699
0.76699
0.76699
0.76699
0.76699
0.76699
0.76699
0.76699
0.76699
0.76699
0.76699
0.76699
0.76699
0.76699
0.76699
0.76699
0.76699
0.76699
0.76699
0.76699
0.76699
0.76699
0.76699
0.76699
0.76699
0.76699
0.76699
0.76699
0.76699
0.76699
0.76699
0.76699
0.76699
0.76699
0.76699
0.76699
0.76699
0.76699
0.76699
0.76699
0.76699
0.76699
0.76699
0.76699
0.76699
0.76699
0.76699
0.76699
0.76699
0.76699
0.76699
0.76699
0.76699
0.76699
0.76699
0.76699
0.76699
0.76699
0.76699
0.76699
0.76699
0.76699
0.76699
0.76699
0.76699
0.76699
0.76699
0.76699
0.76699
0.76699
0.76699
0.76699
0.76699
0.76699
0.76699
0.76699
0.76699
0.76699
0.76699
0.76699
0.76699
0.76699
0.76699
0.76699
0.76699
0.76699
0.76699
0.76699
0.76699
0.766988
0.76699
0.76699
0.766979
0.766945
0.76699
0.764601
0.766543
0.766846
0.765747
0.765004
0.764608
0.764787
0.764759
0.76468
0.764601
0.765079
0.765008
0.764831
0.76699
0.76699
0.76699
0.76699
0.76699
0.76699
0.766987
0.76699
0.766908
0.766984
0.766255
0.766855
0.764078
0.764181
0.764808
0.766075
0.764113
0.764543
0.76699
0.76699
0.76699
0.76699
0.76699
0.76699
0.76699
0.76699
0.76699
0.76699
0.76699
0.76699
0.76699
0.76699
0.76699
0.76699
0.76699
0.76699
0.76699
0.76699
0.76699
0.76699
0.76699
0.76699
0.76699
0.76699
0.76699
0.76699
0.76699
0.76699
0.76699
0.76699
0.76699
0.76699
0.76699
0.76699
0.76699
0.76699
0.76699
0.76699
0.76699
0.76699
0.76699
0.76699
0.76699
0.76699
0.76699
0.76699
0.76699
0.76699
0.76699
0.76699
0.76699
0.76699
0.76699
0.76699
0.76699
0.76699
0.76699
0.76699
0.76699
0.76699
0.76699
0.76699
0.76699
0.76699
0.76699
0.76699
0.76699
0.76699
0.76699
0.76699
0.76699
0.76699
0.76699
0.76699
0.76699
0.76699
0.76699
0.76699
0.76699
0.76699
0.76699
0.76699
0.76699
0.76699
0.76699
0.76699
0.76699
0.76699
0.76699
0.76699
0.766985
0.766989
0.76699
0.766967
0.766906
0.76699
0.766144
0.766717
0.765256
0.764752
0.76459
0.764793
0.764763
0.764681
0.764587
0.76506
0.764991
0.764812
0.76699
0.76699
0.76699
0.76699
0.76699
0.76699
0.76699
0.766977
0.766989
0.766782
0.766967
0.764186
0.764697
0.765914
0.766705
0.764138
0.764197
0.76453
0.76699
0.76699
0.76699
0.76699
0.76699
0.76699
0.76699
0.76699
0.76699
0.76699
0.76699
0.76699
0.76699
0.76699
0.76699
0.76699
0.76699
0.76699
0.76699
0.76699
0.76699
0.76699
0.76699
0.76699
0.76699
0.76699
0.76699
0.76699
0.76699
0.76699
0.76699
0.76699
0.76699
0.76699
0.76699
0.76699
0.76699
0.76699
0.76699
0.76699
0.76699
0.76699
0.76699
0.76699
0.76699
0.76699
0.76699
0.76699
0.76699
0.76699
0.76699
0.76699
0.76699
0.76699
0.76699
0.76699
0.76699
0.76699
0.76699
0.76699
0.76699
0.76699
0.76699
0.76699
0.76699
0.76699
0.76699
0.76699
0.76699
0.76699
0.76699
0.76699
0.76699
0.76699
0.76699
0.76699
0.76699
0.76699
0.76699
0.76699
0.76699
0.76699
0.76699
0.76699
0.76699
0.76699
0.76699
0.76699
0.76699
0.76699
0.76699
0.76699
0.76699
0.766981
0.766988
0.766989
0.766945
0.766834
0.76699
0.765642
0.766497
0.76492
0.764624
0.764572
0.7648
0.764769
0.764674
0.764587
0.765045
0.764974
0.76479
0.76699
0.76699
0.76699
0.76699
0.76699
0.76699
0.766988
0.76699
0.76695
0.766987
0.764618
0.765776
0.76662
0.766931
0.764168
0.764213
0.764566
0.764525
0.76699
0.76699
0.76699
0.76699
0.76699
0.76699
0.76699
0.76699
0.76699
0.76699
0.76699
0.76699
0.76699
0.76699
0.76699
0.76699
0.76699
0.76699
0.76699
0.76699
0.76699
0.76699
0.76699
0.76699
0.76699
0.76699
0.76699
0.76699
0.76699
0.76699
0.76699
0.76699
0.76699
0.76699
0.76699
0.76699
0.76699
0.76699
0.76699
0.76699
0.76699
0.76699
0.76699
0.76699
0.76699
0.76699
0.76699
0.76699
0.76699
0.76699
0.76699
0.76699
0.76699
0.76699
0.76699
0.76699
0.76699
0.76699
0.76699
0.76699
0.76699
0.76699
0.76699
0.76699
0.76699
0.76699
0.76699
0.76699
0.76699
0.76699
0.76699
0.76699
0.76699
0.76699
0.76699
0.76699
0.76699
0.76699
0.76699
0.76699
0.76699
0.76699
0.76699
0.76699
0.76699
0.76699
0.76699
0.76699
0.76699
0.76699
0.76699
0.76699
0.76699
0.76699
0.76699
0.76699
0.766972
0.766986
0.766989
0.766908
0.76671
0.76699
0.765215
0.76612
0.764705
0.764575
0.764807
0.764771
0.764679
0.76456
0.764568
0.765029
0.764954
0.764773
0.76699
0.76699
0.76699
0.76699
0.76699
0.76699
0.76699
0.766984
0.76699
0.76565
0.766546
0.766907
0.766981
0.764191
0.764236
0.764561
0.76556
0.764519
0.76699
0.76699
0.76699
0.76699
0.76699
0.76699
0.76699
0.76699
0.76699
0.76699
0.76699
0.76699
0.76699
0.76699
0.76699
0.76699
0.76699
0.76699
0.76699
0.76699
0.76699
0.76699
0.76699
0.76699
0.76699
0.76699
0.76699
0.76699
0.76699
0.76699
0.76699
0.76699
0.76699
0.76699
0.76699
0.76699
0.76699
0.76699
0.76699
0.76699
0.76699
0.76699
0.76699
0.76699
0.76699
0.76699
0.76699
0.76699
0.76699
0.76699
0.76699
0.76699
0.76699
0.76699
0.76699
0.76699
0.76699
0.76699
0.76699
0.76699
0.76699
0.76699
0.76699
0.76699
0.76699
0.76699
0.76699
0.76699
0.76699
0.76699
0.76699
0.76699
0.76699
0.76699
0.76699
0.76699
0.76699
0.76699
0.76699
0.76699
0.76699
0.76699
0.76699
0.76699
0.76699
0.76699
0.76699
0.76699
0.76699
0.76699
0.76699
0.76699
0.76699
0.76699
0.76699
0.76699
0.766955
0.766983
0.766988
0.766845
0.766517
0.76699
0.764903
0.765675
0.764591
0.764814
0.764779
0.764674
0.764539
0.76457
0.765013
0.764936
0.764756
0.76699
0.76699
0.76699
0.76699
0.76699
0.76699
0.766989
0.76699
0.766473
0.766885
0.766977
0.766989
0.764221
0.764256
0.764572
0.765497
0.766426
0.764519
0.76699
0.76699
0.76699
0.76699
0.76699
0.76699
0.76699
0.76699
0.76699
0.76699
0.76699
0.76699
0.76699
0.76699
0.76699
0.76699
0.76699
0.76699
0.76699
0.76699
0.76699
0.76699
0.76699
0.76699
0.76699
0.76699
0.76699
0.76699
0.76699
0.76699
0.76699
0.76699
0.76699
0.76699
0.76699
0.76699
0.76699
0.76699
0.76699
0.76699
0.76699
0.76699
0.76699
0.76699
0.76699
0.76699
0.76699
0.76699
0.76699
0.76699
0.76699
0.76699
0.76699
0.76699
0.76699
0.76699
0.76699
0.76699
0.76699
0.76699
0.76699
0.76699
0.76699
0.76699
0.76699
0.76699
0.76699
0.76699
0.76699
0.76699
0.76699
0.76699
0.76699
0.76699
0.76699
0.76699
0.76699
0.76699
0.76699
0.76699
0.76699
0.76699
0.76699
0.76699
0.76699
0.76699
0.76699
0.76699
0.76699
0.76699
0.76699
0.76699
0.76699
0.76699
0.76699
0.76699
0.76699
0.766927
0.766977
0.766986
0.766746
0.766207
0.76699
0.764683
0.765267
0.764538
0.764822
0.764783
0.76468
0.764521
0.764546
0.764996
0.764918
0.764743
0.76699
0.76699
0.76699
0.76699
0.76699
0.76699
0.76686
0.766973
0.766988
0.76699
0.764242
0.764284
0.764602
0.7655
0.766383
0.766845
0.764518
0.76699
0.76699
0.76699
0.76699
0.76699
0.76699
0.76699
0.76699
0.76699
0.76699
0.76699
0.76699
0.76699
0.76699
0.76699
0.76699
0.76699
0.76699
0.76699
0.76699
0.76699
0.76699
0.76699
0.76699
0.76699
0.76699
0.76699
0.76699
0.76699
0.76699
0.76699
0.76699
0.76699
0.76699
0.76699
0.76699
0.76699
0.76699
0.76699
0.76699
0.76699
0.76699
0.76699
0.76699
0.76699
0.76699
0.76699
0.76699
0.76699
0.76699
0.76699
0.76699
0.76699
0.76699
0.76699
0.76699
0.76699
0.76699
0.76699
0.76699
0.76699
0.76699
0.76699
0.76699
0.76699
0.76699
0.76699
0.76699
0.76699
0.76699
0.76699
0.76699
0.76699
0.76699
0.76699
0.76699
0.76699
0.76699
0.76699
0.76699
0.76699
0.76699
0.76699
0.76699
0.76699
0.76699
0.76699
0.76699
0.76699
0.76699
0.76699
0.76699
0.76699
0.76699
0.76699
0.76699
0.766989
0.76699
0.766883
0.766967
0.766984
0.766598
0.765814
0.76699
0.764557
0.764965
0.764832
0.764793
0.764677
0.764495
0.764551
0.76498
0.764902
0.764729
0.76699
0.76699
0.76699
0.76699
0.76699
0.76697
0.766988
0.76699
0.76699
0.764286
0.764313
0.76466
0.765524
0.766382
0.766833
0.766966
0.764517
0.76699
0.76699
0.76699
0.76699
0.76699
0.76699
0.76699
0.76699
0.76699
0.76699
0.76699
0.76699
0.76699
0.76699
0.76699
0.76699
0.76699
0.76699
0.76699
0.76699
0.76699
0.76699
0.76699
0.76699
0.76699
0.76699
0.76699
0.76699
0.76699
0.76699
0.76699
0.76699
0.76699
0.76699
0.76699
0.76699
0.76699
0.76699
0.76699
0.76699
0.76699
0.76699
0.76699
0.76699
0.76699
0.76699
0.76699
0.76699
0.76699
0.76699
0.76699
0.76699
0.76699
0.76699
0.76699
0.76699
0.76699
0.76699
0.76699
0.76699
0.76699
0.76699
0.76699
0.76699
0.76699
0.76699
0.76699
0.76699
0.76699
0.76699
0.76699
0.76699
0.76699
0.76699
0.76699
0.76699
0.76699
0.76699
0.76699
0.76699
0.76699
0.76699
0.76699
0.766989
0.76699
0.76699
0.76699
0.76699
0.76699
0.76699
0.76699
0.76699
0.76699
0.76699
0.76699
0.76699
0.76699
0.766816
0.766951
0.766979
0.766383
0.765449
0.76699
0.764489
0.764727
0.764842
0.764799
0.764686
0.764466
0.764537
0.764963
0.764886
0.764719
0.76699
0.76699
0.76699
0.766988
0.76699
0.76699
0.76699
0.764318
0.764359
0.764732
0.765572
0.766395
0.766834
0.766966
0.766988
0.764534
0.76699
0.76699
0.76699
0.76699
0.76699
0.76699
0.76699
0.76699
0.76699
0.76699
0.76699
0.76699
0.76699
0.76699
0.76699
0.76699
0.76699
0.76699
0.76699
0.76699
0.76699
0.76699
0.76699
0.76699
0.76699
0.76699
0.76699
0.76699
0.76699
0.76699
0.76699
0.76699
0.76699
0.76699
0.76699
0.76699
0.76699
0.76699
0.76699
0.76699
0.76699
0.76699
0.76699
0.76699
0.76699
0.76699
0.76699
0.76699
0.76699
0.76699
0.76699
0.76699
0.76699
0.76699
0.76699
0.76699
0.76699
0.76699
0.76699
0.76699
0.76699
0.76699
0.76699
0.76699
0.76699
0.76699
0.76699
0.76699
0.76699
0.76699
0.76699
0.76699
0.76699
0.76699
0.76699
0.76699
0.76699
0.766988
0.76699
0.76699
0.76699
0.76699
0.76699
0.76699
0.76699
0.76699
0.76699
0.76699
0.76699
0.76699
0.76699
0.766724
0.766926
0.766972
0.766089
0.765173
0.76699
0.764582
0.76485
0.764812
0.764691
0.76444
0.764526
0.764947
0.764872
0.764713
0.76699
0.76699
0.76699
0.76699
0.76699
0.76699
0.764348
0.764404
0.764827
0.765654
0.766428
0.76684
0.766967
0.766988
0.76699
0.764526
0.76699
0.76699
0.76699
0.76699
0.76699
0.76699
0.76699
0.76699
0.76699
0.76699
0.76699
0.76699
0.76699
0.76699
0.76699
0.76699
0.76699
0.76699
0.76699
0.76699
0.76699
0.76699
0.76699
0.76699
0.76699
0.76699
0.76699
0.76699
0.76699
0.76699
0.76699
0.76699
0.76699
0.76699
0.76699
0.76699
0.76699
0.76699
0.76699
0.76699
0.76699
0.76699
0.76699
0.76699
0.76699
0.76699
0.76699
0.76699
0.76699
0.76699
0.76699
0.76699
0.76699
0.76699
0.76699
0.76699
0.76699
0.76699
0.76699
0.76699
0.76699
0.76699
0.76699
0.766987
0.76699
0.76699
0.76699
0.76699
0.76699
0.76699
0.76699
0.76699
0.76699
0.76699
0.76699
0.76699
0.76699
0.766607
0.76689
0.766962
0.765821
0.764946
0.764483
0.764865
0.764822
0.764692
0.764414
0.764932
0.764859
0.7647
0.76699
0.76699
0.76699
0.76699
0.76699
0.764368
0.764485
0.764946
0.765763
0.766486
0.766853
0.766969
0.766988
0.76699
0.76699
0.764389
0.76699
0.76699
0.76699
0.76699
0.76699
0.76699
0.76699
0.76699
0.76699
0.76699
0.76699
0.76699
0.76699
0.76699
0.76699
0.76699
0.76699
0.76699
0.76699
0.76699
0.76699
0.76699
0.76699
0.76699
0.76699
0.76699
0.76699
0.76699
0.76699
0.76699
0.76699
0.76699
0.76699
0.76699
0.76699
0.76699
0.76699
0.76699
0.76699
0.76699
0.76699
0.76699
0.76699
0.76699
0.76699
0.76699
0.76699
0.76699
0.76699
0.766989
0.766985
0.76699
0.76699
0.76699
0.76699
0.76699
0.76699
0.76699
0.76699
0.76699
0.76699
0.76699
0.766458
0.766843
0.766949
0.765547
0.764765
0.764426
0.764875
0.764829
0.764918
0.764841
0.76699
0.76699
0.764605
0.765109
0.765907
0.766558
0.766871
0.766971
0.766988
0.76699
0.76699
0.76699
0.76699
0.76699
0.76699
0.76699
0.76699
0.76699
0.76699
0.76699
0.76699
0.76699
0.76699
0.76699
0.76699
0.76699
0.76699
0.76699
0.76699
0.76699
0.76699
0.76699
0.76699
0.76699
0.76699
0.76699
0.76699
0.76699
0.76699
0.76699
0.76699
0.76699
0.76699
0.76699
0.76699
0.76699
0.76699
0.76699
0.76699
0.76699
0.76699
0.76699
0.76699
0.76699
0.76699
0.76699
0.76699
0.766989
0.766983
0.76699
0.76699
0.76699
0.76699
0.76699
0.76699
0.766989
0.766275
0.766783
0.766933
0.765305
0.764887
0.764899
0.766074
0.766635
0.766892
0.766974
0.766988
0.76699
0.76699
0.76699
0.76699
0.76699
0.76699
0.76699
0.76699
0.76699
0.76699
0.76699
0.76699
0.76699
0.76699
0.76699
0.76699
0.76699
0.76699
0.76699
0.76699
0.76699
0.76699
0.76699
0.76699
0.76699
0.76699
0.76699
0.76699
0.76699
0.76699
0.76699
0.76699
0.76699
0.76699
0.76699
0.76699
0.76699
0.76699
0.76699
0.76699
0.76699
0.76699
0.76699
0.76699
0.76698
0.766989
0.766977
0.766712
0.766913
0.76699
0.76699
0.76699
0.76699
0.76699
0.76699
0.76699
0.76699
0.76699
0.76699
0.76699
0.76699
0.76699
0.76699
0.76699
0.76699
0.76699
0.76699
0.76699
0.76699
0.76699
0.76699
0.76699
0.76699
0.76699
0.76699
0.76699
0.76699
0.76699
0.76699
0.76699
0.76699
0.76699
0.76699
0.76699
0.76699
0.76699
0.76699
0.76699
0.76699
0.76699
0.76699
0.76699
0.76699
0.76699
0.76699
0.76699
0.76699
0.76699
0.76699
0.76699
0.76699
0.76699
0.76699
0.76699
0.76699
0.76699
0.76699
0.76699
0.76699
0.76699
0.76699
0.76699
0.76699
0.76699
0.76699
0.76699
0.76699
0.76699
0.76699
0.76699
0.76699
0.76699
0.76699
0.76699
0.76699
0.76699
0.76699
0.76699
0.76699
0.76699
0.76699
0.76699
0.76699
0.76699
0.76699
0.76699
0.76699
0.76699
0.76699
0.76699
0.76699
0.76699
0.76699
0.76699
0.76699
0.76699
0.76699
0.76699
0.76699
0.76699
0.76699
0.76699
0.76699
0.76699
0.76699
0.76699
0.76699
0.76699
0.76699
0.76699
0.76699
0.76699
0.76699
0.76699
0.76699
0.76699
0.76699
0.76699
0.76699
0.76699
0.76699
0.76699
0.76699
0.76699
0.76699
0.76699
0.76699
0.76699
0.76699
0.76699
0.76699
0.76699
0.76699
0.76699
0.76699
0.76699
0.76699
0.76699
0.76699
0.76699
0.76699
0.76699
0.76699
0.76699
0.76699
0.76699
0.76699
0.76699
0.76699
0.76699
0.76699
0.76699
0.76699
0.76699
0.76699
0.76699
0.76699
0.76699
0.76699
0.76699
0.76699
0.76699
0.76699
0.76699
0.76699
0.76699
0.76699
0.76699
0.76699
0.76699
0.76699
0.76699
0.76699
0.76699
0.76699
0.76699
0.76699
0.76699
0.76699
0.76699
0.76699
0.76699
0.76699
0.76699
0.76699
0.76699
0.76699
0.76699
0.76699
0.76699
0.76699
0.76699
0.76699
0.76699
0.76699
0.76699
0.76699
0.76699
0.76699
0.76699
0.76699
0.76699
0.76699
0.76699
0.76699
0.76699
0.76699
0.76699
0.76699
0.76699
0.76699
0.76699
0.76699
0.76699
0.76699
0.76699
0.76699
0.76699
0.76699
0.76699
0.76699
0.76699
0.76699
0.76699
0.76699
0.76699
0.76699
0.76699
0.76699
0.76699
0.76699
0.76699
0.76699
0.76699
0.76699
0.76699
0.76699
0.76699
0.76699
0.76699
0.76699
0.76699
0.76699
0.76699
0.76699
0.76699
0.76699
0.76699
0.76699
0.76699
0.76699
0.76699
0.76699
0.76699
0.76699
0.76699
0.76699
0.76699
0.76699
0.76699
0.76699
0.76699
0.76699
0.76699
0.76699
0.76699
0.76699
0.76699
0.76699
0.76699
0.76699
0.76699
0.76699
0.76699
0.76699
0.76699
0.76699
0.76699
0.76699
0.76699
0.76699
0.76699
0.76699
0.76699
0.76699
0.76699
0.76699
0.76699
0.76699
0.76699
0.76699
0.76699
0.76699
0.76699
0.76699
0.76699
0.76699
0.76699
0.76699
0.76699
0.76699
0.76699
0.76699
0.76699
0.76699
0.76699
0.76699
0.76699
0.76699
0.76699
0.76699
0.76699
0.76699
0.76699
0.76699
0.76699
0.76699
0.76699
0.76699
0.76699
0.76699
0.76699
0.76699
0.76699
0.76699
0.76699
0.76699
0.76699
0.76699
0.76699
0.76699
0.76699
0.76699
0.76699
0.76699
0.76699
0.76699
0.76699
0.76699
0.76699
0.76699
0.76699
0.76699
0.76699
0.76699
0.76699
0.76699
0.76699
0.76699
0.76699
0.76699
0.76699
0.76699
0.76699
0.76699
0.76699
0.76699
0.76699
0.76699
0.76699
0.76699
0.76699
0.76699
0.76699
0.76699
0.76699
0.76699
0.76699
0.76699
0.76699
0.76699
0.76699
0.76699
0.76699
0.76699
0.76699
0.76699
0.76699
0.76699
0.76699
0.76699
0.76699
0.76699
0.76699
0.76699
0.76699
0.76699
0.76699
0.76699
0.76699
0.76699
0.76699
0.76699
0.76699
0.76699
0.76699
0.76699
0.76699
0.76699
0.76699
0.76699
0.76699
0.76699
0.76699
0.76699
0.76699
0.76699
0.76699
0.76699
0.76699
0.76699
0.76699
0.76699
0.76699
0.76699
0.76699
0.76699
0.76699
0.76699
0.76699
0.76699
0.76699
0.76699
0.76699
0.76699
0.76699
0.76699
0.76699
0.76699
0.76699
0.76699
0.76699
0.76699
0.76699
0.76699
0.76699
0.76699
0.76699
0.76699
0.76699
0.76699
0.76699
)
;

boundaryField
{
    lowerOutlet
    {
        type            inletOutlet;
        inletValue      uniform 0.76699;
        value           nonuniform List<scalar> 
146
(
0.76699
0.76699
0.76699
0.76699
0.76699
0.76699
0.76699
0.76699
0.76699
0.76699
0.76699
0.76699
0.76699
0.76699
0.76699
0.76699
0.76699
0.76699
0.76699
0.76699
0.76699
0.76699
0.76699
0.76699
0.76699
0.76699
0.76699
0.76699
0.76699
0.76699
0.76699
0.76699
0.76699
0.76699
0.76699
0.76699
0.76699
0.76699
0.76699
0.76699
0.76699
0.76699
0.76699
0.766836
0.766412
0.76699
0.765736
0.76699
0.761838
0.76699
0.766423
0.76699
0.76699
0.76699
0.76699
0.76699
0.76699
0.76699
0.76699
0.76699
0.76699
0.76699
0.76699
0.76699
0.76699
0.76699
0.76699
0.76699
0.76699
0.76699
0.76699
0.76699
0.76699
0.76699
0.76699
0.76699
0.76699
0.76699
0.76699
0.76699
0.76699
0.76699
0.76699
0.76699
0.76699
0.76699
0.76699
0.76699
0.76699
0.76699
0.76699
0.76699
0.76699
0.76699
0.76699
0.76699
0.76699
0.76699
0.76699
0.76699
0.76699
0.76699
0.766223
0.76699
0.765814
0.76699
0.76699
0.747312
0.76699
0.76699
0.76699
0.76699
0.76699
0.76699
0.76699
0.76699
0.76699
0.76699
0.76699
0.76699
0.76699
0.76699
0.765934
0.76699
0.76699
0.76699
0.76699
0.76699
0.76699
0.76699
0.76699
0.766413
0.76699
0.766428
0.766271
0.76699
0.76699
0.76699
0.76699
0.76699
0.76699
0.76699
0.76699
0.76699
0.76699
0.76699
)
;
    }
    top
    {
        type            inletOutlet;
        inletValue      uniform 0.76699;
        value           nonuniform List<scalar> 
100
(
0.76699
0.76699
0.76699
0.76699
0.76699
0.76699
0.76699
0.76699
0.76699
0.76699
0.76699
0.76699
0.76699
0.76699
0.76699
0.76699
0.76699
0.76699
0.76699
0.76699
0.76699
0.76699
0.76699
0.76699
0.76699
0.76699
0.76699
0.76699
0.76699
0.76699
0.76699
0.76699
0.766989
0.766989
0.766988
0.766988
0.766986
0.766985
0.766983
0.766978
0.766966
0.766937
0.766868
0.766791
0.766746
0.766737
0.766756
0.766808
0.766886
0.76696
0.766986
0.76699
0.76699
0.76699
0.76699
0.76699
0.76699
0.76699
0.76699
0.76699
0.76699
0.76699
0.76699
0.76699
0.76699
0.76699
0.76699
0.76699
0.76699
0.76699
0.76699
0.76699
0.76699
0.76699
0.76699
0.76699
0.76699
0.76699
0.76699
0.76699
0.76699
0.76699
0.76699
0.76699
0.76699
0.76699
0.76699
0.76699
0.76699
0.76699
0.76699
0.76699
0.76699
0.76699
0.76699
0.76699
0.76699
0.76699
0.76699
0.76699
)
;
    }
    sides
    {
        type            inletOutlet;
        inletValue      uniform 0.76699;
        value           uniform 0.76699;
    }
    front
    {
        type            empty;
    }
    back
    {
        type            empty;
    }
    roller
    {
        type            zeroGradient;
    }
    burner
    {
        type            fixedValue;
        value           uniform 0.732;
    }
}


// ************************************************************************* //
