/*--------------------------------*- C++ -*----------------------------------*\
  =========                 |
  \\      /  F ield         | OpenFOAM: The Open Source CFD Toolbox
   \\    /   O peration     | Website:  https://openfoam.org
    \\  /    A nd           | Version:  dev
     \\/     M anipulation  |
\*---------------------------------------------------------------------------*/
FoamFile
{
    version     2.0;
    format      ascii;
    class       volScalarField;
    location    "2500";
    object      T;
}
// * * * * * * * * * * * * * * * * * * * * * * * * * * * * * * * * * * * * * //

dimensions      [0 0 0 1 0 0 0];

internalField   nonuniform List<scalar> 
9846
(
300.093
300.137
300.118
300.135
300.211
300.11
300.132
300.274
300.217
300.087
300.145
300.306
300.313
300.207
300.078
300.138
300.297
300.362
300.309
300.18
300.077
300.122
300.3
300.393
300.377
300.285
300.159
300.071
300.134
300.304
300.407
300.427
300.365
300.25
300.151
300.068
300.131
300.283
300.411
300.467
300.428
300.343
300.228
300.143
300.06
300.125
300.265
300.392
300.485
300.487
300.413
300.31
300.214
300.138
300.059
300.119
300.242
300.365
300.498
300.524
300.481
300.386
300.278
300.199
300.131
300.057
300.118
300.233
300.37
300.499
300.547
300.528
300.457
300.353
300.269
300.191
300.126
300.058
300.107
300.233
300.358
300.481
300.561
300.57
300.515
300.43
300.331
300.252
300.186
300.122
300.057
300.108
300.224
300.337
300.456
300.561
300.6
300.574
300.494
300.396
300.312
300.246
300.18
300.116
300.056
300.106
300.221
300.321
300.426
300.554
300.61
300.611
300.554
300.46
300.372
300.297
300.239
300.177
300.117
300.056
300.104
300.21
300.311
300.415
300.542
300.621
300.639
300.601
300.531
300.432
300.356
300.287
300.232
300.175
300.114
300.053
300.102
300.206
300.295
300.399
300.515
300.618
300.66
300.643
300.581
300.492
300.409
300.341
300.283
300.226
300.172
300.117
300.055
300.1
300.196
300.288
300.387
300.483
300.605
300.67
300.676
300.634
300.547
300.464
300.388
300.33
300.275
300.224
300.17
300.115
300.056
300.092
300.189
300.282
300.368
300.47
300.597
300.67
300.697
300.676
300.61
300.513
300.443
300.378
300.323
300.274
300.224
300.171
300.115
300.056
300.088
300.187
300.266
300.355
300.447
300.571
300.668
300.711
300.704
300.649
300.567
300.491
300.426
300.369
300.319
300.269
300.223
300.171
300.115
300.056
300.09
300.181
300.254
300.342
300.428
300.544
300.658
300.72
300.732
300.694
300.622
300.542
300.472
300.414
300.362
300.316
300.27
300.223
300.171
300.114
300.056
300.086
300.168
300.248
300.333
300.414
300.513
300.645
300.72
300.75
300.731
300.665
300.592
300.514
300.457
300.401
300.356
300.314
300.27
300.223
300.173
300.116
300.056
300.079
300.164
300.238
300.316
300.398
300.491
300.622
300.709
300.762
300.763
300.713
300.639
300.563
300.499
300.446
300.399
300.354
300.314
300.269
300.225
300.172
300.117
300.056
300.076
300.16
300.225
300.306
300.386
300.475
300.596
300.7
300.766
300.783
300.754
300.684
300.61
300.537
300.485
300.437
300.396
300.353
300.314
300.272
300.227
300.175
300.118
300.056
300.076
300.151
300.216
300.293
300.373
300.451
300.57
300.684
300.763
300.797
300.784
300.73
300.656
300.582
300.522
300.475
300.431
300.394
300.357
300.317
300.276
300.227
300.176
300.117
300.055
300.074
300.143
300.216
300.281
300.36
300.433
300.55
300.664
300.753
300.804
300.808
300.766
300.7
300.623
300.562
300.509
300.468
300.429
300.394
300.356
300.318
300.278
300.231
300.179
300.12
300.054
300.071
300.137
300.21
300.273
300.351
300.415
300.525
300.635
300.741
300.804
300.824
300.797
300.74
300.671
300.6
300.546
300.502
300.464
300.428
300.395
300.36
300.323
300.282
300.236
300.181
300.12
300.054
300.065
300.135
300.199
300.265
300.34
300.408
300.5
300.605
300.726
300.8
300.836
300.826
300.778
300.71
300.638
300.58
300.534
300.497
300.463
300.431
300.399
300.365
300.329
300.288
300.24
300.185
300.122
300.054
300.064
300.133
300.193
300.258
300.324
300.399
300.481
300.59
300.711
300.792
300.842
300.848
300.811
300.749
300.678
300.615
300.567
300.528
300.496
300.465
300.435
300.405
300.372
300.336
300.294
300.246
300.189
300.123
300.054
300.059
300.121
300.188
300.249
300.311
300.383
300.468
300.554
300.685
300.781
300.843
300.864
300.839
300.784
300.714
300.649
300.599
300.558
300.527
300.497
300.469
300.441
300.412
300.38
300.343
300.302
300.252
300.193
300.125
300.055
300.056
300.122
300.18
300.241
300.304
300.374
300.45
300.535
300.664
300.768
300.84
300.874
300.865
300.816
300.75
300.683
300.629
300.587
300.555
300.528
300.501
300.476
300.449
300.421
300.389
300.353
300.31
300.259
300.198
300.128
300.055
300.058
300.12
300.176
300.233
300.29
300.355
300.434
300.52
300.634
300.745
300.834
300.88
300.882
300.847
300.783
300.716
300.659
300.615
300.583
300.556
300.531
300.508
300.484
300.459
300.431
300.4
300.363
300.32
300.267
300.204
300.131
300.056
300.056
300.114
300.17
300.22
300.287
300.354
300.426
300.504
300.607
300.727
300.82
300.882
300.899
300.871
300.815
300.746
300.688
300.643
300.609
300.583
300.56
300.538
300.517
300.495
300.471
300.444
300.412
300.376
300.331
300.277
300.21
300.134
300.056
300.054
300.106
300.157
300.212
300.276
300.343
300.416
300.484
300.581
300.7
300.808
300.879
300.912
300.897
300.843
300.776
300.712
300.668
300.634
300.608
300.586
300.567
300.549
300.53
300.509
300.485
300.458
300.427
300.39
300.344
300.287
300.217
300.134
300.024
300.058
300.053
300.107
300.158
300.211
300.272
300.337
300.405
300.469
300.566
300.678
300.786
300.871
300.919
300.92
300.877
300.803
300.736
300.687
300.656
300.631
300.612
300.595
300.58
300.564
300.547
300.527
300.504
300.477
300.445
300.407
300.359
300.298
300.218
300.099
300.144
300.023
300.057
300.051
300.106
300.156
300.204
300.269
300.327
300.398
300.464
300.549
300.656
300.769
300.859
300.919
300.938
300.908
300.842
300.763
300.705
300.672
300.654
300.639
300.628
300.618
300.608
300.595
300.578
300.557
300.532
300.502
300.468
300.427
300.375
300.276
300.318
300.194
300.263
300.243
300.098
300.144
300.023
300.058
300.047
300.102
300.155
300.197
300.257
300.322
300.388
300.457
300.535
300.63
300.751
300.85
300.916
300.949
300.937
300.883
300.805
300.735
300.691
300.675
300.675
300.683
300.692
300.698
300.695
300.678
300.652
300.62
300.586
300.547
300.504
300.453
300.363
300.404
300.312
300.195
300.291
300.249
300.099
300.147
300.023
300.059
300.049
300.103
300.149
300.195
300.25
300.321
300.38
300.439
300.519
300.604
300.735
300.834
300.913
300.954
300.959
300.922
300.852
300.776
300.725
300.707
300.734
300.8
300.884
300.954
300.989
300.979
300.929
300.86
300.79
300.724
300.656
300.577
300.449
300.502
300.362
300.412
300.339
300.2
300.302
300.256
300.101
300.151
300.023
300.06
300.045
300.101
300.152
300.202
300.251
300.317
300.376
300.431
300.515
300.596
300.715
300.822
300.905
300.955
300.967
300.944
300.887
300.815
300.764
300.76
300.846
301.036
301.301
301.542
301.68
301.714
301.648
301.508
301.352
301.221
301.101
300.976
300.587
300.775
300.469
300.551
300.389
300.446
300.357
300.206
300.315
300.267
300.104
300.155
300.024
300.061
300.047
300.101
300.151
300.203
300.258
300.316
300.366
300.433
300.51
300.589
300.697
300.805
300.894
300.954
300.973
300.952
300.903
300.842
300.804
300.825
300.987
301.361
301.847
302.322
302.656
302.836
302.858
302.777
302.597
302.372
302.185
302.063
301.2
302.078
300.721
301.126
300.526
300.685
300.416
300.496
300.377
300.214
300.332
300.281
300.106
300.16
300.024
300.062
300.044
300.097
300.146
300.2
300.245
300.312
300.366
300.436
300.503
300.584
300.681
300.787
300.882
300.952
300.983
300.968
300.913
300.857
300.829
300.888
301.153
301.693
302.44
303.097
303.624
303.99
304.218
304.317
304.307
304.207
304.035
303.952
302.936
304.065
301.942
302.948
301.063
301.88
300.646
301.006
300.457
300.599
300.412
300.225
300.36
300.302
300.109
300.167
300.025
300.064
300.047
300.098
300.143
300.198
300.248
300.313
300.369
300.434
300.504
300.578
300.671
300.769
300.867
300.945
300.989
300.987
300.939
300.867
300.848
300.937
301.303
302.032
302.934
303.856
304.536
305.053
305.442
305.729
305.96
306.135
306.214
306.149
305.049
306.288
304.051
305.208
302.936
304.112
301.817
302.948
300.939
301.737
300.544
300.854
300.482
300.239
300.413
300.339
300.112
300.175
300.026
300.066
300.044
300.093
300.141
300.19
300.242
300.301
300.372
300.421
300.489
300.569
300.653
300.757
300.852
300.936
300.99
301.003
300.967
300.889
300.855
300.959
301.409
302.293
303.413
304.375
305.057
305.565
306.006
306.428
306.882
307.354
307.839
308.203
307.27
308.405
306.393
307.55
305.353
306.616
304.212
305.552
302.965
304.346
301.62
302.959
300.756
301.447
300.647
300.262
300.532
300.415
300.117
300.187
300.027
300.069
300.045
300.095
300.141
300.19
300.24
300.279
300.368
300.431
300.476
300.575
300.646
300.748
300.84
300.925
300.988
301.013
300.992
300.922
300.864
300.962
301.449
302.462
303.696
304.619
305.131
305.529
305.928
306.366
306.903
307.53
308.305
309.246
309.198
309.963
308.645
309.607
307.858
309.025
306.914
308.252
305.81
307.294
304.492
306.112
302.889
304.604
301.26
302.684
301.044
300.305
300.815
300.596
300.123
300.207
300.029
300.072
300.047
300.097
300.145
300.196
300.241
300.273
300.367
300.435
300.492
300.584
300.628
300.737
300.831
300.915
300.984
301.02
301.012
300.954
300.884
300.959
301.447
302.532
303.842
304.59
305.025
305.326
305.597
305.931
306.442
307.157
308.135
309.331
310.379
310.549
310.413
311.025
310.071
310.963
309.512
310.644
308.742
310.1
307.749
309.321
306.424
308.236
304.633
306.693
302.358
304.522
301.912
300.401
301.474
301.029
300.131
300.249
300.03
300.075
300.049
300.101
300.15
300.202
300.243
300.274
300.368
300.445
300.495
300.577
300.635
300.739
300.822
300.907
300.977
301.023
301.028
300.984
300.91
300.95
301.424
302.527
303.802
304.464
304.782
304.856
304.737
304.698
305.066
305.877
307.112
308.818
310.939
311.333
311.68
311.671
312.196
311.612
312.408
311.314
312.351
310.77
312.044
309.951
311.481
308.716
310.575
306.864
309.132
304.223
306.863
303.652
300.636
302.845
301.983
300.145
300.346
300.031
300.079
300.053
300.107
300.158
300.21
300.245
300.279
300.376
300.454
300.495
300.582
300.647
300.738
300.82
300.9
300.971
301.023
301.04
301.01
300.939
300.938
301.356
302.469
303.69
304.246
304.454
304.168
303.512
303.462
303.973
304.666
305.666
307.198
309.793
312.58
312.44
312.509
312.591
313.021
313.466
313.188
313.859
313.096
313.927
312.765
313.777
312.161
313.416
311.133
312.752
309.41
311.574
306.628
309.474
306.135
301.192
305.207
303.85
300.171
300.585
300.033
300.084
300.061
300.118
300.171
300.217
300.246
300.288
300.396
300.464
300.501
300.584
300.644
300.739
300.82
300.897
300.966
301.022
301.048
301.032
300.97
300.934
301.25
302.322
303.509
304.009
304.073
303.424
302.503
302.575
303.174
303.957
305.041
306.668
309.117
312.222
311.962
313.825
313.778
313.726
313.822
314.345
314.672
314.555
314.959
314.516
314.991
314.332
314.942
313.944
314.75
313.213
314.343
311.83
313.524
309.315
311.887
308.839
302.342
307.96
306.482
300.237
301.139
300.034
300.09
300.072
300.139
300.191
300.224
300.257
300.309
300.422
300.473
300.511
300.59
300.656
300.756
300.821
300.896
300.963
301.02
301.054
301.049
301
300.94
301.142
302.098
303.306
303.772
303.696
302.774
301.875
301.903
302.514
303.705
305.31
307.095
309.413
311.892
311.876
313.661
313.576
314.846
314.755
314.833
314.873
315.189
315.303
315.281
315.438
315.315
315.518
315.267
315.584
315.085
315.57
314.649
315.398
313.683
314.882
311.721
313.696
311.278
304.392
310.438
309.042
300.385
302.171
300.032
300.105
300.07
300.155
300.222
300.241
300.277
300.364
300.458
300.492
300.53
300.604
300.67
300.77
300.825
300.898
300.963
301.019
301.057
301.064
301.027
300.96
301.052
301.838
303.087
303.558
303.368
302.279
301.51
301.458
301.877
303.339
305.531
308.2
310.548
312.612
313.5
313.527
314.593
314.395
315.184
315.019
315.317
315.281
315.484
315.471
315.602
315.589
315.747
315.789
315.88
316.051
315.921
316.282
315.724
316.347
315.035
316.036
313.545
315.094
313.167
306.878
312.434
311.206
300.704
303.853
300.034
300.193
300.116
300.233
300.29
300.338
300.429
300.482
300.515
300.556
300.626
300.687
300.775
300.84
300.906
300.964
301.019
301.06
301.075
301.052
300.988
300.996
301.572
302.838
303.374
303.134
301.947
301.321
301.217
301.423
302.36
304.638
307.547
310.13
312.104
313.479
312.909
314.143
313.866
314.799
314.514
315.11
314.835
315.419
315.303
315.531
315.404
315.752
315.619
316.087
316.038
316.508
316.592
316.82
317.101
316.838
317.338
316.291
317.256
315.021
316.45
314.729
309.27
314.123
313.099
301.647
306.632
300.03
300.328
300.154
300.322
300.46
300.496
300.508
300.532
300.587
300.653
300.71
300.785
300.851
300.916
300.972
301.021
301.062
301.085
301.072
301.018
300.979
301.329
302.521
303.213
303.011
301.811
301.252
301.129
301.182
301.568
302.685
305.026
308.169
310.504
312.215
311.168
312.944
311.962
314.144
313.643
314.465
313.971
314.495
314.009
315.182
314.881
315.36
315.014
315.878
315.57
316.557
316.399
317.194
317.133
317.495
317.485
317.626
317.657
317.568
317.837
316.467
317.767
316.255
311.586
315.76
315.153
313.706
303.065
309.297
300.034
300.626
300.22
300.532
300.55
300.552
300.574
300.627
300.687
300.74
300.803
300.869
300.936
300.982
301.027
301.066
301.092
301.09
301.047
300.983
301.147
302.136
303.06
302.954
301.815
301.252
301.121
301.104
301.196
301.62
302.684
304.454
306.404
306.759
310.725
308.567
311.327
309.91
313.314
312.447
313.396
312.614
313.433
312.697
314.578
314.054
315.114
314.546
316.062
315.581
316.959
316.647
317.394
317.207
317.481
317.173
317.571
316.934
318.021
317.313
317.878
318.111
318.152
316.939
317.803
314.614
312.214
313.986
316.394
317.491
317.681
316.015
305.506
313.236
312.275
310.014
300.161
302.064
300.387
300.656
300.613
300.627
300.676
300.73
300.776
300.827
300.888
300.947
301.001
301.038
301.073
301.099
301.104
301.075
301.008
301.05
301.744
302.859
302.955
301.869
301.287
301.142
301.106
301.101
301.175
301.486
302.069
302.632
302.61
304.249
302.148
308.192
306.12
308.93
307.192
311.623
310.396
311.811
310.723
312.262
311.283
313.882
313.123
314.994
314.284
316.194
315.615
316.925
316.521
316.823
316.466
316.149
315.523
315.801
315.408
314.749
317.708
316.893
314.875
315.981
318.19
318.26
318.284
317.754
318.295
315.537
314.993
317.209
318.129
318.243
316.869
311.249
306.771
309.612
314.334
313.562
302.26
308.804
306.473
303.508
300.734
300.707
300.702
300.729
300.775
300.817
300.859
300.911
300.967
301.028
301.053
301.082
301.107
301.116
301.098
301.04
301.017
301.409
302.547
302.953
302.012
301.402
301.21
301.147
301.116
301.08
301.067
301.128
301.202
301.168
300.988
302.089
301.248
305.254
303.376
306.273
304.615
309.433
307.94
310.163
308.916
311.588
310.519
313.473
312.57
314.922
314.14
315.992
315.372
316.072
315.587
315.082
314.779
314.35
313.991
313.804
313.682
313.966
313.095
313.878
313.421
316.876
315.729
313.338
314.501
317.845
318.403
317.993
316.897
318.471
316.462
316.001
317.938
318.493
318.487
317.678
312.671
311.639
315.456
314.838
307.055
308.112
308.593
311.154
310.304
300.813
300.786
300.795
300.825
300.86
300.895
300.939
300.99
301.042
301.072
301.096
301.116
301.128
301.117
301.072
301.017
301.188
302.132
302.909
302.3
301.593
301.386
301.297
301.219
301.117
301.016
300.929
300.887
300.842
300.773
300.821
300.727
301.334
300.962
303.148
302.026
304.782
303.517
307.571
306.167
309.366
308.156
311.391
310.347
313.288
312.374
314.679
313.931
315.041
314.481
314.565
314.388
313.698
313.778
313.911
314.072
313.097
312.941
312.973
313.135
312.446
311.869
312.572
312.309
315.61
314.188
311.872
312.872
317.009
318.165
317.211
315.607
318.337
317.366
316.995
318.431
318.469
318.568
318.323
314.152
313.52
316.56
316.066
311.551
310.652
312.974
313.411
313.156
300.87
300.865
300.882
300.906
300.934
300.97
301.015
301.056
301.101
301.112
301.129
301.14
301.134
301.101
301.034
301.079
301.698
302.755
302.583
301.787
301.62
301.639
301.553
301.308
301.097
300.95
300.864
300.809
300.758
300.709
300.744
300.702
301.123
300.858
302.428
301.625
304.465
303.354
306.893
305.642
309.259
308.163
311.434
310.518
313.14
312.308
313.877
313.237
314.205
313.831
314.193
314.311
314.379
314.44
313.376
313.659
313.976
314.317
312.307
312.498
312.811
313.225
311.368
311.739
311.3
311.837
314.025
312.552
311.009
311.46
315.745
317.468
316.01
314.028
317.761
318.164
317.918
318.63
318.058
318.328
318.65
315.54
315.087
317.584
317.159
314.121
308
313.097
315
314.894
300.934
300.938
300.956
300.976
301.005
301.043
301.079
301.121
301.134
301.144
301.153
301.151
301.126
301.069
301.048
301.361
302.396
302.685
302.056
301.811
301.972
302.035
301.824
301.405
301.086
300.918
300.835
300.782
300.73
300.68
300.69
300.707
300.68
301.03
300.799
302.311
301.508
304.854
303.524
307.094
306.026
309.568
308.576
311.049
310.21
312.549
311.818
313.326
312.719
314.72
314.538
314.641
314.941
315.157
315.232
313.73
314.283
314.856
315.421
312.194
312.698
313.342
314.072
310.999
311.546
311.367
312.064
312.41
311.208
310.81
310.777
314.211
316.367
314.542
312.451
316.798
318.657
318.594
318.563
317.268
317.739
318.753
316.694
316.29
318.429
318.107
315.169
303.26
311.066
316.172
316.054
300.994
301.004
301.021
301.042
301.074
301.106
301.137
301.159
301.163
301.168
301.167
301.149
301.102
301.048
301.167
301.935
302.664
302.38
301.97
302.214
302.444
302.388
302.049
301.488
301.089
300.902
300.819
300.769
300.716
300.666
300.678
300.671
300.662
300.92
300.729
302.287
301.392
304.885
303.328
307.503
306.289
309.28
308.254
310.134
309.08
311.979
311.119
314.019
313.251
317.151
317.159
316.76
317.024
315.946
316.4
316.764
317.02
314.861
315.665
316.447
317.167
312.794
313.637
314.585
315.577
311.309
312.076
312.129
312.973
311.122
310.662
311.238
310.7
312.676
314.989
313.05
311.185
315.534
318.886
318.973
318.165
316.136
316.787
318.561
317.707
317.36
318.998
318.934
315.158
302.333
309.378
317.123
316.804
301.05
301.064
301.084
301.108
301.135
301.157
301.192
301.188
301.187
301.184
301.169
301.132
301.066
301.086
301.517
302.528
302.572
302.18
302.331
302.746
302.864
302.669
302.167
301.517
301.071
300.883
300.804
300.751
300.69
300.713
300.653
300.67
300.645
300.645
300.759
300.662
301.942
301.097
304.058
302.412
307.071
305.67
307.954
306.724
309.859
308.525
312.263
311.113
316.396
315.954
315.656
318.903
318.844
318.284
318.622
317.791
318.289
318.65
318.855
316.57
317.514
318.368
319.096
314.02
315.148
316.306
317.43
312.155
313.197
313.388
314.41
310.627
310.634
312.138
311.153
311.406
313.564
311.782
310.669
314.191
318.934
319.186
317.467
314.909
315.725
318.148
318.681
318.307
319.382
319.524
314.728
301.045
307.478
317.91
317.265
301.103
301.123
301.146
301.167
301.186
301.212
301.215
301.209
301.202
301.189
301.16
301.103
301.071
301.254
302.135
302.584
302.423
302.403
302.895
303.23
303.204
302.848
302.209
301.466
301.012
300.864
300.789
300.734
300.68
300.702
300.648
300.662
300.629
300.634
300.666
300.632
301.265
300.799
302.456
301.394
305.374
303.906
307.107
305.629
310.918
309.129
314.275
312.682
317.829
317.247
317.485
316.788
320.217
319.908
319.029
319.493
319.669
320.068
320.288
320.322
318.472
319.39
320.153
320.737
315.696
316.973
318.181
319.267
313.503
314.764
315.032
316.183
310.603
311.027
313.504
312.042
310.78
312.344
311.021
310.592
313.029
318.745
319.306
316.596
313.861
314.802
317.508
319.508
319.163
319.688
319.979
314.344
300.772
307.212
318.618
317.679
301.158
301.183
301.202
301.217
301.231
301.245
301.235
301.224
301.21
301.185
301.137
301.077
301.129
301.65
302.5
302.564
302.525
302.908
303.429
303.626
303.454
302.923
302.183
301.328
300.962
300.845
300.774
300.708
300.727
300.67
300.69
300.639
300.654
300.618
300.625
300.633
300.618
300.881
300.692
301.753
301.092
304.158
302.826
307.322
305.614
312.955
311.102
316.238
315.436
314.621
318.533
318.015
317.528
316.988
320.652
320.126
319.047
319.592
321.133
321.314
321.307
321.071
320.195
320.945
321.504
321.858
317.556
318.818
319.918
320.83
315.172
316.583
316.862
318.048
310.89
311.796
315.084
313.297
310.659
311.517
310.839
310.731
312.28
318.466
319.311
315.829
313.19
314.244
316.979
320.146
319.951
319.952
320.377
314.589
301.283
308.252
319.311
318.289
301.215
301.237
301.254
301.263
301.281
301.265
301.249
301.232
301.208
301.169
301.105
301.093
301.325
302.205
302.565
302.625
302.885
303.452
303.888
303.932
303.584
302.935
302.008
301.196
300.92
300.826
300.756
300.701
300.717
300.662
300.681
300.631
300.646
300.61
300.618
300.619
300.61
300.788
300.664
301.698
301.069
304.054
302.724
309.116
307.141
313.74
312.962
311.76
316.438
315.788
314.413
315.021
318.523
318.026
316.901
316.506
320.605
319.884
318.367
319.084
322.006
321.975
321.697
321.214
321.538
322.054
322.395
322.527
319.355
320.466
321.357
322.03
316.943
318.439
318.676
319.805
311.416
312.77
316.59
314.571
310.746
311.265
310.954
311.099
312.027
318.203
319.322
315.482
313.042
314.233
316.824
320.683
320.655
320.219
320.782
315.539
307.718
313.687
320.033
319.253
301.268
301.289
301.301
301.304
301.299
301.278
301.257
301.232
301.197
301.143
301.094
301.168
301.719
302.483
302.64
302.839
303.415
303.953
304.256
304.135
303.628
302.815
301.766
301.057
300.888
300.806
300.725
300.751
300.691
300.708
300.654
300.672
300.622
300.637
300.602
300.61
300.607
300.593
300.776
300.651
302.193
301.228
305.279
303.613
309.955
307.994
313.359
312.713
311.16
310.454
316.087
315.596
313.918
314.394
317.778
317.31
315.649
315.396
320.206
319.16
317.154
318.078
322.491
322.213
321.74
321.095
322.522
322.844
322.954
322.91
320.931
321.807
322.448
322.907
318.543
320.15
320.24
321.316
312.172
313.838
317.995
315.868
311.015
311.398
311.268
311.716
312.146
318.187
319.441
315.537
313.198
314.482
316.941
321.17
321.245
320.572
321.2
318.279
315.637
318.093
320.73
320.084
301.322
301.34
301.336
301.328
301.311
301.285
301.258
301.225
301.178
301.112
301.114
301.366
302.195
302.609
302.801
303.287
303.924
304.383
304.527
304.225
303.582
302.579
301.465
300.977
300.863
300.786
300.718
300.74
300.681
300.698
300.644
300.663
300.611
300.627
300.58
300.596
300.59
300.58
300.805
300.642
302.385
301.264
306.03
304.119
309.735
308.846
307.292
312.32
311.779
309.765
309.242
315.132
314.802
312.759
313.108
316.45
315.974
313.978
313.796
319.642
318.383
315.799
317.042
322.641
322.203
321.593
320.728
323.197
323.269
323.215
322.972
322.19
322.796
323.206
323.452
319.919
321.551
321.464
322.476
313.126
315.038
319.327
317.199
311.622
311.832
311.915
312.677
312.671
318.362
319.778
315.886
313.895
315.351
317.357
321.615
321.744
320.976
321.606
319.658
316.34
319.815
321.432
320.945
301.375
301.37
301.351
301.344
301.317
301.287
301.254
301.21
301.151
301.111
301.193
301.724
302.485
302.754
303.123
303.809
304.373
304.727
304.69
304.237
303.395
302.236
301.194
300.929
300.839
300.763
300.707
300.727
300.672
300.688
300.633
300.655
300.596
300.614
300.572
300.583
300.583
300.571
300.802
300.635
302.078
301.126
305.479
303.7
308.648
308.01
304.991
305.767
310.621
310.22
307.745
307.355
313.617
313.388
310.947
311.199
314.85
314.293
312.075
311.819
318.935
317.503
314.526
315.978
322.573
322.02
321.209
320.188
323.49
323.429
323.203
322.835
323.084
323.433
323.607
323.624
321.122
322.547
322.437
323.226
314.313
316.353
320.592
318.549
312.577
312.613
312.972
313.84
313.768
318.847
320.23
316.871
315.238
316.73
318.204
322.004
322.171
321.376
321.957
320.704
313.732
319.737
322.005
321.601
301.401
301.381
301.364
301.352
301.318
301.284
301.242
301.189
301.123
301.132
301.377
302.132
302.667
302.994
303.572
304.285
304.75
304.972
304.748
304.124
303.085
301.804
301.044
300.895
300.816
300.729
300.716
300.757
300.696
300.661
300.676
300.612
300.631
300.586
300.598
300.562
300.572
300.566
300.558
300.745
300.608
301.353
300.854
303.588
302.376
306.897
306.366
303.955
304.309
308.371
308.073
305.453
305.197
311.613
311.408
308.636
308.871
313.329
312.528
310.245
309.766
318.131
316.551
313.25
314.868
322.343
321.622
320.677
319.528
323.562
323.336
322.991
322.555
323.592
323.689
323.683
323.607
322.181
323.258
323.172
323.607
315.626
317.793
321.929
320.037
313.887
313.991
314.704
315.427
315.372
319.355
320.668
317.936
316.722
317.775
318.862
322.338
322.501
321.706
322.234
321.103
309.441
318.135
322.445
321.946
301.411
301.39
301.376
301.355
301.316
301.276
301.225
301.162
301.126
301.205
301.677
302.458
302.873
303.334
304.05
304.692
305.055
305.108
304.716
303.877
302.652
301.364
300.968
300.867
300.793
300.708
300.721
300.745
300.685
300.638
300.665
300.604
300.619
300.574
300.589
300.549
300.561
300.545
300.542
300.646
300.569
300.781
300.617
302.133
301.691
301.1
304.933
304.634
302.397
302.627
305.959
305.684
303.383
303.156
309.404
309.114
306.253
306.592
311.889
310.917
308.608
307.96
317.294
315.582
311.994
313.759
321.925
321.103
320.073
318.82
323.362
323.037
322.64
322.101
323.69
323.661
323.567
323.303
322.888
323.505
323.261
323.585
317.473
319.691
322.324
321.538
315.983
315.908
316.899
317.725
317.013
319.853
320.971
318.652
317.772
318.365
319.253
322.583
322.725
321.942
322.426
320.83
301.754
311.816
322.647
321.903
301.419
301.397
301.383
301.354
301.31
301.263
301.203
301.137
301.146
301.36
302.02
302.687
303.144
303.742
304.499
305.024
305.277
305.143
304.55
303.495
302.114
301.114
300.924
300.842
300.77
300.698
300.71
300.733
300.676
300.63
300.655
300.596
300.613
300.564
300.58
300.535
300.549
300.521
300.525
300.55
300.528
300.586
300.52
301.435
301.264
300.673
300.836
302.998
302.82
301.628
301.833
303.977
303.646
302.595
302.392
307.42
306.963
304.321
304.74
310.5
309.418
307.152
306.413
316.64
314.797
310.8
312.811
321.396
320.539
319.456
318.197
322.987
322.591
322.072
321.489
323.545
323.421
323.085
322.695
322.639
323.346
322.711
323.3
319.524
320.89
321.69
321.469
318.11
317.6
318.283
319.274
317.943
319.994
321.053
318.781
318.244
318.614
319.292
322.743
322.823
322.109
322.573
319.547
300.338
305.279
322.653
321.697
301.424
301.402
301.387
301.349
301.3
301.245
301.177
301.142
301.207
301.605
302.32
302.933
303.469
304.166
304.885
305.281
305.397
305.068
304.245
302.978
301.533
301.005
300.893
300.819
300.735
300.721
300.764
300.688
300.7
300.668
300.623
300.644
300.587
300.604
300.553
300.57
300.52
300.537
300.495
300.507
300.497
300.492
300.663
300.58
300.523
300.493
301.25
301.029
300.815
302.218
302.024
301.505
301.774
303.027
302.784
302.595
302.415
305.775
305.199
303.263
303.606
309.171
308.018
305.903
305.183
316.403
314.49
310.129
312.4
320.804
319.998
318.992
317.836
322.259
321.796
321.239
320.703
323.116
322.624
322.139
321.704
321.65
322.458
321.444
322.15
320.16
320.711
321.147
320.893
318.902
318.17
318.478
319.459
318.161
320.055
321.097
318.962
318.302
318.512
319.405
322.787
322.83
322.076
322.493
316.2
300.095
302.85
322.554
320.968
301.427
301.405
301.388
301.34
301.286
301.224
301.154
301.158
301.331
301.878
302.592
303.206
303.83
304.57
305.193
305.47
305.413
304.857
303.796
302.343
301.178
300.95
300.866
300.797
300.713
300.727
300.752
300.679
300.69
300.657
300.613
300.633
300.576
300.594
300.541
300.558
300.504
300.523
300.477
300.491
300.473
300.469
300.723
300.658
300.539
300.476
300.505
301.461
301.08
301.044
302.245
302.019
301.938
302.421
302.913
302.73
303.439
303.29
304.564
303.985
303.07
303.334
308.126
306.686
305.046
304.466
316.294
314.42
309.96
312.322
320.163
319.593
318.729
317.608
321.313
320.871
320.543
320.141
321.339
320.947
320.618
320.241
315.786
321.414
315.74
321.158
319.721
320.101
316.24
315.964
318.648
318.116
318.187
318.994
318.033
319.976
320.996
318.899
318.198
318.348
319.368
322.778
322.742
321.953
322.388
314.038
300.02
301.046
322.329
319.697
301.428
301.407
301.386
301.329
301.269
301.199
301.157
301.205
301.515
302.154
302.866
303.507
304.2
304.935
305.425
305.578
305.306
304.499
303.199
301.648
301.035
300.915
300.842
300.775
300.703
300.716
300.741
300.669
300.68
300.643
300.602
300.623
300.563
300.581
300.527
300.544
300.49
300.507
300.464
300.475
300.462
300.459
300.961
300.841
300.594
300.48
300.533
302.286
301.575
301.593
303.113
302.815
303.089
303.837
303.499
303.447
305.199
305.066
304.052
303.633
303.534
303.691
307.748
305.921
304.928
304.354
316.366
314.7
310.227
312.687
319.606
318.939
318.493
317.367
320.111
319.899
319.626
319.293
315.22
315.206
315.22
315.14
311.178
315.902
311.038
315.724
315.637
316.077
311.334
311.314
315.064
317.817
314.753
315.932
317.928
319.991
320.839
318.531
318.086
318.116
318.902
322.679
322.609
321.831
322.083
309.613
299.881
300.355
321.943
318.553
301.429
301.406
301.38
301.316
301.251
301.176
301.171
301.296
301.734
302.432
303.145
303.826
304.558
305.244
305.583
305.577
305.054
303.982
302.472
301.218
300.973
300.888
300.82
300.756
300.73
300.693
300.706
300.656
300.67
300.632
300.589
300.61
300.549
300.568
300.511
300.53
300.475
300.492
300.454
300.463
300.45
300.445
301.425
301.123
300.696
300.489
300.577
303.557
302.491
302.401
304.818
304.404
304.665
305.643
305.136
305.182
307.737
307.478
304.075
303.817
305.048
305.018
307.913
305.791
305.523
305.027
316.65
315.572
311.535
313.912
319.001
318.436
318.212
317.385
315.117
315.057
315.025
314.983
310.913
310.914
310.967
310.94
306.199
311.16
306.124
310.999
311.246
311.323
306.28
306.275
311.028
314.474
310.812
311.301
314.307
319.312
320.599
318.454
314.287
313.963
318.834
322.478
322.473
321.473
321.95
305.827
385.001
301.242
321.571
316.062
301.428
301.407
301.372
301.301
301.229
301.175
301.205
301.431
301.977
302.709
303.433
304.153
304.892
305.48
305.672
305.442
304.64
303.305
301.684
301.056
300.936
300.864
300.799
300.738
300.72
300.711
300.682
300.696
300.641
300.655
300.619
300.575
300.597
300.536
300.555
300.498
300.517
300.465
300.479
300.434
300.453
300.453
300.497
300.432
300.426
302.023
301.485
300.836
300.627
304.934
303.595
303.225
307.064
306.444
306.283
307.519
307.695
307.755
310.755
310.262
304.934
304.919
307.529
307.329
309.137
306.563
307.557
306.963
317.04
316.56
314.184
315.88
315.112
317.755
317.724
317.487
311.037
311.042
311.164
311.172
306.105
306.148
306.178
306.201
301.937
306.252
301.927
306.133
306.267
306.287
301.951
301.956
306.188
310.572
306.092
306.294
310.396
319.618
320.15
314.012
310.251
310.036
313.913
322.312
322.218
321.366
321.793
306.64
662.336
310.403
320.784
315.825
301.428
301.405
301.361
301.284
301.204
301.187
301.269
301.602
302.234
302.988
303.73
304.479
305.198
305.633
305.656
305.147
304.051
302.49
301.229
300.991
300.908
300.841
300.78
300.722
300.702
300.695
300.686
300.671
300.628
300.64
300.606
300.564
300.585
300.526
300.544
300.487
300.507
300.456
300.47
300.418
300.432
300.515
300.454
300.432
300.417
302.571
301.795
300.989
300.686
306.122
304.604
303.857
309.556
308.624
307.695
309.256
310.94
310.958
313.915
313.139
306.912
307.023
310.834
310.589
311.985
309.24
311.747
310.5
315.428
316.814
316.665
316.743
311.47
315.436
315.091
315.275
306.313
306.341
306.438
306.49
301.908
301.92
301.933
301.947
301.938
301.909
301.951
301.952
301.936
305.97
301.913
301.956
305.879
319.221
313.819
320.454
310.043
305.79
305.662
309.844
322.08
321.947
321.126
321.463
307.895
751.733
328.916
320.167
315.881
301.426
301.402
301.349
301.265
301.197
301.211
301.365
301.803
302.499
303.271
304.036
304.799
305.458
305.702
305.49
304.67
303.288
301.636
301.066
300.955
300.885
300.821
300.763
300.708
300.687
300.681
300.678
300.668
300.657
300.619
300.633
300.596
300.555
300.575
300.516
300.536
300.477
300.496
300.438
300.462
300.411
300.424
300.522
300.45
300.426
300.406
300.422
300.407
302.84
301.878
301.11
300.7
306.958
305.307
304.07
312.051
310.729
308.787
310.681
314.599
314.408
316.919
315.786
310.196
310.239
314.57
314.442
316.091
314.139
317.604
315.924
312.263
315.843
317.162
315.931
306.638
311.761
311.682
312.179
301.981
301.994
302.04
302.061
301.868
301.845
314.021
309.764
319.999
314.096
305.629
301.809
301.777
305.537
321.98
321.629
320.831
321.433
309.05
911.74
404.573
319.698
315.692
301.424
301.398
301.335
301.241
301.207
301.254
301.494
302.028
302.771
303.563
304.352
305.112
305.63
305.667
305.144
304
302.382
301.211
301.005
300.928
300.864
300.803
300.747
300.697
300.673
300.666
300.658
300.648
300.646
300.64
300.609
300.625
300.587
300.546
300.566
300.505
300.526
300.468
300.486
300.431
300.446
300.396
300.403
300.411
300.522
300.446
300.413
300.402
302.862
301.855
301.132
300.696
307.382
305.546
304.048
314.305
312.553
309.498
311.714
318.164
317.704
319.534
318.037
314.827
314.427
318.345
318.534
317.752
318.097
319.594
320.21
307.168
312.507
316.482
312.84
302.115
306.782
306.827
307
309.774
305.499
314.797
309.806
301.767
301.735
321.772
321.3
320.868
314.572
321.023
313.643
946.138
553.93
319.208
315.084
301.421
301.391
301.317
301.227
301.225
301.321
301.655
302.274
303.055
303.87
304.685
305.403
305.688
305.462
304.591
303.146
301.532
301.068
300.972
300.906
300.845
300.788
300.734
300.686
300.656
300.652
300.644
300.639
300.631
300.625
300.616
300.601
300.579
300.537
300.558
300.495
300.515
300.456
300.476
300.42
300.44
300.38
300.384
300.391
300.394
300.513
300.435
300.404
300.388
302.731
301.712
301.108
300.672
307.452
305.527
303.821
316.164
313.99
309.772
312.34
321.276
320.591
321.69
319.866
319.989
319.021
321.727
322.114
316.866
318.962
317.895
320.907
302.276
307.267
313.129
307.499
302.149
302.174
302.242
305.478
301.726
310.239
305.476
321.527
320.899
320.172
314.83
310.041
320.838
332.229
968.186
699.885
318.662
316.079
301.417
301.384
301.296
301.231
301.254
301.417
301.847
302.541
303.356
304.205
305.032
305.6
305.624
305.046
303.829
302.156
301.177
301.016
300.948
300.887
300.829
300.774
300.723
300.676
300.644
300.641
300.634
300.628
300.62
300.615
300.608
300.601
300.593
300.57
300.527
300.549
300.485
300.506
300.447
300.463
300.402
300.427
300.374
300.368
300.371
300.376
300.38
300.382
300.493
300.42
300.391
302.428
301.479
301.027
300.629
307.348
305.31
303.421
317.602
315.012
309.772
312.544
323.333
322.877
323.103
321.35
321.879
322.264
323.449
323.365
313.423
317.869
318.432
313.64
302.312
307.594
302.375
301.713
305.664
301.715
321.246
320.543
315.492
310.255
305.547
320.735
315.126
372.401
986.331
822.92
317.649
320.258
301.414
301.374
301.273
301.245
301.301
301.545
302.074
302.831
303.689
304.584
305.362
305.641
305.36
304.399
302.882
301.406
301.067
300.987
300.928
300.87
300.816
300.763
300.714
300.67
300.637
300.632
300.625
300.62
300.611
300.605
300.596
300.588
300.584
300.578
300.562
300.519
300.541
300.476
300.497
300.431
300.454
300.39
300.41
300.37
300.362
300.363
300.366
300.372
300.381
300.374
300.464
300.404
302.056
301.212
300.895
300.572
306.941
304.905
303.012
318.69
315.648
309.49
312.501
323.989
323.811
323.695
322.363
321.971
323.039
323.896
323.668
307.725
313.738
318.498
313.718
307.737
302.385
301.75
320.988
319.976
310.673
305.629
301.751
320.462
315.158
310.61
433.756
998.112
884.632
317.53
331.157
301.408
301.362
301.263
301.267
301.373
301.71
302.34
303.158
304.079
304.993
305.563
305.529
304.847
303.529
301.85
301.143
301.027
300.966
300.91
300.857
300.805
300.754
300.707
300.664
300.628
300.627
300.615
300.613
300.602
300.599
300.582
300.578
300.572
300.565
300.555
300.511
300.534
300.467
300.489
300.425
300.445
300.385
300.403
300.369
300.359
300.357
300.36
300.36
300.367
300.387
300.367
300.361
300.435
301.729
300.983
300.74
300.508
306.375
304.373
302.562
319.593
316.033
308.969
312.215
324.124
324.106
323.905
322.931
322.874
323.921
323.424
302.423
307.784
313.58
318.69
307.74
302.418
320.648
319.443
305.813
301.763
320.236
315.43
310.655
305.844
511.245
1005.17
920.58
318.371
352.917
301.4
301.342
301.271
301.301
301.475
301.927
302.651
303.545
304.546
305.354
305.562
305.171
304.082
302.479
301.285
301.068
301.004
300.949
300.896
300.845
300.797
300.748
300.702
300.659
300.625
300.626
300.609
300.607
300.595
300.588
300.574
300.571
300.559
300.555
300.549
300.542
300.504
300.528
300.459
300.481
300.416
300.437
300.377
300.398
300.371
300.363
300.356
300.354
300.354
300.356
300.406
300.358
300.358
300.352
301.418
300.814
300.615
300.446
305.682
303.778
302.113
320.366
316.33
308.248
311.835
324.033
324.128
323.951
323.26
323.665
318.761
302.422
307.661
313.592
302.411
320.319
318.619
301.805
319.768
315.499
310.879
305.875
301.823
586.475
1009.08
940.307
321.179
379.464
301.391
301.317
301.288
301.356
301.625
302.206
303.027
304.042
305.024
305.513
305.368
304.529
303.096
301.552
301.119
301.039
300.986
300.934
300.885
300.837
300.79
300.743
300.701
300.664
300.621
300.617
300.606
300.605
300.587
300.583
300.569
300.567
300.551
300.547
300.537
300.532
300.521
300.497
300.452
300.474
300.41
300.43
300.367
300.389
300.382
300.374
300.36
300.353
300.349
300.349
300.35
300.347
300.348
300.343
300.346
301.151
300.671
300.526
300.41
304.919
303.152
301.693
320.938
316.67
307.413
311.538
323.697
323.938
323.833
323.528
318.922
313.586
302.392
307.669
319.861
318.473
319.464
315.253
310.957
306.025
301.837
655.692
1011.31
952.92
327.01
410.726
301.382
301.306
301.315
301.442
301.851
302.553
303.524
304.62
305.369
305.442
304.87
303.626
301.99
301.198
301.074
301.02
300.971
300.923
300.876
300.832
300.787
300.739
300.696
300.612
300.659
300.606
300.608
300.579
300.579
300.564
300.561
300.545
300.543
300.528
300.524
300.516
300.511
300.492
300.446
300.469
300.404
300.424
300.361
300.381
300.403
300.375
300.361
300.353
300.346
300.343
300.342
300.34
300.336
300.341
300.339
300.341
300.921
300.586
300.471
304.154
302.56
301.334
321.545
317.113
306.599
311.48
319.036
323.619
323.595
323.627
313.732
307.675
302.399
319.301
318.901
318.922
315.305
310.877
306.093
301.878
703.948
1012.14
955.299
335.698
435.417
301.369
301.317
301.36
301.599
302.153
303.034
304.176
305.117
305.427
305.106
304.071
302.519
301.338
301.11
301.053
301.007
300.961
300.915
300.87
300.828
300.787
300.741
300.701
300.618
300.583
300.582
300.66
300.579
300.58
300.56
300.558
300.542
300.54
300.522
300.519
300.506
300.502
300.486
300.44
300.462
300.398
300.419
300.358
300.379
300.468
300.416
300.397
300.375
300.358
300.346
300.339
300.333
300.331
300.336
300.334
300.34
300.341
300.35
300.789
300.583
303.499
302.071
301.14
322.161
317.842
306.196
311.932
313.889
319.202
323.619
319.551
323.703
307.781
302.409
318.812
319.756
318.602
315.442
310.981
306.059
301.899
736.203
1011.65
950.062
344.314
457.386
301.356
301.34
301.447
301.836
302.593
303.722
304.815
305.359
305.239
304.424
303.027
301.564
301.154
301.084
301.04
300.996
300.953
300.911
300.867
300.827
300.785
300.74
300.704
300.62
300.583
300.584
300.558
300.562
300.667
300.557
300.557
300.537
300.534
300.518
300.517
300.5
300.497
300.481
300.477
300.436
300.457
300.393
300.415
300.353
300.373
300.502
300.487
300.449
300.407
300.372
300.333
300.329
300.325
300.332
300.331
300.342
300.344
300.359
300.371
300.397
300.789
300.687
303.295
301.832
301.153
322.805
318.883
306.154
313.051
307.902
314.081
320.178
314.438
323.688
302.443
318.438
321.342
317.914
315.088
311.145
306.147
301.904
730.797
1006.38
925.1
351.854
459.606
301.358
301.386
301.612
302.204
303.291
304.483
305.219
305.279
304.695
303.452
301.887
301.217
301.113
301.071
301.031
300.99
300.949
300.909
300.866
300.827
300.788
300.741
300.704
300.58
300.625
300.566
300.572
300.534
300.538
300.67
300.534
300.533
300.516
300.514
300.495
300.494
300.475
300.473
300.453
300.432
300.389
300.41
300.35
300.37
300.673
300.629
300.547
300.462
300.33
300.322
300.319
300.328
300.324
300.344
300.344
300.386
300.4
300.434
300.481
300.543
300.975
300.98
303.427
301.883
301.458
323.424
320.2
306.806
314.797
302.486
308.042
320.226
315.103
308.313
323.796
318.217
323.192
317.693
314.801
311.005
306.245
301.926
702.547
980.385
841.26
356.368
454.696
301.378
301.484
301.91
302.9
304.149
305.039
305.263
304.883
303.804
302.284
301.314
301.143
301.099
301.063
301.025
300.986
300.948
300.91
300.87
300.829
300.794
300.755
300.713
300.582
300.548
300.55
300.629
300.541
300.546
300.512
300.513
300.673
300.513
300.512
300.494
300.495
300.472
300.472
300.45
300.448
300.43
300.387
300.408
300.348
300.368
300.971
300.868
300.698
300.329
300.318
300.316
300.319
300.316
300.342
300.333
300.407
300.409
300.53
300.575
300.649
300.77
300.898
301.463
301.518
304.311
302.384
302.22
323.945
321.678
308.511
317.21
302.537
315.24
320.742
308.472
302.605
318.002
324.691
317.002
314.75
310.938
306.196
301.952
619.1
593.94
595.314
358.099
439.358
301.428
301.713
302.534
303.842
304.842
305.219
304.997
304.086
302.666
301.459
301.176
301.125
301.091
301.059
301.023
300.985
300.949
300.912
300.876
300.836
300.799
300.763
300.727
300.586
300.553
300.554
300.523
300.528
300.635
300.515
300.516
300.49
300.491
300.686
300.492
300.493
300.472
300.472
300.447
300.447
300.428
300.385
300.407
300.347
300.367
301.446
301.202
300.328
300.315
300.313
300.313
300.311
300.325
300.317
300.407
300.391
300.603
300.611
300.893
301.002
301.135
301.387
301.605
302.334
302.321
306.008
303.536
303.528
324.167
323.188
311.227
319.838
308.667
315.573
320.883
302.664
317.945
326.408
316.648
313.821
310.822
306.189
301.944
576.142
303.739
402.952
358.629
423.803
301.563
302.25
303.517
304.652
305.145
305.05
304.307
303.003
301.643
301.217
301.15
301.117
301.088
301.058
301.026
300.989
300.952
300.918
300.881
300.842
300.808
300.773
300.734
300.552
300.594
300.533
300.544
300.496
300.502
300.643
300.493
300.494
300.471
300.472
300.695
300.472
300.468
300.447
300.449
300.427
300.426
300.385
300.406
300.347
300.367
302.067
300.31
300.328
300.31
300.31
300.311
300.307
300.367
300.343
300.609
300.577
301.081
301.105
301.633
301.849
302.044
302.481
302.773
303.571
303.32
308.48
305.389
305.3
324.509
324.39
314.669
322.491
302.72
308.823
315.815
321.399
318.063
328.04
316.263
313.496
310.366
306.167
301.94
502.312
301.104
343.42
357.838
398.442
301.948
303.32
304.444
305.064
305.056
304.469
303.277
301.859
301.265
301.175
301.143
301.114
301.086
301.059
301.03
300.994
300.959
300.926
300.889
300.853
300.824
300.788
300.752
300.556
300.518
300.522
300.603
300.508
300.51
300.48
300.483
300.657
300.474
300.477
300.452
300.451
300.717
300.452
300.454
300.426
300.426
300.405
300.384
300.347
300.367
300.311
300.3
300.3
300.328
300.303
300.301
300.324
300.31
300.518
300.45
301.106
301.056
302.015
302.08
302.89
303.247
303.49
304.151
304.412
305.044
311.542
307.79
307.346
324.938
325.364
318.19
324.639
302.768
308.987
316.132
321.977
318.278
329.574
316.136
313.047
310.141
305.891
301.934
464.174
301.426
336.431
356.186
399.168
302.938
304.319
304.969
305.043
304.579
303.492
302.083
301.327
301.199
301.167
301.142
301.117
301.089
301.063
301.036
301.003
300.97
300.936
300.902
300.863
300.842
300.803
300.77
300.52
300.563
300.501
300.511
300.613
300.488
300.495
300.459
300.463
300.671
300.456
300.456
300.432
300.434
300.734
300.427
300.429
300.405
300.406
300.385
300.348
300.367
300.299
300.312
300.299
300.295
300.296
300.329
300.302
300.299
300.389
300.34
300.931
300.772
302.093
302.035
303.553
303.713
304.759
305.326
305.498
306.484
306.616
314.76
310.436
309.44
325.772
321.053
325.997
302.825
309.14
316.604
321.835
319.042
331.22
316.065
312.675
309.825
305.801
301.895
437.381
301.04
321.806
357.609
405.674
304.085
304.902
305.016
304.649
303.655
302.296
301.398
301.224
301.189
301.164
301.144
301.12
301.094
301.07
301.041
301.011
300.98
300.948
300.918
300.885
300.86
300.82
300.79
300.527
300.487
300.489
300.573
300.478
300.482
300.627
300.468
300.471
300.434
300.438
300.688
300.43
300.433
300.41
300.412
300.75
300.407
300.409
300.386
300.35
300.368
300.295
300.313
300.297
300.296
300.29
300.294
300.331
300.311
300.3
300.608
300.467
301.84
301.539
303.757
303.729
305.816
306.124
307.351
308.131
308.125
309.494
317.63
313.02
311.395
326.386
323.44
327.111
302.875
309.331
316.43
322.465
320.126
333.527
315.489
316.381
312.577
309.559
305.636
301.855
400.223
308.929
330.584
362.696
403.919
304.785
304.99
304.685
303.778
302.471
301.479
301.249
301.212
301.19
301.166
301.149
301.125
301.101
301.076
301.05
301.022
300.993
300.963
300.931
300.903
300.87
300.841
300.819
300.489
300.535
300.467
300.477
300.584
300.457
300.462
300.642
300.443
300.452
300.419
300.421
300.707
300.414
300.414
300.392
300.395
300.783
300.387
300.389
300.352
300.369
300.287
300.298
300.314
300.287
300.287
300.286
300.29
300.299
300.333
300.366
300.323
301.189
300.85
303.482
303.022
306.223
306.222
308.827
309.306
310.669
311.647
313.157
320.201
315.373
326.949
325.37
327.848
302.89
309.242
316.635
322.433
321.644
337.858
315.385
316.666
312.053
309.262
305.497
301.813
383.962
300.241
304.805
374.905
400.576
304.94
304.696
303.862
302.614
301.553
301.274
301.233
301.212
301.194
301.171
301.155
301.134
301.111
301.08
301.062
301.035
301.007
300.975
300.947
300.922
300.889
300.861
300.834
300.492
300.456
300.464
300.542
300.448
300.453
300.596
300.435
300.443
300.659
300.426
300.428
300.398
300.403
300.729
300.398
300.399
300.372
300.374
300.806
300.37
300.354
300.285
300.299
300.288
300.288
300.316
300.28
300.281
300.282
300.304
300.333
300.335
300.57
300.411
302.429
301.785
305.996
305.409
309.493
309.528
312.535
313.17
314.666
315.855
317.483
322.481
327.424
326.962
328.511
302.89
309.34
316.503
322.729
324.5
344.673
315.479
317.655
308.976
311.8
305.328
301.75
344.653
300.021
300.547
389.545
385.831
304.687
303.914
302.712
301.627
301.297
301.252
301.234
301.216
301.201
301.179
301.162
301.142
301.121
301.09
301.073
301.048
301.021
300.991
300.964
300.938
300.916
300.883
300.858
300.464
300.502
300.439
300.45
300.556
300.425
300.432
300.612
300.414
300.418
300.683
300.405
300.41
300.384
300.387
300.752
300.377
300.381
300.357
300.359
300.829
300.286
300.302
300.288
300.287
300.282
300.284
300.318
300.277
300.274
300.281
300.358
300.451
300.337
301.17
300.698
304.577
303.585
309.342
308.716
313.451
313.52
316.87
317.634
319.295
320.72
324.416
327.796
328.192
329.004
302.91
309.23
316.457
322.765
328.625
357.884
315.581
319.401
305.185
308.769
311.636
301.708
310.915
300.014
300.086
389.256
345.14
303.934
302.781
301.679
301.32
301.269
301.254
301.238
301.222
301.208
301.189
301.173
301.153
301.13
301.106
301.083
301.06
301.036
301.011
300.986
300.956
300.934
300.906
300.88
300.471
300.432
300.438
300.511
300.42
300.424
300.568
300.408
300.414
300.628
300.396
300.4
300.703
300.389
300.392
300.369
300.369
300.778
300.362
300.365
300.34
300.853
300.304
300.285
300.304
300.284
300.285
300.273
300.274
300.321
300.276
300.273
300.287
300.528
300.823
302.52
301.544
307.711
306.421
313.44
312.821
317.988
318.1
321.753
322.567
325.898
328.237
329.02
329.16
302.861
309.134
316.424
323.014
335.68
378.462
315.874
315.071
323.61
301.644
305.052
308.509
311.434
301.555
300.012
300.037
378.608
313.369
302.806
301.723
301.337
301.285
301.271
301.259
301.244
301.228
301.214
301.198
301.181
301.16
301.138
301.118
301.093
301.072
301.048
301.024
300.996
300.969
300.951
300.926
300.902
300.439
300.48
300.415
300.425
300.527
300.402
300.408
300.582
300.389
300.395
300.649
300.38
300.386
300.73
300.373
300.375
300.349
300.351
300.8
300.343
300.346
300.324
300.877
300.367
300.278
300.287
300.278
300.307
300.276
300.277
300.269
300.268
300.282
300.274
300.316
301.013
301.934
304.913
303.333
311.736
310.271
318.075
317.571
322.923
323.062
326.811
327.475
329.368
329.62
322.513
302.839
309.096
316.417
351.96
379.569
317.454
315.214
330.827
301.61
304.902
308.379
311.59
300.222
300.012
300.031
345.423
302.754
301.736
301.357
301.299
301.29
301.277
301.266
301.25
301.234
301.219
301.205
301.19
301.167
301.145
301.126
301.103
301.081
301.059
301.037
301.013
300.988
300.968
300.944
300.922
300.445
300.408
300.412
300.49
300.396
300.403
300.539
300.384
300.39
300.598
300.374
300.379
300.669
300.365
300.368
300.75
300.355
300.36
300.335
300.339
300.824
300.327
300.331
300.309
300.902
300.566
300.272
300.29
300.278
300.278
300.274
300.269
300.271
300.267
300.264
300.314
300.287
300.41
302.347
304.207
308.438
306.324
316.516
314.996
323.102
322.787
327.73
327.874
329.826
330.001
322.914
316.08
302.823
309.041
371.681
371.684
315.404
320.629
349.947
301.553
304.817
308.29
315.124
311.349
300.067
300.011
300.028
315.159
300.459
301.365
301.315
301.305
301.298
301.284
301.272
301.257
301.24
301.226
301.211
301.192
301.171
301.151
301.132
301.11
301.089
301.068
301.046
301.026
301.003
300.981
300.96
300.939
300.414
300.456
300.392
300.4
300.506
300.379
300.384
300.559
300.368
300.373
300.621
300.357
300.363
300.702
300.348
300.354
300.773
300.341
300.344
300.319
300.324
300.846
300.312
300.315
300.293
300.919
301.172
300.263
300.276
300.276
300.275
300.265
300.263
300.263
300.269
300.264
300.417
300.335
300.677
305.114
307.841
313.023
310.564
321.841
320.419
327.958
327.892
330.038
330.159
329.034
330.502
323.386
316.143
308.795
302.802
373.123
344.815
316.535
329.046
367.483
301.523
304.748
308.171
315.463
311.394
300.046
300.01
300.025
303.614
300.106
301.323
301.324
301.315
301.306
301.29
301.278
301.264
301.247
301.232
301.214
301.196
301.176
301.156
301.136
301.116
301.093
301.075
301.053
301.033
301.013
300.991
300.971
300.951
300.421
300.384
300.388
300.466
300.375
300.38
300.52
300.363
300.369
300.574
300.351
300.356
300.644
300.341
300.345
300.721
300.33
300.334
300.803
300.324
300.329
300.304
300.307
300.872
300.297
300.301
300.28
300.93
302.797
300.258
300.269
300.269
300.268
300.267
300.259
300.26
300.258
300.283
300.268
300.733
300.478
301.416
309.482
312.854
318.458
315.912
327.282
326.169
330.268
330.297
330.679
330.257
316.171
322.766
308.833
302.746
366.333
315.864
319.816
350.195
368.638
301.494
304.661
308.075
316.214
316.126
311.582
300.04
300.009
300.022
300.68
300.06
301.334
301.338
301.324
301.312
301.297
301.283
301.266
301.251
301.233
301.216
301.197
301.177
301.157
301.137
301.118
301.096
301.077
301.057
301.038
301.018
300.998
300.977
300.958
300.388
300.435
300.371
300.377
300.479
300.357
300.366
300.535
300.346
300.354
300.593
300.336
300.341
300.671
300.33
300.333
300.746
300.318
300.323
300.829
300.31
300.312
300.29
300.295
300.895
300.282
300.286
300.266
300.939
306.151
300.253
300.264
300.265
300.262
300.261
300.252
300.259
300.256
300.335
300.291
301.646
300.872
303.296
315.347
318.971
324.435
322.054
330.217
329.859
330.841
330.871
330.192
308.807
315.893
322.769
302.74
342.542
304.143
328.845
364.909
362.076
301.469
304.572
308.122
319.991
317.44
316.302
311.666
300.036
300.008
300.02
300.148
300.051
301.348
301.349
301.331
301.317
301.302
301.29
301.268
301.252
301.234
301.215
301.195
301.175
301.154
301.135
301.115
301.094
301.075
301.056
301.037
301.018
300.998
300.98
300.96
300.359
300.397
300.447
300.354
300.359
300.493
300.343
300.345
300.553
300.332
300.336
300.623
300.321
300.327
300.696
300.309
300.317
300.773
300.304
300.306
300.853
300.299
300.3
300.276
300.28
300.91
300.269
300.272
300.259
300.259
300.942
311.303
300.251
300.256
300.258
300.255
300.253
300.249
300.264
300.257
300.505
300.358
303.835
301.957
307.364
322.275
325.687
329.141
327.852
330.945
330.937
330.655
330.658
302.727
308.694
315.945
322.746
315.24
300.83
352.523
365.299
338.85
301.432
304.56
308.129
330.461
322.041
318.528
316.28
311.756
300.033
300.007
300.019
300.073
300.045
301.359
301.356
301.337
301.32
301.304
301.287
301.267
301.25
301.231
301.211
301.191
301.169
301.149
301.128
301.109
301.088
301.069
301.05
301.032
301.013
300.994
300.975
300.957
300.362
300.348
300.335
300.339
300.412
300.46
300.341
300.511
300.33
300.334
300.574
300.317
300.321
300.647
300.308
300.313
300.723
300.298
300.303
300.807
300.292
300.294
300.873
300.284
300.288
300.262
300.266
300.919
300.256
300.259
300.255
300.254
300.938
317.97
300.251
300.25
300.252
300.249
300.248
300.247
300.288
300.265
300.98
300.564
308.494
304.621
313.444
328.191
329.703
330.847
330.404
330.854
330.97
322.992
302.71
308.735
315.912
304.082
300.18
363.207
358.069
313.643
301.423
304.537
308.145
354.574
337.576
325.492
319.95
316.378
311.923
300.03
300.007
300.017
300.059
300.041
301.367
301.358
301.338
301.322
301.303
301.286
301.264
301.246
301.225
301.204
301.182
301.16
301.139
301.119
301.096
301.078
301.059
301.041
301.021
301.002
300.985
300.964
300.947
300.338
300.374
300.332
300.322
300.328
300.425
300.474
300.326
300.529
300.313
300.32
300.598
300.304
300.309
300.675
300.295
300.299
300.749
300.285
300.29
300.832
300.275
300.281
300.889
300.27
300.274
300.252
300.255
300.923
300.25
300.251
300.248
300.248
300.247
300.928
325.578
300.257
300.244
300.245
300.243
300.244
300.247
300.361
300.293
302.24
301.123
315.499
309.948
321.029
330.494
330.929
331.158
331.027
323.047
330.385
315.997
302.714
308.696
300.849
300.083
362.755
333.784
303.617
301.41
304.527
308.249
361.592
356.59
345.537
331.049
321.915
316.666
312.126
300.028
300.006
300.016
300.053
300.038
301.37
301.358
301.336
301.319
301.299
301.281
301.259
301.237
301.215
301.193
301.17
301.146
301.124
301.102
301.084
301.062
301.044
301.025
301.006
300.987
300.97
300.947
300.928
300.311
300.349
300.389
300.315
300.307
300.312
300.438
300.491
300.31
300.551
300.3
300.305
300.625
300.291
300.296
300.704
300.28
300.284
300.779
300.272
300.275
300.851
300.265
300.269
300.9
300.258
300.262
300.24
300.244
300.92
300.245
300.247
300.242
300.241
300.243
300.241
300.909
329.52
300.285
300.24
300.24
300.24
300.242
300.254
300.578
300.374
305.25
302.532
323.974
317.759
327.63
331.046
331.052
331.078
330.935
324.11
316.071
308.724
302.707
300.193
300.066
353.561
311.441
300.765
301.403
304.561
308.37
360.028
359.554
357.232
351.137
339.139
324.953
316.731
312.833
300.026
300.006
300.015
300.048
300.035
301.37
301.355
301.336
301.315
301.29
301.271
301.248
301.225
301.201
301.178
301.15
301.129
301.105
301.086
301.064
301.042
301.023
301.001
300.986
300.966
300.941
300.923
300.902
300.287
300.314
300.302
300.363
300.4
300.302
300.295
300.451
300.51
300.296
300.574
300.286
300.292
300.65
300.277
300.281
300.733
300.267
300.272
300.806
300.261
300.264
300.871
300.255
300.257
300.905
300.247
300.253
300.233
300.234
300.239
300.232
300.909
300.237
300.239
300.237
300.236
300.235
300.883
330.774
300.374
300.235
300.235
300.238
300.243
300.28
301.18
300.608
311.23
305.737
328.784
325.805
330.221
330.922
330.758
323.243
323.337
316.383
308.789
302.723
300.09
300.059
327.476
302.95
300.187
301.409
304.625
308.54
348.334
356.306
357.466
356.548
353.294
346.462
330.178
321.582
313.788
300.024
300.012
300.045
300.033
301.368
301.35
301.33
301.307
301.281
301.258
301.233
301.208
301.184
301.15
301.129
301.11
301.084
301.064
301.035
301.018
300.999
300.979
300.957
300.938
300.915
300.891
300.87
300.289
300.285
300.276
300.265
300.268
300.32
300.369
300.417
300.289
300.281
300.467
300.527
300.285
300.6
300.273
300.279
300.678
300.264
300.269
300.76
300.256
300.261
300.83
300.248
300.251
300.881
300.242
300.246
300.902
300.235
300.238
300.228
300.231
300.23
300.223
300.892
300.233
300.235
300.229
300.232
300.231
300.849
330.957
300.616
300.233
300.231
300.237
300.25
300.358
302.683
301.229
319.769
312.15
330.485
329.43
330.874
323.689
324.4
316.153
316.24
308.937
302.747
300.071
300.054
308.923
300.627
300.093
301.423
304.673
308.784
321.163
340.044
351.491
355.401
355.091
353.747
349.29
334.093
332.775
315.102
300.02
300.012
300.021
300.042
300.028
301.363
301.343
301.321
301.294
301.268
301.242
301.214
301.187
301.155
301.129
301.106
301.08
301.056
301.02
301.01
300.988
300.961
300.946
300.93
300.905
300.871
300.852
300.832
300.267
300.296
300.268
300.259
300.253
300.258
300.339
300.381
300.433
300.277
300.485
300.554
300.27
300.627
300.262
300.266
300.709
300.254
300.258
300.786
300.246
300.249
300.851
300.238
300.242
300.887
300.234
300.235
300.888
300.225
300.228
300.227
300.223
300.224
300.222
300.217
300.218
300.859
300.227
300.228
300.226
300.227
300.227
300.806
330.675
301.229
300.233
300.229
300.242
300.272
300.571
305.865
302.711
326.777
321.135
330.829
330.531
330.823
316.611
324.205
317.303
308.871
308.963
302.774
300.064
300.051
302.232
300.169
300.075
301.436
304.748
309.265
306.541
315.711
330.683
345.741
351.881
353.399
352.778
349.005
327.543
346.184
316.387
300.024
300.011
300.03
300.037
301.357
301.333
301.307
301.279
301.251
301.222
301.189
301.161
301.134
301.102
301.075
301.043
301.016
300.999
300.975
300.944
300.93
300.902
300.869
300.845
300.84
300.812
300.79
300.243
300.275
300.309
300.261
300.256
300.248
300.238
300.244
300.345
300.397
300.446
300.503
300.578
300.257
300.657
300.25
300.254
300.738
300.243
300.247
300.811
300.236
300.239
300.863
300.229
300.232
300.883
300.221
300.226
300.868
300.217
300.22
300.222
300.22
300.215
300.213
300.215
300.825
300.224
300.225
300.221
300.224
300.224
300.766
302.631
300.236
300.228
300.261
300.34
301.109
312.361
305.832
329.637
327.126
330.646
330.692
323.859
309.058
316.851
309.2
302.77
302.799
300.06
300.045
300.487
300.093
300.069
301.459
304.897
309.66
301.556
304.502
310.783
322.222
336.542
346.502
350.617
350.012
337.1
349.362
337.051
317.938
300.032
300.025
300.038
300.011
300.038
301.346
301.319
301.291
301.261
301.231
301.198
301.164
301.133
301.101
301.073
301.046
301.009
300.988
300.966
300.941
300.917
300.89
300.863
300.836
300.821
300.79
300.768
300.748
300.221
300.248
300.233
300.281
300.321
300.25
300.244
300.235
300.229
300.354
300.41
300.464
300.528
300.605
300.248
300.684
300.239
300.244
300.766
300.234
300.235
300.83
300.225
300.229
300.867
300.221
300.223
300.869
300.214
300.217
300.838
300.21
300.212
300.218
300.214
300.212
300.208
300.21
300.786
300.219
300.22
300.217
300.22
300.223
300.708
305.481
300.249
300.229
300.313
300.519
302.337
321.422
312.031
330.46
329.599
324.403
330.48
316.744
302.82
309.221
302.837
300.053
300.045
300.15
300.079
300.062
301.492
305.027
310.379
300.35
301.013
302.808
306.914
314.732
325.768
338.124
344.561
346.707
347.23
345.343
332.493
319.238
300.04
300.035
300.023
300.043
300.01
301.334
301.302
301.271
301.239
301.202
301.165
301.136
301.104
301.071
301.042
300.998
300.979
300.956
300.931
300.896
300.878
300.854
300.822
300.798
300.764
300.744
300.723
300.682
300.197
300.225
300.221
300.211
300.258
300.291
300.331
300.24
300.232
300.225
300.218
300.376
300.424
300.483
300.556
300.633
300.238
300.717
300.229
300.233
300.79
300.219
300.227
300.843
300.216
300.219
300.863
300.213
300.213
300.846
300.207
300.209
300.802
300.203
300.204
300.207
300.203
300.213
300.21
300.206
300.204
300.735
300.216
300.216
300.212
300.218
300.223
300.667
311
300.286
300.237
300.448
300.957
304.808
326.976
320.985
330.563
330.371
324.189
317.359
309.216
302.855
300.053
300.094
300.07
300.06
301.525
305.266
310.949
300.134
300.252
300.646
301.675
304.094
309.286
316.12
326.029
346.771
335.345
346.224
339.585
339.8
320.967
300.048
300.035
300.047
300.042
300.022
300.049
300.01
301.319
301.284
301.249
301.209
301.17
301.138
301.107
301.072
301.031
300.997
300.973
300.951
300.919
300.888
300.87
300.842
300.803
300.781
300.757
300.73
300.705
300.678
300.654
300.176
300.202
300.197
300.189
300.23
300.207
300.266
300.3
300.341
300.229
300.221
300.214
300.389
300.44
300.507
300.581
300.663
300.223
300.744
300.218
300.22
300.81
300.212
300.214
300.848
300.207
300.209
300.85
300.198
300.204
300.816
300.198
300.2
300.758
300.199
300.2
300.201
300.196
300.209
300.205
300.203
300.199
300.682
300.212
300.212
300.209
300.217
300.228
300.62
319.75
300.379
300.26
300.769
301.964
309.303
329.411
326.53
330.354
330.49
324.292
317.136
309.395
302.865
300.079
300.068
300.055
301.58
305.491
311.881
300.093
300.114
300.195
300.389
300.948
302.287
304.716
309.586
340.79
315.243
344.762
343.242
336.092
344.018
321.386
300.047
300.033
300.052
300.049
300.021
300.055
300.009
301.297
301.264
301.226
301.185
301.149
301.114
301.078
301.038
301
300.978
300.942
300.908
300.882
300.86
300.817
300.798
300.769
300.745
300.715
300.687
300.665
300.641
300.6
300.156
300.181
300.178
300.171
300.207
300.195
300.184
300.239
300.204
300.275
300.306
300.355
300.219
300.211
300.403
300.453
300.534
300.608
300.693
300.215
300.771
300.209
300.212
300.824
300.203
300.205
300.842
300.197
300.201
300.825
300.193
300.195
300.778
300.187
300.189
300.709
300.197
300.193
300.195
300.192
300.187
300.188
300.205
300.202
300.198
300.196
300.637
300.21
300.209
300.205
300.219
300.24
300.576
325.738
300.598
300.317
301.496
304.004
317.558
330.269
329.17
330.325
317.242
324.472
309.394
302.894
300.075
300.062
301.641
305.819
312.403
300.084
300.091
300.11
300.146
300.248
300.508
301.071
302.508
322.935
304.451
343.665
329.553
340.879
343.513
340.715
322.284
300.052
300.045
300.053
300.032
300.057
300.056
300.02
300.062
300.009
301.277
301.238
301.201
301.162
301.125
301.084
301.043
301.005
300.976
300.93
300.912
300.877
300.851
300.809
300.794
300.751
300.736
300.7
300.673
300.65
300.617
300.593
300.554
300.135
300.162
300.154
300.145
300.183
300.176
300.161
300.213
300.194
300.18
300.245
300.2
300.281
300.32
300.364
300.208
300.417
300.48
300.556
300.638
300.724
300.205
300.791
300.199
300.202
300.828
300.194
300.196
300.828
300.189
300.191
300.792
300.186
300.187
300.732
300.186
300.182
300.182
300.657
300.192
300.19
300.187
300.185
300.201
300.198
300.195
300.191
300.589
300.21
300.205
300.202
300.226
300.272
300.516
328.849
301.087
300.451
303.017
307.734
324.407
330.444
330.212
309.454
317.459
324.551
302.904
300.069
301.724
306.106
312.919
300.076
300.083
300.091
300.103
300.121
300.172
300.276
300.55
308.229
301.028
335.278
312.532
342.697
338.155
339.683
342.068
322.954
300.057
300.054
300.043
300.057
300.03
300.063
300.063
300.019
300.068
300.009
301.256
301.211
301.176
301.14
301.098
301.057
301.018
300.983
300.942
300.91
300.873
300.842
300.799
300.778
300.758
300.723
300.692
300.668
300.641
300.607
300.577
300.534
300.512
300.116
300.136
300.137
300.125
300.163
300.153
300.144
300.187
300.172
300.158
300.214
300.19
300.179
300.255
300.199
300.289
300.335
300.379
300.438
300.505
300.584
300.668
300.75
300.193
300.804
300.188
300.19
300.822
300.184
300.187
300.803
300.18
300.183
300.753
300.177
300.179
300.68
300.181
300.175
300.179
300.176
300.605
300.189
300.186
300.184
300.181
300.198
300.195
300.191
300.189
300.541
300.213
300.203
300.199
300.242
300.345
300.476
330.186
302.123
300.744
305.839
314.492
328.284
330.319
330.465
302.927
309.594
317.54
324.674
301.809
306.323
313.406
300.074
300.08
300.086
300.094
300.099
300.113
300.133
300.179
302.068
300.271
317.229
303.589
339.581
321.998
341.12
339.991
340.053
324.96
300.065
300.052
300.06
300.061
300.041
300.064
300.029
300.068
300.069
300.018
300.008
301.245
301.2
301.16
301.114
301.074
301.034
300.994
300.949
300.914
300.879
300.848
300.809
300.781
300.753
300.72
300.692
300.665
300.635
300.605
300.57
300.536
300.5
300.472
300.096
300.119
300.115
300.107
300.142
300.134
300.123
300.164
300.151
300.142
300.196
300.169
300.156
300.222
300.184
300.176
300.259
300.296
300.346
300.394
300.461
300.532
300.614
300.705
300.77
300.185
300.807
300.179
300.182
300.808
300.175
300.178
300.769
300.171
300.174
300.705
300.171
300.171
300.624
300.171
300.166
300.175
300.169
300.178
300.168
300.551
300.185
300.182
300.179
300.195
300.191
300.189
300.185
300.468
300.22
300.202
300.196
300.276
300.506
300.429
330.569
304.058
301.356
310.637
322.135
330.103
330.399
302.959
309.651
317.678
325.002
301.876
306.557
314.668
300.075
300.081
300.086
300.092
300.099
300.107
300.117
300.468
300.136
305.855
300.782
326.457
308.398
340.776
339.945
336.626
329.666
324.629
300.07
300.063
300.05
300.066
300.065
300.039
300.069
300.028
300.073
300.018
300.008
301.225
301.183
301.134
301.095
301.053
301.01
300.97
300.924
300.886
300.85
300.809
300.783
300.752
300.72
300.682
300.659
300.628
300.603
300.572
300.535
300.495
300.467
300.431
300.077
300.095
300.096
300.085
300.122
300.114
300.105
300.146
300.132
300.123
300.173
300.15
300.14
300.202
300.167
300.155
300.232
300.173
300.27
300.315
300.359
300.415
300.484
300.561
300.653
300.732
300.784
300.802
300.171
300.172
300.779
300.166
300.167
300.725
300.163
300.164
300.649
300.16
300.162
300.565
300.166
300.17
300.164
300.173
300.165
300.176
300.16
300.499
300.183
300.179
300.192
300.189
300.186
300.183
300.438
300.237
300.202
300.194
300.357
300.836
300.388
330.599
307.35
302.559
318.291
327.126
330.773
302.976
309.711
318.012
324.947
301.944
307.141
314.946
300.079
300.084
300.09
300.095
300.101
300.105
300.167
300.114
301.41
300.222
311.244
302.221
339.486
339.745
331.903
313.872
338.804
324.724
300.075
300.072
300.061
300.049
300.071
300.071
300.038
300.074
300.028
300.018
300.008
301.217
301.17
301.122
301.077
301.034
300.987
300.932
300.896
300.858
300.822
300.786
300.753
300.727
300.686
300.65
300.629
300.604
300.556
300.518
300.486
300.46
300.421
300.391
300.056
300.077
300.076
300.066
300.098
300.095
300.083
300.125
300.113
300.103
300.15
300.129
300.121
300.178
300.148
300.138
300.208
300.165
300.155
300.243
300.278
300.322
300.376
300.433
300.508
300.597
300.684
300.751
300.788
300.786
300.159
300.163
300.744
300.158
300.159
300.673
300.155
300.155
300.58
300.154
300.153
300.507
300.163
300.166
300.169
300.16
300.172
300.16
300.177
300.153
300.158
300.441
300.18
300.189
300.186
300.183
300.179
300.401
300.272
300.207
300.194
300.52
301.471
300.348
313.02
304.636
324.432
329.768
330.862
302.995
309.817
317.908
325.874
302.096
307.352
315.305
300.08
300.086
300.09
300.097
300.1
300.12
300.107
300.335
300.133
303.327
300.49
339.39
333.319
316.18
304.49
338.297
338.987
325.207
300.07
300.075
300.078
300.076
300.058
300.048
300.076
300.037
300.079
300.027
300.018
300.008
301.204
301.156
301.107
301.059
301.006
300.965
300.913
300.877
300.836
300.799
300.758
300.726
300.689
300.655
300.628
300.595
300.554
300.522
300.485
300.454
300.411
300.383
300.334
300.055
300.034
300.058
300.079
300.075
300.065
300.103
300.094
300.084
300.128
300.111
300.102
300.153
300.127
300.118
300.183
300.147
300.134
300.216
300.152
300.254
300.292
300.334
300.395
300.46
300.538
300.628
300.711
300.763
300.781
300.755
300.15
300.697
300.148
300.148
300.609
300.147
300.147
300.526
300.144
300.145
300.465
300.163
300.159
300.167
300.169
300.156
300.172
300.176
300.145
300.153
300.15
300.407
300.187
300.183
300.179
300.177
300.349
300.343
300.218
300.195
300.835
302.625
300.305
319.743
307.97
328.283
330.9
330.987
303.017
309.829
318.53
325.256
302.175
307.578
315.811
300.084
300.088
300.095
300.097
300.109
300.104
300.15
300.117
300.751
300.175
334.195
318.135
305.749
301.048
337.783
338.553
334.713
325.411
300.068
300.078
300.081
300.081
300.079
300.055
300.046
300.082
300.036
300.026
300.017
300.008
301.194
301.145
301.094
301.042
300.994
300.941
300.903
300.857
300.815
300.773
300.734
300.697
300.656
300.628
300.598
300.56
300.51
300.483
300.447
300.417
300.377
300.341
300.298
300.036
300.055
300.047
300.018
300.038
300.059
300.08
300.075
300.066
300.104
300.094
300.082
300.131
300.11
300.102
300.157
300.127
300.117
300.186
300.143
300.135
300.216
300.261
300.301
300.355
300.416
300.485
300.576
300.665
300.731
300.767
300.761
300.714
300.143
300.639
300.141
300.142
300.547
300.139
300.14
300.477
300.139
300.139
300.422
300.162
300.16
300.156
300.166
300.169
300.153
300.172
300.139
300.146
300.143
300.149
300.359
300.186
300.18
300.177
300.173
300.313
300.48
300.243
300.202
301.4
304.563
300.258
325.118
313.399
330.501
331.332
303.024
309.946
318.048
331.436
326.149
302.251
307.893
316.171
300.084
300.091
300.094
300.106
300.1
300.121
300.112
300.219
300.128
319.878
306.837
301.424
300.271
337.223
338.145
334.633
321.097
325.67
300.076
300.067
300.087
300.083
300.087
300.086
300.055
300.047
300.036
300.026
300.017
300.008
301.184
301.131
301.079
301.025
300.976
300.931
300.889
300.841
300.793
300.748
300.709
300.668
300.635
300.598
300.558
300.511
300.487
300.45
300.413
300.373
300.337
300.288
300.262
300.018
300.037
300.028
300.056
300.046
300.018
300.038
300.06
300.083
300.075
300.065
300.109
300.091
300.082
300.135
300.109
300.1
300.163
300.126
300.118
300.196
300.134
300.232
300.271
300.316
300.369
300.435
300.519
300.609
300.688
300.743
300.758
300.729
300.661
300.562
300.131
300.134
300.493
300.132
300.132
300.429
300.13
300.131
300.368
300.16
300.163
300.154
300.153
300.167
300.17
300.132
300.14
300.137
300.146
300.143
300.15
300.313
300.185
300.178
300.174
300.258
300.73
300.292
300.214
302.347
307.491
300.217
328.746
319.496
331.549
303.042
309.823
318.518
331.607
325.468
302.34
308.141
316.545
300.089
300.092
300.103
300.099
300.115
300.109
300.136
300.12
307.917
301.76
300.338
300.146
336.723
337.799
334.413
321.9
308.591
325.703
300.086
300.076
300.065
300.092
300.089
300.089
300.054
300.045
300.036
300.027
300.017
300.008
301.172
301.117
301.062
301.006
300.963
300.92
300.877
300.827
300.775
300.721
300.683
300.638
300.607
300.564
300.521
300.489
300.453
300.416
300.374
300.331
300.294
300.25
300.211
300.018
300.008
300.035
300.027
300.055
300.045
300.018
300.039
300.061
300.084
300.074
300.064
300.11
300.091
300.083
300.139
300.108
300.101
300.167
300.125
300.117
300.197
300.24
300.282
300.333
300.393
300.465
300.554
300.639
300.71
300.745
300.737
300.683
300.598
300.51
300.125
300.125
300.449
300.123
300.125
300.383
300.122
300.122
300.327
300.16
300.157
300.164
300.153
300.167
300.171
300.125
300.133
300.13
300.14
300.136
300.146
300.142
300.15
300.268
300.185
300.175
300.219
301.156
300.381
300.238
303.841
312.023
300.175
331.087
324.821
332.057
303.012
309.884
318.07
332.189
326.418
302.419
308.399
316.793
300.101
300.096
300.111
300.107
300.124
300.116
302.123
300.405
300.157
300.127
336.26
337.43
333.942
321.817
309.203
302.358
325.859
300.095
300.084
300.075
300.065
300.101
300.096
300.094
300.101
300.055
300.045
300.035
300.026
300.017
300.008
301.153
301.092
301.032
300.985
300.946
300.907
300.864
300.813
300.76
300.704
300.658
300.615
300.561
300.527
300.495
300.452
300.414
300.375
300.335
300.298
300.251
300.207
300.164
300.017
300.008
300.036
300.026
300.054
300.043
300.019
300.041
300.063
300.088
300.074
300.064
300.114
300.089
300.082
300.144
300.108
300.1
300.174
300.117
300.21
300.244
300.295
300.353
300.413
300.496
300.583
300.667
300.722
300.733
300.7
300.625
300.535
300.459
300.116
300.385
300.116
300.115
300.318
300.115
300.115
300.267
300.157
300.16
300.153
300.164
300.168
300.174
300.118
300.123
300.121
300.132
300.129
300.14
300.136
300.146
300.143
300.15
300.223
300.189
300.176
301.828
300.535
300.279
306.031
317.581
300.128
332.283
328.507
303.013
309.739
318.47
332.451
325.683
302.5
308.59
317.119
300.098
300.109
300.104
300.12
300.114
300.461
300.169
300.133
300.123
335.73
336.98
333.13
321.461
309.193
302.534
300.516
325.927
300.103
300.092
300.083
300.073
300.064
300.104
300.103
300.103
300.053
300.045
300.035
300.026
300.018
300.008
301.115
301.051
300.997
300.953
300.925
300.89
300.85
300.802
300.74
300.684
300.637
300.577
300.532
300.497
300.445
300.409
300.376
300.331
300.291
300.258
300.211
300.172
300.129
300.017
300.008
300.036
300.027
300.054
300.045
300.02
300.042
300.063
300.09
300.073
300.063
300.115
300.091
300.082
300.148
300.109
300.099
300.179
300.218
300.26
300.31
300.368
300.44
300.528
300.618
300.688
300.723
300.709
300.646
300.564
300.469
300.398
300.108
300.331
300.108
300.106
300.28
300.108
300.108
300.219
300.158
300.154
300.162
300.166
300.173
300.195
300.118
300.105
300.125
300.121
300.132
300.13
300.14
300.137
300.146
300.143
300.151
300.179
300.131
302.824
300.783
300.347
309.166
322.596
300.086
332.968
331.239
302.983
309.776
318.036
333.134
325.944
302.568
308.827
317.307
300.107
300.117
300.112
300.177
300.135
300.127
300.12
335.408
336.445
332.14
320.758
309
302.509
300.518
300.185
325.485
300.11
300.099
300.092
300.082
300.073
300.064
300.11
300.105
300.109
300.053
300.044
300.036
300.026
300.017
301.044
300.973
300.93
300.909
300.883
300.868
300.835
300.788
300.723
300.662
300.592
300.552
300.507
300.461
300.422
300.379
300.337
300.286
300.254
300.203
300.17
300.122
300.08
300.036
300.053
300.045
300.02
300.043
300.066
300.094
300.073
300.063
300.121
300.09
300.08
300.153
300.097
300.188
300.225
300.275
300.326
300.388
300.468
300.562
300.647
300.7
300.712
300.668
300.59
300.484
300.419
300.344
300.281
300.097
300.1
300.239
300.099
300.099
300.184
300.155
300.159
300.164
300.172
300.205
300.117
300.119
300.125
300.124
300.134
300.129
300.141
300.137
300.148
300.145
300.152
300.134
300.085
304.19
301.157
300.45
313.387
326.264
300.037
332.763
302.975
309.597
317.874
333.431
326.466
302.644
308.992
317.378
300.115
300.11
300.141
300.13
300.124
300.119
335.064
335.745
330.844
319.585
308.505
302.425
300.509
300.185
300.143
326.212
300.112
300.091
300.082
300.073
300.064
300.112
300.054
300.896
300.85
300.851
300.847
300.843
300.837
300.819
300.772
300.703
300.635
300.572
300.516
300.471
300.414
300.377
300.33
300.289
300.253
300.211
300.164
300.127
300.084
300.04
300.02
300.044
300.069
300.097
300.072
300.064
300.127
300.09
300.081
300.159
300.193
300.232
300.286
300.343
300.417
300.507
300.593
300.668
300.699
300.676
300.611
300.515
300.432
300.365
300.297
300.244
300.089
300.089
300.179
300.131
300.157
300.162
300.173
300.222
300.116
300.119
300.127
300.123
300.135
300.131
300.142
300.139
300.149
300.146
300.154
300.085
300.041
305.919
301.687
300.596
317.178
329.231
333.736
302.935
309.451
318.06
333.723
302.701
309.081
317.72
300.113
300.135
300.127
300.122
300.117
334.902
334.813
329.237
318.031
307.661
302.227
300.485
300.185
300.146
300.137
333.97
300.081
300.073
300.517
300.698
300.76
300.768
300.792
300.805
300.799
300.75
300.676
300.594
300.522
300.479
300.42
300.386
300.335
300.301
300.25
300.213
300.17
300.127
300.084
300.041
300.021
300.043
300.072
300.101
300.131
300.165
300.197
300.248
300.301
300.368
300.448
300.539
300.622
300.676
300.681
300.639
300.546
300.449
300.376
300.305
300.243
300.187
300.13
300.084
300.16
300.173
300.245
300.12
300.127
300.124
300.136
300.134
300.143
300.14
300.151
300.148
300.157
300.042
308.082
302.39
300.793
321.026
331.509
334.409
302.899
309.531
302.746
309.323
300.132
300.126
333.472
327.033
315.98
306.603
301.963
300.448
300.183
300.148
300.14
300.134
300.309
300.556
300.64
300.689
300.739
300.769
300.763
300.723
300.65
300.569
300.501
300.445
300.395
300.347
300.3
300.261
300.214
300.17
300.129
300.083
300.04
300.022
300.045
300.073
300.104
300.138
300.171
300.213
300.26
300.319
300.392
300.478
300.572
300.643
300.673
300.649
300.571
300.477
300.39
300.319
300.244
300.195
300.135
300.091
300.041
300.175
300.277
300.128
300.138
300.146
300.143
300.155
300.153
300.176
310.727
303.284
301.042
324.367
302.885
302.818
313.604
305.473
301.648
300.406
300.181
300.151
300.179
300.403
300.547
300.625
300.692
300.74
300.738
300.697
300.619
300.532
300.465
300.398
300.35
300.309
300.26
300.212
300.171
300.123
300.081
300.039
300.023
300.048
300.077
300.108
300.14
300.182
300.223
300.274
300.34
300.418
300.511
300.598
300.654
300.651
300.595
300.501
300.415
300.331
300.259
300.201
300.139
300.086
300.04
300.316
300.179
300.36
304.336
301.337
300.155
300.354
300.462
300.58
300.656
300.717
300.717
300.666
300.579
300.492
300.415
300.365
300.314
300.256
300.221
300.167
300.126
300.083
300.036
300.022
300.049
300.077
300.112
300.144
300.189
300.234
300.295
300.366
300.449
300.544
300.625
300.647
300.613
300.541
300.433
300.338
300.271
300.206
300.148
300.094
300.041
300.087
300.277
300.422
300.552
300.621
300.693
300.694
300.631
300.525
300.447
300.379
300.316
300.272
300.224
300.172
300.129
300.082
300.04
300.024
300.052
300.083
300.116
300.154
300.196
300.251
300.318
300.391
300.486
300.582
300.631
300.623
300.556
300.441
300.353
300.287
300.214
300.153
300.097
300.044
300.102
300.249
300.376
300.522
300.613
300.677
300.669
300.576
300.488
300.399
300.34
300.282
300.228
300.18
300.132
300.085
300.038
300.023
300.054
300.085
300.119
300.162
300.208
300.268
300.337
300.425
300.523
300.597
300.623
300.57
300.487
300.382
300.301
300.222
300.159
300.101
300.046
300.087
300.226
300.381
300.517
300.608
300.666
300.631
300.532
300.43
300.361
300.296
300.236
300.185
300.135
300.084
300.041
300.025
300.056
300.09
300.128
300.171
300.221
300.288
300.361
300.466
300.55
300.604
300.585
300.511
300.41
300.313
300.228
300.17
300.105
300.048
300.073
300.172
300.361
300.511
300.611
300.645
300.593
300.478
300.385
300.302
300.238
300.187
300.139
300.088
300.04
300.027
300.059
300.094
300.135
300.178
300.233
300.308
300.39
300.496
300.571
300.585
300.535
300.434
300.334
300.237
300.174
300.104
300.045
300.084
300.184
300.379
300.529
300.614
300.625
300.539
300.424
300.332
300.259
300.192
300.143
300.089
300.04
300.028
300.061
300.099
300.142
300.187
300.251
300.329
300.435
300.525
300.573
300.553
300.44
300.342
300.248
300.178
300.106
300.045
300.089
300.198
300.373
300.538
300.613
300.578
300.47
300.366
300.277
300.203
300.148
300.094
300.041
300.029
300.064
300.104
300.148
300.207
300.275
300.371
300.453
300.54
300.553
300.479
300.379
300.275
300.175
300.114
300.046
300.096
300.252
300.415
300.559
300.6
300.523
300.41
300.303
300.221
300.156
300.097
300.041
300.03
300.069
300.11
300.163
300.222
300.305
300.402
300.479
300.529
300.5
300.387
300.286
300.194
300.122
300.05
300.096
300.274
300.455
300.573
300.562
300.461
300.341
300.238
300.164
300.103
300.044
300.032
300.07
300.119
300.173
300.247
300.338
300.425
300.504
300.504
300.423
300.319
300.211
300.128
300.054
300.123
300.307
300.493
300.568
300.515
300.387
300.259
300.177
300.105
300.045
300.034
300.076
300.123
300.183
300.263
300.37
300.449
300.493
300.448
300.341
300.214
300.13
300.057
300.14
300.353
300.52
300.54
300.442
300.303
300.194
300.117
300.05
300.035
300.078
300.133
300.203
300.286
300.405
300.456
300.457
300.374
300.231
300.143
300.06
300.153
300.391
300.523
300.487
300.354
300.22
300.126
300.05
300.037
300.087
300.149
300.229
300.332
300.418
300.446
300.389
300.257
300.152
300.067
300.179
300.429
300.5
300.405
300.261
300.141
300.058
300.04
300.092
300.166
300.259
300.363
300.417
300.397
300.293
300.156
300.068
300.248
300.449
300.446
300.304
300.156
300.062
300.041
300.102
300.178
300.287
300.38
300.392
300.315
300.171
300.074
300.333
300.435
300.347
300.19
300.072
300.048
300.119
300.21
300.312
300.371
300.327
300.209
300.081
300.38
300.38
300.222
300.076
300.049
300.131
300.244
300.321
300.328
300.225
300.081
300.374
300.279
300.103
300.06
300.148
300.264
300.308
300.245
300.094
300.304
300.128
300.07
300.18
300.268
300.238
300.096
300.158
300.082
300.198
300.234
300.12
300.098
300.192
300.126
300.108
300.114
300.085
)
;

boundaryField
{
    lowerOutlet
    {
        type            inletOutlet;
        inletValue      uniform 300;
        value           nonuniform List<scalar> 
146
(
300
300
300
300
300
300
300
300
300
300
300
300
300
300
300
300
300
300
300
300
300
300
300
300
300
300
300
300
300
300
300
300
300
300
300
300
300
300
300
300
300
300
300
302.738
306.547
300
314.479
300
385.473
300
308.955
300
300
300
300
300
300
300
300
300
300
300
300
300
300
300
300
300
300
300
300
300
300
300
300
300
300
300
300
300
300
300
300
300
300
300
300
300
300
300
300
300
300
300
300
300
300
300
300
300
300
300
310.1
300
315.883
300
300
596.59
300
300
300
300
300
300
300
300
300
300
300
300
300
300
310.876
300
300
300
300
300
300
300
300
308.942
300
309.813
308.008
300
300
300
300
300
300
300
300
300
300
300
)
;
    }
    top
    {
        type            inletOutlet;
        inletValue      uniform 300;
        value           nonuniform List<scalar> 
100
(
300
300
300
300
300
300.736
300.813
300.871
300.935
300.995
301.051
301.104
301.16
301.217
301.27
301.325
301.377
301.403
301.413
301.421
301.426
301.429
301.43
301.43
301.43
301.429
301.427
301.425
301.423
301.419
301.416
301.41
301.403
301.393
301.384
301.372
301.359
301.359
301.378
301.426
301.561
301.949
302.952
304.106
304.802
304.95
304.69
303.926
302.789
301.723
301.361
301.322
301.332
301.347
301.358
301.366
301.369
301.37
301.368
301.363
301.357
301.346
301.334
301.32
301.297
301.276
301.257
301.245
301.225
301.217
301.204
301.194
301.185
301.172
301.153
301.117
301.047
300.902
300
300
300
300
300
300
300
300
300
300
300
300
300
300
300
300
300.246
300.331
300.378
300.373
300.304
300.158
)
;
    }
    sides
    {
        type            inletOutlet;
        inletValue      uniform 300;
        value           uniform 300;
    }
    front
    {
        type            empty;
    }
    back
    {
        type            empty;
    }
    roller
    {
        type            fixedValue;
        value           uniform 300;
    }
    burner
    {
        type            fixedValue;
        value           uniform 1044.98;
    }
}


// ************************************************************************* //
