/*--------------------------------*- C++ -*----------------------------------*\
  =========                 |
  \\      /  F ield         | OpenFOAM: The Open Source CFD Toolbox
   \\    /   O peration     | Website:  https://openfoam.org
    \\  /    A nd           | Version:  dev
     \\/     M anipulation  |
\*---------------------------------------------------------------------------*/
FoamFile
{
    version     2.0;
    format      ascii;
    class       cellSet;
    location    "constant/polyMesh/sets";
    object      protectedCells;
}
// * * * * * * * * * * * * * * * * * * * * * * * * * * * * * * * * * * * * * //


224
(
8204 
4110 
1040 
5140 
4127 
6177 
3122 
9271 
8248 
7237 
3141 
4168 
1096 
5201 
6226 
2133 
2134 
8286 
7267 
5229 
4206 
6259 
7291 
6269 
4224 
7310 
7314 
6293 
4251 
4253 
3230 
2206 
5290 
4270 
2225 
3251 
7352 
8378 
1215 
4303 
8401 
6354 
7386 
5343 
4322 
8419 
7409 
1276 
4352 
7432 
3339 
8461 
6420 
2324 
3356 
5409 
6440 
4396 
7469 
1339 
8508 
6461 
4420 
3401 
7505 
8531 
6487 
5470 
2399 
8549 
2418 
8568 
5497 
7546 
4487 
8591 
3471 
6552 
4513 
7588 
4532 
3508 
3510 
3515 
3516 
3519 
1471 
8640 
3524 
3525 
5586 
2516 
2520 
6621 
7647 
8680 
3561 
6639 
7669 
3578 
6654 
4606 
6660 
4624 
4626 
5651 
8724 
7709 
1567 
1569 
6690 
2598 
3636 
3639 
2619 
4669 
7742 
5697 
1605 
8775 
5705 
593 
594 
4696 
7769 
3674 
1631 
1632 
1633 
1634 
1637 
6758 
1640 
4714 
1642 
7787 
3691 
1643 
7790 
627 
5766 
6795 
2701 
4756 
7830 
664 
665 
1697 
1698 
1699 
1700 
1701 
6825 
4785 
1720 
7865 
4799 
703 
5834 
8907 
3787 
6864 
7891 
6869 
1757 
5856 
3808 
8930 
746 
4844 
1778 
1779 
6901 
8951 
3837 
2823 
4873 
1806 
7953 
6929 
3860 
790 
3863 
6955 
1841 
7990 
6973 
3902 
836 
1862 
1863 
8015 
3924 
5979 
2909 
8037 
3947 
2930 
4980 
884 
6018 
7045 
8077 
7066 
6042 
5022 
1950 
1951 
934 
4011 
7085 
7087 
8119 
5051 
4034 
5070 
8145 
7123 
986 
4059 
6109 
2020 
8165 
7151 
)

// ************************************************************************* //
