-14.838485490000000
-14.851696130000000
-14.937875290000000
-14.471994790000000
-14.960808076000000
-14.978987225209300
-14.971345045503500
-14.986603385568430
-15.070989058839610
-15.059080248866770
-15.048863025603310
-15.169423446737550
-15.268589643660390
-15.330229660883850
-15.397485081162510
-15.444289771416570
-15.471277323165490
-15.493270469631530
-8.862629895638640
-14.398616469631530
-8.862629895638640
-.053509024073790
-14.308885284887370
-15.176599474044550
-12.842422670978730
-15.210634260231430
-15.571145582821970
-15.262887078200190
-15.442449082821970
-15.492169547753300
-15.576930589594810
-15.548161780567290
-15.572932648534600
-15.526372738719250
-15.505580789594810
-15.529039864157030
-15.417934102129070
-15.505827554149090
-15.586195385834630
-15.548045625190180
-15.348793975547690
-15.527645564749030
-15.565370385834630
-15.537210136445240
-15.522509461139930
-15.579130101920140
-15.556845510932540
-15.508381401497460
-15.551953665498710
-15.463030485834630
-15.567535232255400
-15.586681245602070
-15.276608154360400
-15.566217697378650
-15.573995269139050
-15.575695438774760
-14.899999140000000
-14.902596049000000
-15.010275370000000
-15.109140590000000
-15.102260140000000
182.377070814309470
-14.717586815771400
-15.009438871669300
-15.060259540762550
-15.065282926518970
-15.137956545774030
-15.084668443155670
-15.115441573737490
-15.088599572294860
-15.094190326114740
-15.084548961978210
-15.139637397819160
-15.146708643477740
-15.075501525377160
-15.160077616099950
-15.152447121994530
-15.167629327675910
-15.146083636605510
-15.162139159051900
-15.088111879727780
-15.176218399933390
-15.074170970207120
-15.09262055777116000000
-15.158224093659440
-15.163877560545100
-15.191241007485790
-15.166594728182640
-15.166959785958140
-15.149388368203220
-15.154526884248370
-15.180756828143860

