/*--------------------------------*- C++ -*----------------------------------*\
  =========                 |
  \\      /  F ield         | OpenFOAM: The Open Source CFD Toolbox
   \\    /   O peration     | Website:  https://openfoam.org
    \\  /    A nd           | Version:  dev
     \\/     M anipulation  |
\*---------------------------------------------------------------------------*/
FoamFile
{
    version     2.0;
    format      ascii;
    class       labelList;
    note        "nPoints:20354  nCells:9842  nFaces:39703  nInternalFaces:19515";
    location    "constant/polyMesh";
    object      neighbour;
}
// * * * * * * * * * * * * * * * * * * * * * * * * * * * * * * * * * * * * * //


19515
(
1
2
3
4
4
5
6
7
7
8
8
9
10
11
11
12
12
13
13
14
15
16
16
17
17
18
18
19
19
20
21
22
22
23
23
24
24
25
25
26
26
27
28
29
29
30
30
31
31
32
32
33
33
34
34
35
36
37
37
38
38
39
39
40
40
41
41
42
42
43
43
44
45
46
46
47
47
48
48
49
49
50
50
51
51
52
52
53
53
54
55
56
56
57
57
58
58
59
59
60
60
61
61
62
62
63
63
64
64
65
66
67
67
68
68
69
69
70
70
71
71
72
72
73
73
74
74
75
75
76
76
77
78
79
79
80
80
81
81
82
82
83
83
84
84
85
85
86
86
87
87
88
88
89
89
90
91
92
92
93
93
94
94
95
95
96
96
97
97
98
98
99
99
100
100
101
101
102
102
103
103
104
105
106
106
107
107
108
108
109
109
110
110
111
111
112
112
113
113
114
114
115
115
116
116
117
117
118
118
119
120
121
121
122
122
123
123
124
124
125
125
126
126
127
127
128
128
129
129
130
130
131
131
132
132
133
133
134
134
135
136
137
137
138
138
139
139
140
140
141
141
142
142
143
143
144
144
145
145
146
146
147
147
148
148
149
149
150
150
151
151
152
153
154
154
155
155
156
156
157
157
158
158
159
159
160
160
161
161
162
162
163
163
164
164
165
165
166
166
167
167
168
168
169
169
170
171
172
172
173
173
174
174
175
175
176
176
177
177
178
178
179
179
180
180
181
181
182
182
183
183
184
184
185
185
186
186
187
187
188
188
189
190
191
191
192
192
193
193
194
194
195
195
196
196
197
197
198
198
199
199
200
200
201
201
202
202
203
203
204
204
205
205
206
206
207
207
208
208
209
210
211
211
212
212
213
213
214
214
215
215
216
216
217
217
218
218
219
219
220
220
221
221
222
222
223
223
224
224
225
225
226
226
227
227
228
228
229
229
230
231
232
232
233
233
234
234
235
235
236
236
237
237
238
238
239
239
240
240
241
241
242
242
243
243
244
244
245
245
246
246
247
247
248
248
249
249
250
250
251
251
252
253
254
254
255
255
256
256
257
257
258
258
259
259
260
260
261
261
262
262
263
263
264
264
265
265
266
266
267
267
268
268
269
269
270
270
271
271
272
272
273
273
274
274
275
276
277
277
278
278
279
279
280
280
281
281
282
282
283
283
284
284
285
285
286
286
287
287
288
288
289
289
290
290
291
291
292
292
293
293
294
294
295
295
296
296
297
297
298
298
299
300
301
301
302
302
303
303
304
304
305
305
306
306
307
307
308
308
309
309
310
310
311
311
312
312
313
313
314
314
315
315
316
316
317
317
318
318
319
319
320
320
321
321
322
322
323
323
324
325
326
326
327
327
328
328
329
329
330
330
331
331
332
332
333
333
334
334
335
335
336
336
337
337
338
338
339
339
340
340
341
341
342
342
343
343
344
344
345
345
346
346
347
347
348
348
349
349
350
351
352
352
353
353
354
354
355
355
356
356
357
357
358
358
359
359
360
360
361
361
362
362
363
363
364
364
365
365
366
366
367
367
368
368
369
369
370
370
371
371
372
372
373
373
374
374
375
375
376
376
377
378
379
379
380
380
381
381
382
382
383
383
384
384
385
385
386
386
387
387
388
388
389
389
390
390
391
391
392
392
393
393
394
394
395
395
396
396
397
397
398
398
399
399
400
400
401
401
402
402
403
403
404
404
405
406
407
407
408
408
409
409
410
410
411
411
412
412
413
413
414
414
415
415
416
416
417
417
418
418
419
419
420
420
421
421
422
422
423
423
424
424
425
425
426
426
427
427
428
428
429
429
430
430
431
431
432
432
433
433
434
435
436
436
437
437
438
438
439
439
440
440
441
441
442
442
443
443
444
444
445
445
446
446
447
447
448
448
449
449
450
450
451
451
452
452
453
453
454
454
455
455
456
456
457
457
458
458
459
459
460
460
461
461
462
462
463
463
464
465
466
466
467
467
468
468
469
469
470
470
471
471
472
472
473
473
474
474
475
475
476
476
477
477
478
478
479
479
480
480
481
481
482
482
483
483
484
484
485
485
486
486
487
487
488
488
489
489
490
490
491
491
492
492
493
493
494
494
495
496
497
497
498
498
499
499
500
500
501
501
502
502
503
503
504
504
505
505
506
506
507
507
508
508
509
509
510
510
511
511
512
512
513
513
514
514
515
515
516
516
517
517
518
518
519
519
520
520
521
521
522
522
523
523
524
524
525
525
526
526
527
528
529
529
530
530
531
531
532
532
533
533
534
534
535
535
536
536
537
537
538
538
539
539
540
540
541
541
542
542
543
543
544
544
545
545
546
546
547
547
548
548
549
549
550
550
551
551
552
552
553
553
554
554
555
555
556
556
557
557
558
558
559
559
560
561
562
562
563
563
564
564
565
565
566
566
567
567
568
568
569
569
570
570
571
571
572
572
573
573
574
574
575
575
576
576
577
577
578
578
579
579
580
580
581
581
582
582
583
583
584
584
585
585
586
586
587
587
588
588
589
589
590
590
591
591
592
592
593
593
594
595
596
597
597
598
598
599
599
600
600
601
601
602
602
603
603
604
604
605
605
606
606
607
607
608
608
609
609
610
610
611
611
612
612
613
613
614
614
615
615
616
616
617
617
618
618
619
619
620
620
621
621
622
622
623
623
624
624
625
625
626
626
627
627
628
628
629
630
595
631
629
632
633
634
634
635
635
636
636
637
637
638
638
639
639
640
640
641
641
642
642
643
643
644
644
645
645
646
646
647
647
648
648
649
649
650
650
651
651
652
652
653
653
654
654
655
655
656
656
657
657
658
658
659
659
660
660
661
661
662
662
663
663
664
664
665
666
665
667
668
669
630
670
667
671
632
672
670
673
674
675
675
676
676
677
677
678
678
679
679
680
680
681
681
682
682
683
683
684
684
685
685
686
686
687
687
688
688
689
689
690
690
691
691
692
692
693
693
694
694
695
695
696
696
697
697
698
698
699
699
700
700
701
701
702
702
703
703
704
704
705
705
706
707
666
668
706
708
669
709
708
710
710
711
671
712
709
713
673
714
712
715
716
717
717
718
718
719
719
720
720
721
721
722
722
723
723
724
724
725
725
726
726
727
727
728
728
729
729
730
730
731
731
732
732
733
733
734
734
735
735
736
736
737
737
738
738
739
739
740
740
741
741
742
742
743
743
744
744
745
745
746
746
747
747
748
749
707
750
748
751
750
752
711
753
752
754
754
755
713
756
753
757
715
758
756
759
760
761
761
762
762
763
763
764
764
765
765
766
766
767
767
768
768
769
769
770
770
771
771
772
772
773
773
774
774
775
775
776
776
777
777
778
778
779
779
780
780
781
781
782
782
783
783
784
784
785
785
786
786
787
787
788
788
789
789
790
790
791
791
792
793
749
794
792
795
751
796
794
797
796
798
755
799
798
800
800
801
757
802
799
803
759
804
802
805
806
807
807
808
808
809
809
810
810
811
811
812
812
813
813
814
814
815
815
816
816
817
817
818
818
819
819
820
820
821
821
822
822
823
823
824
824
825
825
826
826
827
827
828
828
829
829
830
830
831
831
832
832
833
833
834
834
835
835
836
836
837
837
838
839
793
840
838
841
795
842
840
843
797
844
842
845
844
846
801
847
846
848
848
849
803
850
847
851
805
852
850
853
854
855
855
856
856
857
857
858
858
859
859
860
860
861
861
862
862
863
863
864
864
865
865
866
866
867
867
868
868
869
869
870
870
871
871
872
872
873
873
874
874
875
875
876
876
877
877
878
878
879
879
880
880
881
881
882
882
883
883
884
884
885
885
886
887
839
888
886
889
841
890
888
891
843
892
890
893
845
894
892
895
894
896
849
897
896
898
898
899
851
900
897
901
853
902
900
903
904
905
905
906
906
907
907
908
908
909
909
910
910
911
911
912
912
913
913
914
914
915
915
916
916
917
917
918
918
919
919
920
920
921
921
922
922
923
923
924
924
925
925
926
926
927
927
928
928
929
929
930
930
931
931
932
932
933
933
934
934
935
935
936
937
887
938
936
939
889
940
938
941
891
942
940
943
893
944
942
945
895
946
944
947
946
948
899
949
948
950
950
951
901
952
949
953
903
954
952
955
956
957
957
958
958
959
959
960
960
961
961
962
962
963
963
964
964
965
965
966
966
967
967
968
968
969
969
970
970
971
971
972
972
973
973
974
974
975
975
976
976
977
977
978
978
979
979
980
980
981
981
982
982
983
983
984
984
985
985
986
986
987
987
988
989
937
990
988
991
939
992
990
993
941
994
992
995
943
996
994
997
945
998
996
999
947
1000
998
1001
1000
1002
951
1003
1002
1004
1004
1005
953
1006
1003
1007
955
1008
1006
1009
1010
1011
1011
1012
1012
1013
1013
1014
1014
1015
1015
1016
1016
1017
1017
1018
1018
1019
1019
1020
1020
1021
1021
1022
1022
1023
1023
1024
1024
1025
1025
1026
1026
1027
1027
1028
1028
1029
1029
1030
1030
1031
1031
1032
1032
1033
1033
1034
1034
1035
1035
1036
1036
1037
1037
1038
1038
1039
1039
1040
1040
1041
1041
1042
1043
989
1044
1042
1045
991
1046
1044
1047
993
1048
1046
1049
995
1050
1048
1051
997
1052
1050
1053
999
1054
1052
1055
1001
1056
1054
1057
1056
1058
1005
1059
1058
1060
1060
1061
1007
1062
1059
1063
1009
1064
1062
1065
1066
1067
1067
1068
1068
1069
1069
1070
1070
1071
1071
1072
1072
1073
1073
1074
1074
1075
1075
1076
1076
1077
1077
1078
1078
1079
1079
1080
1080
1081
1081
1082
1082
1083
1083
1084
1084
1085
1085
1086
1086
1087
1087
1088
1088
1089
1089
1090
1090
1091
1091
1092
1092
1093
1093
1094
1094
1095
1095
1096
1096
1097
1097
1098
1099
1043
1100
1098
1101
1045
1102
1100
1103
1047
1104
1102
1105
1049
1106
1104
1107
1051
1108
1106
1109
1053
1110
1108
1111
1055
1112
1110
1113
1057
1114
1112
1115
1114
1116
1061
1117
1116
1118
1118
1119
1063
1120
1117
1121
1065
1122
1120
1123
1124
1125
1125
1126
1126
1127
1127
1128
1128
1129
1129
1130
1130
1131
1131
1132
1132
1133
1133
1134
1134
1135
1135
1136
1136
1137
1137
1138
1138
1139
1139
1140
1140
1141
1141
1142
1142
1143
1143
1144
1144
1145
1145
1146
1146
1147
1147
1148
1148
1149
1149
1150
1150
1151
1151
1152
1152
1153
1153
1154
1154
1155
1155
1156
1099
1157
1156
1158
1101
1159
1157
1160
1103
1161
1159
1162
1105
1163
1161
1164
1107
1165
1163
1166
1109
1167
1165
1168
1111
1169
1167
1170
1113
1171
1169
1172
1115
1173
1171
1174
1173
1175
1119
1176
1175
1177
1177
1178
1121
1179
1176
1180
1123
1181
1179
1182
1183
1184
1184
1185
1185
1186
1186
1187
1187
1188
1188
1189
1189
1190
1190
1191
1191
1192
1192
1193
1193
1194
1194
1195
1195
1196
1196
1197
1197
1198
1198
1199
1199
1200
1200
1201
1201
1202
1202
1203
1203
1204
1204
1205
1205
1206
1206
1207
1207
1208
1208
1209
1209
1210
1210
1211
1211
1212
1212
1213
1213
1214
1214
1215
1158
1215
1216
1217
1158
1218
1219
1160
1220
1218
1221
1162
1222
1220
1223
1164
1224
1222
1225
1166
1226
1224
1227
1168
1228
1226
1229
1170
1230
1228
1231
1172
1232
1230
1233
1174
1234
1232
1235
1234
1236
1178
1237
1236
1238
1238
1239
1180
1240
1237
1241
1182
1242
1240
1243
1244
1245
1245
1246
1246
1247
1247
1248
1248
1249
1249
1250
1250
1251
1251
1252
1252
1253
1253
1254
1254
1255
1255
1256
1256
1257
1257
1258
1258
1259
1259
1260
1260
1261
1261
1262
1262
1263
1263
1264
1264
1265
1265
1266
1266
1267
1267
1268
1268
1269
1269
1270
1270
1271
1271
1272
1272
1273
1273
1274
1274
1275
1275
1276
1276
1277
1278
1217
1219
1279
1277
1280
1219
1281
1282
1221
1283
1281
1284
1223
1285
1283
1286
1225
1287
1285
1288
1227
1289
1287
1290
1229
1291
1289
1292
1231
1293
1291
1294
1233
1295
1293
1296
1235
1297
1295
1298
1297
1299
1239
1300
1299
1301
1301
1302
1241
1303
1300
1304
1243
1305
1303
1306
1307
1308
1308
1309
1309
1310
1310
1311
1311
1312
1312
1313
1313
1314
1314
1315
1315
1316
1316
1317
1317
1318
1318
1319
1319
1320
1320
1321
1321
1322
1322
1323
1323
1324
1324
1325
1325
1326
1326
1327
1327
1328
1328
1329
1329
1330
1330
1331
1331
1332
1332
1333
1333
1334
1334
1335
1335
1336
1336
1337
1337
1338
1338
1339
1339
1340
1341
1278
1342
1340
1343
1280
1282
1344
1342
1345
1282
1346
1347
1284
1348
1346
1349
1286
1350
1348
1351
1288
1352
1350
1353
1290
1354
1352
1355
1292
1356
1354
1357
1294
1358
1356
1359
1296
1360
1358
1361
1298
1362
1360
1363
1362
1364
1302
1365
1364
1366
1366
1367
1304
1368
1365
1369
1306
1370
1368
1371
1372
1373
1373
1374
1374
1375
1375
1376
1376
1377
1377
1378
1378
1379
1379
1380
1380
1381
1381
1382
1382
1383
1383
1384
1384
1385
1385
1386
1386
1387
1387
1388
1388
1389
1389
1390
1390
1391
1391
1392
1392
1393
1393
1394
1394
1395
1395
1396
1396
1397
1397
1398
1398
1399
1399
1400
1400
1401
1401
1402
1402
1403
1403
1404
1404
1405
1341
1406
1405
1407
1343
1408
1406
1409
1345
1347
1410
1408
1411
1347
1412
1413
1349
1414
1412
1415
1351
1416
1414
1417
1353
1418
1416
1419
1355
1420
1418
1421
1357
1422
1420
1423
1359
1424
1422
1425
1361
1426
1424
1427
1363
1428
1426
1429
1428
1430
1367
1431
1430
1432
1432
1433
1369
1434
1431
1435
1371
1436
1434
1437
1438
1438
1439
1439
1440
1440
1441
1441
1442
1442
1443
1443
1444
1444
1445
1445
1446
1446
1447
1447
1448
1448
1449
1449
1450
1450
1451
1451
1452
1452
1453
1453
1454
1454
1455
1455
1456
1456
1457
1457
1458
1458
1459
1459
1460
1460
1461
1461
1462
1462
1463
1463
1464
1464
1465
1465
1466
1466
1467
1467
1468
1468
1469
1469
1470
1407
1470
1471
1472
1407
1473
1474
1409
1475
1473
1476
1411
1413
1477
1475
1478
1413
1479
1480
1415
1481
1479
1482
1417
1483
1481
1484
1419
1485
1483
1486
1421
1487
1485
1488
1423
1489
1487
1490
1425
1491
1489
1492
1427
1493
1491
1494
1429
1495
1493
1496
1495
1497
1433
1498
1497
1499
1499
1500
1435
1501
1498
1502
1437
1503
1501
1504
1505
1505
1506
1506
1507
1507
1508
1508
1509
1509
1510
1510
1511
1511
1512
1512
1513
1513
1514
1514
1515
1515
1516
1516
1517
1517
1518
1518
1519
1519
1520
1520
1521
1521
1522
1522
1523
1523
1524
1524
1525
1525
1526
1526
1527
1527
1528
1528
1529
1529
1530
1530
1531
1531
1532
1532
1533
1533
1534
1534
1535
1535
1536
1536
1537
1538
1472
1474
1539
1537
1540
1474
1541
1542
1476
1543
1541
1544
1478
1480
1545
1543
1546
1480
1547
1548
1482
1549
1547
1550
1484
1551
1549
1552
1486
1553
1551
1554
1488
1555
1553
1556
1490
1557
1555
1558
1492
1559
1557
1560
1494
1561
1559
1562
1496
1563
1561
1564
1563
1565
1500
1566
1565
1567
1567
1568
1569
1502
1570
1566
1571
1504
1572
1570
1573
1574
1574
1575
1575
1576
1576
1577
1577
1578
1578
1579
1579
1580
1580
1581
1581
1582
1582
1583
1583
1584
1584
1585
1585
1586
1586
1587
1587
1588
1588
1589
1589
1590
1590
1591
1591
1592
1592
1593
1593
1594
1594
1595
1595
1596
1596
1597
1597
1598
1598
1599
1599
1600
1600
1601
1601
1602
1602
1603
1603
1604
1604
1605
1538
1606
1605
1607
1540
1542
1608
1606
1609
1542
1610
1611
1544
1612
1610
1613
1546
1548
1614
1612
1615
1548
1616
1617
1550
1618
1616
1619
1552
1620
1618
1621
1554
1622
1620
1623
1556
1624
1622
1625
1558
1626
1624
1627
1560
1628
1626
1629
1562
1630
1628
1631
1564
1632
1630
1633
1634
1632
1635
1636
1569
1637
1638
1639
1635
1640
1641
1642
1569
1640
1643
1637
1571
1644
1645
1638
1646
1647
1648
1573
1649
1644
1650
1651
1652
1653
1653
1654
1654
1655
1655
1656
1656
1657
1657
1658
1658
1659
1659
1660
1660
1661
1661
1662
1662
1663
1663
1664
1664
1665
1665
1666
1666
1667
1667
1668
1668
1669
1669
1670
1670
1671
1671
1672
1672
1673
1673
1674
1674
1675
1675
1676
1676
1677
1677
1678
1678
1679
1679
1680
1680
1681
1681
1682
1682
1683
1607
1683
1684
1685
1607
1686
1687
1609
1611
1688
1686
1689
1611
1690
1691
1613
1692
1690
1693
1615
1617
1694
1692
1695
1617
1696
1697
1619
1698
1696
1699
1621
1700
1698
1701
1623
1702
1700
1703
1625
1704
1702
1705
1627
1706
1704
1707
1629
1708
1709
1706
1710
1711
1631
1712
1713
1708
1714
1715
1716
1634
1717
1718
1719
1634
1712
1720
1717
1636
1642
1718
1721
1643
1722
1639
1646
1722
1723
1641
1724
1725
1726
1721
1726
1724
1727
1645
1650
1648
1728
1723
1729
1648
1729
1730
1731
1651
1732
1733
1728
1734
1652
1733
1734
1735
1736
1736
1737
1737
1738
1738
1739
1739
1740
1740
1741
1741
1742
1742
1743
1743
1744
1744
1745
1745
1746
1746
1747
1747
1748
1748
1749
1749
1750
1750
1751
1751
1752
1752
1753
1753
1754
1754
1755
1755
1756
1756
1757
1757
1758
1758
1759
1759
1760
1760
1761
1761
1762
1762
1763
1763
1764
1764
1765
1765
1766
1685
1687
1767
1766
1768
1687
1769
1770
1689
1691
1771
1769
1772
1691
1773
1774
1693
1775
1773
1776
1695
1697
1777
1775
1778
1697
1779
1780
1699
1781
1779
1782
1701
1783
1781
1784
1703
1785
1783
1786
1705
1787
1785
1788
1707
1789
1790
1787
1791
1792
1709
1714
1710
1793
1711
1794
1789
1795
1713
1796
1716
1797
1793
1798
1716
1798
1799
1800
1720
1801
1719
1802
1801
1803
1796
1804
1802
1805
1727
1806
1806
1807
1725
1808
1809
1810
1805
1809
1808
1811
1731
1812
1807
1813
1731
1813
1814
1815
1816
1817
1818
1819
1735
1817
1812
1820
1820
1821
1822
1822
1823
1823
1824
1824
1825
1825
1826
1826
1827
1827
1828
1828
1829
1829
1830
1830
1831
1831
1832
1832
1833
1833
1834
1834
1835
1835
1836
1836
1837
1837
1838
1838
1839
1839
1840
1840
1841
1841
1842
1842
1843
1843
1844
1844
1845
1845
1846
1846
1847
1847
1848
1848
1849
1849
1850
1850
1851
1768
1851
1852
1853
1768
1770
1854
1855
1770
1856
1857
1772
1774
1858
1856
1859
1774
1860
1861
1776
1862
1860
1863
1778
1780
1864
1862
1865
1780
1866
1867
1782
1868
1866
1869
1784
1870
1868
1871
1786
1872
1870
1873
1788
1874
1875
1872
1876
1877
1790
1878
1791
1879
1792
1880
1874
1881
1794
1882
1795
1883
1878
1884
1797
1885
1800
1886
1882
1887
1800
1887
1888
1889
1804
1890
1803
1891
1890
1892
1885
1893
1891
1894
1811
1895
1895
1896
1810
1897
1894
1898
1898
1899
1897
1900
1815
1901
1896
1902
1815
1902
1903
1904
1817
1905
1906
1821
1819
1907
1906
1908
1901
1909
1905
1909
1910
1910
1911
1911
1912
1912
1913
1913
1914
1914
1915
1915
1916
1916
1917
1917
1918
1918
1919
1919
1920
1920
1921
1921
1922
1922
1923
1923
1924
1924
1925
1925
1926
1926
1927
1927
1928
1928
1929
1929
1930
1930
1931
1931
1932
1932
1933
1933
1934
1934
1935
1935
1936
1936
1937
1937
1938
1938
1939
1853
1855
1940
1939
1941
1855
1857
1942
1943
1857
1944
1945
1859
1861
1946
1944
1947
1861
1948
1949
1863
1950
1948
1951
1865
1867
1952
1950
1953
1867
1954
1955
1869
1956
1954
1957
1871
1958
1956
1959
1873
1960
1961
1958
1962
1963
1875
1964
1876
1965
1877
1966
1960
1967
1879
1968
1880
1969
1881
1970
1964
1971
1883
1972
1884
1973
1968
1974
1886
1975
1889
1976
1972
1977
1889
1977
1978
1979
1893
1980
1892
1981
1980
1982
1975
1983
1981
1984
1900
1985
1985
1986
1899
1987
1984
1988
1988
1989
1987
1990
1904
1991
1986
1992
1904
1992
1993
1994
1995
1996
1996
1997
1908
1998
1997
1999
1991
1995
2000
2000
2001
2001
2002
2002
2003
2003
2004
2004
2005
2005
2006
2006
2007
2007
2008
2008
2009
2009
2010
2010
2011
2011
2012
2012
2013
2013
2014
2014
2015
2015
2016
2016
2017
2017
2018
2018
2019
2019
2020
2020
2021
2021
2022
2022
2023
2023
2024
2024
2025
2025
2026
2026
2027
2027
2028
1941
2028
2029
2030
1941
1943
2031
2032
1943
1945
2033
2034
1945
2035
2036
1947
1949
2037
2035
2038
1949
2039
2040
1951
2041
2039
2042
1953
1955
2043
2041
2044
1955
2045
2046
1957
2047
2045
2048
1959
2049
2047
2050
1961
2051
1962
2052
1963
2053
2049
2054
1965
2055
1966
2056
1967
2057
2051
2058
1969
2059
1970
2060
1971
2061
2055
2062
1973
2063
1974
2064
2059
2065
1976
2066
1979
2067
2063
2068
1979
2068
2069
2070
1983
2071
1982
2072
2071
2073
2066
2074
2072
2075
1990
2076
2076
2077
1989
2078
2075
2079
2079
2080
2078
2081
1994
2082
2077
2083
1994
2083
2084
2085
2082
2086
2086
2087
2087
2088
1999
2089
2088
2090
2091
2091
2092
2092
2093
2093
2094
2094
2095
2095
2096
2096
2097
2097
2098
2098
2099
2099
2100
2100
2101
2101
2102
2102
2103
2103
2104
2104
2105
2105
2106
2106
2107
2107
2108
2108
2109
2109
2110
2110
2111
2111
2112
2112
2113
2113
2114
2114
2115
2115
2116
2116
2117
2117
2118
2118
2119
2030
2032
2120
2119
2121
2032
2034
2122
2123
2034
2036
2124
2125
2036
2126
2127
2038
2040
2128
2126
2129
2040
2130
2131
2042
2132
2130
2133
2044
2046
2134
2132
2135
2046
2136
2137
2048
2138
2136
2139
2050
2054
2140
2141
2138
2142
2143
2052
2144
2053
2145
2054
2146
2147
2056
2148
2057
2149
2058
2150
2144
2151
2060
2152
2061
2153
2062
2154
2148
2155
2064
2156
2065
2157
2152
2158
2067
2159
2070
2160
2156
2161
2070
2161
2162
2163
2074
2164
2073
2165
2164
2166
2159
2167
2165
2168
2081
2169
2169
2170
2080
2171
2168
2172
2172
2173
2171
2174
2085
2175
2170
2176
2085
2176
2177
2178
2175
2179
2179
2180
2180
2181
2090
2182
2181
2183
2184
2184
2185
2185
2186
2186
2187
2187
2188
2188
2189
2189
2190
2190
2191
2191
2192
2192
2193
2193
2194
2194
2195
2195
2196
2196
2197
2197
2198
2198
2199
2199
2200
2200
2201
2201
2202
2202
2203
2203
2204
2204
2205
2205
2206
2206
2207
2207
2208
2208
2209
2209
2210
2210
2211
2121
2211
2212
2213
2121
2123
2214
2215
2123
2125
2216
2217
2125
2127
2218
2219
2127
2220
2221
2129
2131
2222
2220
2223
2131
2224
2225
2133
2226
2224
2227
2135
2137
2228
2226
2229
2137
2230
2231
2139
2232
2233
2230
2234
2141
2147
2235
2143
2236
2143
2232
2237
2238
2145
2239
2146
2240
2147
2241
2242
2149
2243
2150
2244
2151
2245
2239
2246
2153
2247
2154
2248
2155
2249
2243
2250
2157
2251
2158
2252
2247
2253
2160
2254
2163
2255
2251
2256
2163
2256
2257
2258
2167
2259
2166
2260
2259
2261
2254
2262
2260
2263
2174
2264
2264
2265
2173
2266
2263
2267
2267
2268
2266
2269
2178
2270
2265
2271
2178
2271
2272
2273
2270
2274
2274
2275
2275
2276
2183
2277
2276
2278
2279
2279
2280
2280
2281
2281
2282
2282
2283
2283
2284
2284
2285
2285
2286
2286
2287
2287
2288
2288
2289
2289
2290
2290
2291
2291
2292
2292
2293
2293
2294
2294
2295
2295
2296
2296
2297
2297
2298
2298
2299
2299
2300
2300
2301
2301
2302
2302
2303
2303
2304
2304
2305
2305
2306
2213
2215
2307
2306
2308
2215
2217
2309
2310
2217
2219
2311
2312
2219
2221
2313
2314
2221
2315
2316
2223
2225
2317
2315
2318
2225
2319
2320
2227
2321
2319
2322
2229
2231
2323
2321
2324
2231
2325
2326
2233
2327
2234
2328
2325
2328
2329
2330
2236
2242
2331
2238
2332
2238
2327
2333
2334
2240
2335
2241
2336
2242
2337
2338
2244
2339
2245
2340
2246
2341
2335
2342
2248
2343
2249
2344
2250
2345
2339
2346
2252
2347
2253
2348
2343
2349
2255
2350
2258
2351
2347
2352
2258
2352
2353
2354
2262
2355
2261
2356
2355
2357
2350
2358
2356
2359
2269
2360
2360
2361
2268
2362
2359
2363
2363
2364
2362
2365
2273
2366
2361
2367
2273
2367
2368
2369
2366
2370
2370
2371
2371
2372
2278
2373
2372
2374
2375
2375
2376
2376
2377
2377
2378
2378
2379
2379
2380
2380
2381
2381
2382
2382
2383
2383
2384
2384
2385
2385
2386
2386
2387
2387
2388
2388
2389
2389
2390
2390
2391
2391
2392
2392
2393
2393
2394
2394
2395
2395
2396
2396
2397
2397
2398
2398
2399
2399
2400
2400
2401
2308
2401
2402
2403
2308
2310
2404
2405
2310
2312
2406
2407
2312
2314
2408
2409
2314
2316
2410
2411
2316
2412
2413
2318
2320
2414
2412
2415
2320
2416
2417
2322
2418
2416
2419
2324
2326
2420
2418
2421
2326
2422
2423
2424
2328
2425
2426
2330
2426
2427
2422
2428
2332
2338
2429
2334
2430
2334
2425
2431
2432
2336
2433
2337
2434
2338
2435
2436
2340
2437
2341
2438
2342
2439
2433
2440
2344
2441
2345
2442
2346
2443
2437
2444
2348
2445
2349
2446
2441
2447
2351
2448
2354
2449
2445
2450
2354
2450
2451
2452
2358
2453
2357
2454
2453
2455
2448
2456
2454
2457
2365
2458
2458
2459
2364
2460
2457
2461
2461
2462
2460
2463
2369
2464
2459
2465
2369
2465
2466
2467
2464
2468
2468
2469
2469
2470
2374
2471
2470
2472
2473
2473
2474
2474
2475
2475
2476
2476
2477
2477
2478
2478
2479
2479
2480
2480
2481
2481
2482
2482
2483
2483
2484
2484
2485
2485
2486
2486
2487
2487
2488
2488
2489
2489
2490
2490
2491
2491
2492
2492
2493
2493
2494
2494
2495
2495
2496
2496
2497
2497
2498
2498
2499
2403
2405
2500
2499
2501
2405
2407
2502
2503
2407
2409
2504
2505
2409
2411
2506
2507
2411
2413
2508
2509
2413
2510
2511
2415
2417
2512
2510
2513
2417
2514
2515
2419
2516
2514
2517
2421
2424
2518
2519
2516
2520
2423
2521
2424
2522
2522
2523
2524
2426
2525
2526
2428
2526
2527
2521
2528
2430
2436
2529
2432
2530
2432
2525
2531
2532
2434
2533
2435
2534
2436
2535
2536
2438
2537
2439
2538
2440
2539
2533
2540
2442
2541
2443
2542
2444
2543
2537
2544
2446
2545
2447
2546
2541
2547
2449
2548
2452
2549
2545
2550
2452
2550
2551
2552
2456
2553
2455
2554
2553
2555
2548
2556
2554
2557
2463
2558
2558
2559
2462
2560
2557
2561
2561
2562
2560
2563
2467
2564
2559
2565
2467
2565
2566
2567
2564
2568
2568
2569
2569
2570
2472
2571
2570
2572
2573
2573
2574
2574
2575
2575
2576
2576
2577
2577
2578
2578
2579
2579
2580
2580
2581
2581
2582
2582
2583
2583
2584
2584
2585
2585
2586
2586
2587
2587
2588
2588
2589
2589
2590
2590
2591
2591
2592
2592
2593
2593
2594
2594
2595
2595
2596
2596
2597
2597
2598
2501
2598
2599
2600
2501
2503
2601
2602
2503
2505
2603
2604
2505
2507
2605
2606
2507
2509
2607
2608
2509
2511
2609
2610
2511
2611
2612
2513
2515
2613
2611
2614
2515
2615
2616
2517
2617
2615
2618
2519
2523
2619
2520
2620
2617
2620
2621
2622
2522
2623
2624
2524
2625
2624
2626
2526
2627
2628
2528
2628
2629
2623
2630
2530
2536
2631
2532
2632
2532
2627
2633
2634
2534
2635
2535
2636
2536
2637
2638
2538
2639
2539
2640
2540
2641
2635
2642
2542
2643
2543
2644
2544
2645
2639
2646
2546
2647
2547
2648
2643
2649
2549
2650
2552
2651
2647
2652
2552
2652
2653
2654
2556
2655
2555
2656
2655
2657
2650
2658
2656
2659
2563
2660
2660
2661
2562
2662
2659
2663
2663
2664
2662
2665
2567
2666
2661
2667
2567
2667
2668
2669
2666
2670
2670
2671
2671
2672
2572
2673
2672
2674
2675
2675
2676
2676
2677
2677
2678
2678
2679
2679
2680
2680
2681
2681
2682
2682
2683
2683
2684
2684
2685
2685
2686
2686
2687
2687
2688
2688
2689
2689
2690
2690
2691
2691
2692
2692
2693
2693
2694
2694
2695
2695
2696
2696
2697
2697
2698
2698
2699
2699
2700
2600
2602
2701
2700
2702
2602
2604
2703
2704
2604
2606
2705
2706
2606
2608
2707
2708
2608
2610
2709
2710
2610
2612
2711
2712
2612
2713
2714
2614
2616
2715
2713
2716
2616
2717
2718
2618
2719
2720
2717
2721
2620
2625
2722
2723
2622
2723
2724
2719
2725
2624
2726
2727
2626
2728
2727
2729
2628
2730
2731
2630
2731
2732
2726
2733
2632
2638
2734
2634
2735
2634
2730
2736
2737
2636
2738
2637
2739
2638
2740
2741
2640
2742
2641
2743
2642
2744
2738
2745
2644
2746
2645
2747
2646
2748
2742
2749
2648
2750
2649
2751
2746
2752
2651
2753
2654
2754
2750
2755
2654
2755
2756
2757
2658
2758
2657
2759
2758
2760
2753
2761
2759
2762
2665
2763
2763
2764
2664
2765
2762
2766
2766
2767
2765
2768
2669
2769
2764
2770
2669
2770
2771
2772
2769
2773
2773
2774
2774
2775
2674
2776
2775
2777
2778
2778
2779
2779
2780
2780
2781
2781
2782
2782
2783
2783
2784
2784
2785
2785
2786
2786
2787
2787
2788
2788
2789
2789
2790
2790
2791
2791
2792
2792
2793
2793
2794
2794
2795
2795
2796
2796
2797
2797
2798
2798
2799
2799
2800
2800
2801
2801
2802
2702
2802
2803
2702
2704
2804
2805
2704
2706
2806
2807
2706
2708
2808
2809
2708
2710
2810
2811
2710
2712
2812
2813
2712
2714
2814
2815
2714
2816
2817
2716
2718
2818
2816
2819
2718
2820
2821
2720
2822
2721
2823
2820
2823
2824
2825
2723
2728
2826
2827
2725
2827
2828
2822
2829
2727
2830
2831
2729
2832
2831
2833
2731
2834
2835
2733
2835
2836
2830
2837
2735
2741
2838
2737
2839
2737
2834
2840
2841
2739
2842
2740
2843
2741
2844
2845
2743
2846
2744
2847
2745
2848
2842
2849
2747
2850
2748
2851
2749
2852
2846
2853
2751
2854
2752
2855
2850
2856
2754
2857
2757
2858
2854
2859
2757
2859
2860
2861
2761
2862
2760
2863
2862
2864
2857
2865
2863
2866
2768
2867
2867
2868
2767
2869
2866
2870
2870
2871
2869
2872
2772
2873
2868
2874
2772
2874
2875
2876
2873
2877
2877
2878
2878
2879
2777
2880
2879
2881
2882
2882
2883
2883
2884
2884
2885
2885
2886
2886
2887
2887
2888
2888
2889
2889
2890
2890
2891
2891
2892
2892
2893
2893
2894
2894
2895
2895
2896
2896
2897
2897
2898
2898
2899
2899
2900
2900
2901
2901
2902
2902
2903
2903
2904
2904
2905
2905
2906
2805
2906
2907
2908
2909
2805
2807
2910
2908
2807
2809
2911
2912
2809
2811
2913
2914
2811
2813
2915
2916
2813
2815
2917
2918
2815
2817
2919
2920
2817
2921
2922
2819
2821
2923
2921
2924
2821
2925
2926
2823
2927
2928
2825
2925
2929
2928
2930
2827
2832
2931
2932
2829
2932
2933
2927
2934
2831
2935
2936
2833
2937
2936
2938
2835
2939
2940
2837
2940
2941
2935
2942
2839
2845
2943
2841
2944
2841
2939
2945
2946
2843
2947
2844
2948
2845
2949
2950
2847
2951
2848
2952
2849
2953
2947
2954
2851
2955
2852
2956
2853
2957
2951
2958
2855
2959
2856
2960
2955
2961
2858
2962
2861
2963
2959
2964
2861
2964
2965
2966
2865
2967
2864
2968
2967
2969
2962
2970
2968
2971
2872
2972
2972
2973
2871
2974
2971
2975
2975
2976
2974
2977
2876
2978
2973
2979
2876
2979
2980
2981
2978
2982
2982
2983
2983
2984
2881
2985
2984
2986
2987
2987
2988
2988
2989
2989
2990
2990
2991
2991
2992
2992
2993
2993
2994
2994
2995
2995
2996
2996
2997
2997
2998
2998
2999
2999
3000
3000
3001
3001
3002
3002
3003
3003
3004
3004
3005
3005
3006
3006
3007
3007
3008
3008
3009
3009
3010
3010
3011
2909
3012
3013
2910
3012
3011
3014
2912
3015
2912
2914
3016
3017
2914
2916
3018
3019
2916
2918
3020
3021
2918
2920
3022
3023
2920
2922
3024
3025
2922
3026
3027
2924
2926
3028
3026
3029
2926
2929
3030
3031
3032
2928
3033
3034
2930
3035
3034
3036
2932
2937
3037
3038
2934
3038
3039
3033
3040
2936
3041
3042
2938
3043
3042
3044
2940
3045
3046
2942
3046
3047
3041
3048
2944
2950
3049
2946
3050
2946
3045
3051
3052
2948
3053
2949
3054
2950
3055
3056
2952
3057
2953
3058
2954
3059
3053
3060
2956
3061
2957
3062
2958
3063
3057
3064
2960
3065
2961
3066
3061
3067
2963
3068
2966
3069
3065
3070
2966
3070
3071
3072
2970
3073
2969
3074
3073
3075
3068
3076
3074
3077
2977
3078
3078
3079
2976
3080
3077
3081
3081
3082
3080
3083
2981
3084
3079
3085
2981
3085
3086
3087
3084
3088
3088
3089
3089
3090
2986
3091
3090
3092
3093
3093
3094
3094
3095
3095
3096
3096
3097
3097
3098
3098
3099
3099
3100
3100
3101
3101
3102
3102
3103
3103
3104
3104
3105
3105
3106
3106
3107
3107
3108
3108
3109
3109
3110
3110
3111
3111
3112
3112
3113
3113
3114
3114
3115
3115
3116
3014
3116
3117
3015
3118
3014
3118
3119
3120
3017
3121
3017
3019
3122
3123
3019
3021
3124
3125
3021
3023
3126
3127
3023
3025
3128
3129
3025
3027
3130
3131
3027
3132
3133
3029
3032
3134
3132
3135
3031
3035
3136
3032
3137
3137
3138
3139
3034
3140
3141
3036
3142
3141
3143
3038
3043
3144
3145
3040
3145
3146
3140
3147
3042
3148
3149
3044
3150
3149
3151
3046
3152
3153
3048
3153
3154
3148
3155
3050
3056
3156
3052
3157
3052
3152
3158
3159
3054
3160
3055
3161
3056
3162
3163
3058
3164
3059
3165
3060
3166
3160
3167
3062
3168
3063
3169
3064
3170
3164
3171
3066
3172
3067
3173
3168
3174
3069
3175
3072
3176
3172
3177
3072
3177
3178
3179
3076
3180
3075
3181
3180
3182
3175
3183
3181
3184
3083
3185
3185
3186
3082
3187
3184
3188
3188
3189
3187
3190
3087
3191
3186
3192
3087
3192
3193
3194
3191
3195
3195
3196
3196
3197
3092
3198
3197
3199
3200
3200
3201
3201
3202
3202
3203
3203
3204
3204
3205
3205
3206
3206
3207
3207
3208
3208
3209
3209
3210
3210
3211
3211
3212
3212
3213
3213
3214
3214
3215
3215
3216
3216
3217
3217
3218
3218
3219
3219
3220
3220
3221
3221
3222
3222
3223
3120
3223
3224
3225
3121
3226
3120
3226
3227
3225
3123
3228
3123
3125
3229
3230
3125
3127
3231
3232
3127
3129
3233
3234
3129
3131
3235
3236
3131
3133
3237
3238
3133
3239
3240
3135
3138
3241
3242
3243
3239
3244
3137
3142
3245
3246
3139
3241
3246
3247
3141
3248
3249
3143
3250
3249
3251
3145
3150
3252
3253
3147
3253
3254
3248
3255
3149
3256
3257
3151
3258
3257
3259
3153
3260
3261
3155
3261
3262
3256
3263
3157
3163
3264
3159
3265
3159
3260
3266
3267
3161
3268
3162
3269
3163
3270
3271
3165
3272
3166
3273
3167
3274
3268
3275
3169
3276
3170
3277
3171
3278
3272
3279
3173
3280
3174
3281
3276
3282
3176
3283
3179
3284
3280
3285
3179
3285
3286
3287
3183
3288
3182
3289
3288
3290
3283
3291
3289
3292
3190
3293
3293
3294
3189
3295
3292
3296
3296
3297
3295
3298
3194
3299
3294
3300
3194
3300
3301
3302
3299
3303
3303
3304
3304
3305
3199
3306
3305
3307
3308
3308
3309
3309
3310
3310
3311
3311
3312
3312
3313
3313
3314
3314
3315
3315
3316
3316
3317
3317
3318
3318
3319
3319
3320
3320
3321
3321
3322
3322
3323
3323
3324
3324
3325
3325
3326
3326
3327
3327
3328
3328
3329
3329
3330
3330
3331
3331
3332
3333
3334
3335
3227
3333
3228
3336
3336
3337
3230
3338
3230
3232
3339
3340
3232
3234
3341
3342
3234
3236
3343
3344
3236
3238
3345
3346
3238
3240
3347
3348
3240
3349
3350
3247
3351
3243
3351
3352
3244
3353
3349
3353
3354
3246
3250
3355
3356
3356
3357
3249
3358
3359
3251
3360
3359
3361
3253
3258
3362
3363
3255
3363
3364
3358
3365
3257
3366
3367
3259
3368
3367
3369
3261
3370
3371
3263
3371
3372
3366
3373
3265
3271
3374
3267
3375
3267
3370
3376
3377
3269
3378
3270
3379
3271
3380
3381
3273
3382
3274
3383
3275
3384
3378
3385
3277
3386
3278
3387
3279
3388
3382
3389
3281
3390
3282
3391
3386
3392
3284
3393
3287
3394
3390
3395
3287
3396
3397
3291
3398
3290
3399
3398
3400
3393
3401
3399
3402
3298
3403
3403
3404
3297
3405
3402
3406
3406
3407
3405
3408
3302
3409
3404
3410
3302
3410
3411
3412
3409
3413
3413
3414
3414
3415
3307
3416
3415
3417
3418
3418
3419
3419
3420
3420
3421
3421
3422
3422
3423
3423
3424
3424
3425
3425
3426
3426
3427
3427
3428
3428
3429
3429
3430
3430
3431
3431
3432
3432
3433
3433
3434
3434
3435
3435
3436
3436
3437
3437
3438
3438
3439
3439
3440
3440
3441
3335
3442
3443
3334
3337
3442
3444
3441
3445
3338
3446
3444
3446
3340
3447
3340
3342
3448
3449
3342
3344
3450
3451
3344
3346
3452
3453
3346
3348
3454
3455
3348
3350
3456
3457
3350
3458
3459
3357
3460
3353
3460
3461
3462
3458
3462
3463
3464
3465
3356
3360
3466
3467
3467
3468
3359
3469
3470
3361
3471
3470
3472
3363
3368
3473
3474
3365
3474
3475
3469
3476
3367
3477
3478
3369
3479
3478
3480
3371
3481
3482
3373
3482
3483
3477
3484
3375
3381
3485
3377
3486
3377
3481
3487
3488
3379
3489
3380
3490
3381
3491
3492
3383
3493
3384
3494
3385
3495
3489
3496
3387
3497
3388
3498
3389
3499
3493
3500
3391
3501
3502
3497
3502
3503
3504
3397
3504
3505
3396
3501
3506
3397
3507
3508
3401
3509
3400
3510
3511
3512
3510
3513
3408
3514
3514
3515
3407
3516
3517
3518
3519
3516
3520
3412
3521
3515
3522
3412
3522
3523
3524
3521
3525
3525
3526
3526
3527
3417
3528
3527
3529
3530
3530
3531
3531
3532
3532
3533
3533
3534
3534
3535
3535
3536
3536
3537
3537
3538
3538
3539
3539
3540
3540
3541
3541
3542
3542
3543
3543
3544
3544
3545
3545
3546
3546
3547
3547
3548
3548
3549
3549
3550
3550
3551
3551
3552
3445
3552
3553
3554
3555
3445
3555
3556
3554
3557
3558
3447
3557
3449
3559
3449
3451
3560
3561
3451
3453
3562
3563
3453
3455
3564
3565
3455
3457
3566
3567
3457
3459
3568
3569
3459
3570
3571
3468
3572
3462
3572
3573
3463
3573
3574
3465
3574
3575
3570
3576
3467
3471
3577
3578
3578
3579
3470
3580
3581
3472
3582
3581
3583
3474
3479
3584
3585
3476
3585
3586
3580
3587
3478
3588
3589
3480
3590
3589
3591
3482
3592
3593
3484
3593
3594
3588
3595
3486
3492
3596
3488
3597
3488
3592
3598
3599
3490
3600
3491
3601
3492
3602
3603
3494
3604
3495
3605
3496
3606
3600
3607
3498
3608
3499
3609
3500
3610
3604
3611
3502
3612
3613
3608
3613
3614
3512
3615
3508
3615
3616
3507
3612
3617
3508
3618
3619
3511
3512
3620
3621
3621
3622
3623
3517
3621
3624
3520
3625
3625
3626
3518
3627
3519
3628
3629
3629
3630
3627
3631
3524
3632
3626
3633
3524
3633
3634
3635
3632
3636
3636
3637
3637
3638
3529
3639
3638
3640
3641
3641
3642
3642
3643
3643
3644
3644
3645
3645
3646
3646
3647
3647
3648
3648
3649
3649
3650
3650
3651
3651
3652
3652
3653
3653
3654
3654
3655
3655
3656
3656
3657
3657
3658
3658
3659
3659
3660
3660
3661
3661
3662
3662
3663
3558
3663
3664
3665
3666
3667
3667
3668
3558
3668
3669
3559
3666
3665
3561
3670
3561
3563
3671
3672
3563
3565
3673
3674
3565
3567
3675
3676
3567
3569
3677
3678
3569
3571
3679
3680
3571
3576
3681
3682
3579
3683
3683
3684
3684
3685
3576
3685
3686
3687
3578
3582
3688
3689
3689
3690
3581
3691
3692
3583
3693
3692
3694
3585
3590
3695
3696
3587
3696
3697
3691
3698
3589
3699
3700
3591
3701
3700
3702
3593
3703
3704
3595
3704
3705
3699
3706
3597
3603
3707
3599
3708
3599
3703
3709
3710
3601
3711
3602
3712
3603
3713
3714
3605
3715
3606
3716
3607
3717
3711
3718
3609
3719
3610
3720
3611
3721
3715
3722
3613
3723
3724
3719
3724
3725
3623
3726
3619
3726
3727
3618
3723
3728
3619
3729
3730
3622
3623
3731
3732
3732
3733
3734
3628
3732
3735
3631
3736
3736
3737
3738
3630
3739
3738
3740
3740
3741
3742
3635
3743
3737
3744
3635
3744
3745
3746
3743
3747
3747
3748
3748
3749
3640
3750
3749
3751
3752
3752
3753
3753
3754
3754
3755
3755
3756
3756
3757
3757
3758
3758
3759
3759
3760
3760
3761
3761
3762
3762
3763
3763
3764
3764
3765
3765
3766
3766
3767
3767
3768
3768
3769
3769
3770
3770
3771
3771
3772
3772
3773
3773
3774
3774
3775
3776
3777
3669
3776
3670
3778
3778
3779
3779
3780
3780
3781
3672
3782
3672
3674
3783
3784
3674
3676
3785
3786
3676
3678
3787
3788
3678
3680
3789
3790
3680
3682
3791
3792
3682
3687
3793
3794
3795
3796
3690
3797
3797
3798
3798
3799
3687
3799
3800
3793
3689
3693
3801
3802
3802
3803
3692
3804
3805
3694
3806
3805
3807
3696
3701
3808
3809
3698
3809
3810
3804
3811
3700
3812
3813
3702
3814
3813
3815
3704
3816
3817
3706
3817
3818
3812
3819
3708
3714
3820
3710
3821
3710
3816
3822
3823
3824
3825
3713
3825
3714
3826
3827
3716
3828
3717
3829
3718
3830
3824
3831
3720
3832
3721
3833
3722
3834
3828
3835
3724
3836
3837
3832
3837
3734
3838
3730
3838
3729
3836
3730
3733
3734
3839
3840
3840
3841
3842
3739
3840
3843
3844
3845
3844
3846
3742
3847
3741
3848
3847
3849
3849
3850
3845
3851
3746
3852
3846
3853
3746
3853
3854
3855
3852
3856
3856
3857
3857
3858
3751
3859
3858
3860
3861
3861
3862
3862
3863
3863
3864
3864
3865
3865
3866
3866
3867
3867
3868
3868
3869
3869
3870
3870
3871
3871
3872
3872
3873
3873
3874
3874
3875
3875
3876
3876
3877
3877
3878
3878
3879
3879
3880
3880
3881
3881
3882
3882
3883
3883
3884
3885
3886
3777
3781
3885
3887
3782
3888
3888
3889
3889
3890
3887
3890
3784
3891
3784
3786
3892
3893
3786
3788
3894
3895
3788
3790
3896
3897
3790
3792
3898
3899
3792
3796
3900
3901
3800
3902
3795
3902
3903
3796
3904
3904
3905
3803
3906
3906
3907
3907
3908
3908
3909
3802
3806
3910
3911
3911
3912
3805
3913
3914
3807
3915
3914
3916
3809
3814
3917
3918
3811
3918
3919
3913
3920
3813
3921
3922
3815
3923
3922
3924
3817
3925
3926
3819
3926
3927
3921
3928
3827
3929
3930
3823
3930
3823
3925
3931
3932
3933
3934
3826
3934
3827
3935
3936
3829
3937
3830
3938
3831
3939
3933
3940
3833
3834
3835
3937
3837
3842
3841
3842
3941
3941
3848
3941
3942
3942
3943
3944
3945
3851
3946
3850
3946
3947
3947
3943
3948
3855
3949
3944
3950
3855
3950
3951
3952
3949
3953
3953
3954
3954
3955
3860
3956
3955
3957
3958
3958
3959
3959
3960
3960
3961
3961
3962
3962
3963
3963
3964
3964
3965
3965
3966
3966
3967
3967
3968
3968
3969
3969
3970
3970
3971
3971
3972
3972
3973
3973
3974
3974
3975
3975
3976
3976
3977
3977
3978
3978
3979
3979
3980
3980
3981
3982
3983
3886
3984
3982
3985
3984
3986
3891
3987
3987
3988
3986
3988
3893
3989
3893
3895
3990
3991
3895
3897
3992
3993
3897
3899
3994
3995
3899
3901
3996
3997
3901
3905
3998
3999
3909
4000
3904
4000
4001
4002
4002
4003
4004
4005
3912
4006
4006
4007
4007
4008
4008
4009
3911
3915
4010
4011
4011
4012
3914
4013
4014
3916
4015
4014
4016
3918
3923
4017
4018
3920
4018
4019
4013
4020
3922
4021
4022
3924
4023
4022
4024
3926
4025
4026
3928
4026
4027
4021
4028
3936
4029
4030
3932
4030
4025
4031
4031
4032
4033
4034
3935
4034
3936
4035
4036
3938
3939
3940
4033
3945
4037
4037
4038
4039
4039
4040
3948
4041
4041
4038
4042
3952
4043
4044
4045
3952
4044
4046
4047
4043
4048
4048
4049
4049
4050
3957
4051
4050
4052
4053
4053
4054
4054
4055
4055
4056
4056
4057
4057
4058
4058
4059
4059
4060
4060
4061
4061
4062
4062
4063
4063
4064
4064
4065
4065
4066
4066
4067
4067
4068
4068
4069
4069
4070
4070
4071
4071
4072
4072
4073
4073
4074
4074
4075
4075
4076
4077
4078
3983
4079
4077
4080
3985
4081
4079
4082
4081
4083
3989
4084
4083
4084
3991
4085
3991
3993
4086
4087
3993
3995
4088
4089
3995
3997
4090
4091
3997
3999
4092
4093
3999
4005
4094
4095
4096
4009
4097
4002
4097
4098
4003
4098
4099
4005
4099
4100
4095
4012
4101
4101
4102
4102
4103
4103
4104
4011
4015
4105
4106
4106
4107
4014
4108
4109
4016
4110
4109
4111
4018
4023
4112
4113
4020
4113
4114
4108
4115
4022
4116
4117
4024
4118
4117
4119
4026
4120
4121
4028
4121
4122
4116
4123
4036
4124
4125
4032
4125
4120
4126
4126
4127
4128
4035
4128
4036
4129
4130
4040
4131
4131
4132
4045
4133
4133
4134
4042
4132
4047
4135
4136
4136
4137
4047
4138
4139
4140
4135
4141
4141
4142
4142
4143
4052
4144
4143
4145
4146
4146
4147
4147
4148
4148
4149
4149
4150
4150
4151
4151
4152
4152
4153
4153
4154
4154
4155
4155
4156
4156
4157
4157
4158
4158
4159
4159
4160
4160
4161
4161
4162
4162
4163
4163
4164
4164
4165
4165
4166
4166
4167
4167
4168
4168
4169
4170
4171
4078
4172
4170
4173
4080
4174
4172
4175
4082
4176
4174
4177
4176
4178
4085
4178
4087
4179
4087
4089
4180
4181
4089
4091
4182
4183
4091
4093
4184
4185
4093
4096
4186
4187
4096
4188
4189
4190
4100
4188
4191
4104
4192
4192
4193
4193
4194
4194
4195
4107
4196
4196
4197
4197
4198
4198
4199
4106
4110
4200
4201
4201
4202
4109
4203
4204
4111
4205
4204
4206
4113
4118
4207
4208
4115
4208
4209
4203
4210
4117
4211
4212
4119
4213
4212
4214
4215
4216
4216
4216
4217
4218
4211
4217
4130
4219
4127
4219
4215
4220
4220
4221
4129
4130
4134
4222
4222
4137
4223
4223
4224
4140
4225
4139
4226
4226
4227
4140
4228
4229
4229
4230
4231
4225
4232
4232
4233
4233
4234
4145
4235
4234
4236
4237
4237
4238
4238
4239
4239
4240
4240
4241
4241
4242
4242
4243
4243
4244
4244
4245
4245
4246
4246
4247
4247
4248
4248
4249
4249
4250
4250
4251
4251
4252
4252
4253
4253
4254
4254
4255
4255
4256
4256
4257
4257
4258
4258
4259
4259
4260
4261
4262
4171
4263
4261
4264
4173
4265
4263
4266
4175
4267
4265
4268
4177
4269
4267
4270
4179
4269
4181
4271
4181
4183
4272
4273
4183
4185
4274
4275
4185
4187
4276
4277
4187
4191
4278
4279
4190
4195
4191
4280
4281
4282
4283
4283
4284
4285
4199
4286
4286
4287
4287
4288
4284
4288
4202
4289
4289
4290
4290
4291
4291
4292
4201
4205
4293
4294
4294
4295
4204
4296
4297
4206
4298
4297
4299
4208
4213
4300
4301
4210
4301
4302
4296
4303
4212
4304
4305
4214
4306
4305
4307
4308
4309
4309
4310
4311
4309
4311
4312
4221
4308
4313
4313
4224
4227
4314
4314
4231
4315
4230
4316
4316
4317
4231
4318
4319
4319
4320
4320
4321
4322
4315
4323
4323
4324
4324
4325
4236
4326
4325
4327
4328
4328
4329
4329
4330
4330
4331
4331
4332
4332
4333
4333
4334
4334
4335
4335
4336
4336
4337
4337
4338
4338
4339
4339
4340
4340
4341
4341
4342
4342
4343
4343
4344
4344
4345
4345
4346
4346
4347
4347
4348
4348
4349
4349
4350
4350
4351
4352
4353
4262
4354
4352
4355
4264
4356
4354
4357
4266
4358
4356
4359
4268
4360
4358
4361
4270
4271
4360
4362
4273
4362
4273
4275
4363
4364
4275
4277
4365
4366
4277
4279
4367
4368
4279
4285
4369
4370
4282
4371
4372
4283
4371
4373
4285
4374
4375
4375
4376
4374
4377
4292
4378
4378
4379
4376
4379
4295
4380
4380
4381
4381
4382
4382
4383
4294
4298
4384
4385
4385
4386
4297
4387
4388
4299
4389
4388
4390
4301
4306
4391
4392
4303
4392
4393
4387
4394
4305
4310
4395
4307
4396
4395
4397
4398
4399
4399
4400
4401
4400
4402
4399
4402
4403
4398
4317
4322
4404
4321
4405
4405
4322
4406
4407
4407
4408
4408
4409
4409
4410
4411
4404
4412
4412
4413
4413
4414
4327
4415
4414
4416
4417
4417
4418
4418
4419
4419
4420
4420
4421
4421
4422
4422
4423
4423
4424
4424
4425
4425
4426
4426
4427
4427
4428
4428
4429
4429
4430
4430
4431
4431
4432
4432
4433
4433
4434
4434
4435
4435
4436
4436
4437
4437
4438
4438
4439
4439
4440
4441
4442
4353
4443
4441
4444
4355
4445
4443
4446
4357
4447
4445
4448
4359
4449
4447
4450
4361
4451
4449
4452
4364
4451
4364
4366
4453
4454
4366
4368
4455
4456
4368
4370
4457
4458
4370
4377
4459
4460
4461
4462
4374
4461
4463
4375
4462
4464
4465
4466
4466
4467
4465
4468
4469
4383
4470
4467
4470
4386
4471
4471
4472
4472
4473
4473
4474
4385
4389
4475
4476
4476
4477
4388
4478
4479
4390
4480
4479
4481
4392
4396
4482
4483
4394
4483
4484
4478
4485
4401
4397
4486
4487
4488
4488
4489
4490
4487
4490
4489
4491
4488
4491
4411
4492
4410
4411
4493
4493
4494
4494
4495
4495
4496
4496
4497
4492
4498
4498
4499
4499
4500
4416
4501
4500
4502
4503
4503
4504
4504
4505
4505
4506
4506
4507
4507
4508
4508
4509
4509
4510
4510
4511
4511
4512
4512
4513
4513
4514
4514
4515
4515
4516
4516
4517
4517
4518
4518
4519
4519
4520
4520
4521
4521
4522
4522
4523
4523
4524
4524
4525
4525
4526
4527
4442
4528
4526
4529
4444
4530
4528
4531
4446
4532
4530
4533
4448
4534
4532
4535
4450
4536
4534
4537
4452
4454
4536
4538
4454
4456
4539
4538
4456
4458
4540
4541
4458
4460
4542
4543
4460
4468
4544
4545
4546
4547
4546
4548
4465
4547
4549
4466
4548
4550
4469
4551
4551
4552
4553
4554
4555
4549
4554
4474
4552
4477
4556
4556
4557
4557
4558
4558
4559
4476
4480
4560
4561
4561
4562
4479
4563
4564
4481
4565
4564
4566
4483
4486
4567
4568
4485
4568
4569
4563
4570
4571
4571
4572
4573
4574
4572
4574
4573
4497
4575
4576
4577
4576
4578
4578
4579
4579
4577
4580
4575
4581
4581
4582
4582
4583
4502
4584
4583
4585
4586
4586
4587
4587
4588
4588
4589
4589
4590
4590
4591
4591
4592
4592
4593
4593
4594
4594
4595
4595
4596
4596
4597
4597
4598
4598
4599
4599
4600
4600
4601
4601
4602
4602
4603
4603
4604
4604
4605
4605
4606
4606
4607
4607
4608
4529
4609
4610
4611
4608
4609
4612
4529
4613
4614
4531
4615
4613
4616
4533
4617
4615
4618
4535
4619
4617
4620
4537
4621
4619
4622
4539
4621
4541
4623
4541
4543
4624
4625
4543
4545
4626
4627
4545
4553
4628
4629
4630
4631
4631
4632
4630
4633
4632
4634
4551
4633
4635
4636
4559
4636
4637
4638
4639
4555
4634
4638
4640
4562
4641
4641
4642
4642
4643
4643
4644
4561
4565
4645
4646
4646
4647
4564
4648
4649
4566
4650
4649
4651
4568
4652
4653
4570
4653
4654
4648
4655
4652
4656
4656
4657
4658
4657
4658
4580
4659
4660
4661
4661
4662
4660
4663
4663
4662
4664
4659
4665
4665
4666
4666
4667
4585
4668
4667
4669
4670
4670
4671
4671
4672
4672
4673
4673
4674
4674
4675
4675
4676
4676
4677
4677
4678
4678
4679
4679
4680
4680
4681
4681
4682
4682
4683
4683
4684
4684
4685
4685
4686
4686
4687
4687
4688
4688
4689
4689
4690
4690
4691
4691
4692
4693
4694
4695
4611
4614
4696
4694
4697
4692
4693
4698
4614
4699
4700
4616
4701
4699
4702
4618
4703
4701
4704
4620
4705
4703
4706
4622
4623
4705
4707
4625
4707
4625
4627
4708
4709
4627
4629
4710
4711
4629
4637
4712
4713
4714
4715
4715
4716
4716
4717
4714
4718
4640
4717
4636
4718
4719
4644
4720
4721
4722
4639
4723
4721
4724
4723
4725
4647
4726
4726
4727
4727
4728
4719
4728
4646
4650
4729
4730
4730
4731
4649
4732
4733
4651
4734
4733
4735
4736
4737
4737
4738
4655
4738
4739
4732
4740
4736
4741
4741
4742
4742
4664
4743
4744
4745
4745
4746
4746
4747
4744
4747
4748
4743
4749
4749
4750
4750
4751
4669
4752
4751
4753
4754
4754
4755
4755
4756
4756
4757
4757
4758
4758
4759
4759
4760
4760
4761
4761
4762
4762
4763
4763
4764
4764
4765
4765
4766
4766
4767
4767
4768
4768
4769
4769
4770
4770
4771
4771
4772
4772
4773
4773
4774
4774
4775
4775
4776
4777
4778
4779
4695
4780
4778
4781
4697
4700
4782
4780
4783
4776
4777
4784
4700
4785
4786
4702
4787
4785
4788
4704
4789
4787
4790
4706
4791
4789
4792
4709
4791
4709
4711
4793
4794
4711
4713
4795
4796
4713
4720
4797
4798
4799
4800
4800
4801
4801
4802
4725
4802
4799
4803
4803
4804
4805
4806
4807
4722
4808
4806
4809
4724
4810
4808
4811
4810
4812
4731
4813
4813
4814
4804
4814
4730
4734
4815
4816
4816
4817
4733
4818
4819
4735
4820
4819
4821
4822
4823
4823
4824
4824
4740
4825
4826
4818
4827
4822
4828
4828
4748
4829
4830
4830
4831
4831
4832
4832
4833
4833
4834
4829
4835
4835
4836
4836
4837
4753
4838
4837
4839
4840
4840
4841
4841
4842
4842
4843
4843
4844
4844
4845
4845
4846
4846
4847
4847
4848
4848
4849
4849
4850
4850
4851
4851
4852
4852
4853
4853
4854
4854
4855
4855
4856
4856
4857
4857
4858
4858
4859
4859
4860
4860
4861
4861
4862
4863
4864
4779
4865
4863
4866
4781
4867
4865
4868
4783
4786
4869
4867
4870
4862
4864
4871
4786
4872
4873
4788
4874
4872
4875
4790
4876
4874
4877
4792
4794
4876
4878
4794
4796
4879
4878
4796
4798
4880
4881
4798
4805
4882
4883
4884
4885
4885
4886
4886
4887
4812
4887
4884
4888
4888
4889
4890
4891
4892
4807
4893
4891
4894
4809
4895
4893
4896
4811
4897
4895
4898
4897
4899
4817
4900
4889
4900
4816
4820
4901
4902
4902
4903
4819
4904
4905
4821
4906
4905
4907
4908
4909
4909
4910
4826
4910
4827
4911
4911
4912
4904
4913
4908
4834
4914
4915
4915
4916
4916
4917
4917
4918
4918
4919
4914
4920
4920
4921
4921
4922
4839
4923
4922
4924
4925
4925
4926
4926
4927
4927
4928
4928
4929
4929
4930
4930
4931
4931
4932
4932
4933
4933
4934
4934
4935
4935
4936
4936
4937
4937
4938
4938
4939
4939
4940
4940
4941
4941
4942
4942
4943
4943
4944
4944
4945
4945
4946
4946
4947
4866
4948
4949
4950
4948
4951
4866
4952
4953
4868
4954
4952
4955
4870
4873
4956
4954
4957
4947
4951
4958
4873
4959
4960
4875
4961
4959
4962
4877
4963
4961
4964
4879
4963
4881
4965
4881
4883
4966
4967
4883
4890
4968
4969
4970
4971
4971
4972
4972
4973
4899
4973
4970
4974
4974
4975
4976
4977
4978
4892
4979
4977
4980
4894
4981
4979
4982
4896
4983
4981
4984
4898
4985
4983
4986
4985
4987
4903
4975
4902
4906
4988
4989
4989
4990
4905
4991
4992
4907
4993
4992
4994
4995
4995
4996
4912
4996
4997
4998
4997
4999
4991
4998
5000
4919
5001
5002
5002
5003
5003
5004
5004
5005
5005
5006
5001
5007
5007
5008
5008
5009
4924
5010
5009
5011
5012
5012
5013
5013
5014
5014
5015
5015
5016
5016
5017
5017
5018
5018
5019
5019
5020
5020
5021
5021
5022
5022
5023
5023
5024
5024
5025
5025
5026
5026
5027
5027
5028
5028
5029
5029
5030
5030
5031
5031
5032
5032
5033
5033
5034
5035
5036
5037
4950
4953
5038
5036
5039
5035
5040
4953
5041
5042
4955
5043
5041
5044
4957
4960
5045
5043
5046
5034
5040
5047
4960
5048
5049
4962
5050
5048
5051
4964
4965
5050
5052
4967
5052
4967
4969
5053
5054
4969
4976
5055
5056
5057
5058
5058
5059
5059
5060
4987
5060
5057
5061
4990
5061
5062
5063
4978
5064
5062
5065
4980
5066
5064
5067
4982
5068
5066
5069
4984
5070
5068
5071
4986
5072
5070
5073
5072
5074
4989
4993
5075
5076
5076
5077
4992
5078
5079
4994
5080
5079
5081
5082
4999
5082
5083
5084
5084
5085
5083
5086
5078
5085
5006
5087
5088
5088
5089
5089
5090
5090
5091
5092
5093
5087
5094
5094
5095
5095
5096
5011
5097
5096
5098
5099
5099
5100
5100
5101
5101
5102
5102
5103
5103
5104
5104
5105
5105
5106
5106
5107
5107
5108
5108
5109
5109
5110
5110
5111
5111
5112
5112
5113
5113
5114
5114
5115
5115
5116
5116
5117
5117
5118
5118
5119
5119
5120
5120
5121
5122
5123
5037
5124
5122
5125
5039
5042
5126
5124
5127
5123
5128
5042
5129
5130
5044
5131
5129
5132
5046
5049
5133
5131
5134
5121
5128
5135
5049
5136
5137
5051
5138
5136
5139
5054
5138
5054
5056
5140
5141
5056
5063
5142
5143
5144
5145
5145
5146
5146
5147
5074
5147
5077
5144
5065
5148
5149
5150
5149
5151
5065
5152
5153
5067
5154
5152
5155
5069
5156
5154
5157
5071
5158
5156
5159
5073
5160
5158
5161
5160
5162
5076
5080
5163
5164
5164
5165
5079
5166
5167
5081
5168
5167
5169
5086
5170
5171
5171
5172
5172
5173
5170
5093
5174
5175
5175
5176
5176
5177
5092
5177
5178
5179
5179
5180
5174
5181
5181
5182
5182
5183
5098
5184
5183
5185
5186
5186
5187
5187
5188
5188
5189
5189
5190
5190
5191
5191
5192
5192
5193
5193
5194
5194
5195
5195
5196
5196
5197
5197
5198
5198
5199
5199
5200
5200
5201
5201
5202
5202
5203
5203
5204
5204
5205
5205
5206
5206
5207
5207
5208
5125
5209
5210
5211
5209
5212
5125
5213
5214
5127
5130
5215
5213
5216
5212
5217
5130
5218
5219
5132
5220
5218
5221
5134
5137
5222
5220
5223
5208
5217
5224
5137
5225
5226
5139
5141
5225
5227
5141
5143
5228
5227
5143
5151
5229
5230
5165
5231
5231
5232
5232
5233
5162
5233
5150
5153
5234
5235
5236
5237
5237
5238
5235
5239
5153
5240
5241
5155
5242
5240
5243
5157
5244
5242
5245
5159
5246
5244
5247
5161
5248
5246
5249
5248
5250
5164
5168
5251
5252
5252
5253
5167
5173
5254
5255
5169
5256
5255
5257
5258
5258
5259
5259
5260
5260
5261
5180
5262
5263
5263
5264
5264
5265
5179
5265
5266
5267
5267
5268
5262
5269
5269
5270
5270
5271
5185
5272
5271
5273
5274
5274
5275
5275
5276
5276
5277
5277
5278
5278
5279
5279
5280
5280
5281
5281
5282
5282
5283
5283
5284
5284
5285
5285
5286
5286
5287
5287
5288
5288
5289
5289
5290
5290
5291
5291
5292
5292
5293
5293
5294
5294
5295
5295
5296
5297
5298
5211
5214
5299
5297
5300
5298
5301
5214
5302
5303
5216
5219
5304
5302
5305
5301
5306
5219
5307
5308
5221
5309
5307
5310
5223
5226
5311
5309
5312
5296
5306
5313
5226
5314
5315
5228
5314
5230
5316
5230
5239
5317
5318
5253
5319
5319
5320
5250
5320
5238
5241
5321
5322
5323
5324
5237
5322
5325
5326
5326
5327
5323
5328
5241
5329
5330
5243
5331
5329
5332
5245
5333
5331
5334
5247
5335
5333
5336
5249
5337
5335
5338
5337
5339
5252
5256
5340
5341
5341
5342
5255
5261
5343
5344
5257
5345
5344
5346
5347
5347
5348
5348
5349
5349
5350
5268
5351
5352
5352
5353
5353
5354
5267
5354
5355
5356
5356
5357
5351
5358
5358
5359
5359
5360
5273
5361
5360
5362
5363
5363
5364
5364
5365
5365
5366
5366
5367
5367
5368
5368
5369
5369
5370
5370
5371
5371
5372
5372
5373
5373
5374
5374
5375
5375
5376
5376
5377
5377
5378
5378
5379
5379
5380
5380
5381
5381
5382
5382
5383
5383
5384
5384
5385
5300
5386
5387
5388
5386
5389
5300
5303
5390
5391
5389
5392
5303
5393
5394
5305
5308
5395
5393
5396
5392
5397
5308
5398
5399
5310
5400
5398
5401
5312
5315
5402
5400
5403
5385
5397
5404
5315
5316
5405
5318
5405
5318
5328
5406
5407
5342
5408
5339
5408
5327
5330
5409
5324
5410
5411
5412
5412
5413
5326
5410
5414
5415
5415
5416
5411
5417
5330
5418
5419
5332
5420
5418
5421
5334
5422
5420
5423
5336
5424
5422
5425
5338
5426
5424
5427
5426
5428
5341
5345
5429
5430
5430
5431
5344
5350
5432
5346
5433
5432
5434
5435
5435
5436
5436
5437
5437
5438
5357
5439
5440
5440
5441
5441
5442
5356
5442
5443
5444
5444
5445
5439
5446
5446
5447
5447
5448
5362
5449
5448
5450
5451
5451
5452
5452
5453
5453
5454
5454
5455
5455
5456
5456
5457
5457
5458
5458
5459
5459
5460
5460
5461
5461
5462
5462
5463
5463
5464
5464
5465
5465
5466
5466
5467
5467
5468
5468
5469
5469
5470
5470
5471
5471
5472
5472
5473
5474
5475
5388
5391
5476
5474
5477
5475
5478
5391
5394
5479
5480
5478
5481
5394
5482
5483
5396
5399
5484
5482
5485
5481
5486
5399
5487
5488
5401
5489
5487
5490
5403
5405
5491
5489
5492
5473
5486
5493
5407
5407
5417
5494
5491
5428
5431
5416
5419
5495
5413
5496
5497
5498
5413
5497
5499
5500
5501
5415
5496
5502
5503
5503
5504
5498
5505
5419
5506
5507
5421
5508
5506
5509
5423
5510
5508
5511
5425
5512
5510
5513
5427
5514
5512
5515
5514
5516
5430
5433
5517
5518
5516
5518
5438
5519
5434
5520
5519
5521
5522
5522
5523
5523
5524
5524
5525
5445
5526
5527
5527
5528
5528
5529
5444
5529
5530
5531
5531
5532
5526
5533
5533
5534
5534
5535
5450
5536
5535
5537
5538
5538
5539
5539
5540
5540
5541
5541
5542
5542
5543
5543
5544
5544
5545
5545
5546
5546
5547
5547
5548
5548
5549
5549
5550
5550
5551
5551
5552
5552
5553
5553
5554
5554
5555
5555
5556
5556
5557
5557
5558
5558
5559
5559
5560
5477
5561
5562
5563
5561
5564
5477
5480
5565
5566
5564
5567
5480
5483
5568
5569
5567
5570
5483
5571
5572
5485
5488
5573
5571
5574
5570
5575
5488
5576
5577
5490
5578
5576
5579
5492
5494
5578
5580
5560
5575
5581
5505
5580
5504
5507
5582
5501
5583
5584
5585
5586
5584
5587
5500
5501
5588
5585
5589
5590
5503
5583
5591
5592
5592
5593
5587
5594
5507
5595
5596
5509
5597
5595
5598
5511
5599
5597
5600
5513
5601
5599
5602
5515
5603
5601
5604
5603
5605
5518
5520
5606
5605
5525
5607
5521
5608
5607
5609
5610
5610
5611
5611
5612
5612
5613
5532
5614
5615
5615
5616
5616
5617
5617
5618
5619
5618
5620
5620
5621
5614
5622
5622
5623
5623
5624
5537
5625
5624
5626
5627
5627
5628
5628
5629
5629
5630
5630
5631
5631
5632
5632
5633
5633
5634
5634
5635
5635
5636
5636
5637
5637
5638
5638
5639
5639
5640
5640
5641
5641
5642
5642
5643
5643
5644
5644
5645
5645
5646
5646
5647
5647
5648
5648
5649
5650
5651
5563
5566
5652
5650
5653
5651
5654
5566
5569
5655
5656
5654
5657
5569
5572
5658
5659
5657
5660
5572
5661
5662
5574
5577
5663
5661
5664
5660
5665
5577
5666
5667
5579
5668
5666
5669
5594
5668
5649
5665
5670
5593
5596
5671
5590
5672
5673
5674
5586
5675
5673
5676
5674
5677
5589
5590
5678
5675
5679
5680
5592
5672
5681
5682
5682
5683
5677
5684
5596
5685
5686
5598
5687
5685
5688
5600
5689
5687
5690
5602
5691
5689
5692
5604
5693
5691
5694
5606
5693
5608
5695
5613
5696
5609
5697
5696
5698
5699
5699
5700
5700
5701
5701
5702
5621
5703
5704
5704
5705
5705
5706
5707
5706
5707
5708
5707
5709
5709
5710
5703
5711
5711
5712
5712
5713
5626
5714
5713
5715
5716
5716
5717
5717
5718
5718
5719
5719
5720
5720
5721
5721
5722
5722
5723
5723
5724
5724
5725
5725
5726
5726
5727
5727
5728
5728
5729
5729
5730
5730
5731
5731
5732
5732
5733
5733
5734
5734
5735
5735
5736
5736
5737
5737
5738
5653
5739
5740
5741
5739
5742
5653
5656
5743
5744
5742
5745
5656
5659
5746
5747
5745
5748
5659
5662
5749
5750
5748
5751
5662
5752
5753
5664
5667
5754
5752
5755
5751
5756
5667
5757
5758
5669
5684
5757
5759
5738
5756
5760
5683
5686
5761
5680
5762
5676
5763
5764
5765
5763
5766
5676
5767
5768
5766
5769
5679
5680
5770
5767
5771
5772
5682
5762
5773
5774
5774
5775
5759
5769
5686
5776
5777
5688
5778
5776
5779
5690
5780
5778
5781
5692
5782
5780
5783
5694
5695
5782
5784
5697
5784
5702
5785
5698
5786
5785
5787
5788
5788
5789
5789
5790
5790
5791
5710
5792
5793
5793
5794
5794
5795
5796
5795
5797
5798
5796
5799
5799
5800
5792
5801
5801
5802
5802
5803
5715
5804
5803
5805
5806
5806
5807
5807
5808
5808
5809
5809
5810
5810
5811
5811
5812
5812
5813
5813
5814
5814
5815
5815
5816
5816
5817
5817
5818
5818
5819
5819
5820
5820
5821
5821
5822
5822
5823
5823
5824
5824
5825
5825
5826
5826
5827
5827
5828
5829
5830
5741
5744
5831
5829
5832
5830
5833
5744
5747
5834
5835
5833
5836
5747
5750
5837
5838
5836
5839
5750
5753
5840
5841
5839
5842
5753
5843
5844
5755
5758
5845
5843
5846
5842
5847
5758
5848
5849
5848
5850
5828
5847
5851
5775
5777
5852
5772
5853
5854
5855
5856
5765
5854
5857
5768
5858
5855
5859
5768
5860
5861
5850
5859
5771
5772
5862
5860
5863
5864
5774
5853
5865
5866
5866
5867
5777
5868
5869
5779
5870
5868
5871
5781
5872
5870
5873
5783
5874
5872
5875
5786
5874
5791
5876
5787
5877
5876
5878
5879
5879
5880
5880
5881
5881
5882
5800
5883
5884
5884
5885
5885
5886
5797
5887
5888
5886
5888
5889
5887
5890
5890
5891
5883
5892
5892
5893
5893
5894
5805
5895
5894
5896
5897
5897
5898
5898
5899
5899
5900
5900
5901
5901
5902
5902
5903
5903
5904
5904
5905
5905
5906
5906
5907
5907
5908
5908
5909
5909
5910
5910
5911
5911
5912
5912
5913
5913
5914
5914
5915
5915
5916
5916
5917
5917
5918
5918
5919
5832
5920
5921
5922
5920
5923
5832
5835
5924
5925
5923
5926
5835
5838
5927
5928
5926
5929
5838
5841
5930
5931
5929
5932
5841
5844
5933
5934
5932
5935
5844
5936
5937
5846
5849
5938
5936
5939
5935
5940
5849
5941
5942
5941
5943
5919
5940
5944
5867
5869
5945
5864
5946
5856
5947
5948
5949
5949
5950
5858
5947
5951
5861
5952
5943
5948
5861
5953
5954
5863
5864
5955
5953
5956
5957
5866
5946
5958
5959
5959
5960
5869
5961
5962
5871
5963
5961
5964
5873
5965
5963
5966
5875
5877
5965
5967
5882
5968
5878
5967
5968
5969
5970
5970
5971
5971
5972
5972
5973
5891
5974
5975
5975
5976
5976
5977
5888
5978
5979
5977
5980
5981
5978
5982
5982
5983
5974
5984
5984
5985
5985
5986
5896
5987
5986
5988
5989
5989
5990
5990
5991
5991
5992
5992
5993
5993
5994
5994
5995
5995
5996
5996
5997
5997
5998
5998
5999
5999
6000
6000
6001
6001
6002
6002
6003
6003
6004
6004
6005
6005
6006
6006
6007
6007
6008
6008
6009
6009
6010
6010
6011
6012
6013
5922
5925
6014
6012
6015
6013
6016
5925
5928
6017
6018
6016
6019
5928
5931
6020
6021
6019
6022
5931
5934
6023
6024
6022
6025
5934
5937
6026
6027
6025
6028
5937
6029
6030
5939
5942
6031
6029
6032
6028
6033
5942
6034
6035
6034
6036
6011
6033
6037
5960
5962
6038
5957
6039
5950
6040
6036
6041
5950
6041
6042
6043
6044
5952
6040
6045
5954
6046
5954
6047
6048
5956
5957
6049
6047
6050
6051
5959
6039
6052
6053
6053
6054
5962
6055
6056
5964
6057
6055
6058
5966
6059
6057
6060
5969
6059
5973
6061
6061
6062
6063
6063
6064
6064
6065
6065
6066
5983
6067
6068
6068
6069
6069
6070
5979
6071
5980
6072
6073
6070
6073
6074
6071
6075
6075
6076
6067
6077
6077
6078
6078
6079
5988
6080
6079
6081
6082
6082
6083
6083
6084
6084
6085
6085
6086
6086
6087
6087
6088
6088
6089
6089
6090
6090
6091
6091
6092
6092
6093
6093
6094
6094
6095
6095
6096
6096
6097
6097
6098
6098
6099
6099
6100
6100
6101
6101
6102
6102
6103
6103
6104
6015
6105
6106
6107
6105
6108
6015
6018
6109
6110
6108
6111
6018
6021
6112
6113
6111
6114
6021
6024
6115
6116
6114
6117
6024
6027
6118
6119
6117
6120
6027
6030
6121
6122
6120
6123
6030
6124
6125
6032
6035
6126
6124
6127
6123
6128
6035
6129
6130
6129
6131
6104
6128
6132
6054
6056
6133
6051
6134
6044
6135
6131
6136
6137
6043
6044
6138
6136
6139
6140
6046
6135
6141
6048
6142
6048
6143
6144
6050
6051
6145
6143
6146
6147
6053
6134
6148
6149
6149
6150
6056
6151
6152
6058
6153
6151
6154
6060
6062
6153
6155
6066
6156
6155
6156
6157
6157
6158
6158
6159
6159
6160
6076
6161
6162
6162
6163
6163
6164
6072
6165
6073
6166
6167
6164
6168
6169
6165
6170
6170
6171
6161
6172
6172
6173
6173
6174
6081
6175
6174
6176
6177
6177
6178
6178
6179
6179
6180
6180
6181
6181
6182
6182
6183
6183
6184
6184
6185
6185
6186
6186
6187
6187
6188
6188
6189
6189
6190
6190
6191
6191
6192
6192
6193
6193
6194
6194
6195
6195
6196
6196
6197
6197
6198
6198
6199
6200
6201
6107
6110
6202
6200
6203
6201
6204
6110
6113
6205
6206
6204
6207
6113
6116
6208
6209
6207
6210
6116
6119
6211
6212
6210
6213
6119
6122
6214
6215
6213
6216
6122
6125
6217
6218
6216
6219
6125
6220
6221
6127
6130
6222
6220
6223
6219
6224
6130
6225
6226
6225
6227
6199
6224
6228
6150
6152
6229
6147
6230
6140
6231
6137
6232
6227
6233
6139
6140
6234
6232
6235
6236
6142
6231
6237
6144
6238
6144
6239
6240
6146
6147
6241
6239
6242
6243
6149
6230
6244
6245
6245
6246
6152
6247
6248
6154
6249
6247
6250
6249
6251
6160
6251
6252
6252
6253
6253
6254
6254
6255
6171
6256
6257
6257
6258
6258
6259
6166
6260
6167
6261
6168
6262
6263
6259
6264
6265
6260
6266
6266
6267
6256
6268
6268
6269
6269
6270
6176
6271
6270
6272
6273
6273
6274
6274
6275
6275
6276
6276
6277
6277
6278
6278
6279
6279
6280
6280
6281
6281
6282
6282
6283
6283
6284
6284
6285
6285
6286
6286
6287
6287
6288
6288
6289
6289
6290
6290
6291
6291
6292
6292
6293
6293
6294
6294
6295
6203
6296
6297
6297
6298
6203
6206
6299
6300
6298
6301
6206
6209
6302
6303
6301
6304
6209
6212
6305
6306
6304
6307
6212
6215
6308
6309
6307
6310
6215
6218
6311
6312
6310
6313
6218
6221
6314
6315
6313
6316
6221
6317
6318
6223
6226
6319
6317
6320
6316
6321
6226
6322
6323
6233
6322
6324
6325
6295
6321
6326
6246
6248
6327
6243
6328
6236
6329
6233
6330
6331
6235
6236
6332
6330
6333
6334
6238
6329
6335
6240
6336
6240
6337
6338
6242
6243
6339
6337
6340
6341
6245
6328
6342
6343
6343
6344
6248
6345
6346
6250
6347
6345
6348
6255
6347
6349
6349
6350
6350
6351
6351
6352
6267
6353
6354
6354
6355
6355
6356
6261
6357
6262
6358
6263
6359
6264
6360
6361
6356
6362
6363
6357
6364
6364
6365
6353
6366
6366
6367
6367
6368
6272
6369
6368
6370
6371
6371
6372
6372
6373
6373
6374
6374
6375
6375
6376
6376
6377
6377
6378
6378
6379
6379
6380
6380
6381
6381
6382
6382
6383
6383
6384
6384
6385
6385
6386
6386
6387
6387
6388
6388
6389
6389
6390
6390
6391
6391
6392
6392
6393
6300
6394
6395
6396
6397
6394
6398
6398
6399
6300
6303
6400
6395
6399
6401
6303
6306
6402
6403
6401
6404
6306
6309
6405
6406
6404
6407
6309
6312
6408
6409
6407
6410
6312
6315
6411
6412
6410
6413
6315
6318
6414
6415
6413
6416
6318
6417
6418
6320
6323
6419
6417
6420
6416
6421
6323
6422
6423
6325
6422
6424
6331
6425
6393
6421
6426
6344
6346
6427
6341
6428
6334
6429
6331
6430
6431
6333
6334
6432
6430
6433
6434
6336
6429
6435
6338
6436
6338
6437
6438
6340
6341
6439
6437
6440
6441
6343
6428
6442
6443
6443
6444
6346
6445
6446
6348
6352
6445
6447
6448
6448
6449
6449
6450
6447
6450
6365
6451
6452
6452
6453
6453
6454
6358
6455
6359
6456
6360
6457
6361
6458
6362
6459
6460
6454
6460
6461
6455
6462
6462
6463
6451
6464
6464
6465
6465
6466
6370
6467
6466
6468
6469
6469
6470
6470
6471
6471
6472
6472
6473
6473
6474
6474
6475
6475
6476
6476
6477
6477
6478
6478
6479
6479
6480
6480
6481
6481
6482
6482
6483
6483
6484
6484
6485
6485
6486
6486
6487
6487
6488
6488
6489
6489
6490
6490
6491
6492
6493
6400
6494
6397
6494
6495
6492
6496
6493
6497
6497
6498
6403
6499
6498
6500
6403
6406
6501
6502
6500
6503
6406
6409
6504
6505
6503
6506
6409
6412
6507
6508
6506
6509
6412
6415
6510
6511
6509
6512
6415
6418
6513
6514
6512
6515
6418
6516
6517
6420
6423
6518
6516
6519
6515
6520
6423
6424
6521
6522
6523
6425
6524
6431
6525
6491
6520
6526
6444
6446
6527
6441
6528
6434
6529
6431
6530
6531
6433
6434
6532
6530
6533
6534
6436
6529
6535
6438
6536
6438
6537
6538
6440
6441
6539
6537
6540
6541
6443
6528
6542
6543
6543
6544
6446
6545
6546
6547
6548
6549
6549
6550
6547
6550
6463
6551
6552
6552
6553
6553
6554
6456
6555
6457
6556
6458
6557
6459
6558
6460
6559
6560
6554
6561
6562
6555
6563
6563
6564
6551
6565
6565
6566
6566
6567
6468
6568
6567
6569
6570
6570
6571
6571
6572
6572
6573
6573
6574
6574
6575
6575
6576
6576
6577
6577
6578
6578
6579
6579
6580
6580
6581
6581
6582
6582
6583
6583
6584
6584
6585
6585
6586
6586
6587
6587
6588
6588
6589
6589
6590
6590
6591
6591
6592
6496
6593
6594
6594
6595
6499
6596
6496
6596
6597
6598
6595
6599
6599
6600
6502
6601
6600
6602
6502
6505
6603
6604
6602
6605
6505
6508
6606
6607
6605
6608
6508
6511
6609
6610
6608
6611
6511
6514
6612
6613
6611
6614
6514
6517
6615
6616
6614
6617
6517
6618
6619
6519
6523
6620
6618
6621
6617
6622
6522
6524
6623
6523
6624
6624
6625
6626
6525
6627
6531
6628
6592
6622
6629
6544
6546
6630
6541
6631
6534
6632
6531
6633
6634
6533
6534
6635
6633
6636
6637
6536
6632
6638
6538
6639
6538
6640
6641
6540
6541
6642
6640
6643
6644
6543
6631
6645
6646
6646
6647
6546
6548
6648
6649
6650
6648
6650
6651
6649
6651
6564
6652
6653
6653
6654
6654
6655
6556
6656
6557
6657
6558
6658
6559
6659
6560
6660
6561
6661
6662
6655
6663
6664
6656
6665
6665
6666
6652
6667
6667
6668
6668
6669
6569
6670
6669
6671
6672
6672
6673
6673
6674
6674
6675
6675
6676
6676
6677
6677
6678
6678
6679
6679
6680
6680
6681
6681
6682
6682
6683
6683
6684
6684
6685
6685
6686
6686
6687
6687
6688
6688
6689
6689
6690
6690
6691
6691
6692
6692
6693
6693
6694
6598
6695
6696
6697
6696
6698
6698
6699
6601
6700
6598
6700
6701
6697
6699
6702
6702
6703
6604
6704
6703
6705
6604
6607
6706
6707
6705
6708
6607
6610
6709
6710
6708
6711
6610
6613
6712
6713
6711
6714
6613
6616
6715
6716
6714
6717
6616
6619
6718
6719
6717
6720
6619
6721
6722
6621
6625
6723
6724
6725
6721
6726
6720
6727
6624
6627
6728
6729
6626
6725
6729
6730
6628
6731
6634
6732
6694
6727
6733
6648
6734
6735
6644
6736
6637
6737
6634
6738
6739
6636
6637
6740
6738
6741
6742
6639
6737
6743
6641
6744
6641
6745
6746
6643
6644
6747
6745
6748
6749
6646
6736
6750
6751
6735
6751
6752
6753
6754
6752
6754
6753
6666
6755
6756
6756
6757
6757
6758
6657
6759
6658
6760
6659
6761
6660
6762
6661
6763
6662
6764
6663
6765
6766
6767
6758
6766
6768
6759
6769
6769
6770
6755
6771
6771
6772
6772
6773
6671
6774
6773
6774
6775
6775
6776
6776
6777
6777
6778
6778
6779
6779
6780
6780
6781
6781
6782
6782
6783
6783
6784
6784
6785
6785
6786
6786
6787
6787
6788
6788
6789
6789
6790
6790
6791
6791
6792
6792
6793
6793
6794
6794
6795
6795
6796
6796
6797
6798
6799
6800
6801
6802
6798
6803
6701
6799
6803
6804
6804
6805
6704
6806
6806
6807
6805
6808
6808
6809
6707
6810
6809
6811
6707
6710
6812
6813
6811
6814
6710
6713
6815
6816
6814
6817
6713
6716
6818
6819
6817
6820
6716
6719
6821
6822
6820
6823
6719
6722
6824
6825
6823
6826
6722
6827
6828
6724
6829
6830
6726
6831
6730
6830
6827
6831
6832
6826
6833
6729
6731
6834
6835
6835
6836
6732
6837
6739
6838
6797
6833
6839
6752
6840
6841
6841
6842
6749
6843
6742
6844
6739
6845
6846
6741
6742
6847
6845
6848
6849
6744
6844
6850
6746
6851
6746
6852
6853
6748
6749
6854
6852
6855
6856
6751
6843
6857
6842
6858
6859
6858
6859
6770
6860
6861
6861
6862
6862
6863
6760
6864
6761
6865
6762
6866
6763
6867
6764
6868
6765
6869
6767
6870
6871
6871
6872
6863
6873
6874
6864
6875
6875
6876
6860
6877
6877
6878
6878
6879
6879
6880
6881
6882
6882
6883
6883
6884
6884
6885
6885
6886
6886
6887
6887
6888
6888
6889
6889
6890
6890
6891
6891
6892
6892
6893
6893
6894
6894
6895
6895
6896
6896
6897
6897
6898
6898
6899
6899
6900
6900
6901
6901
6902
6902
6903
6903
6904
6905
6906
6800
6807
6907
6908
6802
6908
6909
6905
6910
6906
6911
6911
6912
6912
6913
6810
6914
6907
6914
6913
6915
6915
6916
6813
6917
6916
6918
6813
6816
6919
6920
6918
6921
6816
6819
6922
6923
6921
6924
6819
6822
6925
6926
6924
6927
6822
6825
6928
6929
6927
6930
6825
6828
6931
6932
6930
6933
6828
6934
6935
6831
6936
6937
6836
6936
6938
6934
6938
6939
6940
6941
6933
6942
6835
6837
6943
6944
6944
6945
6838
6946
6846
6947
6904
6942
6948
6858
6949
6950
6950
6951
6951
6952
6856
6953
6849
6954
6846
6955
6956
6848
6849
6957
6955
6958
6959
6851
6954
6960
6853
6961
6853
6962
6963
6855
6856
6964
6962
6965
6966
6952
6953
6967
6967
6876
6968
6969
6969
6970
6970
6971
6865
6972
6866
6973
6867
6974
6868
6975
6869
6976
6870
6977
6872
6978
6873
6979
6979
6980
6981
6971
6982
6983
6972
6984
6984
6985
6968
6986
6986
6987
6881
6987
6988
6989
6990
6990
6991
6992
6992
6993
6993
6994
6994
6995
6995
6996
6996
6997
6997
6998
6998
6999
6999
7000
7000
7001
7001
7002
7002
7003
7003
7004
7004
7005
7005
7006
7006
7007
7007
7008
7008
7009
7009
7010
7010
7011
7011
7012
7012
7013
7013
7014
6910
7015
7016
7016
7017
7018
7019
7019
7020
6910
7020
7021
7022
7017
7023
7023
7024
7024
7025
6917
7018
7025
7026
7026
7027
6920
7028
7027
7029
6920
6923
7030
7031
7029
7032
6923
6926
7033
7034
7032
7035
6926
6929
7036
7037
7035
7038
6929
6932
7039
7040
7038
7041
6932
6935
7042
7043
7041
7044
6935
7045
7046
6945
7047
6938
7047
7048
6939
7048
7049
6941
7049
7050
7045
7051
7044
7052
6944
6946
7053
7054
7054
7055
6947
7056
6956
7057
7014
7052
7058
6967
7059
7059
7060
7060
7061
7061
7062
6966
7062
6959
7063
6956
7064
7065
6958
6959
7066
7064
7067
7068
6961
7063
7069
6963
7070
6963
7071
7072
6965
6966
7073
7071
7074
7075
6985
7076
7077
7077
7078
7078
7079
6973
7080
6974
7081
6975
7082
6976
7083
6977
7084
6978
7085
6980
7086
6981
7087
7087
7088
6982
7089
7090
7091
7079
7090
7092
7080
7093
7093
7094
7076
7095
6991
7095
7096
7097
6990
7097
7098
7099
7099
7100
7101
7101
7102
7102
7103
7103
7104
7104
7105
7105
7106
7106
7107
7107
7108
7108
7109
7109
7110
7110
7111
7111
7112
7112
7113
7113
7114
7114
7115
7115
7116
7116
7117
7117
7118
7118
7119
7119
7120
7120
7121
7121
7122
7122
7123
7022
7124
7125
7126
7125
7127
7127
7128
7028
7129
7129
7130
7130
7131
7022
7131
7132
7126
7128
7133
7133
7134
7134
7135
7135
7136
7136
7137
7031
7138
7137
7139
7031
7034
7140
7141
7139
7142
7034
7037
7143
7144
7142
7145
7037
7040
7146
7147
7145
7148
7040
7043
7149
7150
7148
7151
7043
7046
7152
7153
7151
7154
7046
7051
7155
7156
7055
7157
7157
7158
7158
7159
7051
7159
7160
7161
7154
7162
7054
7056
7163
7164
7164
7165
7057
7166
7065
7167
7123
7162
7168
7169
7169
7170
7170
7171
7171
7172
7068
7173
7065
7174
7175
7067
7068
7176
7174
7177
7178
7070
7173
7179
7072
7180
7072
7181
7182
7074
7075
7183
7181
7184
7172
7094
7185
7186
7186
7187
7187
7188
7081
7189
7082
7190
7083
7191
7084
7192
7085
7193
7086
7194
7088
7195
7089
7196
7196
7197
7091
7198
7199
7199
7200
7188
7201
7202
7189
7203
7203
7204
7100
7185
7205
7206
7098
7205
7207
7208
7099
7209
7210
7210
7211
7212
7212
7213
7213
7214
7214
7215
7215
7216
7216
7217
7217
7218
7218
7219
7219
7220
7220
7221
7221
7222
7222
7223
7223
7224
7224
7225
7225
7226
7226
7227
7227
7228
7228
7229
7229
7230
7230
7231
7231
7232
7232
7233
7233
7234
7235
7236
7237
7238
7236
7239
7132
7237
7239
7240
7240
7241
7138
7242
7242
7243
7243
7244
7244
7245
7241
7246
7246
7247
7247
7248
7248
7249
7249
7250
7141
7251
7250
7252
7141
7144
7253
7254
7252
7255
7144
7147
7256
7257
7255
7258
7147
7150
7259
7260
7258
7261
7150
7153
7262
7263
7261
7264
7153
7156
7265
7266
7264
7267
7156
7161
7268
7269
7270
7271
7165
7272
7272
7273
7273
7274
7161
7274
7275
7270
7267
7276
7164
7166
7277
7278
7278
7279
7167
7280
7175
7281
7234
7276
7282
7283
7283
7284
7284
7285
7183
7285
7178
7286
7175
7287
7288
7177
7178
7289
7287
7290
7291
7180
7286
7292
7182
7293
7182
7294
7295
7296
7297
7294
7296
7204
7211
7298
7298
7299
7299
7300
7190
7301
7191
7302
7192
7303
7193
7304
7194
7305
7195
7306
7197
7307
7198
7308
7308
7309
7200
7310
7201
7311
7311
7312
7313
7300
7314
7315
7301
7316
7316
7317
7318
7319
7319
7320
7208
7318
7321
7209
7322
7210
7323
7324
7317
7324
7325
7325
7326
7326
7327
7327
7328
7328
7329
7329
7330
7330
7331
7331
7332
7332
7333
7333
7334
7334
7335
7335
7336
7336
7337
7337
7338
7338
7339
7339
7340
7340
7341
7341
7342
7342
7343
7343
7344
7344
7345
7345
7346
7346
7347
7348
7349
7350
7351
7349
7352
7238
7245
7350
7353
7352
7354
7354
7355
7355
7356
7251
7357
7357
7358
7358
7359
7353
7359
7356
7360
7360
7361
7361
7362
7362
7363
7363
7364
7254
7365
7364
7366
7254
7257
7367
7368
7366
7369
7257
7260
7370
7371
7369
7372
7260
7263
7373
7374
7372
7375
7263
7266
7376
7377
7375
7378
7266
7271
7379
7380
7378
7381
7269
7382
7383
7271
7384
7275
7383
7384
7385
7279
7386
7386
7387
7387
7388
7388
7389
7381
7390
7278
7280
7391
7392
7392
7393
7281
7394
7288
7395
7347
7390
7396
7397
7397
7398
7297
7398
7291
7399
7288
7400
7401
7290
7291
7402
7400
7403
7404
7293
7399
7405
7295
7406
7295
7407
7408
7409
7410
7409
7411
7412
7412
7413
7413
7414
7302
7415
7303
7416
7304
7417
7305
7418
7306
7419
7307
7420
7309
7421
7310
7422
7422
7423
7312
7424
7313
7425
7425
7426
7314
7427
7428
7429
7414
7428
7430
7415
7431
7431
7432
7321
7433
7434
7434
7435
7435
7436
7322
7437
7323
7438
7324
7439
7432
7440
7440
7441
7441
7442
7442
7443
7443
7444
7444
7445
7445
7446
7446
7447
7447
7448
7448
7449
7449
7450
7450
7451
7451
7452
7452
7453
7453
7454
7454
7455
7455
7456
7456
7457
7457
7458
7458
7459
7459
7460
7460
7461
7461
7462
7463
7464
7465
7466
7464
7467
7351
7468
7465
7469
7467
7470
7468
7471
7470
7472
7472
7473
7473
7474
7365
7475
7475
7476
7471
7476
7474
7477
7477
7478
7478
7479
7479
7480
7480
7481
7368
7482
7481
7483
7368
7371
7484
7485
7483
7486
7371
7374
7487
7488
7486
7489
7374
7377
7490
7491
7489
7492
7377
7380
7493
7494
7492
7495
7380
7385
7496
7497
7495
7498
7384
7499
7500
7389
7499
7501
7501
7502
7503
7504
7393
7505
7505
7506
7506
7507
7507
7508
7498
7509
7392
7394
7510
7511
7511
7512
7395
7513
7401
7514
7462
7509
7515
7516
7411
7516
7404
7517
7401
7518
7519
7403
7404
7520
7518
7521
7522
7406
7517
7523
7408
7524
7408
7410
7525
7526
7527
7527
7528
7526
7529
7530
7530
7531
7531
7532
7416
7533
7417
7534
7418
7535
7419
7536
7420
7537
7421
7538
7423
7539
7424
7540
7540
7541
7426
7542
7427
7543
7543
7544
7429
7545
7546
7547
7547
7548
7532
7546
7549
7533
7550
7439
7550
7437
7551
7552
7553
7554
7553
7555
7555
7556
7556
7557
7438
7552
7439
7558
7559
7560
7560
7561
7561
7562
7562
7563
7563
7564
7564
7565
7565
7566
7566
7567
7567
7568
7568
7569
7569
7570
7570
7571
7571
7572
7572
7573
7573
7574
7574
7575
7575
7576
7576
7577
7577
7578
7578
7579
7579
7580
7580
7581
7581
7582
7583
7584
7585
7586
7584
7587
7466
7588
7585
7589
7587
7590
7469
7591
7588
7592
7590
7593
7591
7594
7593
7595
7595
7596
7596
7597
7482
7598
7594
7598
7597
7599
7599
7600
7600
7601
7601
7602
7602
7603
7485
7604
7603
7605
7485
7488
7606
7607
7605
7608
7488
7491
7609
7610
7608
7611
7491
7494
7612
7613
7611
7614
7494
7497
7615
7616
7614
7617
7497
7504
7618
7619
7620
7617
7621
7508
7622
7501
7622
7623
7502
7623
7624
7504
7624
7625
7618
7512
7626
7626
7627
7627
7628
7628
7629
7621
7630
7511
7513
7631
7632
7632
7633
7514
7634
7519
7635
7582
7630
7636
7529
7522
7637
7519
7638
7639
7521
7522
7640
7638
7641
7642
7524
7637
7643
7525
7644
7528
7645
7646
7646
7647
7647
7648
7645
7649
7649
7650
7650
7651
7534
7652
7535
7653
7536
7654
7537
7655
7538
7656
7539
7657
7541
7658
7542
7659
7659
7660
7544
7661
7545
7662
7662
7663
7548
7664
7665
7665
7666
7666
7667
7651
7668
7669
7559
7652
7554
7670
7671
7558
7670
7672
7673
7672
7674
7673
7675
7675
7676
7676
7677
7559
7678
7679
7680
7680
7681
7681
7682
7682
7683
7683
7684
7684
7685
7685
7686
7686
7687
7687
7688
7688
7689
7689
7690
7690
7691
7691
7692
7692
7693
7693
7694
7694
7695
7695
7696
7696
7697
7697
7698
7698
7699
7699
7700
7700
7701
7701
7702
7703
7704
7705
7706
7704
7707
7586
7708
7705
7709
7707
7710
7589
7711
7708
7712
7710
7713
7592
7714
7711
7715
7713
7716
7714
7717
7716
7718
7718
7719
7719
7720
7604
7717
7720
7721
7721
7722
7722
7723
7723
7724
7724
7725
7607
7726
7725
7727
7607
7610
7728
7729
7727
7730
7610
7613
7731
7732
7730
7733
7613
7616
7734
7735
7733
7736
7616
7620
7737
7738
7736
7739
7625
7740
7620
7740
7741
7742
7743
7739
7744
7629
7745
7745
7746
7746
7747
7747
7748
7633
7749
7749
7750
7750
7751
7751
7752
7744
7753
7632
7634
7754
7755
7755
7756
7635
7757
7639
7758
7702
7753
7759
7642
7760
7639
7761
7762
7641
7642
7763
7761
7764
7765
7644
7760
7766
7648
7767
7767
7768
7768
7769
7769
7770
7771
7771
7772
7772
7773
7653
7679
7654
7774
7655
7775
7656
7776
7657
7777
7658
7778
7660
7779
7661
7780
7780
7781
7663
7782
7664
7783
7783
7784
7667
7785
7668
7786
7786
7787
7787
7788
7789
7790
7773
7789
7791
7678
7792
7674
7792
7793
7674
7794
7795
7796
7794
7797
7798
7797
7799
7799
7800
7800
7801
7679
7802
7774
7803
7803
7804
7804
7805
7805
7806
7806
7807
7807
7808
7808
7809
7809
7810
7810
7811
7811
7812
7812
7813
7813
7814
7814
7815
7815
7816
7816
7817
7817
7818
7818
7819
7819
7820
7820
7821
7821
7822
7822
7823
7823
7824
7824
7825
7826
7827
7828
7829
7827
7830
7706
7831
7828
7832
7830
7833
7709
7834
7831
7835
7833
7836
7712
7837
7834
7838
7836
7839
7715
7840
7837
7841
7839
7842
7726
7840
7842
7843
7843
7844
7844
7845
7845
7846
7846
7847
7847
7848
7848
7849
7849
7850
7729
7851
7850
7852
7729
7732
7853
7854
7852
7855
7732
7735
7856
7857
7855
7858
7735
7738
7859
7860
7858
7861
7738
7743
7862
7863
7861
7864
7742
7748
7743
7865
7866
7867
7868
7867
7869
7870
7864
7871
7752
7872
7872
7873
7873
7874
7869
7874
7756
7875
7875
7876
7876
7877
7877
7878
7871
7879
7755
7757
7880
7881
7881
7882
7758
7883
7762
7884
7825
7879
7885
7765
7886
7762
7887
7888
7764
7765
7889
7887
7890
7891
7770
7886
7892
7892
7893
7893
7894
7894
7895
7896
7896
7897
7897
7898
7775
7802
7776
7899
7777
7900
7778
7901
7779
7902
7781
7903
7782
7904
7904
7905
7784
7906
7785
7907
7907
7908
7788
7909
7790
7910
7910
7911
7911
7912
7913
7914
7913
7915
7898
7914
7916
7802
7917
7798
7917
7918
7919
7920
7796
7919
7921
7798
7922
7920
7923
7924
7923
7925
7925
7926
7926
7927
7899
7928
7928
7929
7929
7930
7930
7931
7931
7932
7932
7933
7933
7934
7934
7935
7935
7936
7936
7937
7937
7938
7938
7939
7939
7940
7940
7941
7941
7942
7942
7943
7943
7944
7944
7945
7945
7946
7946
7947
7947
7948
7948
7949
7949
7950
7951
7952
7953
7954
7952
7955
7829
7956
7953
7957
7955
7958
7832
7959
7956
7960
7958
7961
7835
7962
7959
7963
7961
7964
7838
7965
7962
7966
7964
7967
7841
7851
7965
7968
7967
7969
7969
7970
7970
7971
7971
7972
7972
7973
7973
7974
7974
7975
7975
7976
7976
7977
7854
7968
7977
7978
7854
7857
7979
7980
7978
7981
7857
7860
7982
7983
7981
7984
7860
7863
7985
7986
7984
7987
7863
7870
7988
7989
7987
7990
7867
7991
7992
7868
7991
7993
7994
7870
7995
7994
7996
7995
7997
7990
7998
7878
7999
7999
8000
7996
8000
7882
8001
8001
8002
8002
8003
8003
8004
7998
8005
7881
7883
8006
8007
8007
8008
7884
8009
7888
8010
7950
8005
8011
7891
8012
7888
8013
8014
7890
7891
8015
8013
8016
8017
8018
8018
8019
8019
8020
8012
8020
8021
8022
8022
8023
8023
8024
7900
7917
7901
8025
7902
8026
7903
8027
7905
8028
7906
8029
8029
8030
7908
8031
7909
8032
8032
8033
7912
8034
7915
8035
8035
8036
8036
8037
8038
8039
8038
8039
8040
8024
8041
8042
8025
7924
8025
8043
7921
8044
8045
8045
8046
7922
8047
7924
8048
8046
8049
8050
8049
8051
8051
8052
8052
8053
8054
8054
8055
8055
8056
8056
8057
8057
8058
8058
8059
8059
8060
8060
8061
8061
8062
8062
8063
8063
8064
8064
8065
8065
8066
8066
8067
8067
8068
8068
8069
8069
8070
8070
8071
8071
8072
8072
8073
8073
8074
8074
8075
8075
8076
8077
8078
8079
8080
8078
8081
7954
8082
8079
8083
8081
8084
7957
8085
8082
8086
8084
8087
7960
8088
8085
8089
8087
8090
7963
8091
8088
8092
8090
8093
7966
8094
8091
8095
8093
8096
7980
8094
8096
8097
8097
8098
8098
8099
8099
8100
8100
8101
8101
8102
8102
8103
8103
8104
8104
8105
8105
8106
7980
7983
8107
8108
8106
8109
7983
7986
8110
8111
8109
8112
7986
7989
8113
8114
8112
8115
7989
7997
8116
8117
8115
8118
8119
8120
7994
8120
8121
7995
8119
8122
8123
8124
8123
8125
8124
8126
8127
8118
8128
8004
8129
8125
8129
8008
8130
8130
8131
8131
8132
8132
8133
8128
8134
8007
8009
8135
8136
8136
8137
8010
8138
8014
8139
8076
8134
8140
8017
8014
8141
8142
8016
8017
8143
8141
8144
8145
8146
8146
8147
8147
8148
8145
8148
8149
8150
8150
8151
8151
8152
8026
8027
8043
8028
8153
8030
8154
8031
8155
8155
8156
8033
8157
8034
8158
8158
8159
8037
8160
8040
8161
8161
8162
8162
8163
8041
8164
8164
8165
8165
8166
8167
8168
8152
8167
8169
8050
8153
8047
8170
8171
8172
8173
8170
8174
8174
8175
8048
8171
8050
8176
8175
8177
8178
8177
8179
8179
8180
8180
8181
8182
8182
8183
8183
8184
8184
8185
8185
8186
8186
8187
8187
8188
8188
8189
8189
8190
8190
8191
8191
8192
8192
8193
8193
8194
8194
8195
8195
8196
8196
8197
8197
8198
8198
8199
8199
8200
8200
8201
8201
8202
8202
8203
8203
8204
8205
8206
8207
8207
8208
8080
8209
8205
8210
8208
8211
8083
8212
8209
8213
8211
8214
8086
8215
8212
8216
8214
8217
8089
8218
8215
8219
8217
8220
8092
8221
8218
8222
8220
8223
8095
8108
8221
8224
8223
8225
8225
8226
8226
8227
8227
8228
8228
8229
8229
8230
8230
8231
8231
8232
8232
8233
8233
8234
8234
8235
8108
8111
8236
8224
8235
8237
8111
8114
8238
8239
8237
8240
8114
8117
8241
8242
8240
8243
8117
8126
8244
8245
8243
8246
8247
8248
8247
8249
8123
8249
8250
8124
8248
8251
8252
8127
8252
8253
8254
8255
8256
8251
8255
8246
8257
8133
8253
8137
8258
8258
8259
8259
8260
8260
8261
8257
8262
8136
8138
8263
8264
8264
8265
8139
8266
8142
8267
8204
8262
8268
8142
8269
8270
8144
8145
8271
8269
8272
8273
8274
8274
8275
8275
8276
8273
8276
8277
8278
8278
8279
8279
8280
8154
8178
8156
8281
8157
8282
8282
8283
8159
8284
8160
8285
8285
8286
8163
8287
8166
8288
8288
8289
8289
8290
8168
8291
8291
8292
8292
8293
8294
8295
8295
8296
8280
8294
8297
8298
8299
8176
8300
8173
8299
8301
8300
8302
8298
8303
8303
8304
8178
8305
8304
8306
8281
8306
8307
8307
8308
8308
8309
8310
8310
8311
8311
8312
8312
8313
8313
8314
8314
8315
8315
8316
8316
8317
8317
8318
8318
8319
8319
8320
8320
8321
8321
8322
8322
8323
8323
8324
8324
8325
8325
8326
8326
8327
8327
8328
8328
8329
8329
8330
8330
8331
8331
8332
8210
8333
8334
8335
8333
8336
8337
8337
8338
8338
8339
8210
8340
8341
8339
8342
8213
8343
8340
8344
8342
8345
8216
8346
8343
8347
8345
8348
8219
8349
8346
8350
8348
8351
8222
8352
8349
8353
8351
8354
8236
8352
8354
8355
8355
8356
8356
8357
8357
8358
8358
8359
8359
8360
8360
8361
8361
8362
8362
8363
8363
8364
8364
8365
8239
8366
8365
8367
8239
8242
8368
8369
8367
8370
8242
8245
8371
8372
8370
8373
8245
8254
8374
8375
8373
8376
8377
8378
8378
8379
8377
8380
8252
8380
8381
8379
8382
8383
8261
8383
8384
8385
8386
8256
8382
8385
8387
8376
8388
8265
8389
8389
8390
8390
8391
8391
8392
8388
8393
8264
8266
8394
8395
8395
8396
8267
8397
8270
8398
8332
8393
8399
8270
8400
8401
8272
8273
8402
8400
8403
8404
8404
8405
8405
8406
8402
8406
8407
8408
8408
8409
8409
8410
8283
8305
8284
8411
8411
8412
8286
8413
8287
8414
8414
8415
8290
8416
8293
8417
8417
8418
8418
8419
8296
8420
8420
8421
8421
8422
8423
8424
8424
8425
8425
8426
8410
8423
8427
8428
8429
8301
8428
8430
8305
8431
8302
8432
8431
8433
8429
8434
8434
8435
8412
8435
8436
8436
8437
8437
8438
8438
8439
8440
8440
8441
8441
8442
8442
8443
8443
8444
8444
8445
8445
8446
8446
8447
8447
8448
8448
8449
8449
8450
8450
8451
8451
8452
8452
8453
8453
8454
8454
8455
8455
8456
8456
8457
8457
8458
8458
8459
8459
8460
8460
8461
8461
8462
8463
8464
8465
8335
8341
8466
8464
8467
8463
8468
8468
8469
8469
8470
8470
8471
8341
8472
8473
8471
8474
8344
8475
8472
8476
8474
8477
8347
8478
8475
8479
8477
8480
8350
8481
8478
8482
8480
8483
8353
8366
8481
8484
8483
8485
8485
8486
8486
8487
8487
8488
8488
8489
8489
8490
8490
8491
8491
8492
8492
8493
8493
8494
8494
8495
8495
8496
8369
8484
8496
8497
8369
8372
8498
8499
8497
8500
8372
8375
8501
8502
8500
8503
8375
8384
8504
8505
8503
8506
8507
8508
8507
8509
8509
8510
8508
8511
8383
8511
8512
8387
8510
8392
8513
8514
8515
8386
8516
8514
8517
8516
8518
8506
8519
8396
8520
8520
8521
8521
8522
8512
8522
8519
8523
8395
8397
8524
8525
8525
8526
8398
8527
8401
8528
8462
8523
8529
8401
8530
8531
8403
8532
8530
8533
8534
8534
8535
8535
8536
8532
8536
8537
8538
8538
8539
8539
8540
8413
8541
8431
8541
8415
8542
8416
8543
8543
8544
8419
8545
8422
8546
8546
8547
8547
8548
8426
8549
8549
8550
8550
8551
8552
8553
8553
8554
8554
8555
8555
8556
8540
8552
8557
8558
8559
8559
8560
8432
8558
8561
8562
8563
8564
8433
8561
8564
8565
8560
8566
8566
8567
8567
8568
8568
8569
8569
8570
8570
8571
8572
8572
8573
8573
8574
8574
8575
8575
8576
8576
8577
8577
8578
8578
8579
8579
8580
8580
8581
8581
8582
8582
8583
8583
8584
8584
8585
8585
8586
8586
8587
8587
8588
8588
8589
8589
8590
8590
8591
8591
8592
8592
8593
8593
8594
8595
8596
8465
8597
8595
8598
8467
8473
8599
8597
8600
8601
8601
8602
8602
8603
8603
8604
8473
8605
8606
8604
8607
8476
8608
8605
8609
8607
8610
8479
8611
8608
8612
8610
8613
8482
8614
8611
8615
8613
8616
8499
8614
8616
8617
8617
8618
8618
8619
8619
8620
8620
8621
8621
8622
8622
8623
8623
8624
8624
8625
8625
8626
8626
8627
8627
8628
8628
8629
8499
8502
8630
8631
8629
8632
8502
8505
8633
8634
8632
8635
8505
8513
8636
8637
8635
8638
8639
8640
8639
8641
8640
8642
8518
8642
8641
8643
8643
8644
8645
8646
8647
8515
8648
8646
8649
8517
8650
8648
8651
8650
8652
8638
8653
8526
8654
8654
8655
8644
8655
8653
8656
8525
8527
8657
8658
8658
8659
8528
8660
8531
8661
8594
8656
8662
8531
8663
8664
8533
8663
8665
8666
8666
8667
8667
8668
8665
8668
8669
8670
8670
8671
8671
8672
8542
8564
8544
8673
8545
8674
8674
8675
8548
8676
8551
8677
8677
8678
8678
8679
8556
8680
8680
8681
8681
8682
8683
8684
8684
8685
8685
8686
8686
8687
8687
8688
8672
8683
8689
8690
8691
8691
8692
8692
8693
8565
8694
8563
8690
8695
8694
8696
8673
8673
8697
8693
8698
8698
8699
8699
8700
8700
8701
8701
8702
8702
8703
8704
8704
8705
8705
8706
8706
8707
8707
8708
8708
8709
8709
8710
8710
8711
8711
8712
8712
8713
8713
8714
8714
8715
8715
8716
8716
8717
8717
8718
8718
8719
8719
8720
8720
8721
8721
8722
8722
8723
8723
8724
8724
8725
8725
8726
8596
8727
8728
8598
8729
8727
8730
8600
8606
8731
8729
8732
8733
8733
8734
8734
8735
8735
8736
8606
8737
8738
8736
8739
8609
8740
8737
8741
8739
8742
8612
8743
8740
8744
8742
8745
8615
8631
8743
8746
8745
8747
8747
8748
8748
8749
8749
8750
8750
8751
8751
8752
8752
8753
8753
8754
8754
8755
8755
8756
8756
8757
8757
8758
8758
8759
8759
8760
8631
8634
8761
8746
8760
8762
8634
8637
8763
8764
8762
8765
8637
8645
8766
8767
8765
8768
8769
8770
8769
8771
8770
8772
8652
8771
8772
8773
8773
8774
8775
8776
8777
8647
8778
8776
8779
8649
8780
8778
8781
8651
8782
8780
8783
8782
8784
8768
8785
8659
8786
8774
8786
8785
8787
8658
8660
8788
8789
8789
8790
8661
8791
8664
8792
8726
8787
8793
8664
8794
8795
8794
8796
8797
8797
8798
8798
8799
8796
8799
8800
8801
8801
8802
8802
8803
8675
8676
8804
8697
8804
8679
8805
8682
8806
8806
8807
8807
8808
8688
8809
8809
8810
8810
8811
8812
8813
8813
8814
8814
8815
8815
8816
8816
8817
8817
8818
8803
8812
8819
8695
8820
8821
8821
8822
8822
8823
8823
8824
8697
8825
8696
8826
8825
8827
8828
8824
8829
8829
8830
8830
8831
8831
8832
8832
8833
8833
8834
8835
8835
8836
8836
8837
8837
8838
8838
8839
8839
8840
8840
8841
8841
8842
8842
8843
8843
8844
8844
8845
8845
8846
8846
8847
8847
8848
8848
8849
8849
8850
8850
8851
8851
8852
8852
8853
8853
8854
8854
8855
8855
8856
8856
8857
8728
8858
8859
8730
8860
8858
8861
8732
8738
8862
8860
8863
8864
8864
8865
8865
8866
8866
8867
8738
8868
8869
8867
8870
8741
8871
8868
8872
8870
8873
8744
8874
8871
8875
8873
8876
8761
8874
8876
8877
8877
8878
8878
8879
8879
8880
8880
8881
8881
8882
8882
8883
8883
8884
8884
8885
8885
8886
8886
8887
8887
8888
8888
8889
8889
8890
8764
8891
8890
8892
8764
8767
8893
8894
8892
8895
8767
8775
8896
8897
8895
8898
8899
8900
8899
8901
8784
8900
8901
8902
8902
8903
8903
8904
8905
8906
8907
8777
8908
8906
8909
8779
8910
8908
8911
8781
8912
8910
8913
8783
8914
8912
8915
8914
8916
8898
8917
8790
8904
8917
8918
8789
8791
8919
8920
8920
8921
8792
8922
8795
8923
8857
8918
8924
8795
8925
8926
8925
8927
8927
8928
8928
8929
8929
8930
8931
8932
8932
8933
8933
8934
8805
8828
8808
8935
8811
8936
8936
8937
8937
8938
8818
8939
8939
8940
8940
8941
8942
8943
8943
8944
8944
8945
8945
8946
8946
8947
8947
8948
8948
8949
8934
8942
8950
8826
8951
8952
8953
8952
8954
8954
8955
8955
8956
8956
8957
8828
8958
8827
8953
8958
8959
8935
8957
8960
8960
8961
8961
8962
8962
8963
8963
8964
8859
8964
8965
8965
8966
8966
8967
8967
8968
8968
8969
8969
8970
8970
8971
8971
8972
8972
8973
8973
8974
8974
8975
8975
8976
8976
8977
8977
8978
8978
8979
8979
8980
8980
8981
8981
8982
8982
8983
8983
8984
8984
8985
8985
8986
8986
8987
8859
8964
8861
8988
8963
8964
8863
8869
8989
8988
8990
8991
8991
8992
8992
8993
8993
8994
8869
8995
8996
8994
8997
8872
8998
8995
8999
8997
9000
8875
8891
8998
9001
9000
9002
9002
9003
9003
9004
9004
9005
9005
9006
9006
9007
9007
9008
9008
9009
9009
9010
9010
9011
9011
9012
9012
9013
9013
9014
9014
9015
9015
9016
8894
9001
9016
9017
8894
8897
9018
9019
9017
9020
8897
8905
9021
9022
9020
9023
9024
9025
8916
9024
9025
9026
9026
9027
9027
9028
8921
9028
8951
8952
8907
9029
8951
9030
8909
9031
9029
9032
8911
9033
9031
9034
8913
9035
9033
9036
8915
9037
9035
9038
9037
9039
9023
9040
9040
9041
8920
8922
9042
9043
9043
9044
8923
9045
8926
9046
8987
9041
9047
8926
8930
9048
9049
9049
9050
9050
9051
9048
9052
9051
9052
9053
9054
9054
9055
9055
9056
8938
8958
8941
9057
9057
9058
9058
9059
8949
9060
9060
9061
9061
9062
9063
9064
9064
9065
9065
9066
9066
9067
9067
9068
9068
9069
9069
9070
9070
9071
9056
9063
9072
9030
9073
9074
9021
8959
9074
9021
9075
9075
9076
9076
9077
9077
9078
9059
9059
9079
9078
9080
8990
9080
8988
8990
8988
9081
9081
9082
9082
9083
9083
9084
9084
9085
9085
9086
9086
9087
9087
9088
9088
9089
9089
9090
9090
9091
9091
9092
9092
9093
9093
9094
9094
9095
9095
9096
9096
9097
9097
9098
9098
9099
9099
9100
9100
9101
9101
9102
9102
9103
8990
8996
9080
9104
9104
9105
9105
9106
9106
9107
8996
9108
9109
9107
9110
8999
9111
9108
9112
9110
9113
9019
9111
9113
9114
9114
9115
9115
9116
9116
9117
9117
9118
9118
9119
9119
9120
9120
9121
9121
9122
9122
9123
9123
9124
9124
9125
9125
9126
9126
9127
9127
9128
9128
9129
9019
9022
9130
9131
9129
9132
9022
9075
9132
9133
9039
9134
9134
9135
9135
9136
9136
9137
9044
9137
9030
9138
9139
9032
9140
9138
9141
9034
9142
9140
9143
9036
9144
9142
9145
9038
9146
9144
9147
9146
9148
9133
9149
9149
9150
9043
9045
9151
9152
9152
9153
9046
9154
9048
9155
9103
9150
9156
9157
9157
9158
9158
9159
9156
9160
9159
9160
9161
9162
9162
9163
9163
9164
9062
9165
9165
9166
9166
9071
9167
9167
9168
9168
9169
9170
9171
9171
9172
9172
9173
9173
9174
9174
9175
9175
9176
9176
9177
9177
9178
9178
9179
9161
9164
9170
9074
9139
9180
9079
9130
9130
9181
9181
9182
9109
9182
9166
9180
9109
9183
9183
9184
9184
9185
9185
9186
9186
9187
9187
9188
9188
9189
9189
9190
9190
9191
9191
9192
9192
9193
9193
9194
9194
9195
9195
9196
9196
9197
9197
9198
9198
9199
9199
9200
9200
9201
9201
9202
9202
9203
9203
9204
9204
9205
9205
9206
9206
9207
9207
9208
9109
9182
9208
9209
9112
9131
9181
9182
9209
9210
9210
9211
9211
9212
9212
9213
9213
9214
9214
9215
9215
9216
9216
9217
9217
9218
9218
9219
9219
9220
9220
9221
9221
9222
9222
9223
9223
9224
9224
9225
9225
9226
9131
9181
9226
9227
9227
9228
9148
9229
9229
9230
9230
9231
9153
9231
9139
9232
9233
9141
9234
9232
9235
9143
9236
9234
9237
9145
9238
9236
9239
9147
9240
9238
9241
9240
9242
9228
9243
9243
9152
9154
9244
9245
9245
9246
9155
9247
9156
9248
9249
9250
9250
9251
9251
9252
9249
9253
9252
9253
9254
9254
9255
9252
9255
9169
9256
9256
9179
9257
9257
9258
9258
9259
9260
9261
9261
9262
9262
9263
9263
9264
9264
9265
9265
9266
9266
9267
9267
9268
9268
9269
9269
9270
9233
9256
9271
9271
9272
9272
9273
9273
9274
9274
9275
9275
9276
9276
9277
9277
9278
9278
9279
9279
9280
9280
9281
9281
9282
9282
9283
9283
9284
9284
9285
9285
9286
9286
9287
9287
9288
9288
9289
9289
9290
9290
9291
9291
9292
9292
9293
9293
9294
9294
9295
9295
9296
9296
9297
9297
9298
9298
9299
9299
9300
9300
9301
9301
9302
9302
9303
9303
9304
9304
9305
9305
9306
9306
9307
9307
9308
9308
9309
9309
9310
9310
9311
9311
9312
9312
9313
9313
9314
9314
9315
9242
9316
9316
9317
9246
9317
9233
9318
9259
9235
9319
9318
9320
9237
9321
9319
9322
9239
9323
9321
9324
9241
9325
9323
9326
9325
9327
9315
9245
9247
9328
9329
9329
9330
9248
9331
9249
9332
9260
9333
9333
9334
9334
9260
9335
9334
9335
9259
9270
9320
9318
9320
9318
9332
9332
9336
9336
9337
9337
9338
9338
9339
9339
9340
9340
9341
9341
9342
9342
9343
9322
9343
9319
9322
9344
9344
9345
9345
9346
9346
9347
9347
9348
9348
9349
9349
9350
9350
9351
9351
9352
9352
9353
9353
9354
9354
9355
9355
9356
9356
9357
9357
9358
9358
9359
9359
9360
9360
9361
9361
9362
9362
9363
9363
9364
9364
9365
9365
9366
9366
9367
9367
9368
9368
9369
9369
9370
9370
9371
9371
9372
9372
9373
9373
9374
9374
9375
9375
9376
9376
9377
9377
9378
9378
9379
9379
9380
9380
9381
9381
9382
9382
9383
9383
9384
9384
9385
9385
9386
9386
9327
9387
9330
9387
9320
9322
9343
9324
9388
9342
9343
9326
9389
9388
9390
9389
9391
9329
9331
9392
9393
9393
9394
9332
9336
9395
9395
9395
9392
9392
9396
9396
9397
9397
9398
9390
9398
9388
9390
9388
9399
9399
9400
9400
9401
9401
9402
9402
9403
9403
9404
9404
9405
9405
9406
9406
9407
9407
9408
9408
9409
9409
9410
9410
9411
9411
9412
9412
9413
9413
9414
9414
9415
9415
9416
9416
9417
9417
9418
9418
9419
9419
9420
9420
9421
9421
9422
9422
9423
9423
9424
9424
9425
9425
9426
9426
9427
9427
9428
9428
9429
9429
9430
9430
9431
9431
9432
9432
9433
9433
9434
9434
9435
9435
9436
9436
9437
9437
9438
9438
9439
9439
9391
9394
9390
9398
9397
9398
9393
9396
9396
9397
9440
9440
9441
9441
9442
9442
9443
9443
9444
9444
9445
9445
9446
9446
9447
9447
9448
9448
9449
9449
9450
9450
9451
9451
9452
9452
9453
9453
9454
9454
9455
9455
9456
9456
9457
9457
9458
9458
9459
9459
9460
9460
9461
9461
9462
9462
9463
9463
9464
9464
9465
9465
9466
9466
9467
9467
9468
9468
9469
9469
9470
9470
9471
9471
9472
9472
9473
9473
9474
9474
9475
9475
9476
9476
9477
9477
9478
9478
9479
9479
9480
9480
9481
9481
9482
9482
9483
9483
9484
9484
9485
9485
9486
9486
9487
9487
9488
9488
9489
9489
9490
9490
9491
9491
9492
9492
9493
9493
9494
9494
9495
9495
9496
9496
9497
9497
9498
9498
9499
9499
9500
9500
9501
9501
9502
9502
9503
9503
9504
9504
9505
9505
9506
9506
9507
9507
9508
9508
9509
9509
9510
9510
9511
9511
9512
9512
9513
9513
9514
9514
9515
9515
9516
9516
9517
9517
9518
9518
9519
9519
9520
9520
9521
9521
9522
9522
9523
9523
9524
9524
9525
9525
9526
9526
9527
9527
9528
9528
9529
9529
9530
9530
9531
9531
9532
9532
9533
9533
9534
9534
9535
9535
9536
9536
9537
9537
9538
9538
9539
9539
9540
9540
9541
9541
9542
9542
9543
9543
9544
9544
9545
9545
9546
9546
9547
9547
9548
9548
9549
9549
9550
9550
9551
9551
9552
9552
9553
9553
9554
9554
9555
9555
9556
9556
9557
9557
9558
9558
9559
9559
9560
9560
9561
9561
9562
9562
9563
9563
9564
9564
9565
9565
9566
9566
9567
9567
9568
9568
9569
9569
9570
9570
9571
9571
9572
9572
9573
9573
9574
9574
9575
9575
9576
9576
9577
9577
9578
9578
9579
9579
9580
9580
9581
9581
9582
9582
9583
9583
9584
9584
9585
9585
9586
9586
9587
9587
9588
9588
9589
9589
9590
9590
9591
9591
9592
9592
9593
9593
9594
9594
9595
9595
9596
9596
9597
9597
9598
9598
9599
9599
9600
9600
9601
9601
9602
9602
9603
9603
9604
9604
9605
9605
9606
9606
9607
9607
9608
9608
9609
9609
9610
9610
9611
9611
9612
9612
9613
9613
9614
9614
9615
9615
9616
9616
9617
9617
9618
9618
9619
9619
9620
9620
9621
9621
9622
9622
9623
9623
9624
9624
9625
9625
9626
9626
9627
9627
9628
9628
9629
9629
9630
9630
9631
9631
9632
9632
9633
9633
9634
9634
9635
9635
9636
9636
9637
9637
9638
9638
9639
9639
9640
9640
9641
9641
9642
9642
9643
9643
9644
9644
9645
9645
9646
9646
9647
9647
9648
9648
9649
9649
9650
9650
9651
9651
9652
9652
9653
9653
9654
9654
9655
9655
9656
9656
9657
9657
9658
9658
9659
9659
9660
9660
9661
9661
9662
9662
9663
9663
9664
9664
9665
9665
9666
9666
9667
9667
9668
9668
9669
9669
9670
9670
9671
9671
9672
9672
9673
9673
9674
9674
9675
9675
9676
9676
9677
9677
9678
9678
9679
9679
9680
9680
9681
9681
9682
9682
9683
9683
9684
9684
9685
9685
9686
9686
9687
9687
9688
9688
9689
9689
9690
9690
9691
9691
9692
9692
9693
9693
9694
9694
9695
9695
9696
9696
9697
9697
9698
9698
9699
9699
9700
9700
9701
9701
9702
9702
9703
9703
9704
9704
9705
9705
9706
9706
9707
9707
9708
9708
9709
9709
9710
9710
9711
9711
9712
9712
9713
9713
9714
9714
9715
9715
9716
9716
9717
9717
9718
9718
9719
9719
9720
9720
9721
9721
9722
9722
9723
9723
9724
9724
9725
9725
9726
9726
9727
9727
9728
9728
9729
9729
9730
9730
9731
9731
9732
9732
9733
9733
9734
9734
9735
9735
9736
9736
9737
9737
9738
9738
9739
9739
9740
9740
9741
9741
9742
9742
9743
9743
9744
9744
9745
9745
9746
9746
9747
9747
9748
9748
9749
9749
9750
9750
9751
9751
9752
9752
9753
9753
9754
9754
9755
9755
9756
9756
9757
9757
9758
9758
9759
9759
9760
9760
9761
9761
9762
9762
9763
9763
9764
9764
9765
9765
9766
9766
9767
9767
9768
9768
9769
9769
9770
9770
9771
9771
9772
9772
9773
9773
9774
9774
9775
9775
9776
9776
9777
9777
9778
9778
9779
9779
9780
9780
9781
9781
9782
9782
9783
9783
9784
9784
9785
9785
9786
9786
9787
9787
9788
9788
9789
9789
9790
9790
9791
9791
9792
9792
9793
9793
9794
9794
9795
9795
9796
9796
9797
9797
9798
9798
9799
9799
9800
9800
9801
9801
9802
9802
9803
9803
9804
9804
9805
9805
9806
9806
9807
9807
9808
9808
9809
9809
9810
9810
9811
9811
9812
9812
9813
9813
9814
9814
9815
9815
9816
9816
9817
9817
9818
9818
9819
9819
9820
9820
9821
9821
9822
9822
9823
9823
9824
9824
9825
9825
9826
9826
9827
9827
9828
9828
9829
9829
9830
9830
9831
9831
9832
9832
9833
9833
9834
9834
9835
9835
9836
9836
9837
9837
9838
9838
9839
9839
9840
9840
9841
9841
)


// ************************************************************************* //
