/*--------------------------------*- C++ -*----------------------------------*\
  =========                 |
  \\      /  F ield         | OpenFOAM: The Open Source CFD Toolbox
   \\    /   O peration     | Website:  https://openfoam.org
    \\  /    A nd           | Version:  dev
     \\/     M anipulation  |
\*---------------------------------------------------------------------------*/
FoamFile
{
    version     2.0;
    format      ascii;
    class       volScalarField;
    location    "2500";
    object      a;
}
// * * * * * * * * * * * * * * * * * * * * * * * * * * * * * * * * * * * * * //

dimensions      [0 -1 0 0 0 0 0];

internalField   nonuniform List<scalar> 
9848
(
0.100011
0.100011
0.100011
0.100011
0.100011
0.100011
0.100011
0.100011
0.100011
0.100011
0.10001
0.100011
0.100011
0.100011
0.100011
0.10001
0.10001
0.100011
0.100011
0.100011
0.100011
0.10001
0.10001
0.10001
0.100011
0.100011
0.100011
0.100011
0.10001
0.10001
0.10001
0.10001
0.100011
0.100011
0.100011
0.100011
0.100009
0.10001
0.10001
0.10001
0.10001
0.100011
0.100011
0.100011
0.100011
0.100009
0.100009
0.10001
0.10001
0.10001
0.10001
0.100011
0.100011
0.100011
0.100011
0.100009
0.100009
0.100009
0.10001
0.10001
0.10001
0.10001
0.100011
0.100011
0.100011
0.100011
0.100009
0.100009
0.100009
0.100009
0.10001
0.10001
0.10001
0.10001
0.100011
0.100011
0.100011
0.100011
0.100009
0.100009
0.100009
0.100009
0.100009
0.10001
0.10001
0.10001
0.10001
0.100011
0.100011
0.100011
0.100011
0.100008
0.100009
0.100009
0.100009
0.100009
0.100009
0.10001
0.10001
0.10001
0.10001
0.100011
0.100011
0.100011
0.100011
0.100008
0.100008
0.100009
0.100009
0.100009
0.100009
0.100009
0.10001
0.10001
0.10001
0.10001
0.100011
0.100011
0.100011
0.100011
0.100008
0.100008
0.100008
0.100009
0.100009
0.100009
0.100009
0.100009
0.10001
0.10001
0.10001
0.10001
0.100011
0.100011
0.100011
0.100011
0.100008
0.100008
0.100008
0.100008
0.100009
0.100009
0.100009
0.100009
0.100009
0.10001
0.10001
0.10001
0.10001
0.100011
0.100011
0.100011
0.100011
0.100007
0.100008
0.100008
0.100008
0.100008
0.100009
0.100009
0.100009
0.100009
0.100009
0.10001
0.10001
0.10001
0.10001
0.100011
0.100011
0.100011
0.100011
0.100007
0.100007
0.100008
0.100008
0.100008
0.100008
0.100009
0.100009
0.100009
0.100009
0.100009
0.10001
0.10001
0.10001
0.10001
0.100011
0.100011
0.100011
0.100011
0.100007
0.100007
0.100007
0.100008
0.100008
0.100008
0.100008
0.100009
0.100009
0.100009
0.100009
0.100009
0.10001
0.10001
0.10001
0.10001
0.100011
0.100011
0.100011
0.100011
0.100007
0.100007
0.100007
0.100007
0.100008
0.100008
0.100008
0.100008
0.100009
0.100009
0.100009
0.100009
0.100009
0.10001
0.10001
0.10001
0.10001
0.100011
0.100011
0.100011
0.100011
0.100006
0.100007
0.100007
0.100007
0.100007
0.100008
0.100008
0.100008
0.100008
0.100009
0.100009
0.100009
0.100009
0.100009
0.10001
0.10001
0.10001
0.10001
0.100011
0.100011
0.100011
0.100011
0.100006
0.100006
0.100007
0.100007
0.100007
0.100007
0.100008
0.100008
0.100008
0.100008
0.100009
0.100009
0.100009
0.100009
0.100009
0.10001
0.10001
0.10001
0.10001
0.100011
0.100011
0.100011
0.100011
0.100006
0.100006
0.100006
0.100007
0.100007
0.100007
0.100007
0.100008
0.100008
0.100008
0.100008
0.100009
0.100009
0.100009
0.100009
0.100009
0.10001
0.10001
0.10001
0.10001
0.100011
0.100011
0.100011
0.100011
0.100006
0.100006
0.100006
0.100006
0.100007
0.100007
0.100007
0.100007
0.100008
0.100008
0.100008
0.100008
0.100009
0.100009
0.100009
0.100009
0.100009
0.10001
0.10001
0.10001
0.10001
0.100011
0.100011
0.100011
0.100011
0.100006
0.100006
0.100006
0.100006
0.100006
0.100007
0.100007
0.100007
0.100007
0.100008
0.100008
0.100008
0.100008
0.100009
0.100009
0.100009
0.100009
0.100009
0.10001
0.10001
0.10001
0.10001
0.100011
0.100011
0.100011
0.100011
0.100005
0.100006
0.100006
0.100006
0.100006
0.100006
0.100007
0.100007
0.100007
0.100007
0.100008
0.100008
0.100008
0.100008
0.100009
0.100009
0.100009
0.100009
0.100009
0.10001
0.10001
0.10001
0.10001
0.100011
0.100011
0.100011
0.100011
0.100005
0.100005
0.100006
0.100006
0.100006
0.100006
0.100006
0.100007
0.100007
0.100007
0.100007
0.100008
0.100008
0.100008
0.100008
0.100009
0.100009
0.100009
0.100009
0.100009
0.10001
0.10001
0.10001
0.10001
0.100011
0.100011
0.100011
0.100011
0.100005
0.100005
0.100005
0.100006
0.100006
0.100006
0.100006
0.100006
0.100007
0.100007
0.100007
0.100007
0.100008
0.100008
0.100008
0.100008
0.100009
0.100009
0.100009
0.100009
0.100009
0.10001
0.10001
0.10001
0.10001
0.100011
0.100011
0.100011
0.100011
0.100005
0.100005
0.100005
0.100005
0.100006
0.100006
0.100006
0.100006
0.100006
0.100007
0.100007
0.100007
0.100007
0.100008
0.100008
0.100008
0.100008
0.100009
0.100009
0.100009
0.100009
0.100009
0.10001
0.10001
0.10001
0.10001
0.100011
0.100011
0.100011
0.100011
0.100004
0.100005
0.100005
0.100005
0.100005
0.100006
0.100006
0.100006
0.100006
0.100006
0.100007
0.100007
0.100007
0.100007
0.100008
0.100008
0.100008
0.100008
0.100009
0.100009
0.100009
0.100009
0.100009
0.10001
0.10001
0.10001
0.10001
0.100011
0.100011
0.100011
0.100011
0.100004
0.100004
0.100005
0.100005
0.100005
0.100005
0.100006
0.100006
0.100006
0.100006
0.100006
0.100007
0.100007
0.100007
0.100007
0.100008
0.100008
0.100008
0.100008
0.100009
0.100009
0.100009
0.100009
0.100009
0.10001
0.10001
0.10001
0.10001
0.100011
0.100011
0.100011
0.100011
0.100004
0.100004
0.100004
0.100005
0.100005
0.100005
0.100005
0.100006
0.100006
0.100006
0.100006
0.100006
0.100007
0.100007
0.100007
0.100007
0.100008
0.100008
0.100008
0.100008
0.100009
0.100009
0.100009
0.100009
0.100009
0.10001
0.10001
0.10001
0.10001
0.100011
0.100011
0.100011
0.100011
0.100004
0.100004
0.100004
0.100004
0.100005
0.100005
0.100005
0.100005
0.100006
0.100006
0.100006
0.100006
0.100006
0.100007
0.100007
0.100007
0.100007
0.100008
0.100008
0.100008
0.100008
0.100009
0.100009
0.100009
0.10001
0.10001
0.100011
0.100011
0.100011
0.100011
0.100011
0.100011
0.100011
0.100011
0.100011
0.100004
0.100004
0.100004
0.100004
0.100004
0.100005
0.100005
0.100005
0.100005
0.100006
0.100006
0.100006
0.100006
0.100006
0.100007
0.100007
0.100007
0.100007
0.100008
0.100008
0.100008
0.100008
0.100009
0.10001
0.100012
0.100015
0.100018
0.10002
0.100019
0.100017
0.100014
0.100011
0.100011
0.100011
0.100011
0.100011
0.100011
0.100003
0.100004
0.100004
0.100004
0.100004
0.100004
0.100005
0.100005
0.100005
0.100005
0.100006
0.100006
0.100006
0.100006
0.100006
0.100007
0.100007
0.100007
0.100007
0.100008
0.100008
0.100008
0.100009
0.100012
0.10002
0.100036
0.100057
0.100074
0.100077
0.100065
0.100043
0.100021
0.100011
0.100012
0.100011
0.100011
0.100011
0.100011
0.100011
0.100011
0.100011
0.100003
0.100003
0.100004
0.100004
0.100004
0.100004
0.100004
0.100005
0.100005
0.100005
0.100005
0.100006
0.100006
0.100006
0.100006
0.100006
0.100007
0.100007
0.100007
0.100007
0.100008
0.100008
0.100011
0.10002
0.100048
0.100113
0.100218
0.100335
0.100402
0.10038
0.10028
0.10013
0.100016
0.100032
0.100013
0.100011
0.100012
0.100011
0.100011
0.100011
0.100011
0.100011
0.100003
0.100003
0.100003
0.100004
0.100004
0.100004
0.100004
0.100004
0.100005
0.100005
0.100005
0.100005
0.100006
0.100006
0.100006
0.100006
0.100006
0.100007
0.100007
0.100007
0.100007
0.100008
0.100016
0.100043
0.100126
0.100339
0.100753
0.101302
0.101793
0.101954
0.101702
0.101049
0.100088
0.100296
0.100021
0.100055
0.100017
0.100011
0.100014
0.100012
0.100011
0.100011
0.100011
0.100011
0.100003
0.100003
0.100003
0.100003
0.100004
0.100004
0.100004
0.100004
0.100004
0.100005
0.100005
0.100005
0.100005
0.100006
0.100006
0.100006
0.100006
0.100006
0.100007
0.100007
0.100007
0.100008
0.100019
0.100074
0.100312
0.100904
0.102112
0.104076
0.106143
0.107595
0.107641
0.106278
0.100967
0.103206
0.100179
0.100606
0.100036
0.100111
0.100024
0.100011
0.100017
0.100013
0.100011
0.100011
0.100011
0.100011
0.100002
0.100003
0.100003
0.100003
0.100003
0.100004
0.100004
0.100004
0.100004
0.100004
0.100005
0.100005
0.100005
0.100005
0.100006
0.100006
0.100006
0.100006
0.100006
0.100007
0.100007
0.100008
0.100019
0.100098
0.100599
0.102103
0.105049
0.109753
0.116006
0.121142
0.123723
0.122478
0.1089
0.120511
0.102048
0.106355
0.10038
0.101298
0.100066
0.100224
0.100039
0.100012
0.100023
0.100016
0.100011
0.100011
0.100011
0.100011
0.100002
0.100002
0.100003
0.100003
0.100003
0.100003
0.100004
0.100004
0.100004
0.100004
0.100004
0.100005
0.100005
0.100005
0.100005
0.100006
0.100006
0.100006
0.100006
0.100006
0.100007
0.100007
0.100018
0.100105
0.100821
0.103724
0.109966
0.119068
0.129315
0.139629
0.146315
0.148211
0.131688
0.147048
0.116219
0.128927
0.104215
0.112034
0.100779
0.102627
0.100124
0.100436
0.100066
0.100013
0.100035
0.10002
0.100011
0.100011
0.100011
0.100011
0.100002
0.100002
0.100002
0.100003
0.100003
0.100003
0.100003
0.100004
0.100004
0.100004
0.100004
0.100004
0.100005
0.100005
0.100005
0.100005
0.100006
0.100006
0.100006
0.100006
0.100006
0.100007
0.100016
0.1001
0.100876
0.104986
0.115937
0.132151
0.148733
0.161549
0.171518
0.177703
0.160644
0.179094
0.143313
0.159357
0.124507
0.139233
0.107968
0.119548
0.101525
0.10495
0.10023
0.100827
0.100115
0.100014
0.100055
0.100026
0.100011
0.100011
0.100011
0.100011
0.100002
0.100002
0.100002
0.100002
0.100003
0.100003
0.100003
0.100003
0.100004
0.100004
0.100004
0.100004
0.100004
0.100005
0.100005
0.100005
0.100005
0.100006
0.100006
0.100006
0.100006
0.100007
0.100011
0.100085
0.100845
0.105343
0.120432
0.146173
0.17229
0.192452
0.203645
0.210156
0.194761
0.216554
0.177069
0.196183
0.15603
0.1749
0.134338
0.151821
0.114025
0.128755
0.102876
0.108869
0.100423
0.101547
0.100203
0.100015
0.100089
0.100036
0.100011
0.100012
0.100011
0.100011
0.100001
0.100002
0.100002
0.100002
0.100002
0.100003
0.100003
0.100003
0.100003
0.100004
0.100004
0.100004
0.100004
0.100004
0.100005
0.100005
0.100005
0.100005
0.100006
0.100006
0.100006
0.100006
0.100008
0.100058
0.100704
0.105213
0.12176
0.156091
0.195635
0.226063
0.24645
0.256089
0.233951
0.258486
0.216674
0.237643
0.195619
0.217525
0.171859
0.194173
0.146904
0.16822
0.122548
0.141283
0.105313
0.115702
0.100788
0.102961
0.100371
0.100017
0.100155
0.100058
0.100011
0.100012
0.100011
0.100011
0.100001
0.100001
0.100002
0.100002
0.100002
0.100002
0.100003
0.100003
0.100003
0.100003
0.100004
0.100004
0.100004
0.100004
0.100004
0.100005
0.100005
0.100005
0.100005
0.100006
0.100006
0.100006
0.100007
0.100031
0.100418
0.104569
0.121431
0.158827
0.209083
0.243539
0.261864
0.27255
0.271558
0.279762
0.259376
0.274421
0.239641
0.261115
0.217949
0.241471
0.192162
0.217714
0.164076
0.189912
0.134875
0.159235
0.109966
0.127476
0.101558
0.10606
0.100757
0.100024
0.100326
0.100124
0.100013
0.100019
0.100012
0.100022
0.100001
0.100001
0.100001
0.100002
0.100002
0.100002
0.100002
0.100003
0.100003
0.100003
0.100003
0.100004
0.100004
0.100004
0.100004
0.100004
0.100005
0.100005
0.100005
0.100005
0.100006
0.100006
0.100006
0.100015
0.10021
0.102996
0.11941
0.158604
0.210458
0.242368
0.259505
0.269864
0.276698
0.280351
0.281662
0.274634
0.280341
0.262116
0.274123
0.242959
0.262329
0.217206
0.243724
0.187338
0.216593
0.153704
0.184274
0.119567
0.14742
0.103477
0.113475
0.101878
0.10006
0.10091
0.100443
0.100056
0.100118
0.100046
0.100304
0.100001
0.100001
0.100001
0.100001
0.100002
0.100002
0.100002
0.100002
0.100003
0.100003
0.100003
0.100003
0.100004
0.100004
0.100004
0.100004
0.100004
0.100005
0.100005
0.100005
0.100005
0.100006
0.100006
0.100009
0.100098
0.101587
0.114241
0.154166
0.205393
0.233912
0.24929
0.254363
0.251842
0.264801
0.237732
0.280982
0.276859
0.279547
0.279296
0.272907
0.277799
0.262285
0.27142
0.244075
0.262109
0.215722
0.243964
0.180791
0.214524
0.13947
0.176568
0.108931
0.131005
0.105638
0.100384
0.103365
0.10219
0.10062
0.101117
0.101311
0.103623
0.100001
0.100001
0.100001
0.100001
0.100001
0.100002
0.100002
0.100002
0.100002
0.100003
0.100003
0.100003
0.100003
0.100004
0.100004
0.100004
0.100004
0.100004
0.100005
0.100005
0.100005
0.100005
0.100006
0.100006
0.10004
0.100708
0.108678
0.14295
0.194235
0.218824
0.226352
0.214234
0.189812
0.208076
0.164475
0.232512
0.199486
0.273878
0.259244
0.27688
0.270113
0.275514
0.273848
0.270065
0.273168
0.261856
0.269177
0.243393
0.261395
0.213025
0.242814
0.171209
0.210916
0.12383
0.164407
0.118083
0.102768
0.11302
0.110892
0.105401
0.1082
0.114131
0.120927
0.1
0.100001
0.100001
0.100001
0.100001
0.100001
0.100002
0.100002
0.100002
0.100002
0.100003
0.100003
0.100003
0.100003
0.100004
0.100004
0.100004
0.100004
0.100004
0.100005
0.100005
0.100005
0.100005
0.100006
0.100016
0.100362
0.104423
0.129862
0.180595
0.205021
0.205993
0.174345
0.138134
0.140747
0.116905
0.162931
0.131572
0.19516
0.15997
0.253595
0.227216
0.26587
0.247954
0.270658
0.261507
0.271278
0.267926
0.268933
0.270289
0.261357
0.269401
0.242216
0.261841
0.207644
0.241273
0.156774
0.20321
0.148553
0.11628
0.141184
0.141026
0.127648
0.137687
0.153486
0.171788
0.1
0.100001
0.100001
0.100001
0.100001
0.100001
0.100001
0.100002
0.100002
0.100002
0.100002
0.100003
0.100003
0.100003
0.100003
0.100004
0.100004
0.100004
0.100004
0.100004
0.100005
0.100005
0.100005
0.100005
0.100009
0.100136
0.101845
0.118
0.164131
0.193171
0.193361
0.155256
0.124417
0.107717
0.114092
0.10618
0.129128
0.111989
0.157455
0.129587
0.221945
0.190945
0.242789
0.217774
0.257703
0.239116
0.266394
0.255528
0.270751
0.267145
0.271187
0.273247
0.262559
0.273692
0.239451
0.26319
0.197833
0.23676
0.191688
0.157596
0.187138
0.191213
0.180968
0.192653
0.164077
0.20877
0.100002
0.100002
0.100001
0.100001
0.100001
0.100001
0.100001
0.100002
0.100002
0.100002
0.100002
0.100003
0.100003
0.100003
0.100003
0.100004
0.100004
0.100004
0.100004
0.100004
0.100005
0.100005
0.100005
0.100006
0.100046
0.100728
0.109124
0.145618
0.182468
0.185927
0.152295
0.126194
0.111095
0.102329
0.104435
0.104672
0.102448
0.112614
0.104781
0.134396
0.116685
0.188532
0.159144
0.216184
0.191033
0.239014
0.220355
0.257487
0.244655
0.270972
0.264154
0.27745
0.276648
0.276794
0.283395
0.263329
0.280212
0.233293
0.262895
0.229593
0.209048
0.228307
0.233672
0.224848
0.233819
0.123449
0.198169
0.100004
0.100002
0.100001
0.100001
0.100001
0.100001
0.100001
0.100002
0.100002
0.100002
0.100002
0.100003
0.100003
0.100003
0.100003
0.100004
0.100004
0.100004
0.100004
0.100004
0.100005
0.100005
0.100005
0.100018
0.100392
0.103958
0.128311
0.169742
0.181335
0.154896
0.132692
0.119547
0.106747
0.111748
0.101594
0.102905
0.101879
0.101208
0.106928
0.102648
0.126601
0.112919
0.167057
0.145111
0.200215
0.179925
0.229669
0.213505
0.253892
0.241576
0.272245
0.264777
0.285258
0.284058
0.290605
0.296699
0.283468
0.298443
0.261919
0.286121
0.260765
0.2461
0.261417
0.263215
0.252518
0.237677
0.255482
0.115446
0.189464
0.100005
0.100002
0.100001
0.100001
0.100001
0.100001
0.100001
0.100002
0.100002
0.100002
0.100002
0.100003
0.100003
0.100003
0.100003
0.100004
0.100004
0.100004
0.100004
0.100004
0.100005
0.100005
0.100009
0.100153
0.101511
0.114866
0.153311
0.176187
0.161141
0.141382
0.129626
0.117986
0.10591
0.10935
0.100807
0.101643
0.101065
0.10068
0.105198
0.10192
0.125388
0.111793
0.160622
0.142301
0.195852
0.178821
0.22793
0.214159
0.255468
0.245368
0.28011
0.273809
0.299565
0.298927
0.309779
0.31715
0.306002
0.322853
0.288289
0.311979
0.300255
0.275395
0.289011
0.266764
0.260747
0.268883
0.276151
0.289478
0.289669
0.27728
0.241562
0.271326
0.270395
0.259571
0.121863
0.199834
0.100006
0.100002
0.100001
0.100001
0.100001
0.100001
0.100001
0.100002
0.100002
0.100002
0.100002
0.100003
0.100003
0.100003
0.100003
0.100004
0.100004
0.100004
0.100004
0.100004
0.100005
0.100006
0.100049
0.100644
0.1067
0.135022
0.167504
0.165608
0.149662
0.139392
0.128638
0.110936
0.117336
0.103674
0.107141
0.100414
0.100756
0.100751
0.100403
0.104416
0.101541
0.125953
0.110783
0.163065
0.14581
0.200597
0.18574
0.234343
0.22002
0.26492
0.252501
0.294548
0.285521
0.319809
0.316834
0.335476
0.334061
0.335417
0.322592
0.332931
0.348134
0.341203
0.314842
0.302889
0.317024
0.326949
0.303715
0.278955
0.280121
0.290051
0.304352
0.304182
0.290611
0.265255
0.237329
0.255898
0.280237
0.277569
0.15875
0.241942
0.226656
0.203744
0.100007
0.100002
0.100002
0.100001
0.100001
0.100001
0.100001
0.100002
0.100002
0.100002
0.100002
0.100003
0.100003
0.100003
0.100003
0.100004
0.100004
0.100004
0.100004
0.100004
0.100005
0.100017
0.100353
0.102633
0.119117
0.153984
0.165666
0.156639
0.147894
0.138936
0.123923
0.108424
0.112918
0.101906
0.104453
0.100223
0.100348
0.10058
0.100271
0.103508
0.101159
0.123373
0.108006
0.167594
0.146193
0.204143
0.186169
0.237119
0.219578
0.27224
0.25576
0.308746
0.297031
0.335529
0.33435
0.33266
0.329973
0.352794
0.35593
0.345909
0.346744
0.338275
0.348239
0.361759
0.356049
0.330503
0.318441
0.333312
0.343237
0.319605
0.291085
0.290909
0.304512
0.320209
0.320392
0.304341
0.271387
0.261466
0.289355
0.285385
0.211887
0.168523
0.191777
0.248405
0.234129
0.100009
0.100003
0.100002
0.100001
0.100001
0.100001
0.100001
0.100002
0.100002
0.100002
0.100002
0.100003
0.100003
0.100003
0.100003
0.100004
0.100004
0.100004
0.100004
0.100004
0.100008
0.100124
0.100976
0.108895
0.137026
0.162504
0.160575
0.154756
0.147944
0.135304
0.113546
0.120476
0.104791
0.10896
0.100797
0.10201
0.10013
0.10016
0.100462
0.100209
0.102311
0.100888
0.116275
0.105
0.164662
0.13965
0.199672
0.177072
0.236689
0.214832
0.281837
0.262645
0.32702
0.32292
0.318283
0.312014
0.346773
0.346194
0.345182
0.343624
0.365695
0.368631
0.357827
0.359109
0.354438
0.36348
0.375029
0.370157
0.347507
0.335479
0.350981
0.360076
0.337003
0.303729
0.302239
0.320108
0.337771
0.337884
0.319162
0.278386
0.268253
0.299317
0.294238
0.217885
0.168575
0.194568
0.255468
0.240093
0.10001
0.100004
0.100001
0.100001
0.100001
0.100001
0.100001
0.100002
0.100002
0.100002
0.100002
0.100003
0.100003
0.100003
0.100003
0.100004
0.100004
0.100004
0.100004
0.100005
0.100039
0.100559
0.103678
0.121046
0.152253
0.160662
0.159165
0.155142
0.145582
0.126784
0.109264
0.114418
0.101958
0.104797
0.100328
0.100789
0.10009
0.100077
0.100414
0.100185
0.101741
0.100783
0.110452
0.103831
0.152032
0.127137
0.190113
0.164962
0.239914
0.214025
0.304926
0.295665
0.285524
0.27299
0.341371
0.338058
0.333502
0.32739
0.360028
0.360623
0.360687
0.359931
0.378977
0.371149
0.382664
0.373532
0.37028
0.377996
0.388678
0.383789
0.365004
0.353737
0.369097
0.376488
0.355623
0.317491
0.314753
0.337125
0.356608
0.356646
0.335449
0.286531
0.275989
0.310561
0.30441
0.220737
0.158121
0.189177
0.26229
0.244668
0.100012
0.100003
0.100001
0.100001
0.100001
0.100001
0.100001
0.100002
0.100002
0.100002
0.100002
0.100003
0.100003
0.100003
0.100003
0.100004
0.100004
0.100004
0.100004
0.100014
0.100258
0.101383
0.110083
0.136265
0.157991
0.16045
0.160109
0.154036
0.138533
0.113796
0.12094
0.104327
0.108769
0.100724
0.101779
0.100131
0.100295
0.100079
0.100048
0.100405
0.100182
0.101558
0.100749
0.108674
0.103537
0.140971
0.120757
0.187019
0.160999
0.257468
0.227119
0.319658
0.310061
0.298634
0.285115
0.357969
0.354478
0.349365
0.34242
0.375642
0.377145
0.377479
0.376368
0.393426
0.386321
0.398188
0.389727
0.385213
0.391903
0.403282
0.39764
0.38195
0.372411
0.38661
0.391813
0.374714
0.332748
0.328801
0.355509
0.376011
0.37611
0.353223
0.295795
0.284161
0.323343
0.315942
0.220107
0.138072
0.175954
0.268555
0.247743
0.10001
0.100002
0.100001
0.100001
0.100001
0.100001
0.100002
0.100002
0.100002
0.100002
0.100002
0.100003
0.100003
0.100003
0.100003
0.100004
0.100004
0.100004
0.100007
0.100081
0.100694
0.104346
0.121187
0.149271
0.159758
0.162254
0.16025
0.148813
0.126842
0.108045
0.113609
0.101527
0.103692
0.100248
0.100615
0.100054
0.100106
0.100084
0.100042
0.100443
0.100206
0.101546
0.100819
0.108467
0.103692
0.137788
0.119451
0.195742
0.167077
0.281165
0.264007
0.229672
0.247771
0.333636
0.323028
0.310662
0.2966
0.373427
0.368371
0.361188
0.352237
0.392259
0.393198
0.39226
0.388436
0.408969
0.402555
0.414094
0.40576
0.399322
0.405799
0.418605
0.412178
0.397651
0.390462
0.402752
0.406076
0.393258
0.349556
0.344448
0.374837
0.395016
0.395418
0.372074
0.305973
0.29247
0.337665
0.328714
0.214547
0.117392
0.159898
0.274171
0.248108
0.100007
0.100001
0.100001
0.100001
0.100002
0.100002
0.100002
0.100003
0.100003
0.100003
0.100003
0.100003
0.100003
0.100003
0.100003
0.100004
0.100004
0.100005
0.100027
0.100402
0.101708
0.110536
0.134734
0.156315
0.162285
0.164013
0.157044
0.138792
0.111778
0.118907
0.102938
0.106628
0.100492
0.10123
0.100082
0.100197
0.100031
0.10004
0.100142
0.100056
0.100517
0.100332
0.101754
0.101029
0.109798
0.104765
0.142287
0.122213
0.213227
0.1956
0.172667
0.285054
0.267711
0.231785
0.250021
0.34173
0.32973
0.316252
0.301344
0.382156
0.374156
0.364809
0.354182
0.406684
0.405057
0.399608
0.392042
0.424376
0.417605
0.427988
0.418306
0.413155
0.420094
0.43344
0.427121
0.412051
0.407048
0.417356
0.419758
0.410372
0.367669
0.36148
0.39428
0.412695
0.413609
0.391383
0.316789
0.300696
0.35329
0.342448
0.204879
0.120274
0.15097
0.279091
0.245475
0.100005
0.100001
0.100001
0.100003
0.100004
0.100005
0.100006
0.100005
0.100005
0.100004
0.100004
0.100003
0.100003
0.100003
0.100003
0.100004
0.100004
0.10001
0.100143
0.100826
0.104751
0.120875
0.146937
0.160823
0.165276
0.162947
0.149132
0.124368
0.105467
0.110821
0.10094
0.102316
0.100148
0.100373
0.100029
0.100061
0.100029
0.100022
0.100304
0.100134
0.100714
0.100514
0.102875
0.102116
0.110948
0.10758
0.143833
0.121653
0.214081
0.196792
0.174388
0.158131
0.282666
0.264772
0.227564
0.246331
0.342375
0.329384
0.315137
0.299571
0.382675
0.371898
0.360189
0.347874
0.415312
0.408641
0.399062
0.387066
0.437202
0.428391
0.437512
0.424472
0.427117
0.434555
0.445438
0.441383
0.425564
0.421898
0.430767
0.433277
0.425628
0.386518
0.379485
0.412976
0.428449
0.430076
0.41038
0.328031
0.30911
0.369787
0.356806
0.194849
0.107682
0.136825
0.282314
0.240524
0.100003
0.100003
0.100007
0.100014
0.10002
0.100021
0.100019
0.100014
0.10001
0.100007
0.100005
0.100004
0.100004
0.100004
0.100004
0.100004
0.100006
0.100047
0.100534
0.10202
0.110849
0.133821
0.15606
0.164908
0.166499
0.157381
0.136341
0.108238
0.114935
0.101721
0.103967
0.100271
0.100691
0.100044
0.100106
0.100016
0.100021
0.100047
0.100021
0.100553
0.100311
0.101607
0.10101
0.106727
0.106347
0.117736
0.119283
0.145058
0.131219
0.121502
0.209117
0.191258
0.164848
0.150926
0.272806
0.25431
0.216356
0.235372
0.335041
0.321406
0.306557
0.290359
0.373614
0.35969
0.34603
0.332739
0.416324
0.404269
0.389104
0.372106
0.445867
0.433191
0.441721
0.423994
0.441049
0.448271
0.453575
0.452798
0.438653
0.435257
0.443447
0.44663
0.439136
0.405446
0.397732
0.430214
0.442329
0.444634
0.428302
0.33967
0.31701
0.386728
0.371613
0.18336
0.102946
0.122823
0.284004
0.234374
0.100012
0.100026
0.10005
0.100076
0.100087
0.100079
0.10006
0.10004
0.100024
0.100016
0.10001
0.100007
0.100006
0.100005
0.100004
0.100005
0.100017
0.100224
0.100946
0.105203
0.121167
0.146474
0.162818
0.167812
0.163452
0.146582
0.119615
0.103026
0.107029
0.100491
0.101245
0.100074
0.10019
0.100016
0.100031
0.100015
0.100012
0.100125
0.100035
0.101452
0.100593
0.105055
0.103121
0.120302
0.119918
0.135419
0.139139
0.155485
0.139605
0.131103
0.132348
0.131738
0.197958
0.180683
0.152821
0.143067
0.254564
0.235678
0.198331
0.216739
0.319306
0.305058
0.289541
0.272699
0.354757
0.338325
0.323244
0.309028
0.409948
0.392005
0.371393
0.349713
0.450035
0.432308
0.441276
0.417603
0.454269
0.459334
0.458567
0.460411
0.451475
0.447608
0.45571
0.459416
0.451424
0.423655
0.415769
0.445606
0.454725
0.45745
0.444538
0.351742
0.324184
0.403841
0.387174
0.169541
0.100887
0.1119
0.284091
0.226333
0.100107
0.100181
0.100277
0.100338
0.10032
0.100247
0.100164
0.100099
0.100056
0.100034
0.100019
0.100013
0.100008
0.100006
0.100005
0.100009
0.100078
0.100667
0.102391
0.11165
0.134723
0.157321
0.167496
0.167416
0.154972
0.130795
0.104238
0.109199
0.100874
0.102116
0.10013
0.10034
0.100022
0.100051
0.100009
0.100012
0.100022
0.100011
0.100292
0.100091
0.104621
0.101711
0.115807
0.109898
0.157388
0.154234
0.161489
0.163564
0.213545
0.215525
0.136555
0.132523
0.156646
0.151006
0.181196
0.16593
0.146944
0.143514
0.228542
0.210161
0.176723
0.192591
0.294852
0.280027
0.263981
0.246746
0.328817
0.309892
0.29307
0.277778
0.398391
0.375503
0.350379
0.324478
0.450585
0.427313
0.43852
0.409192
0.465469
0.467173
0.460295
0.466284
0.463875
0.459505
0.46779
0.471136
0.462969
0.440851
0.433381
0.459123
0.466175
0.469033
0.459464
0.363559
0.329969
0.421257
0.402498
0.153723
0.100221
0.10533
0.283314
0.21657
0.100736
0.100974
0.101209
0.10121
0.100968
0.100656
0.100394
0.100221
0.100121
0.100063
0.100039
0.100023
0.100014
0.100009
0.100009
0.10003
0.100327
0.101125
0.106034
0.122822
0.148873
0.165581
0.169417
0.161524
0.140755
0.111829
0.101566
0.103769
0.100233
0.100616
0.100035
0.100087
0.10001
0.100016
0.100008
0.100008
0.100049
0.100013
0.100541
0.100222
0.113636
0.105101
0.142868
0.12764
0.215236
0.213054
0.220046
0.202541
0.209797
0.262726
0.263957
0.143558
0.145902
0.19379
0.184304
0.163255
0.153186
0.152698
0.15785
0.198458
0.182838
0.159977
0.169564
0.263024
0.247929
0.231834
0.215105
0.299799
0.27776
0.258895
0.242576
0.387355
0.361995
0.33356
0.303558
0.450327
0.422658
0.437174
0.403897
0.473895
0.474329
0.464779
0.47159
0.475886
0.471123
0.479507
0.480379
0.474304
0.456892
0.450577
0.471979
0.477385
0.481426
0.473169
0.374497
0.335904
0.438302
0.418082
0.137076
0.10007
0.102424
0.281182
0.20456
0.103512
0.103943
0.104143
0.103546
0.102493
0.101526
0.100857
0.100455
0.100235
0.100129
0.10007
0.100038
0.100022
0.100012
0.100018
0.100128
0.100839
0.103041
0.113496
0.138665
0.160968
0.169636
0.166284
0.149476
0.121563
0.102225
0.100458
0.101234
0.100059
0.100163
0.100012
0.100024
0.100007
0.100009
0.100009
0.100007
0.100122
0.100021
0.101461
0.100393
0.134905
0.113785
0.196125
0.165094
0.262749
0.25605
0.281473
0.296092
0.250015
0.258135
0.311374
0.312325
0.164701
0.1745
0.239779
0.228249
0.154396
0.151914
0.177491
0.189204
0.172499
0.163622
0.158333
0.159073
0.227627
0.213033
0.198347
0.184404
0.274399
0.248588
0.227053
0.209571
0.382335
0.356557
0.326661
0.293924
0.454716
0.421907
0.442413
0.403931
0.481909
0.481835
0.471971
0.478727
0.485994
0.483068
0.491317
0.488686
0.486484
0.472631
0.467667
0.484332
0.490978
0.494077
0.486848
0.386677
0.340278
0.45642
0.434619
0.124852
0.100028
0.10115
0.277686
0.191821
0.11169
0.111909
0.111451
0.108724
0.10562
0.103201
0.101662
0.100832
0.100421
0.100217
0.100111
0.100059
0.100029
0.10002
0.100058
0.100514
0.101489
0.107666
0.127428
0.15422
0.168725
0.16925
0.156596
0.13176
0.105892
0.10017
0.100383
0.100659
0.10012
0.100017
0.100042
0.100008
0.10001
0.100007
0.100007
0.100011
0.100007
0.100246
0.100041
0.104006
0.100859
0.173944
0.132336
0.272215
0.224465
0.310789
0.305589
0.320318
0.335
0.299934
0.307502
0.355839
0.355805
0.202134
0.215832
0.289447
0.277065
0.160196
0.167354
0.216073
0.231977
0.161667
0.161884
0.174129
0.166258
0.195042
0.182606
0.172251
0.164762
0.260784
0.230453
0.205945
0.186989
0.382664
0.357949
0.328795
0.296134
0.461355
0.428132
0.450353
0.411585
0.490139
0.49
0.477626
0.485549
0.495331
0.4955
0.500669
0.497669
0.499632
0.486567
0.482816
0.497239
0.501912
0.504842
0.498356
0.397294
0.345016
0.473275
0.450539
0.117128
0.10002
0.100749
0.27355
0.180599
0.126914
0.126188
0.123934
0.117817
0.110747
0.105682
0.102811
0.101345
0.100657
0.100323
0.10016
0.100078
0.100035
0.100044
0.10023
0.10103
0.104361
0.117925
0.146313
0.166049
0.170793
0.162284
0.140558
0.111472
0.100954
0.100073
0.100055
0.100182
0.100028
0.100008
0.100013
0.100007
0.100007
0.100007
0.100007
0.100016
0.100008
0.100392
0.100083
0.10978
0.102097
0.225464
0.163004
0.337286
0.311921
0.288495
0.352533
0.34554
0.353006
0.366964
0.346775
0.353287
0.392988
0.391677
0.248109
0.263346
0.337039
0.324904
0.186379
0.200453
0.260196
0.278323
0.169207
0.178694
0.206493
0.191305
0.173688
0.16564
0.162943
0.163619
0.261451
0.228063
0.200019
0.179647
0.39261
0.371066
0.346053
0.31708
0.470189
0.438136
0.461386
0.425053
0.498092
0.494656
0.482159
0.488831
0.503247
0.504812
0.507129
0.503587
0.507287
0.497685
0.494489
0.505478
0.509042
0.509152
0.505759
0.409651
0.349579
0.485047
0.465416
0.113709
0.100029
0.100903
0.270981
0.175357
0.144753
0.141596
0.136817
0.128068
0.117454
0.108757
0.104168
0.101949
0.100931
0.100432
0.100205
0.100087
0.100052
0.100125
0.100803
0.102422
0.111364
0.137449
0.161833
0.170945
0.166541
0.148238
0.11959
0.102368
0.100092
0.100021
0.100017
0.100045
0.10001
0.100007
0.100007
0.100007
0.100006
0.100007
0.100007
0.100025
0.100009
0.100754
0.100171
0.120817
0.104508
0.266342
0.198665
0.355653
0.336622
0.298907
0.329326
0.386661
0.378299
0.373165
0.388348
0.386531
0.391594
0.421597
0.418152
0.295431
0.311004
0.377973
0.36693
0.223889
0.241637
0.304232
0.322046
0.194184
0.210075
0.246717
0.227828
0.170479
0.168993
0.171368
0.180996
0.284764
0.251638
0.22111
0.198056
0.410825
0.395733
0.378358
0.358781
0.474765
0.452391
0.467796
0.4425
0.501578
0.497964
0.48953
0.493414
0.507804
0.510611
0.512234
0.50787
0.512948
0.505015
0.500832
0.50937
0.514323
0.514654
0.509091
0.422483
0.355556
0.493773
0.477419
0.11452
0.100339
0.103537
0.273164
0.180035
0.160217
0.154549
0.147429
0.136644
0.123914
0.112138
0.105572
0.102518
0.101138
0.100516
0.100219
0.100094
0.100106
0.100484
0.101424
0.107133
0.12786
0.156579
0.170425
0.169348
0.154686
0.128245
0.104855
0.100306
0.100009
0.100014
0.100021
0.100009
0.100008
0.100007
0.100006
0.100006
0.100006
0.100006
0.100007
0.100007
0.10004
0.10001
0.101439
0.100301
0.136847
0.108487
0.309218
0.291404
0.260048
0.218905
0.364785
0.346836
0.329545
0.411099
0.400948
0.382091
0.398696
0.418015
0.421335
0.442106
0.436127
0.338613
0.353682
0.412069
0.403754
0.266097
0.285229
0.350987
0.366944
0.234379
0.254123
0.29483
0.274504
0.190667
0.19145
0.200738
0.216011
0.335579
0.310382
0.284813
0.261495
0.432715
0.422804
0.413384
0.40437
0.486933
0.461151
0.479822
0.454924
0.50744
0.505856
0.500312
0.504305
0.513268
0.516128
0.518551
0.514747
0.518848
0.507782
0.506318
0.514382
0.520353
0.520988
0.513745
0.437778
0.368246
0.501246
0.485506
0.125396
0.106419
0.116838
0.282334
0.204872
0.170182
0.163398
0.154748
0.142778
0.128853
0.115402
0.106736
0.10302
0.101267
0.100532
0.100216
0.100126
0.100292
0.10118
0.104738
0.119909
0.150743
0.168898
0.171182
0.160003
0.136368
0.10871
0.100715
0.100031
0.100007
0.100006
0.100008
0.100006
0.100006
0.100006
0.100006
0.100006
0.100006
0.100006
0.100008
0.100007
0.100065
0.100013
0.102344
0.100427
0.15329
0.113635
0.30945
0.284488
0.262423
0.202163
0.236983
0.365346
0.347953
0.327047
0.426602
0.414192
0.382758
0.400321
0.445022
0.444761
0.457514
0.447602
0.381025
0.393567
0.442743
0.437592
0.314715
0.333402
0.397044
0.410434
0.288497
0.308926
0.347954
0.328641
0.248242
0.246683
0.251313
0.269489
0.396416
0.387496
0.378116
0.367615
0.451762
0.443122
0.438028
0.431472
0.512489
0.47358
0.508992
0.468964
0.514308
0.512081
0.515236
0.518969
0.519846
0.521803
0.523175
0.517844
0.52428
0.510534
0.508512
0.520919
0.526126
0.527048
0.519758
0.453171
0.389811
0.502363
0.493934
0.173687
0.191159
0.204086
0.316479
0.264678
0.174751
0.16817
0.158944
0.146424
0.131827
0.117655
0.107661
0.103114
0.101266
0.10051
0.100214
0.100272
0.100937
0.103004
0.114405
0.144389
0.166501
0.172266
0.164347
0.143234
0.114196
0.101513
0.100076
0.100007
0.100006
0.100006
0.100006
0.100006
0.100006
0.100006
0.100006
0.100006
0.100007
0.100006
0.100008
0.100007
0.100105
0.100017
0.103185
0.100543
0.158244
0.116475
0.302104
0.276024
0.258377
0.202161
0.227035
0.3589
0.342691
0.316482
0.434782
0.418416
0.3769
0.397706
0.467798
0.46469
0.468642
0.454914
0.421139
0.430729
0.468474
0.466573
0.365809
0.382638
0.440113
0.450257
0.359854
0.373917
0.403937
0.387683
0.353859
0.34075
0.337953
0.346687
0.429108
0.425625
0.4232
0.422173
0.498762
0.491027
0.489675
0.485883
0.533282
0.501524
0.531838
0.500648
0.525537
0.522113
0.534601
0.536615
0.531709
0.525724
0.533745
0.526168
0.527861
0.517069
0.513285
0.528049
0.529075
0.531335
0.527896
0.466697
0.413794
0.505249
0.496719
0.255617
0.237596
0.267961
0.35453
0.31983
0.175809
0.169714
0.160288
0.147587
0.132678
0.118363
0.107615
0.103022
0.101186
0.100445
0.1003
0.100699
0.102016
0.11043
0.137709
0.163609
0.172614
0.167721
0.149268
0.120947
0.10293
0.100173
0.10001
0.100005
0.100006
0.100006
0.100006
0.100006
0.100006
0.100006
0.100006
0.100006
0.100007
0.100006
0.100009
0.100007
0.100144
0.100022
0.103353
0.100624
0.154135
0.11596
0.289653
0.26228
0.247403
0.195236
0.217327
0.344882
0.329702
0.300315
0.437642
0.418313
0.364458
0.388442
0.486183
0.47874
0.474194
0.457197
0.456884
0.463076
0.489204
0.489883
0.416655
0.430465
0.478648
0.484795
0.443552
0.449743
0.460773
0.450755
0.423689
0.429234
0.42499
0.434935
0.484181
0.484597
0.485129
0.487585
0.526048
0.52409
0.52402
0.523192
0.553664
0.527285
0.553106
0.528034
0.540857
0.538697
0.554232
0.554903
0.545535
0.535862
0.547262
0.540763
0.539597
0.52697
0.518917
0.532235
0.540482
0.543612
0.532871
0.475894
0.437779
0.509831
0.501529
0.31032
0.824691
0.318409
0.391415
0.364974
0.173765
0.168316
0.15931
0.14692
0.132145
0.117925
0.10725
0.102725
0.100984
0.100432
0.10065
0.101755
0.107816
0.13151
0.16028
0.172534
0.17019
0.154495
0.127806
0.105118
0.100367
0.100019
0.100005
0.100005
0.100005
0.100005
0.100006
0.100006
0.100006
0.100006
0.100006
0.100006
0.100006
0.100007
0.100006
0.10001
0.100007
0.100161
0.100026
0.103037
0.100619
0.155868
0.186149
0.129839
0.112385
0.272388
0.24541
0.234076
0.204234
0.326051
0.311159
0.279935
0.437403
0.414003
0.348088
0.37703
0.496044
0.486918
0.476209
0.457178
0.487064
0.489404
0.502298
0.504376
0.465546
0.474834
0.503545
0.505343
0.476807
0.487303
0.497658
0.490745
0.490734
0.451781
0.454414
0.466673
0.523614
0.52452
0.526068
0.528972
0.552646
0.553108
0.554026
0.555249
0.567941
0.551135
0.567811
0.552162
0.558026
0.556591
0.568486
0.568966
0.561213
0.548941
0.562636
0.557958
0.552865
0.530186
0.527552
0.545093
0.553578
0.557006
0.545784
0.487877
0.458096
0.512093
0.50426
0.355553
2.52674
0.428651
0.419851
0.390081
0.17
0.165014
0.15645
0.144503
0.130064
0.116376
0.106369
0.102185
0.100766
0.100673
0.101477
0.106054
0.126069
0.15685
0.172156
0.172007
0.15899
0.134374
0.108114
0.100716
0.100037
0.100006
0.100005
0.100005
0.100005
0.100005
0.100006
0.100006
0.100006
0.100006
0.100006
0.100006
0.100006
0.100007
0.100006
0.100011
0.100007
0.100158
0.100027
0.102228
0.100544
0.173542
0.14382
0.128541
0.107864
0.252229
0.225922
0.217562
0.188361
0.304133
0.288731
0.257192
0.433768
0.406425
0.33011
0.36198
0.500831
0.490582
0.476824
0.454933
0.505255
0.505198
0.507526
0.510849
0.498958
0.502815
0.513467
0.513904
0.530718
0.496841
0.512129
0.503377
0.53306
0.497224
0.510985
0.523507
0.556786
0.558654
0.56086
0.563548
0.569476
0.570689
0.572397
0.574312
0.567467
0.568046
0.571337
0.570135
0.57351
0.563839
0.575398
0.571626
0.567396
0.53574
0.54801
0.530525
0.558102
0.568114
0.571283
0.559155
0.491256
0.470584
0.521481
0.507315
0.375497
2.88234
0.572962
0.442764
0.415948
0.165432
0.160442
0.152133
0.140482
0.126443
0.113667
0.104972
0.101555
0.100819
0.101367
0.104756
0.121605
0.153901
0.171382
0.173453
0.1628
0.140184
0.111901
0.101299
0.100074
0.100007
0.100005
0.100005
0.100005
0.100005
0.100005
0.100006
0.100006
0.100006
0.100006
0.100006
0.100006
0.100006
0.100006
0.100007
0.100006
0.100011
0.100007
0.100135
0.100026
0.10129
0.100412
0.159015
0.134418
0.120999
0.102479
0.117374
0.106471
0.23022
0.205129
0.199076
0.171463
0.281793
0.264748
0.233644
0.427517
0.395691
0.3101
0.344989
0.50341
0.492565
0.47701
0.451706
0.512953
0.512426
0.510331
0.513795
0.511115
0.51403
0.522271
0.522135
0.55709
0.536241
0.520426
0.54325
0.566315
0.5391
0.547255
0.553303
0.576592
0.579112
0.581438
0.584183
0.576549
0.579583
0.547894
0.561731
0.534202
0.550223
0.572401
0.580474
0.583243
0.573586
0.497487
0.483106
0.524313
0.508172
0.387629
3.1192
0.8814
0.457608
0.4239
0.160377
0.155013
0.146693
0.13522
0.121808
0.110519
0.103379
0.101222
0.101416
0.103996
0.118111
0.150992
0.170663
0.174584
0.165945
0.14516
0.116616
0.102205
0.100143
0.10001
0.100005
0.100005
0.100005
0.100005
0.100005
0.100005
0.100006
0.100006
0.100006
0.100006
0.100006
0.100006
0.100006
0.100006
0.100006
0.100007
0.100006
0.10001
0.100007
0.100081
0.100022
0.100552
0.102504
0.100251
0.146309
0.125633
0.110727
0.103922
0.207725
0.184203
0.179972
0.15565
0.259399
0.241005
0.210946
0.419469
0.382822
0.288671
0.325733
0.506004
0.495489
0.477117
0.447801
0.517262
0.515477
0.512894
0.517049
0.521191
0.524624
0.530822
0.52985
0.578825
0.560883
0.548221
0.564825
0.586234
0.569957
0.574051
0.576705
0.561685
0.576096
0.548811
0.563974
0.584439
0.585647
0.49964
0.486462
0.52376
0.551033
0.51452
0.411898
3.16641
1.57289
0.463348
0.42181
0.154758
0.148807
0.140245
0.128979
0.116657
0.107328
0.102174
0.101621
0.103848
0.115735
0.147579
0.169824
0.175502
0.168508
0.14944
0.121592
0.103521
0.100261
0.100016
0.100005
0.100005
0.100005
0.100005
0.100005
0.100005
0.100005
0.100006
0.100006
0.100006
0.100006
0.100006
0.100006
0.100006
0.100006
0.100006
0.100007
0.100006
0.10001
0.100007
0.100035
0.100017
0.100185
0.100927
0.101354
0.100094
0.133815
0.116659
0.107118
0.1025
0.186204
0.164507
0.161643
0.140529
0.237342
0.218971
0.190235
0.410387
0.367985
0.266306
0.305092
0.50705
0.496736
0.47784
0.445248
0.524957
0.519744
0.51349
0.517619
0.55086
0.533322
0.552499
0.531838
0.594135
0.580986
0.566996
0.582881
0.58931
0.591018
0.592699
0.576496
0.588129
0.563001
0.578688
0.500353
0.487738
0.529782
0.550057
0.566363
0.514995
0.500666
3.19421
2.46548
0.462966
0.422995
0.148569
0.141968
0.133056
0.122281
0.111773
0.104568
0.102164
0.10392
0.114981
0.144796
0.168788
0.176177
0.170561
0.153039
0.126221
0.105185
0.100445
0.100027
0.100005
0.100004
0.100005
0.100005
0.100005
0.100005
0.100005
0.100005
0.100006
0.100006
0.100006
0.100006
0.100006
0.100006
0.100006
0.100006
0.100006
0.100006
0.100007
0.100006
0.100009
0.100007
0.100019
0.100012
0.100432
0.100274
0.100113
0.100066
0.101404
0.100038
0.122808
0.111166
0.104393
0.167267
0.147654
0.144566
0.12733
0.215444
0.19848
0.171606
0.401251
0.352142
0.243276
0.283322
0.50626
0.497119
0.479097
0.444767
0.527898
0.52248
0.514554
0.518529
0.568416
0.552058
0.551218
0.569294
0.595504
0.58412
0.596728
0.588797
0.578592
0.590841
0.500333
0.487197
0.548342
0.566847
0.580616
0.514516
0.54886
0.769243
3.20989
2.80875
0.460106
0.446204
0.141913
0.134579
0.125266
0.115593
0.107473
0.103527
0.104297
0.115065
0.144041
0.168203
0.176653
0.172172
0.155955
0.130245
0.107041
0.100696
0.100045
0.100006
0.100004
0.100004
0.100005
0.100005
0.100005
0.100005
0.100005
0.100005
0.100006
0.100006
0.100006
0.100006
0.100006
0.100006
0.100006
0.100006
0.100006
0.100006
0.100006
0.100007
0.100006
0.100008
0.100007
0.100012
0.100009
0.100679
0.100358
0.100117
0.10005
0.100055
0.102274
0.100019
0.114779
0.10671
0.150761
0.133467
0.130471
0.117189
0.194314
0.17954
0.155331
0.394007
0.336139
0.220362
0.261421
0.507003
0.496418
0.480888
0.446439
0.528514
0.523843
0.514192
0.518472
0.585047
0.56917
0.5484
0.569286
0.586172
0.59761
0.591531
0.499017
0.484761
0.566486
0.582363
0.592588
0.513507
0.54826
0.567033
1.05715
3.22227
3.05327
0.450038
0.52306
0.134971
0.12664
0.117446
0.109671
0.105037
0.105371
0.115691
0.144285
0.168234
0.177121
0.173378
0.158234
0.133543
0.108903
0.101006
0.10007
0.100007
0.100004
0.100004
0.100004
0.100005
0.100005
0.100005
0.100005
0.100005
0.100005
0.100006
0.100006
0.100006
0.100006
0.100006
0.100006
0.100006
0.100006
0.100006
0.100006
0.100006
0.100007
0.100006
0.100007
0.100007
0.100009
0.100008
0.101181
0.100513
0.100149
0.100057
0.100029
0.100027
0.103453
0.100012
0.100019
0.108304
0.136585
0.122108
0.119688
0.109882
0.174119
0.162081
0.140616
0.390818
0.321705
0.197689
0.239878
0.50813
0.498087
0.484688
0.449954
0.524538
0.511805
0.518288
0.598398
0.585752
0.568243
0.54767
0.586545
0.599862
0.497099
0.480811
0.582401
0.594598
0.512244
0.546163
0.567033
0.583525
1.3218
3.23205
3.17113
0.450961
0.607202
0.128279
0.118947
0.110798
0.106272
0.10681
0.117353
0.145323
0.168654
0.177621
0.174212
0.159869
0.136085
0.110606
0.101347
0.100103
0.100009
0.100004
0.100004
0.100004
0.100004
0.100005
0.100005
0.100005
0.100005
0.100005
0.100005
0.100006
0.100006
0.100006
0.100006
0.100006
0.100006
0.100006
0.100006
0.100006
0.100006
0.100006
0.100006
0.100007
0.100006
0.100007
0.100007
0.100008
0.100007
0.1016
0.100651
0.100231
0.100073
0.100032
0.100019
0.104097
0.10001
0.100015
0.100012
0.124744
0.113406
0.111549
0.104947
0.15561
0.145973
0.127714
0.391056
0.313729
0.176454
0.221095
0.505186
0.50011
0.490709
0.458213
0.510938
0.543491
0.599082
0.586667
0.567841
0.600304
0.4946
0.47133
0.594977
0.511265
0.544532
0.565999
0.58377
0.595946
1.74177
3.24106
3.23905
0.457894
0.744166
0.122643
0.112758
0.107907
0.109057
0.120744
0.147793
0.169717
0.178146
0.174667
0.160794
0.137792
0.112001
0.101684
0.10014
0.100011
0.100004
0.100004
0.100004
0.100004
0.100004
0.100005
0.100005
0.100005
0.100005
0.100005
0.100005
0.100006
0.100006
0.100006
0.100006
0.100006
0.100006
0.100006
0.100006
0.100006
0.100006
0.100006
0.100006
0.100006
0.100006
0.100007
0.100007
0.100008
0.100007
0.101813
0.10076
0.100266
0.100101
0.100039
0.100021
0.100015
0.100008
0.100011
0.10001
0.100013
0.115221
0.107093
0.10595
0.102151
0.139692
0.131723
0.117091
0.397972
0.311353
0.159214
0.212458
0.50429
0.498794
0.493359
0.469306
0.541255
0.566384
0.601127
0.586853
0.491061
0.466416
0.508947
0.54321
0.565279
0.583384
0.596395
2.18591
3.24671
3.26402
0.477786
0.901206
0.120581
0.111497
0.113988
0.127592
0.152727
0.171761
0.178754
0.174752
0.160999
0.138558
0.112927
0.101968
0.100178
0.100014
0.100004
0.100004
0.100004
0.100004
0.100004
0.100004
0.100005
0.100005
0.100005
0.100006
0.100005
0.100006
0.100006
0.100006
0.100006
0.100006
0.100006
0.100006
0.100006
0.100006
0.100006
0.100006
0.100006
0.100006
0.100006
0.100006
0.100007
0.100007
0.100007
0.100007
0.100906
0.100317
0.10012
0.100053
0.100025
0.100016
0.100008
0.100009
0.100009
0.100012
0.100011
0.100014
0.107866
0.103006
0.102632
0.127101
0.119906
0.108979
0.411295
0.316514
0.150351
0.212133
0.538627
0.498626
0.494177
0.480482
0.56528
0.586875
0.601833
0.486595
0.45611
0.506337
0.539604
0.564601
0.583103
0.596394
2.49358
3.25203
3.30285
0.514703
1.06592
0.12665
0.122136
0.138518
0.159736
0.174186
0.179368
0.174628
0.160804
0.138539
0.113276
0.102149
0.10021
0.100018
0.100004
0.100003
0.100003
0.100004
0.100004
0.100004
0.100004
0.100005
0.100005
0.100005
0.100006
0.100006
0.100006
0.100005
0.100006
0.100006
0.100006
0.100006
0.100006
0.100006
0.100006
0.100006
0.100006
0.100006
0.100006
0.100006
0.100006
0.100007
0.100007
0.100007
0.100007
0.101146
0.100462
0.10019
0.100071
0.100036
0.100021
0.100008
0.100009
0.100009
0.10001
0.10001
0.100014
0.100014
0.10002
0.103853
0.101593
0.122625
0.112491
0.105802
0.431046
0.334845
0.149881
0.229302
0.564256
0.536462
0.492995
0.534686
0.487581
0.586802
0.602309
0.479814
0.454322
0.501048
0.536591
0.562528
0.582809
0.596298
2.69497
3.25749
3.32117
0.57423
1.20867
0.145596
0.151347
0.1671
0.17669
0.179605
0.174142
0.16004
0.137928
0.113159
0.102198
0.100229
0.10002
0.100004
0.100003
0.100003
0.100003
0.100004
0.100004
0.100004
0.100004
0.100005
0.100005
0.100005
0.100006
0.100006
0.100006
0.100006
0.100006
0.100005
0.100006
0.100006
0.100006
0.100006
0.100006
0.100006
0.100006
0.100006
0.100006
0.100006
0.100006
0.100006
0.100007
0.100007
0.100007
0.100007
0.100658
0.100307
0.100149
0.100058
0.100032
0.100007
0.100008
0.100008
0.10001
0.10001
0.100014
0.100015
0.10002
0.100023
0.100033
0.102774
0.101306
0.123626
0.110824
0.105525
0.452172
0.362968
0.160386
0.264584
0.586774
0.563538
0.530703
0.562386
0.49241
0.602783
0.473552
0.457043
0.498167
0.533927
0.560503
0.581755
0.596046
2.81698
3.26189
3.33415
0.629982
1.33631
0.167544
0.173435
0.178975
0.179477
0.172905
0.158202
0.135943
0.112518
0.102128
0.100233
0.100022
0.100004
0.100003
0.100003
0.100003
0.100003
0.100004
0.100004
0.100004
0.100004
0.100005
0.100005
0.100005
0.100006
0.100006
0.100006
0.100006
0.100006
0.100006
0.100005
0.100006
0.100006
0.100006
0.100006
0.100006
0.100006
0.100006
0.100006
0.100006
0.100006
0.100007
0.100007
0.100007
0.100007
0.100599
0.100293
0.100147
0.100058
0.100007
0.100008
0.100008
0.100011
0.100011
0.100016
0.100017
0.100026
0.100029
0.100038
0.100045
0.100067
0.102924
0.101507
0.134563
0.113458
0.108495
0.473523
0.39779
0.186766
0.313788
0.603598
0.586793
0.532158
0.559844
0.586599
0.491582
0.463064
0.462841
0.491015
0.529609
0.558286
0.580647
0.595498
2.81301
3.29272
3.31947
0.692678
1.39129
0.177799
0.179945
0.178728
0.170695
0.15496
0.132257
0.110807
0.101913
0.100224
0.100022
0.100004
0.100003
0.100003
0.100003
0.100003
0.100003
0.100004
0.100004
0.100004
0.100004
0.100005
0.100005
0.100005
0.100006
0.100006
0.100006
0.100006
0.100006
0.100006
0.100006
0.100006
0.100005
0.100006
0.100006
0.100006
0.100006
0.100006
0.100006
0.100006
0.100006
0.100006
0.100007
0.100007
0.100007
0.100007
0.100702
0.100336
0.100166
0.100007
0.100008
0.100008
0.100011
0.10001
0.100018
0.100019
0.100033
0.100037
0.100053
0.10006
0.100085
0.100099
0.1002
0.105278
0.102817
0.157059
0.122858
0.115837
0.487809
0.433735
0.230064
0.365788
0.60408
0.560477
0.529898
0.586535
0.604717
0.458847
0.472939
0.488133
0.524943
0.555333
0.579317
0.594978
2.62234
2.27335
2.26693
0.734995
1.38258
0.17893
0.176601
0.166127
0.150509
0.127219
0.108686
0.101611
0.100199
0.100022
0.100004
0.100002
0.100003
0.100003
0.100003
0.100003
0.100003
0.100004
0.100004
0.100004
0.100004
0.100005
0.100005
0.100005
0.100006
0.100006
0.100006
0.100006
0.100006
0.100006
0.100006
0.100006
0.100006
0.100006
0.100005
0.100006
0.100006
0.100006
0.100006
0.100006
0.100006
0.100006
0.100007
0.100007
0.100007
0.100007
0.101226
0.100414
0.100007
0.100008
0.100008
0.10001
0.10001
0.100019
0.100019
0.100041
0.100044
0.100068
0.100077
0.100109
0.100119
0.10023
0.100261
0.10062
0.109651
0.10482
0.189231
0.140489
0.127118
0.49207
0.463624
0.283913
0.406732
0.586836
0.559884
0.53257
0.605417
0.447946
0.487509
0.478601
0.522846
0.551757
0.577595
0.594344
2.5216
0.110358
0.855958
0.781088
1.37051
0.169322
0.161046
0.142874
0.121551
0.106421
0.101163
0.100158
0.10002
0.100004
0.100002
0.100002
0.100003
0.100003
0.100003
0.100003
0.100003
0.100004
0.100004
0.100004
0.100004
0.100005
0.100005
0.100005
0.100006
0.100006
0.100006
0.100006
0.100006
0.100006
0.100006
0.100006
0.100006
0.100006
0.100006
0.100005
0.100006
0.100006
0.100006
0.100006
0.100006
0.100006
0.100007
0.100007
0.100007
0.100007
0.101884
0.100008
0.100007
0.100009
0.100009
0.100019
0.100017
0.100046
0.100047
0.100084
0.100091
0.100132
0.100149
0.100297
0.100348
0.10081
0.100977
0.102649
0.115622
0.107284
0.226651
0.163522
0.140608
0.496548
0.482383
0.329994
0.44044
0.606001
0.586964
0.560993
0.532944
0.443513
0.512213
0.471216
0.517904
0.549874
0.575309
0.592555
2.28482
0.102855
0.307842
0.827803
1.35511
0.148191
0.135403
0.11538
0.104437
0.10078
0.100128
0.100018
0.100003
0.100002
0.100002
0.100002
0.100003
0.100003
0.100003
0.100003
0.100003
0.100004
0.100004
0.100004
0.100004
0.100005
0.100005
0.100005
0.100006
0.100006
0.100006
0.100006
0.100006
0.100006
0.100006
0.100006
0.100006
0.100006
0.100006
0.100006
0.100006
0.100005
0.100006
0.100006
0.100006
0.100006
0.100007
0.100007
0.100007
0.100007
0.100008
0.100011
0.100012
0.100007
0.100016
0.100014
0.100047
0.100044
0.100095
0.100096
0.100165
0.100181
0.100398
0.100463
0.101141
0.1013
0.103394
0.104036
0.109786
0.121981
0.261277
0.187894
0.153978
0.498641
0.496216
0.365229
0.463755
0.606886
0.58781
0.561539
0.53393
0.442509
0.547979
0.453925
0.514878
0.546818
0.573934
0.591263
1.74017
0.102365
0.232525
0.864504
1.42428
0.120872
0.110528
0.102782
0.100587
0.100101
0.100015
0.100003
0.100002
0.100002
0.100002
0.100002
0.100003
0.100003
0.100003
0.100003
0.100003
0.100004
0.100004
0.100004
0.100004
0.100005
0.100005
0.100005
0.100006
0.100006
0.100006
0.100006
0.100006
0.100006
0.100006
0.100006
0.100006
0.100006
0.100006
0.100006
0.100006
0.100006
0.100005
0.100006
0.100006
0.100007
0.100007
0.100007
0.100007
0.100007
0.10001
0.100007
0.100009
0.10002
0.100027
0.100007
0.10004
0.100033
0.100093
0.100094
0.100193
0.1002
0.100521
0.100578
0.101468
0.101609
0.10454
0.104921
0.111989
0.113755
0.127869
0.286074
0.20822
0.164912
0.500564
0.390864
0.478023
0.607526
0.588178
0.562389
0.538705
0.445204
0.590403
0.445333
0.508728
0.543826
0.571757
0.589741
1.10685
0.102133
0.155899
0.938121
1.3532
0.105004
0.1016
0.100415
0.100073
0.100009
0.100002
0.100002
0.100002
0.100002
0.100002
0.100002
0.100003
0.100003
0.100003
0.100003
0.100003
0.100004
0.100004
0.100004
0.100004
0.100005
0.100005
0.100005
0.100006
0.100006
0.100006
0.100006
0.100006
0.100006
0.100006
0.100006
0.100006
0.100006
0.100006
0.100006
0.100006
0.100006
0.100007
0.100007
0.100005
0.100007
0.100007
0.100007
0.100007
0.100007
0.100015
0.100007
0.100009
0.100011
0.100052
0.100062
0.100007
0.100085
0.100074
0.100204
0.100185
0.100622
0.100643
0.101741
0.101871
0.105267
0.10551
0.115023
0.115831
0.132704
0.136438
0.305649
0.223386
0.173013
0.505827
0.409035
0.488496
0.608335
0.588889
0.564637
0.540761
0.457765
0.649945
0.445503
0.439775
0.499726
0.538888
0.569315
0.588197
0.593093
0.146925
0.239253
1.13128
1.13226
0.100751
0.100223
0.100046
0.100006
0.100002
0.100001
0.100001
0.100002
0.100002
0.100002
0.100002
0.100003
0.100003
0.100003
0.100003
0.100003
0.100004
0.100004
0.100004
0.100004
0.100005
0.100005
0.100005
0.100006
0.100006
0.100006
0.100006
0.100006
0.100006
0.100006
0.100006
0.100006
0.100006
0.100007
0.100007
0.100006
0.100007
0.100007
0.100007
0.100007
0.100005
0.100007
0.100007
0.100007
0.100007
0.100042
0.100008
0.100007
0.100021
0.100012
0.100025
0.100094
0.100117
0.100007
0.100169
0.100144
0.100647
0.100605
0.102014
0.102052
0.105724
0.105926
0.116227
0.116662
0.138932
0.140406
0.178816
0.320331
0.234991
0.509227
0.422583
0.495401
0.608803
0.590086
0.566104
0.541858
0.482997
0.754218
0.439594
0.439467
0.494101
0.534438
0.565917
0.585853
0.476643
0.104164
0.165797
1.11492
0.862259
0.100113
0.100024
0.100004
0.100001
0.100001
0.100001
0.100001
0.100002
0.100002
0.100002
0.100002
0.100003
0.100003
0.100003
0.100003
0.100003
0.100004
0.100004
0.100004
0.100004
0.100005
0.100005
0.100005
0.100006
0.100007
0.100007
0.100006
0.100007
0.100007
0.100006
0.100007
0.100007
0.100006
0.100007
0.100007
0.100007
0.100007
0.100006
0.100007
0.100007
0.100007
0.100007
0.100005
0.100007
0.100007
0.10008
0.100007
0.10001
0.100008
0.100007
0.100049
0.100027
0.100063
0.100224
0.100328
0.100007
0.100534
0.100436
0.102043
0.101922
0.106035
0.106094
0.116673
0.116654
0.141079
0.141324
0.182802
0.185151
0.243668
0.331516
0.5117
0.433328
0.501915
0.609737
0.590798
0.567691
0.543415
0.537194
0.930366
0.436004
0.449408
0.529897
0.486783
0.562579
0.583226
0.362525
0.100703
0.122068
1.04592
0.64809
0.10001
0.100002
0.100001
0.100001
0.100001
0.100001
0.100001
0.100002
0.100002
0.100002
0.100002
0.100003
0.100003
0.100003
0.100003
0.100003
0.100004
0.100004
0.100004
0.100004
0.100005
0.100005
0.100005
0.100007
0.100006
0.100007
0.100007
0.100006
0.100007
0.100007
0.100006
0.100007
0.100007
0.100006
0.100007
0.100007
0.100007
0.100007
0.100006
0.100007
0.100007
0.100007
0.100007
0.100005
0.100139
0.100007
0.100008
0.100008
0.100019
0.100011
0.100007
0.100076
0.100059
0.1001
0.100754
0.101098
0.100007
0.101718
0.10143
0.105931
0.105648
0.116403
0.116279
0.140741
0.140149
0.186209
0.186413
0.250073
0.254024
0.340639
0.512691
0.443372
0.507047
0.610088
0.591689
0.569385
0.544311
0.649832
0.97913
0.430287
0.483393
0.558872
0.524202
0.480231
0.579921
0.243679
0.100232
0.107179
0.904257
0.485458
0.100001
0.1
0.100001
0.100001
0.100001
0.100001
0.100001
0.100002
0.100002
0.100002
0.100002
0.100003
0.100003
0.100003
0.100003
0.100003
0.100004
0.100004
0.100004
0.100004
0.100005
0.100005
0.100005
0.100007
0.100007
0.100007
0.100006
0.100007
0.100007
0.100006
0.100007
0.100007
0.100006
0.100007
0.100007
0.100006
0.100007
0.100007
0.100007
0.100007
0.100006
0.100007
0.100007
0.100007
0.100005
0.100458
0.100008
0.100007
0.100009
0.100008
0.100045
0.100023
0.100007
0.10015
0.100094
0.10025
0.102481
0.10347
0.105116
0.10437
0.115669
0.114975
0.139037
0.138183
0.184892
0.183443
0.255872
0.256618
0.347285
0.514617
0.452018
0.512997
0.61055
0.592445
0.570418
0.54864
0.769418
0.950669
0.433822
0.43127
0.559184
0.576114
0.554262
0.519442
0.474695
0.164883
0.10011
0.102752
0.735739
0.347655
0.1
0.1
0.100001
0.100001
0.100001
0.100001
0.100001
0.100002
0.100002
0.100002
0.100002
0.100003
0.100003
0.100003
0.100003
0.100003
0.100004
0.100004
0.100004
0.100004
0.100005
0.100005
0.100005
0.100007
0.100007
0.100007
0.100007
0.100006
0.100007
0.100007
0.100006
0.100007
0.100007
0.100006
0.100007
0.100007
0.100006
0.100007
0.100007
0.100007
0.100007
0.100006
0.100007
0.100007
0.100007
0.100005
0.101566
0.100008
0.100007
0.100008
0.100007
0.100014
0.100011
0.100068
0.100059
0.100432
0.100234
0.10085
0.107475
0.109905
0.11371
0.112046
0.136528
0.134836
0.180771
0.178474
0.253885
0.251857
0.351527
0.351716
0.515245
0.457762
0.516621
0.610706
0.592735
0.572472
0.552106
0.868355
0.879294
0.452638
0.426856
0.662776
0.57166
0.550485
0.513876
0.467576
0.127875
0.100067
0.101152
0.586832
0.235529
0.1
0.1
0.100001
0.100001
0.100001
0.100001
0.100001
0.100002
0.100002
0.100002
0.100002
0.100003
0.100003
0.100003
0.100003
0.100003
0.100004
0.100004
0.100004
0.100004
0.100005
0.100005
0.100005
0.100007
0.100007
0.100007
0.100007
0.100007
0.100007
0.100006
0.100007
0.100007
0.100006
0.100007
0.100007
0.100006
0.100007
0.100007
0.100006
0.100007
0.100007
0.100007
0.100007
0.100006
0.100007
0.100007
0.100007
0.100005
0.105002
0.100011
0.100007
0.100007
0.100008
0.100009
0.100031
0.10002
0.100118
0.10008
0.101389
0.100728
0.102865
0.119706
0.124711
0.132234
0.128983
0.174871
0.171221
0.247326
0.243021
0.348655
0.346658
0.456833
0.533832
0.510994
0.610708
0.593309
0.574681
0.555108
0.860752
0.773154
0.426989
0.499591
0.745108
0.568457
0.545202
0.508688
0.426832
0.465736
0.111489
0.100037
0.100432
0.462483
0.168333
0.1
0.1
0.100001
0.100001
0.100001
0.100001
0.100001
0.100002
0.100002
0.100002
0.100002
0.100003
0.100003
0.100003
0.100003
0.100003
0.100004
0.100004
0.100004
0.100004
0.100005
0.100005
0.100005
0.100007
0.100007
0.100007
0.100007
0.100007
0.100007
0.100007
0.100006
0.100007
0.100007
0.100006
0.100007
0.100007
0.100006
0.100007
0.100007
0.100006
0.100007
0.100007
0.100007
0.100007
0.100006
0.100007
0.100007
0.100007
0.100005
0.114182
0.10002
0.100007
0.100008
0.100008
0.100012
0.100055
0.100046
0.100305
0.100184
0.104443
0.102208
0.108878
0.144498
0.15322
0.166324
0.160588
0.236508
0.229533
0.341458
0.335255
0.457314
0.456297
0.527719
0.512892
0.61063
0.593948
0.576033
0.558474
0.826147
0.660023
0.435549
0.572407
0.781167
0.562886
0.541134
0.504298
0.426788
0.463895
0.104302
0.100018
0.100134
0.343321
0.130429
0.1
0.1
0.100001
0.100001
0.100001
0.100001
0.100001
0.100002
0.100002
0.100002
0.100002
0.100003
0.100003
0.100003
0.100003
0.100003
0.100004
0.100004
0.100004
0.100004
0.100005
0.100005
0.100005
0.100007
0.100007
0.100007
0.100007
0.100007
0.100007
0.100007
0.100007
0.100007
0.100006
0.100007
0.100007
0.100006
0.100007
0.100007
0.100006
0.100007
0.100007
0.100006
0.100007
0.100007
0.100007
0.100007
0.100006
0.100007
0.100007
0.100007
0.100005
0.13436
0.100052
0.100008
0.100008
0.100008
0.100009
0.100021
0.100081
0.10007
0.100894
0.100497
0.113443
0.106585
0.123738
0.186763
0.200175
0.221011
0.211651
0.325526
0.313349
0.455202
0.45005
0.515672
0.533099
0.610664
0.593657
0.577696
0.562813
0.765412
0.551584
0.460096
0.644409
0.765133
0.55937
0.536098
0.500792
0.428721
0.42718
0.461672
0.101409
0.100012
0.100034
0.233349
0.11092
0.1
0.1
0.100001
0.100001
0.100001
0.100001
0.100001
0.100002
0.100002
0.100002
0.100002
0.100003
0.100003
0.100003
0.100003
0.100003
0.100004
0.100004
0.100004
0.100004
0.100005
0.100005
0.100005
0.100007
0.100007
0.100007
0.100007
0.100007
0.100007
0.100007
0.100007
0.100007
0.100007
0.100006
0.100007
0.100007
0.100006
0.100007
0.100007
0.100006
0.100007
0.100007
0.100006
0.100007
0.100007
0.100007
0.100007
0.100006
0.100007
0.100007
0.100008
0.100005
0.170867
0.100073
0.100008
0.100008
0.100009
0.100013
0.100043
0.100161
0.100103
0.102622
0.101312
0.134317
0.118804
0.153376
0.249361
0.268245
0.299554
0.285036
0.441014
0.424008
0.518188
0.52005
0.534775
0.61014
0.594072
0.580063
0.563934
0.690498
0.447656
0.512615
0.693825
0.729908
0.553622
0.531882
0.497214
0.444158
0.428106
0.427376
0.460339
0.100339
0.100011
0.100014
0.162558
0.103291
0.1
0.1
0.100001
0.100001
0.100001
0.100001
0.100001
0.100002
0.100002
0.100002
0.100002
0.100003
0.100003
0.100003
0.100003
0.100003
0.100004
0.100004
0.100004
0.100004
0.100005
0.100005
0.100005
0.100008
0.100007
0.100007
0.100007
0.100007
0.100007
0.100007
0.100007
0.100007
0.100007
0.100007
0.100006
0.100007
0.100007
0.100006
0.100007
0.100007
0.100006
0.100007
0.100007
0.100006
0.100007
0.100007
0.100008
0.100008
0.100006
0.100008
0.100008
0.100008
0.100008
0.100005
0.227064
0.100115
0.100009
0.100008
0.100012
0.100027
0.10006
0.100477
0.100226
0.107567
0.103376
0.173032
0.145888
0.202308
0.332995
0.357963
0.403331
0.382579
0.520122
0.515805
0.537922
0.540703
0.609483
0.59422
0.580002
0.567718
0.606611
0.326289
0.568866
0.704773
0.686765
0.549733
0.527508
0.494454
0.477102
0.436821
0.427576
0.427823
0.459922
0.100064
0.100011
0.100012
0.12285
0.100717
0.1
0.1
0.100001
0.100001
0.100001
0.100001
0.100001
0.100002
0.100002
0.100002
0.100002
0.100003
0.100003
0.100003
0.100003
0.100003
0.100004
0.100004
0.100004
0.100004
0.100005
0.100005
0.100005
0.100008
0.100008
0.100008
0.100008
0.100007
0.100007
0.100008
0.100007
0.100008
0.100008
0.100007
0.100008
0.100008
0.100006
0.100008
0.100008
0.100006
0.100008
0.100008
0.100006
0.100008
0.100008
0.100006
0.100008
0.100008
0.100008
0.100008
0.100006
0.100008
0.100008
0.100008
0.100008
0.100005
0.303117
0.10027
0.100011
0.100009
0.10002
0.100046
0.100088
0.101406
0.100553
0.121312
0.108697
0.232654
0.192089
0.271355
0.437611
0.467657
0.505576
0.494625
0.544399
0.547869
0.571016
0.608802
0.59358
0.581093
0.510701
0.207001
0.613597
0.69008
0.627843
0.544303
0.523664
0.492339
0.518307
0.457504
0.432573
0.427674
0.428579
0.45952
0.100019
0.100011
0.100011
0.106556
0.100123
0.1
0.1
0.100001
0.100001
0.100001
0.100001
0.100001
0.100002
0.100002
0.100002
0.100002
0.100003
0.100003
0.100003
0.100003
0.100003
0.100004
0.100004
0.100004
0.100004
0.100005
0.100005
0.100005
0.100008
0.100008
0.100008
0.100008
0.100008
0.100007
0.100007
0.100008
0.100007
0.100008
0.100008
0.100007
0.100008
0.100008
0.100006
0.100008
0.100008
0.100006
0.100008
0.100008
0.100006
0.100008
0.100008
0.100006
0.100008
0.100008
0.100008
0.100008
0.100006
0.100008
0.100008
0.100008
0.100008
0.100009
0.100005
0.400291
0.100605
0.100019
0.100011
0.100043
0.10006
0.100183
0.103688
0.10134
0.153907
0.122051
0.313926
0.259016
0.359592
0.527924
0.540209
0.547554
0.546844
0.57255
0.55837
0.583353
0.607635
0.593255
0.398112
0.14056
0.647012
0.664815
0.547197
0.540225
0.520151
0.490317
0.55423
0.485461
0.445466
0.430552
0.428512
0.430125
0.460259
0.100012
0.100011
0.100011
0.101384
0.100027
0.1
0.1
0.100001
0.100001
0.100001
0.100001
0.100001
0.100002
0.100002
0.100002
0.100002
0.100003
0.100003
0.100003
0.100003
0.100003
0.100004
0.100004
0.100004
0.100004
0.100005
0.100005
0.100005
0.100008
0.100008
0.100008
0.100008
0.100008
0.100008
0.100007
0.100007
0.100008
0.100007
0.100008
0.100008
0.100007
0.100008
0.100008
0.100006
0.100008
0.100008
0.100006
0.100008
0.100008
0.100006
0.100008
0.100008
0.100006
0.100008
0.100008
0.100008
0.100008
0.100006
0.100008
0.100008
0.100008
0.100008
0.100008
0.10001
0.100005
0.506944
0.101373
0.100039
0.100017
0.100056
0.100082
0.100462
0.10904
0.103362
0.208495
0.15457
0.415936
0.347972
0.465448
0.563082
0.563589
0.557253
0.563005
0.575433
0.582644
0.592798
0.60666
0.260406
0.111464
0.651939
0.629703
0.440062
0.535243
0.516892
0.488773
0.597728
0.519113
0.467132
0.440166
0.430861
0.430438
0.432858
0.459754
0.100011
0.100011
0.100011
0.100229
0.100013
0.1
0.1
0.100001
0.100001
0.100001
0.100001
0.100001
0.100002
0.100002
0.100002
0.100002
0.100003
0.100003
0.100003
0.100003
0.100003
0.100004
0.100004
0.100004
0.100004
0.100005
0.100005
0.100005
0.100008
0.100008
0.100008
0.100008
0.100008
0.100008
0.100008
0.100007
0.100007
0.100008
0.100007
0.100008
0.100008
0.100007
0.100008
0.100008
0.100006
0.100008
0.100008
0.100006
0.100008
0.100008
0.100006
0.100008
0.100008
0.100006
0.100008
0.100008
0.100008
0.100008
0.100008
0.100008
0.100006
0.100008
0.100008
0.100008
0.100009
0.100015
0.100005
0.556647
0.103125
0.10005
0.100035
0.100076
0.100168
0.1012
0.121541
0.108343
0.282142
0.214846
0.516205
0.460605
0.542522
0.571282
0.569705
0.578017
0.581381
0.584053
0.591798
0.605315
0.160823
0.10239
0.639816
0.562481
0.297671
0.532212
0.513905
0.487454
0.62368
0.57334
0.504774
0.462159
0.440971
0.433356
0.433571
0.43706
0.463452
0.100011
0.100011
0.100041
0.100011
0.1
0.1
0.100001
0.100001
0.100001
0.100001
0.100001
0.100002
0.100002
0.100002
0.100002
0.100003
0.100003
0.100003
0.100003
0.100003
0.100004
0.100004
0.100004
0.100004
0.100005
0.100005
0.100005
0.100008
0.100008
0.100008
0.100008
0.100008
0.100008
0.100008
0.100008
0.100008
0.100008
0.100007
0.100007
0.100008
0.100007
0.100008
0.100008
0.100007
0.100008
0.100008
0.100006
0.100008
0.100008
0.100006
0.100008
0.100008
0.100006
0.100008
0.100008
0.100006
0.100008
0.100008
0.100008
0.100008
0.100008
0.100008
0.100006
0.100009
0.100008
0.100008
0.100013
0.100028
0.100005
0.573787
0.107359
0.10007
0.100045
0.100163
0.100404
0.102918
0.149667
0.120047
0.376145
0.296226
0.56222
0.541357
0.57201
0.583224
0.580318
0.584056
0.58402
0.590765
0.603457
0.116897
0.100382
0.615817
0.457669
0.175658
0.527685
0.51134
0.487043
0.618803
0.606842
0.568642
0.509654
0.468954
0.447935
0.439173
0.439368
0.440387
0.46304
0.100011
0.100011
0.100011
0.100015
0.100011
0.1
0.1
0.100001
0.100001
0.100001
0.100001
0.100001
0.100002
0.100002
0.100002
0.100002
0.100003
0.100003
0.100003
0.100003
0.100003
0.100004
0.100004
0.100004
0.100004
0.100005
0.100005
0.100005
0.100008
0.100008
0.100008
0.100008
0.100009
0.100009
0.100008
0.100008
0.100008
0.100008
0.100007
0.100007
0.100008
0.100007
0.100008
0.100008
0.100007
0.100008
0.100008
0.100006
0.100008
0.100008
0.100006
0.100008
0.100008
0.100006
0.100008
0.100008
0.100006
0.100008
0.100008
0.100008
0.100008
0.100008
0.100008
0.100008
0.100008
0.100006
0.10001
0.100008
0.100008
0.100023
0.100033
0.100005
0.577141
0.117052
0.100119
0.100058
0.100349
0.100992
0.106607
0.208392
0.144748
0.491415
0.397542
0.578402
0.572787
0.578305
0.582628
0.584602
0.582462
0.589067
0.587609
0.601947
0.103459
0.100061
0.565175
0.312759
0.120682
0.525353
0.509592
0.486058
0.605648
0.608409
0.601834
0.579225
0.536049
0.49127
0.46456
0.453522
0.446848
0.447633
0.466671
0.100011
0.100011
0.100011
0.100011
0.1
0.1
0.100001
0.100001
0.100001
0.100001
0.100001
0.100002
0.100002
0.100002
0.100002
0.100003
0.100003
0.100003
0.100003
0.100003
0.100004
0.100004
0.100004
0.100004
0.100005
0.100005
0.100005
0.100009
0.100008
0.100008
0.100008
0.100008
0.100009
0.100009
0.100009
0.100008
0.100008
0.100008
0.100007
0.100007
0.100008
0.100007
0.100008
0.100008
0.100007
0.100008
0.100008
0.100006
0.100008
0.100008
0.100006
0.100008
0.100008
0.100006
0.100008
0.100008
0.100006
0.100008
0.100008
0.100008
0.100008
0.100008
0.100008
0.100008
0.100006
0.100014
0.100009
0.100008
0.100032
0.100047
0.100005
0.138084
0.100275
0.100093
0.100837
0.102467
0.114652
0.295136
0.196964
0.552245
0.504402
0.581994
0.581725
0.584973
0.583636
0.581733
0.585899
0.599283
0.597313
0.100545
0.100017
0.460872
0.18044
0.104147
0.522008
0.507592
0.486205
0.556974
0.593363
0.603738
0.602513
0.592718
0.570651
0.53896
0.505421
0.449245
0.482746
0.451438
0.468159
0.100011
0.100011
0.100011
0.100011
0.100011
0.1
0.1
0.100001
0.100001
0.100001
0.100001
0.100001
0.100002
0.100002
0.100002
0.100002
0.100003
0.100003
0.100003
0.100003
0.100003
0.100004
0.100004
0.100004
0.100004
0.100005
0.100005
0.100005
0.100009
0.100009
0.100009
0.100008
0.100008
0.100008
0.100009
0.100009
0.100009
0.100008
0.100008
0.100008
0.100007
0.100007
0.100008
0.100007
0.100008
0.100008
0.100007
0.100008
0.100008
0.100006
0.100008
0.100008
0.100006
0.100008
0.100008
0.100006
0.100008
0.100008
0.100006
0.100008
0.100008
0.100008
0.100008
0.100008
0.100008
0.100008
0.100006
0.100026
0.100011
0.100009
0.100041
0.100067
0.100005
0.179639
0.100671
0.100211
0.102053
0.105705
0.132073
0.404449
0.284701
0.577996
0.557428
0.585192
0.584856
0.580451
0.591961
0.581761
0.595163
0.10008
0.100012
0.309221
0.121437
0.100621
0.520199
0.506076
0.486171
0.446881
0.539198
0.582951
0.597167
0.603436
0.601945
0.595209
0.579824
0.469753
0.565127
0.464163
0.456614
0.469808
0.100011
0.100011
0.100011
0.100011
0.100011
0.1
0.1
0.100001
0.100001
0.100001
0.100001
0.100001
0.100002
0.100002
0.100002
0.100002
0.100003
0.100003
0.100003
0.100003
0.100003
0.100004
0.100004
0.100004
0.100004
0.100005
0.100005
0.100005
0.100009
0.100009
0.100009
0.100009
0.100009
0.100008
0.100008
0.100009
0.100009
0.100009
0.100009
0.100008
0.100008
0.100008
0.100007
0.100007
0.100009
0.100007
0.100009
0.100009
0.100007
0.100009
0.100009
0.100006
0.100009
0.100009
0.100006
0.100009
0.100009
0.100006
0.100008
0.100008
0.100006
0.100008
0.100008
0.100008
0.100008
0.100009
0.100008
0.100008
0.100008
0.100006
0.100035
0.100015
0.100011
0.100051
0.100142
0.100005
0.261977
0.101652
0.100516
0.104742
0.112482
0.166906
0.507467
0.399793
0.584351
0.580428
0.585023
0.579295
0.579035
0.589658
0.100019
0.175415
0.104083
0.10009
0.517519
0.504561
0.486117
0.289752
0.411633
0.510801
0.563618
0.588516
0.598038
0.603097
0.602651
0.538829
0.600744
0.524569
0.461862
0.462118
0.470307
0.100012
0.100011
0.100011
0.100011
0.100011
0.100011
0.100011
0.1
0.1
0.100001
0.100001
0.100001
0.100001
0.100001
0.100002
0.100002
0.100002
0.100002
0.100003
0.100003
0.100003
0.100003
0.100003
0.100004
0.100004
0.100004
0.100004
0.100005
0.100005
0.100005
0.100009
0.100009
0.100009
0.100009
0.100009
0.100009
0.100009
0.100008
0.100008
0.100009
0.100009
0.100009
0.100008
0.100008
0.100008
0.100007
0.100007
0.100009
0.100007
0.100009
0.100009
0.100007
0.100009
0.100009
0.100006
0.100009
0.100009
0.100006
0.100009
0.100009
0.100006
0.100009
0.100009
0.100006
0.100009
0.100008
0.100009
0.100009
0.10001
0.100009
0.100008
0.100008
0.100006
0.100045
0.100027
0.100014
0.100098
0.100334
0.100005
0.384213
0.103856
0.101267
0.11036
0.126801
0.233184
0.558579
0.504342
0.587011
0.586571
0.58499
0.57755
0.576974
0.586186
0.118659
0.100602
0.10002
0.515354
0.50362
0.48628
0.162314
0.255052
0.3564
0.454976
0.525264
0.564016
0.583975
0.593249
0.593647
0.598417
0.501145
0.588228
0.461508
0.495269
0.474414
0.100011
0.100011
0.100011
0.100011
0.100011
0.100012
0.100011
0.1
0.1
0.100001
0.100001
0.100001
0.100001
0.100001
0.100002
0.100002
0.100002
0.100002
0.100003
0.100003
0.100003
0.100003
0.100004
0.100004
0.100004
0.100004
0.100004
0.100005
0.100005
0.100005
0.10001
0.100009
0.100009
0.100009
0.100009
0.100009
0.100009
0.100009
0.100009
0.100009
0.100008
0.100008
0.100009
0.100009
0.100008
0.100008
0.100008
0.100007
0.100007
0.100009
0.100007
0.100009
0.100009
0.100007
0.100009
0.100009
0.100006
0.100009
0.100009
0.100006
0.100009
0.100009
0.100006
0.100009
0.100009
0.100006
0.100009
0.100009
0.100009
0.100009
0.100009
0.100009
0.100012
0.100009
0.100009
0.100009
0.100006
0.100063
0.100037
0.100021
0.100205
0.100804
0.100005
0.495616
0.108464
0.102965
0.121944
0.156111
0.355635
0.580811
0.557149
0.588729
0.575637
0.584572
0.573887
0.583702
0.103373
0.100084
0.514398
0.502689
0.486805
0.114227
0.145578
0.20861
0.296708
0.375588
0.450175
0.504641
0.542762
0.599076
0.564676
0.574844
0.599137
0.479753
0.568775
0.477953
0.476554
0.100011
0.100011
0.100011
0.100011
0.100011
0.100012
0.100011
0.100019
0.100011
0.1
0.1
0.100001
0.100001
0.100001
0.100001
0.100001
0.100002
0.100002
0.100002
0.100002
0.100003
0.100003
0.100003
0.100003
0.100004
0.100004
0.100004
0.100004
0.100004
0.100005
0.100005
0.100005
0.10001
0.10001
0.10001
0.10001
0.100009
0.100009
0.100009
0.100009
0.100009
0.100009
0.100009
0.100009
0.100009
0.100008
0.100008
0.100009
0.100008
0.100008
0.100008
0.100007
0.100007
0.100009
0.100007
0.100009
0.100009
0.100007
0.100009
0.100009
0.100006
0.100009
0.100009
0.100006
0.100009
0.100009
0.100006
0.100009
0.100009
0.100009
0.100006
0.100009
0.100009
0.100009
0.100009
0.100014
0.100011
0.100009
0.100009
0.100006
0.100139
0.100049
0.100029
0.100496
0.101993
0.100005
0.553725
0.117756
0.10656
0.145571
0.211522
0.481774
0.588098
0.580668
0.570675
0.573705
0.584236
0.5799
0.100478
0.513151
0.502092
0.487678
0.102344
0.109286
0.128137
0.169823
0.228062
0.293484
0.353435
0.406056
0.576465
0.450529
0.597372
0.583303
0.555343
0.596042
0.478486
0.546699
0.478965
0.100011
0.100011
0.100011
0.100011
0.100011
0.100011
0.100017
0.100011
0.100067
0.100011
0.1
0.1
0.100001
0.100001
0.100001
0.100001
0.100001
0.100002
0.100002
0.100002
0.100002
0.100003
0.100003
0.100003
0.100003
0.100004
0.100004
0.100004
0.100004
0.100004
0.100005
0.100005
0.100005
0.10001
0.10001
0.10001
0.10001
0.10001
0.10001
0.10001
0.100009
0.100009
0.100009
0.100009
0.100009
0.100009
0.100009
0.100009
0.100009
0.100008
0.100008
0.100008
0.100008
0.100008
0.100007
0.100007
0.100009
0.100007
0.100009
0.100009
0.100007
0.100009
0.100009
0.100006
0.100009
0.100009
0.100006
0.100009
0.100009
0.100006
0.100009
0.100009
0.100009
0.100009
0.100006
0.100009
0.100009
0.100009
0.100009
0.100019
0.100012
0.10001
0.100009
0.100006
0.100291
0.10008
0.100043
0.101162
0.104704
0.100005
0.580029
0.13609
0.113641
0.18988
0.315144
0.547447
0.590033
0.58911
0.57599
0.567351
0.57139
0.58351
0.512348
0.501918
0.488609
0.100322
0.101414
0.105139
0.115384
0.136621
0.172558
0.215451
0.259641
0.486509
0.301489
0.58711
0.513073
0.592608
0.588603
0.540302
0.480453
0.590889
0.481857
0.100011
0.100011
0.100011
0.100011
0.100011
0.100011
0.100011
0.100014
0.100047
0.100011
0.100011
0.1
0.1
0.100001
0.100001
0.100001
0.100001
0.100001
0.100002
0.100002
0.100002
0.100002
0.100003
0.100003
0.100003
0.100003
0.100004
0.100004
0.100004
0.100004
0.100004
0.100005
0.100005
0.100005
0.10001
0.10001
0.10001
0.10001
0.10001
0.10001
0.10001
0.10001
0.10001
0.10001
0.100009
0.100009
0.100009
0.100009
0.100009
0.100009
0.100009
0.100009
0.100008
0.100008
0.100008
0.100008
0.100008
0.100007
0.100007
0.100009
0.100007
0.100009
0.100009
0.100007
0.100009
0.100009
0.100006
0.100009
0.100009
0.100006
0.100009
0.100009
0.100006
0.100009
0.100009
0.100009
0.100009
0.100009
0.100009
0.100006
0.100009
0.100009
0.100009
0.100028
0.100016
0.100011
0.100009
0.100006
0.100687
0.100195
0.100071
0.102725
0.110135
0.100005
0.590073
0.170738
0.127177
0.267703
0.452911
0.578854
0.591032
0.571954
0.563786
0.568833
0.582761
0.51175
0.501864
0.489981
0.100187
0.100722
0.102465
0.106785
0.116782
0.13387
0.156678
0.338621
0.182437
0.53253
0.369749
0.589038
0.545365
0.542499
0.587561
0.477014
0.589547
0.487239
0.100012
0.100011
0.100011
0.100011
0.100011
0.100011
0.100011
0.100011
0.10003
0.100011
0.100011
0.1
0.1
0.100001
0.100001
0.100001
0.100001
0.100001
0.100002
0.100002
0.100002
0.100002
0.100003
0.100003
0.100003
0.100003
0.100004
0.100004
0.100004
0.100004
0.100004
0.100005
0.100005
0.100005
0.100011
0.10001
0.10001
0.10001
0.10001
0.10001
0.10001
0.10001
0.10001
0.10001
0.10001
0.10001
0.10001
0.100009
0.100009
0.100009
0.100009
0.100009
0.100009
0.100009
0.100008
0.100008
0.100008
0.100008
0.100008
0.100007
0.100007
0.100007
0.100009
0.100009
0.100007
0.100009
0.100009
0.100006
0.100009
0.100009
0.100006
0.100009
0.100009
0.100006
0.100009
0.100009
0.100009
0.100009
0.100009
0.100009
0.100009
0.100006
0.100009
0.100009
0.100039
0.100023
0.100012
0.100009
0.100006
0.101528
0.100382
0.100179
0.106126
0.120251
0.100005
0.592335
0.231449
0.152481
0.402001
0.532958
0.59133
0.567713
0.560067
0.566138
0.581612
0.511325
0.501552
0.49187
0.100091
0.10033
0.100946
0.102725
0.106219
0.11312
0.209879
0.122049
0.39567
0.235289
0.553339
0.418651
0.526924
0.587859
0.589513
0.558418
0.530496
0.493196
0.100017
0.100011
0.100011
0.100011
0.100011
0.100011
0.100011
0.100011
0.100011
0.100011
0.100011
0.1
0.1
0.100001
0.100001
0.100001
0.100001
0.100001
0.100002
0.100002
0.100002
0.100002
0.100003
0.100003
0.100003
0.100003
0.100004
0.100004
0.100004
0.100004
0.100004
0.100005
0.100005
0.100005
0.100011
0.100011
0.10001
0.100011
0.10001
0.10001
0.10001
0.10001
0.10001
0.10001
0.10001
0.10001
0.10001
0.10001
0.10001
0.10001
0.100009
0.100009
0.100009
0.100009
0.100009
0.100009
0.100008
0.100008
0.100008
0.100008
0.100008
0.100007
0.100007
0.100007
0.100009
0.100009
0.100007
0.100009
0.100009
0.100006
0.100009
0.100009
0.100006
0.100009
0.100009
0.100006
0.100009
0.100009
0.100009
0.100009
0.100009
0.100009
0.100009
0.100009
0.100009
0.100006
0.100009
0.100065
0.100032
0.100015
0.10001
0.100006
0.103429
0.100854
0.100387
0.113104
0.138035
0.100005
0.33349
0.195745
0.501911
0.572903
0.594097
0.563351
0.556232
0.562942
0.580494
0.510781
0.502102
0.494202
0.100046
0.100112
0.100375
0.100852
0.102142
0.134066
0.103907
0.258658
0.14645
0.437521
0.278549
0.585274
0.589802
0.561476
0.451693
0.536403
0.583587
0.50016
0.100011
0.100011
0.10001
0.10001
0.100011
0.100011
0.100011
0.100011
0.100014
0.100011
0.100011
0.100011
0.1
0.1
0.100001
0.100001
0.100001
0.100001
0.100001
0.100002
0.100002
0.100002
0.100002
0.100003
0.100003
0.100003
0.100003
0.100004
0.100004
0.100004
0.100004
0.100004
0.100005
0.100005
0.100005
0.100011
0.100011
0.100011
0.100011
0.10001
0.100011
0.10001
0.10001
0.10001
0.10001
0.10001
0.10001
0.10001
0.10001
0.10001
0.10001
0.10001
0.10001
0.100009
0.100009
0.100009
0.100009
0.100009
0.100008
0.100008
0.100008
0.100008
0.100008
0.100007
0.100007
0.100007
0.100009
0.100007
0.100009
0.100009
0.100006
0.100009
0.100009
0.100006
0.100009
0.100009
0.100006
0.100009
0.100009
0.100009
0.100009
0.100009
0.100009
0.100009
0.100009
0.100009
0.100009
0.100006
0.100158
0.100048
0.100021
0.100011
0.100006
0.107232
0.101818
0.100869
0.12553
0.168225
0.100005
0.448018
0.265054
0.554831
0.590019
0.595678
0.558892
0.552149
0.560488
0.577698
0.510736
0.502864
0.497036
0.100019
0.100052
0.100105
0.100282
0.107153
0.100545
0.159877
0.110588
0.295473
0.172145
0.589991
0.5634
0.462319
0.308472
0.543505
0.584558
0.590048
0.506962
0.100011
0.10001
0.100011
0.10001
0.10001
0.100011
0.100011
0.100011
0.100011
0.100011
0.100011
0.100011
0.1
0.1
0.100001
0.100001
0.100001
0.100001
0.100001
0.100002
0.100002
0.100002
0.100002
0.100003
0.100003
0.100003
0.100003
0.100004
0.100004
0.100004
0.100004
0.100004
0.100005
0.100005
0.100005
0.100011
0.100011
0.100011
0.100011
0.100011
0.100011
0.100011
0.10001
0.100011
0.10001
0.10001
0.10001
0.10001
0.10001
0.10001
0.10001
0.10001
0.10001
0.10001
0.10001
0.10001
0.100009
0.100009
0.100009
0.100009
0.100008
0.100008
0.100008
0.100008
0.100008
0.100007
0.100007
0.100007
0.10001
0.100007
0.10001
0.10001
0.100006
0.10001
0.10001
0.100006
0.10001
0.10001
0.100006
0.100009
0.100009
0.100009
0.100009
0.10001
0.100009
0.100009
0.10001
0.100009
0.100009
0.100009
0.100006
0.100323
0.100102
0.100035
0.100013
0.100006
0.114468
0.10389
0.101828
0.146206
0.217405
0.100005
0.521954
0.371894
0.581168
0.595178
0.554295
0.549194
0.556349
0.596751
0.576212
0.510918
0.503848
0.500316
0.100014
0.100019
0.10004
0.101127
0.10007
0.115243
0.101725
0.183601
0.119607
0.564857
0.46837
0.319188
0.19252
0.550637
0.586222
0.590373
0.564628
0.514032
0.10001
0.100011
0.10001
0.100011
0.10001
0.10001
0.100011
0.100011
0.100011
0.100011
0.100011
0.100011
0.1
0.1
0.100001
0.100001
0.100001
0.100001
0.100001
0.100002
0.100002
0.100002
0.100002
0.100003
0.100003
0.100003
0.100003
0.100004
0.100004
0.100004
0.100004
0.100004
0.100005
0.100005
0.100005
0.100011
0.100011
0.100011
0.100011
0.100011
0.100011
0.100011
0.100011
0.100011
0.10001
0.100011
0.10001
0.10001
0.10001
0.10001
0.10001
0.10001
0.10001
0.10001
0.10001
0.10001
0.10001
0.100009
0.100009
0.100009
0.100009
0.100008
0.100008
0.100008
0.100008
0.100008
0.100007
0.100007
0.100007
0.100007
0.10001
0.10001
0.100006
0.10001
0.10001
0.100006
0.10001
0.10001
0.100006
0.100009
0.100009
0.100009
0.100009
0.10001
0.100018
0.10001
0.10001
0.10001
0.100009
0.100009
0.100009
0.100006
0.10068
0.100213
0.100049
0.100006
0.127152
0.107839
0.103697
0.178588
0.289448
0.100005
0.563129
0.46297
0.593113
0.551042
0.544813
0.553354
0.597715
0.572028
0.511331
0.505193
0.504062
0.100011
0.100013
0.10015
0.100016
0.102781
0.100231
0.124327
0.103748
0.472874
0.325032
0.200695
0.127912
0.55746
0.589319
0.590674
0.563584
0.47209
0.520572
0.10001
0.10001
0.100011
0.10001
0.10001
0.100011
0.100011
0.100011
0.100011
0.100011
0.100011
0.100011
0.1
0.1
0.100001
0.100001
0.100001
0.100001
0.100001
0.100002
0.100002
0.100002
0.100002
0.100003
0.100003
0.100003
0.100003
0.100004
0.100004
0.100004
0.100004
0.100004
0.100005
0.100005
0.100005
0.100011
0.100011
0.100011
0.100011
0.100011
0.100011
0.100011
0.100011
0.100011
0.100011
0.10001
0.100011
0.10001
0.10001
0.10001
0.10001
0.10001
0.10001
0.10001
0.10001
0.10001
0.10001
0.100009
0.100009
0.100009
0.100009
0.100008
0.100008
0.100008
0.100008
0.100008
0.100007
0.100007
0.100007
0.100007
0.10001
0.10001
0.100006
0.10001
0.10001
0.100006
0.10001
0.10001
0.100006
0.100009
0.100009
0.100012
0.100009
0.100026
0.100094
0.10001
0.10001
0.10001
0.10001
0.10001
0.100009
0.100009
0.100009
0.100006
0.101405
0.100406
0.100006
0.147726
0.114845
0.107096
0.2271
0.385196
0.100005
0.584324
0.526387
0.597493
0.546419
0.541674
0.548665
0.598242
0.569928
0.512023
0.506849
0.507986
0.100025
0.100011
0.100401
0.100034
0.104916
0.100556
0.329188
0.204989
0.131545
0.10584
0.564735
0.59285
0.590704
0.5612
0.469047
0.328446
0.527619
0.10001
0.10001
0.10001
0.100011
0.10001
0.10001
0.10001
0.10001
0.100011
0.100011
0.100011
0.100011
0.100011
0.100011
0.1
0.1
0.100001
0.100001
0.100001
0.100001
0.100001
0.100002
0.100002
0.100002
0.100002
0.100003
0.100003
0.100003
0.100003
0.100004
0.100004
0.100004
0.100004
0.100004
0.100005
0.100005
0.100005
0.100011
0.100011
0.100011
0.100011
0.100011
0.100011
0.100011
0.100011
0.100011
0.100011
0.10001
0.100011
0.10001
0.10001
0.10001
0.10001
0.10001
0.10001
0.10001
0.10001
0.10001
0.100009
0.100009
0.100009
0.100009
0.100008
0.100008
0.100008
0.100008
0.100008
0.100007
0.100007
0.100007
0.100007
0.10001
0.100006
0.10001
0.10001
0.100006
0.10001
0.10001
0.100006
0.10001
0.100014
0.100009
0.100042
0.100176
0.10077
0.10001
0.10001
0.10001
0.10001
0.10001
0.10001
0.10001
0.100009
0.100009
0.100009
0.100006
0.102709
0.100006
0.178197
0.126319
0.112815
0.295139
0.459038
0.100005
0.594166
0.563601
0.543157
0.537243
0.545255
0.598936
0.563912
0.513001
0.508817
0.512299
0.100011
0.100055
0.100012
0.100755
0.100074
0.207782
0.133556
0.106706
0.100921
0.573557
0.595344
0.590125
0.556317
0.461809
0.325295
0.207191
0.533552
0.10001
0.10001
0.10001
0.10001
0.100011
0.10001
0.10001
0.10001
0.100011
0.100011
0.100011
0.100011
0.100011
0.100011
0.1
0.1
0.100001
0.100001
0.100001
0.100001
0.100001
0.100002
0.100002
0.100002
0.100002
0.100003
0.100003
0.100003
0.100003
0.100004
0.100004
0.100004
0.100004
0.100004
0.100005
0.100005
0.100005
0.100011
0.100011
0.100011
0.100011
0.100011
0.100011
0.100011
0.100011
0.100011
0.100011
0.10001
0.100011
0.10001
0.10001
0.10001
0.10001
0.10001
0.10001
0.10001
0.10001
0.100009
0.100009
0.100009
0.100009
0.100008
0.100008
0.100008
0.100008
0.100008
0.100007
0.100007
0.100007
0.100007
0.10001
0.100006
0.10001
0.10001
0.100006
0.10001
0.10001
0.100006
0.100017
0.10001
0.100063
0.100303
0.101422
0.104973
0.10001
0.10001
0.10001
0.10001
0.10001
0.10001
0.10001
0.10001
0.10001
0.10001
0.100011
0.100006
0.100006
0.220754
0.143758
0.121716
0.371381
0.516234
0.100005
0.598805
0.583302
0.538686
0.534062
0.539812
0.599036
0.559789
0.514276
0.511078
0.516516
0.100014
0.100101
0.100016
0.134457
0.107304
0.101059
0.100122
0.582812
0.597491
0.588663
0.549131
0.450412
0.318589
0.204579
0.13405
0.539253
0.10001
0.10001
0.10001
0.10001
0.10001
0.100011
0.10001
0.10001
0.10001
0.100011
0.100011
0.100011
0.100011
0.100011
0.1
0.1
0.100001
0.100001
0.100001
0.100001
0.100001
0.100002
0.100002
0.100002
0.100002
0.100003
0.100003
0.100003
0.100003
0.100004
0.100004
0.100004
0.100004
0.100004
0.100005
0.100005
0.100005
0.100011
0.100011
0.100011
0.100011
0.100011
0.100011
0.100011
0.10001
0.100011
0.10001
0.10001
0.10001
0.10001
0.10001
0.10001
0.10001
0.100009
0.100009
0.100009
0.100009
0.100008
0.100008
0.100008
0.100008
0.100008
0.100007
0.100007
0.100007
0.100007
0.100006
0.10001
0.10001
0.100006
0.10001
0.10001
0.100006
0.100021
0.100086
0.100508
0.102464
0.108671
0.10001
0.10001
0.10001
0.10001
0.10001
0.10001
0.10001
0.10001
0.100012
0.100013
0.100028
0.100006
0.100006
0.275397
0.168112
0.134679
0.432145
0.553436
0.100005
0.592336
0.535549
0.529584
0.535334
0.598782
0.556334
0.515844
0.513549
0.520797
0.100019
0.100011
0.107351
0.101156
0.100142
0.100021
0.588831
0.598841
0.586319
0.537355
0.434459
0.3084
0.199495
0.132676
0.107168
0.548671
0.10001
0.10001
0.10001
0.10001
0.100011
0.10001
0.100011
0.1
0.1
0.100001
0.100001
0.100001
0.100001
0.100001
0.100002
0.100002
0.100002
0.100002
0.100003
0.100003
0.100003
0.100003
0.100004
0.100004
0.100004
0.100004
0.100004
0.100005
0.100005
0.100005
0.100011
0.100011
0.100011
0.100011
0.10001
0.100011
0.10001
0.10001
0.10001
0.10001
0.10001
0.10001
0.100009
0.100009
0.100009
0.100009
0.100008
0.100008
0.100008
0.100008
0.100008
0.100007
0.100007
0.100007
0.100007
0.100006
0.10001
0.10001
0.100006
0.100006
0.100138
0.100817
0.104041
0.114154
0.10001
0.10001
0.10001
0.10001
0.10001
0.100011
0.100014
0.100016
0.100038
0.100051
0.100211
0.100006
0.100006
0.336999
0.199983
0.151904
0.480957
0.575109
0.596325
0.531303
0.526218
0.531405
0.596615
0.517682
0.516246
0.526646
0.100011
0.101136
0.10015
0.100023
0.100011
0.595512
0.597493
0.579016
0.522201
0.414554
0.293343
0.191516
0.129865
0.106668
0.101075
0.594334
0.10001
0.10001
0.1
0.1
0.100001
0.100001
0.100001
0.100001
0.100001
0.100002
0.100002
0.100002
0.100002
0.100003
0.100003
0.100003
0.100003
0.100004
0.100004
0.100004
0.100004
0.100004
0.100005
0.100005
0.100011
0.100011
0.100011
0.100011
0.10001
0.10001
0.10001
0.10001
0.100009
0.100009
0.100009
0.100009
0.100008
0.100008
0.100008
0.100008
0.100008
0.100007
0.100007
0.100007
0.100007
0.100006
0.100006
0.100006
0.101261
0.106276
0.121737
0.100011
0.100011
0.100011
0.100019
0.100021
0.100068
0.100088
0.10031
0.100435
0.101862
0.100006
0.389463
0.238001
0.173521
0.518109
0.588789
0.59698
0.528279
0.523122
0.519788
0.520019
0.100146
0.100024
0.594581
0.5663
0.500374
0.389588
0.274596
0.180787
0.125975
0.105673
0.100958
0.100136
0.1
0.1
0.100001
0.100001
0.100001
0.100001
0.100001
0.100002
0.100002
0.100002
0.100002
0.100003
0.100003
0.100003
0.100003
0.100004
0.100004
0.100004
0.100004
0.100004
0.100005
0.100011
0.100011
0.100011
0.100011
0.10001
0.10001
0.10001
0.10001
0.100009
0.100009
0.100009
0.100009
0.100008
0.100008
0.100008
0.100008
0.100008
0.100007
0.100007
0.100007
0.100007
0.100006
0.100006
0.100006
0.109264
0.13146
0.100023
0.100112
0.100589
0.100771
0.102641
0.103557
0.112883
0.435419
0.282247
0.198628
0.548076
0.525484
0.522898
0.472016
0.359622
0.25172
0.168753
0.12152
0.104605
0.1
0.1
0.100001
0.100001
0.100001
0.100001
0.100001
0.100002
0.100002
0.100002
0.100002
0.100003
0.100003
0.100003
0.100003
0.100004
0.100004
0.100004
0.100004
0.100004
0.100011
0.100011
0.100011
0.100011
0.10001
0.10001
0.10001
0.10001
0.100009
0.100009
0.100009
0.100009
0.100008
0.100008
0.100008
0.100008
0.100008
0.100007
0.100007
0.100007
0.100007
0.100006
0.100006
0.143145
0.117102
0.155765
0.324494
0.225679
0.1
0.1
0.100001
0.100001
0.100001
0.100001
0.100001
0.100002
0.100002
0.100002
0.100002
0.100003
0.100003
0.100003
0.100003
0.100004
0.100004
0.100004
0.100004
0.100011
0.100011
0.100011
0.100011
0.10001
0.10001
0.10001
0.10001
0.100009
0.100009
0.100009
0.100009
0.100008
0.100008
0.100008
0.100008
0.100008
0.100007
0.100007
0.100007
0.100007
0.100006
0.1
0.1
0.100001
0.100001
0.100001
0.100001
0.100001
0.100002
0.100002
0.100002
0.100002
0.100003
0.100003
0.100003
0.100003
0.100004
0.100004
0.100004
0.100011
0.100011
0.100011
0.100011
0.10001
0.10001
0.10001
0.10001
0.100009
0.100009
0.100009
0.100009
0.100008
0.100008
0.100008
0.100008
0.100008
0.100007
0.100007
0.100007
0.100007
0.1
0.1
0.100001
0.100001
0.100001
0.100001
0.100001
0.100002
0.100002
0.100002
0.100002
0.100003
0.100003
0.100003
0.100003
0.100004
0.100004
0.100011
0.100011
0.100011
0.100011
0.10001
0.10001
0.10001
0.10001
0.100009
0.100009
0.100009
0.100009
0.100008
0.100008
0.100008
0.100008
0.100008
0.100007
0.100007
0.100007
0.1
0.1
0.100001
0.100001
0.100001
0.100001
0.100001
0.100002
0.100002
0.100002
0.100002
0.100003
0.100003
0.100003
0.100003
0.100004
0.100011
0.100011
0.100011
0.100011
0.10001
0.10001
0.10001
0.10001
0.100009
0.100009
0.100009
0.100009
0.100009
0.100008
0.100008
0.100008
0.100008
0.100007
0.100007
0.1
0.1
0.100001
0.100001
0.100001
0.100001
0.100001
0.100002
0.100002
0.100002
0.100002
0.100003
0.100003
0.100003
0.100003
0.100011
0.100011
0.100011
0.100011
0.10001
0.10001
0.10001
0.10001
0.100009
0.100009
0.100009
0.100009
0.100009
0.100008
0.100008
0.100008
0.100008
0.100007
0.1
0.1
0.100001
0.100001
0.100001
0.100001
0.100001
0.100002
0.100002
0.100002
0.100002
0.100003
0.100003
0.100003
0.100011
0.100011
0.100011
0.100011
0.10001
0.10001
0.10001
0.10001
0.100009
0.100009
0.100009
0.100009
0.100009
0.100008
0.100008
0.100008
0.100008
0.1
0.1
0.100001
0.100001
0.100001
0.100001
0.100001
0.100002
0.100002
0.100002
0.100002
0.100003
0.100003
0.100011
0.100011
0.100011
0.100011
0.10001
0.10001
0.10001
0.10001
0.100009
0.100009
0.100009
0.100009
0.100009
0.100008
0.100008
0.100008
0.1
0.1
0.100001
0.100001
0.100001
0.100001
0.100001
0.100002
0.100002
0.100002
0.100002
0.100003
0.100011
0.100011
0.100011
0.100011
0.10001
0.10001
0.10001
0.10001
0.100009
0.100009
0.100009
0.100009
0.100009
0.100008
0.100008
0.1
0.1
0.100001
0.100001
0.100001
0.100001
0.100001
0.100002
0.100002
0.100002
0.100002
0.100011
0.100011
0.100011
0.100011
0.10001
0.10001
0.10001
0.10001
0.100009
0.100009
0.100009
0.100009
0.100009
0.100008
0.1
0.1
0.100001
0.100001
0.100001
0.100001
0.100001
0.100002
0.100002
0.100002
0.100011
0.100011
0.100011
0.100011
0.10001
0.10001
0.10001
0.10001
0.100009
0.100009
0.100009
0.100009
0.100009
0.1
0.1
0.100001
0.100001
0.100001
0.100001
0.100001
0.100002
0.100002
0.100011
0.100011
0.100011
0.100011
0.10001
0.10001
0.10001
0.10001
0.100009
0.100009
0.100009
0.100009
0.1
0.1
0.100001
0.100001
0.100001
0.100001
0.100001
0.100002
0.100011
0.100011
0.100011
0.100011
0.10001
0.10001
0.10001
0.10001
0.100009
0.100009
0.100009
0.1
0.1
0.100001
0.100001
0.100001
0.100001
0.100001
0.100011
0.100011
0.100011
0.100011
0.10001
0.10001
0.10001
0.10001
0.100009
0.100009
0.1
0.1
0.100001
0.100001
0.100001
0.100001
0.100011
0.100011
0.100011
0.100011
0.10001
0.10001
0.10001
0.10001
0.100009
0.1
0.1
0.100001
0.100001
0.100001
0.100011
0.100011
0.100011
0.100011
0.10001
0.10001
0.10001
0.10001
0.1
0.1
0.100001
0.100001
0.100011
0.100011
0.100011
0.100011
0.10001
0.10001
0.10001
0.1
0.1
0.100001
0.100011
0.100011
0.100011
0.100011
0.10001
0.10001
0.1
0.1
0.100011
0.100011
0.100011
0.100011
0.10001
0.1
0.100011
0.100011
0.100011
0.100011
0.100011
0.100011
0.100011
0.100011
0.100011
0.100011
)
;

boundaryField
{
    lowerOutlet
    {
        type            calculated;
        value           nonuniform List<scalar> 
146
(
0.100011
0.100011
0.100011
0.100011
0.100011
0.100011
0.100011
0.100011
0.100011
0.100011
0.100011
0.100011
0.100011
0.100011
0.100011
0.100011
0.100011
0.100011
0.100011
0.100011
0.100011
0.100011
0.100011
0.100011
0.100011
0.100011
0.100011
0.100011
0.100011
0.100011
0.100011
0.100011
0.100011
0.100011
0.100011
0.100011
0.100011
0.100011
0.100011
0.100046
0.114131
0.164077
0.115446
0.15875
0.158121
0.107682
0.10007
0.100339
0.824691
0.110358
0.146925
0.10011
0.100012
0.100011
0.100011
0.100011
0.100011
0.100011
0.100011
0.100011
0.100011
0.100011
0.100011
0.100011
0.100011
0.100011
0.100011
0.100011
0.100011
0.100011
0.100011
0.100011
0.100011
0.100011
0.100011
0.100011
0.100011
0.100011
0.100011
0.100011
0.100011
0.100011
0.100011
0.100011
0.100011
0.100011
0.100011
0.100011
0.100011
0.100011
0.100011
0.100011
0.100011
0.100011
0.100011
0.100011
0.100011
0.100012
0.101311
0.153486
0.123449
0.121863
0.168575
0.120274
0.100221
0.100029
0.237596
2.27335
0.102133
0.100232
0.100018
0.100011
0.100011
0.100011
0.100011
0.100011
0.100011
0.100011
0.100011
0.100011
0.138072
0.102946
0.100028
0.106419
0.102855
0.104164
0.100067
0.100011
0.100011
0.100011
0.100011
0.168523
0.117392
0.100887
0.10002
0.191159
0.102365
0.100703
0.100037
0.100011
0.100011
0.100011
0.100011
0.100011
0.100011
0.100011
)
;
    }
    top
    {
        type            calculated;
        value           nonuniform List<scalar> 
100
(
0.1
0.100002
0.100004
0.100005
0.100006
0.100007
0.100009
0.10001
0.100012
0.10001
0.100007
0.100005
0.100003
0.100012
0.100107
0.100736
0.103512
0.11169
0.126914
0.144753
0.160217
0.170182
0.174751
0.175809
0.173765
0.17
0.165432
0.160377
0.154758
0.148569
0.141913
0.134971
0.128279
0.122643
0.120581
0.12665
0.145596
0.167544
0.177799
0.17893
0.169322
0.148191
0.120872
0.105004
0.100751
0.100113
0.10001
0.100001
0.1
0.1
0.1
0.1
0.1
0.1
0.1
0.1
0.1
0.1
0.1
0.1
0.1
0.1
0.1
0.1
0.1
0.1
0.1
0.1
0.1
0.1
0.1
0.1
0.1
0.1
0.1
0.1
0.1
0.1
0.1
0.1
0.1
0.1
0.1
0.1
0.1
0.1
0.1
0.1
0.1
0.1
0.1
0.1
0.1
0.1
0.1
0.1
0.1
0.1
0.1
0.1
)
;
    }
    sides
    {
        type            calculated;
        value           nonuniform List<scalar> 
100
(
0.100011
0.100011
0.100011
0.100011
0.10001
0.10001
0.10001
0.10001
0.100009
0.100009
0.100009
0.100009
0.100009
0.100008
0.100008
0.100008
0.100008
0.100007
0.100007
0.100007
0.100007
0.100006
0.100006
0.100006
0.100006
0.100006
0.100005
0.100005
0.100005
0.100005
0.100004
0.100004
0.100004
0.100004
0.100004
0.100003
0.100003
0.100003
0.100003
0.100002
0.100002
0.100002
0.100002
0.100001
0.100001
0.100001
0.100001
0.100001
0.1
0.1
0.100011
0.100011
0.100011
0.100011
0.10001
0.10001
0.10001
0.10001
0.100009
0.100009
0.100009
0.100009
0.100009
0.100008
0.100008
0.100008
0.100008
0.100007
0.100007
0.100007
0.100007
0.100006
0.100006
0.100006
0.100006
0.100006
0.100005
0.100005
0.100005
0.100005
0.100004
0.100004
0.100004
0.100004
0.100004
0.100003
0.100003
0.100003
0.100003
0.100002
0.100002
0.100002
0.100002
0.100001
0.100001
0.100001
0.100001
0.100001
0.1
0.1
)
;
    }
    front
    {
        type            empty;
    }
    back
    {
        type            empty;
    }
    roller
    {
        type            calculated;
        value           nonuniform List<scalar> 
142
(
0.594977
0.576114
0.584439
0.576549
0.512348
0.531303
0.601127
0.603598
0.608803
0.599283
0.596394
0.594978
0.589741
0.594598
0.579921
0.544303
0.527685
0.568486
0.513151
0.568046
0.592699
0.600304
0.558892
0.602783
0.563351
0.606001
0.591961
0.601947
0.590841
0.591531
0.57166
0.540225
0.525353
0.571337
0.570135
0.51175
0.598398
0.61014
0.597313
0.596395
0.595498
0.591263
0.583226
0.585647
0.592588
0.562886
0.568457
0.549733
0.571626
0.568966
0.514398
0.567467
0.591018
0.596728
0.59761
0.538686
0.543157
0.605417
0.606886
0.595163
0.596298
0.594344
0.588197
0.567941
0.510736
0.513001
0.519788
0.522898
0.594135
0.595504
0.610706
0.60666
0.588797
0.510781
0.569476
0.574312
0.512023
0.576592
0.584183
0.517682
0.586234
0.58931
0.528279
0.535549
0.57599
0.5799
0.608335
0.61055
0.607635
0.595946
0.596046
0.592555
0.585853
0.583243
0.579583
0.575398
0.520199
0.517519
0.515354
0.567811
0.510918
0.514276
0.551042
0.546419
0.601833
0.567713
0.571954
0.60408
0.583702
0.586186
0.609737
0.610708
0.609483
0.610664
0.605315
0.588129
0.55937
0.553622
0.580474
0.535243
0.532212
0.57351
0.522008
0.511325
0.570689
0.572397
0.511331
0.579112
0.581438
0.515844
0.525484
0.599082
0.599862
0.554295
0.602309
0.604717
0.607526
0.589658
0.610088
0.61063
0.608802
0.603457
)
;
    }
    burner
    {
        type            calculated;
        value           nonuniform List<scalar> 
14
(
3.16641
3.23205
3.25749
3.1192
3.22227
3.25203
2.52674
3.19421
3.24106
3.26189
2.88234
3.20989
3.24671
3.29272
)
;
    }
}


// ************************************************************************* //
