/*--------------------------------*- C++ -*----------------------------------*\
  =========                 |
  \\      /  F ield         | OpenFOAM: The Open Source CFD Toolbox
   \\    /   O peration     | Website:  https://openfoam.org
    \\  /    A nd           | Version:  dev
     \\/     M anipulation  |
\*---------------------------------------------------------------------------*/
FoamFile
{
    version     2.0;
    format      ascii;
    class       volScalarField;
    location    "2500";
    object      N2;
}
// * * * * * * * * * * * * * * * * * * * * * * * * * * * * * * * * * * * * * //

dimensions      [0 0 0 0 0 0 0];

internalField   nonuniform List<scalar> 
9834
(
0.76699
0.76699
0.76699
0.76699
0.76699
0.76699
0.76699
0.76699
0.76699
0.76699
0.76699
0.76699
0.76699
0.76699
0.76699
0.76699
0.76699
0.76699
0.76699
0.76699
0.76699
0.76699
0.76699
0.76699
0.76699
0.76699
0.76699
0.76699
0.76699
0.76699
0.76699
0.76699
0.76699
0.76699
0.76699
0.76699
0.76699
0.76699
0.76699
0.76699
0.76699
0.76699
0.76699
0.76699
0.76699
0.76699
0.76699
0.76699
0.76699
0.76699
0.76699
0.76699
0.76699
0.76699
0.76699
0.76699
0.76699
0.76699
0.76699
0.76699
0.76699
0.76699
0.76699
0.76699
0.76699
0.76699
0.76699
0.76699
0.76699
0.76699
0.76699
0.76699
0.76699
0.76699
0.76699
0.76699
0.76699
0.76699
0.76699
0.76699
0.76699
0.76699
0.76699
0.76699
0.76699
0.76699
0.76699
0.76699
0.76699
0.76699
0.76699
0.76699
0.76699
0.76699
0.76699
0.76699
0.76699
0.76699
0.76699
0.76699
0.76699
0.76699
0.76699
0.76699
0.76699
0.76699
0.76699
0.76699
0.76699
0.76699
0.76699
0.76699
0.76699
0.76699
0.76699
0.76699
0.76699
0.76699
0.76699
0.76699
0.76699
0.76699
0.76699
0.76699
0.76699
0.76699
0.76699
0.76699
0.76699
0.76699
0.76699
0.76699
0.76699
0.76699
0.76699
0.76699
0.76699
0.76699
0.76699
0.76699
0.76699
0.76699
0.76699
0.76699
0.76699
0.76699
0.76699
0.76699
0.76699
0.76699
0.76699
0.76699
0.76699
0.76699
0.76699
0.76699
0.76699
0.76699
0.76699
0.76699
0.76699
0.76699
0.76699
0.76699
0.76699
0.76699
0.76699
0.76699
0.76699
0.76699
0.76699
0.76699
0.76699
0.76699
0.76699
0.76699
0.76699
0.76699
0.76699
0.76699
0.76699
0.76699
0.76699
0.76699
0.76699
0.76699
0.76699
0.76699
0.76699
0.76699
0.76699
0.76699
0.76699
0.76699
0.76699
0.76699
0.76699
0.76699
0.76699
0.76699
0.76699
0.76699
0.76699
0.76699
0.76699
0.76699
0.76699
0.76699
0.76699
0.76699
0.76699
0.76699
0.76699
0.76699
0.76699
0.76699
0.76699
0.76699
0.76699
0.76699
0.76699
0.76699
0.76699
0.76699
0.76699
0.76699
0.76699
0.76699
0.76699
0.76699
0.76699
0.76699
0.76699
0.76699
0.76699
0.76699
0.76699
0.76699
0.76699
0.76699
0.76699
0.76699
0.76699
0.76699
0.76699
0.76699
0.76699
0.76699
0.76699
0.76699
0.76699
0.76699
0.76699
0.76699
0.76699
0.76699
0.76699
0.76699
0.76699
0.76699
0.76699
0.76699
0.76699
0.76699
0.76699
0.76699
0.76699
0.76699
0.76699
0.76699
0.76699
0.76699
0.76699
0.76699
0.76699
0.76699
0.76699
0.76699
0.76699
0.76699
0.76699
0.76699
0.76699
0.76699
0.76699
0.76699
0.76699
0.76699
0.76699
0.76699
0.76699
0.76699
0.76699
0.76699
0.76699
0.76699
0.76699
0.76699
0.76699
0.76699
0.76699
0.76699
0.76699
0.76699
0.76699
0.76699
0.76699
0.76699
0.76699
0.76699
0.76699
0.76699
0.76699
0.76699
0.76699
0.76699
0.76699
0.76699
0.76699
0.76699
0.76699
0.76699
0.76699
0.76699
0.76699
0.76699
0.76699
0.76699
0.76699
0.76699
0.76699
0.76699
0.76699
0.76699
0.76699
0.76699
0.76699
0.76699
0.76699
0.76699
0.76699
0.76699
0.76699
0.76699
0.76699
0.76699
0.76699
0.76699
0.76699
0.76699
0.76699
0.76699
0.76699
0.76699
0.76699
0.76699
0.76699
0.76699
0.76699
0.76699
0.76699
0.76699
0.76699
0.76699
0.76699
0.76699
0.76699
0.76699
0.76699
0.76699
0.76699
0.76699
0.76699
0.76699
0.76699
0.76699
0.76699
0.76699
0.76699
0.76699
0.76699
0.76699
0.76699
0.76699
0.76699
0.76699
0.76699
0.76699
0.76699
0.76699
0.76699
0.76699
0.76699
0.76699
0.76699
0.76699
0.76699
0.76699
0.76699
0.76699
0.76699
0.76699
0.76699
0.76699
0.76699
0.76699
0.76699
0.76699
0.76699
0.76699
0.76699
0.76699
0.76699
0.76699
0.76699
0.76699
0.76699
0.76699
0.76699
0.76699
0.76699
0.76699
0.76699
0.76699
0.76699
0.76699
0.76699
0.76699
0.76699
0.76699
0.76699
0.76699
0.76699
0.76699
0.76699
0.76699
0.76699
0.76699
0.76699
0.76699
0.76699
0.76699
0.76699
0.76699
0.76699
0.76699
0.76699
0.76699
0.76699
0.76699
0.76699
0.76699
0.76699
0.76699
0.76699
0.76699
0.76699
0.76699
0.76699
0.76699
0.76699
0.76699
0.76699
0.76699
0.76699
0.76699
0.76699
0.76699
0.76699
0.76699
0.76699
0.76699
0.76699
0.76699
0.76699
0.76699
0.76699
0.76699
0.76699
0.76699
0.76699
0.76699
0.76699
0.76699
0.76699
0.76699
0.76699
0.76699
0.76699
0.76699
0.76699
0.76699
0.76699
0.76699
0.76699
0.76699
0.76699
0.76699
0.76699
0.76699
0.76699
0.76699
0.76699
0.76699
0.76699
0.76699
0.76699
0.76699
0.76699
0.76699
0.76699
0.76699
0.76699
0.76699
0.76699
0.76699
0.76699
0.76699
0.76699
0.76699
0.76699
0.76699
0.76699
0.76699
0.76699
0.76699
0.76699
0.76699
0.76699
0.76699
0.76699
0.76699
0.76699
0.76699
0.76699
0.76699
0.76699
0.76699
0.76699
0.76699
0.76699
0.76699
0.76699
0.76699
0.76699
0.76699
0.76699
0.76699
0.76699
0.76699
0.76699
0.76699
0.76699
0.76699
0.76699
0.76699
0.76699
0.76699
0.76699
0.76699
0.76699
0.76699
0.76699
0.76699
0.76699
0.76699
0.76699
0.76699
0.76699
0.76699
0.76699
0.76699
0.76699
0.76699
0.76699
0.76699
0.76699
0.76699
0.76699
0.76699
0.76699
0.76699
0.76699
0.76699
0.76699
0.76699
0.76699
0.76699
0.76699
0.76699
0.76699
0.76699
0.76699
0.76699
0.76699
0.76699
0.76699
0.76699
0.76699
0.76699
0.76699
0.76699
0.76699
0.76699
0.76699
0.76699
0.76699
0.76699
0.76699
0.76699
0.76699
0.76699
0.76699
0.76699
0.76699
0.76699
0.76699
0.76699
0.76699
0.76699
0.76699
0.76699
0.76699
0.76699
0.76699
0.76699
0.76699
0.76699
0.76699
0.76699
0.76699
0.76699
0.76699
0.76699
0.76699
0.76699
0.76699
0.76699
0.76699
0.76699
0.76699
0.76699
0.76699
0.76699
0.76699
0.76699
0.76699
0.76699
0.76699
0.76699
0.76699
0.76699
0.76699
0.76699
0.76699
0.76699
0.76699
0.76699
0.76699
0.76699
0.76699
0.76699
0.76699
0.76699
0.76699
0.76699
0.76699
0.76699
0.76699
0.76699
0.76699
0.76699
0.76699
0.76699
0.76699
0.76699
0.76699
0.76699
0.76699
0.76699
0.76699
0.76699
0.76699
0.76699
0.76699
0.76699
0.76699
0.76699
0.76699
0.76699
0.76699
0.76699
0.76699
0.76699
0.76699
0.766989
0.766989
0.766989
0.76699
0.76699
0.76699
0.76699
0.76699
0.76699
0.76699
0.76699
0.76699
0.76699
0.76699
0.76699
0.76699
0.76699
0.76699
0.76699
0.76699
0.76699
0.76699
0.76699
0.76699
0.76699
0.76699
0.76699
0.76699
0.76699
0.76699
0.76699
0.76699
0.76699
0.76699
0.76699
0.76699
0.76699
0.76699
0.76699
0.76699
0.766989
0.766988
0.766986
0.766984
0.766984
0.766986
0.766988
0.76699
0.76699
0.76699
0.76699
0.76699
0.76699
0.76699
0.76699
0.76699
0.76699
0.76699
0.76699
0.76699
0.76699
0.76699
0.76699
0.76699
0.76699
0.76699
0.76699
0.76699
0.76699
0.76699
0.76699
0.76699
0.76699
0.76699
0.76699
0.76699
0.76699
0.76699
0.76699
0.76699
0.76699
0.76699
0.76699
0.76699
0.766989
0.766986
0.766978
0.766969
0.766963
0.766969
0.766979
0.766986
0.766989
0.76699
0.76699
0.76699
0.76699
0.76699
0.76699
0.76699
0.76699
0.76699
0.76699
0.76699
0.76699
0.76699
0.76699
0.76699
0.76699
0.76699
0.76699
0.76699
0.76699
0.76699
0.76699
0.76699
0.76699
0.76699
0.76699
0.76699
0.76699
0.76699
0.76699
0.76699
0.76699
0.76699
0.76699
0.76699
0.76699
0.76699
0.766988
0.766982
0.766967
0.766939
0.766913
0.766908
0.766934
0.766965
0.766982
0.766988
0.76699
0.76699
0.76699
0.76699
0.76699
0.76699
0.76699
0.76699
0.76699
0.76699
0.76699
0.76699
0.76699
0.76699
0.76699
0.76699
0.76699
0.76699
0.76699
0.76699
0.76699
0.76699
0.76699
0.76699
0.76699
0.76699
0.76699
0.76699
0.76699
0.76699
0.76699
0.76699
0.76699
0.76699
0.76699
0.76699
0.76699
0.76699
0.766988
0.76698
0.766955
0.766907
0.76685
0.766812
0.766821
0.766887
0.76695
0.766979
0.766987
0.766989
0.76699
0.76699
0.76699
0.76699
0.76699
0.76699
0.76699
0.76699
0.76699
0.76699
0.76699
0.76699
0.76699
0.76699
0.76699
0.76699
0.76699
0.76699
0.76699
0.76699
0.76699
0.76699
0.76699
0.76699
0.76699
0.76699
0.76699
0.76699
0.76699
0.76699
0.76699
0.76699
0.76699
0.76699
0.76699
0.76699
0.76699
0.76699
0.766988
0.766978
0.766947
0.766883
0.766798
0.766723
0.766691
0.766733
0.766849
0.766945
0.766979
0.766987
0.766989
0.76699
0.766989
0.766989
0.766988
0.766989
0.766986
0.766989
0.766986
0.766989
0.766987
0.76699
0.766989
0.76699
0.76699
0.76699
0.76699
0.76699
0.76699
0.76699
0.76699
0.76699
0.76699
0.76699
0.76699
0.76699
0.76699
0.76699
0.76699
0.76699
0.76699
0.76699
0.76699
0.76699
0.76699
0.76699
0.76699
0.76699
0.76699
0.76699
0.766988
0.766978
0.766942
0.766869
0.766772
0.766674
0.766596
0.76658
0.766669
0.766841
0.76695
0.766981
0.766988
0.766988
0.766987
0.766985
0.766979
0.766981
0.766969
0.766979
0.766963
0.76698
0.766963
0.766984
0.766971
0.766988
0.766981
0.766987
0.76699
0.766987
0.766987
0.76699
0.76699
0.76699
0.76699
0.76699
0.76699
0.76699
0.76699
0.76699
0.76699
0.76699
0.76699
0.76699
0.76699
0.76699
0.76699
0.76699
0.76699
0.76699
0.76699
0.76699
0.76699
0.76699
0.766988
0.766979
0.766942
0.766861
0.76677
0.766677
0.766573
0.766494
0.766505
0.766656
0.766863
0.76696
0.766983
0.766986
0.766984
0.766973
0.766963
0.766949
0.766919
0.766929
0.766874
0.766925
0.766849
0.766936
0.766859
0.766958
0.766898
0.766977
0.766943
0.766974
0.766988
0.766974
0.766976
0.76699
0.766989
0.76699
0.76699
0.76699
0.76699
0.76699
0.76699
0.76699
0.76699
0.76699
0.76699
0.76699
0.76699
0.76699
0.76699
0.76699
0.76699
0.76699
0.76699
0.76699
0.76699
0.76699
0.766989
0.766981
0.766946
0.766865
0.766789
0.766722
0.766608
0.766487
0.766414
0.766488
0.766697
0.766905
0.766971
0.766978
0.766986
0.766955
0.766941
0.766884
0.766845
0.766806
0.766732
0.76675
0.76664
0.766734
0.766589
0.766768
0.766593
0.766852
0.766665
0.766928
0.766805
0.76692
0.766979
0.766921
0.766931
0.766989
0.766984
0.76699
0.76699
0.76699
0.76699
0.76699
0.76699
0.76699
0.76699
0.76699
0.76699
0.76699
0.76699
0.76699
0.76699
0.76699
0.76699
0.76699
0.76699
0.76699
0.76699
0.76699
0.766989
0.766984
0.766955
0.766876
0.76681
0.766775
0.766705
0.766551
0.766403
0.766379
0.766538
0.766783
0.766943
0.766931
0.766931
0.7669
0.766808
0.766769
0.76666
0.766592
0.766529
0.766426
0.76644
0.766297
0.766406
0.766221
0.766441
0.766213
0.766563
0.766294
0.766768
0.766478
0.766753
0.766947
0.766764
0.766795
0.766987
0.766965
0.76699
0.766989
0.76699
0.76699
0.76699
0.76699
0.76699
0.76699
0.76699
0.76699
0.76699
0.76699
0.76699
0.76699
0.76699
0.76699
0.76699
0.76699
0.76699
0.76699
0.76699
0.766989
0.766986
0.766964
0.766893
0.766824
0.766805
0.76678
0.766672
0.766453
0.766327
0.76641
0.766655
0.766878
0.766896
0.766672
0.766641
0.766735
0.766702
0.766532
0.766476
0.766334
0.766251
0.766164
0.766046
0.766044
0.765882
0.765987
0.765782
0.766017
0.765757
0.766161
0.765843
0.766418
0.766054
0.766396
0.766846
0.766418
0.766488
0.766979
0.766905
0.76699
0.766987
0.76699
0.76699
0.76699
0.76699
0.76699
0.76699
0.76699
0.76699
0.76699
0.76699
0.76699
0.76699
0.76699
0.76699
0.76699
0.76699
0.76699
0.76699
0.76699
0.76699
0.766987
0.766972
0.766912
0.766834
0.766819
0.766827
0.766765
0.76656
0.766319
0.766319
0.766534
0.766788
0.766844
0.766608
0.766582
0.766352
0.766319
0.766429
0.766388
0.76618
0.766115
0.765942
0.765852
0.76574
0.765612
0.765586
0.765426
0.765509
0.765316
0.765529
0.765283
0.765685
0.765343
0.765984
0.765563
0.765959
0.76661
0.765983
0.76606
0.766954
0.766753
0.76699
0.766982
0.76699
0.76699
0.76699
0.76699
0.76699
0.76699
0.76699
0.76699
0.76699
0.76699
0.76699
0.76699
0.76699
0.76699
0.76699
0.76699
0.76699
0.76699
0.76699
0.76699
0.766988
0.766978
0.766932
0.766845
0.766825
0.766849
0.766827
0.766666
0.766358
0.766256
0.766413
0.766672
0.766752
0.766529
0.766545
0.766288
0.766256
0.765976
0.765941
0.76606
0.766014
0.765775
0.765708
0.765507
0.765422
0.765303
0.765223
0.765202
0.76514
0.765157
0.765105
0.765151
0.765082
0.765214
0.765072
0.765491
0.765136
0.765472
0.766205
0.765511
0.765597
0.766874
0.76641
0.766989
0.766958
0.76699
0.76699
0.76699
0.76699
0.76699
0.76699
0.76699
0.76699
0.76699
0.76699
0.76699
0.76699
0.76699
0.76699
0.76699
0.76699
0.76699
0.76699
0.76699
0.76699
0.766989
0.766983
0.76695
0.766863
0.766827
0.766851
0.766864
0.766763
0.766459
0.766219
0.766291
0.76654
0.766643
0.766286
0.766226
0.766138
0.76591
0.765881
0.76557
0.765539
0.765652
0.765606
0.765354
0.7653
0.765171
0.765135
0.765107
0.76509
0.765086
0.765087
0.76507
0.765091
0.765043
0.765074
0.765022
0.765029
0.765086
0.764983
0.76506
0.765726
0.765071
0.765138
0.766665
0.765899
0.766979
0.766815
0.76699
0.76699
0.76699
0.76699
0.76699
0.76699
0.76699
0.76699
0.76699
0.76699
0.76699
0.76699
0.76699
0.76699
0.76699
0.76699
0.76699
0.76699
0.76699
0.766989
0.766986
0.766963
0.766889
0.766829
0.766843
0.766882
0.766838
0.766591
0.766231
0.766189
0.766393
0.766528
0.766209
0.765786
0.765807
0.76585
0.76582
0.765511
0.76549
0.765213
0.7652
0.76526
0.765231
0.765111
0.765095
0.765078
0.765072
0.765097
0.765117
0.765142
0.765216
0.765164
0.765303
0.765115
0.765305
0.765019
0.765187
0.764942
0.765005
0.764903
0.765225
0.764867
0.764845
0.766116
0.765281
0.766661
0.765795
0.76699
0.76699
0.76699
0.76699
0.76699
0.76699
0.76699
0.76699
0.76699
0.76699
0.76699
0.76699
0.76699
0.76699
0.76699
0.76699
0.76699
0.76699
0.76699
0.766988
0.766973
0.766916
0.766834
0.766831
0.766884
0.766882
0.766727
0.766332
0.766134
0.766235
0.766402
0.766151
0.765597
0.765444
0.7654
0.765469
0.765451
0.765193
0.765194
0.765082
0.765084
0.765085
0.765081
0.765073
0.765078
0.765145
0.765177
0.76529
0.765355
0.765438
0.765545
0.765521
0.765681
0.765465
0.765724
0.765256
0.765617
0.764974
0.765286
0.764914
0.764819
0.764843
0.764804
0.764765
0.765029
0.764891
0.764768
0.765814
0.764782
0.76699
0.76699
0.76699
0.76699
0.76699
0.76699
0.76699
0.76699
0.76699
0.76699
0.76699
0.76699
0.76699
0.76699
0.76699
0.76699
0.76699
0.76699
0.766989
0.76698
0.766939
0.766848
0.766824
0.766865
0.7669
0.766831
0.766514
0.766143
0.766107
0.766251
0.766116
0.76561
0.765277
0.765327
0.765226
0.765249
0.765197
0.765207
0.76509
0.765103
0.765112
0.765131
0.765084
0.765096
0.76521
0.765246
0.765414
0.765467
0.765624
0.765682
0.765756
0.765783
0.765845
0.765859
0.765872
0.765942
0.765717
0.76598
0.765275
0.765756
0.76552
0.765019
0.765248
0.764768
0.764696
0.764727
0.764919
0.765139
0.765198
0.764872
0.76466
0.764595
0.764675
0.764639
0.766483
0.764513
0.765104
0.76458
0.76699
0.76699
0.76699
0.76699
0.76699
0.76699
0.76699
0.76699
0.76699
0.76699
0.76699
0.76699
0.76699
0.76699
0.76699
0.76699
0.76699
0.766989
0.766985
0.766956
0.766875
0.766821
0.766841
0.766902
0.766891
0.766694
0.766249
0.766059
0.766097
0.766073
0.76565
0.765358
0.765423
0.765258
0.7653
0.765182
0.765219
0.765124
0.76515
0.765155
0.765183
0.765346
0.765375
0.765281
0.765315
0.76552
0.765573
0.765734
0.765792
0.765795
0.765819
0.765837
0.765797
0.765907
0.765791
0.765991
0.765986
0.765944
0.765862
0.765924
0.76603
0.766009
0.766012
0.766049
0.765764
0.765488
0.765755
0.765956
0.765457
0.764826
0.764667
0.764777
0.765065
0.76533
0.765401
0.765005
0.764514
0.764574
0.764613
0.766587
0.765345
0.764931
0.764492
0.764554
0.76699
0.76699
0.76699
0.76699
0.76699
0.76699
0.76699
0.76699
0.76699
0.76699
0.76699
0.76699
0.76699
0.76699
0.76699
0.76699
0.76699
0.766987
0.766969
0.766904
0.766823
0.766823
0.766881
0.766915
0.766827
0.766469
0.766079
0.766003
0.765991
0.765719
0.765459
0.765344
0.76538
0.765346
0.765373
0.765281
0.765315
0.765215
0.765248
0.765402
0.765424
0.765689
0.765705
0.765622
0.765661
0.765857
0.765923
0.76586
0.765925
0.765768
0.765767
0.765624
0.765465
0.765758
0.765623
0.765491
0.765342
0.765938
0.765826
0.765683
0.766055
0.766074
0.765923
0.765905
0.766024
0.765964
0.76572
0.765954
0.766071
0.765678
0.764952
0.764724
0.7649
0.765255
0.765618
0.765546
0.765185
0.764559
0.764509
0.764669
0.765414
0.764678
0.764677
0.764486
0.764485
0.76699
0.76699
0.76699
0.76699
0.76699
0.76699
0.76699
0.76699
0.76699
0.76699
0.76699
0.76699
0.76699
0.76699
0.76699
0.76699
0.766988
0.766978
0.76693
0.766836
0.766812
0.766851
0.766918
0.766903
0.76668
0.766214
0.76599
0.765917
0.765756
0.765548
0.765451
0.765481
0.7654
0.765423
0.765469
0.76547
0.765461
0.765466
0.765441
0.765453
0.765705
0.765695
0.766017
0.766003
0.765977
0.766011
0.766017
0.766128
0.765812
0.765906
0.765369
0.765363
0.76522
0.765094
0.765014
0.764942
0.765519
0.765347
0.765179
0.765026
0.765781
0.765606
0.765413
0.766088
0.766032
0.765741
0.765712
0.765898
0.766077
0.765928
0.766076
0.766099
0.765888
0.765123
0.764841
0.765062
0.765468
0.765831
0.765759
0.765389
0.764606
0.764538
0.764772
0.765376
0.764468
0.764691
0.764479
0.764433
0.76699
0.76699
0.76699
0.76699
0.76699
0.76699
0.76699
0.76699
0.76699
0.76699
0.76699
0.76699
0.76699
0.76699
0.76699
0.766989
0.766983
0.76695
0.766862
0.766809
0.766826
0.766897
0.766933
0.766836
0.76646
0.766037
0.765898
0.765769
0.765613
0.765522
0.765481
0.765491
0.765471
0.765474
0.765555
0.76553
0.765616
0.765585
0.765674
0.765646
0.765963
0.765903
0.766272
0.766223
0.766233
0.766278
0.766039
0.766195
0.765445
0.765628
0.764916
0.764906
0.76493
0.764982
0.764897
0.764799
0.764735
0.764703
0.765214
0.765027
0.764861
0.764727
0.765539
0.76532
0.7651
0.766041
0.765901
0.765488
0.765455
0.765698
0.766107
0.766066
0.766114
0.766056
0.766044
0.765314
0.76499
0.765237
0.76568
0.766005
0.765947
0.765593
0.764687
0.764588
0.764897
0.765968
0.764457
0.765042
0.76449
0.764428
0.76699
0.76699
0.76699
0.76699
0.76699
0.76699
0.76699
0.76699
0.76699
0.76699
0.76699
0.76699
0.76699
0.76699
0.766989
0.766986
0.766965
0.766892
0.76681
0.766809
0.766865
0.766937
0.766921
0.766696
0.766222
0.76592
0.76578
0.765648
0.765556
0.765497
0.765507
0.765493
0.765493
0.765511
0.765498
0.765592
0.765551
0.765703
0.765643
0.765836
0.765768
0.766133
0.766031
0.766442
0.766369
0.766366
0.766444
0.765887
0.766177
0.765041
0.765288
0.764702
0.764734
0.76479
0.764861
0.764628
0.764569
0.764547
0.764562
0.764898
0.764725
0.764588
0.764492
0.765246
0.765009
0.764795
0.765917
0.765702
0.765194
0.765165
0.765443
0.766074
0.766112
0.766095
0.765944
0.766107
0.765503
0.765145
0.765407
0.765869
0.766094
0.766067
0.765777
0.764781
0.764648
0.765024
0.766848
0.764538
0.765716
0.764512
0.764444
0.76699
0.76699
0.76699
0.76699
0.76699
0.76699
0.76699
0.76699
0.76699
0.76699
0.76699
0.76699
0.76699
0.76699
0.766988
0.766974
0.766918
0.766821
0.766799
0.766837
0.766918
0.766952
0.766863
0.766507
0.766034
0.765813
0.76568
0.76558
0.765505
0.765481
0.765482
0.765486
0.765481
0.76552
0.765499
0.765608
0.76556
0.765745
0.76567
0.765928
0.765832
0.766254
0.766128
0.766577
0.766518
0.766439
0.766557
0.76565
0.766081
0.764928
0.765035
0.765307
0.765146
0.764612
0.764683
0.76476
0.764841
0.764438
0.764427
0.764452
0.764519
0.764615
0.764476
0.764381
0.764331
0.764942
0.764715
0.764527
0.765723
0.765451
0.764895
0.764871
0.765157
0.76598
0.766109
0.76602
0.765761
0.76612
0.765677
0.765291
0.765561
0.766015
0.766122
0.766117
0.765932
0.764875
0.764702
0.765141
0.766881
0.764669
0.765801
0.764528
0.764463
0.76699
0.76699
0.76699
0.76699
0.76699
0.76699
0.76699
0.76699
0.76699
0.76699
0.76699
0.76699
0.76699
0.766988
0.766979
0.766937
0.766843
0.766796
0.766815
0.766887
0.766958
0.766943
0.766758
0.766354
0.765942
0.765743
0.765621
0.76554
0.765498
0.76552
0.765476
0.765481
0.765483
0.765476
0.765524
0.765498
0.765653
0.765601
0.765802
0.76572
0.766008
0.765898
0.766402
0.766274
0.766712
0.766692
0.766488
0.766671
0.765484
0.765714
0.766056
0.764986
0.765081
0.765333
0.765191
0.764603
0.764699
0.764801
0.764897
0.764325
0.764352
0.76443
0.764529
0.764385
0.764289
0.764239
0.764233
0.764656
0.764459
0.764311
0.76548
0.765171
0.764616
0.764594
0.764867
0.765815
0.766057
0.765881
0.765531
0.766092
0.765822
0.765418
0.765689
0.766097
0.766121
0.766135
0.766041
0.764956
0.764741
0.765236
0.766735
0.764698
0.765236
0.764533
0.764467
0.76699
0.76699
0.76699
0.76699
0.76699
0.76699
0.76699
0.76699
0.76699
0.76699
0.76699
0.76699
0.766989
0.766981
0.766949
0.766864
0.766797
0.7668
0.76686
0.766946
0.766969
0.766906
0.766674
0.766296
0.765912
0.765714
0.765621
0.765616
0.765546
0.765598
0.76551
0.76552
0.765516
0.765509
0.765562
0.765534
0.76578
0.765722
0.765938
0.765852
0.766151
0.766039
0.766603
0.766494
0.766832
0.766846
0.76652
0.766756
0.765508
0.765716
0.765992
0.766227
0.765114
0.765196
0.765418
0.765292
0.764656
0.764792
0.764919
0.765026
0.764257
0.764333
0.76444
0.764583
0.764212
0.764159
0.76415
0.764166
0.764407
0.764251
0.764146
0.765208
0.764884
0.764371
0.76435
0.764591
0.765602
0.765954
0.765694
0.765271
0.766032
0.765933
0.76552
0.765785
0.766132
0.766096
0.766136
0.766096
0.765014
0.764763
0.765307
0.76586
0.764563
0.764778
0.764532
0.764442
0.76699
0.76699
0.76699
0.76699
0.76699
0.76699
0.76699
0.76699
0.76699
0.76699
0.766989
0.766988
0.766981
0.766953
0.766877
0.766801
0.766792
0.766838
0.766922
0.766974
0.766965
0.766869
0.766647
0.766298
0.765967
0.765804
0.765786
0.765831
0.765914
0.765687
0.765755
0.765626
0.765646
0.765629
0.765621
0.765679
0.765648
0.766016
0.765954
0.766179
0.766092
0.766383
0.766278
0.766818
0.766752
0.766883
0.766914
0.766434
0.766628
0.766788
0.765577
0.765772
0.766054
0.766261
0.765283
0.765353
0.765539
0.765433
0.764751
0.764925
0.76508
0.765198
0.764232
0.764332
0.764468
0.764643
0.76409
0.764076
0.764087
0.764136
0.764203
0.764091
0.764027
0.764925
0.764608
0.764168
0.764144
0.764344
0.765361
0.76581
0.765491
0.764999
0.765944
0.766002
0.765593
0.765842
0.766138
0.766056
0.766121
0.766111
0.765054
0.764773
0.765353
0.76671
0.764461
0.765369
0.764526
0.764409
0.76699
0.76699
0.76699
0.76699
0.76699
0.76699
0.76699
0.76699
0.766989
0.766989
0.766987
0.76698
0.766952
0.766881
0.766805
0.766788
0.766822
0.7669
0.76697
0.766981
0.766954
0.766858
0.766652
0.766393
0.766203
0.766163
0.766324
0.766127
0.766273
0.765948
0.766026
0.765862
0.765894
0.765855
0.76585
0.765907
0.765874
0.766346
0.766285
0.766497
0.766418
0.766671
0.766583
0.766922
0.766912
0.766875
0.766911
0.766934
0.766454
0.766625
0.76683
0.766731
0.765682
0.765857
0.766129
0.766304
0.76547
0.76553
0.765682
0.765594
0.764848
0.765062
0.76525
0.765386
0.764221
0.764342
0.764501
0.7647
0.76401
0.764014
0.764051
0.764122
0.764045
0.763973
0.76395
0.764653
0.76436
0.764008
0.763983
0.764136
0.765117
0.765669
0.765308
0.764741
0.765849
0.766026
0.76563
0.765858
0.766131
0.765994
0.766083
0.766099
0.765072
0.764772
0.765369
0.766836
0.764541
0.765836
0.764512
0.764398
0.76699
0.76699
0.76699
0.76699
0.76699
0.76699
0.76699
0.766989
0.766987
0.766982
0.766974
0.766948
0.76688
0.766805
0.766786
0.766812
0.766883
0.766961
0.766984
0.766981
0.76695
0.766864
0.766729
0.766615
0.766595
0.766691
0.766749
0.766812
0.76649
0.76662
0.7663
0.766383
0.766202
0.76624
0.766188
0.766185
0.766237
0.766204
0.766704
0.766656
0.766808
0.766756
0.766888
0.766851
0.766956
0.766963
0.766866
0.766906
0.766924
0.766944
0.766468
0.766614
0.766797
0.766711
0.765807
0.765958
0.766211
0.766353
0.765657
0.76571
0.765837
0.765762
0.764932
0.765175
0.765398
0.765565
0.764223
0.764362
0.764539
0.764758
0.76395
0.763977
0.764033
0.764114
0.763927
0.763899
0.763896
0.764412
0.764154
0.76389
0.763864
0.763974
0.764913
0.765529
0.765136
0.764538
0.765741
0.766013
0.765631
0.765844
0.766102
0.765912
0.76602
0.766062
0.76507
0.764759
0.765359
0.766907
0.764696
0.766163
0.76448
0.764392
0.76699
0.76699
0.76699
0.76699
0.76699
0.766989
0.766987
0.766981
0.76697
0.766955
0.766932
0.766873
0.766805
0.766786
0.766807
0.766873
0.766952
0.766983
0.766987
0.76698
0.766953
0.766904
0.766864
0.766857
0.766898
0.766958
0.766933
0.76696
0.766817
0.766883
0.766683
0.766747
0.766597
0.766632
0.76658
0.76658
0.766617
0.766593
0.766917
0.766902
0.766946
0.766932
0.766963
0.766956
0.766959
0.766973
0.766831
0.766886
0.766903
0.766935
0.766487
0.766609
0.766768
0.766696
0.765942
0.76607
0.766294
0.766403
0.765831
0.765885
0.765994
0.76593
0.765012
0.765279
0.765527
0.765719
0.764226
0.764372
0.76456
0.764791
0.763907
0.763956
0.764018
0.764107
0.763856
0.763848
0.763853
0.764233
0.76401
0.763821
0.763795
0.763863
0.764731
0.765385
0.764974
0.764369
0.765622
0.765961
0.765605
0.765777
0.76605
0.765816
0.765937
0.765988
0.765049
0.764723
0.765315
0.766968
0.764832
0.766507
0.764431
0.764379
0.76699
0.76699
0.76699
0.76699
0.766988
0.766983
0.76697
0.76695
0.766929
0.766903
0.766855
0.766803
0.766786
0.766806
0.766869
0.766946
0.766981
0.766988
0.766988
0.766981
0.766969
0.766958
0.766956
0.766968
0.766983
0.766989
0.766983
0.766987
0.766962
0.766975
0.766924
0.766945
0.766888
0.766904
0.766876
0.766878
0.766889
0.76688
0.766979
0.766977
0.766982
0.766981
0.766979
0.766982
0.76694
0.766959
0.766975
0.766968
0.766814
0.766862
0.766889
0.766917
0.766509
0.766608
0.76676
0.766694
0.766081
0.766183
0.766381
0.766461
0.765985
0.766046
0.766151
0.766093
0.765061
0.765355
0.765636
0.765857
0.764224
0.764375
0.764566
0.764801
0.763884
0.763934
0.764001
0.764091
0.763807
0.763806
0.763823
0.764088
0.763888
0.763768
0.763731
0.763781
0.764572
0.765245
0.764827
0.764227
0.765504
0.765843
0.765516
0.765605
0.765951
0.765708
0.765803
0.765843
0.764988
0.764654
0.765205
0.766984
0.765002
0.76669
0.764376
0.764365
0.76699
0.76699
0.766989
0.766987
0.766978
0.766957
0.766929
0.766902
0.766874
0.766832
0.766798
0.766788
0.766808
0.766869
0.766944
0.76698
0.766988
0.766989
0.766988
0.766986
0.766983
0.766983
0.766986
0.766989
0.76699
0.76699
0.76699
0.76699
0.766989
0.766987
0.766989
0.766982
0.766985
0.766976
0.766979
0.766973
0.766974
0.766974
0.766973
0.766988
0.766988
0.766987
0.766988
0.76698
0.766985
0.766934
0.76695
0.766972
0.766963
0.766812
0.766854
0.766888
0.766913
0.766543
0.766621
0.766762
0.766709
0.766221
0.766299
0.766475
0.766533
0.766125
0.766195
0.766297
0.766243
0.765078
0.765384
0.765693
0.765959
0.764207
0.764361
0.764553
0.764789
0.763857
0.763906
0.763972
0.764057
0.763758
0.763761
0.763785
0.763955
0.763793
0.763716
0.763684
0.763706
0.764422
0.765108
0.764653
0.764055
0.765355
0.765618
0.765312
0.76534
0.76576
0.765508
0.765522
0.765567
0.764878
0.764565
0.765003
0.766981
0.76506
0.766636
0.764322
0.76434
0.76699
0.766989
0.766985
0.766972
0.766943
0.766908
0.766876
0.766845
0.766816
0.766797
0.766791
0.766814
0.766873
0.766945
0.76698
0.766988
0.76699
0.766989
0.766989
0.766989
0.766989
0.766989
0.76699
0.76699
0.76699
0.76699
0.76699
0.76699
0.76699
0.76699
0.76699
0.766989
0.76699
0.766989
0.766989
0.766988
0.766989
0.766988
0.766988
0.766989
0.766989
0.766987
0.766988
0.766975
0.76698
0.766984
0.766934
0.766949
0.766969
0.76696
0.766821
0.766855
0.766894
0.766914
0.766593
0.766652
0.766782
0.766742
0.766357
0.766417
0.766569
0.766613
0.766223
0.766341
0.766435
0.766397
0.765067
0.765381
0.765704
0.765997
0.764167
0.764301
0.764473
0.764693
0.763822
0.763864
0.76392
0.763987
0.763715
0.76372
0.763746
0.763809
0.763697
0.763673
0.763647
0.763668
0.76417
0.764883
0.764293
0.763833
0.765039
0.765323
0.765043
0.76504
0.765385
0.765101
0.765046
0.765205
0.764727
0.764465
0.764791
0.766761
0.764928
0.766044
0.764269
0.76429
0.766989
0.766984
0.766967
0.766929
0.766888
0.766852
0.766826
0.766808
0.766798
0.766798
0.766828
0.766887
0.76695
0.76698
0.766988
0.76699
0.76699
0.76699
0.76699
0.76699
0.76699
0.76699
0.76699
0.76699
0.76699
0.76699
0.76699
0.76699
0.76699
0.76699
0.76699
0.76699
0.76699
0.76699
0.76699
0.76699
0.76699
0.76699
0.76699
0.766989
0.766989
0.766986
0.766988
0.766974
0.766979
0.766985
0.766982
0.766937
0.766949
0.766968
0.766959
0.766844
0.766868
0.76691
0.766923
0.766656
0.7667
0.766816
0.766789
0.766481
0.766525
0.766675
0.7667
0.766243
0.766423
0.766572
0.766517
0.764966
0.765286
0.765634
0.765968
0.764067
0.76417
0.764311
0.764499
0.76378
0.763822
0.763869
0.763928
0.763669
0.763678
0.763703
0.763705
0.763661
0.763627
0.763559
0.763601
0.763889
0.764432
0.763996
0.763738
0.764525
0.764998
0.764806
0.764782
0.764966
0.764562
0.764605
0.764839
0.764563
0.764356
0.764591
0.765022
0.76453
0.764557
0.764209
0.764195
0.766984
0.766962
0.766919
0.766869
0.766835
0.766816
0.766807
0.766802
0.766812
0.766849
0.766908
0.766959
0.766981
0.766989
0.76699
0.76699
0.76699
0.76699
0.76699
0.76699
0.76699
0.76699
0.76699
0.76699
0.76699
0.76699
0.76699
0.76699
0.76699
0.76699
0.76699
0.76699
0.76699
0.76699
0.76699
0.76699
0.76699
0.76699
0.76699
0.766989
0.766989
0.766986
0.766985
0.766988
0.766973
0.766979
0.766982
0.766941
0.76695
0.766966
0.766958
0.766879
0.766892
0.766926
0.766933
0.766727
0.766757
0.76686
0.766846
0.766612
0.766646
0.766759
0.766791
0.766116
0.766389
0.76661
0.766533
0.764745
0.765047
0.765402
0.765771
0.763996
0.764068
0.764139
0.764242
0.763739
0.763775
0.763815
0.763859
0.763627
0.763635
0.763639
0.763667
0.763598
0.763543
0.763544
0.763542
0.763806
0.764099
0.763932
0.763739
0.764196
0.76472
0.764589
0.76455
0.764605
0.764318
0.764384
0.764612
0.764417
0.764249
0.764437
0.765005
0.764188
0.764117
0.764137
0.764092
0.766961
0.76691
0.766856
0.766826
0.766813
0.766808
0.766811
0.766834
0.766876
0.766931
0.766967
0.766984
0.766989
0.76699
0.76699
0.76699
0.76699
0.76699
0.76699
0.76699
0.76699
0.76699
0.76699
0.76699
0.76699
0.76699
0.76699
0.76699
0.76699
0.76699
0.76699
0.76699
0.76699
0.76699
0.76699
0.76699
0.76699
0.76699
0.76699
0.76699
0.76699
0.766989
0.76699
0.766982
0.766982
0.766986
0.766984
0.766988
0.76697
0.766978
0.76698
0.766936
0.766944
0.766962
0.766952
0.766913
0.766918
0.766926
0.766931
0.766815
0.766825
0.766902
0.766894
0.766663
0.766713
0.766768
0.766815
0.765711
0.766087
0.766529
0.766365
0.764403
0.764652
0.764974
0.765337
0.763911
0.76397
0.764037
0.764099
0.763679
0.763718
0.763751
0.763774
0.763549
0.763557
0.763416
0.763685
0.763398
0.763377
0.763391
0.763389
0.763844
0.764086
0.763961
0.763463
0.764224
0.76449
0.764439
0.764428
0.764424
0.764313
0.764342
0.764396
0.764295
0.764153
0.764306
0.766884
0.764031
0.764522
0.764062
0.763993
0.766906
0.766847
0.766821
0.766814
0.766813
0.766829
0.766862
0.766908
0.76695
0.766975
0.766986
0.766989
0.76699
0.76699
0.76699
0.76699
0.76699
0.76699
0.76699
0.76699
0.76699
0.76699
0.76699
0.76699
0.76699
0.76699
0.76699
0.76699
0.76699
0.76699
0.76699
0.76699
0.76699
0.76699
0.76699
0.76699
0.76699
0.76699
0.76699
0.76699
0.766989
0.76699
0.76697
0.766971
0.766971
0.766983
0.766984
0.766988
0.766955
0.766971
0.7669
0.766909
0.766938
0.766921
0.766919
0.766922
0.766895
0.766897
0.766855
0.766874
0.76691
0.766901
0.766624
0.766697
0.766679
0.766772
0.764991
0.765398
0.766143
0.765829
0.764159
0.764279
0.76444
0.764676
0.76381
0.763854
0.7639
0.763953
0.763453
0.763465
0.763475
0.763515
0.763393
0.763424
0.763291
0.763431
0.76328
0.76327
0.763274
0.763274
0.763515
0.763657
0.763598
0.763312
0.763743
0.764392
0.764299
0.764264
0.76435
0.763817
0.763868
0.764363
0.764188
0.764077
0.764191
0.766886
0.763971
0.764725
0.763987
0.76393
0.766844
0.766821
0.766816
0.766825
0.766852
0.766895
0.766937
0.766965
0.76698
0.766987
0.766989
0.76699
0.76699
0.76699
0.76699
0.76699
0.76699
0.76699
0.76699
0.76699
0.76699
0.76699
0.76699
0.76699
0.76699
0.76699
0.76699
0.76699
0.76699
0.76699
0.76699
0.76699
0.76699
0.76699
0.76699
0.76699
0.76699
0.76699
0.76699
0.76699
0.766987
0.766985
0.766989
0.766941
0.766941
0.766945
0.766947
0.766973
0.766977
0.766911
0.766817
0.766829
0.766879
0.766849
0.766892
0.766895
0.76681
0.766811
0.766849
0.766877
0.766884
0.766869
0.766385
0.766525
0.766391
0.766571
0.764378
0.764548
0.765333
0.764894
0.764009
0.764103
0.76419
0.764241
0.763516
0.763556
0.763563
0.763602
0.763306
0.76331
0.763314
0.763332
0.763273
0.763297
0.763197
0.763297
0.763201
0.763193
0.763197
0.763198
0.763343
0.763422
0.763385
0.763221
0.763478
0.764266
0.764172
0.764191
0.763909
0.763529
0.763575
0.764222
0.763904
0.764095
0.763992
0.764086
0.760529
0.763964
0.764371
0.763923
0.763894
0.766823
0.76682
0.766842
0.766881
0.766926
0.766956
0.766974
0.766985
0.766988
0.76699
0.76699
0.76699
0.76699
0.76699
0.76699
0.76699
0.76699
0.76699
0.76699
0.76699
0.76699
0.76699
0.76699
0.76699
0.76699
0.76699
0.76699
0.76699
0.76699
0.76699
0.76699
0.76699
0.76699
0.76699
0.76699
0.76699
0.76699
0.76699
0.76699
0.76699
0.76698
0.766974
0.76698
0.766987
0.766989
0.766874
0.766878
0.766885
0.766894
0.766953
0.766964
0.766819
0.766667
0.766686
0.766764
0.766717
0.766803
0.766811
0.766658
0.766659
0.766753
0.766823
0.766792
0.766751
0.765808
0.766095
0.765852
0.766166
0.764152
0.764162
0.764467
0.764307
0.763618
0.763943
0.764106
0.764097
0.763329
0.763342
0.763341
0.763352
0.7632
0.763199
0.763198
0.763197
0.763193
0.763202
0.763157
0.763212
0.76317
0.763161
0.763165
0.763167
0.76324
0.763284
0.763264
0.763186
0.763317
0.764179
0.764134
0.764163
0.763618
0.763353
0.76339
0.763919
0.763638
0.764011
0.763934
0.764052
0.738898
0.763921
0.763141
0.76388
0.763862
0.76683
0.766858
0.766907
0.766947
0.766968
0.766981
0.766986
0.766988
0.76699
0.76699
0.76699
0.76699
0.76699
0.76699
0.76699
0.76699
0.76699
0.76699
0.76699
0.76699
0.76699
0.76699
0.76699
0.76699
0.76699
0.76699
0.76699
0.76699
0.76699
0.76699
0.76699
0.76699
0.76699
0.76699
0.76699
0.76699
0.76699
0.76699
0.76699
0.76699
0.76699
0.766942
0.766961
0.766975
0.766985
0.766988
0.766769
0.766752
0.76677
0.76681
0.766917
0.76667
0.766447
0.766478
0.766588
0.766521
0.766638
0.766655
0.766425
0.766433
0.766495
0.766671
0.766608
0.766518
0.764835
0.765326
0.764966
0.765553
0.763653
0.764061
0.764118
0.764122
0.763351
0.763675
0.763644
0.763642
0.763192
0.763187
0.76318
0.763173
0.763156
0.763154
0.76315
0.763146
0.76316
0.763161
0.763179
0.7632
0.763231
0.763213
0.763248
0.763921
0.764089
0.764049
0.763877
0.763428
0.763288
0.763312
0.763665
0.763454
0.763964
0.763892
0.764001
0.730167
0.763839
0.760168
0.763835
0.763809
0.76688
0.766928
0.766959
0.766976
0.766983
0.766987
0.766989
0.76699
0.76699
0.76699
0.76699
0.76699
0.76699
0.76699
0.76699
0.76699
0.76699
0.76699
0.76699
0.76699
0.76699
0.76699
0.76699
0.76699
0.76699
0.76699
0.76699
0.76699
0.76699
0.76699
0.76699
0.76699
0.76699
0.76699
0.76699
0.76699
0.76699
0.76699
0.76699
0.76699
0.76699
0.76686
0.766907
0.766945
0.766967
0.766982
0.76698
0.766985
0.766988
0.766599
0.766588
0.766625
0.766699
0.766465
0.766156
0.766203
0.766354
0.766266
0.766376
0.766407
0.766098
0.766127
0.766013
0.766364
0.766311
0.766151
0.764271
0.764465
0.76428
0.764628
0.763334
0.763672
0.764023
0.763611
0.763164
0.763373
0.763345
0.763341
0.763135
0.763128
0.76312
0.763105
0.763683
0.763993
0.763886
0.763688
0.76335
0.763488
0.763387
0.763907
0.763833
0.763944
0.72064
0.76361
0.748569
0.7638
0.763782
0.766938
0.766965
0.766977
0.766984
0.766987
0.766989
0.76699
0.76699
0.76699
0.76699
0.76699
0.76699
0.76699
0.76699
0.76699
0.76699
0.76699
0.76699
0.76699
0.76699
0.76699
0.76699
0.76699
0.76699
0.76699
0.76699
0.76699
0.76699
0.76699
0.76699
0.76699
0.76699
0.76699
0.76699
0.76699
0.76699
0.76699
0.76699
0.76699
0.76699
0.766989
0.76699
0.766785
0.766868
0.766925
0.76696
0.766976
0.766985
0.766988
0.766392
0.766403
0.766479
0.766589
0.766226
0.765802
0.765875
0.766085
0.765967
0.766003
0.766063
0.765692
0.765746
0.765251
0.76586
0.765873
0.765584
0.764073
0.764063
0.763961
0.764085
0.763102
0.763328
0.763602
0.763279
0.763096
0.763156
0.763132
0.763118
0.763516
0.763972
0.76383
0.763709
0.763535
0.763418
0.763875
0.763804
0.763908
0.718223
0.762587
0.737034
0.763765
0.7637
0.76696
0.766976
0.766983
0.766986
0.766989
0.76699
0.76699
0.76699
0.76699
0.76699
0.76699
0.76699
0.76699
0.76699
0.76699
0.76699
0.76699
0.76699
0.76699
0.76699
0.76699
0.76699
0.76699
0.76699
0.76699
0.76699
0.76699
0.76699
0.76699
0.76699
0.76699
0.76699
0.76699
0.76699
0.76699
0.76699
0.76699
0.76699
0.76699
0.76699
0.76699
0.766989
0.76699
0.766713
0.766825
0.766908
0.766953
0.766975
0.766984
0.766988
0.766179
0.766232
0.766353
0.766503
0.765985
0.765409
0.765516
0.765806
0.765647
0.765504
0.765629
0.76523
0.765321
0.764326
0.764974
0.76523
0.764618
0.763525
0.763956
0.763865
0.763867
0.763022
0.763086
0.76326
0.763049
0.763074
0.763057
0.763035
0.763447
0.763883
0.763813
0.763686
0.763559
0.763485
0.763832
0.763776
0.763838
0.716696
0.760068
0.728366
0.763746
0.763466
0.766965
0.766979
0.766984
0.766988
0.766989
0.76699
0.76699
0.76699
0.76699
0.76699
0.76699
0.76699
0.76699
0.76699
0.76699
0.76699
0.76699
0.76699
0.76699
0.76699
0.76699
0.76699
0.76699
0.76699
0.76699
0.76699
0.76699
0.76699
0.76699
0.76699
0.76699
0.76699
0.76699
0.76699
0.76699
0.76699
0.76699
0.76699
0.76699
0.76699
0.76699
0.76699
0.766989
0.766988
0.76699
0.766658
0.766796
0.766898
0.766951
0.766975
0.766984
0.765989
0.7661
0.766272
0.766465
0.765762
0.765008
0.765156
0.765539
0.765331
0.76482
0.765098
0.764709
0.764873
0.763836
0.764095
0.764248
0.763859
0.763202
0.763504
0.763419
0.763323
0.762993
0.763028
0.762971
0.763811
0.763682
0.763567
0.763501
0.763795
0.763743
0.763801
0.763755
0.71575
0.755683
0.723523
0.763712
0.762887
0.766958
0.766978
0.766984
0.766988
0.766989
0.76699
0.76699
0.76699
0.76699
0.76699
0.76699
0.76699
0.76699
0.76699
0.76699
0.76699
0.76699
0.76699
0.76699
0.76699
0.76699
0.76699
0.76699
0.76699
0.76699
0.76699
0.76699
0.76699
0.76699
0.76699
0.76699
0.76699
0.76699
0.76699
0.76699
0.76699
0.76699
0.76699
0.76699
0.76699
0.76699
0.76699
0.76699
0.766989
0.766988
0.76699
0.766988
0.76699
0.766642
0.76679
0.766896
0.766952
0.766975
0.766985
0.765841
0.766024
0.766254
0.766461
0.765578
0.764622
0.764823
0.765302
0.765043
0.763913
0.764421
0.764095
0.764404
0.763698
0.763663
0.763646
0.763508
0.762991
0.763175
0.763114
0.763244
0.763054
0.76294
0.763693
0.763575
0.763518
0.763754
0.763719
0.763782
0.76373
0.763663
0.715171
0.749964
0.72052
0.76367
0.761616
0.766945
0.766974
0.766984
0.766988
0.76699
0.76699
0.76699
0.76699
0.76699
0.76699
0.76699
0.76699
0.76699
0.76699
0.76699
0.76699
0.76699
0.76699
0.76699
0.76699
0.76699
0.76699
0.76699
0.76699
0.76699
0.76699
0.76699
0.76699
0.76699
0.76699
0.76699
0.76699
0.76699
0.76699
0.76699
0.76699
0.76699
0.76699
0.76699
0.76699
0.76699
0.76699
0.76699
0.766988
0.766989
0.766986
0.76699
0.76699
0.766645
0.766797
0.766901
0.766955
0.766977
0.765743
0.766009
0.766263
0.766485
0.765441
0.764245
0.764524
0.765109
0.764796
0.763458
0.763688
0.763548
0.763888
0.763549
0.763378
0.763416
0.76292
0.762969
0.762934
0.763011
0.763166
0.762903
0.763587
0.763533
0.763715
0.763688
0.763719
0.763709
0.763651
0.763587
0.71482
0.74411
0.718678
0.763533
0.759763
0.76693
0.76697
0.766983
0.766988
0.76699
0.76699
0.76699
0.76699
0.76699
0.76699
0.76699
0.76699
0.76699
0.76699
0.76699
0.76699
0.76699
0.76699
0.76699
0.76699
0.76699
0.76699
0.76699
0.76699
0.76699
0.76699
0.76699
0.76699
0.76699
0.76699
0.76699
0.76699
0.76699
0.76699
0.76699
0.76699
0.76699
0.76699
0.76699
0.76699
0.76699
0.76699
0.76699
0.76699
0.766989
0.766987
0.76699
0.76698
0.76699
0.76699
0.76699
0.766671
0.766815
0.766912
0.766961
0.765706
0.766021
0.766315
0.766541
0.765354
0.763851
0.764258
0.764963
0.764597
0.763264
0.763327
0.763277
0.763482
0.763297
0.763089
0.76289
0.762871
0.762885
0.762963
0.762851
0.763543
0.763686
0.76366
0.763699
0.763638
0.763579
0.763551
0.714601
0.738611
0.717403
0.763297
0.757414
0.766915
0.766967
0.766983
0.766989
0.76699
0.76699
0.76699
0.76699
0.76699
0.76699
0.76699
0.76699
0.76699
0.76699
0.76699
0.76699
0.76699
0.76699
0.76699
0.76699
0.76699
0.76699
0.76699
0.76699
0.76699
0.76699
0.76699
0.76699
0.76699
0.76699
0.76699
0.76699
0.76699
0.76699
0.76699
0.76699
0.76699
0.76699
0.76699
0.76699
0.76699
0.76699
0.76699
0.766988
0.766989
0.766983
0.76699
0.766968
0.76699
0.76699
0.76699
0.766712
0.766845
0.766928
0.765706
0.766074
0.766394
0.766613
0.765323
0.763531
0.764002
0.764865
0.764439
0.763205
0.763202
0.763174
0.763263
0.763021
0.762924
0.762839
0.762861
0.763658
0.763649
0.763642
0.763627
0.763574
0.763548
0.714454
0.733379
0.716476
0.762747
0.754641
0.766906
0.766966
0.766985
0.766989
0.76699
0.76699
0.76699
0.76699
0.76699
0.76699
0.76699
0.76699
0.76699
0.76699
0.76699
0.76699
0.76699
0.76699
0.76699
0.76699
0.76699
0.76699
0.76699
0.76699
0.76699
0.76699
0.76699
0.76699
0.76699
0.76699
0.76699
0.76699
0.76699
0.76699
0.76699
0.76699
0.76699
0.76699
0.76699
0.76699
0.76699
0.76699
0.76699
0.76699
0.766985
0.766989
0.76699
0.766975
0.76699
0.766944
0.76699
0.76699
0.76699
0.76699
0.766766
0.766878
0.765746
0.766164
0.766487
0.766693
0.765326
0.763341
0.763765
0.764808
0.764312
0.763163
0.762982
0.763155
0.763137
0.763171
0.762892
0.762843
0.762827
0.763632
0.763626
0.763609
0.763574
0.763569
0.763545
0.714358
0.728538
0.715848
0.762099
0.751547
0.766903
0.766967
0.766986
0.76699
0.76699
0.76699
0.76699
0.76699
0.76699
0.76699
0.76699
0.76699
0.76699
0.76699
0.76699
0.76699
0.76699
0.76699
0.76699
0.76699
0.76699
0.76699
0.76699
0.76699
0.76699
0.76699
0.76699
0.76699
0.76699
0.76699
0.76699
0.76699
0.76699
0.76699
0.76699
0.76699
0.76699
0.76699
0.76699
0.76699
0.76699
0.76699
0.76699
0.76699
0.76698
0.766987
0.766989
0.76699
0.76696
0.76691
0.76699
0.76699
0.76699
0.76699
0.76699
0.76699
0.76682
0.765826
0.76627
0.766584
0.766768
0.765369
0.763244
0.763606
0.764786
0.764199
0.762962
0.762871
0.763104
0.763094
0.763146
0.762831
0.762818
0.763607
0.763604
0.763591
0.76356
0.763503
0.763544
0.714277
0.724895
0.715335
0.760947
0.748165
0.766906
0.766972
0.766988
0.76699
0.76699
0.76699
0.76699
0.76699
0.76699
0.76699
0.76699
0.76699
0.76699
0.76699
0.76699
0.76699
0.76699
0.76699
0.76699
0.76699
0.76699
0.76699
0.76699
0.76699
0.76699
0.76699
0.76699
0.76699
0.76699
0.76699
0.76699
0.76699
0.76699
0.76699
0.76699
0.76699
0.76699
0.76699
0.76699
0.76699
0.76699
0.76699
0.76699
0.76699
0.76699
0.766972
0.766985
0.766989
0.766989
0.766937
0.76687
0.76699
0.76699
0.76699
0.76699
0.76699
0.76699
0.76699
0.76699
0.765933
0.76639
0.766679
0.766833
0.765442
0.763203
0.763492
0.764785
0.764109
0.762864
0.76293
0.762824
0.763098
0.76292
0.76312
0.762812
0.763593
0.763583
0.763574
0.76355
0.763537
0.763279
0.71425
0.722631
0.715174
0.759748
0.744429
0.76692
0.76698
0.766989
0.76699
0.76699
0.76699
0.76699
0.76699
0.76699
0.76699
0.76699
0.76699
0.76699
0.76699
0.76699
0.76699
0.76699
0.76699
0.76699
0.76699
0.76699
0.76699
0.76699
0.76699
0.76699
0.76699
0.76699
0.76699
0.76699
0.76699
0.76699
0.76699
0.76699
0.76699
0.76699
0.76699
0.76699
0.76699
0.76699
0.76699
0.76699
0.76699
0.76699
0.76699
0.766959
0.766981
0.766988
0.766989
0.766913
0.76699
0.76699
0.76699
0.76699
0.76699
0.76699
0.76699
0.76699
0.76699
0.766989
0.766061
0.766512
0.766764
0.766886
0.765537
0.763168
0.763416
0.764796
0.76404
0.762824
0.762854
0.76281
0.762929
0.762852
0.763112
0.763549
0.763564
0.763556
0.763538
0.76353
0.763035
0.714251
0.721008
0.715237
0.757863
0.741466
0.766941
0.766986
0.76699
0.76699
0.76699
0.76699
0.76699
0.76699
0.76699
0.76699
0.76699
0.76699
0.76699
0.76699
0.76699
0.76699
0.76699
0.76699
0.76699
0.76699
0.76699
0.76699
0.76699
0.76699
0.76699
0.76699
0.76699
0.76699
0.76699
0.76699
0.76699
0.76699
0.76699
0.76699
0.76699
0.76699
0.76699
0.76699
0.76699
0.76699
0.76699
0.76699
0.76699
0.76699
0.76699
0.766945
0.766974
0.766986
0.766989
0.76699
0.76699
0.76699
0.76699
0.76699
0.76699
0.76699
0.76699
0.76699
0.76699
0.76699
0.766989
0.766196
0.766624
0.766833
0.766926
0.765643
0.763159
0.763361
0.764817
0.763984
0.762813
0.762823
0.762924
0.762862
0.762826
0.763123
0.763513
0.763545
0.763539
0.763526
0.763521
0.762437
0.714358
0.720964
0.71578
0.75614
0.738825
0.766963
0.766989
0.76699
0.76699
0.76699
0.76699
0.76699
0.76699
0.76699
0.76699
0.76699
0.76699
0.76699
0.76699
0.76699
0.76699
0.76699
0.76699
0.76699
0.76699
0.76699
0.76699
0.76699
0.76699
0.76699
0.76699
0.76699
0.76699
0.76699
0.76699
0.76699
0.76699
0.76699
0.76699
0.76699
0.76699
0.76699
0.76699
0.76699
0.76699
0.76699
0.76699
0.76699
0.76699
0.76699
0.766967
0.766982
0.766988
0.76699
0.76699
0.76699
0.76699
0.76699
0.76699
0.76699
0.76699
0.76699
0.766989
0.766989
0.766989
0.766988
0.766328
0.766717
0.766886
0.766954
0.765749
0.763166
0.763305
0.76483
0.763933
0.762816
0.762865
0.762949
0.762839
0.762824
0.763411
0.763527
0.763523
0.763513
0.763511
0.761733
0.7155
0.721934
0.719906
0.754074
0.738992
0.76698
0.76699
0.76699
0.76699
0.76699
0.76699
0.76699
0.76699
0.76699
0.76699
0.76699
0.76699
0.76699
0.76699
0.76699
0.76699
0.76699
0.76699
0.76699
0.76699
0.76699
0.76699
0.76699
0.76699
0.76699
0.76699
0.76699
0.76699
0.76699
0.76699
0.76699
0.76699
0.76699
0.76699
0.76699
0.76699
0.76699
0.76699
0.76699
0.76699
0.76699
0.76699
0.76699
0.76699
0.76699
0.766977
0.766985
0.76699
0.76699
0.76699
0.76699
0.76699
0.76699
0.76699
0.76699
0.766989
0.766989
0.766989
0.766989
0.766988
0.766988
0.766985
0.766445
0.766785
0.766918
0.766962
0.765839
0.763169
0.762944
0.76329
0.764831
0.76389
0.762845
0.76288
0.76283
0.763269
0.763506
0.763508
0.763499
0.763499
0.760686
0.74717
0.724417
0.747551
0.75296
0.739698
0.766987
0.76699
0.76699
0.76699
0.76699
0.76699
0.76699
0.76699
0.76699
0.76699
0.76699
0.76699
0.76699
0.76699
0.76699
0.76699
0.76699
0.76699
0.76699
0.76699
0.76699
0.76699
0.76699
0.76699
0.76699
0.76699
0.76699
0.76699
0.76699
0.76699
0.76699
0.76699
0.76699
0.76699
0.76699
0.76699
0.76699
0.76699
0.76699
0.76699
0.76699
0.76699
0.76699
0.76699
0.76699
0.766979
0.76699
0.76699
0.76699
0.76699
0.76699
0.76699
0.76699
0.76699
0.766989
0.766989
0.766988
0.766988
0.766987
0.766986
0.766985
0.766982
0.766978
0.766525
0.766816
0.766922
0.766962
0.765897
0.763175
0.762971
0.762879
0.763266
0.764817
0.763832
0.762841
0.762857
0.763373
0.76292
0.763474
0.763493
0.763486
0.763488
0.759794
0.766984
0.73066
0.763504
0.75192
0.742159
0.766989
0.76699
0.76699
0.76699
0.76699
0.76699
0.76699
0.76699
0.76699
0.76699
0.76699
0.76699
0.76699
0.76699
0.76699
0.76699
0.76699
0.76699
0.76699
0.76699
0.76699
0.76699
0.76699
0.76699
0.76699
0.76699
0.76699
0.76699
0.76699
0.76699
0.76699
0.76699
0.76699
0.76699
0.76699
0.76699
0.76699
0.76699
0.76699
0.76699
0.76699
0.76699
0.76699
0.76699
0.76699
0.76699
0.76699
0.76699
0.76699
0.76699
0.76699
0.76699
0.76699
0.76699
0.76699
0.766988
0.766988
0.766985
0.766984
0.766979
0.766975
0.766971
0.766962
0.76695
0.766545
0.766814
0.766913
0.765897
0.763183
0.762974
0.762895
0.762858
0.763225
0.76474
0.763743
0.762851
0.763309
0.762553
0.763477
0.763453
0.763474
0.763476
0.758849
0.766987
0.743598
0.766644
0.751534
0.743242
0.76699
0.76699
0.76699
0.76699
0.76699
0.76699
0.76699
0.76699
0.76699
0.76699
0.76699
0.76699
0.76699
0.76699
0.76699
0.76699
0.76699
0.76699
0.76699
0.76699
0.76699
0.76699
0.76699
0.76699
0.76699
0.76699
0.76699
0.76699
0.76699
0.76699
0.76699
0.76699
0.76699
0.76699
0.76699
0.76699
0.76699
0.76699
0.76699
0.76699
0.76699
0.76699
0.76699
0.76699
0.76699
0.766989
0.76699
0.76699
0.76699
0.76699
0.76699
0.76699
0.766989
0.76699
0.766989
0.766989
0.766984
0.766985
0.766972
0.766971
0.766952
0.766942
0.766929
0.766904
0.766873
0.766529
0.766774
0.765833
0.762991
0.762894
0.762868
0.762854
0.763202
0.764635
0.76364
0.763209
0.76208
0.763462
0.763464
0.763432
0.763464
0.75781
0.766989
0.758396
0.766918
0.75024
0.747734
0.76699
0.76699
0.76699
0.76699
0.76699
0.76699
0.76699
0.76699
0.76699
0.76699
0.76699
0.76699
0.76699
0.76699
0.76699
0.76699
0.76699
0.76699
0.76699
0.76699
0.76699
0.76699
0.76699
0.76699
0.76699
0.76699
0.76699
0.76699
0.76699
0.76699
0.76699
0.76699
0.76699
0.76699
0.76699
0.76699
0.76699
0.76699
0.76699
0.76699
0.76699
0.76699
0.76699
0.76699
0.766987
0.76699
0.76699
0.76699
0.76699
0.76699
0.76699
0.76699
0.76699
0.766988
0.76699
0.766985
0.766986
0.766971
0.766972
0.766936
0.766934
0.766879
0.76686
0.766822
0.766767
0.766698
0.766447
0.765716
0.762906
0.762971
0.76287
0.762862
0.763185
0.764514
0.763557
0.763141
0.761384
0.763453
0.763451
0.763451
0.763413
0.756815
0.76699
0.765025
0.766982
0.749236
0.757733
0.76699
0.76699
0.76699
0.76699
0.76699
0.76699
0.76699
0.76699
0.76699
0.76699
0.76699
0.76699
0.76699
0.76699
0.76699
0.76699
0.76699
0.76699
0.76699
0.76699
0.76699
0.76699
0.76699
0.76699
0.76699
0.76699
0.76699
0.76699
0.76699
0.76699
0.76699
0.76699
0.76699
0.76699
0.76699
0.76699
0.76699
0.76699
0.76699
0.76699
0.76699
0.76699
0.76699
0.76699
0.766981
0.76699
0.76699
0.76699
0.76699
0.76699
0.76699
0.76699
0.76699
0.766989
0.766989
0.766984
0.76699
0.766975
0.766978
0.766933
0.766937
0.766849
0.766844
0.766721
0.766692
0.766604
0.766511
0.766324
0.765576
0.762876
0.762899
0.762982
0.762865
0.763171
0.764399
0.763493
0.762948
0.760527
0.763442
0.76344
0.76344
0.763383
0.754391
0.76699
0.766731
0.766989
0.75121
0.764397
0.76699
0.76699
0.76699
0.76699
0.76699
0.76699
0.76699
0.76699
0.76699
0.76699
0.76699
0.76699
0.76699
0.76699
0.76699
0.76699
0.76699
0.76699
0.76699
0.76699
0.76699
0.76699
0.76699
0.76699
0.76699
0.76699
0.76699
0.76699
0.76699
0.76699
0.76699
0.76699
0.76699
0.76699
0.76699
0.76699
0.76699
0.76699
0.76699
0.76699
0.76699
0.76699
0.76699
0.76699
0.766962
0.766989
0.76699
0.76699
0.76699
0.76699
0.76699
0.76699
0.76699
0.76699
0.766988
0.766986
0.76697
0.76699
0.766944
0.766952
0.766844
0.766853
0.766672
0.766665
0.766437
0.766389
0.766185
0.766059
0.765428
0.762869
0.762873
0.762902
0.762978
0.763161
0.764296
0.763448
0.763158
0.762515
0.759395
0.763432
0.763431
0.763425
0.763353
0.752575
0.76699
0.766945
0.76699
0.75691
0.766336
0.76699
0.76699
0.76699
0.76699
0.76699
0.76699
0.76699
0.76699
0.76699
0.76699
0.76699
0.76699
0.76699
0.76699
0.76699
0.76699
0.76699
0.76699
0.76699
0.76699
0.76699
0.76699
0.76699
0.76699
0.76699
0.76699
0.76699
0.76699
0.76699
0.76699
0.76699
0.76699
0.76699
0.76699
0.76699
0.76699
0.76699
0.76699
0.76699
0.76699
0.76699
0.76699
0.76699
0.76699
0.76699
0.766911
0.766989
0.76699
0.76699
0.76699
0.76699
0.76699
0.76699
0.76699
0.766989
0.76699
0.766989
0.766982
0.766977
0.766932
0.76687
0.766888
0.766664
0.766681
0.766358
0.766346
0.765963
0.765896
0.765309
0.762868
0.762875
0.762898
0.762974
0.763155
0.764204
0.763413
0.763047
0.761982
0.756844
0.763423
0.763422
0.763414
0.763336
0.753493
0.76699
0.766981
0.76699
0.763355
0.766841
0.76699
0.76699
0.76699
0.76699
0.76699
0.76699
0.76699
0.76699
0.76699
0.76699
0.76699
0.76699
0.76699
0.76699
0.76699
0.76699
0.76699
0.76699
0.76699
0.76699
0.76699
0.76699
0.76699
0.76699
0.76699
0.76699
0.76699
0.76699
0.76699
0.76699
0.76699
0.76699
0.76699
0.76699
0.76699
0.76699
0.76699
0.76699
0.76699
0.76699
0.76699
0.76699
0.76699
0.76699
0.76699
0.76699
0.766795
0.766986
0.76699
0.76699
0.76699
0.76699
0.76699
0.76699
0.76699
0.76699
0.766989
0.766989
0.766988
0.766966
0.766952
0.76684
0.766712
0.766749
0.766346
0.766375
0.765858
0.765844
0.765204
0.765137
0.76287
0.762873
0.762894
0.762968
0.763148
0.764128
0.763381
0.76296
0.760887
0.754775
0.763415
0.763414
0.763403
0.763259
0.756323
0.76699
0.766988
0.76699
0.76579
0.766959
0.76699
0.76699
0.76699
0.76699
0.76699
0.76699
0.76699
0.76699
0.76699
0.76699
0.76699
0.76699
0.76699
0.76699
0.76699
0.76699
0.76699
0.76699
0.76699
0.76699
0.76699
0.76699
0.76699
0.76699
0.76699
0.76699
0.76699
0.76699
0.76699
0.76699
0.76699
0.76699
0.76699
0.76699
0.76699
0.76699
0.76699
0.76699
0.76699
0.76699
0.76699
0.76699
0.76699
0.76699
0.76699
0.76699
0.76699
0.76699
0.766565
0.766977
0.76699
0.76699
0.76699
0.76699
0.76699
0.76699
0.76699
0.76699
0.766986
0.766988
0.766983
0.766922
0.766884
0.766649
0.766423
0.766486
0.765846
0.765895
0.765102
0.76509
0.764076
0.762869
0.762872
0.762889
0.762957
0.763142
0.763357
0.762678
0.758649
0.75517
0.763408
0.763407
0.763379
0.762816
0.763253
0.761912
0.76699
0.76699
0.76699
0.766666
0.766985
0.76699
0.76699
0.76699
0.76699
0.76699
0.76699
0.76699
0.76699
0.76699
0.76699
0.76699
0.76699
0.76699
0.76699
0.76699
0.76699
0.76699
0.76699
0.76699
0.76699
0.76699
0.76699
0.76699
0.76699
0.76699
0.76699
0.76699
0.76699
0.76699
0.76699
0.76699
0.76699
0.76699
0.76699
0.76699
0.76699
0.76699
0.76699
0.76699
0.76699
0.76699
0.76699
0.76699
0.76699
0.76699
0.76699
0.76699
0.76699
0.76699
0.766175
0.766951
0.76699
0.76699
0.76699
0.76699
0.76699
0.76699
0.76699
0.766989
0.766989
0.766979
0.766984
0.76697
0.766814
0.766735
0.766308
0.765962
0.766058
0.765123
0.765195
0.76405
0.764045
0.762869
0.762868
0.762881
0.762942
0.763134
0.763338
0.761917
0.756429
0.756735
0.763402
0.763399
0.76337
0.762824
0.76322
0.765228
0.76699
0.76699
0.76699
0.766915
0.766989
0.76699
0.76699
0.76699
0.76699
0.76699
0.76699
0.76699
0.76699
0.76699
0.76699
0.76699
0.76699
0.76699
0.76699
0.76699
0.76699
0.76699
0.76699
0.76699
0.76699
0.76699
0.76699
0.76699
0.76699
0.76699
0.76699
0.76699
0.76699
0.76699
0.76699
0.76699
0.76699
0.76699
0.76699
0.76699
0.76699
0.76699
0.76699
0.76699
0.76699
0.76699
0.76699
0.76699
0.76699
0.76699
0.76699
0.76699
0.76699
0.76699
0.76699
0.76699
0.765594
0.766881
0.76699
0.76699
0.76699
0.76699
0.76699
0.76699
0.76699
0.766989
0.766987
0.766988
0.76696
0.766975
0.766932
0.766592
0.76645
0.765778
0.765299
0.76543
0.764114
0.764235
0.763334
0.762867
0.762863
0.76287
0.762924
0.763121
0.760069
0.756628
0.760621
0.763397
0.763393
0.763352
0.762323
0.762822
0.763137
0.766452
0.76699
0.76699
0.76699
0.766975
0.76699
0.76699
0.76699
0.76699
0.76699
0.76699
0.76699
0.76699
0.76699
0.76699
0.76699
0.76699
0.76699
0.76699
0.76699
0.76699
0.76699
0.76699
0.76699
0.76699
0.76699
0.76699
0.76699
0.76699
0.76699
0.76699
0.76699
0.76699
0.76699
0.76699
0.76699
0.76699
0.76699
0.76699
0.76699
0.76699
0.76699
0.76699
0.76699
0.76699
0.76699
0.76699
0.76699
0.76699
0.76699
0.76699
0.76699
0.76699
0.76699
0.76699
0.76699
0.76699
0.76699
0.764781
0.766721
0.76699
0.76699
0.76699
0.76699
0.76699
0.76699
0.766989
0.766989
0.766983
0.766986
0.766912
0.766951
0.766832
0.766202
0.765987
0.765017
0.764388
0.764554
0.763344
0.763395
0.762864
0.762858
0.762861
0.762898
0.763107
0.757812
0.757534
0.764657
0.763393
0.763386
0.763326
0.760897
0.762419
0.762651
0.763149
0.766851
0.76699
0.76699
0.76699
0.766988
0.76699
0.76699
0.76699
0.76699
0.76699
0.76699
0.76699
0.76699
0.76699
0.76699
0.76699
0.76699
0.76699
0.76699
0.76699
0.76699
0.76699
0.76699
0.76699
0.76699
0.76699
0.76699
0.76699
0.76699
0.76699
0.76699
0.76699
0.76699
0.76699
0.76699
0.76699
0.76699
0.76699
0.76699
0.76699
0.76699
0.76699
0.76699
0.76699
0.76699
0.76699
0.76699
0.76699
0.76699
0.76699
0.76699
0.76699
0.76699
0.76699
0.76699
0.76699
0.76699
0.76699
0.76699
0.76699
0.763725
0.766415
0.76699
0.76699
0.76699
0.76699
0.76699
0.76699
0.766988
0.766987
0.766972
0.766981
0.766782
0.766889
0.766612
0.765611
0.765311
0.763999
0.763485
0.763568
0.763087
0.762862
0.762855
0.762841
0.762875
0.757694
0.760039
0.766206
0.763389
0.763378
0.763322
0.758858
0.761578
0.762671
0.763145
0.766962
0.76699
0.76699
0.76699
0.76699
0.76699
0.76699
0.76699
0.76699
0.76699
0.76699
0.76699
0.76699
0.76699
0.76699
0.76699
0.76699
0.76699
0.76699
0.76699
0.76699
0.76699
0.76699
0.76699
0.76699
0.76699
0.76699
0.76699
0.76699
0.76699
0.76699
0.76699
0.76699
0.76699
0.76699
0.76699
0.76699
0.76699
0.76699
0.76699
0.76699
0.76699
0.76699
0.76699
0.76699
0.76699
0.76699
0.76699
0.76699
0.76699
0.76699
0.76699
0.76699
0.76699
0.76699
0.76699
0.76699
0.76699
0.76699
0.76699
0.76699
0.76699
0.76316
0.765919
0.766989
0.76699
0.76699
0.76699
0.76699
0.76699
0.766986
0.766982
0.766946
0.766969
0.766502
0.766733
0.766217
0.764775
0.76436
0.763234
0.763109
0.763137
0.762982
0.76286
0.762845
0.762829
0.762855
0.75823
0.764158
0.766776
0.763386
0.763376
0.76331
0.758502
0.759826
0.76202
0.762806
0.763149
0.766985
0.76699
0.76699
0.76699
0.76699
0.76699
0.76699
0.76699
0.76699
0.76699
0.76699
0.76699
0.76699
0.76699
0.76699
0.76699
0.76699
0.76699
0.76699
0.76699
0.76699
0.76699
0.76699
0.76699
0.76699
0.76699
0.76699
0.76699
0.76699
0.76699
0.76699
0.76699
0.76699
0.76699
0.76699
0.76699
0.76699
0.76699
0.76699
0.76699
0.76699
0.76699
0.76699
0.76699
0.76699
0.76699
0.76699
0.76699
0.76699
0.76699
0.76699
0.76699
0.76699
0.76699
0.76699
0.76699
0.76699
0.76699
0.76699
0.76699
0.76699
0.76699
0.76699
0.76699
0.762988
0.765189
0.766989
0.76699
0.76699
0.76699
0.76699
0.766989
0.766981
0.766971
0.766878
0.76694
0.766019
0.766401
0.765609
0.763678
0.763402
0.762973
0.763022
0.763
0.762857
0.762843
0.762812
0.762829
0.759994
0.766009
0.766945
0.763384
0.76337
0.763301
0.758905
0.759253
0.760433
0.762139
0.762955
0.76318
0.766989
0.76699
0.76699
0.76699
0.76699
0.76699
0.76699
0.76699
0.76699
0.76699
0.76699
0.76699
0.76699
0.76699
0.76699
0.76699
0.76699
0.76699
0.76699
0.76699
0.76699
0.76699
0.76699
0.76699
0.76699
0.76699
0.76699
0.76699
0.76699
0.76699
0.76699
0.76699
0.76699
0.76699
0.76699
0.76699
0.76699
0.76699
0.76699
0.76699
0.76699
0.76699
0.76699
0.76699
0.76699
0.76699
0.76699
0.76699
0.76699
0.76699
0.76699
0.76699
0.76699
0.76699
0.76699
0.76699
0.76699
0.76699
0.76699
0.76699
0.76699
0.76699
0.76699
0.76699
0.76699
0.76699
0.762775
0.764184
0.766987
0.76699
0.76699
0.76699
0.76699
0.766989
0.76697
0.766944
0.766707
0.766873
0.765293
0.765846
0.764736
0.763093
0.763013
0.762907
0.762795
0.762853
0.76283
0.762802
0.763648
0.766715
0.766982
0.763382
0.763365
0.763305
0.760333
0.7596
0.759899
0.760677
0.762097
0.762965
0.763154
0.76699
0.76699
0.76699
0.76699
0.76699
0.76699
0.76699
0.76699
0.76699
0.76699
0.76699
0.76699
0.76699
0.76699
0.76699
0.76699
0.76699
0.76699
0.76699
0.76699
0.76699
0.76699
0.76699
0.76699
0.76699
0.76699
0.76699
0.76699
0.76699
0.76699
0.76699
0.76699
0.76699
0.76699
0.76699
0.76699
0.76699
0.76699
0.76699
0.76699
0.76699
0.76699
0.76699
0.76699
0.76699
0.76699
0.76699
0.76699
0.76699
0.76699
0.76699
0.76699
0.76699
0.76699
0.76699
0.76699
0.76699
0.76699
0.76699
0.76699
0.76699
0.76699
0.76699
0.76699
0.76699
0.76699
0.76699
0.76699
0.762775
0.762756
0.763287
0.766983
0.76699
0.76699
0.766989
0.76699
0.766988
0.766947
0.76688
0.766328
0.766712
0.764275
0.765007
0.763635
0.762891
0.7629
0.762781
0.76285
0.76283
0.765864
0.76693
0.766989
0.76338
0.763365
0.763298
0.763426
0.76087
0.760219
0.7604
0.760906
0.762053
0.762691
0.763145
0.76699
0.76699
0.76699
0.76699
0.76699
0.76699
0.76699
0.76699
0.76699
0.76699
0.76699
0.76699
0.76699
0.76699
0.76699
0.76699
0.76699
0.76699
0.76699
0.76699
0.76699
0.76699
0.76699
0.76699
0.76699
0.76699
0.76699
0.76699
0.76699
0.76699
0.76699
0.76699
0.76699
0.76699
0.76699
0.76699
0.76699
0.76699
0.76699
0.76699
0.76699
0.76699
0.76699
0.76699
0.76699
0.76699
0.76699
0.76699
0.76699
0.76699
0.76699
0.76699
0.76699
0.76699
0.76699
0.76699
0.76699
0.76699
0.76699
0.76699
0.76699
0.76699
0.76699
0.76699
0.76699
0.76699
0.76699
0.76699
0.76699
0.76699
0.76699
0.762817
0.762754
0.76273
0.762939
0.766973
0.76699
0.76699
0.766988
0.766989
0.766984
0.76689
0.766724
0.765693
0.766329
0.76333
0.763865
0.763059
0.762835
0.762825
0.76285
0.766676
0.76698
0.76699
0.763381
0.76336
0.763313
0.765801
0.763619
0.761451
0.76074
0.760834
0.761152
0.762048
0.762186
0.763102
0.76699
0.76699
0.76699
0.76699
0.76699
0.76699
0.76699
0.76699
0.76699
0.76699
0.76699
0.76699
0.76699
0.76699
0.76699
0.76699
0.76699
0.76699
0.76699
0.76699
0.76699
0.76699
0.76699
0.76699
0.76699
0.76699
0.76699
0.76699
0.76699
0.76699
0.76699
0.76699
0.76699
0.76699
0.76699
0.76699
0.76699
0.76699
0.76699
0.76699
0.76699
0.76699
0.76699
0.76699
0.76699
0.76699
0.76699
0.76699
0.76699
0.76699
0.76699
0.76699
0.76699
0.76699
0.76699
0.76699
0.76699
0.76699
0.76699
0.76699
0.76699
0.76699
0.76699
0.76699
0.76699
0.76699
0.76699
0.76699
0.76699
0.76699
0.76699
0.76699
0.76699
0.762845
0.762812
0.762751
0.762701
0.762834
0.766951
0.76699
0.76699
0.766985
0.766988
0.766977
0.766756
0.766372
0.764729
0.765624
0.762934
0.763138
0.762834
0.762846
0.766923
0.766989
0.76699
0.763379
0.76337
0.763301
0.766665
0.765872
0.764062
0.762046
0.761223
0.761239
0.761456
0.76263
0.76162
0.763038
0.76699
0.76699
0.76699
0.76699
0.76699
0.76699
0.76699
0.76699
0.76699
0.76699
0.76699
0.76699
0.76699
0.76699
0.76699
0.76699
0.76699
0.76699
0.76699
0.76699
0.76699
0.76699
0.76699
0.76699
0.76699
0.76699
0.76699
0.76699
0.76699
0.76699
0.76699
0.76699
0.76699
0.76699
0.76699
0.76699
0.76699
0.76699
0.76699
0.76699
0.76699
0.76699
0.76699
0.76699
0.76699
0.76699
0.76699
0.76699
0.76699
0.76699
0.76699
0.76699
0.76699
0.76699
0.76699
0.76699
0.76699
0.76699
0.76699
0.76699
0.76699
0.76699
0.76699
0.76699
0.76699
0.76699
0.76699
0.76699
0.76699
0.76699
0.76699
0.76699
0.76699
0.762844
0.762815
0.762729
0.762685
0.766904
0.76699
0.76699
0.766979
0.766986
0.766958
0.766459
0.765639
0.763602
0.764513
0.762795
0.762836
0.762786
0.766979
0.76699
0.76699
0.763383
0.763369
0.76328
0.766924
0.766697
0.766061
0.764726
0.762662
0.76178
0.761606
0.762001
0.761623
0.762322
0.763024
0.76699
0.76699
0.76699
0.76699
0.76699
0.76699
0.76699
0.76699
0.76699
0.76699
0.76699
0.76699
0.76699
0.76699
0.76699
0.76699
0.76699
0.76699
0.76699
0.76699
0.76699
0.76699
0.76699
0.76699
0.76699
0.76699
0.76699
0.76699
0.76699
0.76699
0.76699
0.76699
0.76699
0.76699
0.76699
0.76699
0.76699
0.76699
0.76699
0.76699
0.76699
0.76699
0.76699
0.76699
0.76699
0.76699
0.76699
0.76699
0.76699
0.76699
0.76699
0.76699
0.76699
0.76699
0.76699
0.76699
0.76699
0.76699
0.76699
0.76699
0.76699
0.76699
0.76699
0.76699
0.76699
0.76699
0.76699
0.76699
0.76699
0.76699
0.76699
0.76699
0.76699
0.762847
0.762806
0.762731
0.762664
0.76679
0.766989
0.76699
0.766964
0.766981
0.766918
0.765786
0.764402
0.763018
0.763465
0.762707
0.762775
0.766988
0.76699
0.76699
0.763387
0.763365
0.763278
0.766979
0.766933
0.766756
0.766305
0.765315
0.763568
0.762435
0.76169
0.761976
0.761979
0.761971
0.762917
0.76699
0.76699
0.76699
0.76699
0.76699
0.76699
0.76699
0.76699
0.76699
0.76699
0.76699
0.76699
0.76699
0.76699
0.76699
0.76699
0.76699
0.76699
0.76699
0.76699
0.76699
0.76699
0.76699
0.76699
0.76699
0.76699
0.76699
0.76699
0.76699
0.76699
0.76699
0.76699
0.76699
0.76699
0.76699
0.76699
0.76699
0.76699
0.76699
0.76699
0.76699
0.76699
0.76699
0.76699
0.76699
0.76699
0.76699
0.76699
0.76699
0.76699
0.76699
0.76699
0.76699
0.76699
0.76699
0.76699
0.76699
0.76699
0.76699
0.76699
0.76699
0.76699
0.76699
0.76699
0.76699
0.76699
0.76699
0.76699
0.76699
0.76699
0.76699
0.76699
0.76699
0.76699
0.76699
0.76699
0.76699
0.762847
0.762812
0.76271
0.762652
0.766535
0.766987
0.766989
0.766932
0.76697
0.766828
0.764477
0.763416
0.762774
0.762951
0.762631
0.76699
0.76699
0.76699
0.763385
0.763369
0.76324
0.766989
0.766981
0.766944
0.766832
0.766513
0.765834
0.764624
0.761812
0.763243
0.761839
0.76185
0.762131
0.762922
0.76699
0.76699
0.76699
0.76699
0.76699
0.76699
0.76699
0.76699
0.76699
0.76699
0.76699
0.76699
0.76699
0.76699
0.76699
0.76699
0.76699
0.76699
0.76699
0.76699
0.76699
0.76699
0.76699
0.76699
0.76699
0.76699
0.76699
0.76699
0.76699
0.76699
0.76699
0.76699
0.76699
0.76699
0.76699
0.76699
0.76699
0.76699
0.76699
0.76699
0.76699
0.76699
0.76699
0.76699
0.76699
0.76699
0.76699
0.76699
0.76699
0.76699
0.76699
0.76699
0.76699
0.76699
0.76699
0.76699
0.76699
0.76699
0.76699
0.76699
0.76699
0.76699
0.76699
0.76699
0.76699
0.76699
0.76699
0.76699
0.76699
0.76699
0.76699
0.76699
0.76699
0.76699
0.76699
0.76699
0.76699
0.762853
0.762809
0.762715
0.765983
0.766983
0.766988
0.766861
0.766946
0.766626
0.763443
0.762923
0.762727
0.762743
0.762626
0.762705
0.76699
0.76699
0.76699
0.763391
0.763358
0.763235
0.76699
0.766989
0.766982
0.766962
0.766887
0.766701
0.76627
0.762457
0.765546
0.762143
0.761921
0.761982
0.761939
0.762866
0.76699
0.76699
0.76699
0.76699
0.76699
0.76699
0.76699
0.76699
0.76699
0.76699
0.76699
0.76699
0.76699
0.76699
0.76699
0.76699
0.76699
0.76699
0.76699
0.76699
0.76699
0.76699
0.76699
0.76699
0.76699
0.76699
0.76699
0.76699
0.76699
0.76699
0.76699
0.76699
0.76699
0.76699
0.76699
0.76699
0.76699
0.76699
0.76699
0.76699
0.76699
0.76699
0.76699
0.76699
0.76699
0.76699
0.76699
0.76699
0.76699
0.76699
0.76699
0.76699
0.76699
0.76699
0.76699
0.76699
0.76699
0.76699
0.76699
0.76699
0.76699
0.76699
0.76699
0.76699
0.76699
0.76699
0.76699
0.76699
0.76699
0.76699
0.76699
0.76699
0.76699
0.76699
0.76699
0.76699
0.76699
0.76699
0.76699
0.76699
0.766989
0.76699
0.762856
0.762816
0.764743
0.766974
0.766985
0.766706
0.766893
0.76618
0.762924
0.762722
0.762703
0.7627
0.762613
0.762821
0.76699
0.76699
0.76699
0.76339
0.763357
0.763218
0.76699
0.76699
0.766989
0.766986
0.766972
0.766936
0.766827
0.76443
0.766618
0.763337
0.761954
0.762678
0.761914
0.761934
0.762753
0.76699
0.76699
0.76699
0.76699
0.76699
0.76699
0.76699
0.76699
0.76699
0.76699
0.76699
0.76699
0.76699
0.76699
0.76699
0.76699
0.76699
0.76699
0.76699
0.76699
0.76699
0.76699
0.76699
0.76699
0.76699
0.76699
0.76699
0.76699
0.76699
0.76699
0.76699
0.76699
0.76699
0.76699
0.76699
0.76699
0.76699
0.76699
0.76699
0.76699
0.76699
0.76699
0.76699
0.76699
0.76699
0.76699
0.76699
0.76699
0.76699
0.76699
0.76699
0.76699
0.76699
0.76699
0.76699
0.76699
0.76699
0.76699
0.76699
0.76699
0.76699
0.76699
0.76699
0.76699
0.76699
0.76699
0.76699
0.76699
0.76699
0.76699
0.76699
0.76699
0.76699
0.76699
0.76699
0.76699
0.76699
0.76699
0.76699
0.76699
0.766989
0.766987
0.76699
0.762866
0.763567
0.766956
0.766979
0.766379
0.766778
0.765212
0.762704
0.762685
0.762824
0.7627
0.762578
0.762876
0.76699
0.76699
0.76699
0.763391
0.763353
0.763167
0.76699
0.76699
0.76699
0.766989
0.766987
0.766982
0.766961
0.766126
0.766918
0.765541
0.762335
0.764642
0.762033
0.761897
0.762185
0.762758
0.76699
0.76699
0.76699
0.76699
0.76699
0.76699
0.76699
0.76699
0.76699
0.76699
0.76699
0.76699
0.76699
0.76699
0.76699
0.76699
0.76699
0.76699
0.76699
0.76699
0.76699
0.76699
0.76699
0.76699
0.76699
0.76699
0.76699
0.76699
0.76699
0.76699
0.76699
0.76699
0.76699
0.76699
0.76699
0.76699
0.76699
0.76699
0.76699
0.76699
0.76699
0.76699
0.76699
0.76699
0.76699
0.76699
0.76699
0.76699
0.76699
0.76699
0.76699
0.76699
0.76699
0.76699
0.76699
0.76699
0.76699
0.76699
0.76699
0.76699
0.76699
0.76699
0.76699
0.76699
0.76699
0.76699
0.76699
0.76699
0.76699
0.76699
0.76699
0.76699
0.76699
0.76699
0.76699
0.76699
0.76699
0.76699
0.76699
0.76699
0.76699
0.76699
0.76699
0.766989
0.766983
0.76699
0.762961
0.766918
0.766965
0.76573
0.766539
0.763864
0.762661
0.762885
0.762833
0.762686
0.762571
0.76699
0.76699
0.763391
0.763335
0.763154
0.76699
0.76699
0.76699
0.76699
0.76699
0.766989
0.766986
0.766797
0.76698
0.766602
0.763767
0.766225
0.761914
0.762045
0.763141
0.761918
0.76272
0.76699
0.76699
0.76699
0.76699
0.76699
0.76699
0.76699
0.76699
0.76699
0.76699
0.76699
0.76699
0.76699
0.76699
0.76699
0.76699
0.76699
0.76699
0.76699
0.76699
0.76699
0.76699
0.76699
0.76699
0.76699
0.76699
0.76699
0.76699
0.76699
0.76699
0.76699
0.76699
0.76699
0.76699
0.76699
0.76699
0.76699
0.76699
0.76699
0.76699
0.76699
0.76699
0.76699
0.76699
0.76699
0.76699
0.76699
0.76699
0.76699
0.76699
0.76699
0.76699
0.76699
0.76699
0.76699
0.76699
0.76699
0.76699
0.76699
0.76699
0.76699
0.76699
0.76699
0.76699
0.76699
0.76699
0.76699
0.76699
0.76699
0.76699
0.76699
0.76699
0.76699
0.76699
0.76699
0.76699
0.76699
0.76699
0.76699
0.76699
0.76699
0.76699
0.76699
0.76699
0.76699
0.766989
0.76699
0.76699
0.766986
0.766973
0.76699
0.762678
0.766835
0.766936
0.764393
0.766066
0.763113
0.762897
0.762842
0.762691
0.762534
0.76699
0.763383
0.763327
0.763133
0.76699
0.76699
0.76699
0.76699
0.76699
0.76699
0.76699
0.766958
0.766989
0.766917
0.765736
0.766828
0.762007
0.762711
0.765158
0.761897
0.761962
0.76263
0.76699
0.76699
0.76699
0.76699
0.76699
0.76699
0.76699
0.76699
0.76699
0.76699
0.76699
0.76699
0.76699
0.76699
0.76699
0.76699
0.76699
0.76699
0.76699
0.76699
0.76699
0.76699
0.76699
0.76699
0.76699
0.76699
0.76699
0.76699
0.76699
0.76699
0.76699
0.76699
0.76699
0.76699
0.76699
0.76699
0.76699
0.76699
0.76699
0.76699
0.76699
0.76699
0.76699
0.76699
0.76699
0.76699
0.76699
0.76699
0.76699
0.76699
0.76699
0.76699
0.76699
0.76699
0.76699
0.76699
0.76699
0.76699
0.76699
0.76699
0.76699
0.76699
0.76699
0.76699
0.76699
0.76699
0.76699
0.76699
0.76699
0.76699
0.76699
0.76699
0.76699
0.76699
0.76699
0.76699
0.76699
0.76699
0.76699
0.76699
0.76699
0.76699
0.76699
0.76699
0.76699
0.76699
0.76699
0.766988
0.766989
0.76699
0.766981
0.766951
0.76699
0.762617
0.766666
0.766877
0.76338
0.765133
0.762745
0.762914
0.762856
0.762687
0.762535
0.763379
0.763318
0.763081
0.76699
0.76699
0.76699
0.76699
0.76699
0.76699
0.76699
0.766986
0.76699
0.766979
0.766668
0.766964
0.762444
0.764541
0.766422
0.761934
0.761977
0.762288
0.762639
0.76699
0.76699
0.76699
0.76699
0.76699
0.76699
0.76699
0.76699
0.76699
0.76699
0.76699
0.76699
0.76699
0.76699
0.76699
0.76699
0.76699
0.76699
0.76699
0.76699
0.76699
0.76699
0.76699
0.76699
0.76699
0.76699
0.76699
0.76699
0.76699
0.76699
0.76699
0.76699
0.76699
0.76699
0.76699
0.76699
0.76699
0.76699
0.76699
0.76699
0.76699
0.76699
0.76699
0.76699
0.76699
0.76699
0.76699
0.76699
0.76699
0.76699
0.76699
0.76699
0.76699
0.76699
0.76699
0.76699
0.76699
0.76699
0.76699
0.76699
0.76699
0.76699
0.76699
0.76699
0.76699
0.76699
0.76699
0.76699
0.76699
0.76699
0.76699
0.76699
0.76699
0.76699
0.76699
0.76699
0.76699
0.76699
0.76699
0.76699
0.76699
0.76699
0.76699
0.76699
0.76699
0.76699
0.76699
0.76699
0.76699
0.76699
0.76699
0.766985
0.766989
0.76699
0.766968
0.766907
0.76699
0.762574
0.766338
0.766758
0.762832
0.763857
0.762581
0.762933
0.762871
0.762689
0.76251
0.763375
0.763293
0.763065
0.76699
0.76699
0.76699
0.76699
0.76699
0.76699
0.76699
0.76699
0.766989
0.766935
0.766987
0.763942
0.766111
0.766881
0.76193
0.762163
0.763456
0.761931
0.762611
0.76699
0.76699
0.76699
0.76699
0.76699
0.76699
0.76699
0.76699
0.76699
0.76699
0.76699
0.76699
0.76699
0.76699
0.76699
0.76699
0.76699
0.76699
0.76699
0.76699
0.76699
0.76699
0.76699
0.76699
0.76699
0.76699
0.76699
0.76699
0.76699
0.76699
0.76699
0.76699
0.76699
0.76699
0.76699
0.76699
0.76699
0.76699
0.76699
0.76699
0.76699
0.76699
0.76699
0.76699
0.76699
0.76699
0.76699
0.76699
0.76699
0.76699
0.76699
0.76699
0.76699
0.76699
0.76699
0.76699
0.76699
0.76699
0.76699
0.76699
0.76699
0.76699
0.76699
0.76699
0.76699
0.76699
0.76699
0.76699
0.76699
0.76699
0.76699
0.76699
0.76699
0.76699
0.76699
0.76699
0.76699
0.76699
0.76699
0.76699
0.76699
0.76699
0.76699
0.76699
0.76699
0.76699
0.76699
0.76699
0.76699
0.76699
0.76699
0.766979
0.766987
0.766989
0.766938
0.766822
0.76699
0.765733
0.766534
0.76254
0.76304
0.762536
0.762954
0.762881
0.762697
0.762469
0.76336
0.76328
0.76304
0.76699
0.76699
0.76699
0.76699
0.76699
0.76699
0.76699
0.766983
0.76699
0.765748
0.766782
0.766975
0.762107
0.763077
0.765374
0.761927
0.762056
0.762584
0.76699
0.76699
0.76699
0.76699
0.76699
0.76699
0.76699
0.76699
0.76699
0.76699
0.76699
0.76699
0.76699
0.76699
0.76699
0.76699
0.76699
0.76699
0.76699
0.76699
0.76699
0.76699
0.76699
0.76699
0.76699
0.76699
0.76699
0.76699
0.76699
0.76699
0.76699
0.76699
0.76699
0.76699
0.76699
0.76699
0.76699
0.76699
0.76699
0.76699
0.76699
0.76699
0.76699
0.76699
0.76699
0.76699
0.76699
0.76699
0.76699
0.76699
0.76699
0.76699
0.76699
0.76699
0.76699
0.76699
0.76699
0.76699
0.76699
0.76699
0.76699
0.76699
0.76699
0.76699
0.76699
0.76699
0.76699
0.76699
0.76699
0.76699
0.76699
0.76699
0.76699
0.76699
0.76699
0.76699
0.76699
0.76699
0.76699
0.76699
0.76699
0.76699
0.76699
0.76699
0.76699
0.76699
0.76699
0.76699
0.76699
0.76699
0.76699
0.76699
0.76699
0.76699
0.766964
0.766984
0.766988
0.76688
0.766672
0.76699
0.764596
0.766137
0.762467
0.762604
0.762968
0.762902
0.7627
0.762469
0.763351
0.763265
0.763013
0.76699
0.76699
0.76699
0.76699
0.76699
0.76699
0.766989
0.76699
0.766652
0.766958
0.766988
0.762803
0.765019
0.766485
0.761934
0.762031
0.762639
0.762557
0.76699
0.76699
0.76699
0.76699
0.76699
0.76699
0.76699
0.76699
0.76699
0.76699
0.76699
0.76699
0.76699
0.76699
0.76699
0.76699
0.76699
0.76699
0.76699
0.76699
0.76699
0.76699
0.76699
0.76699
0.76699
0.76699
0.76699
0.76699
0.76699
0.76699
0.76699
0.76699
0.76699
0.76699
0.76699
0.76699
0.76699
0.76699
0.76699
0.76699
0.76699
0.76699
0.76699
0.76699
0.76699
0.76699
0.76699
0.76699
0.76699
0.76699
0.76699
0.76699
0.76699
0.76699
0.76699
0.76699
0.76699
0.76699
0.76699
0.76699
0.76699
0.76699
0.76699
0.76699
0.76699
0.76699
0.76699
0.76699
0.76699
0.76699
0.76699
0.76699
0.76699
0.76699
0.76699
0.76699
0.76699
0.76699
0.76699
0.76699
0.76699
0.76699
0.76699
0.76699
0.76699
0.76699
0.76699
0.76699
0.76699
0.76699
0.76699
0.766989
0.76699
0.76699
0.76699
0.766935
0.766977
0.766986
0.766776
0.766416
0.76699
0.76349
0.765466
0.762407
0.762399
0.762991
0.762922
0.762709
0.762455
0.76334
0.763247
0.762986
0.76699
0.76699
0.76699
0.76699
0.76699
0.76699
0.76699
0.766931
0.766986
0.76699
0.76464
0.766306
0.766891
0.761934
0.762026
0.762541
0.764352
0.762544
0.76699
0.76699
0.76699
0.76699
0.76699
0.76699
0.76699
0.76699
0.76699
0.76699
0.76699
0.76699
0.76699
0.76699
0.76699
0.76699
0.76699
0.76699
0.76699
0.76699
0.76699
0.76699
0.76699
0.76699
0.76699
0.76699
0.76699
0.76699
0.76699
0.76699
0.76699
0.76699
0.76699
0.76699
0.76699
0.76699
0.76699
0.76699
0.76699
0.76699
0.76699
0.76699
0.76699
0.76699
0.76699
0.76699
0.76699
0.76699
0.76699
0.76699
0.76699
0.76699
0.76699
0.76699
0.76699
0.76699
0.76699
0.76699
0.76699
0.76699
0.76699
0.76699
0.76699
0.76699
0.76699
0.76699
0.76699
0.76699
0.76699
0.76699
0.76699
0.76699
0.76699
0.76699
0.76699
0.76699
0.76699
0.76699
0.76699
0.76699
0.76699
0.76699
0.76699
0.76699
0.76699
0.76699
0.76699
0.76699
0.76699
0.76699
0.76699
0.76699
0.76699
0.766989
0.76699
0.76699
0.766881
0.766964
0.766981
0.766607
0.765997
0.76699
0.762833
0.76434
0.76234
0.763017
0.762938
0.762723
0.762429
0.763327
0.763228
0.762964
0.76699
0.76699
0.76699
0.76699
0.76699
0.76699
0.766983
0.76699
0.76699
0.766123
0.766836
0.766977
0.761948
0.762025
0.762513
0.764154
0.765943
0.762523
0.76699
0.76699
0.76699
0.76699
0.76699
0.76699
0.76699
0.76699
0.76699
0.76699
0.76699
0.76699
0.76699
0.76699
0.76699
0.76699
0.76699
0.76699
0.76699
0.76699
0.76699
0.76699
0.76699
0.76699
0.76699
0.76699
0.76699
0.76699
0.76699
0.76699
0.76699
0.76699
0.76699
0.76699
0.76699
0.76699
0.76699
0.76699
0.76699
0.76699
0.76699
0.76699
0.76699
0.76699
0.76699
0.76699
0.76699
0.76699
0.76699
0.76699
0.76699
0.76699
0.76699
0.76699
0.76699
0.76699
0.76699
0.76699
0.76699
0.76699
0.76699
0.76699
0.76699
0.76699
0.76699
0.76699
0.76699
0.76699
0.76699
0.76699
0.76699
0.76699
0.76699
0.76699
0.76699
0.76699
0.76699
0.76699
0.76699
0.76699
0.76699
0.76699
0.76699
0.76699
0.76699
0.76699
0.76699
0.76699
0.76699
0.76699
0.76699
0.76699
0.76699
0.766988
0.76699
0.76679
0.766939
0.766972
0.766354
0.765367
0.76699
0.762466
0.763413
0.762287
0.763035
0.762964
0.762734
0.762442
0.763313
0.763209
0.762938
0.76699
0.76699
0.76699
0.76699
0.766989
0.76699
0.76699
0.766781
0.766968
0.766989
0.761951
0.762029
0.762524
0.764048
0.765824
0.766714
0.762506
0.76699
0.76699
0.76699
0.76699
0.76699
0.76699
0.76699
0.76699
0.76699
0.76699
0.76699
0.76699
0.76699
0.76699
0.76699
0.76699
0.76699
0.76699
0.76699
0.76699
0.76699
0.76699
0.76699
0.76699
0.76699
0.76699
0.76699
0.76699
0.76699
0.76699
0.76699
0.76699
0.76699
0.76699
0.76699
0.76699
0.76699
0.76699
0.76699
0.76699
0.76699
0.76699
0.76699
0.76699
0.76699
0.76699
0.76699
0.76699
0.76699
0.76699
0.76699
0.76699
0.76699
0.76699
0.76699
0.76699
0.76699
0.76699
0.76699
0.76699
0.76699
0.76699
0.76699
0.76699
0.76699
0.76699
0.76699
0.76699
0.76699
0.76699
0.76699
0.76699
0.76699
0.76699
0.76699
0.76699
0.76699
0.76699
0.76699
0.76699
0.76699
0.766989
0.766986
0.76699
0.76699
0.76699
0.76699
0.76699
0.76699
0.76699
0.76699
0.76699
0.76699
0.76699
0.76699
0.76699
0.76699
0.766652
0.766897
0.766957
0.765987
0.764434
0.76699
0.762274
0.762813
0.763064
0.762982
0.76276
0.762225
0.762428
0.763297
0.763189
0.762915
0.76699
0.76699
0.76699
0.76699
0.76699
0.76699
0.766958
0.766988
0.76699
0.761973
0.762039
0.762554
0.764056
0.76572
0.766666
0.766946
0.762492
0.76699
0.76699
0.76699
0.76699
0.76699
0.76699
0.76699
0.76699
0.76699
0.76699
0.76699
0.76699
0.76699
0.76699
0.76699
0.76699
0.76699
0.76699
0.76699
0.76699
0.76699
0.76699
0.76699
0.76699
0.76699
0.76699
0.76699
0.76699
0.76699
0.76699
0.76699
0.76699
0.76699
0.76699
0.76699
0.76699
0.76699
0.76699
0.76699
0.76699
0.76699
0.76699
0.76699
0.76699
0.76699
0.76699
0.76699
0.76699
0.76699
0.76699
0.76699
0.76699
0.76699
0.76699
0.76699
0.76699
0.76699
0.76699
0.76699
0.76699
0.76699
0.76699
0.76699
0.76699
0.76699
0.76699
0.76699
0.76699
0.76699
0.76699
0.76699
0.76699
0.76699
0.76699
0.76699
0.76699
0.76699
0.76699
0.766989
0.766982
0.76699
0.76699
0.76699
0.76699
0.76699
0.76699
0.76699
0.76699
0.76699
0.76699
0.76699
0.76699
0.76699
0.76699
0.76699
0.766459
0.766834
0.766935
0.765489
0.763694
0.76699
0.762449
0.763083
0.763012
0.762776
0.762178
0.762436
0.76328
0.763169
0.762891
0.76699
0.76699
0.76699
0.76699
0.76699
0.766987
0.76699
0.76699
0.761992
0.762052
0.762618
0.764095
0.765701
0.766622
0.766936
0.766985
0.762489
0.76699
0.76699
0.76699
0.76699
0.76699
0.76699
0.76699
0.76699
0.76699
0.76699
0.76699
0.76699
0.76699
0.76699
0.76699
0.76699
0.76699
0.76699
0.76699
0.76699
0.76699
0.76699
0.76699
0.76699
0.76699
0.76699
0.76699
0.76699
0.76699
0.76699
0.76699
0.76699
0.76699
0.76699
0.76699
0.76699
0.76699
0.76699
0.76699
0.76699
0.76699
0.76699
0.76699
0.76699
0.76699
0.76699
0.76699
0.76699
0.76699
0.76699
0.76699
0.76699
0.76699
0.76699
0.76699
0.76699
0.76699
0.76699
0.76699
0.76699
0.76699
0.76699
0.76699
0.76699
0.76699
0.76699
0.76699
0.76699
0.76699
0.76699
0.76699
0.76699
0.766988
0.766977
0.76699
0.76699
0.76699
0.76699
0.76699
0.76699
0.76699
0.76699
0.76699
0.76699
0.76699
0.76699
0.76699
0.76699
0.76699
0.766206
0.766744
0.766903
0.76485
0.763191
0.762259
0.763114
0.763032
0.762798
0.762139
0.76243
0.763262
0.763147
0.762872
0.76699
0.76699
0.76699
0.76699
0.76699
0.76699
0.76699
0.762019
0.7621
0.762724
0.764183
0.765719
0.766608
0.766927
0.766984
0.76699
0.762481
0.76699
0.76699
0.76699
0.76699
0.76699
0.76699
0.76699
0.76699
0.76699
0.76699
0.76699
0.76699
0.76699
0.76699
0.76699
0.76699
0.76699
0.76699
0.76699
0.76699
0.76699
0.76699
0.76699
0.76699
0.76699
0.76699
0.76699
0.76699
0.76699
0.76699
0.76699
0.76699
0.76699
0.76699
0.76699
0.76699
0.76699
0.76699
0.76699
0.76699
0.76699
0.76699
0.76699
0.76699
0.76699
0.76699
0.76699
0.76699
0.76699
0.76699
0.76699
0.76699
0.76699
0.76699
0.76699
0.76699
0.76699
0.766987
0.76697
0.76699
0.76699
0.76699
0.76699
0.76699
0.76699
0.76699
0.76699
0.76699
0.76699
0.76699
0.76699
0.76699
0.76699
0.765895
0.766628
0.766862
0.76429
0.762783
0.762158
0.763134
0.763054
0.762813
0.762108
0.763244
0.763127
0.76285
0.76699
0.76699
0.76699
0.76699
0.76699
0.762048
0.762145
0.762857
0.76432
0.765766
0.766613
0.766923
0.766983
0.76699
0.76699
0.76699
0.76699
0.76699
0.76699
0.76699
0.76699
0.76699
0.76699
0.76699
0.76699
0.76699
0.76699
0.76699
0.76699
0.76699
0.76699
0.76699
0.76699
0.76699
0.76699
0.76699
0.76699
0.76699
0.76699
0.76699
0.76699
0.76699
0.76699
0.76699
0.76699
0.76699
0.76699
0.76699
0.76699
0.76699
0.76699
0.76699
0.76699
0.76699
0.76699
0.76699
0.76699
0.76699
0.76699
0.76699
0.76699
0.766986
0.766961
0.76699
0.76699
0.76699
0.76699
0.76699
0.76699
0.76699
0.76699
0.76699
0.76699
0.766989
0.766985
0.765519
0.766485
0.766813
0.763775
0.762466
0.762073
0.763155
0.763073
0.763225
0.763106
0.76699
0.76699
0.762271
0.763082
0.764519
0.765859
0.766629
0.766924
0.766983
0.766989
0.76699
0.76699
0.76699
0.76699
0.76699
0.76699
0.76699
0.76699
0.76699
0.76699
0.76699
0.76699
0.76699
0.76699
0.76699
0.76699
0.76699
0.76699
0.76699
0.76699
0.76699
0.76699
0.76699
0.76699
0.76699
0.76699
0.76699
0.76699
0.76699
0.76699
0.76699
0.76699
0.76699
0.76699
0.76699
0.76699
0.76699
0.76699
0.76699
0.76699
0.76699
0.76699
0.76699
0.76699
0.76699
0.766951
0.76699
0.766989
0.766989
0.766984
0.766983
0.766941
0.765111
0.766322
0.76676
0.763374
0.763174
0.763205
0.764786
0.765997
0.766661
0.766927
0.766983
0.76699
0.76699
0.76699
0.76699
0.76699
0.76699
0.76699
0.76699
0.76699
0.76699
0.76699
0.76699
0.76699
0.76699
0.76699
0.76699
0.76699
0.76699
0.76699
0.76699
0.76699
0.76699
0.76699
0.76699
0.76699
0.76699
0.76699
0.76699
0.76699
0.76699
0.76699
0.76699
0.76699
0.76699
0.76699
0.76699
0.76699
0.76699
0.76699
0.76699
0.76699
0.766932
0.766708
0.766154
0.76699
0.76699
0.76699
0.76699
0.76699
0.76699
0.76699
0.76699
0.76699
0.76699
0.76699
0.76699
0.76699
0.76699
0.76699
0.76699
0.76699
0.76699
0.76699
0.76699
0.76699
0.76699
0.76699
0.76699
0.76699
0.76699
0.76699
0.76699
0.76699
0.76699
0.76699
0.76699
0.76699
0.76699
0.76699
0.76699
0.76699
0.76699
0.76699
0.76699
0.76699
0.76699
0.76699
0.76699
0.76699
0.76699
0.76699
0.76699
0.76699
0.76699
0.76699
0.76699
0.76699
0.76699
0.76699
0.76699
0.76699
0.76699
0.76699
0.76699
0.76699
0.76699
0.76699
0.76699
0.76699
0.76699
0.76699
0.76699
0.76699
0.76699
0.76699
0.76699
0.76699
0.76699
0.76699
0.76699
0.76699
0.76699
0.76699
0.76699
0.76699
0.76699
0.76699
0.76699
0.76699
0.76699
0.76699
0.76699
0.76699
0.76699
0.76699
0.76699
0.76699
0.76699
0.76699
0.76699
0.76699
0.76699
0.76699
0.76699
0.76699
0.76699
0.76699
0.76699
0.76699
0.76699
0.76699
0.76699
0.76699
0.76699
0.76699
0.76699
0.76699
0.76699
0.76699
0.76699
0.76699
0.76699
0.76699
0.76699
0.76699
0.76699
0.76699
0.76699
0.76699
0.76699
0.76699
0.76699
0.76699
0.76699
0.76699
0.76699
0.76699
0.76699
0.76699
0.76699
0.76699
0.76699
0.76699
0.76699
0.76699
0.76699
0.76699
0.76699
0.76699
0.76699
0.76699
0.76699
0.76699
0.76699
0.76699
0.76699
0.76699
0.76699
0.76699
0.76699
0.76699
0.76699
0.76699
0.76699
0.76699
0.76699
0.76699
0.76699
0.76699
0.76699
0.76699
0.76699
0.76699
0.76699
0.76699
0.76699
0.76699
0.76699
0.76699
0.76699
0.76699
0.76699
0.76699
0.76699
0.76699
0.76699
0.76699
0.76699
0.76699
0.76699
0.76699
0.76699
0.76699
0.76699
0.76699
0.76699
0.76699
0.76699
0.76699
0.76699
0.76699
0.76699
0.76699
0.76699
0.76699
0.76699
0.76699
0.76699
0.76699
0.76699
0.76699
0.76699
0.76699
0.76699
0.76699
0.76699
0.76699
0.76699
0.76699
0.76699
0.76699
0.76699
0.76699
0.76699
0.76699
0.76699
0.76699
0.76699
0.76699
0.76699
0.76699
0.76699
0.76699
0.76699
0.76699
0.76699
0.76699
0.76699
0.76699
0.76699
0.76699
0.76699
0.76699
0.76699
0.76699
0.76699
0.76699
0.76699
0.76699
0.76699
0.76699
0.76699
0.76699
0.76699
0.76699
0.76699
0.76699
0.76699
0.76699
0.76699
0.76699
0.76699
0.76699
0.76699
0.76699
0.76699
0.76699
0.76699
0.76699
0.76699
0.76699
0.76699
0.76699
0.76699
0.76699
0.76699
0.76699
0.76699
0.76699
0.76699
0.76699
0.76699
0.76699
0.76699
0.76699
0.76699
0.76699
0.76699
0.76699
0.76699
0.76699
0.76699
0.76699
0.76699
0.76699
0.76699
0.76699
0.76699
0.76699
0.76699
0.76699
0.76699
0.76699
0.76699
0.76699
0.76699
0.76699
0.76699
0.76699
0.76699
0.76699
0.76699
0.76699
0.76699
0.76699
0.76699
0.76699
0.76699
0.76699
0.76699
0.76699
0.76699
0.76699
0.76699
0.76699
0.76699
0.76699
0.76699
0.76699
0.76699
0.76699
0.76699
0.76699
0.76699
0.76699
0.76699
0.76699
0.76699
0.76699
0.76699
0.76699
0.76699
0.76699
0.76699
0.76699
0.76699
0.76699
0.76699
0.76699
0.76699
0.76699
0.76699
0.76699
0.76699
0.76699
0.76699
0.76699
0.76699
0.76699
0.76699
0.76699
0.76699
0.76699
0.76699
0.76699
0.76699
0.76699
0.76699
0.76699
0.76699
0.76699
0.76699
0.76699
0.76699
0.76699
0.76699
0.76699
0.76699
0.76699
0.76699
0.76699
0.76699
0.76699
0.76699
0.76699
0.76699
0.76699
0.76699
0.76699
0.76699
0.76699
0.76699
0.76699
0.76699
0.76699
0.76699
0.76699
0.76699
0.76699
0.76699
0.76699
0.76699
0.76699
0.76699
0.76699
0.76699
)
;

boundaryField
{
    lowerOutlet
    {
        type            inletOutlet;
        inletValue      uniform 0.76699;
        value           nonuniform List<scalar> 
146
(
0.76699
0.76699
0.76699
0.76699
0.76699
0.76699
0.76699
0.76699
0.76699
0.76699
0.76699
0.76699
0.76699
0.76699
0.76699
0.76699
0.76699
0.76699
0.76699
0.76699
0.76699
0.76699
0.76699
0.76699
0.76699
0.76699
0.76699
0.76699
0.76699
0.76699
0.76699
0.76699
0.76699
0.76699
0.76699
0.76699
0.76699
0.76699
0.76699
0.76699
0.76699
0.76699
0.765814
0.76699
0.76699
0.76699
0.76699
0.765005
0.74717
0.76699
0.76699
0.76699
0.76699
0.76699
0.76699
0.76699
0.76699
0.76699
0.76699
0.76699
0.76699
0.76699
0.76699
0.76699
0.76699
0.76699
0.76699
0.76699
0.76699
0.76699
0.76699
0.76699
0.76699
0.76699
0.76699
0.76699
0.76699
0.76699
0.76699
0.76699
0.76699
0.76699
0.76699
0.76699
0.76699
0.76699
0.76699
0.76699
0.76699
0.76699
0.76699
0.76699
0.76699
0.76699
0.76699
0.76699
0.76699
0.76699
0.76699
0.766661
0.76699
0.765968
0.76586
0.76699
0.765022
0.760529
0.76699
0.76699
0.76699
0.76699
0.76699
0.76699
0.76699
0.76699
0.76699
0.76699
0.76699
0.76699
0.765414
0.76699
0.76699
0.76699
0.76699
0.76699
0.76699
0.76699
0.76699
0.76699
0.76699
0.76699
0.765376
0.76699
0.76699
0.766761
0.76699
0.76699
0.76699
0.76699
0.76699
0.76699
0.76699
0.76699
0.76699
0.76699
0.76699
0.76699
)
;
    }
    top
    {
        type            inletOutlet;
        inletValue      uniform 0.76699;
        value           nonuniform List<scalar> 
100
(
0.76699
0.76699
0.76699
0.76699
0.76699
0.76699
0.76699
0.76699
0.76699
0.76699
0.76699
0.76699
0.76699
0.76699
0.76699
0.76699
0.76699
0.76699
0.76699
0.766989
0.766984
0.766961
0.766906
0.766844
0.766823
0.76683
0.76688
0.766938
0.76696
0.766965
0.766958
0.766945
0.76693
0.766915
0.766906
0.766903
0.766906
0.76692
0.766941
0.766963
0.76698
0.766987
0.766989
0.76699
0.76699
0.76699
0.76699
0.76699
0.76699
0.76699
0.76699
0.76699
0.76699
0.76699
0.76699
0.76699
0.76699
0.76699
0.76699
0.76699
0.76699
0.76699
0.76699
0.76699
0.76699
0.76699
0.76699
0.76699
0.76699
0.76699
0.76699
0.76699
0.76699
0.76699
0.76699
0.76699
0.76699
0.76699
0.76699
0.76699
0.76699
0.76699
0.76699
0.76699
0.76699
0.76699
0.76699
0.76699
0.76699
0.76699
0.76699
0.76699
0.76699
0.76699
0.76699
0.76699
0.76699
0.76699
0.76699
0.76699
)
;
    }
    sides
    {
        type            inletOutlet;
        inletValue      uniform 0.76699;
        value           uniform 0.76699;
    }
    front
    {
        type            empty;
    }
    back
    {
        type            empty;
    }
    roller
    {
        type            zeroGradient;
    }
    burner
    {
        type            fixedValue;
        value           uniform 0.732;
    }
}


// ************************************************************************* //
