/*--------------------------------*- C++ -*----------------------------------*\
  =========                 |
  \\      /  F ield         | OpenFOAM: The Open Source CFD Toolbox
   \\    /   O peration     | Website:  https://openfoam.org
    \\  /    A nd           | Version:  dev
     \\/     M anipulation  |
\*---------------------------------------------------------------------------*/
FoamFile
{
    version     2.0;
    format      ascii;
    class       volScalarField;
    location    "2500";
    object      T;
}
// * * * * * * * * * * * * * * * * * * * * * * * * * * * * * * * * * * * * * //

dimensions      [0 0 0 1 0 0 0];

internalField   nonuniform List<scalar> 
9834
(
300.1
300.14
300.118
300.16
300.241
300.112
300.147
300.289
300.235
300.092
300.158
300.326
300.332
300.224
300.086
300.135
300.33
300.388
300.323
300.194
300.074
300.139
300.344
300.424
300.401
300.305
300.172
300.07
300.148
300.336
300.439
300.464
300.392
300.276
300.162
300.066
300.133
300.323
300.45
300.512
300.462
300.36
300.252
300.151
300.068
300.134
300.325
300.452
300.534
300.527
300.449
300.337
300.235
300.141
300.061
300.14
300.31
300.452
300.546
300.574
300.518
300.418
300.315
300.222
300.141
300.063
300.146
300.297
300.45
300.549
300.602
300.573
300.488
300.385
300.295
300.208
300.133
300.059
300.148
300.284
300.436
300.551
300.621
300.623
300.562
300.458
300.363
300.282
300.204
300.131
300.06
300.148
300.29
300.425
300.547
300.632
300.655
300.617
300.534
300.43
300.347
300.27
300.2
300.126
300.059
300.148
300.289
300.405
300.528
300.638
300.681
300.663
300.597
300.498
300.407
300.332
300.263
300.195
300.126
300.056
300.151
300.281
300.388
300.527
300.637
300.699
300.702
300.652
300.568
300.473
300.39
300.319
300.255
300.189
300.125
300.054
300.152
300.283
300.381
300.516
300.631
300.715
300.728
300.697
300.628
300.535
300.45
300.376
300.313
300.251
300.188
300.122
300.056
300.144
300.283
300.381
300.5
300.611
300.715
300.751
300.74
300.678
300.598
300.509
300.434
300.369
300.309
300.249
300.187
300.118
300.055
300.151
300.283
300.374
300.473
300.591
300.718
300.765
300.775
300.728
300.654
300.567
300.489
300.422
300.361
300.303
300.247
300.185
300.119
300.054
300.152
300.278
300.376
300.466
300.59
300.712
300.776
300.799
300.775
300.707
300.624
300.542
300.472
300.413
300.356
300.302
300.244
300.182
300.116
300.053
300.145
300.275
300.363
300.461
300.58
300.696
300.778
300.816
300.81
300.753
300.677
300.595
300.522
300.46
300.406
300.352
300.299
300.241
300.18
300.114
300.052
300.145
300.275
300.36
300.457
300.559
300.682
300.775
300.83
300.835
300.801
300.729
300.649
300.574
300.509
300.452
300.4
300.349
300.297
300.242
300.18
300.113
300.051
300.147
300.272
300.354
300.441
300.542
300.665
300.768
300.834
300.858
300.84
300.779
300.698
300.623
300.556
300.499
300.446
300.398
300.349
300.298
300.241
300.179
300.111
300.05
300.144
300.264
300.351
300.434
300.518
300.637
300.757
300.836
300.876
300.87
300.826
300.748
300.674
300.603
300.542
300.492
300.444
300.398
300.349
300.297
300.238
300.177
300.111
300.047
300.141
300.259
300.344
300.426
300.508
300.621
300.737
300.833
300.886
300.895
300.864
300.797
300.722
300.649
300.588
300.534
300.486
300.442
300.397
300.349
300.297
300.239
300.173
300.109
300.047
300.135
300.252
300.336
300.413
300.499
300.605
300.717
300.824
300.891
300.913
300.897
300.846
300.767
300.692
300.63
300.576
300.528
300.483
300.441
300.396
300.351
300.296
300.238
300.174
300.108
300.047
300.134
300.245
300.328
300.402
300.491
300.581
300.69
300.812
300.893
300.93
300.925
300.885
300.816
300.74
300.672
300.614
300.568
300.525
300.482
300.443
300.399
300.35
300.296
300.236
300.169
300.105
300.045
300.131
300.238
300.323
300.396
300.479
300.567
300.68
300.801
300.891
300.939
300.948
300.919
300.858
300.786
300.716
300.657
300.605
300.561
300.522
300.482
300.442
300.399
300.35
300.295
300.234
300.167
300.103
300.045
300.126
300.232
300.316
300.387
300.471
300.559
300.651
300.784
300.882
300.944
300.966
300.947
300.901
300.827
300.755
300.694
300.642
300.598
300.559
300.522
300.484
300.444
300.4
300.351
300.295
300.232
300.166
300.1
300.042
300.123
300.23
300.308
300.379
300.461
300.542
300.633
300.76
300.87
300.944
300.977
300.975
300.934
300.867
300.795
300.732
300.679
300.634
300.596
300.56
300.524
300.487
300.446
300.402
300.352
300.294
300.23
300.163
300.099
300.042
300.12
300.221
300.302
300.372
300.45
300.529
300.615
300.738
300.856
300.94
300.989
300.996
300.963
300.905
300.832
300.768
300.715
300.669
300.63
300.596
300.562
300.527
300.49
300.449
300.404
300.352
300.293
300.228
300.162
300.098
300.042
300.112
300.213
300.296
300.365
300.438
300.517
300.606
300.714
300.836
300.935
300.993
301.009
300.993
300.94
300.87
300.8
300.746
300.703
300.664
300.63
300.599
300.565
300.53
300.493
300.452
300.405
300.352
300.292
300.227
300.161
300.098
300.042
300.112
300.212
300.289
300.356
300.428
300.502
300.592
300.69
300.813
300.922
300.993
301.025
301.016
300.973
300.907
300.836
300.774
300.732
300.695
300.662
300.633
300.602
300.569
300.534
300.496
300.454
300.407
300.353
300.292
300.227
300.162
300.1
300.043
300.107
300.199
300.28
300.35
300.418
300.493
300.58
300.674
300.791
300.909
300.99
301.033
301.038
301.008
300.945
300.875
300.807
300.758
300.723
300.692
300.664
300.637
300.606
300.573
300.538
300.499
300.456
300.408
300.353
300.293
300.229
300.164
300.1
300.019
300.044
300.105
300.197
300.273
300.344
300.411
300.486
300.571
300.662
300.768
300.893
300.983
301.036
301.055
301.035
300.983
300.916
300.848
300.79
300.749
300.718
300.692
300.668
300.642
300.611
300.577
300.541
300.501
300.458
300.409
300.354
300.295
300.231
300.16
300.074
300.106
300.019
300.046
300.101
300.193
300.263
300.34
300.406
300.479
300.558
300.649
300.75
300.873
300.974
301.036
301.065
301.058
301.015
300.952
300.889
300.83
300.781
300.747
300.72
300.697
300.676
300.648
300.617
300.581
300.544
300.504
300.459
300.411
300.357
300.297
300.21
300.24
300.14
300.195
300.174
300.075
300.107
300.019
300.048
300.093
300.186
300.258
300.331
300.402
300.471
300.549
300.637
300.731
300.852
300.959
301.033
301.07
301.073
301.041
300.98
300.916
300.866
300.818
300.781
300.755
300.736
300.719
300.693
300.66
300.623
300.585
300.546
300.505
300.461
300.413
300.359
300.272
300.305
300.231
300.142
300.21
300.178
300.079
300.112
300.02
300.05
300.093
300.184
300.256
300.324
300.392
300.466
300.543
300.627
300.718
300.833
300.945
301.026
301.075
301.083
301.059
301.006
300.941
300.88
300.846
300.82
300.807
300.812
300.818
300.796
300.742
300.681
300.631
300.588
300.547
300.506
300.463
300.416
300.338
300.369
300.268
300.304
300.246
300.148
300.215
300.185
300.083
300.119
300.021
300.053
300.092
300.174
300.252
300.32
300.387
300.465
300.534
300.618
300.705
300.815
300.929
301.019
301.076
301.097
301.074
301.026
300.965
300.902
300.862
300.849
300.873
300.956
301.076
301.13
301.027
300.852
300.721
300.643
300.59
300.548
300.508
300.466
300.401
300.429
300.339
300.373
300.284
300.321
300.254
300.156
300.225
300.196
300.088
300.127
300.022
300.057
300.088
300.173
300.251
300.31
300.377
300.459
300.532
300.614
300.696
300.796
300.91
301.006
301.075
301.108
301.098
301.047
300.982
300.925
300.88
300.871
300.936
301.148
301.523
301.89
301.932
301.534
301.065
300.781
300.654
300.592
300.548
300.509
300.458
300.482
300.406
300.436
300.357
300.392
300.293
300.332
300.265
300.167
300.238
300.21
300.095
300.137
300.024
300.061
300.081
300.165
300.243
300.312
300.384
300.457
300.529
300.607
300.685
300.777
300.892
300.992
301.07
301.114
301.118
301.082
301.01
300.938
300.898
300.89
300.987
301.33
302.004
302.817
303.347
303.189
302.224
301.276
300.822
300.657
300.591
300.548
300.508
300.53
300.467
300.495
300.427
300.461
300.371
300.41
300.306
300.349
300.28
300.181
300.255
300.228
300.103
300.149
300.025
300.066
300.084
300.168
300.238
300.306
300.375
300.453
300.527
300.602
300.676
300.768
300.869
300.977
301.063
301.116
301.132
301.107
301.048
300.968
300.909
300.904
301.021
301.457
302.369
303.571
304.629
305.066
304.443
302.756
301.349
300.814
300.652
300.589
300.554
300.577
300.528
300.566
300.502
300.558
300.457
300.524
300.396
300.463
300.327
300.385
300.305
300.198
300.282
300.255
300.112
300.164
300.027
300.072
300.077
300.157
300.229
300.296
300.373
300.45
300.524
300.599
300.672
300.761
300.853
300.959
301.054
301.116
301.142
301.129
301.079
301.004
300.931
300.911
301.031
301.53
302.571
303.958
305.359
306.446
306.635
305.35
302.855
301.269
300.782
300.64
300.599
300.628
300.622
300.713
300.652
300.823
300.645
300.882
300.584
300.839
300.482
300.692
300.375
300.513
300.363
300.224
300.344
300.315
300.124
300.186
300.028
300.079
300.074
300.156
300.223
300.289
300.363
300.442
300.518
300.598
300.672
300.754
300.843
300.942
301.044
301.114
301.149
301.146
301.105
301.036
300.96
300.927
301.026
301.531
302.699
304.003
305.327
306.778
307.866
307.678
305.499
302.535
301.106
300.731
300.662
300.702
300.809
300.958
301.112
301.505
301.348
302.073
301.37
302.365
301.182
302.212
300.85
301.671
300.546
301.04
300.564
300.275
300.551
300.501
300.14
300.224
300.029
300.087
300.073
300.154
300.221
300.285
300.349
300.425
300.505
300.597
300.671
300.75
300.837
300.926
301.035
301.109
301.153
301.161
301.129
301.066
300.989
300.946
301.009
301.478
302.648
303.745
304.701
306.291
307.958
308.947
307.87
304.9
301.922
300.928
300.795
300.698
301.075
301.255
301.972
302.49
302.965
303.924
303.662
305.089
303.843
305.709
303.368
305.626
302.256
304.692
301.217
302.857
301.311
300.419
301.283
301.127
300.165
300.32
300.031
300.098
300.074
300.154
300.222
300.286
300.349
300.417
300.503
300.599
300.67
300.748
300.83
300.916
301.023
301.103
301.154
301.172
301.151
301.095
301.019
300.964
300.993
301.367
302.494
303.446
303.959
304.946
307.071
309.084
309.383
307.135
303.665
301.363
301.43
301.405
301.811
302.983
303.492
304.862
305.74
306.505
307.822
307.607
309.426
308.019
310.345
307.553
310.421
305.984
309.392
303.325
307.055
303.502
300.88
303.351
302.926
300.215
300.599
300.034
300.116
300.076
300.156
300.223
300.287
300.35
300.413
300.51
300.605
300.667
300.749
300.827
300.911
301.013
301.097
301.154
301.18
301.17
301.122
301.049
300.984
300.985
301.254
302.258
303.252
303.537
303.892
305.37
308.362
310.055
308.897
305.464
302.295
301.922
304.763
305.173
303.933
304.363
306.515
307.235
309.001
310.049
311.091
312.576
312.552
314.569
313.229
315.755
312.84
316.038
311.046
314.97
307.801
312.371
308.08
302.238
307.785
306.883
300.346
301.424
300.035
300.148
300.083
300.163
300.227
300.292
300.355
300.418
300.51
300.599
300.666
300.751
300.827
300.907
301.004
301.092
301.153
301.186
301.186
301.148
301.08
301.006
300.985
301.159
301.98
303.108
303.336
303.236
304.075
306.849
310.122
310.119
307.12
303.558
302.648
305.614
305.943
308.837
309.259
307.845
308.375
310.952
311.776
313.876
315.003
316.324
317.889
318.146
320.094
319.031
321.36
318.769
321.701
316.87
320.955
313.223
318.32
313.527
305.301
313.214
312.239
300.706
303.416
300.035
300.231
300.094
300.18
300.24
300.3
300.361
300.426
300.51
300.604
300.67
300.75
300.827
300.903
300.998
301.084
301.151
301.19
301.199
301.171
301.109
301.032
300.993
301.089
301.706
302.95
303.249
302.927
303.209
305.373
309.544
310.919
308.737
305.124
303.869
306.654
306.457
309.667
310.088
313.559
313.998
312.47
313.057
315.958
316.805
319.185
320.224
321.587
322.559
322.722
323.488
323.202
323.838
323.224
324.038
322.452
324.102
319.165
323.328
319.382
310.403
318.899
317.853
301.768
307.774
300.036
300.547
300.087
300.2
300.266
300.316
300.372
300.444
300.521
300.615
300.677
300.752
300.829
300.905
300.994
301.08
301.148
301.193
301.209
301.191
301.137
301.062
301.007
301.046
301.478
302.695
303.215
302.9
302.7
304.039
308.139
311.358
310.358
306.878
305.339
309.772
310.493
311.611
314.409
314.793
318.562
318.958
317.5
318.083
321.06
321.741
323.205
323.653
323.902
324.134
324.087
324.121
324.215
324.007
324.462
324.131
324.638
324.572
323.877
325.056
324.143
316.253
324.001
323.199
304.464
314.077
300.161
302.409
300.148
300.286
300.349
300.392
300.468
300.531
300.624
300.682
300.756
300.83
300.908
300.993
301.074
301.146
301.194
301.217
301.208
301.163
301.093
301.026
301.026
301.302
302.332
303.183
303.015
302.452
303.024
306.33
311.17
311.691
308.822
306.871
310.801
316.069
315.814
315.205
315.594
319.325
319.62
322.893
323.066
322.252
322.634
323.975
324.198
324.304
324.416
324.038
323.845
323.458
322.655
323.122
321.578
323.604
321.464
324.638
322.711
325.472
324.734
325.884
322.154
326.251
326.485
311.348
321.461
304.333
315.227
300.196
300.375
300.432
300.499
300.547
300.629
300.685
300.761
300.833
300.911
300.994
301.07
301.143
301.195
301.223
301.223
301.188
301.122
301.049
301.024
301.18
301.957
303.112
303.171
302.442
302.436
304.485
309.778
312.383
310.919
308.542
311.6
318.542
320.327
320.9
319.922
320.169
323.221
323.255
324.494
324.496
324.343
324.462
324.454
324.443
323.567
323.254
321.85
321.144
320.079
318.895
319.035
317.256
319.572
316.658
321.868
317.779
325.034
321.458
325.661
326.755
326.423
326.827
327.32
324.402
325.956
327.294
314.658
327.213
300.334
300.488
300.543
300.567
300.629
300.694
300.768
300.839
300.916
300.998
301.067
301.141
301.195
301.228
301.235
301.209
301.151
301.077
301.032
301.106
301.651
302.911
303.27
302.711
302.193
303.085
307.305
312.253
312.633
310.554
312.087
318.442
322.518
321.961
323.013
322.796
323.249
323.184
324.467
324.376
324.185
324.015
324.401
324.314
322.91
322.546
320.514
319.93
318.028
317.377
316.427
316.147
315.316
315.182
314.901
314.138
316.573
313.593
321.519
316.084
318.76
324.404
321.788
327.208
328.059
327.645
325.483
322.955
322.328
325.987
328.535
329.187
328.339
328.685
306.291
330.067
323.061
329.234
300.512
300.607
300.601
300.643
300.713
300.78
300.848
300.924
301.003
301.066
301.138
301.196
301.232
301.245
301.227
301.178
301.108
301.049
301.069
301.419
302.544
303.303
303.046
302.18
302.286
304.888
310.822
313.279
312.606
312.665
317.991
321.631
320.886
322.829
322.385
323.624
323.244
324.192
323.942
323.797
323.533
321.514
321.225
322.181
321.833
319.35
318.748
316.792
316.118
316.02
315.756
315.468
315.948
314.56
315.921
313.487
313.559
314.047
314.996
314.174
312.963
313.253
313.174
312.75
315.953
319.057
316.029
313.778
319.376
326.476
328.292
326.991
323.77
320.75
319.981
324.419
329.998
329.379
328.863
304.948
320.06
325.044
330.203
329.446
300.661
300.659
300.673
300.733
300.797
300.861
300.934
301.006
301.068
301.136
301.196
301.235
301.252
301.244
301.202
301.137
301.071
301.057
301.261
302.138
303.275
303.296
302.484
301.975
303.111
307.871
313.01
313.888
313.801
317.187
320.523
321.889
321.513
321.895
321.606
322.561
322.219
323.227
322.899
320.972
320.77
317.476
317.334
318.199
317.763
315.353
314.554
315.287
314.512
316.314
316.345
317.88
319.773
316.212
317.781
319.323
321.074
314.066
315.363
317.03
312.646
312.433
314.205
314.368
313.001
313.652
316.391
313.731
312.428
316.842
324.985
327.557
325.539
321.575
317.487
318.275
322.332
329.435
329.962
328.137
319.141
327.926
327.967
330.182
330.142
300.75
300.72
300.757
300.816
300.875
300.946
301.014
301.077
301.136
301.197
301.239
301.258
301.256
301.225
301.166
301.098
301.061
301.164
301.793
303.1
303.436
302.904
301.948
302.108
305.046
311.221
314.087
314.862
316.791
319.434
320.73
320.363
321.309
321.053
320.492
320.515
320.496
320.481
320.627
320.542
317.383
317.549
313.466
313.674
313.907
313.511
313.384
312.014
315.823
314.708
320.955
321.096
322.507
323.999
324.957
325.85
318.93
320.931
322.887
324.675
315.841
317.865
320.111
312.232
312.883
316.266
316.566
314.424
312.328
314.001
312.32
312.084
314.43
322.997
326.155
323.655
319.133
315.05
315.833
319.995
328.799
329.528
326.887
319.519
330.297
327.662
330.17
330.646
300.786
300.792
300.838
300.891
300.96
301.025
301.086
301.137
301.198
301.243
301.265
301.263
301.242
301.194
301.127
301.077
301.115
301.53
302.729
303.484
303.256
302.267
301.73
302.975
307.949
313.494
315.189
316.706
318.65
319.863
320.403
320.283
320.516
320.492
319.483
319.814
318.671
319.09
317.865
318.257
314.212
315.012
310.229
310.876
310.697
310.136
313.089
311.138
320.207
318.077
326.198
326.379
326.159
325.642
326.181
327.341
328.122
328.533
322.401
324.57
326.478
328.03
318.595
321.126
323.645
312.743
314.357
319.145
319.475
316.685
311.961
312.402
311.858
312.545
312.631
320.807
324.429
321.641
316.703
313.042
313.679
317.658
327.809
328.876
325.421
312.4
330.329
323.454
329.942
330.605
300.839
300.864
300.909
300.974
301.038
301.096
301.142
301.2
301.247
301.273
301.274
301.252
301.213
301.157
301.1
301.099
301.351
302.325
303.459
303.496
302.721
301.685
301.86
304.802
311.083
314.947
316.641
318.25
319.431
320.208
320.079
320.277
320.271
320.062
320.218
319.046
319.565
317.628
318.395
315.894
316.782
312.051
313.387
307.972
308.947
308.949
307.946
314.929
311.321
325.066
322.251
328.605
328.322
327.766
327.046
329.17
329.879
330.159
330.049
325.956
327.929
329.482
330.576
321.91
324.612
327.04
314.145
316.608
322.448
322.727
319.571
312.308
311.851
312.039
313.807
311.879
318.638
322.639
319.687
314.526
312.006
312.285
315.543
326.678
328.122
323.945
301.738
329.286
315.414
329.586
330.309
300.897
300.931
300.99
301.051
301.106
301.149
301.203
301.25
301.28
301.286
301.266
301.225
301.176
301.125
301.101
301.246
301.979
303.31
303.625
303.116
301.974
301.468
302.6
307.304
313.511
316.291
317.924
319.154
320.117
320.427
320.407
320.37
320.429
319.955
320.22
318.844
319.456
317.095
318.056
314.724
315.975
310.456
312.1
306.183
306.967
307.971
306.433
317.896
312.524
326.372
325.209
322.097
323.972
329.56
328.862
328.099
327.276
331.204
331.35
331.11
330.435
329.06
330.612
331.671
332.231
325.308
327.849
329.927
316.333
319.434
325.757
325.963
322.759
313.365
311.854
312.877
315.867
311.711
316.65
320.964
317.928
312.845
311.653
311.683
313.758
325.565
327.431
322.597
301.341
327.701
314.38
329.321
330.011
300.958
301.009
301.066
301.118
301.156
301.207
301.255
301.286
301.297
301.282
301.243
301.189
301.143
301.118
301.198
301.733
303.014
303.668
303.42
302.424
301.41
301.554
303.967
309.328
314.688
317.21
318.715
319.724
320.247
319.973
320.507
320.445
320.424
320.506
319.91
320.23
318.262
318.931
316.347
317.402
313.678
315.101
308.494
310.181
304.374
304.651
307.318
304.916
319.965
317.138
312.85
325.708
324.7
321.809
323.467
329.605
328.639
327.597
326.627
332.308
332.026
331.24
330.232
331.488
332.535
333.07
333.138
328.416
330.573
332.17
319.061
322.551
328.775
328.926
325.944
315.221
312.428
314.433
318.446
312.004
314.983
319.504
316.456
311.892
311.632
311.446
312.499
324.613
326.928
321.496
303.109
327.303
321.066
329.181
329.882
301.031
301.083
301.128
301.163
301.213
301.26
301.293
301.305
301.297
301.262
301.209
301.156
301.134
301.188
301.595
302.735
303.663
303.625
302.809
301.595
301.235
302.015
305.076
310.075
315.084
317.607
318.776
318.82
319.662
319.021
320.095
319.971
320.013
320.108
319.427
319.783
316.63
317.374
314.571
315.695
311.802
313.267
305.829
307.273
302.767
302.581
306.875
303.776
319.704
317.125
313.681
310.668
324.233
323.366
320.818
322.291
328.925
327.519
326.21
325.125
332.883
332.087
331.008
329.507
333.223
333.765
333.855
333.67
331.031
332.693
333.779
322.088
325.69
331.325
331.455
328.884
317.606
313.579
316.529
321.333
312.658
313.695
318.332
315.351
311.459
311.889
311.402
311.841
323.905
326.594
320.671
313.606
328.785
326.398
329.087
330.063
301.099
301.136
301.169
301.22
301.266
301.3
301.315
301.308
301.28
301.23
301.183
301.15
301.196
301.553
302.559
303.609
303.741
303.116
301.947
301.192
301.262
302.476
305.432
310.053
314.377
316.48
316.695
316.059
314.996
317.882
317.021
318.634
318.389
318.583
318.686
317.933
318.326
313.568
314.375
311.424
312.577
308.74
310.133
302.957
303.839
302.074
301.637
307.988
305.452
303.346
318.878
316.453
312.902
310.243
322.259
321.524
319.36
320.628
327.753
325.941
324.334
323.12
332.99
331.958
330.545
328.715
334.343
334.459
334.335
333.82
333.077
334.22
334.834
325.168
328.618
333.337
333.471
331.422
320.276
315.171
318.759
324.293
313.613
312.889
317.496
314.693
311.345
312.314
311.537
311.64
323.407
326.388
320.125
303.388
329.84
319.346
329.041
330.321
301.142
301.175
301.226
301.273
301.308
301.325
301.322
301.295
301.259
301.215
301.185
301.225
301.561
302.51
303.556
303.797
303.339
302.262
301.272
301.074
301.377
302.613
305.351
308.773
311.28
311.783
309.632
312.208
310.293
314.524
313.517
315.606
315.204
315.677
315.749
314.987
315.422
309.241
310.053
307.232
308.287
304.914
306.087
301.532
301.668
302.16
301.672
301.355
307.732
305.491
302.762
304.081
317.609
315.408
311.966
309.698
320.051
319.426
317.622
318.693
326.554
324.296
322.323
320.913
332.962
331.72
330.042
327.938
334.982
334.908
334.503
333.792
334.563
335.234
335.42
328.061
331.165
334.806
334.946
333.457
322.92
316.716
320.741
327.025
314.64
312.602
317.061
314.515
311.405
312.962
311.928
311.756
323.126
326.302
319.913
301.888
328.819
313.842
329.073
330.299
301.184
301.233
301.282
301.316
301.336
301.336
301.318
301.286
301.262
301.262
301.322
301.628
302.528
303.546
303.82
303.482
302.503
301.421
301.06
301.054
301.41
302.528
304.297
305.796
306.057
304.751
303.968
303.122
307.419
305.69
309.909
308.822
311.173
310.686
311.347
311.39
310.692
311.12
304.488
305.133
303.086
303.788
301.995
302.501
301.06
300.962
302.272
301.732
301.477
301.2
307.551
305.637
303.201
304.354
316.071
314.15
310.928
309.079
317.807
317.244
315.716
316.638
325.484
322.902
320.537
318.764
332.728
331.263
329.421
327.125
335.387
335.063
334.494
333.635
335.544
335.761
335.743
330.531
333.168
335.77
335.881
334.91
325.085
318.206
322.54
329.098
315.772
312.756
317.035
314.673
311.691
313.817
312.589
312.188
323.073
326.316
319.981
301.035
326.964
309.961
329.256
330.209
301.24
301.29
301.324
301.347
301.351
301.341
301.328
301.351
301.436
301.581
301.848
302.619
303.554
303.823
303.551
302.656
301.557
301.092
300.997
301.038
301.34
301.946
302.473
302.546
301.982
301.15
301.475
301.111
303.038
302.152
304.825
303.976
305.952
305.498
306.166
306.179
305.658
305.988
301.608
301.818
301.205
301.399
300.957
301.063
300.992
300.797
302.736
301.99
301.747
301.308
307.318
305.713
303.586
304.554
314.384
312.755
309.868
308.438
315.675
315.088
313.748
314.553
324.442
321.59
318.94
316.876
332.475
330.982
329.016
326.609
335.573
335.039
334.358
333.41
336.019
336.026
335.904
332.259
334.436
336.194
336.252
335.751
326.914
319.712
324.206
330.709
317.027
313.356
317.311
315.433
312.325
314.867
313.622
313.054
323.196
326.52
320.355
300.285
325.314
305.841
329.574
330.157
301.295
301.335
301.357
301.366
301.368
301.398
301.498
301.705
301.931
302.24
302.875
303.586
303.82
303.563
302.722
301.653
301.146
301.003
300.964
300.986
301.105
301.222
301.228
301.045
300.812
300.698
300.779
300.733
301.055
300.883
301.565
301.291
302.048
301.832
302.196
302.175
302.005
302.128
300.743
300.782
300.683
300.71
300.717
300.685
301.229
300.969
300.749
300.842
302.954
302.31
301.933
301.543
307.042
305.729
303.694
304.579
312.638
311.308
308.747
307.681
313.736
313.058
311.758
312.49
323.758
320.603
317.542
315.134
332.191
330.651
328.752
326.361
335.508
334.905
334.173
333.223
336.235
336.148
335.816
333.522
335.34
336.353
336.347
336.133
328.499
321.201
325.737
332.017
318.367
314.722
318.186
317.207
313.486
316.204
315.16
314.753
323.658
326.941
321.329
300.09
323.272
303.627
329.955
330.165
301.342
301.367
301.381
301.4
301.471
301.684
301.989
302.294
302.643
303.199
303.65
303.804
303.545
302.723
301.692
301.187
301.029
300.968
300.926
300.906
300.904
300.884
300.822
300.75
300.7
300.663
300.672
300.67
300.674
300.694
300.679
300.752
300.718
300.83
300.792
300.862
300.855
300.822
300.846
300.587
300.594
300.593
300.586
300.683
300.617
301.292
301.07
300.772
300.894
302.987
302.406
301.943
301.581
306.6
305.554
303.651
304.375
310.842
309.816
307.513
306.741
311.911
311.136
309.858
310.551
323.462
320.171
316.771
313.793
332.038
330.557
328.665
326.297
335.329
334.722
333.993
333.136
336.285
336.108
335.633
334.538
335.745
336.328
336.217
336.142
329.93
322.725
327.391
333.281
320.04
317.053
320.144
319.791
315.705
318.336
318.15
317.54
324.429
327.53
322.974
300.125
322.529
304.276
330.286
330.311
301.378
301.397
301.428
301.56
301.864
302.274
302.646
303.034
303.41
303.672
303.762
303.47
302.67
301.689
301.206
301.053
300.995
300.938
300.893
300.856
300.824
300.789
300.749
300.714
300.677
300.656
300.651
300.658
300.649
300.639
300.643
300.633
300.635
300.63
300.632
300.62
300.626
300.602
300.611
300.553
300.556
300.565
300.554
300.715
300.652
300.598
301.292
301.085
300.803
300.92
302.861
302.37
301.848
301.551
305.935
305.136
303.369
303.925
309.07
308.282
306.254
305.67
310.615
309.206
308.024
308.518
323.413
320.076
316.54
313.24
332.057
330.737
329.039
326.873
335.052
334.518
333.887
333.191
336.19
335.944
335.284
334.962
335.559
336.128
335.576
335.729
331.658
324.754
329.762
333.795
322.918
319.866
322.39
322.229
319.197
322.004
321.994
320.718
325.591
328.159
324.707
302.834
324.006
311.262
330.649
330.693
301.407
301.456
301.633
302.052
302.543
302.972
303.295
303.531
303.665
303.675
303.29
302.501
301.644
301.217
301.071
301.02
300.978
300.923
300.872
300.829
300.794
300.764
300.732
300.697
300.662
300.643
300.641
300.65
300.634
300.619
300.626
300.607
300.613
300.594
300.601
300.575
300.585
300.561
300.567
300.528
300.53
300.546
300.531
300.711
300.648
300.571
300.599
301.22
301.066
300.806
300.917
302.531
302.166
301.601
301.409
305.085
304.49
302.882
303.294
307.42
306.836
304.798
304.469
310.263
308.09
306.17
306.897
324.135
320.823
317.102
313.414
332.377
331.406
330.111
328.392
334.707
334.189
333.713
333.156
335.903
335.398
334.645
334.597
334.805
335.102
333.578
334.362
332.234
327.89
330.568
333.091
326.404
322.357
324.38
324.269
322.378
325.37
324.586
323.13
326.755
329.012
326.147
322.743
328.299
327.89
331.094
331.475
301.469
301.702
302.198
302.786
303.206
303.435
303.565
303.625
303.505
303.023
302.24
301.546
301.217
301.093
301.044
301.008
300.967
300.92
300.866
300.82
300.786
300.753
300.717
300.685
300.648
300.641
300.632
300.632
300.623
300.606
300.614
300.59
300.598
300.574
300.583
300.551
300.562
300.539
300.545
300.497
300.506
300.515
300.56
300.499
300.715
300.645
300.587
301.127
301.031
300.81
300.909
302.043
301.808
301.336
301.247
304.126
303.687
302.233
302.503
305.627
305.191
303.648
303.183
311.564
308.397
305.635
306.631
326.053
323.064
319.386
315.408
332.594
331.958
331.288
330.415
333.999
333.584
333.177
332.842
334.523
333.175
332.405
333.323
332.694
332.539
332.428
332.419
331.654
328.996
330.23
331.867
327.475
324.293
325.845
325.373
324.299
326.084
325.196
324.556
327.926
329.877
327.25
322.651
331.751
332.544
331.601
332.399
301.729
302.325
302.966
303.334
303.495
303.551
303.524
303.235
302.674
301.948
301.456
301.21
301.118
301.073
301.035
301
300.962
300.914
300.86
300.815
300.777
300.742
300.707
300.674
300.627
300.631
300.621
300.644
300.622
300.62
300.614
300.594
300.605
300.572
300.584
300.549
300.56
300.533
300.54
300.515
300.527
300.467
300.469
300.551
300.571
300.498
300.549
300.477
300.734
300.643
300.594
301.175
301.09
300.853
300.968
301.544
301.428
301.316
301.268
302.925
302.696
301.627
301.817
304.9
304.268
303.524
302.803
315.99
311.788
306.613
308.567
329.042
326.837
323.689
319.957
332.453
332.124
331.699
331.305
331.765
331.491
331.361
331.379
332.291
332.147
324.402
331.924
324.826
324.604
325.279
324.94
330.695
328.247
329.142
324.768
326.73
325.063
326.735
326.147
324.828
325.548
324.878
324.826
328.676
330.592
327.878
301.231
333.192
327.936
332.199
333.012
302.388
303.089
303.407
303.497
303.496
303.304
302.882
302.271
301.717
301.378
301.211
301.136
301.101
301.065
301.028
300.995
300.957
300.906
300.851
300.807
300.769
300.735
300.699
300.66
300.615
300.622
300.61
300.636
300.61
300.6
300.583
300.591
300.562
300.572
300.541
300.552
300.515
300.53
300.482
300.497
300.459
300.457
300.706
300.69
300.702
300.535
300.513
300.472
300.912
300.712
301.648
301.538
301.156
301.364
301.44
301.372
301.701
301.694
302.381
301.991
301.506
301.716
305.352
304.417
304.763
303.285
323.684
319.372
311.163
314.726
330.86
330.174
328.892
326.603
331.326
331.333
331.327
331.318
324.639
324.879
324.883
325.385
324.718
325.299
318.042
325.437
317.872
317.767
317.95
317.789
324.51
323.81
324.903
318.005
323.172
325.81
327.262
326.612
324.759
322.48
321.876
325.324
329.156
330.947
328.421
301.423
333.556
325.617
332.534
333.483
303.14
303.42
303.479
303.362
303.015
302.472
301.923
301.551
301.323
301.216
301.159
301.125
301.095
301.061
301.024
300.991
300.951
300.895
300.843
300.802
300.764
300.731
300.689
300.65
300.601
300.607
300.615
300.599
300.632
300.588
300.568
300.579
300.545
300.557
300.519
300.533
300.486
300.503
300.463
300.473
300.462
300.493
300.444
301.099
301.09
301.038
301.02
300.651
300.595
301.496
302.747
302.598
301.951
302.319
301.748
301.727
302.824
302.824
302.5
301.908
301.845
302.117
308.348
306.527
308.549
305.869
329.766
328.152
320.221
324.949
331.25
331.147
331.124
330.448
325.337
325.859
325.998
326.635
318.24
318.505
318.516
319.089
317.746
318.445
310.352
318.089
310.074
310.074
310.135
310.061
317.954
317.871
318.148
310.178
317.671
325.885
327.642
326.465
321.735
317.314
316.902
324.631
320.893
329.823
331.754
328.955
398.121
333.544
329.966
332.991
333.753
303.407
303.433
303.16
302.661
302.092
301.695
301.449
301.306
301.227
301.187
301.15
301.121
301.091
301.057
301.02
300.988
300.942
300.884
300.838
300.8
300.76
300.725
300.682
300.643
300.627
300.589
300.593
300.601
300.611
300.576
300.552
300.564
300.526
300.539
300.498
300.512
300.473
300.485
300.455
300.463
300.547
300.625
300.534
300.456
300.434
301.996
301.942
301.856
301.726
300.915
300.769
302.728
304.736
304.498
303.486
304.076
302.864
302.827
304.84
304.839
303.864
302.585
303.122
303.592
315.269
311.696
315.162
311.001
331.398
331.429
329.172
330.785
326.961
330.727
331.46
331.34
319.054
319.662
319.758
320.54
310.561
310.668
310.777
311.056
310.1
310.54
303.289
310.195
303.172
303.195
303.188
303.176
310.179
310.216
310.316
303.201
310.187
325.913
327.637
326.974
316.616
310.055
309.857
320.908
316.258
330.29
331.928
328.765
719.012
333.908
347.484
333.294
334.003
303.317
302.968
302.355
301.845
301.565
301.401
301.312
301.253
301.215
301.186
301.142
301.105
301.081
301.05
301.017
300.985
300.932
300.876
300.837
300.799
300.756
300.72
300.678
300.637
300.622
300.617
300.58
300.586
300.595
300.605
300.566
300.54
300.552
300.515
300.527
300.488
300.502
300.464
300.475
300.439
300.453
301.065
300.797
300.605
300.476
300.431
303.416
303.647
303.409
302.874
301.411
304.738
307.629
307.274
305.834
306.676
305.013
304.865
307.894
307.806
307.33
304.738
305.606
306.607
326.026
320.444
325.024
318.385
328.835
331.753
332.082
332.088
320.684
328.026
327.863
328.482
311.145
311.382
311.607
311.921
303.338
303.384
303.433
303.493
303.222
303.309
303.193
303.196
303.228
303.23
303.218
320.784
327.652
326.429
320.614
309.719
303.178
303.133
316.005
309.519
330.308
332.233
328.968
838.602
334.994
397.597
333.4
334.069
302.711
302.102
301.716
301.506
301.395
301.331
301.29
301.253
301.217
301.182
301.143
301.103
301.073
301.044
301.015
300.98
300.922
300.874
300.836
300.796
300.754
300.718
300.674
300.634
300.613
300.61
300.6
300.573
300.58
300.589
300.559
300.533
300.546
300.506
300.52
300.477
300.491
300.453
300.466
300.421
300.435
302.187
301.537
301.016
300.699
300.503
300.527
300.451
300.414
305.701
305.869
305.367
304.374
307.48
311.423
310.891
308.93
310.058
308.487
308.063
312.1
311.794
313.26
309.087
309.589
311.538
331.48
329.423
331.657
328.563
323.055
329.517
332.423
329.518
312.234
322.197
322.042
322.548
303.568
303.636
303.704
303.833
315.726
327.819
321.088
315.507
303.087
309.375
303.032
330.653
332.584
329.052
951.762
338.823
578.75
333.617
334.553
302.005
301.676
301.507
301.416
301.356
301.315
301.282
301.244
301.217
301.179
301.14
301.102
301.066
301.038
301.015
300.975
300.916
300.874
300.834
300.794
300.754
300.716
300.673
300.632
300.607
300.604
300.596
300.592
300.583
300.566
300.573
300.552
300.524
300.538
300.494
300.509
300.469
300.48
300.435
300.454
300.405
300.415
303.21
302.079
301.279
300.797
300.566
300.456
300.416
308.466
308.351
307.349
305.877
310.65
315.987
315.13
312.484
313.974
313.5
312.544
317.351
316.702
321.868
315.604
315.275
318.741
332.859
332.899
333.933
333.766
313.565
323.949
330.355
323.82
303.903
312.69
312.926
313.22
309.168
328.276
320.573
315.816
309.049
302.991
330.568
332.526
328.984
978.178
356.33
740.663
333.772
336.087
301.751
301.549
301.453
301.4
301.361
301.323
301.293
301.258
301.221
301.184
301.142
301.101
301.062
301.033
301.013
300.969
300.913
300.875
300.833
300.793
300.753
300.716
300.675
300.632
300.603
300.602
300.588
300.585
300.579
300.575
300.566
300.558
300.543
300.514
300.528
300.484
300.499
300.456
300.472
300.417
300.436
300.399
300.402
304.198
302.669
301.524
300.888
300.583
300.457
300.414
311.295
310.623
309.04
307.036
313.833
321.015
319.698
316.118
318.09
319.929
318.26
323.298
322.174
331.359
325.611
323.101
329.636
330.524
333.487
334.28
335.376
304.32
313.97
324.283
313.972
304.052
304.121
304.25
302.923
327.296
320.771
315.045
309.08
302.868
330.629
332.625
329.149
994.051
398.161
849.331
333.864
340.317
301.723
301.54
301.461
301.41
301.373
301.341
301.304
301.268
301.221
301.183
301.143
301.101
301.061
301.032
301.01
300.967
300.912
300.877
300.832
300.793
300.751
300.715
300.68
300.633
300.602
300.602
300.582
300.58
300.571
300.568
300.561
300.557
300.551
300.535
300.506
300.52
300.477
300.491
300.44
300.459
300.409
300.424
300.394
300.413
300.398
304.954
303.064
301.659
300.91
300.585
300.455
313.802
312.369
310.119
307.559
316.738
326.156
324.261
319.543
322.08
328.044
325.011
329.761
327.874
335.7
334.185
333.84
336.922
324.435
331.103
331.756
332.255
304.427
314.248
304.424
321.423
315.099
308.817
302.879
330.748
332.771
329.345
320.979
1003.44
467.883
904.54
334.343
350.245
301.869
301.61
301.507
301.441
301.394
301.353
301.312
301.268
301.225
301.183
301.143
301.097
301.057
301.03
301.007
300.968
300.918
300.883
300.832
300.796
300.75
300.714
300.678
300.636
300.604
300.607
300.578
300.578
300.565
300.563
300.553
300.549
300.545
300.541
300.53
300.498
300.514
300.466
300.484
300.433
300.448
300.406
300.419
300.385
300.401
300.384
300.408
300.39
305.175
303.144
301.677
300.903
300.573
300.445
315.737
313.371
310.355
307.604
319.112
331.057
328.49
322.518
325.68
337.604
332.887
336.757
333.585
336.765
337.55
339.395
339.404
314.293
324.828
325.065
333.391
325.225
304.521
315.391
308.754
302.833
331.079
332.767
329.832
321.118
315.063
1008.95
554.483
936.575
335.128
371.674
302.098
301.694
301.547
301.459
301.405
301.36
301.318
301.269
301.226
301.183
301.144
301.101
301.061
301.03
300.997
300.956
300.912
300.874
300.827
300.797
300.749
300.709
300.675
300.636
300.606
300.606
300.578
300.58
300.561
300.559
300.546
300.544
300.535
300.531
300.524
300.491
300.507
300.461
300.474
300.429
300.445
300.397
300.415
300.389
300.377
300.429
300.382
300.381
305.135
303.053
301.615
300.85
300.545
316.992
313.551
310.229
307.283
320.832
335.671
332.303
324.903
328.764
341.368
340.378
342.174
339.349
338.45
341.141
340.179
304.522
314.486
314.538
325.603
333.633
314.529
308.853
302.79
330.689
332.923
328.603
321.589
315.089
308.617
1012.13
637.738
954.772
337.647
401.656
302.336
301.777
301.565
301.468
301.411
301.365
301.318
301.27
301.226
301.182
301.141
301.101
301.063
301.03
300.99
300.948
300.913
300.868
300.827
300.789
300.75
300.708
300.674
300.637
300.606
300.605
300.583
300.582
300.558
300.557
300.543
300.541
300.527
300.524
300.518
300.513
300.484
300.501
300.452
300.467
300.419
300.437
300.386
300.403
300.379
300.41
300.37
300.505
300.373
300.371
300.37
304.776
302.796
301.451
300.766
317.455
313.394
309.537
306.525
321.904
340.088
335.65
326.673
331.27
342.576
343.064
344.051
343.241
341.715
334.175
304.58
304.585
314.61
325.302
304.588
302.796
330.695
333.223
322.321
315.325
308.563
302.768
1014.03
712.034
966.675
341.884
439.344
302.559
301.831
301.576
301.47
301.413
301.367
301.318
301.268
301.225
301.181
301.137
301.098
301.061
301.029
300.987
300.944
300.912
300.865
300.821
300.788
300.748
300.709
300.677
300.601
300.639
300.589
300.591
300.557
300.559
300.54
300.54
300.522
300.52
300.509
300.506
300.496
300.478
300.444
300.461
300.41
300.427
300.38
300.396
300.39
300.37
300.461
300.366
300.669
300.366
300.365
300.362
304.207
302.383
301.232
317.431
312.673
308.471
305.556
322.272
343.174
338.701
327.832
333.272
342.805
343.892
344.641
344.671
334.425
325.357
304.581
314.395
330.821
322.155
333.591
315.68
308.676
302.746
1015.19
777.402
974.531
351.408
481.91
302.687
301.854
301.577
301.469
301.415
301.367
301.319
301.268
301.226
301.183
301.137
301.102
301.066
301.027
300.983
300.939
300.91
300.865
300.825
300.789
300.751
300.714
300.681
300.604
300.562
300.562
300.643
300.556
300.56
300.54
300.541
300.519
300.519
300.503
300.501
300.491
300.488
300.474
300.441
300.457
300.406
300.423
300.376
300.392
300.42
300.374
300.362
300.57
300.361
300.999
300.361
300.359
300.356
300.358
303.475
301.927
316.883
311.472
307.225
304.465
322.2
344.479
341.228
328.475
334.886
342.838
334.585
344.093
344.807
345.066
325.193
314.363
304.523
330.963
322.54
315.749
334.845
308.811
302.765
1015.92
835.481
980.037
362.526
528.5
302.731
301.849
301.552
301.464
301.414
301.368
301.32
301.267
301.226
301.184
301.139
301.104
301.072
301.036
300.992
300.942
300.914
300.869
300.83
300.793
300.75
300.718
300.686
300.608
300.565
300.574
300.538
300.544
300.641
300.541
300.54
300.518
300.519
300.5
300.499
300.485
300.482
300.47
300.436
300.452
300.402
300.42
300.371
300.387
300.483
300.386
300.361
300.356
300.779
301.48
300.355
300.353
300.35
300.354
300.351
300.352
302.729
315.828
310.064
305.909
303.434
321.617
344.932
342.58
328.708
336.27
335.088
325.003
343.561
344.298
345.1
314.226
304.512
331.147
322.934
316.006
308.87
336.397
302.79
1016.27
874.137
982.628
381.571
577.082
302.71
301.78
301.527
301.459
301.413
301.368
301.322
301.27
301.231
301.19
301.147
301.109
301.076
301.039
301
300.953
300.916
300.878
300.831
300.801
300.761
300.725
300.695
300.611
300.575
300.577
300.545
300.552
300.519
300.518
300.656
300.519
300.518
300.499
300.499
300.481
300.48
300.467
300.465
300.433
300.449
300.398
300.415
300.367
300.383
300.601
300.415
300.363
300.352
301.087
302.02
300.351
300.347
300.344
300.348
300.345
300.347
300.343
300.346
314.415
308.465
304.622
302.534
320.649
345.035
343.363
328.678
337.279
324.988
334.282
314.094
344.283
334.379
344.848
304.478
331.27
323.368
316.296
308.987
302.811
340.507
1016.18
898.733
982.256
401.388
628.448
302.521
301.683
301.509
301.454
301.409
301.365
301.318
301.269
301.233
301.193
301.156
301.116
301.081
301.038
301.002
300.963
300.919
300.889
300.843
300.806
300.767
300.734
300.702
300.576
300.616
300.556
300.563
300.522
300.522
300.502
300.502
300.673
300.499
300.499
300.479
300.48
300.464
300.463
300.446
300.43
300.395
300.413
300.364
300.38
300.783
300.473
300.373
300.351
301.419
300.348
300.341
300.338
300.342
300.34
300.34
300.336
300.341
300.337
300.342
312.734
306.836
303.459
301.795
319.402
344.921
343.841
328.522
337.962
314.087
324.599
304.458
334.945
324.757
344.311
331.911
323.503
316.567
309.148
302.839
345.247
1015.47
910.078
977.599
431.127
668.049
302.244
301.598
301.498
301.451
301.409
301.366
301.318
301.275
301.238
301.198
301.165
301.126
301.087
301.046
301.013
300.977
300.934
300.896
300.857
300.817
300.779
300.74
300.711
300.581
300.54
300.543
300.618
300.527
300.536
300.504
300.508
300.483
300.484
300.679
300.481
300.484
300.463
300.463
300.444
300.443
300.427
300.393
300.411
300.361
300.377
300.969
300.562
300.396
300.354
300.347
300.336
300.334
300.337
300.335
300.333
300.331
300.333
300.328
300.337
300.333
300.343
310.954
305.325
302.51
301.226
318.025
344.67
344.119
328.212
338.525
304.441
313.907
334.665
325.114
314.122
344.314
332.826
323.839
316.699
309.301
302.885
355.861
1011.62
906.461
963.051
458.251
699.464
301.941
301.554
301.49
301.447
301.408
301.365
301.315
301.279
301.245
301.208
301.174
301.136
301.09
301.056
301.02
300.984
300.945
300.903
300.871
300.832
300.791
300.752
300.728
300.583
300.547
300.549
300.519
300.523
300.637
300.51
300.516
300.484
300.483
300.466
300.468
300.691
300.463
300.464
300.442
300.442
300.426
300.391
300.409
300.359
300.375
300.648
300.436
300.364
300.33
300.344
300.333
300.331
300.328
300.326
300.326
300.323
300.33
300.326
300.337
300.335
300.352
309.219
304.073
301.784
300.835
316.655
344.386
344.311
327.996
339.024
304.408
325.251
335.651
314.205
304.484
334.4
323.872
316.973
309.383
302.93
368.362
983.708
890.877
895.302
489.218
696.229
301.711
301.532
301.485
301.444
301.407
301.364
301.319
301.287
301.249
301.218
301.183
301.146
301.1
301.069
301.026
300.997
300.959
300.918
300.88
300.849
300.818
300.776
300.744
300.549
300.585
300.53
300.537
300.495
300.502
300.644
300.487
300.488
300.466
300.467
300.446
300.449
300.711
300.442
300.444
300.425
300.424
300.39
300.408
300.358
300.374
300.51
300.394
300.321
300.327
300.319
300.343
300.324
300.322
300.321
300.318
300.323
300.321
300.332
300.332
300.349
300.35
300.386
307.683
303.146
301.337
300.71
315.487
344.314
335.534
344.358
327.957
339.457
314.384
325.892
304.488
338.325
323.987
317.041
309.53
302.96
385.919
589.001
863.769
575.077
505.66
686.168
301.606
301.521
301.48
301.442
301.407
301.361
301.322
301.293
301.258
301.226
301.193
301.151
301.11
301.084
301.031
301.012
300.974
300.94
300.901
300.859
300.828
300.793
300.758
300.556
300.519
300.522
300.603
300.509
300.513
300.478
300.481
300.659
300.469
300.474
300.451
300.45
300.425
300.428
300.729
300.424
300.424
300.407
300.39
300.357
300.373
300.48
300.313
300.326
300.317
300.318
300.312
300.343
300.316
300.314
300.319
300.315
300.332
300.331
300.358
300.369
300.392
300.422
300.491
306.62
302.731
301.28
300.718
314.746
344.165
336.611
326.103
344.43
328.116
340.041
304.586
314.681
333.488
345.75
324.802
317.275
309.582
303.002
400.557
300.091
787.928
352.784
520.66
655.307
301.564
301.514
301.477
301.44
301.406
301.363
301.331
301.3
301.265
301.233
301.205
301.158
301.122
301.106
301.06
301.028
300.99
300.955
300.917
300.87
300.849
300.811
300.778
300.523
300.564
300.503
300.51
300.615
300.485
300.493
300.455
300.464
300.684
300.451
300.452
300.431
300.434
300.407
300.408
300.746
300.407
300.407
300.39
300.357
300.373
300.307
300.315
300.326
300.314
300.312
300.312
300.305
300.343
300.313
300.31
300.33
300.324
300.378
300.381
300.466
300.514
300.569
300.693
300.875
306.352
302.76
301.4
314.738
344.17
336.675
326.82
314.923
344.62
329.027
340.927
304.645
334.741
352.649
317.431
324.925
309.703
303.027
415.911
300.055
629.167
305.299
526.362
638.421
301.548
301.51
301.475
301.437
301.401
301.363
301.337
301.309
301.275
301.246
301.222
301.175
301.141
301.113
301.079
301.041
301.006
300.976
300.939
300.904
300.875
300.835
300.8
300.527
300.491
300.492
300.576
300.475
300.484
300.628
300.466
300.47
300.438
300.44
300.701
300.436
300.438
300.408
300.41
300.391
300.393
300.772
300.39
300.357
300.374
300.309
300.312
300.326
300.312
300.312
300.301
300.303
300.305
300.343
300.32
300.314
300.381
300.374
300.546
300.56
300.838
300.966
301.158
301.504
301.938
306.565
303.287
315.541
337.451
327.021
315.198
304.748
344.712
330.292
341.908
337.184
361.709
309.799
317.515
325.055
303.058
432.248
300.027
427.531
301.168
544.697
577.675
301.541
301.507
301.476
301.438
301.406
301.372
301.343
301.319
301.285
301.259
301.232
301.194
301.156
301.127
301.092
301.059
301.028
300.998
300.95
300.928
300.896
300.864
300.83
300.493
300.534
300.468
300.481
300.584
300.458
300.463
300.648
300.448
300.453
300.421
300.425
300.72
300.41
300.418
300.394
300.396
300.375
300.377
300.795
300.357
300.329
300.301
300.311
300.327
300.302
300.302
300.302
300.298
300.301
300.316
300.344
300.358
300.346
300.563
300.546
301.048
301.085
301.843
302.107
302.623
303.372
304.311
307.633
317.016
327.87
337.121
315.444
304.812
344.914
331.744
342.711
338.207
374.072
303.083
309.81
317.611
325.199
448.14
300.015
329.989
300.162
557.717
438.074
301.537
301.506
301.476
301.439
301.408
301.382
301.351
301.323
301.291
301.268
301.238
301.206
301.171
301.144
301.11
301.076
301.044
301.018
300.979
300.947
300.921
300.887
300.86
300.498
300.464
300.469
300.545
300.451
300.458
300.599
300.441
300.445
300.668
300.429
300.435
300.402
300.404
300.743
300.397
300.396
300.38
300.383
300.359
300.829
300.414
300.296
300.312
300.302
300.301
300.328
300.295
300.296
300.295
300.299
300.307
300.372
300.345
300.502
300.462
301.089
301.037
302.26
302.32
303.994
304.398
305.564
306.803
309.241
318.784
315.763
327.822
338.007
304.905
345.118
333.11
343.354
343.218
388.94
303.101
309.823
317.751
326.252
484.161
300.015
304.041
300.06
530.327
339.655
301.535
301.505
301.475
301.438
301.411
301.386
301.356
301.331
301.3
301.272
301.243
301.215
301.185
301.157
301.125
301.096
301.066
301.035
301.006
300.972
300.941
300.913
300.88
300.469
300.51
300.446
300.456
300.56
300.432
300.439
300.621
300.418
300.428
300.688
300.411
300.417
300.385
300.389
300.766
300.386
300.386
300.361
300.363
300.852
300.681
300.295
300.299
300.313
300.298
300.298
300.33
300.289
300.288
300.292
300.316
300.341
300.561
300.346
300.93
300.817
302.324
302.203
304.665
304.771
307.78
308.427
311.048
312.682
320.632
304.947
315.803
328.515
338.053
345.359
334.341
343.822
336.832
352.303
407.901
303.11
309.909
318.016
326.171
510.727
300.013
300.763
300.039
450.14
310.154
301.533
301.504
301.475
301.442
301.415
301.388
301.36
301.335
301.306
301.278
301.251
301.223
301.196
301.167
301.138
301.107
301.08
301.05
301.022
300.992
300.962
300.937
300.907
300.475
300.44
300.445
300.522
300.427
300.435
300.574
300.414
300.419
300.643
300.401
300.405
300.711
300.391
300.395
300.372
300.373
300.793
300.366
300.369
300.348
300.881
301.402
300.302
300.3
300.291
300.29
300.314
300.287
300.289
300.332
300.289
300.285
300.293
300.385
300.459
301.105
301.977
301.722
304.782
304.569
308.848
309.021
313.939
314.81
322.121
305.01
316.138
328.522
338.306
345.596
335.432
344.205
339.261
362.97
447.512
303.125
310.022
318.143
326.387
497.955
300.012
300.192
300.034
355.567
302.393
301.532
301.503
301.473
301.445
301.419
301.393
301.365
301.336
301.312
301.285
301.259
301.231
301.206
301.178
301.151
301.125
301.096
301.067
301.042
301.016
300.992
300.963
300.94
300.447
300.484
300.424
300.433
300.536
300.405
300.414
300.59
300.395
300.402
300.665
300.386
300.391
300.739
300.376
300.379
300.357
300.358
300.817
300.351
300.354
300.334
300.915
303.039
300.336
300.291
300.301
300.291
300.286
300.284
300.316
300.283
300.282
300.295
300.286
300.31
300.611
300.826
302.411
304.158
303.667
309.042
308.698
315.321
315.529
323.445
324.301
305.057
316.159
328.7
338.426
345.818
336.334
344.548
341.343
382.925
478.912
303.141
310.072
318.3
328.406
458.286
300.012
300.078
300.031
318.623
300.552
301.531
301.503
301.473
301.447
301.421
301.396
301.368
301.342
301.318
301.292
301.267
301.239
301.215
301.187
301.163
301.135
301.108
301.084
301.061
301.037
301.008
300.985
300.96
300.453
300.418
300.423
300.496
300.401
300.411
300.551
300.39
300.394
300.612
300.382
300.384
300.69
300.372
300.375
300.764
300.362
300.365
300.342
300.347
300.867
300.336
300.339
300.319
300.935
306.206
300.456
300.287
300.302
300.289
300.288
300.277
300.277
300.283
300.278
300.327
300.297
300.369
301.251
301.786
305.073
308.069
307.246
315.53
314.97
324.761
324.939
336.964
305.094
316.242
328.75
338.548
346.14
344.828
347.668
419.857
473.574
303.16
310.131
318.953
343.942
328.263
377.259
300.011
300.055
300.028
305.128
300.157
301.53
301.502
301.475
301.448
301.422
301.398
301.369
301.345
301.32
301.296
301.271
301.246
301.221
301.196
301.171
301.148
301.124
301.098
301.074
301.051
301.028
301.002
300.98
300.424
300.461
300.405
300.409
300.511
300.387
300.395
300.569
300.375
300.381
300.639
300.362
300.369
300.714
300.354
300.36
300.802
300.35
300.352
300.329
300.335
300.889
300.322
300.325
300.305
300.958
311.436
300.829
300.278
300.291
300.282
300.283
300.28
300.272
300.275
300.288
300.278
300.426
300.337
300.553
302.791
303.901
309.708
314.127
312.927
324.629
323.78
337.29
337.414
305.11
316.278
328.82
338.709
346.338
345.057
363.179
454.709
451.489
303.175
310.39
319.077
343.732
328.908
327.328
300.01
300.047
300.026
301.255
300.08
301.528
301.501
301.474
301.446
301.422
301.396
301.37
301.346
301.321
301.297
301.272
301.248
301.223
301.201
301.178
301.155
301.132
301.108
301.086
301.061
301.038
301.018
300.994
300.429
300.393
300.397
300.474
300.38
300.389
300.526
300.37
300.373
300.586
300.358
300.365
300.661
300.35
300.355
300.742
300.339
300.343
300.836
300.335
300.337
300.313
300.318
300.912
300.307
300.31
300.293
300.974
318.982
301.838
300.272
300.283
300.284
300.275
300.277
300.273
300.27
300.277
300.311
300.283
300.704
300.454
301.098
305.912
307.826
316.682
322.558
320.982
336.691
335.388
345.153
305.137
316.326
328.895
338.681
346.688
395.624
452.237
395.852
303.261
310.479
319.403
354.526
343.499
331.175
308.479
300.009
300.043
300.024
300.312
300.062
301.525
301.499
301.474
301.446
301.421
301.394
301.369
301.344
301.32
301.296
301.272
301.248
301.225
301.203
301.18
301.157
301.134
301.112
301.09
301.068
301.046
301.024
301.004
300.399
300.439
300.381
300.389
300.487
300.366
300.375
300.543
300.355
300.361
300.61
300.345
300.35
300.686
300.336
300.338
300.769
300.328
300.332
300.861
300.322
300.325
300.301
300.304
300.937
300.296
300.299
300.281
300.983
329.095
304.13
300.268
300.279
300.28
300.267
300.269
300.267
300.27
300.287
300.374
300.305
301.434
300.796
302.538
311.213
314.028
326.278
333.642
331.731
345.195
344.87
305.153
316.348
328.793
338.891
346.977
433.023
439.476
335.935
303.274
310.597
320.278
380.802
351.863
346.655
330.715
302.278
300.009
300.039
300.022
300.114
300.055
301.522
301.496
301.47
301.441
301.417
301.39
301.365
301.339
301.316
301.29
301.268
301.245
301.223
301.201
301.178
301.155
301.133
301.112
301.091
301.07
301.048
301.028
301.007
300.372
300.407
300.452
300.366
300.372
300.503
300.353
300.359
300.565
300.342
300.347
300.635
300.332
300.334
300.715
300.323
300.327
300.811
300.315
300.32
300.891
300.307
300.31
300.288
300.291
300.951
300.283
300.286
300.275
300.274
300.987
341.549
308.419
300.266
300.271
300.273
300.263
300.264
300.263
300.277
300.316
300.536
300.367
303.356
301.688
305.641
318.974
322.744
338.485
344.057
343.153
347.487
305.179
316.299
328.856
339.031
436.295
404.025
312.277
303.29
310.962
320.261
416.336
368.578
346.144
330.702
300.544
300.008
300.036
300.02
300.076
300.05
301.518
301.491
301.465
301.435
301.407
301.384
301.359
301.332
301.307
301.286
301.261
301.239
301.216
301.195
301.168
301.15
301.128
301.106
301.086
301.066
301.043
301.023
301.003
300.376
300.358
300.345
300.347
300.419
300.467
300.351
300.521
300.339
300.346
300.586
300.328
300.333
300.663
300.317
300.323
300.747
300.309
300.313
300.837
300.3
300.303
300.911
300.294
300.298
300.276
300.279
300.964
300.272
300.274
300.271
300.269
300.983
347.507
315.125
300.268
300.265
300.267
300.258
300.258
300.26
300.297
300.386
300.945
300.528
307.344
303.963
311.06
329.445
334.405
346.991
347.72
347.55
346.794
305.144
316.335
328.861
340.497
428.798
343.458
303.453
303.375
310.965
320.52
423.744
400.338
359.963
343.46
330.776
300.161
300.007
300.033
300.019
300.065
300.046
301.514
301.485
301.458
301.428
301.401
301.375
301.346
301.321
301.298
301.27
301.25
301.229
301.204
301.176
301.158
301.141
301.117
301.095
301.076
301.051
301.032
301.012
300.992
300.348
300.385
300.34
300.333
300.339
300.434
300.481
300.334
300.541
300.322
300.327
300.609
300.313
300.318
300.692
300.304
300.308
300.781
300.294
300.3
300.868
300.288
300.29
300.933
300.282
300.286
300.266
300.268
300.967
300.266
300.266
300.264
300.264
300.262
300.971
348.63
324.562
300.276
300.259
300.26
300.256
300.254
300.259
300.35
300.559
301.979
300.939
313.945
308.67
319.121
342.448
345.401
349.219
348.405
348.335
305.13
316.293
329.265
339.579
404.315
315.286
300.816
303.387
311.09
320.878
418.194
411.911
389.766
357.525
340.488
329.893
300.09
300.007
300.031
300.018
300.059
300.042
301.507
301.478
301.449
301.419
301.391
301.364
301.337
301.309
301.283
301.258
301.237
301.205
301.182
301.164
301.143
301.122
301.102
301.078
301.056
301.034
301.015
300.995
300.973
300.322
300.359
300.393
300.325
300.318
300.322
300.445
300.5
300.319
300.562
300.31
300.313
300.636
300.302
300.305
300.726
300.293
300.297
300.819
300.284
300.288
300.891
300.276
300.281
300.944
300.27
300.272
300.257
300.26
300.964
300.26
300.262
300.259
300.257
300.258
300.256
300.951
340
336.812
300.295
300.254
300.255
300.255
300.252
300.264
300.491
300.978
304.515
301.969
323.41
316.226
330.188
348.717
349.187
349.296
339.662
305.142
316.543
328.972
351.084
304.38
300.215
303.411
311.29
320.546
398.836
407.241
401.526
386.021
358.259
339.955
330.372
300.074
300.007
300.029
300.017
300.054
300.039
301.498
301.465
301.439
301.407
301.378
301.345
301.319
301.292
301.263
301.24
301.209
301.189
301.168
301.146
301.122
301.097
301.073
301.055
301.034
301.009
300.99
300.969
300.945
300.299
300.326
300.313
300.368
300.409
300.313
300.306
300.459
300.518
300.307
300.587
300.297
300.303
300.668
300.287
300.293
300.756
300.28
300.284
300.843
300.274
300.277
300.909
300.267
300.268
300.947
300.262
300.264
300.249
300.25
300.255
300.248
300.953
300.253
300.255
300.252
300.251
300.25
300.921
329.318
341.783
346.981
300.338
300.249
300.249
300.257
300.251
300.283
300.865
302.001
309.889
304.387
335.977
327.051
343.305
350.226
349.8
329.119
305.172
316.296
317.558
301.038
300.104
303.46
311.177
321.071
354.19
390.478
397.423
393.61
382.869
358.943
345.02
330.279
300.067
300.006
300.027
300.016
300.051
300.037
301.487
301.455
301.42
301.394
301.362
301.331
301.302
301.272
301.246
301.219
301.192
301.169
301.144
301.125
301.095
301.07
301.05
301.026
300.999
300.98
300.958
300.932
300.909
300.3
300.297
300.286
300.278
300.28
300.337
300.379
300.424
300.3
300.293
300.478
300.537
300.295
300.615
300.287
300.291
300.696
300.277
300.282
300.792
300.269
300.273
300.868
300.261
300.266
300.924
300.257
300.259
300.942
300.25
300.255
300.242
300.246
300.244
300.237
300.924
300.248
300.25
300.244
300.247
300.246
300.884
316.389
330.085
340.849
350.263
300.459
300.246
300.245
300.268
300.252
300.324
301.834
304.358
318.447
309.882
346.904
340.9
349.407
350.305
316.279
305.141
305.007
300.257
300.082
303.444
311.478
320.186
318.466
351.129
381.437
389.29
386.799
380.015
359.394
356.299
331.129
300.062
300.006
300.025
300.015
300.047
300.035
301.473
301.442
301.406
301.378
301.345
301.306
301.282
301.251
301.224
301.193
301.167
301.143
301.118
301.084
301.064
301.042
301.018
300.988
300.961
300.94
300.918
300.893
300.867
300.279
300.309
300.279
300.272
300.26
300.268
300.348
300.391
300.44
300.286
300.494
300.565
300.282
300.642
300.273
300.277
300.735
300.266
300.27
300.82
300.258
300.262
300.892
300.252
300.255
300.926
300.246
300.249
300.929
300.239
300.242
300.241
300.238
300.238
300.236
300.233
300.234
300.899
300.242
300.243
300.24
300.241
300.241
300.838
305.24
317.059
329.517
341.946
350.795
300.775
300.245
300.241
300.299
300.258
300.418
304.002
309.403
330.706
319.428
350.821
348.987
351.095
305.165
301.168
300.115
300.073
303.507
311.095
320.391
305.179
317.347
344.305
372.356
381.915
380.258
375.377
345.31
370.212
332.251
300.058
300.006
300.024
300.014
300.044
300.033
301.464
301.421
301.392
301.353
301.311
301.288
301.252
301.227
301.193
301.163
301.137
301.107
301.082
301.056
301.031
301.005
300.983
300.949
300.925
300.9
300.872
300.847
300.818
300.255
300.286
300.32
300.274
300.267
300.259
300.253
300.257
300.359
300.401
300.457
300.521
300.588
300.271
300.673
300.262
300.266
300.766
300.255
300.259
300.848
300.248
300.251
300.902
300.242
300.245
300.923
300.236
300.24
300.908
300.234
300.236
300.237
300.234
300.23
300.227
300.23
300.86
300.238
300.239
300.235
300.238
300.237
300.79
305.334
316.479
330.534
341.592
301.573
300.246
300.24
300.381
300.281
300.68
308.407
319.274
344.049
333.53
351.677
351.805
351.161
300.281
300.088
300.068
303.457
311.084
320.801
301.151
304.706
314.344
334.408
362.854
374.25
374.507
360.638
373.23
351.713
332.284
300.054
300.013
300.023
300.042
300.031
301.444
301.409
301.374
301.327
301.296
301.264
301.229
301.197
301.165
301.135
301.105
301.077
301.05
301.02
300.995
300.967
300.924
300.911
300.884
300.855
300.827
300.797
300.764
300.233
300.262
300.244
300.294
300.33
300.263
300.256
300.249
300.242
300.372
300.42
300.474
300.538
300.617
300.259
300.713
300.253
300.256
300.801
300.244
300.248
300.868
300.238
300.241
300.906
300.233
300.236
300.909
300.227
300.23
300.878
300.223
300.225
300.232
300.228
300.225
300.222
300.223
300.815
300.233
300.234
300.23
300.233
300.234
300.741
305.267
317.161
330.032
342.693
303.491
300.251
300.24
300.587
300.34
301.325
317.549
334.928
350.19
345.826
351.138
352.366
300.122
300.079
300.064
303.42
311.266
320.65
300.272
301.046
303.673
310.828
325.094
350.089
364.482
370.993
369.955
361.336
361.524
334.598
300.051
300.012
300.022
300.021
300.04
300.029
301.432
301.393
301.345
301.311
301.274
301.239
301.201
301.163
301.132
301.098
301.075
301.046
301.003
300.974
300.959
300.923
300.892
300.869
300.839
300.811
300.779
300.747
300.721
300.209
300.239
300.234
300.224
300.269
300.303
300.342
300.252
300.245
300.236
300.228
300.382
300.436
300.491
300.563
300.652
300.248
300.743
300.24
300.244
300.827
300.235
300.236
300.882
300.227
300.231
300.903
300.224
300.226
300.887
300.22
300.221
300.835
300.216
300.217
300.221
300.218
300.226
300.224
300.22
300.218
300.764
300.229
300.23
300.226
300.229
300.234
300.688
305.374
316.803
331.383
342.669
307.446
300.266
300.244
301.093
300.49
302.857
334.075
346.457
352.25
351.044
343.011
300.093
300.073
300.06
303.457
310.969
321.517
300.12
300.267
300.791
302.687
307.288
317.614
334.413
370.56
353.611
369.232
367.302
355.48
334.024
300.048
300.012
300.026
300.03
300.037
301.415
301.37
301.329
301.289
301.249
301.204
301.172
301.135
301.098
301.065
301.025
300.989
300.956
300.936
300.901
300.866
300.853
300.82
300.797
300.761
300.733
300.702
300.676
300.188
300.213
300.208
300.201
300.244
300.219
300.273
300.311
300.353
300.241
300.233
300.225
300.399
300.453
300.51
300.594
300.682
300.237
300.777
300.231
300.232
300.848
300.225
300.228
300.887
300.22
300.223
300.888
300.215
300.217
300.853
300.21
300.213
300.786
300.212
300.214
300.214
300.208
300.223
300.219
300.216
300.212
300.715
300.226
300.226
300.222
300.227
300.237
300.632
305.36
317.583
330.878
315.177
300.308
300.254
302.289
300.861
306.117
346.177
351.515
352.478
352.645
344.285
331.416
300.084
300.069
300.057
303.398
311.255
321.281
300.094
300.127
300.214
300.607
301.644
304.668
310.702
363.133
321.458
366.967
364.103
367.378
362.412
335.33
300.045
300.025
300.011
300.037
300.033
300.037
301.399
301.349
301.305
301.265
301.222
301.183
301.143
301.105
301.067
301.03
300.994
300.953
300.936
300.9
300.864
300.84
300.814
300.782
300.744
300.718
300.685
300.656
300.605
300.164
300.19
300.19
300.176
300.22
300.205
300.196
300.251
300.216
300.284
300.323
300.365
300.23
300.223
300.414
300.47
300.542
300.628
300.72
300.227
300.807
300.219
300.224
300.861
300.215
300.217
300.882
300.21
300.212
300.863
300.206
300.209
300.809
300.203
300.204
300.728
300.211
300.207
300.208
300.206
300.203
300.203
300.218
300.215
300.212
300.21
300.639
300.222
300.222
300.218
300.227
300.244
300.591
305.444
317.273
331.003
300.413
300.28
304.847
301.75
312.655
351.655
353.103
352.815
332.366
344.079
317.483
300.078
300.065
300.053
303.441
311.184
321.594
300.086
300.1
300.116
300.194
300.372
301.025
302.519
336.599
305.783
351.627
366.735
359.839
363.001
366.376
337.968
300.045
300.039
300.024
300.01
300.043
300.041
301.374
301.334
301.288
301.242
301.197
301.154
301.115
301.076
301.038
300.998
300.963
300.934
300.89
300.868
300.826
300.801
300.764
300.738
300.708
300.674
300.644
300.604
300.572
300.143
300.168
300.166
300.158
300.194
300.187
300.173
300.225
300.203
300.194
300.255
300.21
300.295
300.333
300.378
300.22
300.431
300.491
300.577
300.656
300.76
300.216
300.829
300.212
300.213
300.866
300.206
300.208
300.863
300.201
300.203
300.827
300.197
300.199
300.756
300.201
300.197
300.196
300.667
300.206
300.204
300.201
300.199
300.215
300.212
300.209
300.205
300.6
300.22
300.218
300.215
300.233
300.263
300.524
305.426
344.919
300.67
300.351
309.839
303.69
325.432
353.54
353.327
317.746
331.918
345.127
305.491
300.073
300.061
300.052
303.425
311.218
322.713
300.082
300.091
300.098
300.119
300.149
300.269
300.549
312.78
301.231
321.018
363.333
333.668
358.212
365.972
364.98
337.495
300.05
300.037
300.023
300.01
300.049
300.048
301.361
301.313
301.266
301.214
301.171
301.128
301.086
301.046
301.003
300.968
300.933
300.887
300.863
300.822
300.795
300.761
300.727
300.689
300.667
300.63
300.594
300.55
300.523
300.123
300.146
300.146
300.135
300.171
300.163
300.155
300.202
300.184
300.17
300.232
300.2
300.191
300.264
300.208
300.303
300.344
300.394
300.449
300.526
300.6
300.708
300.787
300.206
300.842
300.2
300.203
300.86
300.196
300.198
300.838
300.193
300.195
300.779
300.189
300.191
300.679
300.197
300.187
300.192
300.189
300.616
300.203
300.2
300.198
300.195
300.211
300.208
300.205
300.203
300.544
300.221
300.215
300.212
300.247
300.305
300.488
351.502
301.282
300.524
318.791
307.489
341.889
353.848
305.543
317.662
332.958
345.094
300.069
300.059
303.426
311.592
322.737
300.077
300.085
300.091
300.102
300.11
300.134
300.183
303.068
300.276
305.774
345.063
311.364
364.238
365.78
353.377
363.82
338.452
300.056
300.055
300.049
300.06
300.035
300.022
300.009
300.055
301.345
301.296
301.244
301.196
301.147
301.102
301.06
301.008
300.968
300.934
300.892
300.86
300.826
300.781
300.752
300.724
300.686
300.657
300.623
300.586
300.539
300.518
300.481
300.103
300.126
300.126
300.115
300.15
300.144
300.134
300.178
300.162
300.152
300.211
300.181
300.17
300.233
300.195
300.188
300.274
300.314
300.358
300.41
300.473
300.552
300.642
300.74
300.808
300.195
300.844
300.192
300.193
300.841
300.188
300.19
300.791
300.184
300.186
300.702
300.182
300.183
300.639
300.185
300.181
300.188
300.182
300.19
300.181
300.565
300.199
300.196
300.193
300.208
300.204
300.202
300.198
300.496
300.229
300.214
300.209
300.28
300.421
300.444
354.079
302.66
300.937
335.613
314.408
350.416
305.525
317.921
332.643
345.822
300.066
303.501
311.658
323.113
300.074
300.081
300.088
300.095
300.101
300.109
300.124
300.652
300.136
301.197
318.095
302.576
365.712
358.539
326.164
364.629
365.446
340.784
300.062
300.063
300.061
300.047
300.065
300.034
300.021
300.009
300.062
301.334
301.277
301.221
301.172
301.124
301.077
301.023
300.978
300.945
300.905
300.863
300.827
300.791
300.754
300.72
300.687
300.652
300.623
300.585
300.544
300.509
300.471
300.434
300.083
300.106
300.102
300.093
300.128
300.123
300.113
300.153
300.142
300.131
300.178
300.159
300.151
300.213
300.179
300.17
300.246
300.184
300.284
300.324
300.372
300.429
300.501
300.58
300.687
300.765
300.82
300.837
300.182
300.183
300.812
300.178
300.18
300.743
300.176
300.177
300.668
300.175
300.174
300.572
300.179
300.183
300.177
300.187
300.178
300.189
300.172
300.504
300.195
300.192
300.205
300.202
300.198
300.195
300.442
300.249
300.214
300.208
300.351
300.688
300.39
354.542
305.402
301.852
347.607
326.806
354.163
305.56
317.839
332.99
346.132
303.529
311.757
324.305
300.069
300.076
300.083
300.089
300.096
300.102
300.11
300.205
300.115
300.283
304.856
300.538
361.622
334.492
308.382
365.504
360.864
363.055
340.229
300.068
300.069
300.059
300.067
300.067
300.045
300.071
300.032
300.02
300.009
301.32
301.264
301.211
301.154
301.102
301.039
300.994
300.958
300.915
300.868
300.831
300.793
300.762
300.72
300.684
300.641
300.616
300.569
300.538
300.508
300.466
300.433
300.395
300.061
300.083
300.083
300.073
300.108
300.1
300.09
300.13
300.122
300.109
300.155
300.14
300.128
300.187
300.159
300.148
300.217
300.176
300.167
300.25
300.294
300.337
300.389
300.449
300.525
300.615
300.718
300.787
300.823
300.818
300.171
300.174
300.762
300.167
300.168
300.689
300.167
300.168
300.595
300.164
300.166
300.53
300.176
300.179
300.182
300.172
300.185
300.172
300.188
300.164
300.17
300.464
300.192
300.202
300.198
300.195
300.192
300.403
300.299
300.219
300.209
300.517
301.291
300.355
354.955
310.43
303.774
353.579
342.591
355.486
305.539
317.816
333.083
345.833
303.558
312.232
324.446
300.075
300.081
300.087
300.093
300.099
300.105
300.13
300.111
300.145
300.963
300.181
342.472
312.766
301.762
364.512
364.264
348.744
364.282
340.928
300.076
300.069
300.056
300.072
300.072
300.043
300.076
300.031
300.02
300.009
301.311
301.25
301.183
301.135
301.075
301.025
300.979
300.929
300.884
300.838
300.796
300.762
300.714
300.686
300.647
300.614
300.57
300.543
300.489
300.459
300.429
300.392
300.356
300.061
300.04
300.062
300.086
300.082
300.072
300.108
300.101
300.091
300.135
300.119
300.11
300.163
300.137
300.129
300.192
300.158
300.148
300.226
300.165
300.262
300.304
300.352
300.404
300.476
300.554
300.664
300.744
300.8
300.813
300.787
300.163
300.716
300.161
300.163
300.628
300.159
300.16
300.533
300.156
300.158
300.465
300.176
300.173
300.179
300.182
300.169
300.185
300.188
300.158
300.166
300.163
300.401
300.2
300.196
300.192
300.188
300.362
300.407
300.236
300.214
300.899
302.514
300.312
318.999
307.334
356.303
351.966
355.882
305.53
317.853
332.466
346.491
303.671
312.374
324.919
300.082
300.087
300.094
300.099
300.117
300.105
300.124
300.248
300.132
317.822
303.19
300.37
364.48
353.525
322.969
364.272
364.587
341.642
300.079
300.067
300.054
300.078
300.079
300.042
300.082
300.031
300.019
300.009
301.298
301.237
301.172
301.117
301.053
301.002
300.954
300.901
300.85
300.806
300.769
300.727
300.684
300.653
300.615
300.574
300.539
300.494
300.465
300.424
300.38
300.339
300.295
300.037
300.06
300.052
300.02
300.041
300.062
300.088
300.081
300.072
300.113
300.101
300.091
300.138
300.118
300.109
300.17
300.139
300.126
300.199
300.156
300.145
300.234
300.273
300.315
300.366
300.432
300.503
300.604
300.693
300.766
300.801
300.791
300.735
300.152
300.638
300.153
300.152
300.553
300.151
300.151
300.49
300.15
300.151
300.418
300.175
300.172
300.169
300.178
300.182
300.166
300.185
300.149
300.159
300.156
300.163
300.368
300.2
300.193
300.189
300.185
300.32
300.632
300.279
300.228
301.665
304.788
300.261
333.866
313.35
356.889
356.439
305.512
317.476
332.59
346.877
303.726
312.564
325.496
300.086
300.093
300.097
300.11
300.103
300.116
300.144
300.121
305.06
300.625
300.163
356.834
327.788
307.424
363.977
364.703
358.633
342.306
300.075
300.082
300.084
300.086
300.065
300.053
300.083
300.041
300.03
300.019
300.009
301.292
301.231
301.162
301.103
301.032
300.984
300.919
300.876
300.833
300.781
300.735
300.696
300.658
300.622
300.58
300.538
300.494
300.453
300.428
300.385
300.342
300.301
300.257
300.019
300.041
300.03
300.06
300.05
300.02
300.042
300.064
300.088
300.081
300.069
300.116
300.099
300.09
300.141
300.116
300.109
300.173
300.137
300.125
300.205
300.145
300.242
300.282
300.33
300.383
300.453
300.533
300.636
300.721
300.778
300.79
300.752
300.664
300.587
300.144
300.145
300.51
300.141
300.142
300.435
300.142
300.142
300.375
300.172
300.175
300.169
300.166
300.179
300.183
300.144
300.15
300.148
300.16
300.154
300.163
300.323
300.202
300.192
300.186
300.267
301.071
300.375
300.262
303.074
308.702
300.222
347.355
322.812
357.442
358.162
305.402
317.419
332.32
346.343
303.786
312.878
326.057
300.089
300.094
300.107
300.1
300.113
300.126
300.118
301.018
300.2
300.133
332.867
309.945
301.598
363.774
364.743
359.689
336.646
342.523
300.076
300.086
300.088
300.088
300.09
300.063
300.052
300.041
300.03
300.019
300.009
301.29
301.218
301.153
301.085
301.017
300.964
300.909
300.855
300.8
300.75
300.708
300.666
300.621
300.581
300.544
300.502
300.457
300.422
300.372
300.333
300.301
300.259
300.219
300.019
300.009
300.04
300.029
300.058
300.049
300.02
300.043
300.065
300.09
300.08
300.07
300.114
300.097
300.089
300.146
300.118
300.108
300.178
300.136
300.127
300.214
300.251
300.294
300.343
300.408
300.476
300.579
300.669
300.744
300.779
300.764
300.696
300.612
300.525
300.134
300.134
300.446
300.133
300.134
300.385
300.134
300.131
300.328
300.172
300.169
300.176
300.165
300.18
300.184
300.134
300.145
300.14
300.151
300.147
300.161
300.156
300.162
300.267
300.209
300.192
300.222
301.861
300.569
300.33
305.442
314.933
300.177
354.738
337.55
358.615
305.352
317.192
331.881
347.13
303.873
313.176
326.447
300.093
300.104
300.098
300.11
300.122
300.114
300.252
300.141
300.127
312.502
302.392
300.346
363.364
364.774
359.928
339.231
314.987
343.04
300.085
300.072
300.094
300.094
300.095
300.062
300.051
300.04
300.03
300.019
300.009
301.288
301.206
301.134
301.074
301.007
300.949
300.897
300.837
300.785
300.727
300.678
300.633
300.593
300.55
300.503
300.46
300.424
300.372
300.332
300.301
300.259
300.214
300.171
300.019
300.009
300.039
300.029
300.06
300.05
300.021
300.044
300.068
300.093
300.08
300.069
300.122
300.097
300.089
300.151
300.117
300.109
300.181
300.127
300.221
300.262
300.305
300.363
300.426
300.515
300.613
300.699
300.754
300.76
300.711
300.641
300.548
300.466
300.127
300.399
300.126
300.125
300.34
300.126
300.126
300.28
300.169
300.173
300.165
300.177
300.182
300.192
300.125
300.137
300.133
300.144
300.141
300.151
300.148
300.16
300.156
300.163
300.229
300.225
300.178
303.155
300.928
300.456
309.047
323.861
300.133
358.369
348.962
359.126
305.271
316.887
331.654
345.941
303.959
313.423
326.975
300.102
300.108
300.119
300.112
300.15
300.132
300.122
303.19
300.474
300.164
363.125
364.772
359.783
340.56
316.634
304.144
343.44
300.095
300.083
300.072
300.096
300.098
300.103
300.099
300.061
300.05
300.04
300.029
300.019
300.009
301.286
301.198
301.128
301.049
300.987
300.936
300.88
300.817
300.753
300.701
300.648
300.601
300.554
300.51
300.464
300.423
300.375
300.339
300.287
300.254
300.214
300.173
300.13
300.019
300.008
300.04
300.028
300.06
300.05
300.021
300.044
300.07
300.096
300.08
300.069
300.125
300.096
300.089
300.157
300.119
300.105
300.19
300.228
300.272
300.324
300.381
300.459
300.554
300.647
300.72
300.752
300.729
300.667
300.575
300.484
300.403
300.118
300.338
300.118
300.116
300.285
300.116
300.117
300.235
300.17
300.166
300.174
300.18
300.195
300.254
300.118
300.129
300.126
300.136
300.131
300.145
300.141
300.152
300.15
300.16
300.157
300.164
300.184
300.135
305.121
301.532
300.668
314.249
336.439
300.086
359.921
355.713
305.174
316.661
330.888
360.274
346.377
304.044
313.74
327.438
300.105
300.117
300.109
300.136
300.128
300.12
300.627
300.181
300.141
362.86
364.703
359.418
340.43
318.051
304.823
300.808
343.797
300.102
300.093
300.081
300.071
300.103
300.102
300.106
300.06
300.049
300.039
300.029
300.019
300.009
301.282
301.19
301.107
301.033
300.975
300.919
300.866
300.804
300.738
300.674
300.619
300.568
300.515
300.46
300.426
300.384
300.341
300.299
300.256
300.212
300.173
300.13
300.087
300.019
300.009
300.039
300.029
300.06
300.05
300.022
300.047
300.072
300.1
300.079
300.069
300.13
300.096
300.088
300.163
300.107
300.197
300.24
300.284
300.338
300.401
300.494
300.591
300.676
300.73
300.734
300.688
300.603
300.507
300.424
300.352
300.294
300.104
300.108
300.232
300.11
300.108
300.185
300.167
300.172
300.179
300.2
300.303
300.12
300.111
300.129
300.125
300.137
300.133
300.145
300.142
300.154
300.149
300.161
300.158
300.165
300.136
300.085
307.841
302.449
300.994
321.193
345.937
300.039
359.36
305.095
316.191
330.578
360.665
345.989
304.142
314.019
327.927
300.114
300.107
300.131
300.126
300.117
300.201
300.146
300.135
362.792
364.554
358.645
339.908
318.29
305.446
300.957
300.226
343.789
300.112
300.102
300.089
300.081
300.07
300.109
300.111
300.06
300.049
300.038
300.029
300.019
301.259
301.161
301.08
301.012
300.953
300.895
300.849
300.79
300.715
300.645
300.582
300.531
300.48
300.425
300.391
300.343
300.303
300.259
300.212
300.166
300.126
300.087
300.042
300.038
300.06
300.05
300.023
300.048
300.075
300.103
300.079
300.069
300.135
300.095
300.088
300.168
300.207
300.25
300.297
300.357
300.439
300.532
300.623
300.696
300.729
300.701
300.63
300.53
300.442
300.367
300.305
300.238
300.099
300.1
300.187
300.101
300.098
300.135
300.169
300.178
300.209
300.376
300.122
300.118
300.13
300.126
300.138
300.135
300.146
300.142
300.156
300.151
300.162
300.159
300.167
300.089
300.041
311.389
303.733
301.449
329.932
352.104
361.019
304.955
315.974
329.959
360.866
346.256
304.233
314.337
328.275
300.113
300.128
300.123
300.115
300.151
300.139
300.133
362.74
364.174
357.355
338.745
318.04
305.639
301.082
300.242
300.156
344.023
300.112
300.09
300.078
300.069
300.113
300.06
301.218
301.103
301.028
300.975
300.914
300.875
300.829
300.77
300.695
300.614
300.549
300.496
300.442
300.394
300.337
300.294
300.262
300.214
300.171
300.13
300.085
300.042
300.023
300.048
300.077
300.105
300.078
300.07
300.139
300.087
300.175
300.216
300.26
300.315
300.38
300.469
300.565
300.652
300.705
300.701
300.66
300.559
300.466
300.38
300.31
300.243
300.195
300.09
300.143
300.092
300.176
300.22
300.477
300.123
300.12
300.131
300.127
300.139
300.136
300.147
300.144
300.157
300.155
300.164
300.162
300.175
300.043
315.698
305.387
302.037
337.428
356.881
361.992
304.869
315.631
329.71
361.078
304.335
314.588
328.74
300.125
300.121
300.142
300.136
300.13
362.592
363.55
355.731
336.935
317.4
305.568
301.142
300.26
300.16
300.146
300.077
301.066
300.995
300.947
300.908
300.875
300.841
300.803
300.747
300.667
300.579
300.512
300.458
300.395
300.356
300.309
300.262
300.21
300.167
300.13
300.084
300.042
300.024
300.051
300.08
300.111
300.144
300.182
300.225
300.273
300.33
300.411
300.503
300.598
300.673
300.697
300.67
300.582
300.477
300.386
300.33
300.258
300.201
300.146
300.092
300.044
300.234
300.602
300.124
300.132
300.128
300.14
300.137
300.15
300.146
300.16
300.158
300.174
300.173
300.248
320.849
307.405
302.735
344.185
360.401
362.567
304.764
315.417
304.424
314.888
300.14
300.133
362.323
352.944
334.299
316.121
305.347
301.133
300.27
300.165
300.149
300.144
300.587
300.795
300.849
300.83
300.819
300.799
300.77
300.716
300.617
300.542
300.472
300.403
300.362
300.305
300.261
300.219
300.173
300.129
300.086
300.039
300.025
300.053
300.082
300.115
300.15
300.19
300.235
300.286
300.355
300.443
300.539
300.627
300.679
300.673
300.608
300.5
300.422
300.339
300.254
300.204
300.148
300.096
300.041
300.744
300.152
300.172
300.17
300.26
300.267
300.885
326.382
309.7
303.496
349.29
304.677
304.519
330.734
314.211
304.892
301.095
300.27
300.331
300.62
300.715
300.741
300.722
300.742
300.737
300.683
300.588
300.496
300.431
300.376
300.323
300.269
300.224
300.176
300.131
300.084
300.039
300.026
300.054
300.086
300.119
300.156
300.199
300.248
300.303
300.382
300.478
300.571
300.648
300.671
300.629
300.53
300.443
300.337
300.272
300.203
300.149
300.096
300.043
301.012
304.231
312.032
300.179
300.456
300.583
300.632
300.674
300.709
300.707
300.635
300.53
300.454
300.391
300.321
300.275
300.226
300.181
300.132
300.086
300.039
300.026
300.055
300.088
300.124
300.163
300.209
300.261
300.325
300.418
300.514
300.604
300.651
300.635
300.567
300.47
300.359
300.288
300.209
300.157
300.101
300.046
300.111
300.329
300.506
300.575
300.628
300.686
300.676
300.602
300.495
300.41
300.338
300.278
300.224
300.182
300.132
300.088
300.04
300.027
300.058
300.091
300.13
300.171
300.219
300.275
300.36
300.447
300.549
300.622
300.64
300.592
300.491
300.37
300.301
300.227
300.164
300.103
300.047
300.088
300.215
300.419
300.517
300.607
300.666
300.643
300.555
300.442
300.363
300.296
300.24
300.18
300.135
300.085
300.04
300.028
300.061
300.096
300.136
300.18
300.233
300.305
300.386
300.485
300.577
300.625
300.611
300.524
300.414
300.31
300.23
300.171
300.108
300.048
300.077
300.176
300.363
300.497
300.6
300.651
300.6
300.482
300.378
300.314
300.25
300.188
300.138
300.09
300.041
300.03
300.063
300.1
300.142
300.188
300.249
300.322
300.421
300.521
300.593
300.613
300.549
300.447
300.322
300.247
300.176
300.11
300.048
300.082
300.188
300.343
300.507
300.603
300.621
300.553
300.43
300.334
300.264
300.199
300.142
300.092
300.041
300.031
300.066
300.105
300.148
300.203
300.27
300.348
300.457
300.549
300.592
300.565
300.461
300.339
300.263
300.184
300.117
300.049
300.085
300.205
300.349
300.515
300.605
300.589
300.474
300.363
300.279
300.203
300.149
300.096
300.043
300.031
300.068
300.111
300.158
300.217
300.289
300.388
300.491
300.562
300.567
300.488
300.385
300.28
300.193
300.121
300.052
300.089
300.229
300.386
300.536
300.597
300.544
300.403
300.299
300.22
300.156
300.095
300.042
300.033
300.073
300.118
300.171
300.236
300.315
300.428
300.519
300.554
300.511
300.405
300.277
300.199
300.127
300.058
300.084
300.25
300.421
300.558
300.574
300.466
300.344
300.243
300.164
300.103
300.047
300.035
300.078
300.124
300.183
300.258
300.348
300.457
300.527
300.522
300.444
300.299
300.214
300.125
300.06
300.095
300.273
300.464
300.564
300.514
300.382
300.264
300.174
300.106
300.049
300.036
300.082
300.135
300.199
300.287
300.388
300.483
300.514
300.464
300.332
300.231
300.138
300.062
300.122
300.3
300.489
300.535
300.436
300.308
300.2
300.114
300.051
300.038
300.085
300.141
300.213
300.316
300.426
300.49
300.473
300.363
300.249
300.153
300.062
300.144
300.348
300.505
300.488
300.359
300.227
300.128
300.054
300.041
300.095
300.159
300.242
300.348
300.447
300.473
300.399
300.276
300.161
300.063
300.169
300.399
300.493
300.414
300.265
300.146
300.059
300.042
300.099
300.172
300.272
300.38
300.448
300.417
300.295
300.181
300.074
300.202
300.423
300.439
300.299
300.162
300.061
300.048
300.111
300.196
300.309
300.401
300.42
300.302
300.193
300.073
300.253
300.422
300.353
300.198
300.067
300.053
300.123
300.223
300.346
300.39
300.318
300.209
300.088
300.315
300.372
300.24
300.082
300.057
300.142
300.245
300.35
300.336
300.224
300.094
300.333
300.282
300.107
300.06
300.159
300.28
300.325
300.239
300.106
300.287
300.128
300.073
300.195
300.282
300.258
300.117
300.155
300.078
300.212
300.252
300.129
300.098
300.203
300.126
300.113
300.131
300.092
)
;

boundaryField
{
    lowerOutlet
    {
        type            inletOutlet;
        inletValue      uniform 300;
        value           nonuniform List<scalar> 
146
(
300
300
300
300
300
300
300
300
300
300
300
300
300
300
300
300
300
300
300
300
300
300
300
300
300
300
300
300
300
300
300
300
300
300
300
300
300
300
300
300
300
300
314.604
300
300
300
300
321.905
589.327
300
300
300
300
300
300
300
300
300
300
300
300
300
300
300
300
300
300
300
300
300
300
300
300
300
300
300
300
300
300
300
300
300
300
300
300
300
300
300
300
300
300
300
300
300
300
300
300
300
300
304.507
300
312.374
313.235
300
325.199
396.086
300
300
300
300
300
300
300
300
300
300
300
300
318.468
300
300
300
300
300
300
300
300
300
300
300
315.049
300
300
307.374
300
300
300
300
300
300
300
300
300
300
300
300
)
;
    }
    top
    {
        type            inletOutlet;
        inletValue      uniform 300;
        value           nonuniform List<scalar> 
100
(
300
300
300
300.333
300.512
300.662
300.752
300.787
300.839
300.898
300.959
301.032
301.099
301.141
301.183
301.239
301.295
301.342
301.377
301.405
301.464
301.713
302.363
303.131
303.411
303.33
302.731
302.02
301.765
301.741
301.897
302.139
302.388
302.623
302.761
302.809
302.792
302.6
302.312
301.99
301.735
301.616
301.568
301.55
301.542
301.538
301.535
301.534
301.533
301.532
301.53
301.529
301.525
301.522
301.519
301.515
301.508
301.498
301.487
301.473
301.464
301.445
301.433
301.416
301.399
301.375
301.361
301.346
301.334
301.32
301.312
301.298
301.292
301.29
301.288
301.286
301.282
301.26
301.219
301.072
300
300
300
300
300
300
300
300
300
300
300
300
300
300
300
300.25
300.313
300.332
300.287
300.155
)
;
    }
    sides
    {
        type            inletOutlet;
        inletValue      uniform 300;
        value           uniform 300;
    }
    front
    {
        type            empty;
    }
    back
    {
        type            empty;
    }
    roller
    {
        type            fixedValue;
        value           uniform 300;
    }
    burner
    {
        type            fixedValue;
        value           uniform 1044.97;
    }
}


// ************************************************************************* //
