/*--------------------------------*- C++ -*----------------------------------*\
  =========                 |
  \\      /  F ield         | OpenFOAM: The Open Source CFD Toolbox
   \\    /   O peration     | Website:  https://openfoam.org
    \\  /    A nd           | Version:  dev
     \\/     M anipulation  |
\*---------------------------------------------------------------------------*/
FoamFile
{
    version     2.0;
    format      ascii;
    class       volScalarField;
    location    "2500";
    object      O2;
}
// * * * * * * * * * * * * * * * * * * * * * * * * * * * * * * * * * * * * * //

dimensions      [0 0 0 0 0 0 0];

internalField   nonuniform List<scalar> 
9842
(
0.23301
0.23301
0.23301
0.23301
0.23301
0.23301
0.23301
0.23301
0.23301
0.23301
0.23301
0.23301
0.23301
0.23301
0.23301
0.23301
0.23301
0.23301
0.23301
0.23301
0.23301
0.23301
0.23301
0.23301
0.23301
0.23301
0.23301
0.23301
0.23301
0.23301
0.23301
0.23301
0.23301
0.23301
0.23301
0.23301
0.23301
0.23301
0.23301
0.23301
0.23301
0.23301
0.23301
0.23301
0.23301
0.23301
0.23301
0.23301
0.23301
0.23301
0.23301
0.23301
0.23301
0.23301
0.23301
0.23301
0.23301
0.23301
0.23301
0.23301
0.23301
0.23301
0.23301
0.23301
0.23301
0.23301
0.23301
0.23301
0.23301
0.23301
0.23301
0.23301
0.23301
0.23301
0.23301
0.23301
0.23301
0.23301
0.23301
0.23301
0.23301
0.23301
0.23301
0.23301
0.23301
0.23301
0.23301
0.23301
0.23301
0.23301
0.23301
0.23301
0.23301
0.23301
0.23301
0.23301
0.23301
0.23301
0.23301
0.23301
0.23301
0.23301
0.23301
0.23301
0.23301
0.23301
0.23301
0.23301
0.23301
0.23301
0.23301
0.23301
0.23301
0.23301
0.23301
0.23301
0.23301
0.23301
0.23301
0.23301
0.23301
0.23301
0.23301
0.23301
0.23301
0.23301
0.23301
0.23301
0.23301
0.23301
0.23301
0.23301
0.23301
0.23301
0.23301
0.23301
0.23301
0.23301
0.23301
0.23301
0.23301
0.23301
0.23301
0.23301
0.23301
0.23301
0.23301
0.23301
0.23301
0.23301
0.23301
0.23301
0.23301
0.23301
0.23301
0.23301
0.23301
0.23301
0.23301
0.23301
0.23301
0.23301
0.23301
0.23301
0.23301
0.23301
0.23301
0.23301
0.23301
0.23301
0.23301
0.23301
0.23301
0.23301
0.23301
0.23301
0.23301
0.23301
0.23301
0.23301
0.23301
0.23301
0.23301
0.23301
0.23301
0.23301
0.23301
0.23301
0.23301
0.23301
0.23301
0.23301
0.23301
0.23301
0.23301
0.23301
0.23301
0.23301
0.23301
0.23301
0.23301
0.23301
0.23301
0.23301
0.23301
0.23301
0.23301
0.23301
0.23301
0.23301
0.23301
0.23301
0.23301
0.23301
0.23301
0.23301
0.23301
0.23301
0.23301
0.23301
0.23301
0.23301
0.23301
0.23301
0.23301
0.23301
0.23301
0.23301
0.23301
0.23301
0.23301
0.23301
0.23301
0.23301
0.23301
0.23301
0.23301
0.23301
0.23301
0.23301
0.23301
0.23301
0.23301
0.23301
0.23301
0.23301
0.23301
0.23301
0.23301
0.23301
0.23301
0.23301
0.23301
0.23301
0.23301
0.23301
0.23301
0.23301
0.23301
0.23301
0.23301
0.23301
0.23301
0.23301
0.23301
0.23301
0.23301
0.23301
0.23301
0.23301
0.23301
0.23301
0.23301
0.23301
0.23301
0.23301
0.23301
0.23301
0.23301
0.23301
0.23301
0.23301
0.23301
0.23301
0.23301
0.23301
0.23301
0.23301
0.23301
0.23301
0.23301
0.23301
0.23301
0.23301
0.23301
0.23301
0.23301
0.23301
0.23301
0.23301
0.23301
0.23301
0.23301
0.23301
0.23301
0.23301
0.23301
0.23301
0.23301
0.23301
0.23301
0.23301
0.23301
0.23301
0.23301
0.23301
0.23301
0.23301
0.23301
0.23301
0.23301
0.23301
0.23301
0.23301
0.23301
0.23301
0.23301
0.23301
0.23301
0.23301
0.23301
0.23301
0.23301
0.23301
0.23301
0.23301
0.23301
0.23301
0.23301
0.23301
0.23301
0.23301
0.23301
0.23301
0.23301
0.23301
0.23301
0.23301
0.23301
0.23301
0.23301
0.23301
0.23301
0.23301
0.23301
0.23301
0.23301
0.23301
0.23301
0.23301
0.23301
0.23301
0.23301
0.23301
0.23301
0.23301
0.23301
0.23301
0.23301
0.23301
0.23301
0.23301
0.23301
0.23301
0.23301
0.23301
0.23301
0.23301
0.23301
0.23301
0.23301
0.23301
0.23301
0.23301
0.23301
0.23301
0.23301
0.23301
0.23301
0.23301
0.23301
0.23301
0.23301
0.23301
0.23301
0.23301
0.23301
0.23301
0.23301
0.23301
0.23301
0.23301
0.23301
0.23301
0.23301
0.23301
0.23301
0.23301
0.23301
0.23301
0.23301
0.23301
0.23301
0.23301
0.23301
0.23301
0.23301
0.23301
0.23301
0.23301
0.23301
0.23301
0.23301
0.23301
0.23301
0.23301
0.23301
0.23301
0.23301
0.23301
0.23301
0.23301
0.23301
0.23301
0.23301
0.23301
0.23301
0.23301
0.23301
0.23301
0.23301
0.23301
0.23301
0.23301
0.23301
0.23301
0.23301
0.23301
0.23301
0.23301
0.23301
0.23301
0.23301
0.23301
0.23301
0.23301
0.23301
0.23301
0.23301
0.23301
0.23301
0.23301
0.23301
0.23301
0.23301
0.23301
0.23301
0.23301
0.23301
0.23301
0.23301
0.23301
0.23301
0.23301
0.23301
0.23301
0.23301
0.23301
0.23301
0.23301
0.23301
0.23301
0.23301
0.23301
0.23301
0.23301
0.23301
0.23301
0.23301
0.23301
0.23301
0.23301
0.23301
0.23301
0.23301
0.23301
0.23301
0.23301
0.23301
0.23301
0.23301
0.23301
0.23301
0.23301
0.23301
0.23301
0.23301
0.23301
0.23301
0.23301
0.23301
0.23301
0.23301
0.23301
0.23301
0.23301
0.23301
0.23301
0.23301
0.23301
0.23301
0.23301
0.23301
0.23301
0.23301
0.23301
0.23301
0.23301
0.23301
0.23301
0.23301
0.23301
0.23301
0.23301
0.23301
0.23301
0.23301
0.23301
0.23301
0.23301
0.23301
0.23301
0.23301
0.23301
0.23301
0.23301
0.23301
0.23301
0.23301
0.23301
0.23301
0.23301
0.23301
0.23301
0.23301
0.23301
0.23301
0.23301
0.23301
0.23301
0.23301
0.23301
0.23301
0.23301
0.23301
0.23301
0.23301
0.23301
0.23301
0.23301
0.23301
0.23301
0.23301
0.23301
0.23301
0.23301
0.23301
0.23301
0.23301
0.23301
0.23301
0.23301
0.23301
0.23301
0.23301
0.23301
0.23301
0.23301
0.23301
0.23301
0.23301
0.23301
0.23301
0.23301
0.23301
0.23301
0.23301
0.23301
0.23301
0.23301
0.23301
0.23301
0.23301
0.23301
0.23301
0.23301
0.23301
0.23301
0.23301
0.23301
0.23301
0.23301
0.23301
0.23301
0.23301
0.23301
0.23301
0.23301
0.23301
0.23301
0.23301
0.23301
0.23301
0.23301
0.23301
0.23301
0.23301
0.23301
0.23301
0.23301
0.23301
0.23301
0.23301
0.23301
0.23301
0.23301
0.23301
0.23301
0.23301
0.23301
0.23301
0.23301
0.23301
0.23301
0.23301
0.23301
0.23301
0.23301
0.23301
0.23301
0.23301
0.23301
0.23301
0.23301
0.23301
0.23301
0.23301
0.23301
0.23301
0.23301
0.23301
0.23301
0.23301
0.23301
0.23301
0.23301
0.23301
0.23301
0.23301
0.23301
0.23301
0.23301
0.23301
0.23301
0.23301
0.23301
0.23301
0.23301
0.23301
0.23301
0.23301
0.23301
0.23301
0.23301
0.23301
0.23301
0.23301
0.23301
0.23301
0.23301
0.23301
0.23301
0.23301
0.23301
0.23301
0.23301
0.23301
0.23301
0.23301
0.23301
0.23301
0.23301
0.23301
0.23301
0.23301
0.23301
0.23301
0.23301
0.23301
0.23301
0.23301
0.23301
0.23301
0.23301
0.23301
0.23301
0.23301
0.23301
0.23301
0.23301
0.23301
0.23301
0.23301
0.23301
0.23301
0.23301
0.23301
0.23301
0.23301
0.23301
0.23301
0.23301
0.23301
0.23301
0.23301
0.23301
0.23301
0.23301
0.23301
0.23301
0.23301
0.23301
0.233009
0.233009
0.23301
0.23301
0.23301
0.23301
0.23301
0.23301
0.23301
0.23301
0.23301
0.23301
0.23301
0.23301
0.23301
0.23301
0.23301
0.23301
0.23301
0.23301
0.23301
0.23301
0.23301
0.23301
0.23301
0.23301
0.23301
0.23301
0.23301
0.23301
0.23301
0.23301
0.23301
0.23301
0.23301
0.23301
0.23301
0.23301
0.23301
0.23301
0.23301
0.233009
0.233008
0.233007
0.233006
0.233006
0.233007
0.233008
0.233009
0.23301
0.23301
0.23301
0.23301
0.23301
0.23301
0.23301
0.23301
0.23301
0.23301
0.23301
0.23301
0.23301
0.23301
0.23301
0.23301
0.23301
0.23301
0.23301
0.23301
0.23301
0.23301
0.23301
0.23301
0.23301
0.23301
0.23301
0.23301
0.23301
0.23301
0.23301
0.23301
0.23301
0.23301
0.23301
0.23301
0.23301
0.233009
0.233007
0.233002
0.232994
0.232987
0.232984
0.232986
0.232992
0.232999
0.233006
0.23301
0.233009
0.23301
0.23301
0.23301
0.23301
0.23301
0.23301
0.23301
0.23301
0.23301
0.23301
0.23301
0.23301
0.23301
0.23301
0.23301
0.23301
0.23301
0.23301
0.23301
0.23301
0.23301
0.23301
0.23301
0.23301
0.23301
0.23301
0.23301
0.23301
0.23301
0.23301
0.23301
0.23301
0.23301
0.23301
0.23301
0.23301
0.233009
0.233004
0.232986
0.23295
0.232903
0.232871
0.232875
0.2329
0.232935
0.23297
0.233007
0.233
0.23301
0.233008
0.23301
0.23301
0.23301
0.23301
0.23301
0.23301
0.23301
0.23301
0.23301
0.23301
0.23301
0.23301
0.23301
0.23301
0.23301
0.23301
0.23301
0.23301
0.23301
0.23301
0.23301
0.23301
0.23301
0.23301
0.23301
0.23301
0.23301
0.23301
0.23301
0.23301
0.23301
0.23301
0.23301
0.23301
0.23301
0.23301
0.233008
0.232998
0.23296
0.232858
0.23269
0.232536
0.232488
0.232563
0.232671
0.232783
0.232976
0.232905
0.233004
0.23299
0.233009
0.233005
0.23301
0.233009
0.23301
0.23301
0.23301
0.23301
0.23301
0.23301
0.23301
0.23301
0.23301
0.23301
0.23301
0.23301
0.23301
0.23301
0.23301
0.23301
0.23301
0.23301
0.23301
0.23301
0.23301
0.23301
0.23301
0.23301
0.23301
0.23301
0.23301
0.23301
0.23301
0.23301
0.23301
0.23301
0.23301
0.23301
0.233008
0.232993
0.232929
0.232747
0.232413
0.232031
0.231797
0.231791
0.232008
0.232214
0.232718
0.232356
0.232944
0.232805
0.232994
0.232957
0.233005
0.232995
0.233009
0.233005
0.23301
0.233008
0.23301
0.233009
0.23301
0.23301
0.23301
0.23301
0.23301
0.23301
0.23301
0.23301
0.23301
0.23301
0.23301
0.23301
0.23301
0.23301
0.23301
0.23301
0.23301
0.23301
0.23301
0.23301
0.23301
0.23301
0.23301
0.23301
0.23301
0.23301
0.23301
0.23301
0.23301
0.23301
0.233007
0.23299
0.232903
0.232635
0.232154
0.231566
0.231082
0.230882
0.231018
0.231373
0.232001
0.23151
0.232495
0.232102
0.232846
0.232576
0.232961
0.232861
0.232993
0.232957
0.233004
0.232988
0.233008
0.233001
0.233009
0.233007
0.233009
0.23301
0.233009
0.233009
0.23301
0.23301
0.23301
0.23301
0.23301
0.23301
0.23301
0.23301
0.23301
0.23301
0.23301
0.23301
0.23301
0.23301
0.23301
0.23301
0.23301
0.23301
0.23301
0.23301
0.23301
0.23301
0.23301
0.23301
0.23301
0.23301
0.233007
0.232989
0.232888
0.232558
0.231925
0.231209
0.230542
0.230077
0.229952
0.230221
0.231061
0.230533
0.23166
0.231149
0.232194
0.231747
0.232613
0.232233
0.232854
0.232604
0.232943
0.232821
0.232979
0.232915
0.232997
0.232962
0.233006
0.232991
0.233005
0.233009
0.233004
0.233005
0.23301
0.23301
0.23301
0.23301
0.23301
0.23301
0.23301
0.23301
0.23301
0.23301
0.23301
0.23301
0.23301
0.23301
0.23301
0.23301
0.23301
0.23301
0.23301
0.23301
0.23301
0.23301
0.23301
0.23301
0.23301
0.23301
0.233008
0.232989
0.232884
0.232518
0.231792
0.230936
0.230228
0.229644
0.229244
0.229156
0.229354
0.23063
0.229934
0.231243
0.230675
0.231781
0.231268
0.232212
0.231743
0.232539
0.232116
0.232753
0.232404
0.232865
0.232638
0.232938
0.232793
0.232984
0.232909
0.232979
0.233006
0.232977
0.23298
0.23301
0.233008
0.23301
0.23301
0.23301
0.23301
0.23301
0.23301
0.23301
0.23301
0.23301
0.23301
0.23301
0.23301
0.23301
0.23301
0.23301
0.23301
0.23301
0.23301
0.23301
0.23301
0.23301
0.23301
0.23301
0.23301
0.233008
0.23299
0.232886
0.232515
0.231746
0.230969
0.230282
0.229642
0.229108
0.22867
0.228422
0.228927
0.228354
0.230065
0.229431
0.230696
0.230064
0.231213
0.230628
0.231616
0.231057
0.231932
0.231382
0.232191
0.231643
0.23246
0.231902
0.232699
0.23224
0.232879
0.232596
0.232859
0.232988
0.232853
0.232867
0.233009
0.232997
0.23301
0.23301
0.23301
0.23301
0.23301
0.23301
0.23301
0.23301
0.23301
0.23301
0.23301
0.23301
0.23301
0.23301
0.23301
0.23301
0.23301
0.23301
0.23301
0.23301
0.23301
0.23301
0.23301
0.23301
0.233008
0.23299
0.23289
0.232526
0.231773
0.231142
0.230652
0.229996
0.229311
0.228668
0.228173
0.228079
0.227936
0.228274
0.227972
0.229414
0.228808
0.229993
0.229328
0.230455
0.229815
0.230786
0.230158
0.231035
0.23039
0.231255
0.230574
0.231545
0.230792
0.231989
0.231155
0.232503
0.231743
0.232447
0.232898
0.232434
0.232482
0.233004
0.232939
0.23301
0.233008
0.23301
0.23301
0.23301
0.23301
0.23301
0.23301
0.23301
0.23301
0.23301
0.23301
0.23301
0.23301
0.23301
0.23301
0.23301
0.23301
0.23301
0.23301
0.23301
0.23301
0.23301
0.23301
0.233007
0.23299
0.232892
0.232543
0.23183
0.231338
0.231053
0.230787
0.230177
0.229173
0.228425
0.227941
0.22803
0.227865
0.22787
0.227894
0.227804
0.228701
0.228177
0.229163
0.228546
0.229517
0.228888
0.229737
0.229099
0.229882
0.229209
0.230027
0.229294
0.230286
0.229447
0.230768
0.22979
0.231549
0.230422
0.231441
0.232587
0.23143
0.231555
0.232977
0.232722
0.23301
0.232999
0.23301
0.23301
0.23301
0.23301
0.23301
0.23301
0.23301
0.23301
0.23301
0.23301
0.23301
0.23301
0.23301
0.23301
0.23301
0.23301
0.23301
0.23301
0.23301
0.23301
0.23301
0.23301
0.233007
0.232988
0.232888
0.232548
0.231881
0.231472
0.231319
0.231399
0.231459
0.230818
0.229461
0.228596
0.227936
0.228192
0.227817
0.227897
0.227728
0.227761
0.228052
0.227792
0.228318
0.227883
0.228508
0.228004
0.228585
0.228047
0.228613
0.228021
0.228675
0.228001
0.228885
0.228087
0.229353
0.228391
0.23016
0.228994
0.230016
0.231807
0.230001
0.230159
0.232862
0.232135
0.233008
0.232959
0.23301
0.23301
0.23301
0.23301
0.23301
0.23301
0.23301
0.23301
0.23301
0.23301
0.23301
0.23301
0.23301
0.23301
0.23301
0.23301
0.23301
0.23301
0.23301
0.23301
0.23301
0.233006
0.232982
0.232874
0.23254
0.231912
0.231558
0.231482
0.231772
0.232242
0.23216
0.231403
0.230228
0.228958
0.22979
0.228104
0.22852
0.227882
0.228155
0.227674
0.227853
0.227648
0.227612
0.227643
0.22745
0.227623
0.227335
0.227536
0.227184
0.227441
0.227003
0.227415
0.226862
0.227568
0.226869
0.227989
0.227121
0.228757
0.227678
0.228651
0.230517
0.228684
0.228881
0.232517
0.231074
0.232999
0.232825
0.23301
0.23301
0.23301
0.23301
0.23301
0.23301
0.23301
0.23301
0.23301
0.23301
0.23301
0.23301
0.23301
0.23301
0.23301
0.23301
0.23301
0.23301
0.23301
0.23301
0.233005
0.232975
0.23285
0.232509
0.231921
0.231611
0.231579
0.23196
0.232566
0.232707
0.232493
0.231951
0.230532
0.231544
0.229725
0.230516
0.228564
0.22907
0.228222
0.228677
0.227776
0.228226
0.227436
0.227528
0.227199
0.227205
0.226962
0.226877
0.226695
0.226524
0.226469
0.22624
0.226331
0.226062
0.226399
0.225921
0.226761
0.225964
0.227482
0.226459
0.227406
0.229253
0.227457
0.227593
0.228383
0.23179
0.229877
0.232968
0.232474
0.23301
0.23301
0.23301
0.23301
0.23301
0.23301
0.23301
0.23301
0.23301
0.23301
0.23301
0.23301
0.23301
0.23301
0.23301
0.23301
0.23301
0.23301
0.23301
0.233005
0.232969
0.232818
0.232463
0.231915
0.231644
0.231638
0.232046
0.232669
0.23288
0.232871
0.232723
0.232559
0.231389
0.232147
0.230546
0.231359
0.2292
0.229814
0.228759
0.229336
0.228076
0.22868
0.227306
0.227584
0.226892
0.226988
0.226474
0.226496
0.226137
0.22612
0.225956
0.225945
0.22579
0.225809
0.22559
0.225597
0.225636
0.225323
0.226258
0.22539
0.225816
0.226799
0.22616
0.227776
0.22886
0.227964
0.226916
0.226174
0.226182
0.227007
0.230775
0.228269
0.228593
0.229578
0.232775
0.231757
0.23301
0.23301
0.23301
0.23301
0.23301
0.23301
0.23301
0.23301
0.23301
0.23301
0.23301
0.23301
0.23301
0.23301
0.23301
0.23301
0.23301
0.23301
0.233006
0.232966
0.232788
0.232408
0.231897
0.231665
0.231679
0.232093
0.232701
0.232926
0.23297
0.232939
0.232855
0.232626
0.232753
0.232022
0.232414
0.231373
0.231925
0.229966
0.230662
0.229343
0.23003
0.228244
0.228928
0.22724
0.227668
0.226589
0.226807
0.226145
0.226216
0.225961
0.225998
0.225852
0.225918
0.225717
0.225902
0.225385
0.22548
0.225621
0.22582
0.225158
0.225089
0.22544
0.225384
0.225172
0.2253
0.225649
0.225149
0.224999
0.225581
0.227174
0.227408
0.226273
0.225579
0.225556
0.226392
0.229029
0.230509
0.229492
0.227707
0.228078
0.232495
0.230027
0.230627
0.231572
0.23301
0.23301
0.23301
0.23301
0.23301
0.23301
0.23301
0.23301
0.23301
0.23301
0.23301
0.23301
0.23301
0.23301
0.23301
0.23301
0.23301
0.233006
0.232967
0.232772
0.232353
0.23188
0.231683
0.231719
0.232138
0.232718
0.23294
0.232993
0.232993
0.232962
0.232832
0.232543
0.232597
0.232271
0.232462
0.231761
0.232082
0.230692
0.231292
0.229657
0.230362
0.228258
0.22896
0.227168
0.227651
0.226358
0.226592
0.226061
0.226155
0.225974
0.226033
0.226004
0.226007
0.225973
0.226092
0.226094
0.22606
0.225639
0.225871
0.226061
0.224946
0.225054
0.225658
0.225654
0.225311
0.224862
0.225088
0.224748
0.224809
0.225019
0.226575
0.226825
0.225647
0.224984
0.224988
0.225772
0.228519
0.229028
0.227148
0.227549
0.23131
0.232787
0.232217
0.229622
0.230324
0.233009
0.233009
0.233009
0.23301
0.23301
0.23301
0.23301
0.23301
0.23301
0.23301
0.23301
0.23301
0.23301
0.23301
0.23301
0.23301
0.233007
0.232971
0.232772
0.232321
0.231865
0.231702
0.231768
0.232203
0.232741
0.232947
0.232999
0.233005
0.232997
0.232952
0.23251
0.232758
0.232188
0.232283
0.232206
0.232191
0.231776
0.231788
0.230983
0.231473
0.229693
0.23037
0.22794
0.228583
0.226927
0.227376
0.226295
0.226477
0.226101
0.226215
0.225987
0.226008
0.225987
0.225874
0.225745
0.225621
0.226142
0.22613
0.226034
0.225857
0.225932
0.22613
0.226173
0.224937
0.225236
0.225978
0.226003
0.225629
0.224673
0.224646
0.224537
0.224808
0.224559
0.225963
0.226231
0.225039
0.224495
0.224464
0.225155
0.228026
0.228592
0.226582
0.22702
0.231271
0.23293
0.232404
0.229271
0.230143
0.233006
0.233005
0.233007
0.233009
0.23301
0.23301
0.23301
0.23301
0.23301
0.23301
0.23301
0.23301
0.23301
0.23301
0.23301
0.233008
0.232977
0.232778
0.232317
0.231867
0.231723
0.231832
0.232291
0.232774
0.232955
0.233001
0.233007
0.233006
0.232996
0.232923
0.232362
0.232701
0.231584
0.231871
0.231694
0.231576
0.231151
0.231015
0.23089
0.23115
0.229223
0.229758
0.227392
0.227835
0.22671
0.227011
0.226368
0.226526
0.226076
0.226234
0.225537
0.225485
0.22549
0.225548
0.225631
0.225398
0.225186
0.225019
0.226117
0.225924
0.225632
0.225287
0.226178
0.226203
0.226075
0.225137
0.225578
0.226211
0.22623
0.226005
0.224665
0.224406
0.224509
0.22501
0.224281
0.225347
0.22563
0.224483
0.224173
0.22409
0.224569
0.22755
0.228189
0.226012
0.226496
0.231313
0.232957
0.232551
0.228989
0.230042
0.232989
0.232991
0.233001
0.233007
0.233009
0.23301
0.23301
0.23301
0.23301
0.23301
0.23301
0.23301
0.23301
0.23301
0.233009
0.232988
0.232794
0.232324
0.231874
0.231749
0.231903
0.232395
0.232816
0.232965
0.233003
0.233009
0.233008
0.233006
0.232993
0.232871
0.232969
0.232319
0.232694
0.230997
0.231707
0.230791
0.230723
0.230052
0.229843
0.230071
0.230115
0.228268
0.228613
0.227215
0.227509
0.226718
0.226946
0.226473
0.226751
0.225546
0.225945
0.224915
0.224881
0.224918
0.225022
0.224939
0.224628
0.224386
0.224232
0.22577
0.225357
0.224889
0.224431
0.22621
0.226011
0.225605
0.225492
0.225974
0.226218
0.226213
0.226226
0.224853
0.224349
0.224673
0.225367
0.224186
0.224748
0.225035
0.224046
0.22403
0.223884
0.224063
0.227092
0.227826
0.225445
0.225981
0.231421
0.232987
0.232729
0.228761
0.230001
0.232939
0.232957
0.232989
0.233005
0.233009
0.23301
0.23301
0.23301
0.23301
0.23301
0.23301
0.23301
0.23301
0.233009
0.232995
0.23283
0.232345
0.231888
0.231777
0.231977
0.232495
0.232851
0.232976
0.233004
0.233009
0.23301
0.233009
0.233007
0.233004
0.232918
0.232983
0.232351
0.232737
0.230829
0.231691
0.229834
0.230104
0.228965
0.229095
0.228815
0.228896
0.227801
0.228062
0.227493
0.227752
0.226996
0.227238
0.226418
0.226885
0.224725
0.225036
0.225656
0.225296
0.224176
0.2242
0.224313
0.224493
0.224034
0.223736
0.223558
0.223503
0.225066
0.224484
0.223932
0.223472
0.225946
0.225443
0.224798
0.225898
0.226197
0.225897
0.225871
0.226201
0.225196
0.224475
0.22499
0.225774
0.224263
0.22419
0.224461
0.223776
0.22404
0.223814
0.223708
0.226654
0.227494
0.22489
0.225477
0.231637
0.233002
0.232859
0.228571
0.230031
0.232845
0.232904
0.232975
0.233002
0.233009
0.23301
0.23301
0.23301
0.23301
0.23301
0.23301
0.23301
0.23301
0.233001
0.232882
0.232394
0.231908
0.231797
0.23204
0.232573
0.23288
0.23298
0.233005
0.233009
0.23301
0.23301
0.233009
0.233009
0.233007
0.233009
0.232965
0.232999
0.232525
0.232846
0.230947
0.231882
0.229388
0.230007
0.22867
0.228971
0.228277
0.228464
0.22801
0.228259
0.228232
0.228616
0.227373
0.227821
0.225974
0.226374
0.226917
0.224603
0.224904
0.225546
0.22521
0.223578
0.223781
0.22404
0.224314
0.223146
0.222971
0.222959
0.223134
0.224113
0.223484
0.222982
0.222645
0.225318
0.224577
0.223803
0.226133
0.226166
0.225241
0.225217
0.225876
0.225598
0.224752
0.225369
0.226032
0.224487
0.223733
0.223931
0.223616
0.224195
0.223877
0.223472
0.226233
0.227181
0.224354
0.224986
0.231959
0.233008
0.232928
0.228405
0.230149
0.232741
0.232856
0.232967
0.233002
0.233008
0.23301
0.23301
0.23301
0.23301
0.23301
0.23301
0.23301
0.233005
0.232928
0.232482
0.23194
0.231808
0.232071
0.23262
0.23289
0.23298
0.233004
0.233009
0.23301
0.23301
0.23301
0.23301
0.23301
0.233009
0.23301
0.232996
0.233007
0.232793
0.232952
0.231476
0.232339
0.229502
0.230406
0.229104
0.229616
0.228504
0.228768
0.228979
0.229318
0.229072
0.229698
0.227671
0.228389
0.225901
0.226292
0.226781
0.227238
0.22476
0.225056
0.225656
0.225347
0.223419
0.22374
0.224087
0.224438
0.222502
0.222532
0.222766
0.223107
0.223111
0.222576
0.222236
0.222114
0.224423
0.223569
0.222816
0.226109
0.225873
0.224342
0.224335
0.225249
0.225888
0.225097
0.22568
0.22603
0.224782
0.223402
0.223483
0.223557
0.224419
0.224007
0.223301
0.225819
0.226866
0.223844
0.224509
0.232205
0.233009
0.232954
0.228243
0.23022
0.232654
0.232833
0.232967
0.233002
0.233009
0.23301
0.23301
0.23301
0.23301
0.23301
0.23301
0.233007
0.232962
0.232596
0.231999
0.231813
0.232072
0.232619
0.232884
0.232972
0.232999
0.233008
0.23301
0.23301
0.23301
0.23301
0.23301
0.23301
0.23301
0.23301
0.23301
0.233007
0.233009
0.23295
0.232995
0.232336
0.23279
0.230405
0.231443
0.230474
0.231123
0.229647
0.230004
0.230277
0.230783
0.229678
0.230416
0.227659
0.228136
0.228859
0.225995
0.22637
0.227026
0.227444
0.225291
0.225553
0.226027
0.225783
0.223536
0.224043
0.224533
0.224956
0.222159
0.222417
0.222812
0.223359
0.222251
0.2219
0.221784
0.221822
0.223414
0.222599
0.221993
0.225873
0.225313
0.223341
0.223347
0.224402
0.225906
0.225402
0.225747
0.225857
0.225053
0.223156
0.223138
0.22357
0.224632
0.224141
0.223181
0.225398
0.22651
0.223382
0.224026
0.232292
0.233009
0.232952
0.22803
0.230134
0.232598
0.232841
0.232973
0.233003
0.233009
0.23301
0.23301
0.23301
0.23301
0.23301
0.233008
0.232983
0.232717
0.232089
0.231817
0.232057
0.232592
0.232852
0.23295
0.232987
0.233004
0.233009
0.23301
0.23301
0.23301
0.23301
0.23301
0.23301
0.23301
0.23301
0.23301
0.233009
0.23301
0.232997
0.233007
0.232843
0.232961
0.231911
0.232528
0.232073
0.232453
0.231233
0.231659
0.231065
0.231616
0.229817
0.230233
0.230819
0.227868
0.228298
0.22946
0.229045
0.22631
0.226641
0.227458
0.227836
0.226093
0.226297
0.22662
0.226452
0.224003
0.224675
0.225287
0.225768
0.222065
0.222464
0.223037
0.22375
0.221624
0.221502
0.221524
0.221727
0.222454
0.221797
0.221396
0.225395
0.224519
0.222382
0.222381
0.223433
0.225778
0.225518
0.22564
0.225456
0.225205
0.222948
0.222852
0.223598
0.224766
0.22421
0.223095
0.224939
0.226126
0.222992
0.223543
0.232191
0.233007
0.232904
0.227704
0.229745
0.232579
0.232863
0.23298
0.233005
0.233009
0.23301
0.23301
0.23301
0.23301
0.233009
0.232993
0.232824
0.232221
0.231827
0.232009
0.232521
0.232771
0.232897
0.23296
0.232993
0.233006
0.233009
0.23301
0.23301
0.23301
0.23301
0.23301
0.23301
0.23301
0.23301
0.23301
0.23301
0.23301
0.23301
0.233007
0.233009
0.232976
0.232999
0.232747
0.23291
0.232686
0.232846
0.232071
0.232427
0.231405
0.231908
0.230133
0.230444
0.231055
0.231302
0.22823
0.228637
0.229811
0.229474
0.226839
0.227119
0.228118
0.228438
0.227034
0.227195
0.227419
0.2273
0.224571
0.225411
0.226157
0.22671
0.222076
0.222579
0.223245
0.224075
0.221261
0.221264
0.221423
0.22171
0.221657
0.221213
0.221057
0.224676
0.223586
0.221573
0.221543
0.222462
0.22547
0.225431
0.225405
0.224829
0.225161
0.222758
0.222605
0.223595
0.224759
0.224184
0.222998
0.224481
0.225712
0.222655
0.223095
0.231706
0.232933
0.232569
0.227223
0.228859
0.232596
0.232895
0.232989
0.233006
0.233009
0.23301
0.23301
0.23301
0.23301
0.232999
0.232904
0.232397
0.231862
0.231921
0.232418
0.23266
0.232791
0.232901
0.232965
0.232997
0.233008
0.23301
0.23301
0.23301
0.23301
0.23301
0.23301
0.23301
0.23301
0.23301
0.23301
0.23301
0.23301
0.23301
0.233009
0.233009
0.232998
0.233006
0.232935
0.232979
0.232806
0.232909
0.232308
0.232613
0.231488
0.231735
0.232041
0.23058
0.230825
0.231381
0.231533
0.228776
0.229126
0.230329
0.230072
0.227592
0.227828
0.229003
0.229259
0.22801
0.228183
0.228397
0.228288
0.225037
0.226048
0.226966
0.227652
0.222126
0.222708
0.22346
0.224389
0.221043
0.221165
0.221392
0.221736
0.22107
0.220892
0.220864
0.223805
0.222631
0.220964
0.220903
0.221611
0.22494
0.225253
0.225016
0.224047
0.224993
0.222569
0.222362
0.223503
0.224577
0.223972
0.222839
0.224037
0.225277
0.222363
0.222719
0.230463
0.231269
0.230775
0.226632
0.227755
0.23264
0.232928
0.232996
0.233008
0.23301
0.23301
0.23301
0.23301
0.233005
0.232955
0.232587
0.231947
0.231855
0.232291
0.232545
0.232661
0.232762
0.2329
0.232974
0.233003
0.233009
0.23301
0.23301
0.23301
0.23301
0.23301
0.23301
0.23301
0.23301
0.23301
0.23301
0.23301
0.23301
0.23301
0.233009
0.233009
0.233002
0.233007
0.232964
0.232991
0.232827
0.232924
0.232373
0.232648
0.231692
0.231846
0.232174
0.232001
0.231087
0.231234
0.231425
0.231541
0.229527
0.229804
0.23093
0.230769
0.22855
0.228757
0.230017
0.230209
0.228925
0.229163
0.229452
0.229312
0.22546
0.226589
0.227627
0.228434
0.222215
0.222842
0.223637
0.22462
0.220916
0.221116
0.221386
0.22177
0.220752
0.220703
0.220729
0.222925
0.221839
0.220632
0.220563
0.220991
0.224346
0.224961
0.224555
0.223379
0.224668
0.222343
0.222128
0.223238
0.224125
0.223385
0.22255
0.223624
0.224855
0.222107
0.222409
0.228207
0.229647
0.227796
0.226006
0.226736
0.232706
0.232954
0.233
0.233008
0.23301
0.23301
0.23301
0.233008
0.232984
0.23275
0.232098
0.231837
0.232132
0.232434
0.232523
0.232579
0.23275
0.232913
0.232987
0.233006
0.23301
0.23301
0.23301
0.23301
0.23301
0.23301
0.23301
0.23301
0.23301
0.23301
0.23301
0.23301
0.23301
0.23301
0.23301
0.233009
0.23301
0.233004
0.233008
0.232972
0.232995
0.232805
0.23292
0.232318
0.232598
0.231687
0.23184
0.231891
0.231664
0.231276
0.231336
0.231041
0.231128
0.230409
0.2306
0.231213
0.231179
0.229619
0.229815
0.23089
0.231009
0.229723
0.23002
0.230386
0.230216
0.225772
0.227026
0.228218
0.229142
0.222266
0.222901
0.223704
0.224704
0.220864
0.221091
0.221386
0.221784
0.220547
0.220537
0.220634
0.22228
0.221228
0.220395
0.220285
0.220559
0.223778
0.224471
0.223861
0.222707
0.223996
0.222107
0.221899
0.222672
0.223314
0.222603
0.222176
0.22326
0.224414
0.221883
0.222148
0.226848
0.231951
0.228062
0.22539
0.225967
0.232776
0.232973
0.233004
0.233009
0.23301
0.23301
0.233009
0.232994
0.232868
0.232314
0.23185
0.231981
0.232322
0.232396
0.232395
0.232519
0.232754
0.232936
0.232996
0.233008
0.23301
0.23301
0.23301
0.23301
0.23301
0.23301
0.23301
0.23301
0.23301
0.23301
0.23301
0.23301
0.23301
0.23301
0.23301
0.233009
0.23301
0.233005
0.233008
0.232974
0.232996
0.232551
0.23283
0.231536
0.231874
0.232072
0.231261
0.231451
0.231183
0.230844
0.231027
0.231002
0.230063
0.230113
0.231091
0.231147
0.23108
0.23114
0.230568
0.23074
0.231261
0.231255
0.230379
0.230738
0.231079
0.230937
0.22589
0.22721
0.228528
0.229633
0.22228
0.222902
0.223695
0.224695
0.220814
0.22105
0.221344
0.22173
0.220361
0.220394
0.220539
0.22146
0.220571
0.220222
0.220161
0.220246
0.222824
0.223478
0.222536
0.22148
0.222877
0.22183
0.221676
0.222107
0.222325
0.221927
0.221805
0.22287
0.223945
0.221701
0.221888
0.226409
0.232679
0.229657
0.224835
0.225457
0.232839
0.232987
0.233006
0.233009
0.23301
0.23301
0.233
0.232939
0.232552
0.231913
0.231879
0.232182
0.23229
0.232233
0.232274
0.232499
0.232794
0.232961
0.233004
0.233009
0.23301
0.23301
0.23301
0.23301
0.23301
0.23301
0.23301
0.23301
0.23301
0.23301
0.23301
0.23301
0.23301
0.23301
0.23301
0.233009
0.23301
0.233004
0.233008
0.232951
0.232993
0.231779
0.232526
0.230572
0.231084
0.231294
0.230656
0.230282
0.230537
0.23008
0.229622
0.2302
0.230095
0.228758
0.228756
0.23124
0.231207
0.230383
0.230567
0.23118
0.231244
0.231214
0.231109
0.230653
0.231056
0.231311
0.231244
0.225883
0.227219
0.228589
0.22979
0.222195
0.222769
0.223506
0.224403
0.22073
0.220966
0.221233
0.221562
0.220213
0.220271
0.220421
0.220512
0.220226
0.220089
0.219881
0.220084
0.221392
0.222119
0.221282
0.22058
0.221761
0.221548
0.221435
0.221715
0.221721
0.221577
0.221527
0.222489
0.22348
0.221489
0.221654
0.226694
0.232851
0.230337
0.224383
0.225333
0.23289
0.232995
0.233008
0.23301
0.23301
0.233006
0.232978
0.232745
0.23208
0.231845
0.232021
0.232196
0.232108
0.232061
0.232205
0.232505
0.232855
0.232986
0.233007
0.23301
0.23301
0.23301
0.23301
0.23301
0.23301
0.23301
0.23301
0.23301
0.23301
0.23301
0.23301
0.23301
0.23301
0.23301
0.23301
0.23301
0.233009
0.23301
0.233001
0.233008
0.23286
0.232972
0.230478
0.230462
0.231264
0.231963
0.229434
0.230051
0.229779
0.228916
0.229225
0.228836
0.228292
0.229008
0.228832
0.227388
0.22738
0.230942
0.230778
0.229241
0.229504
0.231316
0.231293
0.230611
0.230341
0.230599
0.231013
0.231138
0.231144
0.225514
0.226841
0.228267
0.22959
0.221944
0.222395
0.222883
0.223576
0.220628
0.220843
0.221077
0.221335
0.220099
0.220195
0.220285
0.220285
0.22012
0.21985
0.219876
0.219926
0.22077
0.221324
0.220955
0.220479
0.22143
0.22135
0.221228
0.221489
0.221494
0.221436
0.221348
0.222149
0.223085
0.221292
0.221482
0.227063
0.232986
0.231808
0.224114
0.225386
0.232929
0.233001
0.233009
0.23301
0.233008
0.232992
0.232872
0.232344
0.231865
0.231894
0.23209
0.232027
0.231895
0.231928
0.232183
0.232578
0.232915
0.232999
0.233009
0.23301
0.23301
0.23301
0.23301
0.23301
0.23301
0.23301
0.23301
0.23301
0.23301
0.23301
0.23301
0.23301
0.23301
0.23301
0.23301
0.23301
0.233009
0.23301
0.232993
0.233007
0.232669
0.232927
0.229765
0.230012
0.230736
0.231375
0.22837
0.229066
0.229017
0.227512
0.227838
0.227711
0.227115
0.22762
0.227465
0.226073
0.226125
0.230069
0.229786
0.227832
0.228093
0.231018
0.230828
0.229432
0.22908
0.229779
0.230323
0.230364
0.230417
0.224544
0.225763
0.227154
0.228583
0.221629
0.221968
0.222343
0.222696
0.220514
0.220699
0.220878
0.221155
0.219862
0.219916
0.219666
0.220327
0.219463
0.219455
0.21948
0.219452
0.220707
0.221164
0.22082
0.220525
0.221234
0.221215
0.221076
0.22137
0.221251
0.221188
0.221225
0.221868
0.22278
0.221162
0.221298
0.227873
0.233004
0.232489
0.223977
0.225562
0.232956
0.233004
0.233009
0.233009
0.232998
0.232944
0.232605
0.231954
0.231829
0.231963
0.231975
0.231787
0.231709
0.231858
0.232204
0.232701
0.232965
0.233006
0.23301
0.23301
0.23301
0.23301
0.23301
0.23301
0.23301
0.23301
0.23301
0.23301
0.23301
0.23301
0.23301
0.23301
0.23301
0.23301
0.23301
0.23301
0.233009
0.23301
0.23298
0.233005
0.232419
0.232862
0.229247
0.229711
0.23043
0.230304
0.230868
0.231609
0.227544
0.228272
0.228493
0.226298
0.226625
0.226846
0.226199
0.226152
0.226079
0.224817
0.225012
0.22872
0.2284
0.226294
0.226499
0.230116
0.229772
0.227798
0.227414
0.22763
0.228571
0.228819
0.228834
0.223146
0.223953
0.225091
0.226372
0.22128
0.221527
0.221794
0.222085
0.219755
0.219953
0.219964
0.220154
0.219501
0.219653
0.219283
0.219551
0.219111
0.219151
0.219152
0.21911
0.219712
0.220968
0.219808
0.219682
0.221035
0.221016
0.220787
0.221067
0.221016
0.220915
0.220867
0.221651
0.222521
0.220873
0.221119
0.228551
0.213695
0.231805
0.223892
0.22565
0.232974
0.233006
0.233009
0.233004
0.232981
0.232792
0.232182
0.231833
0.231849
0.23191
0.231739
0.231557
0.231574
0.231841
0.232314
0.232832
0.232992
0.233008
0.23301
0.23301
0.23301
0.23301
0.23301
0.23301
0.23301
0.23301
0.23301
0.23301
0.23301
0.23301
0.23301
0.23301
0.23301
0.23301
0.23301
0.23301
0.233008
0.233009
0.232973
0.233003
0.232307
0.232828
0.22901
0.229648
0.230325
0.231068
0.231592
0.22701
0.22775
0.228313
0.225288
0.225665
0.226274
0.225555
0.224682
0.224714
0.223666
0.224007
0.227061
0.226754
0.224712
0.224825
0.22858
0.228186
0.225817
0.225498
0.224201
0.225227
0.226364
0.226133
0.222349
0.222709
0.223166
0.223488
0.220156
0.220342
0.220347
0.220495
0.219322
0.219428
0.219404
0.219463
0.219184
0.219306
0.218987
0.219144
0.218877
0.218928
0.218929
0.218892
0.219205
0.21988
0.219259
0.219186
0.21995
0.220674
0.220668
0.220751
0.22
0.220012
0.220644
0.221475
0.22232
0.220668
0.220998
0.227721
0.139656
0.227338
0.223863
0.225492
0.232986
0.233008
0.233007
0.232992
0.232902
0.232469
0.231894
0.231792
0.231827
0.231725
0.23148
0.231368
0.231515
0.231893
0.232492
0.232934
0.233003
0.23301
0.23301
0.23301
0.23301
0.23301
0.23301
0.23301
0.23301
0.23301
0.23301
0.23301
0.23301
0.23301
0.23301
0.23301
0.23301
0.23301
0.23301
0.23301
0.23301
0.233008
0.233009
0.232973
0.233003
0.232106
0.232567
0.232839
0.228994
0.229734
0.230509
0.231244
0.23171
0.226808
0.227589
0.228331
0.224425
0.224939
0.225966
0.22513
0.223235
0.223424
0.222616
0.223105
0.225224
0.224983
0.22317
0.223152
0.226362
0.226111
0.223518
0.223375
0.222363
0.222226
0.223064
0.222729
0.220488
0.222023
0.22255
0.22243
0.219444
0.21947
0.219441
0.21942
0.219
0.219008
0.21898
0.218954
0.218951
0.219017
0.218867
0.21889
0.218786
0.218837
0.218836
0.218808
0.218911
0.219301
0.21894
0.218907
0.21935
0.220656
0.220465
0.22002
0.219395
0.219427
0.220007
0.221316
0.222214
0.220563
0.220896
0.227424
0.109773
0.220291
0.223784
0.225177
0.232994
0.233007
0.232998
0.23296
0.232709
0.232079
0.231794
0.231755
0.231714
0.231473
0.231249
0.231246
0.231513
0.232047
0.232713
0.232981
0.233008
0.23301
0.23301
0.23301
0.23301
0.23301
0.23301
0.23301
0.23301
0.23301
0.23301
0.23301
0.23301
0.23301
0.23301
0.23301
0.23301
0.23301
0.23301
0.23301
0.23301
0.233008
0.233009
0.232981
0.233004
0.232299
0.232584
0.232888
0.22915
0.229987
0.230783
0.231512
0.231915
0.226808
0.227619
0.228548
0.223681
0.224356
0.225864
0.224847
0.221917
0.222233
0.221671
0.222316
0.223297
0.223188
0.221681
0.221516
0.22341
0.223458
0.220991
0.221109
0.220058
0.221533
0.220908
0.221408
0.219372
0.220645
0.220403
0.220264
0.218911
0.218861
0.218794
0.218717
0.218864
0.21885
0.218825
0.218766
0.218873
0.21888
0.218792
0.218802
0.218968
0.218821
0.218801
0.219002
0.220379
0.219936
0.220432
0.219462
0.219038
0.219071
0.219484
0.221267
0.222117
0.220368
0.22081
0.226822
0.0674288
0.191722
0.223662
0.225105
0.232999
0.233003
0.232986
0.232858
0.232365
0.231848
0.23173
0.231676
0.231487
0.231219
0.23107
0.231202
0.231608
0.232287
0.232894
0.233
0.233009
0.23301
0.23301
0.23301
0.23301
0.23301
0.23301
0.23301
0.23301
0.23301
0.23301
0.23301
0.23301
0.23301
0.23301
0.23301
0.23301
0.23301
0.23301
0.23301
0.23301
0.23301
0.233009
0.23301
0.232993
0.233006
0.232419
0.232678
0.232974
0.232739
0.232906
0.229491
0.230357
0.23113
0.231807
0.232123
0.226982
0.227856
0.228962
0.223056
0.223899
0.225877
0.224686
0.22071
0.221146
0.220822
0.221627
0.221283
0.221445
0.220339
0.220029
0.221005
0.220864
0.219721
0.219562
0.21978
0.218883
0.220466
0.219353
0.218629
0.219336
0.219146
0.21902
0.218714
0.218643
0.218563
0.218473
0.218844
0.218871
0.219916
0.219487
0.220167
0.219883
0.219107
0.218902
0.218934
0.219139
0.221169
0.222029
0.220269
0.220724
0.224109
0.0555471
0.151975
0.223509
0.225019
0.233
0.232993
0.232938
0.232634
0.232018
0.23174
0.231657
0.231508
0.23123
0.230994
0.230966
0.231231
0.231815
0.232593
0.23297
0.233007
0.23301
0.23301
0.23301
0.23301
0.23301
0.23301
0.23301
0.23301
0.23301
0.23301
0.23301
0.23301
0.23301
0.23301
0.23301
0.23301
0.23301
0.23301
0.23301
0.23301
0.23301
0.23301
0.23301
0.233009
0.23301
0.233003
0.232972
0.233008
0.23257
0.232835
0.232949
0.229952
0.230794
0.231509
0.232105
0.232347
0.227287
0.228277
0.229483
0.222538
0.22356
0.226016
0.224643
0.219613
0.220162
0.220043
0.221015
0.219706
0.219775
0.219262
0.219053
0.220271
0.219812
0.219337
0.218988
0.218624
0.218188
0.218963
0.218407
0.218373
0.21854
0.218391
0.218286
0.219497
0.219156
0.219894
0.219496
0.218967
0.218998
0.221169
0.221969
0.220262
0.219791
0.220514
0.216685
0.0479589
0.114737
0.223543
0.224236
0.232994
0.232976
0.232817
0.2323
0.231802
0.231657
0.231527
0.23127
0.230992
0.230827
0.230942
0.231378
0.232125
0.232859
0.232998
0.233009
0.23301
0.23301
0.23301
0.23301
0.23301
0.23301
0.23301
0.23301
0.23301
0.23301
0.23301
0.23301
0.23301
0.23301
0.23301
0.23301
0.23301
0.23301
0.23301
0.23301
0.23301
0.23301
0.23301
0.23301
0.23301
0.233008
0.232996
0.232989
0.233009
0.23271
0.232897
0.23297
0.23048
0.231253
0.231879
0.232372
0.23255
0.227668
0.228774
0.230063
0.222105
0.223325
0.226232
0.224674
0.218906
0.21932
0.219402
0.22045
0.218944
0.219031
0.218732
0.218738
0.218643
0.219465
0.218128
0.218733
0.218045
0.217936
0.218166
0.217933
0.218233
0.218109
0.218004
0.219186
0.219021
0.219525
0.219201
0.221162
0.221987
0.220087
0.219791
0.219483
0.2205
0.204717
0.0420289
0.0839275
0.223598
0.22222
0.232984
0.232917
0.232578
0.231985
0.231678
0.231544
0.23133
0.231021
0.230789
0.230744
0.231017
0.231648
0.232518
0.232964
0.233007
0.23301
0.23301
0.23301
0.23301
0.23301
0.23301
0.23301
0.23301
0.23301
0.23301
0.23301
0.23301
0.23301
0.23301
0.23301
0.23301
0.23301
0.23301
0.23301
0.23301
0.23301
0.23301
0.23301
0.23301
0.23301
0.23301
0.23301
0.233004
0.233006
0.233009
0.233009
0.232988
0.23301
0.232814
0.232938
0.23101
0.231698
0.232212
0.23259
0.232709
0.228114
0.229293
0.230611
0.221735
0.223173
0.226555
0.224816
0.218578
0.218843
0.219013
0.219942
0.218669
0.218623
0.218538
0.218449
0.218019
0.218321
0.218002
0.217817
0.217872
0.217844
0.217793
0.219058
0.21923
0.219078
0.22118
0.222049
0.219807
0.219482
0.219235
0.220521
0.219806
0.18659
0.0381509
0.0659713
0.223474
0.218312
0.232963
0.232781
0.232265
0.231758
0.231566
0.231386
0.231095
0.230801
0.23064
0.230749
0.231222
0.232041
0.232848
0.232998
0.233009
0.23301
0.23301
0.23301
0.23301
0.23301
0.23301
0.23301
0.23301
0.23301
0.23301
0.23301
0.23301
0.23301
0.23301
0.23301
0.23301
0.23301
0.23301
0.23301
0.23301
0.23301
0.23301
0.23301
0.23301
0.23301
0.23301
0.23301
0.23301
0.232999
0.233004
0.233008
0.233009
0.233009
0.232973
0.23301
0.232891
0.231507
0.232091
0.232489
0.232753
0.232829
0.228607
0.229809
0.231089
0.221388
0.223078
0.226932
0.224995
0.21849
0.218589
0.218798
0.219583
0.218429
0.218451
0.218397
0.218259
0.217773
0.217886
0.217924
0.217779
0.217704
0.217749
0.219109
0.221221
0.222106
0.219499
0.219242
0.219123
0.220548
0.219835
0.219498
0.164601
0.0358688
0.0552582
0.222991
0.212206
0.232906
0.232533
0.231973
0.231614
0.23143
0.231182
0.230856
0.230624
0.230578
0.230879
0.23157
0.232524
0.232967
0.233008
0.23301
0.23301
0.23301
0.23301
0.23301
0.23301
0.23301
0.23301
0.23301
0.23301
0.23301
0.23301
0.23301
0.23301
0.23301
0.23301
0.23301
0.23301
0.23301
0.23301
0.23301
0.23301
0.23301
0.23301
0.23301
0.23301
0.23301
0.23301
0.23301
0.23299
0.233001
0.233007
0.233009
0.23301
0.23301
0.232947
0.23301
0.23301
0.231909
0.232401
0.232697
0.232872
0.23291
0.229138
0.230321
0.231521
0.221045
0.223005
0.227351
0.225238
0.21835
0.218503
0.218648
0.219329
0.218218
0.218207
0.218114
0.217706
0.217734
0.217753
0.21787
0.217696
0.217671
0.221263
0.222088
0.219262
0.219135
0.220612
0.219893
0.21951
0.219268
0.142606
0.0345799
0.0485083
0.222066
0.204214
0.232785
0.232225
0.231742
0.231474
0.231262
0.230954
0.230648
0.230499
0.230629
0.231158
0.232054
0.232868
0.233001
0.23301
0.23301
0.23301
0.23301
0.23301
0.23301
0.23301
0.23301
0.23301
0.23301
0.23301
0.23301
0.23301
0.23301
0.23301
0.23301
0.23301
0.23301
0.23301
0.23301
0.23301
0.23301
0.23301
0.23301
0.23301
0.23301
0.23301
0.23301
0.23301
0.23301
0.23301
0.232979
0.232996
0.233005
0.233008
0.233009
0.23301
0.23301
0.23301
0.23301
0.232232
0.232618
0.232835
0.232946
0.232961
0.229681
0.230819
0.231882
0.220733
0.222909
0.227786
0.225453
0.218267
0.218424
0.218582
0.219162
0.218152
0.217857
0.217686
0.217695
0.217744
0.217671
0.221105
0.22207
0.219159
0.220465
0.219961
0.219533
0.219277
0.219169
0.121249
0.0338008
0.0437901
0.220208
0.194351
0.232577
0.231924
0.231564
0.231318
0.231058
0.230725
0.230493
0.230473
0.230827
0.231599
0.232613
0.232978
0.233009
0.23301
0.23301
0.23301
0.23301
0.23301
0.23301
0.23301
0.23301
0.23301
0.23301
0.23301
0.23301
0.23301
0.23301
0.23301
0.23301
0.23301
0.23301
0.23301
0.23301
0.23301
0.23301
0.23301
0.23301
0.23301
0.23301
0.23301
0.23301
0.23301
0.23301
0.23301
0.232989
0.233003
0.233007
0.233009
0.233009
0.23301
0.23301
0.23301
0.23301
0.23301
0.232476
0.232776
0.232921
0.23298
0.230221
0.23128
0.232195
0.220447
0.222759
0.228219
0.225539
0.218283
0.218388
0.218562
0.218946
0.217888
0.217761
0.217683
0.217705
0.221142
0.221985
0.220042
0.219562
0.21929
0.219179
0.100976
0.0333304
0.0408356
0.21751
0.18228
0.232317
0.231692
0.231401
0.231139
0.230835
0.230526
0.230401
0.230586
0.231199
0.23219
0.23291
0.233004
0.23301
0.23301
0.23301
0.23301
0.23301
0.23301
0.23301
0.23301
0.23301
0.23301
0.23301
0.23301
0.23301
0.23301
0.23301
0.23301
0.23301
0.23301
0.23301
0.23301
0.23301
0.23301
0.23301
0.23301
0.23301
0.23301
0.23301
0.23301
0.23301
0.23301
0.23301
0.23301
0.232999
0.233005
0.233007
0.233009
0.233009
0.23301
0.23301
0.23301
0.233009
0.233009
0.233009
0.232663
0.232877
0.232963
0.232991
0.230717
0.231692
0.232448
0.220154
0.222522
0.2286
0.225567
0.217942
0.218413
0.218616
0.218841
0.217796
0.217746
0.217697
0.221244
0.22011
0.22174
0.219621
0.219303
0.219189
0.0846106
0.0329904
0.0386118
0.213029
0.169952
0.232028
0.231496
0.23123
0.230932
0.230613
0.230396
0.230434
0.230876
0.231754
0.232752
0.232992
0.233009
0.23301
0.23301
0.23301
0.23301
0.23301
0.23301
0.23301
0.23301
0.23301
0.23301
0.23301
0.23301
0.23301
0.23301
0.23301
0.23301
0.23301
0.23301
0.23301
0.23301
0.23301
0.23301
0.23301
0.23301
0.23301
0.23301
0.23301
0.23301
0.23301
0.23301
0.23301
0.23301
0.233001
0.233005
0.233007
0.233008
0.23301
0.23301
0.23301
0.233009
0.233009
0.233009
0.233008
0.233008
0.232797
0.23293
0.232974
0.232992
0.231116
0.232021
0.232631
0.21981
0.222176
0.228802
0.22535
0.217838
0.217981
0.218476
0.218648
0.218802
0.21778
0.217747
0.221311
0.220206
0.219658
0.220941
0.219337
0.219198
0.0730997
0.0328148
0.0376966
0.207473
0.158288
0.231761
0.23131
0.231037
0.230708
0.230425
0.230357
0.230634
0.23137
0.232444
0.232957
0.233008
0.23301
0.23301
0.23301
0.23301
0.23301
0.23301
0.23301
0.23301
0.23301
0.23301
0.23301
0.23301
0.23301
0.23301
0.23301
0.23301
0.23301
0.23301
0.23301
0.23301
0.23301
0.23301
0.23301
0.23301
0.23301
0.23301
0.23301
0.23301
0.23301
0.23301
0.23301
0.23301
0.23301
0.23301
0.232999
0.233004
0.233006
0.23301
0.23301
0.23301
0.233009
0.233009
0.233008
0.233008
0.233007
0.233006
0.233004
0.232861
0.232937
0.23297
0.232982
0.231319
0.232256
0.232701
0.219476
0.221672
0.228848
0.224895
0.217823
0.217868
0.21808
0.218083
0.218829
0.217778
0.221286
0.22026
0.219714
0.219357
0.219245
0.219223
0.0665872
0.0328441
0.0380112
0.201062
0.147589
0.231519
0.231113
0.230816
0.230493
0.230336
0.230469
0.231052
0.23206
0.232876
0.233003
0.23301
0.23301
0.23301
0.23301
0.23301
0.23301
0.23301
0.23301
0.23301
0.23301
0.23301
0.23301
0.23301
0.23301
0.23301
0.23301
0.23301
0.23301
0.23301
0.23301
0.23301
0.23301
0.23301
0.23301
0.23301
0.23301
0.23301
0.23301
0.23301
0.23301
0.23301
0.23301
0.23301
0.23301
0.232992
0.232999
0.23301
0.23301
0.23301
0.233009
0.233009
0.233007
0.233007
0.233005
0.233003
0.233001
0.232997
0.232992
0.232865
0.232922
0.232938
0.232956
0.231342
0.23231
0.232692
0.219152
0.221081
0.228595
0.224209
0.217825
0.217854
0.217936
0.218139
0.217955
0.21885
0.221175
0.220329
0.219748
0.219383
0.219236
0.21657
0.0673113
0.0335728
0.0418366
0.19553
0.144313
0.231289
0.230891
0.23058
0.230347
0.230381
0.230804
0.231697
0.232726
0.232991
0.233009
0.23301
0.23301
0.23301
0.23301
0.23301
0.23301
0.23301
0.23301
0.23301
0.23301
0.23301
0.23301
0.23301
0.23301
0.23301
0.23301
0.23301
0.23301
0.23301
0.23301
0.23301
0.23301
0.23301
0.23301
0.23301
0.23301
0.23301
0.23301
0.23301
0.23301
0.23301
0.23301
0.23301
0.23301
0.23301
0.232976
0.23301
0.23301
0.23301
0.233009
0.233009
0.233007
0.233008
0.233002
0.233001
0.232991
0.232986
0.232981
0.232967
0.232953
0.232808
0.232842
0.232869
0.232911
0.231137
0.232267
0.232563
0.219019
0.220439
0.227942
0.223316
0.217862
0.217924
0.218
0.218214
0.217951
0.220679
0.221093
0.219801
0.220464
0.219404
0.219252
0.21408
0.0731263
0.0383058
0.0600495
0.191615
0.146013
0.231048
0.230646
0.230383
0.23034
0.230624
0.231397
0.232491
0.232963
0.233008
0.23301
0.23301
0.23301
0.23301
0.23301
0.23301
0.23301
0.23301
0.23301
0.23301
0.23301
0.23301
0.23301
0.23301
0.23301
0.23301
0.23301
0.23301
0.23301
0.23301
0.23301
0.23301
0.23301
0.23301
0.23301
0.23301
0.23301
0.23301
0.23301
0.23301
0.23301
0.23301
0.23301
0.23301
0.23301
0.23301
0.23301
0.23301
0.23301
0.233009
0.23301
0.233008
0.233008
0.233001
0.233002
0.232983
0.232981
0.232952
0.232937
0.232921
0.232883
0.232847
0.232645
0.232692
0.23276
0.230605
0.231991
0.232258
0.218868
0.219859
0.226929
0.222364
0.217929
0.217991
0.218061
0.218198
0.217963
0.220976
0.219995
0.219433
0.219883
0.220465
0.219269
0.211911
0.090906
0.157247
0.15114
0.189856
0.152459
0.230775
0.230425
0.230332
0.230506
0.231156
0.232208
0.232909
0.233005
0.23301
0.23301
0.23301
0.23301
0.23301
0.23301
0.23301
0.23301
0.23301
0.23301
0.23301
0.23301
0.23301
0.23301
0.23301
0.23301
0.23301
0.23301
0.23301
0.23301
0.23301
0.23301
0.23301
0.23301
0.23301
0.23301
0.23301
0.23301
0.23301
0.23301
0.23301
0.23301
0.23301
0.23301
0.23301
0.23301
0.23301
0.23301
0.23301
0.23301
0.23301
0.233009
0.233009
0.233004
0.233006
0.232981
0.232983
0.232926
0.232922
0.232844
0.232808
0.232769
0.232684
0.232613
0.232359
0.232468
0.229706
0.231459
0.231771
0.218842
0.219385
0.225599
0.221347
0.21801
0.218057
0.21807
0.218278
0.220851
0.21927
0.219287
0.219486
0.219902
0.220454
0.210053
0.111755
0.232782
0.213208
0.189423
0.163035
0.230504
0.230337
0.230443
0.230968
0.231955
0.232823
0.233
0.233009
0.23301
0.23301
0.23301
0.23301
0.23301
0.23301
0.23301
0.23301
0.23301
0.23301
0.23301
0.23301
0.23301
0.23301
0.23301
0.23301
0.23301
0.23301
0.23301
0.23301
0.23301
0.23301
0.23301
0.23301
0.23301
0.23301
0.23301
0.23301
0.23301
0.23301
0.23301
0.23301
0.23301
0.23301
0.23301
0.23301
0.23301
0.23301
0.23301
0.23301
0.23301
0.233009
0.23301
0.233007
0.233008
0.232989
0.232995
0.232921
0.232926
0.232782
0.232771
0.232603
0.232532
0.232449
0.232286
0.232192
0.231962
0.228504
0.230685
0.231134
0.21883
0.218941
0.22426
0.220475
0.218081
0.218091
0.218134
0.218289
0.220699
0.218286
0.219321
0.219504
0.21993
0.220443
0.208349
0.150239
0.232938
0.228135
0.189989
0.171354
0.230361
0.230413
0.230838
0.231734
0.232722
0.23299
0.233009
0.23301
0.23301
0.23301
0.23301
0.23301
0.23301
0.23301
0.23301
0.23301
0.23301
0.23301
0.23301
0.23301
0.23301
0.23301
0.23301
0.23301
0.23301
0.23301
0.23301
0.23301
0.23301
0.23301
0.23301
0.23301
0.23301
0.23301
0.23301
0.23301
0.23301
0.23301
0.23301
0.23301
0.23301
0.23301
0.23301
0.23301
0.23301
0.23301
0.23301
0.23301
0.233009
0.233009
0.23301
0.233009
0.233009
0.233
0.233005
0.23294
0.232958
0.232769
0.232778
0.232478
0.232453
0.232145
0.232026
0.231898
0.231616
0.231498
0.227203
0.229755
0.23043
0.21881
0.22318
0.219952
0.218111
0.21815
0.218162
0.218235
0.220511
0.217193
0.219346
0.219529
0.219944
0.220375
0.207029
0.180791
0.232949
0.230317
0.190218
0.176613
0.230412
0.230755
0.231584
0.232593
0.232977
0.233008
0.23301
0.23301
0.23301
0.23301
0.23301
0.23301
0.23301
0.23301
0.23301
0.23301
0.23301
0.23301
0.23301
0.23301
0.23301
0.23301
0.23301
0.23301
0.23301
0.23301
0.23301
0.23301
0.23301
0.23301
0.23301
0.23301
0.23301
0.23301
0.23301
0.23301
0.23301
0.23301
0.23301
0.23301
0.23301
0.23301
0.23301
0.23301
0.23301
0.23301
0.23301
0.23301
0.23301
0.233009
0.233009
0.23301
0.233007
0.233008
0.232975
0.23299
0.232809
0.232852
0.232448
0.232455
0.231926
0.23187
0.231382
0.231191
0.231026
0.230588
0.226101
0.228784
0.229748
0.218651
0.222303
0.219533
0.218177
0.218192
0.218178
0.21826
0.220337
0.21585
0.219366
0.219549
0.219953
0.220349
0.205588
0.208089
0.233001
0.232526
0.1885
0.186602
0.230717
0.231478
0.232496
0.232957
0.233007
0.23301
0.23301
0.23301
0.23301
0.23301
0.23301
0.23301
0.23301
0.23301
0.23301
0.23301
0.23301
0.23301
0.23301
0.23301
0.23301
0.23301
0.23301
0.23301
0.23301
0.23301
0.23301
0.23301
0.23301
0.23301
0.23301
0.23301
0.23301
0.23301
0.23301
0.23301
0.23301
0.23301
0.23301
0.23301
0.23301
0.23301
0.23301
0.23301
0.23301
0.233009
0.23301
0.23301
0.23301
0.23301
0.233009
0.233008
0.233007
0.23301
0.233
0.233005
0.232896
0.23294
0.232511
0.232595
0.231853
0.231859
0.231026
0.230923
0.230227
0.229941
0.229137
0.225131
0.22789
0.218551
0.221611
0.219289
0.218223
0.218232
0.218216
0.218259
0.220415
0.219733
0.214538
0.219388
0.21957
0.219969
0.220318
0.203699
0.22559
0.233008
0.232913
0.18883
0.203231
0.231432
0.232396
0.232943
0.233006
0.23301
0.23301
0.23301
0.23301
0.23301
0.23301
0.23301
0.23301
0.23301
0.23301
0.23301
0.23301
0.23301
0.23301
0.23301
0.23301
0.23301
0.23301
0.23301
0.23301
0.23301
0.23301
0.23301
0.23301
0.23301
0.23301
0.23301
0.23301
0.23301
0.23301
0.23301
0.23301
0.23301
0.23301
0.23301
0.23301
0.23301
0.23301
0.23301
0.23301
0.23301
0.233009
0.23301
0.23301
0.23301
0.23301
0.233009
0.23301
0.233009
0.233006
0.233002
0.23301
0.232975
0.232994
0.232692
0.232795
0.231935
0.232076
0.230886
0.230887
0.229708
0.229543
0.228635
0.228235
0.227133
0.224341
0.2185
0.221079
0.219113
0.218269
0.218265
0.218229
0.218269
0.22032
0.219146
0.212593
0.21941
0.219602
0.219951
0.220261
0.199895
0.231216
0.233009
0.232992
0.19216
0.221222
0.232372
0.232925
0.233005
0.23301
0.23301
0.23301
0.23301
0.23301
0.23301
0.23301
0.23301
0.23301
0.23301
0.23301
0.23301
0.23301
0.23301
0.23301
0.23301
0.23301
0.23301
0.23301
0.23301
0.23301
0.23301
0.23301
0.23301
0.23301
0.23301
0.23301
0.23301
0.23301
0.23301
0.23301
0.23301
0.23301
0.23301
0.23301
0.23301
0.23301
0.23301
0.23301
0.23301
0.23301
0.233008
0.23301
0.23301
0.23301
0.23301
0.23301
0.233009
0.233009
0.233009
0.232998
0.232983
0.23301
0.232888
0.232954
0.232249
0.232448
0.230976
0.231176
0.229483
0.229472
0.227932
0.227699
0.226502
0.225991
0.223676
0.218483
0.220654
0.219026
0.218293
0.218287
0.218255
0.218283
0.220218
0.218048
0.210219
0.219439
0.219613
0.219952
0.220244
0.195792
0.232625
0.23301
0.233007
0.200469
0.229176
0.232926
0.233005
0.23301
0.23301
0.23301
0.23301
0.23301
0.23301
0.23301
0.23301
0.23301
0.23301
0.23301
0.23301
0.23301
0.23301
0.23301
0.23301
0.23301
0.23301
0.23301
0.23301
0.23301
0.23301
0.23301
0.23301
0.23301
0.23301
0.23301
0.23301
0.23301
0.23301
0.23301
0.23301
0.23301
0.23301
0.23301
0.23301
0.23301
0.23301
0.23301
0.23301
0.23301
0.23301
0.23301
0.233004
0.23301
0.23301
0.23301
0.23301
0.233009
0.23301
0.23301
0.233008
0.233009
0.233007
0.232974
0.232924
0.232651
0.232821
0.23144
0.231763
0.22956
0.229818
0.227608
0.227582
0.225618
0.225331
0.223131
0.218476
0.22031
0.218954
0.218327
0.218317
0.218283
0.218315
0.220047
0.216493
0.205788
0.219464
0.219627
0.21995
0.220181
0.220177
0.197045
0.232942
0.23301
0.23301
0.21622
0.232061
0.233005
0.23301
0.23301
0.23301
0.23301
0.23301
0.23301
0.23301
0.23301
0.23301
0.23301
0.23301
0.23301
0.23301
0.23301
0.23301
0.23301
0.23301
0.23301
0.23301
0.23301
0.23301
0.23301
0.23301
0.23301
0.23301
0.23301
0.23301
0.23301
0.23301
0.23301
0.23301
0.23301
0.23301
0.23301
0.23301
0.23301
0.23301
0.23301
0.23301
0.23301
0.23301
0.23301
0.23301
0.23301
0.23301
0.232992
0.23301
0.23301
0.23301
0.23301
0.23301
0.23301
0.233009
0.233009
0.233006
0.233008
0.233002
0.232899
0.232739
0.232125
0.232468
0.230169
0.230622
0.227661
0.227958
0.225206
0.225163
0.222719
0.222397
0.218472
0.220064
0.218919
0.218358
0.21835
0.218312
0.218319
0.21946
0.214075
0.200314
0.219483
0.21965
0.219945
0.220086
0.220142
0.201915
0.233001
0.23301
0.23301
0.227086
0.232833
0.23301
0.23301
0.23301
0.23301
0.23301
0.23301
0.23301
0.23301
0.23301
0.23301
0.23301
0.23301
0.23301
0.23301
0.23301
0.23301
0.23301
0.23301
0.23301
0.23301
0.23301
0.23301
0.23301
0.23301
0.23301
0.23301
0.23301
0.23301
0.23301
0.23301
0.23301
0.23301
0.23301
0.23301
0.23301
0.23301
0.23301
0.23301
0.23301
0.23301
0.23301
0.23301
0.23301
0.23301
0.23301
0.23301
0.23301
0.23301
0.232956
0.23301
0.23301
0.23301
0.23301
0.23301
0.233009
0.233009
0.233009
0.232998
0.233005
0.232988
0.232663
0.232255
0.231165
0.231731
0.228387
0.228956
0.225202
0.225542
0.222233
0.222161
0.219924
0.218472
0.218902
0.218392
0.218386
0.218334
0.218334
0.218421
0.20915
0.20081
0.219509
0.219663
0.219948
0.219892
0.22001
0.220091
0.213182
0.233009
0.23301
0.23301
0.231423
0.232985
0.23301
0.23301
0.23301
0.23301
0.23301
0.23301
0.23301
0.23301
0.23301
0.23301
0.23301
0.23301
0.23301
0.23301
0.23301
0.23301
0.23301
0.23301
0.23301
0.23301
0.23301
0.23301
0.23301
0.23301
0.23301
0.23301
0.23301
0.23301
0.23301
0.23301
0.23301
0.23301
0.23301
0.23301
0.23301
0.23301
0.23301
0.23301
0.23301
0.23301
0.23301
0.23301
0.23301
0.23301
0.23301
0.23301
0.23301
0.23301
0.23301
0.232852
0.23301
0.23301
0.23301
0.23301
0.23301
0.233009
0.233009
0.233007
0.233009
0.232977
0.232996
0.232947
0.232028
0.231298
0.229677
0.230472
0.226036
0.226715
0.222172
0.22248
0.21983
0.219801
0.218502
0.218898
0.218424
0.21841
0.218359
0.218354
0.216207
0.203488
0.203588
0.219532
0.219687
0.219938
0.219127
0.219915
0.220048
0.225706
0.23301
0.23301
0.23301
0.232691
0.233007
0.23301
0.23301
0.23301
0.23301
0.23301
0.23301
0.23301
0.23301
0.23301
0.23301
0.23301
0.23301
0.23301
0.23301
0.23301
0.23301
0.23301
0.23301
0.23301
0.23301
0.23301
0.23301
0.23301
0.23301
0.23301
0.23301
0.23301
0.23301
0.23301
0.23301
0.23301
0.23301
0.23301
0.23301
0.23301
0.23301
0.23301
0.23301
0.23301
0.23301
0.23301
0.23301
0.23301
0.23301
0.23301
0.23301
0.23301
0.23301
0.23301
0.23301
0.23301
0.232569
0.233009
0.23301
0.23301
0.23301
0.23301
0.23301
0.233009
0.233008
0.233002
0.233006
0.232918
0.232971
0.23282
0.230834
0.229733
0.227601
0.228601
0.223012
0.223804
0.219814
0.219972
0.218914
0.218543
0.218452
0.218438
0.218382
0.218375
0.211211
0.203412
0.211975
0.219557
0.219697
0.219919
0.2173
0.21939
0.219916
0.220004
0.23089
0.23301
0.23301
0.23301
0.232961
0.23301
0.23301
0.23301
0.23301
0.23301
0.23301
0.23301
0.23301
0.23301
0.23301
0.23301
0.23301
0.23301
0.23301
0.23301
0.23301
0.23301
0.23301
0.23301
0.23301
0.23301
0.23301
0.23301
0.23301
0.23301
0.23301
0.23301
0.23301
0.23301
0.23301
0.23301
0.23301
0.23301
0.23301
0.23301
0.23301
0.23301
0.23301
0.23301
0.23301
0.23301
0.23301
0.23301
0.23301
0.23301
0.23301
0.23301
0.23301
0.23301
0.23301
0.23301
0.23301
0.23301
0.231794
0.233009
0.23301
0.23301
0.23301
0.23301
0.23301
0.233008
0.233005
0.232989
0.233
0.232755
0.232895
0.232468
0.228921
0.227431
0.224866
0.226018
0.22026
0.22076
0.218958
0.219026
0.218569
0.218479
0.218461
0.218402
0.218394
0.205614
0.205197
0.225062
0.219579
0.219715
0.219912
0.212151
0.217321
0.21918
0.219841
0.219959
0.232544
0.23301
0.23301
0.23301
0.233004
0.23301
0.23301
0.23301
0.23301
0.23301
0.23301
0.23301
0.23301
0.23301
0.23301
0.23301
0.23301
0.23301
0.23301
0.23301
0.23301
0.23301
0.23301
0.23301
0.23301
0.23301
0.23301
0.23301
0.23301
0.23301
0.23301
0.23301
0.23301
0.23301
0.23301
0.23301
0.23301
0.23301
0.23301
0.23301
0.23301
0.23301
0.23301
0.23301
0.23301
0.23301
0.23301
0.23301
0.23301
0.23301
0.23301
0.23301
0.23301
0.23301
0.23301
0.23301
0.23301
0.23301
0.23301
0.23301
0.230316
0.233009
0.23301
0.23301
0.23301
0.23301
0.233009
0.233004
0.232996
0.232954
0.232982
0.232325
0.232676
0.23156
0.226165
0.224262
0.221559
0.222733
0.219163
0.219401
0.218623
0.218675
0.218499
0.218477
0.218417
0.218412
0.20512
0.212067
0.230564
0.219611
0.219732
0.219906
0.206836
0.211979
0.216847
0.218895
0.21975
0.219908
0.232934
0.23301
0.23301
0.23301
0.233009
0.23301
0.23301
0.23301
0.23301
0.23301
0.23301
0.23301
0.23301
0.23301
0.23301
0.23301
0.23301
0.23301
0.23301
0.23301
0.23301
0.23301
0.23301
0.23301
0.23301
0.23301
0.23301
0.23301
0.23301
0.23301
0.23301
0.23301
0.23301
0.23301
0.23301
0.23301
0.23301
0.23301
0.23301
0.23301
0.23301
0.23301
0.23301
0.23301
0.23301
0.23301
0.23301
0.23301
0.23301
0.23301
0.23301
0.23301
0.23301
0.23301
0.23301
0.23301
0.23301
0.23301
0.23301
0.23301
0.23301
0.23301
0.22796
0.233007
0.23301
0.23301
0.233009
0.23301
0.233009
0.232993
0.232975
0.232858
0.23293
0.231216
0.232144
0.229819
0.222497
0.221123
0.219762
0.220295
0.218736
0.218901
0.21843
0.218515
0.218489
0.218431
0.206585
0.224938
0.232448
0.219635
0.219746
0.219874
0.206421
0.207558
0.210897
0.21603
0.218496
0.219652
0.219844
0.233
0.23301
0.23301
0.23301
0.23301
0.23301
0.23301
0.23301
0.23301
0.23301
0.23301
0.23301
0.23301
0.23301
0.23301
0.23301
0.23301
0.23301
0.23301
0.23301
0.23301
0.23301
0.23301
0.23301
0.23301
0.23301
0.23301
0.23301
0.23301
0.23301
0.23301
0.23301
0.23301
0.23301
0.23301
0.23301
0.23301
0.23301
0.23301
0.23301
0.23301
0.23301
0.23301
0.23301
0.23301
0.23301
0.23301
0.23301
0.23301
0.23301
0.23301
0.23301
0.23301
0.23301
0.23301
0.23301
0.23301
0.23301
0.23301
0.23301
0.23301
0.23301
0.23301
0.23301
0.224612
0.233004
0.23301
0.23301
0.233009
0.233009
0.233007
0.232959
0.232915
0.232586
0.232796
0.229074
0.23092
0.227034
0.220298
0.21972
0.219167
0.219314
0.218446
0.218625
0.218438
0.218526
0.218497
0.212837
0.23047
0.232913
0.219656
0.219756
0.219853
0.208025
0.207456
0.208022
0.210012
0.214285
0.217843
0.219514
0.219743
0.233009
0.23301
0.23301
0.23301
0.23301
0.23301
0.23301
0.23301
0.23301
0.23301
0.23301
0.23301
0.23301
0.23301
0.23301
0.23301
0.23301
0.23301
0.23301
0.23301
0.23301
0.23301
0.23301
0.23301
0.23301
0.23301
0.23301
0.23301
0.23301
0.23301
0.23301
0.23301
0.23301
0.23301
0.23301
0.23301
0.23301
0.23301
0.23301
0.23301
0.23301
0.23301
0.23301
0.23301
0.23301
0.23301
0.23301
0.23301
0.23301
0.23301
0.23301
0.23301
0.23301
0.23301
0.23301
0.23301
0.23301
0.23301
0.23301
0.23301
0.23301
0.23301
0.23301
0.23301
0.23301
0.23301
0.221292
0.232994
0.23301
0.23301
0.233008
0.233009
0.233
0.232874
0.232758
0.231914
0.232447
0.225848
0.228399
0.223169
0.219455
0.219189
0.218905
0.218959
0.218475
0.218439
0.218499
0.218531
0.225224
0.232414
0.232996
0.21969
0.219764
0.219822
0.214406
0.209452
0.208294
0.208474
0.209561
0.212274
0.216573
0.219202
0.219397
0.23301
0.23301
0.23301
0.23301
0.23301
0.23301
0.23301
0.23301
0.23301
0.23301
0.23301
0.23301
0.23301
0.23301
0.23301
0.23301
0.23301
0.23301
0.23301
0.23301
0.23301
0.23301
0.23301
0.23301
0.23301
0.23301
0.23301
0.23301
0.23301
0.23301
0.23301
0.23301
0.23301
0.23301
0.23301
0.23301
0.23301
0.23301
0.23301
0.23301
0.23301
0.23301
0.23301
0.23301
0.23301
0.23301
0.23301
0.23301
0.23301
0.23301
0.23301
0.23301
0.23301
0.23301
0.23301
0.23301
0.23301
0.23301
0.23301
0.23301
0.23301
0.23301
0.23301
0.23301
0.23301
0.23301
0.23301
0.23301
0.219754
0.232963
0.233009
0.23301
0.233004
0.233007
0.232985
0.232675
0.232349
0.230465
0.231577
0.222007
0.224574
0.220635
0.219209
0.218856
0.218465
0.218456
0.218433
0.218494
0.218531
0.230585
0.232905
0.233008
0.219706
0.219765
0.21974
0.226057
0.216691
0.211032
0.209085
0.20902
0.209465
0.210983
0.215133
0.217057
0.219043
0.23301
0.23301
0.23301
0.23301
0.23301
0.23301
0.23301
0.23301
0.23301
0.23301
0.23301
0.23301
0.23301
0.23301
0.23301
0.23301
0.23301
0.23301
0.23301
0.23301
0.23301
0.23301
0.23301
0.23301
0.23301
0.23301
0.23301
0.23301
0.23301
0.23301
0.23301
0.23301
0.23301
0.23301
0.23301
0.23301
0.23301
0.23301
0.23301
0.23301
0.23301
0.23301
0.23301
0.23301
0.23301
0.23301
0.23301
0.23301
0.23301
0.23301
0.23301
0.23301
0.23301
0.23301
0.23301
0.23301
0.23301
0.23301
0.23301
0.23301
0.23301
0.23301
0.23301
0.23301
0.23301
0.23301
0.23301
0.23301
0.23301
0.23301
0.219184
0.23288
0.233009
0.233009
0.232991
0.233003
0.232948
0.232222
0.231375
0.227705
0.229817
0.220062
0.221166
0.219565
0.218399
0.218453
0.218414
0.218368
0.218466
0.218519
0.232449
0.232995
0.23301
0.219721
0.219755
0.219663
0.230898
0.227071
0.219573
0.212948
0.210348
0.209642
0.20976
0.210587
0.21379
0.213746
0.21841
0.23301
0.23301
0.23301
0.23301
0.23301
0.23301
0.23301
0.23301
0.23301
0.23301
0.23301
0.23301
0.23301
0.23301
0.23301
0.23301
0.23301
0.23301
0.23301
0.23301
0.23301
0.23301
0.23301
0.23301
0.23301
0.23301
0.23301
0.23301
0.23301
0.23301
0.23301
0.23301
0.23301
0.23301
0.23301
0.23301
0.23301
0.23301
0.23301
0.23301
0.23301
0.23301
0.23301
0.23301
0.23301
0.23301
0.23301
0.23301
0.23301
0.23301
0.23301
0.23301
0.23301
0.23301
0.23301
0.23301
0.23301
0.23301
0.23301
0.23301
0.23301
0.23301
0.23301
0.23301
0.23301
0.23301
0.23301
0.23301
0.23301
0.23301
0.23301
0.23301
0.23301
0.218929
0.232673
0.233008
0.233009
0.232956
0.232993
0.232866
0.231161
0.229358
0.223459
0.226847
0.219289
0.219586
0.219143
0.218271
0.218357
0.218309
0.21845
0.218382
0.21849
0.232913
0.233008
0.23301
0.21973
0.219741
0.219472
0.232537
0.23133
0.228421
0.22262
0.216052
0.212153
0.210478
0.210409
0.210972
0.214992
0.21131
0.217729
0.23301
0.23301
0.23301
0.23301
0.23301
0.23301
0.23301
0.23301
0.23301
0.23301
0.23301
0.23301
0.23301
0.23301
0.23301
0.23301
0.23301
0.23301
0.23301
0.23301
0.23301
0.23301
0.23301
0.23301
0.23301
0.23301
0.23301
0.23301
0.23301
0.23301
0.23301
0.23301
0.23301
0.23301
0.23301
0.23301
0.23301
0.23301
0.23301
0.23301
0.23301
0.23301
0.23301
0.23301
0.23301
0.23301
0.23301
0.23301
0.23301
0.23301
0.23301
0.23301
0.23301
0.23301
0.23301
0.23301
0.23301
0.23301
0.23301
0.23301
0.23301
0.23301
0.23301
0.23301
0.23301
0.23301
0.23301
0.23301
0.23301
0.23301
0.233009
0.23301
0.232198
0.233005
0.233009
0.232879
0.232968
0.232678
0.229061
0.226101
0.22061
0.222548
0.219047
0.218975
0.218796
0.218299
0.218182
0.218248
0.218327
0.218472
0.218398
0.232996
0.23301
0.23301
0.219732
0.219696
0.219194
0.232931
0.232659
0.231821
0.22973
0.225648
0.22063
0.21484
0.212303
0.211464
0.212347
0.21132
0.212985
0.217474
0.23301
0.23301
0.23301
0.23301
0.23301
0.23301
0.23301
0.23301
0.23301
0.23301
0.23301
0.23301
0.23301
0.23301
0.23301
0.23301
0.23301
0.23301
0.23301
0.23301
0.23301
0.23301
0.23301
0.23301
0.23301
0.23301
0.23301
0.23301
0.23301
0.23301
0.23301
0.23301
0.23301
0.23301
0.23301
0.23301
0.23301
0.23301
0.23301
0.23301
0.23301
0.23301
0.23301
0.23301
0.23301
0.23301
0.23301
0.23301
0.23301
0.23301
0.23301
0.23301
0.23301
0.23301
0.23301
0.23301
0.23301
0.23301
0.23301
0.23301
0.23301
0.23301
0.23301
0.23301
0.23301
0.23301
0.23301
0.23301
0.23301
0.23301
0.23301
0.23301
0.233009
0.23301
0.231159
0.232997
0.233007
0.232723
0.232909
0.232256
0.225627
0.222086
0.219288
0.220124
0.218154
0.218781
0.218324
0.218211
0.218135
0.218352
0.233008
0.23301
0.23301
0.219723
0.219613
0.219051
0.232999
0.232952
0.232784
0.232243
0.230856
0.22845
0.224639
0.219862
0.215381
0.211384
0.213362
0.211806
0.211784
0.216965
0.23301
0.23301
0.23301
0.23301
0.23301
0.23301
0.23301
0.23301
0.23301
0.23301
0.23301
0.23301
0.23301
0.23301
0.23301
0.23301
0.23301
0.23301
0.23301
0.23301
0.23301
0.23301
0.23301
0.23301
0.23301
0.23301
0.23301
0.23301
0.23301
0.23301
0.23301
0.23301
0.23301
0.23301
0.23301
0.23301
0.23301
0.23301
0.23301
0.23301
0.23301
0.23301
0.23301
0.23301
0.23301
0.23301
0.23301
0.23301
0.23301
0.23301
0.23301
0.23301
0.23301
0.23301
0.23301
0.23301
0.23301
0.23301
0.23301
0.23301
0.23301
0.23301
0.23301
0.23301
0.23301
0.23301
0.23301
0.23301
0.23301
0.23301
0.23301
0.23301
0.23301
0.23301
0.233009
0.233008
0.23301
0.229102
0.232978
0.233001
0.232398
0.232793
0.231385
0.221881
0.219906
0.218759
0.218931
0.218024
0.218014
0.218249
0.218188
0.23301
0.23301
0.23301
0.219696
0.219555
0.218851
0.233009
0.233002
0.232975
0.232878
0.232563
0.231879
0.230416
0.228068
0.224699
0.212151
0.220921
0.212016
0.211606
0.211834
0.216304
0.23301
0.23301
0.23301
0.23301
0.23301
0.23301
0.23301
0.23301
0.23301
0.23301
0.23301
0.23301
0.23301
0.23301
0.23301
0.23301
0.23301
0.23301
0.23301
0.23301
0.23301
0.23301
0.23301
0.23301
0.23301
0.23301
0.23301
0.23301
0.23301
0.23301
0.23301
0.23301
0.23301
0.23301
0.23301
0.23301
0.23301
0.23301
0.23301
0.23301
0.23301
0.23301
0.23301
0.23301
0.23301
0.23301
0.23301
0.23301
0.23301
0.23301
0.23301
0.23301
0.23301
0.23301
0.23301
0.23301
0.23301
0.23301
0.23301
0.23301
0.23301
0.23301
0.23301
0.23301
0.23301
0.23301
0.23301
0.23301
0.23301
0.23301
0.23301
0.23301
0.23301
0.23301
0.23301
0.23301
0.233009
0.233005
0.23301
0.225659
0.232939
0.23299
0.231737
0.232572
0.229595
0.219804
0.218811
0.218525
0.218503
0.217923
0.217926
0.218105
0.218219
0.23301
0.23301
0.219671
0.219484
0.218504
0.23301
0.233009
0.233006
0.232991
0.232939
0.232798
0.232464
0.231711
0.230522
0.216806
0.228446
0.214566
0.212244
0.211678
0.213424
0.216114
0.23301
0.23301
0.23301
0.23301
0.23301
0.23301
0.23301
0.23301
0.23301
0.23301
0.23301
0.23301
0.23301
0.23301
0.23301
0.23301
0.23301
0.23301
0.23301
0.23301
0.23301
0.23301
0.23301
0.23301
0.23301
0.23301
0.23301
0.23301
0.23301
0.23301
0.23301
0.23301
0.23301
0.23301
0.23301
0.23301
0.23301
0.23301
0.23301
0.23301
0.23301
0.23301
0.23301
0.23301
0.23301
0.23301
0.23301
0.23301
0.23301
0.23301
0.23301
0.23301
0.23301
0.23301
0.23301
0.23301
0.23301
0.23301
0.23301
0.23301
0.23301
0.23301
0.23301
0.23301
0.23301
0.23301
0.23301
0.23301
0.23301
0.23301
0.23301
0.23301
0.23301
0.23301
0.23301
0.23301
0.23301
0.23301
0.233009
0.23301
0.23301
0.233008
0.233
0.23301
0.222033
0.232865
0.232966
0.230443
0.232139
0.226294
0.218708
0.218309
0.218332
0.217875
0.217736
0.218033
0.218155
0.23301
0.219638
0.219341
0.218325
0.23301
0.23301
0.233009
0.233008
0.233
0.232978
0.232916
0.232777
0.232465
0.226219
0.231879
0.22284
0.211735
0.212753
0.219687
0.211793
0.215877
0.23301
0.23301
0.23301
0.23301
0.23301
0.23301
0.23301
0.23301
0.23301
0.23301
0.23301
0.23301
0.23301
0.23301
0.23301
0.23301
0.23301
0.23301
0.23301
0.23301
0.23301
0.23301
0.23301
0.23301
0.23301
0.23301
0.23301
0.23301
0.23301
0.23301
0.23301
0.23301
0.23301
0.23301
0.23301
0.23301
0.23301
0.23301
0.23301
0.23301
0.23301
0.23301
0.23301
0.23301
0.23301
0.23301
0.23301
0.23301
0.23301
0.23301
0.23301
0.23301
0.23301
0.23301
0.23301
0.23301
0.23301
0.23301
0.23301
0.23301
0.23301
0.23301
0.23301
0.23301
0.23301
0.23301
0.23301
0.23301
0.23301
0.23301
0.23301
0.23301
0.23301
0.23301
0.23301
0.23301
0.23301
0.23301
0.23301
0.23301
0.23301
0.233009
0.23301
0.23301
0.233006
0.232987
0.23301
0.219897
0.232729
0.232924
0.227772
0.231328
0.22269
0.218198
0.218189
0.218012
0.217707
0.217615
0.218104
0.219565
0.219243
0.218142
0.23301
0.23301
0.23301
0.23301
0.233009
0.233006
0.232997
0.232978
0.232917
0.230983
0.232823
0.22971
0.212295
0.217171
0.227846
0.211696
0.212168
0.215436
0.23301
0.23301
0.23301
0.23301
0.23301
0.23301
0.23301
0.23301
0.23301
0.23301
0.23301
0.23301
0.23301
0.23301
0.23301
0.23301
0.23301
0.23301
0.23301
0.23301
0.23301
0.23301
0.23301
0.23301
0.23301
0.23301
0.23301
0.23301
0.23301
0.23301
0.23301
0.23301
0.23301
0.23301
0.23301
0.23301
0.23301
0.23301
0.23301
0.23301
0.23301
0.23301
0.23301
0.23301
0.23301
0.23301
0.23301
0.23301
0.23301
0.23301
0.23301
0.23301
0.23301
0.23301
0.23301
0.23301
0.23301
0.23301
0.23301
0.23301
0.23301
0.23301
0.23301
0.23301
0.23301
0.23301
0.23301
0.23301
0.23301
0.23301
0.23301
0.23301
0.23301
0.23301
0.23301
0.23301
0.23301
0.23301
0.23301
0.23301
0.23301
0.23301
0.23301
0.23301
0.233008
0.233009
0.23301
0.233001
0.232964
0.23301
0.218701
0.232485
0.232852
0.224151
0.229815
0.220248
0.21808
0.218092
0.21791
0.217676
0.217473
0.219506
0.219146
0.21783
0.23301
0.23301
0.23301
0.23301
0.23301
0.233009
0.233006
0.232997
0.232587
0.232985
0.232279
0.215362
0.226014
0.231661
0.212038
0.21228
0.21421
0.215463
0.23301
0.23301
0.23301
0.23301
0.23301
0.23301
0.23301
0.23301
0.23301
0.23301
0.23301
0.23301
0.23301
0.23301
0.23301
0.23301
0.23301
0.23301
0.23301
0.23301
0.23301
0.23301
0.23301
0.23301
0.23301
0.23301
0.23301
0.23301
0.23301
0.23301
0.23301
0.23301
0.23301
0.23301
0.23301
0.23301
0.23301
0.23301
0.23301
0.23301
0.23301
0.23301
0.23301
0.23301
0.23301
0.23301
0.23301
0.23301
0.23301
0.23301
0.23301
0.23301
0.23301
0.23301
0.23301
0.23301
0.23301
0.23301
0.23301
0.23301
0.23301
0.23301
0.23301
0.23301
0.23301
0.23301
0.23301
0.23301
0.23301
0.23301
0.23301
0.23301
0.23301
0.23301
0.23301
0.23301
0.23301
0.23301
0.23301
0.23301
0.23301
0.23301
0.23301
0.23301
0.23301
0.23301
0.23301
0.23301
0.233007
0.233009
0.23301
0.232993
0.232925
0.23301
0.218104
0.232032
0.232726
0.22139
0.226749
0.2188
0.218027
0.217915
0.217541
0.217327
0.219443
0.218972
0.217685
0.23301
0.23301
0.23301
0.23301
0.23301
0.23301
0.233009
0.232947
0.233007
0.232888
0.22365
0.230918
0.232781
0.212082
0.213593
0.221268
0.212145
0.215354
0.23301
0.23301
0.23301
0.23301
0.23301
0.23301
0.23301
0.23301
0.23301
0.23301
0.23301
0.23301
0.23301
0.23301
0.23301
0.23301
0.23301
0.23301
0.23301
0.23301
0.23301
0.23301
0.23301
0.23301
0.23301
0.23301
0.23301
0.23301
0.23301
0.23301
0.23301
0.23301
0.23301
0.23301
0.23301
0.23301
0.23301
0.23301
0.23301
0.23301
0.23301
0.23301
0.23301
0.23301
0.23301
0.23301
0.23301
0.23301
0.23301
0.23301
0.23301
0.23301
0.23301
0.23301
0.23301
0.23301
0.23301
0.23301
0.23301
0.23301
0.23301
0.23301
0.23301
0.23301
0.23301
0.23301
0.23301
0.23301
0.23301
0.23301
0.23301
0.23301
0.23301
0.23301
0.23301
0.23301
0.23301
0.23301
0.23301
0.23301
0.23301
0.23301
0.23301
0.23301
0.23301
0.23301
0.23301
0.23301
0.23301
0.233004
0.233009
0.23301
0.232975
0.23286
0.23301
0.217961
0.231242
0.232495
0.219357
0.223601
0.21798
0.218034
0.21784
0.217492
0.21718
0.219328
0.218858
0.21753
0.23301
0.23301
0.23301
0.23301
0.23301
0.23301
0.233002
0.23301
0.232994
0.229903
0.23259
0.232979
0.2131
0.219358
0.228644
0.212275
0.212916
0.215344
0.23301
0.23301
0.23301
0.23301
0.23301
0.23301
0.23301
0.23301
0.23301
0.23301
0.23301
0.23301
0.23301
0.23301
0.23301
0.23301
0.23301
0.23301
0.23301
0.23301
0.23301
0.23301
0.23301
0.23301
0.23301
0.23301
0.23301
0.23301
0.23301
0.23301
0.23301
0.23301
0.23301
0.23301
0.23301
0.23301
0.23301
0.23301
0.23301
0.23301
0.23301
0.23301
0.23301
0.23301
0.23301
0.23301
0.23301
0.23301
0.23301
0.23301
0.23301
0.23301
0.23301
0.23301
0.23301
0.23301
0.23301
0.23301
0.23301
0.23301
0.23301
0.23301
0.23301
0.23301
0.23301
0.23301
0.23301
0.23301
0.23301
0.23301
0.23301
0.23301
0.23301
0.23301
0.23301
0.23301
0.23301
0.23301
0.23301
0.23301
0.23301
0.23301
0.23301
0.23301
0.23301
0.23301
0.23301
0.23301
0.23301
0.23301
0.23301
0.23301
0.232997
0.233007
0.233009
0.232942
0.232746
0.23301
0.229813
0.232086
0.218197
0.221054
0.217775
0.217991
0.217844
0.217388
0.21702
0.219242
0.218742
0.217416
0.23301
0.23301
0.23301
0.23301
0.23301
0.233009
0.23301
0.233008
0.232333
0.23295
0.233006
0.217537
0.227319
0.231935
0.212392
0.212907
0.216525
0.215281
0.23301
0.23301
0.23301
0.23301
0.23301
0.23301
0.23301
0.23301
0.23301
0.23301
0.23301
0.23301
0.23301
0.23301
0.23301
0.23301
0.23301
0.23301
0.23301
0.23301
0.23301
0.23301
0.23301
0.23301
0.23301
0.23301
0.23301
0.23301
0.23301
0.23301
0.23301
0.23301
0.23301
0.23301
0.23301
0.23301
0.23301
0.23301
0.23301
0.23301
0.23301
0.23301
0.23301
0.23301
0.23301
0.23301
0.23301
0.23301
0.23301
0.23301
0.23301
0.23301
0.23301
0.23301
0.23301
0.23301
0.23301
0.23301
0.23301
0.23301
0.23301
0.23301
0.23301
0.23301
0.23301
0.23301
0.23301
0.23301
0.23301
0.23301
0.23301
0.23301
0.23301
0.23301
0.23301
0.23301
0.23301
0.23301
0.23301
0.23301
0.23301
0.23301
0.23301
0.23301
0.23301
0.23301
0.23301
0.23301
0.23301
0.23301
0.23301
0.23301
0.23301
0.232985
0.233005
0.233009
0.232878
0.232533
0.23301
0.227111
0.231382
0.217566
0.219121
0.217571
0.218004
0.217805
0.217266
0.216902
0.219151
0.218632
0.217291
0.23301
0.23301
0.23301
0.23301
0.23301
0.23301
0.23301
0.232909
0.233003
0.23301
0.225968
0.23144
0.232839
0.212603
0.212954
0.215916
0.224653
0.215265
0.23301
0.23301
0.23301
0.23301
0.23301
0.23301
0.23301
0.23301
0.23301
0.23301
0.23301
0.23301
0.23301
0.23301
0.23301
0.23301
0.23301
0.23301
0.23301
0.23301
0.23301
0.23301
0.23301
0.23301
0.23301
0.23301
0.23301
0.23301
0.23301
0.23301
0.23301
0.23301
0.23301
0.23301
0.23301
0.23301
0.23301
0.23301
0.23301
0.23301
0.23301
0.23301
0.23301
0.23301
0.23301
0.23301
0.23301
0.23301
0.23301
0.23301
0.23301
0.23301
0.23301
0.23301
0.23301
0.23301
0.23301
0.23301
0.23301
0.23301
0.23301
0.23301
0.23301
0.23301
0.23301
0.23301
0.23301
0.23301
0.23301
0.23301
0.23301
0.23301
0.23301
0.23301
0.23301
0.23301
0.23301
0.23301
0.23301
0.23301
0.23301
0.23301
0.23301
0.23301
0.23301
0.23301
0.23301
0.23301
0.23301
0.23301
0.23301
0.23301
0.23301
0.23301
0.23301
0.23301
0.232957
0.232999
0.233006
0.232752
0.232134
0.23301
0.224016
0.230136
0.217333
0.217769
0.217995
0.217753
0.217236
0.216629
0.219056
0.218517
0.217192
0.23301
0.23301
0.23301
0.23301
0.23301
0.23301
0.232998
0.233009
0.23301
0.230876
0.232731
0.232989
0.212757
0.213088
0.215733
0.223717
0.230244
0.215258
0.23301
0.23301
0.23301
0.23301
0.23301
0.23301
0.23301
0.23301
0.23301
0.23301
0.23301
0.23301
0.23301
0.23301
0.23301
0.23301
0.23301
0.23301
0.23301
0.23301
0.23301
0.23301
0.23301
0.23301
0.23301
0.23301
0.23301
0.23301
0.23301
0.23301
0.23301
0.23301
0.23301
0.23301
0.23301
0.23301
0.23301
0.23301
0.23301
0.23301
0.23301
0.23301
0.23301
0.23301
0.23301
0.23301
0.23301
0.23301
0.23301
0.23301
0.23301
0.23301
0.23301
0.23301
0.23301
0.23301
0.23301
0.23301
0.23301
0.23301
0.23301
0.23301
0.23301
0.23301
0.23301
0.23301
0.23301
0.23301
0.23301
0.23301
0.23301
0.23301
0.23301
0.23301
0.23301
0.23301
0.23301
0.23301
0.23301
0.23301
0.23301
0.23301
0.23301
0.23301
0.23301
0.23301
0.23301
0.23301
0.23301
0.23301
0.23301
0.23301
0.233009
0.23301
0.23301
0.23301
0.232896
0.232986
0.233002
0.232509
0.231417
0.23301
0.221077
0.227952
0.217071
0.217019
0.217978
0.217765
0.217047
0.216523
0.218957
0.21841
0.217102
0.23301
0.23301
0.23301
0.23301
0.23301
0.233009
0.23301
0.23301
0.23261
0.232976
0.233008
0.213015
0.213241
0.215787
0.223023
0.229723
0.232435
0.215249
0.23301
0.23301
0.23301
0.23301
0.23301
0.23301
0.23301
0.23301
0.23301
0.23301
0.23301
0.23301
0.23301
0.23301
0.23301
0.23301
0.23301
0.23301
0.23301
0.23301
0.23301
0.23301
0.23301
0.23301
0.23301
0.23301
0.23301
0.23301
0.23301
0.23301
0.23301
0.23301
0.23301
0.23301
0.23301
0.23301
0.23301
0.23301
0.23301
0.23301
0.23301
0.23301
0.23301
0.23301
0.23301
0.23301
0.23301
0.23301
0.23301
0.23301
0.23301
0.23301
0.23301
0.23301
0.23301
0.23301
0.23301
0.23301
0.23301
0.23301
0.23301
0.23301
0.23301
0.23301
0.23301
0.23301
0.23301
0.23301
0.23301
0.23301
0.23301
0.23301
0.23301
0.23301
0.23301
0.23301
0.23301
0.23301
0.23301
0.23301
0.23301
0.23301
0.23301
0.23301
0.23301
0.23301
0.23301
0.23301
0.23301
0.23301
0.23301
0.23301
0.23301
0.23301
0.23301
0.233008
0.23301
0.23301
0.232767
0.232957
0.232992
0.232063
0.230216
0.23301
0.218852
0.224593
0.216729
0.218004
0.217696
0.21707
0.216207
0.218858
0.218307
0.217033
0.23301
0.23301
0.23301
0.23301
0.23301
0.23301
0.23296
0.233007
0.23301
0.213196
0.213449
0.215968
0.222841
0.229297
0.232271
0.232936
0.215349
0.23301
0.23301
0.23301
0.23301
0.23301
0.23301
0.23301
0.23301
0.23301
0.23301
0.23301
0.23301
0.23301
0.23301
0.23301
0.23301
0.23301
0.23301
0.23301
0.23301
0.23301
0.23301
0.23301
0.23301
0.23301
0.23301
0.23301
0.23301
0.23301
0.23301
0.23301
0.23301
0.23301
0.23301
0.23301
0.23301
0.23301
0.23301
0.23301
0.23301
0.23301
0.23301
0.23301
0.23301
0.23301
0.23301
0.23301
0.23301
0.23301
0.23301
0.23301
0.23301
0.23301
0.23301
0.23301
0.23301
0.23301
0.23301
0.23301
0.23301
0.23301
0.23301
0.23301
0.23301
0.23301
0.23301
0.23301
0.23301
0.23301
0.23301
0.23301
0.23301
0.23301
0.23301
0.23301
0.23301
0.23301
0.23301
0.23301
0.23301
0.23301
0.23301
0.23301
0.233009
0.23301
0.23301
0.23301
0.23301
0.23301
0.23301
0.23301
0.23301
0.23301
0.23301
0.23301
0.233005
0.23301
0.232521
0.232897
0.23297
0.23131
0.228243
0.23301
0.217215
0.221328
0.216375
0.218004
0.217745
0.216871
0.21613
0.21876
0.218216
0.216977
0.23301
0.23301
0.23301
0.23301
0.23301
0.233005
0.23301
0.23301
0.213578
0.213736
0.216315
0.222915
0.228993
0.232137
0.23291
0.233003
0.215349
0.23301
0.23301
0.23301
0.23301
0.23301
0.23301
0.23301
0.23301
0.23301
0.23301
0.23301
0.23301
0.23301
0.23301
0.23301
0.23301
0.23301
0.23301
0.23301
0.23301
0.23301
0.23301
0.23301
0.23301
0.23301
0.23301
0.23301
0.23301
0.23301
0.23301
0.23301
0.23301
0.23301
0.23301
0.23301
0.23301
0.23301
0.23301
0.23301
0.23301
0.23301
0.23301
0.23301
0.23301
0.23301
0.23301
0.23301
0.23301
0.23301
0.23301
0.23301
0.23301
0.23301
0.23301
0.23301
0.23301
0.23301
0.23301
0.23301
0.23301
0.23301
0.23301
0.23301
0.23301
0.23301
0.23301
0.23301
0.23301
0.23301
0.23301
0.23301
0.23301
0.23301
0.23301
0.23301
0.23301
0.23301
0.23301
0.23301
0.23301
0.23301
0.23301
0.233008
0.233
0.23301
0.23301
0.23301
0.23301
0.23301
0.23301
0.23301
0.23301
0.23301
0.23301
0.23301
0.23301
0.23301
0.23301
0.232091
0.232778
0.232928
0.230127
0.225189
0.23301
0.216245
0.218779
0.218055
0.217714
0.216937
0.215929
0.21582
0.218665
0.218129
0.216933
0.23301
0.23301
0.23301
0.23301
0.23301
0.23301
0.23301
0.21396
0.214091
0.21684
0.223119
0.228986
0.23201
0.23289
0.233001
0.233009
0.215563
0.23301
0.23301
0.23301
0.23301
0.23301
0.23301
0.23301
0.23301
0.23301
0.23301
0.23301
0.23301
0.23301
0.23301
0.23301
0.23301
0.23301
0.23301
0.23301
0.23301
0.23301
0.23301
0.23301
0.23301
0.23301
0.23301
0.23301
0.23301
0.23301
0.23301
0.23301
0.23301
0.23301
0.23301
0.23301
0.23301
0.23301
0.23301
0.23301
0.23301
0.23301
0.23301
0.23301
0.23301
0.23301
0.23301
0.23301
0.23301
0.23301
0.23301
0.23301
0.23301
0.23301
0.23301
0.23301
0.23301
0.23301
0.23301
0.23301
0.23301
0.23301
0.23301
0.23301
0.23301
0.23301
0.23301
0.23301
0.23301
0.23301
0.23301
0.23301
0.23301
0.23301
0.23301
0.23301
0.233007
0.232991
0.23301
0.23301
0.23301
0.23301
0.23301
0.23301
0.23301
0.23301
0.23301
0.23301
0.23301
0.23301
0.23301
0.231431
0.232573
0.232856
0.228439
0.222206
0.23301
0.217009
0.218081
0.217785
0.216847
0.215526
0.215768
0.218576
0.218052
0.216911
0.23301
0.23301
0.23301
0.23301
0.23301
0.214318
0.214549
0.217542
0.223521
0.229059
0.231969
0.232866
0.232999
0.233009
0.23301
0.215524
0.23301
0.23301
0.23301
0.23301
0.23301
0.23301
0.23301
0.23301
0.23301
0.23301
0.23301
0.23301
0.23301
0.23301
0.23301
0.23301
0.23301
0.23301
0.23301
0.23301
0.23301
0.23301
0.23301
0.23301
0.23301
0.23301
0.23301
0.23301
0.23301
0.23301
0.23301
0.23301
0.23301
0.23301
0.23301
0.23301
0.23301
0.23301
0.23301
0.23301
0.23301
0.23301
0.23301
0.23301
0.23301
0.23301
0.23301
0.23301
0.23301
0.23301
0.23301
0.23301
0.23301
0.23301
0.23301
0.23301
0.23301
0.23301
0.23301
0.23301
0.23301
0.23301
0.23301
0.233005
0.232976
0.23301
0.23301
0.23301
0.23301
0.23301
0.23301
0.23301
0.23301
0.23301
0.23301
0.23301
0.23301
0.23301
0.230515
0.232259
0.232749
0.226188
0.219855
0.215971
0.21815
0.217808
0.216857
0.215144
0.218492
0.217985
0.216864
0.23301
0.23301
0.23301
0.23301
0.214549
0.215356
0.218579
0.224242
0.229246
0.231982
0.232854
0.232997
0.233009
0.23301
0.23301
0.21481
0.23301
0.23301
0.23301
0.23301
0.23301
0.23301
0.23301
0.23301
0.23301
0.23301
0.23301
0.23301
0.23301
0.23301
0.23301
0.23301
0.23301
0.23301
0.23301
0.23301
0.23301
0.23301
0.23301
0.23301
0.23301
0.23301
0.23301
0.23301
0.23301
0.23301
0.23301
0.23301
0.23301
0.23301
0.23301
0.23301
0.23301
0.23301
0.23301
0.23301
0.23301
0.23301
0.23301
0.23301
0.23301
0.23301
0.23301
0.23301
0.23301
0.233009
0.233003
0.232955
0.23301
0.23301
0.23301
0.23301
0.23301
0.23301
0.23301
0.23301
0.23301
0.23301
0.233009
0.23301
0.22935
0.23183
0.232608
0.223737
0.218085
0.215153
0.218195
0.217838
0.218416
0.217891
0.23301
0.23301
0.216433
0.219856
0.225183
0.229637
0.232029
0.232855
0.232996
0.233009
0.23301
0.23301
0.23301
0.23301
0.23301
0.23301
0.23301
0.23301
0.23301
0.23301
0.23301
0.23301
0.23301
0.23301
0.23301
0.23301
0.23301
0.23301
0.23301
0.23301
0.23301
0.23301
0.23301
0.23301
0.23301
0.23301
0.23301
0.23301
0.23301
0.23301
0.23301
0.23301
0.23301
0.23301
0.23301
0.23301
0.23301
0.23301
0.23301
0.23301
0.23301
0.23301
0.23301
0.23301
0.23301
0.23301
0.23301
0.23301
0.233
0.232928
0.23301
0.23301
0.23301
0.233009
0.233009
0.232998
0.227975
0.231303
0.232444
0.221649
0.218246
0.218305
0.226448
0.230131
0.232127
0.232861
0.232996
0.233009
0.23301
0.23301
0.23301
0.23301
0.23301
0.23301
0.23301
0.23301
0.23301
0.23301
0.23301
0.23301
0.23301
0.23301
0.23301
0.23301
0.23301
0.23301
0.23301
0.23301
0.23301
0.23301
0.23301
0.23301
0.23301
0.23301
0.23301
0.23301
0.23301
0.23301
0.23301
0.23301
0.23301
0.23301
0.23301
0.23301
0.23301
0.23301
0.23301
0.23301
0.23301
0.23301
0.23301
0.2329
0.232997
0.232876
0.230713
0.232274
0.23301
0.23301
0.23301
0.23301
0.23301
0.23301
0.23301
0.23301
0.23301
0.23301
0.23301
0.23301
0.23301
0.23301
0.23301
0.23301
0.23301
0.23301
0.23301
0.23301
0.23301
0.23301
0.23301
0.23301
0.23301
0.23301
0.23301
0.23301
0.23301
0.23301
0.23301
0.23301
0.23301
0.23301
0.23301
0.23301
0.23301
0.23301
0.23301
0.23301
0.23301
0.23301
0.23301
0.23301
0.23301
0.23301
0.23301
0.23301
0.23301
0.23301
0.23301
0.23301
0.23301
0.23301
0.23301
0.23301
0.23301
0.23301
0.23301
0.23301
0.23301
0.23301
0.23301
0.23301
0.23301
0.23301
0.23301
0.23301
0.23301
0.23301
0.23301
0.23301
0.23301
0.23301
0.23301
0.23301
0.23301
0.23301
0.23301
0.23301
0.23301
0.23301
0.23301
0.23301
0.23301
0.23301
0.23301
0.23301
0.23301
0.23301
0.23301
0.23301
0.23301
0.23301
0.23301
0.23301
0.23301
0.23301
0.23301
0.23301
0.23301
0.23301
0.23301
0.23301
0.23301
0.23301
0.23301
0.23301
0.23301
0.23301
0.23301
0.23301
0.23301
0.23301
0.23301
0.23301
0.23301
0.23301
0.23301
0.23301
0.23301
0.23301
0.23301
0.23301
0.23301
0.23301
0.23301
0.23301
0.23301
0.23301
0.23301
0.23301
0.23301
0.23301
0.23301
0.23301
0.23301
0.23301
0.23301
0.23301
0.23301
0.23301
0.23301
0.23301
0.23301
0.23301
0.23301
0.23301
0.23301
0.23301
0.23301
0.23301
0.23301
0.23301
0.23301
0.23301
0.23301
0.23301
0.23301
0.23301
0.23301
0.23301
0.23301
0.23301
0.23301
0.23301
0.23301
0.23301
0.23301
0.23301
0.23301
0.23301
0.23301
0.23301
0.23301
0.23301
0.23301
0.23301
0.23301
0.23301
0.23301
0.23301
0.23301
0.23301
0.23301
0.23301
0.23301
0.23301
0.23301
0.23301
0.23301
0.23301
0.23301
0.23301
0.23301
0.23301
0.23301
0.23301
0.23301
0.23301
0.23301
0.23301
0.23301
0.23301
0.23301
0.23301
0.23301
0.23301
0.23301
0.23301
0.23301
0.23301
0.23301
0.23301
0.23301
0.23301
0.23301
0.23301
0.23301
0.23301
0.23301
0.23301
0.23301
0.23301
0.23301
0.23301
0.23301
0.23301
0.23301
0.23301
0.23301
0.23301
0.23301
0.23301
0.23301
0.23301
0.23301
0.23301
0.23301
0.23301
0.23301
0.23301
0.23301
0.23301
0.23301
0.23301
0.23301
0.23301
0.23301
0.23301
0.23301
0.23301
0.23301
0.23301
0.23301
0.23301
0.23301
0.23301
0.23301
0.23301
0.23301
0.23301
0.23301
0.23301
0.23301
0.23301
0.23301
0.23301
0.23301
0.23301
0.23301
0.23301
0.23301
0.23301
0.23301
0.23301
0.23301
0.23301
0.23301
0.23301
0.23301
0.23301
0.23301
0.23301
0.23301
0.23301
0.23301
0.23301
0.23301
0.23301
0.23301
0.23301
0.23301
0.23301
0.23301
0.23301
0.23301
0.23301
0.23301
0.23301
0.23301
0.23301
0.23301
0.23301
0.23301
0.23301
0.23301
0.23301
0.23301
0.23301
0.23301
0.23301
0.23301
0.23301
0.23301
0.23301
0.23301
0.23301
0.23301
0.23301
0.23301
0.23301
0.23301
0.23301
0.23301
0.23301
0.23301
0.23301
0.23301
0.23301
0.23301
0.23301
0.23301
0.23301
0.23301
0.23301
0.23301
0.23301
0.23301
0.23301
0.23301
0.23301
0.23301
0.23301
0.23301
0.23301
0.23301
0.23301
0.23301
0.23301
0.23301
0.23301
0.23301
0.23301
0.23301
0.23301
0.23301
0.23301
0.23301
0.23301
0.23301
0.23301
0.23301
0.23301
0.23301
0.23301
0.23301
0.23301
0.23301
0.23301
0.23301
0.23301
0.23301
0.23301
0.23301
0.23301
0.23301
0.23301
0.23301
0.23301
0.23301
0.23301
0.23301
0.23301
0.23301
0.23301
0.23301
0.23301
0.23301
0.23301
0.23301
0.23301
0.23301
0.23301
0.23301
0.23301
0.23301
0.23301
0.23301
0.23301
0.23301
0.23301
0.23301
0.23301
0.23301
0.23301
0.23301
0.23301
0.23301
0.23301
0.23301
0.23301
0.23301
0.23301
0.23301
0.23301
0.23301
0.23301
0.23301
0.23301
0.23301
0.23301
0.23301
0.23301
0.23301
0.23301
0.23301
0.23301
0.23301
0.23301
0.23301
0.23301
0.23301
0.23301
0.23301
0.23301
0.23301
0.23301
0.23301
0.23301
0.23301
0.23301
0.23301
)
;

boundaryField
{
    lowerOutlet
    {
        type            inletOutlet;
        inletValue      uniform 0.23301;
        value           nonuniform List<scalar> 
144
(
0.23301
0.23301
0.23301
0.23301
0.23301
0.23301
0.23301
0.23301
0.23301
0.23301
0.23301
0.23301
0.23301
0.23301
0.23301
0.23301
0.23301
0.23301
0.23301
0.23301
0.23301
0.23301
0.23301
0.23301
0.23301
0.23301
0.23301
0.23301
0.23301
0.23301
0.23301
0.23301
0.23301
0.23301
0.23301
0.23301
0.23301
0.23301
0.23301
0.23301
0.23301
0.23301
0.23301
0.232495
0.23301
0.23301
0.231269
0.23301
0.157247
0.23301
0.23301
0.23301
0.23301
0.23301
0.23301
0.23301
0.23301
0.23301
0.23301
0.23301
0.23301
0.23301
0.23301
0.23301
0.23301
0.23301
0.23301
0.23301
0.23301
0.23301
0.23301
0.23301
0.23301
0.23301
0.23301
0.23301
0.23301
0.23301
0.23301
0.23301
0.23301
0.23301
0.23301
0.23301
0.23301
0.23301
0.23301
0.23301
0.23301
0.23301
0.23301
0.23301
0.23301
0.23301
0.23301
0.23301
0.23301
0.23301
0.23301
0.23301
0.232775
0.23301
0.23301
0.23301
0.23301
0.213695
0.23301
0.23301
0.23301
0.23301
0.23301
0.23301
0.23301
0.23301
0.23301
0.23301
0.23301
0.23301
0.23301
0.23301
0.229647
0.23301
0.23301
0.23301
0.23301
0.23301
0.23301
0.23301
0.23301
0.232787
0.23301
0.23301
0.23301
0.23301
0.23301
0.23301
0.23301
0.23301
0.23301
0.23301
0.23301
0.23301
0.23301
0.23301
)
;
    }
    top
    {
        type            inletOutlet;
        inletValue      uniform 0.23301;
        value           nonuniform List<scalar> 
100
(
0.23301
0.23301
0.23301
0.23301
0.23301
0.23301
0.233009
0.233006
0.232989
0.232939
0.232845
0.232741
0.232654
0.232598
0.232579
0.232596
0.23264
0.232706
0.232776
0.232839
0.23289
0.232929
0.232956
0.232974
0.232986
0.232994
0.232999
0.233
0.232994
0.232984
0.232963
0.232906
0.232785
0.232577
0.232317
0.232028
0.231761
0.231519
0.231289
0.231048
0.230775
0.230504
0.230361
0.230412
0.230717
0.231432
0.232372
0.232926
0.233005
0.23301
0.23301
0.23301
0.23301
0.23301
0.23301
0.23301
0.23301
0.23301
0.23301
0.23301
0.23301
0.23301
0.23301
0.23301
0.23301
0.23301
0.23301
0.23301
0.23301
0.23301
0.23301
0.23301
0.23301
0.23301
0.23301
0.23301
0.23301
0.23301
0.23301
0.23301
0.23301
0.23301
0.23301
0.23301
0.23301
0.23301
0.23301
0.23301
0.23301
0.23301
0.23301
0.23301
0.23301
0.23301
0.23301
0.23301
0.23301
0.23301
0.23301
0.23301
)
;
    }
    sides
    {
        type            inletOutlet;
        inletValue      uniform 0.23301;
        value           uniform 0.23301;
    }
    front
    {
        type            empty;
    }
    back
    {
        type            empty;
    }
    roller
    {
        type            zeroGradient;
    }
    burner
    {
        type            fixedValue;
        value           uniform 0.032;
    }
}


// ************************************************************************* //
