/*--------------------------------*- C++ -*----------------------------------*\
  =========                 |
  \\      /  F ield         | OpenFOAM: The Open Source CFD Toolbox
   \\    /   O peration     | Website:  https://openfoam.org
    \\  /    A nd           | Version:  dev
     \\/     M anipulation  |
\*---------------------------------------------------------------------------*/
FoamFile
{
    version     2.0;
    format      ascii;
    class       volScalarField;
    location    "2500";
    object      rho;
}
// * * * * * * * * * * * * * * * * * * * * * * * * * * * * * * * * * * * * * //

dimensions      [1 -3 0 0 0 0 0];

internalField   nonuniform List<scalar> 
9575
(
1.17177
1.17162
1.17172
1.17161
1.17133
1.17173
1.17166
1.17118
1.17135
1.17181
1.17164
1.17111
1.17099
1.1714
1.17182
1.17169
1.17117
1.17083
1.17101
1.17147
1.17185
1.1717
1.17115
1.17074
1.17075
1.17112
1.17154
1.17189
1.17176
1.17129
1.17078
1.17058
1.17081
1.17125
1.1716
1.17191
1.17177
1.17127
1.17078
1.17046
1.17057
1.17093
1.17133
1.17164
1.17191
1.17177
1.17133
1.17079
1.17044
1.17037
1.17067
1.17104
1.1714
1.17169
1.17193
1.17179
1.17136
1.17083
1.17048
1.17023
1.17037
1.17076
1.17114
1.17144
1.17171
1.17193
1.17177
1.17138
1.17091
1.17048
1.17014
1.17017
1.17048
1.17087
1.17121
1.17148
1.17172
1.17193
1.17179
1.17146
1.17106
1.17055
1.17014
1.17006
1.17023
1.17059
1.171
1.17126
1.17152
1.17174
1.17194
1.17181
1.17147
1.17106
1.17058
1.17015
1.16996
1.17006
1.17033
1.17077
1.17105
1.17131
1.17154
1.17176
1.17195
1.1718
1.17145
1.17111
1.17063
1.17017
1.16989
1.1699
1.17011
1.1705
1.17087
1.17111
1.17135
1.17156
1.17176
1.17195
1.17182
1.17152
1.17117
1.17068
1.17031
1.16991
1.16978
1.16992
1.17019
1.17062
1.17095
1.17115
1.17137
1.17159
1.17178
1.17195
1.17183
1.17148
1.17118
1.17073
1.17032
1.16993
1.1697
1.16978
1.16999
1.17037
1.17075
1.17097
1.17119
1.17139
1.17159
1.17179
1.17196
1.17183
1.17149
1.17117
1.17078
1.17035
1.16995
1.16964
1.16962
1.16982
1.17009
1.1705
1.17078
1.17101
1.17121
1.17143
1.17161
1.17179
1.17197
1.17181
1.17153
1.1712
1.17088
1.17047
1.16998
1.16965
1.16952
1.16965
1.16989
1.1702
1.17057
1.17081
1.17103
1.17123
1.17142
1.1716
1.17179
1.17195
1.17183
1.17155
1.17118
1.17087
1.17043
1.16996
1.16965
1.16945
1.16949
1.16972
1.16999
1.17039
1.17062
1.17087
1.17105
1.17126
1.17143
1.17161
1.17179
1.17195
1.17181
1.17157
1.1712
1.17091
1.17047
1.17004
1.1697
1.16943
1.16935
1.1695
1.16979
1.17015
1.17047
1.17067
1.17087
1.17108
1.17127
1.17144
1.17163
1.17179
1.17196
1.17183
1.17157
1.17119
1.17088
1.17057
1.17008
1.16971
1.16937
1.16929
1.16936
1.16959
1.16992
1.17025
1.17049
1.17071
1.1709
1.1711
1.17128
1.17145
1.17163
1.17179
1.17196
1.17182
1.17154
1.17118
1.17096
1.17056
1.17005
1.16975
1.16937
1.16921
1.16923
1.16941
1.1697
1.17005
1.17031
1.17053
1.17073
1.17094
1.17111
1.17128
1.17146
1.17164
1.17179
1.17196
1.17181
1.17157
1.17117
1.17087
1.17047
1.17013
1.16974
1.16937
1.16916
1.16914
1.16927
1.16951
1.16982
1.17015
1.17036
1.17056
1.17075
1.17096
1.17112
1.1713
1.17147
1.17163
1.17179
1.17195
1.17182
1.17153
1.17117
1.17084
1.17048
1.17011
1.1697
1.16936
1.16912
1.16905
1.16913
1.16934
1.16966
1.16992
1.17019
1.1704
1.17059
1.17078
1.17096
1.17114
1.17129
1.17146
1.17162
1.17179
1.17195
1.1718
1.1715
1.17124
1.1708
1.17046
1.1701
1.16971
1.16935
1.16909
1.16898
1.16901
1.1692
1.16944
1.16976
1.17002
1.17023
1.17044
1.17061
1.17081
1.17098
1.17113
1.17131
1.17146
1.17162
1.17179
1.17195
1.17182
1.17153
1.17125
1.17081
1.17042
1.17007
1.1697
1.16933
1.16905
1.16892
1.16892
1.16904
1.16927
1.16955
1.16983
1.17008
1.17026
1.17044
1.17064
1.17081
1.17097
1.17113
1.1713
1.17146
1.17162
1.17179
1.17195
1.1718
1.17146
1.17117
1.17075
1.1704
1.17003
1.16968
1.16933
1.16903
1.16886
1.16882
1.16892
1.16911
1.16938
1.16967
1.16991
1.1701
1.17028
1.17047
1.17064
1.17081
1.17098
1.17113
1.1713
1.17146
1.17162
1.17179
1.17195
1.1718
1.17147
1.17123
1.17077
1.17033
1.16995
1.16964
1.1693
1.169
1.16881
1.16874
1.16879
1.16897
1.16923
1.16948
1.16973
1.16995
1.17013
1.17031
1.17049
1.17065
1.17082
1.17097
1.17113
1.17129
1.17145
1.17162
1.17178
1.17194
1.17175
1.17138
1.17112
1.17079
1.17028
1.16993
1.16961
1.16927
1.16897
1.16876
1.16867
1.16869
1.16884
1.16906
1.16932
1.16956
1.1698
1.16997
1.17015
1.17032
1.17049
1.17066
1.17081
1.17097
1.17113
1.17128
1.17144
1.1716
1.17177
1.17194
1.17173
1.17141
1.171
1.1706
1.17014
1.16987
1.16962
1.16921
1.16894
1.16872
1.1686
1.1686
1.16871
1.1689
1.16916
1.16941
1.16962
1.16983
1.17002
1.17017
1.17034
1.1705
1.17066
1.17082
1.17096
1.17113
1.17127
1.17143
1.1716
1.17176
1.17194
1.17171
1.17133
1.17089
1.17061
1.17012
1.16976
1.16956
1.16911
1.16888
1.16866
1.16854
1.16851
1.16859
1.16877
1.169
1.16924
1.16949
1.16968
1.16986
1.17003
1.1702
1.17034
1.1705
1.17065
1.17081
1.17096
1.17111
1.17126
1.17142
1.17158
1.17175
1.17193
1.17173
1.17127
1.17085
1.17046
1.17003
1.1697
1.16945
1.16905
1.16881
1.1686
1.16848
1.16843
1.16848
1.16863
1.16887
1.1691
1.16933
1.16953
1.16971
1.16989
1.17006
1.17021
1.17036
1.1705
1.17064
1.17079
1.17094
1.1711
1.17125
1.17141
1.17157
1.17174
1.17193
1.17168
1.1712
1.17078
1.17037
1.16998
1.16961
1.16931
1.16895
1.16874
1.16853
1.1684
1.16836
1.16839
1.16851
1.1687
1.16895
1.16916
1.16938
1.16955
1.16972
1.16988
1.17004
1.17019
1.17035
1.1705
1.17063
1.17079
1.17093
1.17108
1.17124
1.17139
1.17156
1.17174
1.17202
1.17192
1.17171
1.17126
1.1707
1.17029
1.16992
1.16954
1.16926
1.16891
1.16865
1.16846
1.16833
1.16828
1.1683
1.1684
1.16859
1.16879
1.16903
1.16925
1.16943
1.16959
1.16976
1.1699
1.17006
1.17019
1.17035
1.17049
1.17063
1.17077
1.17092
1.17106
1.17121
1.17138
1.17163
1.17154
1.17181
1.17164
1.1717
1.17202
1.17191
1.17162
1.17108
1.1706
1.1702
1.16983
1.16945
1.16913
1.16879
1.16859
1.16839
1.16825
1.16819
1.16822
1.16829
1.16845
1.16865
1.16887
1.16909
1.16927
1.16943
1.16962
1.16976
1.1699
1.17005
1.1702
1.17034
1.17047
1.17061
1.17075
1.17089
1.17104
1.1712
1.17145
1.17135
1.17153
1.17182
1.17161
1.17171
1.17202
1.17191
1.17165
1.17103
1.17052
1.1701
1.16973
1.16936
1.16905
1.16874
1.1685
1.16832
1.16818
1.16811
1.16811
1.16821
1.16832
1.16852
1.16873
1.16895
1.16913
1.16931
1.16944
1.16962
1.16976
1.16993
1.17006
1.1702
1.17033
1.17046
1.17059
1.17073
1.17087
1.17103
1.17126
1.17117
1.17144
1.17134
1.17152
1.17181
1.17161
1.1717
1.17202
1.17191
1.17165
1.17093
1.17052
1.17002
1.16963
1.16929
1.169
1.16867
1.16842
1.16823
1.1681
1.16803
1.16803
1.1681
1.16822
1.1684
1.1686
1.1688
1.169
1.16916
1.16933
1.16948
1.16962
1.16978
1.16992
1.17005
1.17018
1.17031
1.17043
1.17057
1.1707
1.17085
1.17107
1.17098
1.17125
1.17115
1.17142
1.17132
1.17151
1.1718
1.1716
1.17169
1.17202
1.1719
1.17161
1.17084
1.17038
1.16989
1.16958
1.1692
1.1689
1.16856
1.16835
1.16815
1.16802
1.16795
1.16794
1.168
1.16811
1.16828
1.16848
1.16868
1.16885
1.16904
1.16918
1.16934
1.16951
1.16964
1.16978
1.16991
1.17003
1.17016
1.17028
1.17041
1.17054
1.17069
1.17089
1.1708
1.17106
1.17097
1.17122
1.17113
1.1714
1.1713
1.17149
1.17179
1.17158
1.17168
1.17202
1.1719
1.17149
1.17077
1.17031
1.16984
1.16951
1.16912
1.16883
1.16852
1.16827
1.16808
1.16794
1.16787
1.16785
1.16789
1.16801
1.16816
1.16835
1.16855
1.16873
1.16893
1.16907
1.16922
1.16937
1.16951
1.16964
1.16977
1.16989
1.17002
1.17013
1.17026
1.17038
1.17052
1.17072
1.17063
1.17087
1.17078
1.17103
1.17094
1.1712
1.1711
1.17139
1.17128
1.17147
1.17178
1.17156
1.17166
1.17201
1.17189
1.17155
1.17079
1.17031
1.1698
1.16943
1.16904
1.16877
1.16847
1.16822
1.168
1.16787
1.16779
1.16778
1.16781
1.1679
1.16805
1.16822
1.16843
1.16862
1.16878
1.16895
1.1691
1.16924
1.16937
1.1695
1.16963
1.16976
1.16988
1.16999
1.1701
1.17023
1.17036
1.17055
1.17046
1.17069
1.17061
1.17085
1.17076
1.17101
1.17091
1.17118
1.17108
1.17137
1.17126
1.17145
1.17176
1.17154
1.17164
1.17201
1.17188
1.17145
1.1707
1.17028
1.16972
1.16936
1.16903
1.16871
1.16843
1.16817
1.16794
1.16779
1.16771
1.16768
1.16772
1.16782
1.16794
1.16811
1.1683
1.16849
1.16868
1.16882
1.16897
1.16912
1.16924
1.16937
1.1695
1.16962
1.16974
1.16986
1.16997
1.17007
1.17021
1.17038
1.1703
1.17052
1.17044
1.17067
1.17058
1.17082
1.17073
1.17098
1.17089
1.17115
1.17105
1.17134
1.17123
1.17143
1.17175
1.17152
1.17162
1.172
1.17186
1.1715
1.17072
1.17025
1.16971
1.16932
1.169
1.16869
1.16839
1.16812
1.16789
1.16773
1.16765
1.16761
1.16764
1.16771
1.16785
1.16801
1.16818
1.16835
1.16854
1.1687
1.16885
1.16899
1.16912
1.16925
1.16937
1.16949
1.16961
1.16972
1.16983
1.16994
1.17004
1.17022
1.17013
1.17035
1.17027
1.17049
1.1704
1.17064
1.17054
1.17079
1.17069
1.17095
1.17085
1.17112
1.17102
1.17131
1.1712
1.1714
1.17173
1.17149
1.17159
1.172
1.17185
1.17144
1.17067
1.17023
1.16968
1.16931
1.16898
1.16867
1.16836
1.16808
1.16784
1.16767
1.16756
1.16753
1.16755
1.16762
1.16774
1.16788
1.16808
1.16826
1.16843
1.16859
1.16873
1.16887
1.169
1.16912
1.16924
1.16936
1.16947
1.16958
1.16969
1.16978
1.16984
1.17001
1.17
1.17017
1.17005
1.17031
1.17019
1.17044
1.17033
1.17059
1.17048
1.17075
1.17064
1.17091
1.1708
1.17109
1.17098
1.17128
1.17116
1.17137
1.17171
1.17146
1.17156
1.17199
1.17183
1.17142
1.1707
1.17022
1.16969
1.16932
1.16897
1.16866
1.16835
1.16806
1.16781
1.16761
1.1675
1.16747
1.16747
1.16753
1.16765
1.16779
1.16794
1.16814
1.16831
1.16847
1.16861
1.16875
1.16888
1.169
1.16912
1.16923
1.16934
1.16945
1.16953
1.16955
1.16929
1.16848
1.16984
1.16916
1.17001
1.16964
1.17016
1.16984
1.17032
1.17004
1.1705
1.17027
1.17068
1.1705
1.17086
1.17071
1.17104
1.17091
1.17124
1.17111
1.17133
1.17168
1.17142
1.17153
1.17198
1.17181
1.17142
1.17077
1.17019
1.16969
1.16932
1.16897
1.16866
1.16835
1.16805
1.16777
1.16757
1.16744
1.16738
1.16739
1.16745
1.16755
1.1677
1.16785
1.16803
1.1682
1.16836
1.1685
1.16863
1.16876
1.16888
1.16899
1.16911
1.16921
1.1693
1.16931
1.16905
1.16793
1.16458
1.16385
1.15874
1.1688
1.1669
1.16911
1.16737
1.16942
1.16792
1.16977
1.16855
1.17014
1.16927
1.17046
1.1699
1.17074
1.17039
1.17097
1.17076
1.17119
1.17104
1.17128
1.17165
1.17137
1.17148
1.17197
1.17179
1.17142
1.17081
1.17016
1.16975
1.16933
1.169
1.16867
1.16838
1.16805
1.16776
1.16754
1.16739
1.16732
1.16731
1.16736
1.16747
1.16759
1.16773
1.16792
1.16809
1.16825
1.16839
1.16852
1.16864
1.16876
1.16887
1.16898
1.16907
1.1691
1.16884
1.16773
1.16477
1.15796
1.15415
1.14829
1.15296
1.14698
1.16383
1.15865
1.16475
1.15906
1.16579
1.16024
1.16703
1.16214
1.1684
1.16474
1.1695
1.16709
1.17029
1.16894
1.17079
1.17016
1.17111
1.17083
1.1712
1.17161
1.1713
1.17142
1.17196
1.17176
1.17139
1.17075
1.17016
1.16979
1.16934
1.16902
1.16869
1.16839
1.16805
1.16775
1.16751
1.16734
1.16726
1.16725
1.16728
1.16736
1.16748
1.16765
1.16782
1.16798
1.16814
1.16828
1.1684
1.16853
1.16865
1.16876
1.16886
1.1689
1.16873
1.16775
1.16483
1.15863
1.14884
1.14305
1.13942
1.14123
1.13492
1.13918
1.1325
1.15252
1.14575
1.15314
1.14527
1.15459
1.14583
1.15735
1.14753
1.16146
1.15136
1.16526
1.15721
1.16827
1.16304
1.17005
1.16754
1.1709
1.16998
1.171
1.17156
1.17114
1.17132
1.17194
1.17173
1.17136
1.17075
1.1702
1.16981
1.16937
1.16905
1.16874
1.16842
1.16807
1.16776
1.16749
1.16731
1.16721
1.16719
1.16721
1.16729
1.1674
1.16756
1.16772
1.16788
1.16803
1.16817
1.16829
1.16841
1.16853
1.16864
1.16872
1.16864
1.16792
1.16544
1.16003
1.15124
1.13879
1.12221
1.13022
1.12179
1.12618
1.11993
1.12293
1.11595
1.13759
1.12993
1.13713
1.12817
1.13774
1.12755
1.14
1.12835
1.1447
1.13176
1.15214
1.13788
1.1607
1.14658
1.16692
1.15839
1.17002
1.16648
1.17022
1.1715
1.17058
1.17103
1.17193
1.17168
1.17129
1.17067
1.17019
1.1698
1.1694
1.16909
1.16878
1.16847
1.1681
1.16778
1.16748
1.16728
1.16716
1.16711
1.16713
1.1672
1.16732
1.16746
1.16761
1.16777
1.16792
1.16806
1.16819
1.16831
1.16842
1.16852
1.16854
1.16813
1.16625
1.16169
1.15435
1.14383
1.12935
1.11475
1.10795
1.10727
1.11445
1.11005
1.11004
1.10623
1.10573
1.10223
1.11987
1.11207
1.11798
1.10875
1.11759
1.10665
1.11868
1.10643
1.12285
1.10889
1.13059
1.11409
1.14136
1.12267
1.1565
1.13627
1.16648
1.15531
1.16714
1.17139
1.16846
1.17022
1.17191
1.17165
1.17057
1.17016
1.16978
1.16944
1.16912
1.16882
1.16853
1.16813
1.1678
1.16749
1.16726
1.16712
1.16706
1.16707
1.16711
1.16723
1.16737
1.16752
1.16767
1.16782
1.16796
1.16808
1.1682
1.16831
1.16839
1.16828
1.16717
1.1636
1.15746
1.14873
1.13656
1.12321
1.11396
1.10741
1.10851
1.10434
1.10538
1.10431
1.10395
1.10066
1.10081
1.09707
1.09741
1.10189
1.09832
1.09853
1.09444
1.09613
1.09082
1.09546
1.08815
1.09846
1.08678
1.10546
1.0888
1.11537
1.09666
1.13255
1.1087
1.15543
1.13039
1.15747
1.1713
1.16177
1.16705
1.17014
1.1719
1.17164
1.1701
1.16975
1.16947
1.16917
1.16887
1.16858
1.16818
1.16784
1.16751
1.16725
1.16708
1.16701
1.167
1.16705
1.16715
1.16727
1.16742
1.16757
1.16772
1.16786
1.16798
1.16809
1.1682
1.16825
1.16788
1.1657
1.16055
1.15293
1.14312
1.13056
1.12017
1.1146
1.11185
1.107
1.11063
1.10529
1.10885
1.10142
1.10281
1.09834
1.10027
1.09511
1.0976
1.0933
1.0938
1.08924
1.08981
1.08506
1.08546
1.08115
1.08077
1.0795
1.07597
1.08079
1.07304
1.08877
1.07397
1.10364
1.08228
1.13094
1.10074
1.11577
1.14974
1.13269
1.16898
1.17116
1.16999
1.15828
1.13957
1.1386
1.16227
1.17191
1.1709
1.17127
1.17163
1.16972
1.16947
1.16921
1.16892
1.16862
1.16825
1.16788
1.16754
1.16725
1.16706
1.16696
1.16695
1.16699
1.16707
1.16719
1.16732
1.16748
1.16762
1.16776
1.16788
1.16799
1.16809
1.16807
1.16725
1.16385
1.15732
1.14871
1.13785
1.12686
1.12015
1.11615
1.11739
1.1228
1.12698
1.11317
1.11801
1.11331
1.11899
1.10351
1.10799
1.10168
1.1071
1.09966
1.10599
1.09141
1.09463
1.08703
1.09049
1.08191
1.08496
1.07665
1.07899
1.07139
1.07275
1.06695
1.06703
1.06803
1.06562
1.06338
1.08981
1.0785
1.06478
1.07131
1.10174
1.11734
1.09989
1.08817
1.11889
1.16561
1.16836
1.14607
1.12579
1.12083
1.15283
1.17165
1.17202
1.17183
1.16996
1.17099
1.16945
1.16923
1.16897
1.16866
1.16831
1.16794
1.16757
1.16725
1.16704
1.16692
1.16689
1.16692
1.16699
1.1671
1.16724
1.16738
1.16753
1.16766
1.16778
1.16789
1.16797
1.16781
1.16632
1.16171
1.15412
1.14457
1.13363
1.12497
1.12065
1.11898
1.1242
1.14021
1.13511
1.14129
1.12469
1.13022
1.12656
1.13267
1.11337
1.12002
1.11324
1.12082
1.11252
1.12107
1.0965
1.10412
1.09126
1.10005
1.08419
1.09297
1.07643
1.08397
1.06918
1.07457
1.06257
1.06321
1.06452
1.06696
1.06125
1.05885
1.06184
1.06068
1.07731
1.06898
1.05904
1.06298
1.08672
1.10167
1.08711
1.07577
1.1032
1.15943
1.1646
1.13177
1.10665
1.11125
1.13974
1.17148
1.17202
1.1718
1.16821
1.17021
1.16924
1.16901
1.16874
1.16839
1.16801
1.16762
1.16728
1.16703
1.16689
1.16684
1.16685
1.16692
1.16703
1.16714
1.16729
1.16743
1.16757
1.16768
1.16779
1.16783
1.1674
1.16501
1.15951
1.1511
1.14083
1.13083
1.12498
1.12186
1.12294
1.1321
1.14922
1.1552
1.15815
1.14774
1.15182
1.13828
1.14332
1.14128
1.14668
1.12821
1.13512
1.12945
1.13719
1.12961
1.13839
1.10995
1.12002
1.10384
1.11557
1.09433
1.10641
1.08372
1.0948
1.0698
1.07396
1.07803
1.08342
1.06126
1.06276
1.06523
1.06857
1.05691
1.05653
1.05859
1.05934
1.06727
1.06114
1.055
1.05715
1.07527
1.08784
1.07527
1.06617
1.0899
1.14909
1.15805
1.11764
1.09312
1.09773
1.12582
1.17124
1.17202
1.17174
1.16468
1.16877
1.16904
1.16879
1.16846
1.16808
1.16768
1.16732
1.16704
1.16687
1.1668
1.16679
1.16685
1.16694
1.16707
1.16719
1.16735
1.16747
1.1676
1.16768
1.16762
1.16668
1.16336
1.15723
1.1485
1.1379
1.12941
1.12535
1.12393
1.12808
1.14002
1.15546
1.1645
1.16414
1.16602
1.15917
1.16207
1.15147
1.15564
1.15526
1.15949
1.14408
1.15016
1.14641
1.15321
1.14713
1.155
1.12702
1.13777
1.1192
1.13204
1.10718
1.12028
1.08835
1.09452
1.09992
1.10652
1.07261
1.07728
1.08238
1.0879
1.06103
1.06366
1.06714
1.07132
1.05459
1.0574
1.05548
1.05923
1.05967
1.05546
1.05269
1.05321
1.06555
1.07616
1.06556
1.05854
1.07806
1.13596
1.14783
1.10406
1.08112
1.08553
1.11231
1.17076
1.172
1.17164
1.15865
1.16598
1.16885
1.16853
1.16817
1.16776
1.16736
1.16705
1.16686
1.16676
1.16674
1.16677
1.16687
1.16697
1.16713
1.16725
1.16739
1.1675
1.16756
1.16726
1.1655
1.16145
1.15498
1.14588
1.13552
1.12907
1.12617
1.12668
1.13366
1.14709
1.1595
1.16619
1.16859
1.16868
1.16802
1.16852
1.16625
1.16732
1.16254
1.16471
1.1648
1.1665
1.15865
1.1623
1.16034
1.16391
1.15934
1.16382
1.14365
1.15269
1.13303
1.14405
1.1186
1.13047
1.09361
1.09954
1.10551
1.11166
1.07607
1.08127
1.0868
1.09255
1.06201
1.06559
1.06985
1.07464
1.05353
1.05736
1.05542
1.06023
1.05399
1.05153
1.05153
1.05083
1.05788
1.06631
1.05774
1.0528
1.06802
1.12259
1.13524
1.09169
1.07078
1.07493
1.09967
1.16983
1.17199
1.17151
1.14951
1.16101
1.16862
1.16825
1.16784
1.16742
1.16707
1.16685
1.16672
1.16668
1.16671
1.16678
1.16691
1.16702
1.16718
1.1673
1.16741
1.16737
1.16658
1.16393
1.15938
1.15271
1.14357
1.13409
1.12926
1.12747
1.13004
1.13927
1.15276
1.1623
1.16721
1.16894
1.16911
1.16916
1.169
1.16908
1.16865
1.16887
1.1676
1.16826
1.1683
1.16872
1.16619
1.16753
1.16643
1.16782
1.16447
1.16702
1.15301
1.15986
1.14081
1.14964
1.12095
1.12705
1.13715
1.13174
1.0984
1.10427
1.1101
1.11579
1.07986
1.08535
1.09102
1.09678
1.06388
1.06815
1.07294
1.07809
1.05338
1.05832
1.05624
1.06197
1.04997
1.04902
1.05127
1.04952
1.05198
1.05829
1.05162
1.04863
1.05968
1.10985
1.1224
1.08067
1.06211
1.06585
1.08822
1.16812
1.172
1.17124
1.13761
1.15348
1.16834
1.16794
1.1675
1.16711
1.16685
1.1667
1.16664
1.16665
1.16672
1.16681
1.16695
1.16708
1.16723
1.16729
1.16706
1.16555
1.16216
1.15728
1.15052
1.14147
1.13336
1.1297
1.12902
1.13369
1.14435
1.15679
1.16424
1.16785
1.16898
1.16927
1.16927
1.16927
1.16927
1.16924
1.16926
1.16917
1.16921
1.16895
1.16909
1.16909
1.1692
1.16852
1.16889
1.16823
1.16879
1.16615
1.16792
1.15693
1.16255
1.14128
1.1459
1.15155
1.12369
1.12871
1.13794
1.13337
1.10247
1.10805
1.11345
1.11866
1.08349
1.08899
1.09445
1.09974
1.06621
1.07091
1.07593
1.08108
1.05398
1.05984
1.05746
1.06399
1.04729
1.04755
1.0516
1.04907
1.04759
1.05187
1.04693
1.04572
1.0529
1.09797
1.11023
1.07105
1.05491
1.05815
1.07805
1.16469
1.17199
1.17058
1.12509
1.14245
1.16803
1.16758
1.16716
1.16686
1.16669
1.1666
1.1666
1.16664
1.16675
1.16685
1.16701
1.16712
1.16714
1.16654
1.16426
1.16033
1.15518
1.14845
1.13981
1.13304
1.13034
1.13085
1.13722
1.14848
1.15944
1.16554
1.16822
1.169
1.16927
1.16938
1.16936
1.16939
1.16938
1.16937
1.16938
1.16934
1.16936
1.16927
1.16931
1.16932
1.16938
1.16906
1.16922
1.16871
1.16909
1.16664
1.1682
1.15819
1.16338
1.14213
1.14615
1.14966
1.15361
1.12445
1.12913
1.13803
1.13365
1.10488
1.1099
1.1148
1.11966
1.08615
1.09112
1.09597
1.10079
1.06852
1.0732
1.07789
1.08251
1.05484
1.06144
1.05849
1.06564
1.04561
1.04685
1.05201
1.04909
1.04441
1.04683
1.04342
1.04379
1.04743
1.08716
1.09869
1.06278
1.04899
1.05169
1.0691
1.15863
1.17144
1.16663
1.11289
1.12937
1.16769
1.16724
1.16688
1.16668
1.16657
1.16654
1.16659
1.16666
1.16679
1.16691
1.16703
1.16693
1.16583
1.16284
1.15848
1.15311
1.14634
1.13824
1.13311
1.13113
1.13288
1.14046
1.15162
1.16128
1.16639
1.16843
1.16899
1.16924
1.16944
1.1694
1.16949
1.16948
1.16951
1.16951
1.16951
1.16951
1.16949
1.1695
1.16943
1.16947
1.16948
1.16954
1.16927
1.1694
1.16889
1.16923
1.16661
1.16827
1.15646
1.15976
1.16317
1.14217
1.14608
1.1488
1.15243
1.12352
1.12794
1.13665
1.13232
1.1055
1.11011
1.11464
1.11908
1.0871
1.09155
1.09583
1.0999
1.06991
1.07419
1.07841
1.0824
1.05537
1.06235
1.0589
1.06631
1.04464
1.04656
1.05217
1.04918
1.0422
1.04291
1.0409
1.04253
1.04307
1.07741
1.08799
1.05571
1.04415
1.04631
1.06128
1.14428
1.15891
1.14182
1.10086
1.11359
1.16734
1.16693
1.16668
1.16655
1.1665
1.16652
1.1666
1.1667
1.16684
1.16692
1.16664
1.16497
1.16138
1.15669
1.15112
1.14434
1.13725
1.13337
1.13213
1.13507
1.14337
1.15404
1.1626
1.16694
1.16853
1.16898
1.1692
1.16938
1.16951
1.16949
1.16956
1.16954
1.16958
1.16957
1.1696
1.16959
1.16961
1.16961
1.16959
1.16961
1.1696
1.16966
1.16939
1.16953
1.16901
1.16939
1.16497
1.16674
1.16805
1.15575
1.15873
1.16318
1.16034
1.14086
1.14492
1.14674
1.15069
1.12016
1.12456
1.13362
1.12907
1.10385
1.10778
1.11177
1.11589
1.08607
1.08948
1.09272
1.09589
1.07012
1.07363
1.07675
1.07951
1.05523
1.06236
1.05806
1.0655
1.04403
1.04628
1.0514
1.04885
1.04062
1.03999
1.03904
1.0416
1.03967
1.06868
1.07808
1.04968
1.04022
1.04183
1.05448
1.11893
1.16534
1.13178
1.08875
1.09723
1.16701
1.16669
1.16653
1.16646
1.16647
1.16653
1.16664
1.16674
1.1668
1.16629
1.16401
1.15995
1.15499
1.14931
1.14263
1.13667
1.1338
1.13328
1.13734
1.14599
1.15599
1.16361
1.16733
1.16858
1.16894
1.16914
1.16933
1.16951
1.16948
1.16959
1.16956
1.16963
1.16961
1.16967
1.16965
1.16969
1.16968
1.1697
1.16969
1.16969
1.1697
1.16968
1.16976
1.16957
1.16963
1.16901
1.16943
1.16425
1.16615
1.16683
1.16809
1.1543
1.15754
1.16188
1.15908
1.13812
1.14251
1.14367
1.14808
1.11465
1.1193
1.12913
1.12416
1.09913
1.10256
1.10626
1.11029
1.08195
1.08422
1.0865
1.08896
1.06818
1.07037
1.07212
1.07354
1.05359
1.06046
1.05525
1.06228
1.0434
1.04554
1.04919
1.04757
1.03937
1.03781
1.03749
1.04067
1.03707
1.06091
1.06887
1.04455
1.03713
1.03815
1.04859
1.10726
1.16788
1.13867
1.0774
1.08712
1.16674
1.16653
1.16643
1.16642
1.16648
1.16656
1.16668
1.16668
1.16585
1.16301
1.15858
1.15342
1.1476
1.14119
1.13645
1.13434
1.1347
1.13969
1.14835
1.15768
1.16444
1.1676
1.16859
1.1689
1.16909
1.16926
1.16945
1.16957
1.16956
1.16964
1.16961
1.1697
1.16967
1.16974
1.16972
1.16977
1.16976
1.1698
1.16979
1.1698
1.1698
1.16983
1.16983
1.16966
1.16978
1.16871
1.16914
1.16944
1.16298
1.16518
1.16608
1.16755
1.15213
1.15582
1.16024
1.15701
1.1341
1.13898
1.13977
1.14466
1.10761
1.11271
1.1236
1.11809
1.09174
1.09496
1.09867
1.1029
1.0748
1.07615
1.07779
1.07989
1.0635
1.06422
1.06463
1.06496
1.04999
1.05618
1.05011
1.05637
1.04235
1.04393
1.04502
1.04482
1.03817
1.03607
1.03606
1.0394
1.03506
1.05403
1.06065
1.04025
1.03477
1.03531
1.04355
1.10525
1.17074
1.15067
1.06879
1.0812
1.16653
1.16641
1.16639
1.16641
1.16651
1.16659
1.16652
1.16539
1.16201
1.1573
1.15197
1.14606
1.14008
1.13652
1.13504
1.13637
1.14208
1.15054
1.15921
1.16515
1.1678
1.16858
1.16885
1.16903
1.1692
1.16937
1.16957
1.16964
1.16959
1.1697
1.16967
1.16976
1.16973
1.16981
1.16979
1.16985
1.16983
1.16988
1.16986
1.16987
1.16989
1.16991
1.16994
1.16971
1.16985
1.16851
1.16904
1.1695
1.16925
1.16128
1.16397
1.16487
1.16683
1.14918
1.15331
1.15804
1.15434
1.12913
1.13456
1.13531
1.14067
1.0998
1.10545
1.11751
1.11141
1.08258
1.08592
1.08994
1.09458
1.06538
1.06621
1.06764
1.06976
1.05619
1.05559
1.05509
1.05486
1.04455
1.04958
1.04323
1.04842
1.04047
1.04085
1.03962
1.04073
1.03676
1.03455
1.03462
1.03738
1.0335
1.04802
1.0539
1.03679
1.03315
1.03344
1.03931
1.10515
1.17104
1.15267
1.06247
1.0761
1.16639
1.16633
1.16637
1.16643
1.16653
1.16637
1.16482
1.16106
1.15612
1.15067
1.14472
1.13947
1.13675
1.13593
1.13826
1.14449
1.15262
1.16064
1.16575
1.16794
1.16856
1.16879
1.16897
1.16913
1.1693
1.16949
1.16965
1.16965
1.1696
1.16968
1.16976
1.16972
1.16982
1.16979
1.16988
1.16985
1.16992
1.1699
1.16996
1.16994
1.16993
1.16996
1.17
1.17002
1.16972
1.16992
1.16811
1.16885
1.16946
1.16914
1.15906
1.16225
1.1633
1.16578
1.14564
1.1502
1.15535
1.15121
1.12361
1.12959
1.13049
1.13632
1.09164
1.09786
1.11108
1.1044
1.07263
1.07631
1.08075
1.08589
1.05485
1.05551
1.057
1.05928
1.047
1.04564
1.0447
1.0443
1.03786
1.04144
1.03575
1.0394
1.03753
1.03696
1.03344
1.03552
1.03487
1.03323
1.03321
1.03483
1.03253
1.04299
1.04849
1.03437
1.03232
1.0325
1.03605
1.10272
1.1564
1.12794
1.05679
1.07087
1.1663
1.16631
1.16639
1.16643
1.16616
1.16431
1.16013
1.15506
1.14954
1.14366
1.13912
1.13712
1.13697
1.14027
1.14682
1.1546
1.16195
1.16627
1.16804
1.16853
1.16874
1.1689
1.16906
1.16922
1.1694
1.16956
1.16969
1.16969
1.16965
1.16973
1.16981
1.16977
1.16988
1.16984
1.16994
1.16991
1.16999
1.16997
1.17004
1.17001
1.17006
1.17005
1.17007
1.17012
1.1696
1.16978
1.16995
1.16753
1.16858
1.16935
1.16894
1.1565
1.16016
1.1614
1.16441
1.14171
1.14667
1.15235
1.1478
1.11775
1.12427
1.12517
1.13155
1.08289
1.08962
1.10399
1.09671
1.06239
1.06635
1.07114
1.07668
1.04419
1.0447
1.04617
1.04843
1.03747
1.0359
1.03481
1.03431
1.03129
1.03357
1.02943
1.03145
1.03407
1.03279
1.03021
1.03137
1.03319
1.03247
1.03271
1.03287
1.03219
1.03884
1.04353
1.03306
1.03219
1.03238
1.03413
1.09067
1.16937
1.13027
1.05102
1.06355
1.16626
1.16631
1.16637
1.16597
1.16365
1.15931
1.15409
1.14852
1.14283
1.1391
1.13758
1.1382
1.14231
1.14902
1.15642
1.16305
1.1667
1.1681
1.16849
1.16868
1.16884
1.16899
1.16915
1.16932
1.16948
1.16964
1.16974
1.16973
1.16968
1.16977
1.16986
1.16982
1.16993
1.16989
1.17
1.16997
1.17006
1.17003
1.17011
1.17008
1.17014
1.17012
1.17012
1.17017
1.16956
1.16977
1.17003
1.1699
1.16667
1.16814
1.16922
1.16863
1.15365
1.15777
1.15917
1.16271
1.13743
1.14284
1.14901
1.14395
1.11127
1.11838
1.11872
1.12583
1.0727
1.07982
1.09537
1.08745
1.05156
1.05558
1.06046
1.0662
1.03412
1.03419
1.03514
1.03688
1.0297
1.02842
1.02758
1.02709
1.02928
1.02802
1.02866
1.02666
1.0324
1.03195
1.03171
1.03171
1.0329
1.03254
1.03314
1.03296
1.03255
1.03603
1.03925
1.03278
1.03258
1.03273
1.03342
1.08183
1.17057
1.13796
1.04546
1.05639
1.16624
1.16627
1.16568
1.16314
1.1585
1.15325
1.14764
1.1422
1.13917
1.13813
1.13956
1.1443
1.15101
1.15803
1.16396
1.16703
1.16812
1.16844
1.16862
1.16877
1.16892
1.16907
1.16923
1.16939
1.16955
1.16971
1.16973
1.16965
1.16977
1.16977
1.16982
1.1699
1.16986
1.16998
1.16994
1.17006
1.17002
1.17012
1.17009
1.17016
1.17014
1.17018
1.17019
1.17003
1.17012
1.17018
1.17023
1.16944
1.16972
1.16989
1.1655
1.16747
1.16899
1.16813
1.15028
1.15498
1.15638
1.16059
1.1324
1.13844
1.14497
1.13919
1.10335
1.11118
1.11022
1.11836
1.06004
1.06739
1.08416
1.07555
1.0396
1.04337
1.04794
1.05351
1.02685
1.02673
1.02676
1.02736
1.02576
1.02513
1.0247
1.02449
1.03282
1.02829
1.03252
1.02819
1.03319
1.03399
1.0351
1.03538
1.03411
1.03377
1.03647
1.0357
1.03402
1.03454
1.0369
1.03306
1.03411
1.03421
1.03362
1.07877
1.15028
1.11602
1.04167
1.05079
1.16612
1.16544
1.16243
1.15785
1.15248
1.14688
1.14187
1.13937
1.13878
1.14096
1.14617
1.15278
1.15944
1.16472
1.16727
1.16811
1.16839
1.16855
1.1687
1.16885
1.169
1.16914
1.1693
1.16945
1.1696
1.16975
1.16973
1.16969
1.16981
1.1698
1.16986
1.16995
1.1699
1.17003
1.16999
1.17011
1.17007
1.17018
1.17014
1.17024
1.17021
1.17024
1.17026
1.17002
1.17012
1.17019
1.17029
1.16928
1.16965
1.16982
1.16399
1.16652
1.16864
1.16739
1.14596
1.15148
1.15267
1.1578
1.12592
1.13288
1.13968
1.13291
1.09295
1.10171
1.0988
1.10828
1.04496
1.05205
1.06965
1.06047
1.02848
1.0306
1.03426
1.03889
1.02435
1.02411
1.02398
1.02397
1.02915
1.02864
1.02833
1.02793
1.05642
1.03229
1.05563
1.03232
1.03762
1.03751
1.05497
1.05822
1.03938
1.03729
1.04072
1.03919
1.03788
1.03464
1.03618
1.0344
1.03816
1.03829
1.03471
1.06935
1.16638
1.11025
1.03955
1.04682
1.16488
1.162
1.15714
1.15187
1.14626
1.14164
1.13964
1.13946
1.14234
1.14784
1.15432
1.16064
1.16531
1.16744
1.1681
1.16833
1.16849
1.16863
1.16877
1.16891
1.16906
1.16921
1.16935
1.1695
1.16965
1.16979
1.16977
1.16971
1.16985
1.16983
1.1699
1.16999
1.16994
1.17008
1.17003
1.17016
1.17012
1.17023
1.1702
1.17029
1.17026
1.17033
1.17031
1.16999
1.17011
1.17021
1.17022
1.1703
1.17035
1.16902
1.16952
1.16974
1.16198
1.16519
1.1681
1.16631
1.14013
1.14677
1.14764
1.15397
1.11717
1.12541
1.13254
1.12449
1.07923
1.08912
1.08395
1.09498
1.02951
1.0347
1.05201
1.04257
1.02393
1.02422
1.02483
1.02662
1.02643
1.02613
1.02471
1.02459
1.05425
1.05184
1.05171
1.05098
1.08067
1.05251
1.08055
1.05319
1.06014
1.05714
1.0815
1.08228
1.06143
1.04208
1.06227
1.05847
1.04291
1.03539
1.037
1.03842
1.04336
1.04379
1.0382
1.06089
1.1294
1.08005
1.0386
1.04368
1.16111
1.15672
1.15126
1.1458
1.14161
1.1399
1.14023
1.14364
1.14932
1.15563
1.16164
1.16577
1.16755
1.16808
1.16827
1.16842
1.16855
1.16869
1.16883
1.16896
1.16912
1.16925
1.1694
1.16954
1.1697
1.16974
1.16982
1.16979
1.16988
1.16987
1.16993
1.17003
1.16998
1.17012
1.17007
1.17021
1.17016
1.17028
1.17025
1.17034
1.17032
1.17038
1.17037
1.16994
1.17009
1.17021
1.17031
1.17036
1.16864
1.16933
1.16961
1.15923
1.16336
1.16728
1.16472
1.1324
1.14048
1.14106
1.1488
1.1055
1.11538
1.12324
1.11363
1.06213
1.07307
1.06552
1.07831
1.02234
1.02381
1.03242
1.02639
1.02352
1.02315
1.02208
1.02229
1.05001
1.04929
1.04838
1.04763
1.07839
1.07735
1.0766
1.07603
1.11473
1.07912
1.11472
1.07893
1.08387
1.08318
1.11538
1.11581
1.08532
1.0631
1.08614
1.08417
1.06354
1.03911
1.03728
1.04369
1.06391
1.06446
1.04271
1.05213
1.13291
1.06458
1.03908
1.04147
1.15595
1.15089
1.1454
1.14163
1.14026
1.14099
1.14486
1.1506
1.15673
1.16246
1.16612
1.16761
1.16803
1.16821
1.16835
1.16848
1.16861
1.16875
1.16888
1.16901
1.16916
1.16929
1.16943
1.16958
1.16973
1.16976
1.16978
1.16985
1.16982
1.16992
1.16989
1.16997
1.17006
1.17001
1.17016
1.17011
1.17025
1.17021
1.17033
1.17029
1.17041
1.17037
1.17041
1.17043
1.17044
1.16986
1.17004
1.1702
1.17031
1.17038
1.16805
1.16905
1.16941
1.1554
1.16074
1.16602
1.16239
1.12267
1.13247
1.133
1.14223
1.09069
1.10249
1.11179
1.10024
1.04188
1.05352
1.04338
1.0576
1.02089
1.02085
1.022
1.0201
1.04518
1.02674
1.02169
1.02213
1.0751
1.07431
1.07333
1.07254
1.11312
1.11238
1.1119
1.11153
1.14879
1.11359
1.14866
1.11345
1.1168
1.11645
1.14906
1.14921
1.11771
1.08712
1.11818
1.11698
1.08766
1.0385
1.03998
1.06451
1.08806
1.08867
1.06478
1.04624
1.12757
1.05777
1.03912
1.04124
1.15032
1.14517
1.14173
1.14057
1.14182
1.14596
1.1517
1.15763
1.16312
1.16637
1.16762
1.16799
1.16815
1.16828
1.16841
1.16853
1.16865
1.16879
1.16892
1.16904
1.16918
1.16932
1.16946
1.16961
1.16975
1.1698
1.16982
1.16984
1.16987
1.16995
1.16992
1.17
1.1701
1.17005
1.1702
1.17015
1.17029
1.17025
1.17038
1.17034
1.17046
1.17042
1.17044
1.17045
1.17049
1.16974
1.16998
1.17017
1.17031
1.1704
1.16714
1.16864
1.16911
1.15032
1.15709
1.16411
1.15912
1.11105
1.12281
1.12366
1.13442
1.07232
1.08653
1.09821
1.08381
1.0247
1.03166
1.02423
1.03363
1.04099
1.0223
1.01922
1.01881
1.07136
1.04252
1.04398
1.0434
1.11091
1.1104
1.10981
1.10934
1.1482
1.1479
1.14779
1.14757
1.14842
1.14836
1.14967
1.14952
1.14998
1.11879
1.15018
1.14972
1.11915
1.04434
1.06526
1.03922
1.08863
1.11941
1.11988
1.08881
1.04372
0.869491
1.04407
1.04091
1.04141
1.14492
1.14185
1.14104
1.14254
1.14697
1.15263
1.15839
1.16363
1.16654
1.16762
1.16793
1.16808
1.16821
1.16833
1.16845
1.16857
1.16869
1.16882
1.16895
1.16907
1.16921
1.16934
1.16948
1.16963
1.16977
1.16983
1.16985
1.16986
1.16988
1.1699
1.16998
1.16995
1.17003
1.17013
1.17008
1.17023
1.17018
1.17033
1.17028
1.17042
1.17038
1.1705
1.17046
1.17046
1.17047
1.17052
1.17049
1.17053
1.16957
1.16988
1.17012
1.17029
1.17041
1.16574
1.168
1.16867
1.14404
1.15231
1.16138
1.15487
1.09753
1.11165
1.11318
1.12563
1.04958
1.06662
1.08204
1.06296
1.01841
1.02053
1.01681
1.01986
1.06695
1.03914
1.0206
1.0387
1.10863
1.06963
1.06946
1.06844
1.14739
1.14712
1.14694
1.14662
1.15039
1.15057
1.06442
1.08894
1.0455
1.06507
1.11986
1.15068
1.15083
1.12002
1.04189
0.507104
1.01518
1.04254
1.04139
1.14216
1.14134
1.1434
1.14782
1.15343
1.15899
1.16401
1.16666
1.1676
1.16787
1.16801
1.16813
1.16825
1.16837
1.16848
1.1686
1.16871
1.16884
1.16897
1.16909
1.16922
1.16936
1.16949
1.16964
1.16978
1.16986
1.16988
1.16989
1.16991
1.16991
1.16994
1.17
1.16997
1.17006
1.17016
1.17011
1.17027
1.17021
1.17037
1.17032
1.17046
1.17042
1.17055
1.17054
1.17051
1.17048
1.17053
1.17055
1.1693
1.16973
1.17004
1.17026
1.17041
1.16368
1.16702
1.16804
1.13679
1.14654
1.15784
1.14982
1.08163
1.09879
1.10134
1.11597
1.02674
1.04257
1.06123
1.03789
1.01708
1.01739
1.01514
1.01533
1.10548
1.066
1.03674
1.06464
1.1464
1.10741
1.10723
1.10654
1.08861
1.12007
1.06352
1.08887
1.15087
1.15095
1.04152
0.438363
0.944781
1.04195
1.06698
1.0442
1.142
1.14392
1.14867
1.15406
1.15949
1.16429
1.16674
1.16757
1.16781
1.16794
1.16806
1.16817
1.16829
1.1684
1.16851
1.16863
1.16873
1.16885
1.16897
1.1691
1.16923
1.16937
1.16949
1.16964
1.16978
1.16988
1.16989
1.16992
1.16993
1.16995
1.16997
1.16999
1.17002
1.17008
1.17019
1.17013
1.1703
1.17024
1.1704
1.17035
1.1705
1.17045
1.1706
1.17059
1.17057
1.17055
1.1705
1.17054
1.17058
1.16892
1.16951
1.16993
1.17022
1.17041
1.16097
1.16557
1.16717
1.12879
1.14001
1.15366
1.14418
1.06103
1.08349
1.08737
1.10525
1.01671
1.02269
1.03567
1.02022
1.03632
1.01813
1.03431
1.01476
1.14529
1.10514
1.06371
1.10399
1.14597
1.1459
1.14551
1.11988
1.15097
1.08868
1.12003
1.03815
0.374362
0.854689
1.05125
1.06735
1.08961
1.0473
1.14494
1.14922
1.15466
1.15986
1.1645
1.16678
1.16753
1.16775
1.16788
1.16799
1.1681
1.1682
1.16831
1.16842
1.16853
1.16865
1.16875
1.16886
1.16897
1.1691
1.16924
1.16938
1.16949
1.16963
1.16978
1.16989
1.16989
1.16994
1.16995
1.16998
1.17
1.17001
1.17003
1.17005
1.17011
1.17022
1.17016
1.17032
1.17027
1.17043
1.17038
1.17053
1.17048
1.17061
1.17063
1.17064
1.1706
1.17059
1.17058
1.17051
1.17057
1.1684
1.16923
1.16979
1.17016
1.1704
1.15777
1.16363
1.16601
1.12013
1.13292
1.14898
1.13803
1.03546
1.0633
1.06854
1.09291
1.01385
1.01465
1.01887
1.01307
1.06249
1.03484
1.03046
1.06023
1.14517
1.10348
1.1448
1.15094
1.12001
1.15094
1.03155
0.357993
0.646666
1.0672
1.09022
1.12048
1.04763
1.07156
1.15009
1.15505
1.16021
1.16464
1.1668
1.16749
1.16768
1.16781
1.16792
1.16801
1.16813
1.16822
1.16833
1.16844
1.16853
1.16867
1.16877
1.16887
1.16899
1.16911
1.16925
1.16938
1.16949
1.16962
1.16977
1.16989
1.16989
1.16996
1.16996
1.17001
1.17002
1.17004
1.17006
1.17007
1.17009
1.17013
1.17024
1.17018
1.17035
1.1703
1.17046
1.17041
1.17057
1.17052
1.17061
1.17063
1.17065
1.17065
1.17062
1.17058
1.17062
1.17052
1.16773
1.16886
1.16961
1.17009
1.17039
1.15423
1.16125
1.16454
1.11062
1.12524
1.14391
1.13141
1.01833
1.03766
1.04354
1.07647
1.01348
1.01241
1.01173
1.01097
1.10255
1.06143
1.03056
1.05901
1.10112
1.14453
1.15095
1.00317
0.349097
0.50207
1.09155
1.1208
1.151
1.04598
1.07214
1.09278
1.15563
1.16042
1.16479
1.16681
1.16744
1.16763
1.16774
1.16785
1.16795
1.16804
1.16815
1.16823
1.16834
1.16845
1.16855
1.16868
1.16881
1.1689
1.16903
1.16913
1.16927
1.16939
1.16952
1.16964
1.16978
1.16989
1.16989
1.16996
1.16997
1.17002
1.17003
1.17007
1.17008
1.1701
1.17012
1.17015
1.17026
1.1702
1.17037
1.17032
1.17049
1.17043
1.1706
1.17054
1.1706
1.17062
1.17065
1.17067
1.17067
1.17065
1.17052
1.17065
1.17066
1.16689
1.16843
1.16941
1.17001
1.17037
1.15039
1.15854
1.16274
1.10004
1.11694
1.13837
1.12423
1.01068
1.01899
1.02235
1.05373
1.01207
1.00947
1.01062
1.14421
1.10191
1.05784
1.02897
1.10033
1.14362
0.936155
0.34517
0.466413
1.12161
1.15103
1.04175
1.07112
1.09342
1.12219
1.16081
1.16486
1.16681
1.16739
1.16756
1.16767
1.16777
1.16788
1.16797
1.16806
1.16816
1.16824
1.16835
1.16845
1.16858
1.16868
1.16882
1.16891
1.16905
1.16916
1.16929
1.1694
1.16952
1.16964
1.16977
1.16989
1.16989
1.16997
1.16996
1.17003
1.17003
1.17009
1.1701
1.17013
1.17015
1.17016
1.17018
1.17028
1.17022
1.1704
1.17034
1.17051
1.17045
1.17062
1.17057
1.17053
1.17054
1.17063
1.17067
1.17069
1.17069
1.17068
1.17068
1.17069
1.1659
1.16792
1.16917
1.16992
1.17035
1.14624
1.15568
1.16071
1.0865
1.1079
1.13226
1.11654
1.00802
1.01016
1.01102
1.03079
1.00906
1.02752
1.14392
1.09942
1.05637
1.14334
0.839377
0.343039
0.458505
1.15123
1.01855
1.06648
1.09293
1.12237
1.15134
1.16504
1.16681
1.16733
1.16751
1.1676
1.16769
1.16779
1.16789
1.16799
1.16807
1.16816
1.16824
1.16836
1.16845
1.16859
1.16868
1.1688
1.1689
1.16905
1.16917
1.16929
1.1694
1.16952
1.16964
1.16977
1.16988
1.16988
1.16997
1.16996
1.17002
1.17003
1.1701
1.1701
1.17015
1.17016
1.1702
1.17021
1.17024
1.1703
1.17041
1.17036
1.17053
1.17047
1.17065
1.17059
1.17034
1.17055
1.17065
1.17069
1.17071
1.17071
1.1707
1.17071
1.17072
1.17072
1.16479
1.16734
1.16892
1.16983
1.14167
1.15262
1.15855
1.06796
1.09734
1.1255
1.10803
1.00751
1.00662
1.0059
1.01538
1.02572
1.05491
1.14299
1.09842
0.881959
0.341353
0.438042
1.02543
1.06182
1.09082
1.12189
1.15145
1.1668
1.16729
1.16743
1.16755
1.16762
1.1677
1.1678
1.1679
1.16799
1.16809
1.16818
1.16826
1.16837
1.16847
1.1686
1.1687
1.16881
1.1689
1.16906
1.16916
1.1693
1.1694
1.16951
1.16962
1.16989
1.16974
1.16995
1.16993
1.17003
1.17003
1.1701
1.1701
1.17017
1.17017
1.17022
1.17023
1.17025
1.17027
1.17032
1.17043
1.17038
1.17055
1.17049
1.17067
1.17061
1.17032
1.17056
1.17066
1.17071
1.17073
1.17072
1.17073
1.17074
1.17074
1.17075
1.17074
1.16349
1.16672
1.16865
1.16974
1.13646
1.1493
1.15623
1.04527
1.08308
1.11812
1.09772
1.02423
1.00597
1.00398
1.00669
1.05294
1.09745
1.14259
0.857891
0.338983
0.410099
1.0551
1.08935
1.1208
1.15132
1.16721
1.16738
1.16746
1.16757
1.16763
1.16771
1.16781
1.1679
1.168
1.16809
1.1682
1.16828
1.1684
1.16848
1.16861
1.16872
1.16881
1.16891
1.16906
1.16914
1.16928
1.16939
1.16951
1.16961
1.16989
1.17002
1.17
1.16973
1.17004
1.17003
1.17011
1.17011
1.17017
1.17018
1.17023
1.17024
1.17028
1.17029
1.17033
1.17045
1.17039
1.17057
1.17051
1.17068
1.17063
1.17031
1.17057
1.17068
1.17073
1.17074
1.17075
1.17076
1.17076
1.17077
1.17076
1.17077
1.17074
1.16206
1.16603
1.16836
1.16965
1.13061
1.14566
1.15369
1.02461
1.06555
1.10994
1.08471
1.05124
1.02264
1.0051
1.00335
1.00239
1.09603
1.14217
0.852486
1.04204
0.336315
0.381303
1.08475
1.12046
1.15101
1.16728
1.16739
1.16747
1.16758
1.16764
1.16771
1.16781
1.1679
1.168
1.16809
1.1682
1.16828
1.1684
1.16847
1.1686
1.16871
1.16881
1.16891
1.16904
1.16915
1.16928
1.16938
1.1695
1.1696
1.16987
1.17
1.16999
1.17009
1.17007
1.16971
1.1701
1.1701
1.17017
1.17017
1.17024
1.17024
1.1703
1.1703
1.17034
1.17035
1.17046
1.1704
1.17058
1.17052
1.1707
1.17065
1.1703
1.17059
1.17071
1.17076
1.17077
1.17078
1.17078
1.17079
1.17079
1.1708
1.17076
1.17078
1.17072
1.16053
1.16528
1.16806
1.16957
1.12412
1.14149
1.1509
1.01088
1.04361
1.10078
1.06936
1.09492
1.04949
1.0181
1.01924
1.00135
1.14168
0.739998
1.03098
1.08254
0.334536
0.365402
1.11855
1.15094
1.16731
1.1674
1.1675
1.16757
1.16767
1.16773
1.16782
1.16791
1.16801
1.16809
1.1682
1.16827
1.16836
1.16847
1.16857
1.16869
1.16878
1.1689
1.16901
1.1691
1.16926
1.16936
1.16948
1.16959
1.16998
1.16985
1.17005
1.17003
1.17016
1.17016
1.16969
1.17017
1.17017
1.17024
1.17024
1.1703
1.1703
1.17035
1.17036
1.17041
1.17047
1.17059
1.17053
1.17071
1.17066
1.1703
1.17061
1.17077
1.17079
1.1708
1.1708
1.17081
1.17081
1.17083
1.17079
1.17081
1.17075
1.17076
1.17063
1.15885
1.16448
1.16776
1.16949
1.11692
1.13685
1.14784
1.00297
1.02521
1.08996
1.0526
1.14122
1.09385
1.04784
1.01711
1.04681
1.00013
0.823261
0.592373
1.07858
0.981527
1.11752
0.332835
0.357665
1.15044
1.16733
1.16741
1.16751
1.16757
1.16767
1.16775
1.16783
1.16791
1.168
1.16807
1.16818
1.16826
1.16834
1.16846
1.16855
1.16868
1.16875
1.16887
1.169
1.16907
1.16923
1.16934
1.16946
1.16957
1.16996
1.17011
1.17009
1.16983
1.17014
1.17013
1.17023
1.17022
1.16966
1.17024
1.17024
1.1703
1.1703
1.17036
1.17036
1.17042
1.17042
1.17048
1.1706
1.17054
1.17072
1.17067
1.1703
1.17078
1.17081
1.17082
1.17081
1.17082
1.17084
1.17085
1.17082
1.17084
1.17078
1.1708
1.17065
1.17067
1.17031
1.15705
1.16362
1.16746
1.16943
1.10917
1.13178
1.14453
0.999134
1.01114
1.07826
1.03637
1.1407
1.09271
1.04437
1.01262
1.09202
0.766919
0.527556
1.11626
1.06245
0.940972
1.15016
0.331772
0.352665
1.16734
1.16744
1.16753
1.16758
1.16765
1.16774
1.16783
1.1679
1.16797
1.16805
1.16815
1.16823
1.16833
1.16841
1.16852
1.16866
1.16874
1.16884
1.16896
1.16905
1.16921
1.1693
1.16943
1.16951
1.16995
1.17009
1.17007
1.17019
1.17018
1.1698
1.17021
1.1702
1.17029
1.17028
1.16963
1.17029
1.1703
1.17036
1.17036
1.17043
1.17043
1.17048
1.1706
1.17055
1.17073
1.17067
1.17078
1.17082
1.17083
1.17083
1.17083
1.17085
1.17086
1.17085
1.17087
1.17082
1.17084
1.17069
1.17072
1.17033
1.17035
1.16939
1.15511
1.16277
1.16718
1.10096
1.12638
1.14108
0.997953
1.00285
1.06605
1.02378
1.14036
1.09018
1.0431
1.01312
1.14
0.732567
0.490652
1.14988
1.11123
1.04726
0.918955
0.331592
0.351983
1.16735
1.16743
1.16751
1.16758
1.16765
1.16773
1.16779
1.16789
1.16794
1.16802
1.16812
1.1682
1.1683
1.16838
1.16847
1.16858
1.16868
1.16881
1.16893
1.169
1.16913
1.16924
1.16941
1.16946
1.17008
1.16993
1.17014
1.17012
1.17026
1.17024
1.16977
1.17028
1.17027
1.17036
1.17037
1.1696
1.17036
1.17036
1.17043
1.17042
1.17049
1.17049
1.17061
1.17055
1.17074
1.17068
1.17085
1.17079
1.17084
1.17084
1.17086
1.17086
1.17088
1.17089
1.17085
1.17087
1.17075
1.17078
1.17038
1.17043
1.16937
1.16937
1.16694
1.15323
1.16195
1.09252
1.12085
1.13772
0.996487
0.997196
1.0543
1.01272
1.13946
1.0895
1.04154
1.01144
0.70783
0.463832
1.14847
1.10766
1.03635
0.913059
0.333031
0.356361
1.16734
1.16743
1.16751
1.16757
1.16762
1.1677
1.16776
1.16786
1.16791
1.168
1.16806
1.16816
1.16826
1.16834
1.16846
1.16854
1.16863
1.16872
1.16887
1.16897
1.16907
1.16917
1.16933
1.16939
1.17007
1.17018
1.17017
1.16991
1.17023
1.17021
1.17032
1.17031
1.16972
1.17036
1.17033
1.17042
1.17041
1.16952
1.17042
1.17041
1.17049
1.17049
1.17056
1.17061
1.17074
1.17068
1.17085
1.17088
1.17088
1.17079
1.17087
1.17087
1.1709
1.1709
1.17089
1.1709
1.17082
1.17085
1.17049
1.17057
1.16942
1.16951
1.16681
1.16675
1.16126
1.15147
1.08439
1.11545
1.13465
0.995158
0.993578
1.04366
1.00477
1.13904
1.08832
1.04014
1.00978
0.688564
0.447312
1.14778
1.10395
1.02904
0.910508
0.340851
0.375685
1.16734
1.16742
1.16747
1.16754
1.1676
1.16766
1.16773
1.1678
1.16786
1.16797
1.16802
1.16811
1.16819
1.16829
1.1684
1.16848
1.1686
1.16868
1.1688
1.16892
1.16901
1.16914
1.16924
1.16935
1.17017
1.17004
1.17026
1.17022
1.16988
1.1703
1.17028
1.17039
1.17038
1.16968
1.17042
1.17041
1.17047
1.17048
1.16945
1.17049
1.17048
1.17056
1.17056
1.17061
1.17074
1.17068
1.17089
1.17085
1.1709
1.1709
1.1709
1.17079
1.1709
1.1709
1.17092
1.17093
1.17088
1.1709
1.17065
1.17072
1.16967
1.16985
1.16678
1.16699
1.16078
1.16056
1.15
1.07737
1.1106
1.13211
0.992005
1.03571
0.999738
1.13862
1.0871
1.03892
1.00892
0.693024
0.438726
1.14695
1.10058
1.02411
0.912486
0.615847
0.701808
1.16729
1.16738
1.16744
1.1675
1.16758
1.16761
1.16769
1.16775
1.16781
1.1679
1.16797
1.16805
1.16814
1.16823
1.16835
1.16843
1.16853
1.16865
1.16874
1.16887
1.16895
1.16907
1.16917
1.16928
1.17016
1.17028
1.17026
1.17001
1.17032
1.17031
1.16982
1.17037
1.17034
1.17045
1.17044
1.16963
1.17047
1.17046
1.17055
1.17054
1.16938
1.17056
1.17055
1.17061
1.17074
1.17067
1.1709
1.17085
1.17091
1.17091
1.17094
1.17094
1.17079
1.17094
1.17094
1.17092
1.17093
1.17079
1.17085
1.17007
1.17028
1.16733
1.16779
1.16052
1.1609
1.14896
1.14848
1.07199
1.10664
1.13023
0.989931
1.03001
0.996121
1.13807
1.08642
1.03713
1.00715
0.650682
0.447646
1.14602
1.09774
1.02137
0.897246
1.17354
1.0326
1.16728
1.16734
1.16741
1.16744
1.16752
1.16759
1.16764
1.1677
1.16778
1.16784
1.16792
1.168
1.1681
1.16817
1.16828
1.16837
1.16846
1.16856
1.16866
1.16877
1.16889
1.169
1.1691
1.1692
1.17027
1.17013
1.17035
1.17033
1.16998
1.17039
1.17038
1.16978
1.17043
1.17041
1.17052
1.1705
1.16956
1.17053
1.17053
1.17061
1.17061
1.1693
1.17061
1.17061
1.17074
1.17067
1.17094
1.17091
1.17085
1.17094
1.17094
1.17094
1.17097
1.17097
1.17079
1.17095
1.17096
1.1709
1.17092
1.17048
1.17064
1.16833
1.1689
1.16162
1.1626
1.14835
1.14876
1.12931
1.06817
1.10371
0.988366
1.02622
0.99417
1.13792
1.08509
1.0355
1.00555
0.746784
0.60724
0.473503
1.1451
1.09547
1.01463
0.909543
1.17123
1.09974
1.16723
1.16728
1.16735
1.1674
1.16746
1.16752
1.16761
1.16766
1.16773
1.16778
1.16786
1.16794
1.16803
1.16811
1.16822
1.16831
1.16842
1.16849
1.16861
1.1687
1.16881
1.16891
1.16902
1.16911
1.17026
1.17038
1.17036
1.17011
1.17043
1.17039
1.16994
1.17047
1.17044
1.16973
1.17049
1.17047
1.17058
1.17057
1.16948
1.1706
1.17059
1.17066
1.17065
1.16922
1.17066
1.17074
1.17097
1.17091
1.17095
1.17095
1.17085
1.17097
1.17096
1.17097
1.17099
1.17098
1.17079
1.17095
1.17097
1.17077
1.17085
1.16946
1.16992
1.16382
1.16515
1.15
1.15164
1.12898
1.12905
1.10199
1.06577
0.987122
1.02371
0.992666
1.13724
1.08388
1.03404
1.00413
0.723387
0.553299
0.554514
1.14422
1.09154
1.0148
0.910688
1.17118
1.12895
1.16719
1.16724
1.16729
1.16736
1.16741
1.16744
1.16751
1.16759
1.16766
1.16773
1.1678
1.16789
1.16797
1.16804
1.16814
1.16824
1.16833
1.16843
1.16853
1.16862
1.16872
1.16883
1.16893
1.16902
1.17036
1.17023
1.17044
1.17041
1.17007
1.17049
1.17048
1.16988
1.17053
1.17051
1.16964
1.17055
1.17055
1.17065
1.17063
1.16941
1.17064
1.17064
1.17073
1.17073
1.16912
1.171
1.17096
1.17091
1.17096
1.17096
1.17085
1.17101
1.171
1.17101
1.171
1.17098
1.17079
1.17091
1.17095
1.17031
1.17057
1.16652
1.16775
1.15388
1.15643
1.13057
1.13271
1.10125
1.10097
1.06453
0.985237
1.02208
0.991647
1.13684
1.08295
1.03272
0.999553
0.730324
0.556682
0.793063
1.14287
1.09009
1.01203
0.895511
1.17193
1.16496
1.16713
1.16721
1.16723
1.16731
1.16735
1.1674
1.16748
1.16754
1.1676
1.16767
1.16774
1.16783
1.1679
1.16799
1.16806
1.16818
1.16826
1.16836
1.16846
1.16854
1.16864
1.16874
1.16883
1.16892
1.17035
1.17047
1.17045
1.17019
1.17053
1.17048
1.17004
1.17055
1.17054
1.16985
1.17059
1.17058
1.16959
1.17063
1.1706
1.1707
1.1707
1.16932
1.17072
1.17072
1.17078
1.16902
1.17101
1.17096
1.17099
1.17099
1.1709
1.171
1.171
1.17084
1.17103
1.17103
1.17103
1.17098
1.17093
1.17075
1.17086
1.16882
1.16962
1.15924
1.16201
1.13581
1.13967
1.10185
1.10417
1.06381
0.984848
1.02075
0.990517
1.13627
1.08212
1.02975
0.999926
0.670603
0.582982
1.03796
1.14221
1.08788
1.00455
0.733308
0.893194
1.17201
1.17052
1.16708
1.16715
1.16718
1.16726
1.1673
1.16735
1.16743
1.16749
1.16756
1.16762
1.16769
1.16779
1.16784
1.16792
1.16799
1.16813
1.16819
1.16828
1.1684
1.16846
1.16856
1.16864
1.16875
1.16883
1.17045
1.17033
1.17053
1.17049
1.17016
1.17059
1.17057
1.16998
1.17063
1.17061
1.16976
1.17066
1.17063
1.16949
1.17068
1.17067
1.17078
1.17076
1.16923
1.17077
1.17077
1.17083
1.16889
1.17101
1.171
1.17095
1.171
1.17102
1.17102
1.1709
1.17103
1.17103
1.17105
1.17106
1.17103
1.17089
1.17075
1.17018
1.17054
1.16456
1.1667
1.14423
1.14921
1.10741
1.11213
1.0636
1.06505
0.983173
1.01976
0.9896
1.13589
1.07958
1.02839
0.998776
0.615453
0.685951
1.13762
1.14148
1.08329
0.999661
0.719254
0.868477
1.17204
1.1717
1.16704
1.16709
1.16714
1.1672
1.16726
1.16732
1.16738
1.16744
1.16752
1.16756
1.16762
1.16773
1.16779
1.16787
1.16792
1.16804
1.16811
1.16819
1.16831
1.16837
1.16847
1.16854
1.16865
1.16872
1.17043
1.17056
1.17054
1.17029
1.1706
1.17059
1.17011
1.17064
1.17063
1.16992
1.17068
1.17066
1.16968
1.17071
1.17069
1.16943
1.17074
1.17074
1.17081
1.17081
1.16912
1.17082
1.17081
1.17089
1.16882
1.17096
1.17101
1.17095
1.17101
1.17101
1.17105
1.17106
1.17106
1.17106
1.17104
1.17106
1.17101
1.17055
1.17012
1.16832
1.16945
1.15425
1.15899
1.11803
1.12531
1.06788
1.07225
1.01924
0.982735
0.988833
1.13517
1.07854
1.02748
0.997453
0.626176
0.935131
1.16444
1.14007
1.08019
0.986552
0.664966
0.702852
0.864888
1.17205
1.17193
1.167
1.16705
1.1671
1.16718
1.16722
1.16727
1.16733
1.16739
1.16747
1.16753
1.16759
1.16767
1.16773
1.16782
1.16789
1.16797
1.16804
1.16813
1.16822
1.16831
1.16839
1.16847
1.16856
1.16865
1.17054
1.17041
1.17062
1.17059
1.17024
1.17067
1.17065
1.17006
1.17071
1.17069
1.16986
1.17075
1.17074
1.1696
1.17078
1.17077
1.16937
1.17081
1.17079
1.17086
1.17086
1.16901
1.17089
1.17087
1.17094
1.16871
1.17078
1.17105
1.171
1.17104
1.17104
1.17104
1.17108
1.17108
1.17107
1.17108
1.17101
1.17105
1.17092
1.16944
1.1681
1.16297
1.16607
1.13339
1.14193
1.07842
1.087
1.02006
1.02275
0.981501
0.98835
1.13486
1.07792
1.02589
0.996244
0.674401
1.08633
1.17061
1.13906
1.07368
0.981394
0.667297
0.687265
0.852413
1.17206
1.17198
1.16696
1.16702
1.16705
1.16713
1.16717
1.16725
1.1673
1.16737
1.16743
1.16751
1.16756
1.16763
1.1677
1.16777
1.16785
1.16793
1.168
1.16809
1.16817
1.16825
1.16832
1.1684
1.16848
1.16855
1.17052
1.17064
1.17063
1.17038
1.17069
1.17066
1.1702
1.17073
1.17071
1.17
1.17076
1.17074
1.16978
1.17079
1.17078
1.1695
1.17083
1.17081
1.16924
1.17085
1.17084
1.17092
1.1709
1.16891
1.17093
1.17093
1.171
1.16865
1.17016
1.17108
1.17104
1.17104
1.17107
1.17106
1.17107
1.17111
1.1711
1.17107
1.1711
1.17084
1.17099
1.17058
1.16602
1.16221
1.14991
1.15702
1.09776
1.11058
1.02655
1.03406
0.988257
0.981131
1.13446
1.07677
1.02453
0.994816
0.852625
1.15038
1.17172
1.13707
1.07046
0.971114
0.693753
0.688772
0.697553
0.840122
1.17206
1.172
1.16692
1.16698
1.16704
1.16709
1.16714
1.1672
1.16726
1.16734
1.16739
1.16747
1.16754
1.1676
1.16768
1.16775
1.16782
1.16789
1.16797
1.16805
1.16812
1.16818
1.16826
1.16835
1.16842
1.1685
1.17063
1.17049
1.17069
1.17067
1.17033
1.17075
1.17072
1.17015
1.17079
1.17077
1.16994
1.17082
1.17081
1.16971
1.17085
1.17083
1.16941
1.17088
1.17086
1.1691
1.1709
1.17089
1.17096
1.17095
1.16881
1.17099
1.17098
1.17105
1.16857
1.16823
1.1711
1.17105
1.17105
1.1711
1.17109
1.1711
1.17112
1.17111
1.17105
1.1711
1.17031
1.17075
1.16952
1.1564
1.14779
1.12346
1.13661
1.04521
1.06203
0.988911
0.990553
0.979811
1.13399
1.07584
1.02287
0.990297
1.04099
1.16812
1.1719
1.13595
1.06453
0.959544
0.809381
0.712206
0.701135
0.709149
0.831836
1.17207
1.17201
1.16689
1.16695
1.16701
1.16707
1.16713
1.16718
1.16724
1.16731
1.16739
1.16745
1.16752
1.16759
1.16766
1.16773
1.1678
1.16787
1.16795
1.16802
1.16809
1.16816
1.16824
1.1683
1.16838
1.16845
1.17074
1.17061
1.17045
1.17077
1.17074
1.17028
1.1708
1.17078
1.17009
1.17084
1.17082
1.16986
1.17087
1.17085
1.1696
1.1709
1.17089
1.1693
1.17092
1.17091
1.169
1.17095
1.17094
1.17102
1.17101
1.16872
1.17104
1.17103
1.17107
1.17107
1.16852
1.16282
1.17113
1.17108
1.17108
1.17112
1.17112
1.17112
1.17113
1.17112
1.17096
1.17106
1.1687
1.16996
1.16647
1.13433
1.11854
1.07926
1.09826
0.994729
1.0036
0.97992
0.979179
1.13337
1.07487
1.01953
0.990619
1.13557
1.17135
1.17194
1.13394
1.05753
0.949548
1.01674
0.806348
0.726057
0.713581
0.720878
0.82871
1.17207
1.17202
1.16686
1.16693
1.16698
1.16705
1.16711
1.16717
1.16724
1.16731
1.16738
1.16745
1.16752
1.16759
1.16766
1.16773
1.1678
1.16787
1.16794
1.16801
1.16808
1.16815
1.16822
1.16829
1.16836
1.16843
1.17072
1.17078
1.17084
1.17083
1.17056
1.17041
1.17081
1.17023
1.17086
1.17084
1.17002
1.17089
1.17087
1.16979
1.17092
1.1709
1.16952
1.17094
1.17093
1.16919
1.17099
1.17096
1.16889
1.17099
1.17099
1.17107
1.17106
1.16864
1.17108
1.17107
1.17109
1.1711
1.1685
1.14902
1.17114
1.17111
1.17111
1.17115
1.17114
1.17115
1.17112
1.17109
1.17066
1.17085
1.16424
1.16748
1.15849
1.09299
1.06807
1.02001
1.03888
0.979273
0.979095
0.989148
1.13296
1.072
1.01812
1.16482
1.17182
1.17196
1.13153
1.05101
0.94169
1.12575
1.00981
0.821893
0.741406
0.726044
0.732568
0.824768
1.17207
1.17203
1.16685
1.16691
1.16698
1.16705
1.16711
1.16718
1.16725
1.16732
1.16739
1.16746
1.16753
1.1676
1.16767
1.16774
1.16781
1.16788
1.16794
1.16801
1.16808
1.16815
1.16822
1.16829
1.16836
1.16843
1.17083
1.17071
1.17087
1.17089
1.17086
1.17054
1.17036
1.17089
1.17018
1.17091
1.1709
1.16995
1.17094
1.17092
1.16969
1.17096
1.17095
1.1694
1.17101
1.17098
1.16908
1.17102
1.17101
1.16879
1.17106
1.17104
1.17111
1.1711
1.1686
1.17111
1.17111
1.17112
1.17112
1.17113
1.1685
1.11976
1.17115
1.17114
1.17113
1.17117
1.17116
1.17116
1.17105
1.17093
1.16975
1.17025
1.15265
1.16086
1.13943
1.03137
1.0027
0.983039
0.989115
0.987241
0.976505
1.01683
1.13218
1.07098
1.17077
1.1719
1.17198
1.12915
1.04499
0.933429
1.16204
1.12158
1.01743
0.846423
0.758184
0.738582
0.743922
0.826801
1.17208
1.17203
1.16685
1.16691
1.16699
1.16705
1.16712
1.1672
1.16727
1.16734
1.16741
1.16749
1.16755
1.16763
1.16769
1.16777
1.16783
1.1679
1.16797
1.16804
1.16811
1.16818
1.16825
1.16832
1.16838
1.16846
1.17092
1.1708
1.17066
1.17091
1.17094
1.17092
1.17049
1.17032
1.17092
1.17011
1.17096
1.17094
1.16988
1.17098
1.17097
1.16959
1.17103
1.17101
1.16928
1.17105
1.17103
1.16897
1.17107
1.17106
1.16872
1.17109
1.17108
1.17115
1.17114
1.16857
1.17114
1.17113
1.17114
1.17115
1.17114
1.17115
1.16853
1.06507
1.17112
1.17116
1.17116
1.17118
1.17119
1.17117
1.17083
1.17028
1.16706
1.16877
1.12648
1.14646
1.10217
0.983392
0.975608
0.975473
0.975674
0.983228
1.01449
1.0702
1.13178
1.17172
1.17193
1.17199
1.12681
1.03846
0.928462
1.17023
1.16081
1.12413
1.03317
0.875926
0.775892
0.751057
0.755721
0.823623
1.17208
1.17204
1.16685
1.16693
1.167
1.16707
1.16715
1.16723
1.1673
1.16738
1.16746
1.16752
1.16759
1.16767
1.16774
1.16782
1.16788
1.16795
1.16802
1.16809
1.16816
1.16823
1.1683
1.16837
1.16845
1.16852
1.17101
1.17091
1.17096
1.17076
1.17063
1.17095
1.17098
1.17045
1.17026
1.17097
1.17004
1.171
1.17099
1.16979
1.17104
1.17102
1.16949
1.17107
1.17106
1.16916
1.17109
1.17109
1.16887
1.17112
1.17111
1.16867
1.17113
1.17113
1.17118
1.17118
1.17116
1.17119
1.16858
1.17116
1.17116
1.17117
1.17117
1.17118
1.16859
0.998823
1.17103
1.17118
1.17118
1.17118
1.1712
1.17116
1.1702
1.1682
1.15942
1.16521
1.0792
1.11657
1.0395
0.971709
0.972213
0.982433
0.980825
1.01174
1.06833
1.13126
1.17186
1.17194
1.172
1.12425
1.03338
0.921929
1.17161
1.16997
1.16128
1.13101
1.05244
0.910369
0.797082
0.76465
0.76809
0.835076
1.17208
1.17204
1.16686
1.16694
1.16703
1.16711
1.16719
1.16726
1.16734
1.16743
1.16751
1.16757
1.16765
1.16773
1.1678
1.16787
1.16793
1.16802
1.1681
1.16816
1.16823
1.16831
1.16837
1.16844
1.16853
1.1686
1.171
1.17102
1.17106
1.1711
1.17109
1.17088
1.17073
1.17057
1.17101
1.17104
1.1704
1.17019
1.17102
1.16997
1.17105
1.17104
1.16969
1.17108
1.17107
1.16934
1.1711
1.17109
1.16905
1.17114
1.17112
1.1688
1.17116
1.17114
1.16865
1.17117
1.17117
1.1712
1.17119
1.17119
1.17121
1.16861
1.17118
1.17118
1.1712
1.17119
1.1712
1.16869
0.971763
1.17075
1.1712
1.1712
1.17117
1.17121
1.1711
1.16843
1.16347
1.14073
1.1561
1.00967
1.05844
0.984024
0.975378
0.977256
1.00998
1.00804
1.06649
1.13071
1.1719
1.17196
1.17201
1.12202
1.02776
0.921817
1.17183
1.17156
1.17002
1.16321
1.13883
1.07385
0.958046
0.826281
0.78106
0.780471
0.832026
1.17208
1.17205
1.16689
1.16698
1.16707
1.16715
1.16724
1.16732
1.1674
1.1675
1.16757
1.16765
1.16773
1.16779
1.16788
1.16795
1.16805
1.1681
1.16817
1.16825
1.16832
1.1684
1.16848
1.16855
1.16863
1.16872
1.17109
1.17098
1.17108
1.17112
1.17114
1.17112
1.17083
1.1707
1.17053
1.17105
1.17035
1.17013
1.17106
1.16987
1.1711
1.17108
1.16955
1.17112
1.17112
1.16924
1.17116
1.17114
1.16895
1.17118
1.17116
1.16875
1.1712
1.17119
1.16865
1.17121
1.1712
1.17121
1.17122
1.17122
1.17123
1.17125
1.17124
1.16867
1.17121
1.1712
1.17121
1.17121
1.17122
1.1688
0.967784
1.17
1.17122
1.17122
1.17112
1.1712
1.1709
1.16385
1.15299
1.10433
1.13609
0.973762
0.99088
0.967634
1.00267
0.969026
1.00466
1.0652
1.06367
1.12986
1.17192
1.17197
1.17201
1.11964
1.02569
0.91811
1.17187
1.1718
1.17155
1.17037
1.16529
1.14706
1.09868
1.01716
0.87751
0.788655
0.817762
0.841318
1.17208
1.17205
1.16693
1.16702
1.16712
1.16721
1.1673
1.16739
1.16751
1.16756
1.16764
1.16774
1.16782
1.1679
1.16799
1.16807
1.16813
1.16821
1.16831
1.16837
1.16846
1.16852
1.1686
1.16868
1.16879
1.16886
1.17119
1.17107
1.17095
1.1711
1.17113
1.17116
1.17121
1.1712
1.17081
1.17065
1.17048
1.17029
1.17005
1.17112
1.16977
1.17114
1.17113
1.16944
1.17117
1.17115
1.16914
1.17119
1.17119
1.16887
1.17121
1.1712
1.16872
1.17123
1.17122
1.16868
1.17124
1.17123
1.17123
1.17124
1.17126
1.17127
1.17126
1.16877
1.17123
1.17122
1.17124
1.17123
1.17124
1.16897
1.16805
1.17123
1.17124
1.17095
1.17115
1.17028
1.15311
1.13135
1.03972
1.09474
0.964555
0.964518
0.965357
1.06009
0.99976
0.968438
1.06126
1.12942
1.12854
1.17193
1.17198
1.17202
1.1185
1.02166
0.918656
1.17189
1.17185
1.17179
1.17157
1.17075
1.16683
1.15494
1.12476
1.05698
0.797796
0.9739
0.79736
0.839278
1.17208
1.17205
1.16698
1.16708
1.16718
1.16728
1.16738
1.16749
1.16757
1.16766
1.16773
1.16784
1.16791
1.16799
1.16808
1.16817
1.16825
1.16833
1.16841
1.16849
1.16857
1.16865
1.16874
1.16886
1.16893
1.16903
1.17129
1.17118
1.17123
1.17104
1.17092
1.17115
1.17118
1.17122
1.17124
1.17079
1.17061
1.17043
1.17021
1.16995
1.17116
1.16964
1.17119
1.17117
1.16934
1.17121
1.1712
1.16903
1.17123
1.17122
1.16882
1.17125
1.17124
1.16872
1.17128
1.17126
1.16875
1.17129
1.17129
1.17125
1.17127
1.17128
1.17129
1.17129
1.16891
1.17125
1.17125
1.17126
1.17125
1.17125
1.16914
1.16327
1.17122
1.17125
1.17042
1.171
1.16856
1.13056
1.08929
0.979956
1.02284
0.964888
0.960033
1.12734
1.05788
0.997405
1.12791
1.17194
1.17198
1.17202
1.11669
1.01993
0.915002
1.17191
1.17187
1.17184
1.17177
1.17164
1.17086
1.16881
1.16134
1.14278
0.878147
1.10903
0.832168
0.804648
0.848515
1.17208
1.17205
1.16702
1.16714
1.16725
1.16736
1.16749
1.16756
1.16766
1.16775
1.16787
1.16794
1.16804
1.16816
1.16821
1.16829
1.16836
1.16847
1.16854
1.16865
1.16871
1.16881
1.1689
1.169
1.1691
1.1692
1.17138
1.17127
1.17128
1.17132
1.17115
1.17102
1.17088
1.17119
1.17122
1.17126
1.17129
1.17074
1.17056
1.17037
1.17013
1.16984
1.1712
1.16954
1.17123
1.17121
1.16921
1.17125
1.17124
1.16895
1.17127
1.17126
1.1688
1.17129
1.17128
1.16876
1.17131
1.1713
1.16886
1.17132
1.17131
1.1713
1.17132
1.17128
1.17128
1.1713
1.17131
1.16906
1.17127
1.17126
1.17128
1.17127
1.17127
1.16932
1.15238
1.17118
1.17125
1.16901
1.17058
1.1641
1.08731
1.01428
0.959715
0.972812
0.962327
0.99439
1.12657
1.05615
1.17195
1.17199
1.17203
1.11564
1.01682
0.917875
1.17192
1.17189
1.17186
1.17182
1.17179
1.17162
1.1713
1.16977
1.16643
1.04315
1.15727
0.979967
0.813948
0.813843
0.846962
1.17208
1.17206
1.16711
1.16721
1.16733
1.16744
1.16755
1.16767
1.16776
1.16787
1.16795
1.16805
1.16816
1.16824
1.16834
1.16841
1.16854
1.16859
1.16867
1.16877
1.16887
1.16897
1.16907
1.16916
1.16927
1.16939
1.17146
1.17137
1.17137
1.17141
1.17125
1.17133
1.17112
1.17099
1.17084
1.17124
1.17128
1.1713
1.17068
1.17051
1.1703
1.17004
1.16974
1.17125
1.1694
1.17127
1.17125
1.16911
1.1713
1.17129
1.1689
1.17132
1.17131
1.1688
1.17133
1.17132
1.16883
1.17134
1.17134
1.16899
1.17133
1.17133
1.17132
1.17134
1.17129
1.17131
1.17132
1.17133
1.16926
1.17129
1.17128
1.1713
1.17129
1.17127
1.16951
1.13038
1.17105
1.17124
1.16546
1.16954
1.15386
1.01207
0.96848
0.956041
0.955538
0.958484
0.991638
1.05403
1.12589
1.17196
1.172
1.17203
1.11417
1.01568
0.914794
1.17193
1.1719
1.17187
1.17184
1.17182
1.17176
1.17171
1.1714
1.17091
1.13773
1.16904
0.899759
1.10848
0.819029
0.855281
0.857703
1.17209
1.17206
1.16716
1.1673
1.1674
1.16754
1.16764
1.16775
1.16786
1.16795
1.16806
1.16817
1.16828
1.16835
1.16845
1.16855
1.16864
1.16871
1.16882
1.16891
1.16902
1.16914
1.16924
1.16933
1.16945
1.16958
1.17154
1.17144
1.17145
1.17149
1.17136
1.17138
1.17142
1.17122
1.17135
1.1711
1.17097
1.17082
1.17128
1.17132
1.17064
1.17045
1.17022
1.16994
1.16962
1.17129
1.16929
1.17133
1.17132
1.16903
1.17133
1.17133
1.16887
1.17135
1.17134
1.16883
1.17136
1.17136
1.16896
1.17137
1.17137
1.1692
1.17134
1.17135
1.17135
1.17136
1.17138
1.17137
1.17131
1.17132
1.17134
1.17135
1.16945
1.1713
1.1713
1.17132
1.17129
1.17127
1.16974
1.08885
1.17073
1.1712
1.15707
1.16705
1.13364
0.965424
0.951488
0.95201
0.98905
0.954016
1.05196
1.12497
1.17197
1.172
1.17203
1.11332
1.01374
0.91884
1.17194
1.17191
1.17188
1.17186
1.17183
1.1718
1.17178
1.1717
1.17162
1.16558
1.17128
1.05533
1.15782
0.831746
1.00667
0.833013
0.858059
1.17207
1.16723
1.16736
1.16749
1.1676
1.16773
1.16785
1.16797
1.1681
1.1682
1.16831
1.1684
1.16851
1.16856
1.16865
1.16877
1.1689
1.16901
1.16909
1.16919
1.16929
1.16939
1.16951
1.16965
1.1698
1.17162
1.17153
1.17153
1.17157
1.17143
1.17146
1.1715
1.17133
1.17139
1.17143
1.1712
1.17135
1.17106
1.17092
1.17077
1.17133
1.17059
1.17038
1.17012
1.16982
1.1695
1.17134
1.1692
1.17135
1.17135
1.16897
1.17137
1.17137
1.16888
1.17138
1.17137
1.16893
1.1714
1.17139
1.1691
1.17138
1.17141
1.17141
1.16937
1.17136
1.17137
1.17139
1.17139
1.17133
1.17134
1.17135
1.17137
1.16965
1.17132
1.17132
1.17133
1.1713
1.17125
1.16989
1.01499
1.16997
1.17106
1.1403
1.16151
1.09565
0.94722
0.947751
1.05031
0.984596
0.949646
1.12416
1.17197
1.172
1.17204
1.11229
1.01276
0.917922
1.17195
1.17192
1.17189
1.17187
1.17184
1.17181
1.1718
1.17176
1.17174
1.17078
1.17166
1.14111
1.16932
0.940794
1.12062
0.832927
0.896231
0.864535
1.17206
1.17203
1.16729
1.16743
1.16756
1.16771
1.16784
1.16794
1.16808
1.16819
1.16833
1.16841
1.1685
1.16857
1.16872
1.16882
1.16892
1.16902
1.16912
1.16921
1.16932
1.16944
1.16955
1.16968
1.16984
1.16995
1.17171
1.17161
1.17161
1.17166
1.17151
1.17154
1.17158
1.17141
1.17147
1.17151
1.1713
1.17139
1.17145
1.17118
1.17137
1.17105
1.17089
1.17072
1.17052
1.17032
1.17002
1.16971
1.16938
1.17138
1.1691
1.17139
1.17138
1.16894
1.1714
1.1714
1.16892
1.17142
1.17141
1.16904
1.17143
1.17143
1.16929
1.17141
1.17144
1.17142
1.17144
1.16959
1.17138
1.17139
1.1714
1.17141
1.17135
1.17135
1.17137
1.17138
1.16983
1.17133
1.17133
1.17135
1.17129
1.17119
1.17009
0.96322
1.16829
1.17072
1.10957
1.15005
1.02731
0.943212
1.12351
1.04708
0.981051
0.945167
1.17198
1.17201
1.11147
1.01269
0.923022
1.17195
1.17193
1.1719
1.17188
1.17185
1.17183
1.17181
1.17178
1.17177
1.17158
1.17173
1.16665
1.17135
1.08203
1.16155
0.871712
0.837045
1.05321
0.863818
1.17202
1.17207
1.17201
1.16734
1.16749
1.16765
1.16778
1.16791
1.16802
1.16816
1.16829
1.1684
1.16851
1.1686
1.16875
1.16881
1.16896
1.16905
1.16914
1.16924
1.16933
1.16947
1.16959
1.16969
1.16987
1.16998
1.17013
1.17179
1.1717
1.17171
1.17174
1.1716
1.17163
1.17166
1.17151
1.17155
1.17159
1.17139
1.17148
1.17152
1.17127
1.1714
1.17145
1.17115
1.171
1.17084
1.17068
1.17047
1.17021
1.1699
1.16961
1.16927
1.17141
1.16905
1.17143
1.17142
1.16895
1.17144
1.17144
1.16901
1.17146
1.17145
1.16924
1.17146
1.17146
1.16949
1.17145
1.17147
1.17144
1.17147
1.17143
1.17147
1.16981
1.17139
1.1714
1.17142
1.17136
1.17137
1.17138
1.1714
1.1701
1.17133
1.17135
1.17136
1.17126
1.17103
1.17031
0.942721
1.16467
1.16991
1.0572
1.12751
0.963783
1.1224
1.0447
0.977539
0.940524
1.17199
1.11115
1.01371
0.920515
1.17196
1.17194
1.17191
1.17189
1.17186
1.17184
1.17182
1.1718
1.17178
1.17171
1.17175
1.17097
1.17166
1.15217
1.17024
0.862775
1.01234
0.840454
1.13874
0.868543
1.17199
1.17202
1.17199
1.17207
1.17198
1.1674
1.16756
1.16771
1.16784
1.16798
1.16814
1.16825
1.16837
1.16848
1.1686
1.16874
1.16883
1.16897
1.16905
1.16916
1.16928
1.16937
1.16954
1.16962
1.16974
1.16988
1.17001
1.17015
1.17032
1.17187
1.17178
1.17179
1.17182
1.17169
1.17172
1.17175
1.17159
1.17163
1.17167
1.17149
1.17156
1.1716
1.17137
1.17149
1.17152
1.17125
1.17146
1.17111
1.17097
1.17081
1.17061
1.1704
1.17008
1.1698
1.16945
1.16918
1.16902
1.17147
1.17147
1.16901
1.17149
1.17148
1.16917
1.17149
1.17149
1.16941
1.1715
1.17149
1.16972
1.17147
1.17146
1.17148
1.17145
1.17148
1.17143
1.17151
1.17001
1.17141
1.17142
1.17138
1.17139
1.1714
1.17141
1.17022
1.17133
1.17136
1.17138
1.17119
1.17066
1.17043
0.938247
1.15725
1.16807
0.977305
1.08717
0.937834
1.12145
1.04239
0.973219
0.935791
1.11103
1.01133
0.921315
1.17196
1.17194
1.17191
1.17189
1.17187
1.17185
1.17183
1.17181
1.17178
1.17173
1.17177
1.1716
1.17172
1.16885
1.1715
0.851273
0.984046
1.12452
1.16598
0.851881
0.874478
1.17197
1.17198
1.17202
1.17197
1.17207
1.16743
1.16761
1.16778
1.16791
1.16805
1.16819
1.16832
1.16844
1.16856
1.1687
1.16882
1.16898
1.16906
1.16916
1.16928
1.16939
1.16951
1.16965
1.16978
1.16991
1.17007
1.17017
1.17031
1.17046
1.17195
1.17186
1.17187
1.17191
1.17177
1.17179
1.17183
1.17168
1.17172
1.17176
1.17158
1.17164
1.17168
1.17147
1.17156
1.1716
1.17135
1.17149
1.17153
1.17122
1.17108
1.17093
1.17075
1.17057
1.17028
1.17
1.16968
1.16935
1.16912
1.16904
1.17151
1.1715
1.16912
1.17152
1.17151
1.16932
1.17152
1.17152
1.16963
1.17154
1.17153
1.16994
1.17149
1.17148
1.17146
1.1715
1.17145
1.1715
1.17143
1.17153
1.17151
1.17019
1.17143
1.17139
1.1714
1.17141
1.17143
1.17041
1.1713
1.17137
1.17139
1.17105
1.16987
1.17063
1.14325
1.16419
0.943119
1.02482
0.931862
1.12041
1.03944
0.968854
0.928134
1.11007
1.01191
0.927434
1.17194
1.17192
1.1719
1.17188
1.17186
1.17183
1.17182
1.1718
1.17174
1.17178
1.17169
1.17173
1.17132
1.17167
0.956176
1.10347
1.16326
1.17095
0.853408
0.92546
0.876651
1.17198
1.17195
1.17196
1.17203
1.17195
1.17207
1.1675
1.16764
1.16781
1.16796
1.16809
1.16824
1.16837
1.1685
1.16865
1.16877
1.16892
1.16904
1.16916
1.16927
1.16939
1.16953
1.1697
1.16982
1.16991
1.17007
1.1702
1.17034
1.17053
1.17063
1.17195
1.17203
1.17195
1.17186
1.17187
1.17191
1.17177
1.17179
1.17183
1.17167
1.17172
1.17175
1.17157
1.17165
1.17168
1.17146
1.17158
1.17161
1.17134
1.17154
1.17121
1.17105
1.17089
1.17071
1.17047
1.1702
1.16989
1.16956
1.16925
1.1691
1.16912
1.17154
1.16924
1.17155
1.17155
1.16956
1.17156
1.17155
1.16983
1.17157
1.17156
1.17013
1.17149
1.1715
1.17148
1.17146
1.17151
1.17145
1.17144
1.17157
1.17153
1.17155
1.17037
1.1714
1.17141
1.17143
1.17144
1.17058
1.17124
1.17137
1.1714
1.17075
1.16826
1.17077
1.11928
1.15655
0.927739
0.965657
0.927644
1.11928
1.03651
0.964161
0.927515
1.11002
1.01379
0.927045
1.17192
1.1719
1.17188
1.17186
1.17184
1.17182
1.1718
1.17176
1.17178
1.17171
1.17174
1.17163
1.17169
1.08886
1.15783
1.17057
1.17159
0.855093
0.909809
1.06807
0.880445
1.17194
1.17198
1.17193
1.17194
1.17203
1.17207
1.16752
1.16771
1.16785
1.16801
1.16816
1.16828
1.16841
1.16857
1.16872
1.16886
1.16899
1.16913
1.16926
1.16938
1.16954
1.16969
1.16979
1.16992
1.17005
1.17022
1.17036
1.17052
1.17064
1.1708
1.17203
1.17195
1.17199
1.17203
1.17194
1.17186
1.17187
1.17191
1.17176
1.1718
1.17184
1.17167
1.17173
1.17176
1.17155
1.17165
1.17168
1.17143
1.17158
1.17161
1.1713
1.17117
1.17102
1.17085
1.17064
1.17038
1.1701
1.16976
1.16943
1.1692
1.16913
1.16922
1.17159
1.16949
1.17159
1.17159
1.16977
1.17159
1.17159
1.17009
1.17159
1.17159
1.17035
1.17149
1.1715
1.17152
1.17148
1.17147
1.17153
1.17145
1.1716
1.17156
1.17157
1.17155
1.17054
1.17141
1.17143
1.17144
1.17145
1.17076
1.17113
1.17137
1.17141
1.17012
1.16521
1.171
1.08147
1.14362
0.922947
0.933858
1.11809
1.03423
0.963615
0.920544
1.1103
1.01361
0.930691
1.17191
1.17189
1.17187
1.17185
1.17183
1.17181
1.17176
1.17179
1.17172
1.17175
1.17167
1.1717
1.15273
1.16985
1.17151
1.17165
0.857289
0.904547
1.05404
1.14668
0.882669
1.1719
1.17194
1.17199
1.17191
1.17203
1.17207
1.16758
1.16777
1.16791
1.16807
1.16819
1.16831
1.16846
1.16862
1.16878
1.16897
1.16912
1.16924
1.16937
1.16953
1.16968
1.1698
1.16997
1.17005
1.17024
1.17036
1.17052
1.1707
1.17082
1.17098
1.17203
1.17207
1.17195
1.17199
1.17203
1.17194
1.17185
1.17187
1.17192
1.17175
1.1718
1.17184
1.17164
1.17173
1.17176
1.17153
1.17165
1.17169
1.17143
1.17162
1.17127
1.17114
1.17098
1.17079
1.17055
1.17031
1.16998
1.16961
1.16933
1.16919
1.16921
1.16938
1.16968
1.17163
1.17162
1.17001
1.17163
1.17163
1.17032
1.17163
1.17163
1.17052
1.1715
1.17149
1.17152
1.17153
1.17148
1.17146
1.17163
1.1716
1.17161
1.17157
1.17158
1.17155
1.17076
1.17143
1.17144
1.17146
1.171
1.17092
1.17135
1.17141
1.16895
1.15983
1.17115
1.0222
1.12349
0.918726
0.918332
1.11726
1.03348
0.959728
0.918683
1.11026
1.01455
0.930966
1.17188
1.17186
1.17185
1.17182
1.17181
1.17177
1.17179
1.17173
1.17175
1.17169
1.17171
1.16903
1.17146
1.17163
1.17167
0.85995
0.905556
1.04375
1.14152
1.16811
0.885803
1.1719
1.17188
1.17188
1.17195
1.17199
1.17203
1.17207
1.16763
1.16783
1.16802
1.16814
1.16825
1.16836
1.16849
1.16865
1.16884
1.16902
1.16919
1.16935
1.1695
1.16963
1.16978
1.16994
1.17006
1.17023
1.17035
1.17052
1.17067
1.17082
1.17102
1.17117
1.17203
1.17207
1.17196
1.17199
1.17203
1.17193
1.17184
1.17187
1.17192
1.17175
1.1718
1.17184
1.17163
1.17172
1.17176
1.17151
1.17166
1.17169
1.1714
1.17125
1.1711
1.17093
1.17071
1.17049
1.17019
1.16983
1.1695
1.16929
1.16922
1.16936
1.16962
1.16988
1.17167
1.17166
1.17024
1.17166
1.17166
1.17052
1.17167
1.17166
1.17076
1.1715
1.17152
1.17149
1.17154
1.17148
1.17146
1.17166
1.17163
1.17164
1.17159
1.17161
1.17157
1.17158
1.17155
1.17095
1.17144
1.17145
1.17113
1.17055
1.17132
1.17141
1.16685
1.1506
1.17132
0.9654
1.09309
0.913039
1.1167
1.03048
0.956905
0.911896
1.11053
1.01499
0.934795
1.17186
1.17183
1.17182
1.17177
1.17181
1.17174
1.17176
1.1717
1.17172
1.17134
1.17162
1.17166
1.17168
0.862056
0.908138
1.04409
1.13767
1.16743
1.17127
0.888636
1.17191
1.17186
1.17186
1.17195
1.17199
1.17203
1.17207
1.16776
1.16798
1.16812
1.16823
1.16831
1.16841
1.16853
1.1687
1.1689
1.16911
1.16929
1.16946
1.16962
1.16979
1.16989
1.17007
1.17022
1.17034
1.17054
1.17068
1.17086
1.17101
1.17116
1.17134
1.17203
1.17207
1.17196
1.17199
1.17203
1.17193
1.17183
1.17188
1.17192
1.17173
1.17181
1.17184
1.17163
1.17173
1.17177
1.1715
1.17169
1.17136
1.17123
1.17106
1.17087
1.17066
1.1704
1.17005
1.16969
1.16943
1.16928
1.16934
1.16952
1.16984
1.17022
1.1717
1.17047
1.17169
1.1717
1.17069
1.1717
1.1717
1.17091
1.17152
1.1715
1.17154
1.17149
1.17148
1.17146
1.17169
1.17166
1.17167
1.17163
1.17164
1.17159
1.17161
1.17157
1.17158
1.17155
1.17112
1.17145
1.17131
1.16991
1.17124
1.17141
1.1634
1.13596
1.17149
0.927567
1.04815
0.908201
1.11597
1.02875
0.952332
0.909537
1.11063
1.01635
0.9353
1.17184
1.17182
1.17178
1.1718
1.17174
1.17176
1.17171
1.17172
1.17159
1.17164
1.17167
1.17169
0.866861
0.912287
1.04652
1.13736
1.16696
1.1712
1.17158
0.890897
1.17187
1.17192
1.17183
1.17195
1.17199
1.17203
1.17207
1.16793
1.1682
1.16833
1.16835
1.1684
1.16847
1.16857
1.16874
1.16897
1.16919
1.16938
1.16957
1.16972
1.16988
1.17008
1.1702
1.17036
1.17054
1.17068
1.17082
1.17099
1.17116
1.17133
1.1715
1.17203
1.17207
1.17195
1.17199
1.17202
1.17193
1.17183
1.17188
1.17192
1.17172
1.1718
1.17184
1.17161
1.17173
1.17177
1.17148
1.17134
1.1712
1.17102
1.17082
1.17059
1.17032
1.1699
1.1696
1.16938
1.16933
1.16946
1.16974
1.17007
1.1704
1.17173
1.17065
1.17174
1.17174
1.17091
1.17173
1.17173
1.1711
1.17152
1.17153
1.17151
1.17149
1.17147
1.17145
1.17169
1.17173
1.17166
1.17168
1.17163
1.17164
1.1716
1.17161
1.17157
1.17158
1.17155
1.1713
1.17149
1.16885
1.1711
1.17139
1.15811
1.11608
1.1717
0.907695
0.986042
1.11511
1.02536
0.950753
0.901236
0.906003
1.11103
1.01679
0.938819
1.17178
1.17179
1.17175
1.17176
1.17171
1.17173
1.17163
1.17165
1.17167
1.17169
0.872051
0.920561
1.05201
1.13811
1.16672
1.17116
1.17156
1.17161
0.896063
1.17183
1.17187
1.17191
1.17196
1.17199
1.17203
1.17207
1.16821
1.16851
1.16855
1.16856
1.16853
1.16854
1.16862
1.16879
1.16903
1.16928
1.16952
1.16968
1.16982
1.17003
1.1702
1.17035
1.17051
1.17067
1.17085
1.171
1.17116
1.17133
1.17151
1.17168
1.17203
1.17207
1.17196
1.17199
1.17202
1.17192
1.17182
1.17188
1.17192
1.17171
1.1718
1.17184
1.17159
1.17177
1.17146
1.17132
1.17116
1.17097
1.17076
1.17051
1.17012
1.16981
1.1695
1.16938
1.16942
1.16965
1.16996
1.17032
1.17058
1.17086
1.17178
1.17178
1.17108
1.17177
1.17177
1.17129
1.17154
1.17152
1.1715
1.17149
1.17146
1.1717
1.17173
1.17169
1.17176
1.17166
1.17167
1.17162
1.17164
1.17159
1.17161
1.17157
1.17158
1.17155
1.17148
1.17168
1.16721
1.17087
1.17137
1.15039
1.09085
1.17187
0.948978
1.11388
1.02473
0.947925
0.895213
0.902397
1.11112
1.01815
0.939577
1.17177
1.1718
1.17177
1.17175
1.17172
1.17173
1.17164
1.17166
1.17168
1.1717
0.87934
0.933603
1.06238
1.13996
1.16679
1.17111
1.17155
1.1716
1.17162
0.899383
1.17184
1.17188
1.17191
1.17195
1.172
1.17203
1.17207
1.1689
1.16899
1.16884
1.16874
1.16866
1.16862
1.16866
1.16884
1.16912
1.16937
1.16961
1.16978
1.17001
1.17016
1.17037
1.17051
1.17066
1.17084
1.17099
1.17116
1.17133
1.1715
1.17169
1.17187
1.17203
1.17207
1.17195
1.17199
1.17202
1.17192
1.17181
1.17188
1.17192
1.1717
1.17181
1.17184
1.17157
1.17144
1.1713
1.17111
1.1709
1.1707
1.17037
1.17002
1.16969
1.16946
1.16943
1.16959
1.16989
1.17031
1.17055
1.17087
1.17106
1.1718
1.1718
1.17128
1.1718
1.1718
1.17148
1.17153
1.17152
1.1715
1.17147
1.17172
1.17171
1.17176
1.17173
1.17168
1.1718
1.17166
1.17167
1.17162
1.17164
1.17159
1.17161
1.17156
1.17157
1.17154
1.17167
1.17188
1.16487
1.17054
1.17134
1.14037
1.06088
0.91989
1.11363
1.02367
0.944599
0.890662
1.11165
1.01955
0.945207
1.17175
1.17175
1.17172
1.17174
1.17164
1.17166
1.17168
1.1717
0.885211
0.954016
1.07646
1.14342
1.167
1.17111
1.17152
1.17158
1.17161
1.17163
0.887046
1.17184
1.17188
1.17192
1.17195
1.17199
1.17203
1.17015
1.16951
1.16915
1.16897
1.1688
1.1687
1.16873
1.1689
1.16923
1.16952
1.16972
1.16998
1.17018
1.17037
1.1705
1.17064
1.17083
1.17102
1.17118
1.17134
1.17152
1.17168
1.17187
1.17196
1.17202
1.17191
1.1718
1.17188
1.17192
1.17168
1.17185
1.17155
1.17141
1.17124
1.17107
1.17086
1.17061
1.17028
1.16987
1.1696
1.16947
1.16955
1.1698
1.17018
1.1705
1.17079
1.17104
1.17129
1.17184
1.17146
1.17184
1.17169
1.17153
1.17151
1.17148
1.17172
1.17169
1.17165
1.17167
1.17162
1.17164
1.17159
1.1716
1.17156
1.17157
1.17154
1.17188
1.16172
1.17008
1.17129
1.12767
1.02513
0.901747
1.11304
1.01865
1.11202
1.02187
1.17165
1.17167
0.984205
1.09386
1.14783
1.16747
1.17112
1.17151
1.17157
1.17159
1.17161
1.17163
1.17188
1.17192
1.17093
1.17004
1.16957
1.16917
1.16897
1.16881
1.16881
1.16902
1.16931
1.16961
1.16986
1.17012
1.17032
1.17047
1.17062
1.17079
1.17099
1.17116
1.17133
1.17152
1.17169
1.17188
1.17202
1.17191
1.17179
1.17188
1.17166
1.17153
1.17138
1.1712
1.17101
1.1708
1.17052
1.17008
1.16979
1.16956
1.16955
1.16974
1.17008
1.17042
1.17073
1.17101
1.17124
1.17146
1.17167
1.17187
1.17152
1.17148
1.17165
1.17162
1.17158
1.1716
1.17155
1.17156
1.17153
1.15764
1.16949
1.17124
1.1119
1.11239
1.11295
1.15281
1.1681
1.17114
1.1715
1.17155
1.17158
1.17131
1.17053
1.16977
1.1694
1.16911
1.16888
1.16887
1.1691
1.16941
1.16976
1.17005
1.17022
1.17042
1.17063
1.17079
1.17097
1.17116
1.17133
1.17152
1.17169
1.17186
1.17201
1.1719
1.17178
1.17165
1.1715
1.17134
1.17116
1.17096
1.17071
1.17037
1.17
1.16968
1.16958
1.1697
1.16997
1.17035
1.17065
1.17097
1.17123
1.17146
1.17166
1.17188
1.17149
1.17154
1.1715
1.16881
1.17119
1.17149
1.17074
1.17006
1.16959
1.16918
1.16897
1.16895
1.16921
1.16959
1.16988
1.17015
1.1704
1.17055
1.17076
1.17099
1.17116
1.17132
1.1715
1.17168
1.17186
1.17201
1.17189
1.17177
1.17163
1.17148
1.17131
1.17112
1.17089
1.1706
1.17026
1.16986
1.16966
1.16969
1.16988
1.17027
1.17062
1.17096
1.17119
1.17144
1.17165
1.17186
1.17161
1.17097
1.1702
1.16966
1.16923
1.169
1.16907
1.16939
1.16977
1.17008
1.17033
1.17052
1.17073
1.17093
1.17113
1.17131
1.17151
1.17169
1.17186
1.172
1.17188
1.17175
1.17162
1.17145
1.17127
1.17106
1.17079
1.17047
1.17012
1.16978
1.1697
1.16983
1.1702
1.17057
1.1709
1.17115
1.17141
1.17167
1.17188
1.17156
1.17103
1.17028
1.16968
1.16926
1.16906
1.16916
1.16953
1.16991
1.17026
1.17047
1.17069
1.17093
1.1711
1.1713
1.1715
1.17167
1.17185
1.172
1.17188
1.17175
1.17159
1.17142
1.17123
1.17097
1.17071
1.17036
1.16997
1.16978
1.16981
1.17008
1.17046
1.17082
1.17113
1.17142
1.17166
1.17188
1.17155
1.17093
1.17033
1.16968
1.16926
1.1691
1.16929
1.16967
1.1701
1.17041
1.17064
1.17087
1.17109
1.17131
1.17147
1.17167
1.17185
1.17199
1.17187
1.17173
1.17157
1.1714
1.17118
1.17091
1.17059
1.17015
1.1699
1.16984
1.17002
1.17034
1.17078
1.17111
1.17137
1.17163
1.17186
1.17155
1.17095
1.17035
1.16963
1.16925
1.16919
1.16943
1.16992
1.17031
1.17057
1.17084
1.17106
1.17127
1.17147
1.17167
1.17185
1.17199
1.17186
1.17171
1.17154
1.17135
1.17111
1.17082
1.17037
1.17009
1.1699
1.16997
1.17025
1.17074
1.17104
1.17133
1.17161
1.17185
1.17154
1.17095
1.17025
1.16958
1.16924
1.16929
1.16969
1.17013
1.17048
1.1708
1.17101
1.17124
1.17145
1.17165
1.17185
1.17199
1.17185
1.17169
1.1715
1.17129
1.17103
1.17069
1.17026
1.17002
1.16999
1.17019
1.17064
1.17096
1.17132
1.1716
1.17185
1.1715
1.17093
1.17008
1.16949
1.16926
1.16945
1.1699
1.17033
1.17069
1.17097
1.17122
1.17143
1.17165
1.17185
1.17198
1.17184
1.17167
1.17148
1.17122
1.17096
1.17057
1.17019
1.17005
1.17014
1.17048
1.17091
1.17131
1.17158
1.17186
1.17147
1.17075
1.16993
1.16942
1.16933
1.16968
1.17014
1.17056
1.17092
1.17117
1.17141
1.17164
1.17183
1.17197
1.17182
1.17164
1.17144
1.17116
1.17085
1.17039
1.17016
1.17014
1.17036
1.1709
1.17127
1.17154
1.17184
1.17145
1.17058
1.16977
1.16939
1.16948
1.16992
1.1704
1.17082
1.17113
1.1714
1.17162
1.17183
1.17197
1.1718
1.1716
1.17137
1.1711
1.17071
1.17033
1.17019
1.17034
1.1708
1.17118
1.17152
1.17185
1.17135
1.17037
1.16966
1.16944
1.1697
1.17021
1.17072
1.17108
1.17135
1.1716
1.17183
1.17196
1.17179
1.17157
1.1713
1.17098
1.17055
1.17031
1.17034
1.17069
1.17109
1.1715
1.17183
1.17112
1.17016
1.16959
1.16956
1.16995
1.17053
1.17101
1.17134
1.17157
1.17181
1.17196
1.17176
1.17152
1.17121
1.17082
1.17048
1.17038
1.17057
1.17104
1.17149
1.17181
1.1708
1.16997
1.16958
1.16975
1.17031
1.17084
1.17125
1.17154
1.1718
1.17194
1.17172
1.17146
1.17111
1.17069
1.17048
1.17057
1.17096
1.1714
1.17181
1.17048
1.16981
1.16967
1.17009
1.17067
1.17115
1.17151
1.1718
1.17194
1.1717
1.17138
1.17096
1.17063
1.17058
1.17088
1.17141
1.1718
1.17021
1.16978
1.1699
1.17044
1.17102
1.17145
1.17177
1.17192
1.17165
1.17131
1.17087
1.17064
1.17084
1.17132
1.17176
1.17001
1.16985
1.17019
1.17085
1.17141
1.17174
1.17191
1.1716
1.17117
1.17082
1.17082
1.17124
1.17173
1.16993
1.17003
1.17067
1.17129
1.17171
1.17187
1.17152
1.1711
1.17091
1.17123
1.1717
1.17
1.17043
1.17111
1.17167
1.17184
1.1714
1.17103
1.17117
1.17167
1.17025
1.17086
1.1716
1.17182
1.17136
1.17123
1.17165
1.17066
1.17155
1.17178
1.17135
1.17162
1.17145
1.17173
1.17165
1.17178
)
;

boundaryField
{
    lowerOutlet
    {
        type            calculated;
        value           nonuniform List<scalar> 
148
(
1.1721
1.1721
1.1721
1.1721
1.1721
1.1721
1.1721
1.1721
1.1721
1.1721
1.1721
1.1721
1.1721
1.1721
1.1721
1.1721
1.1721
1.1721
1.1721
1.1721
1.1721
1.1721
1.1721
1.1721
1.1721
1.1721
1.1721
1.1721
1.1721
1.1721
1.1721
1.1721
1.1721
1.1721
1.1721
1.1721
1.1721
1.1721
1.1721
1.1721
1.1721
1.1721
1.1721
1.1721
1.1721
1.1721
1.1721
1.12895
0.616386
1.1721
1.1721
1.1721
1.1721
1.1721
1.1721
1.1721
1.1721
1.1721
1.1721
1.1721
1.1721
1.1721
1.1721
1.1721
1.1721
1.1721
1.1721
1.1721
1.1721
1.1721
1.1721
1.1721
1.1721
1.1721
1.1721
1.1721
1.1721
1.1721
1.1721
1.1721
1.1721
1.1721
1.1721
1.1721
1.1721
1.1721
1.1721
1.1721
1.1721
1.1721
1.1721
1.1721
1.1721
1.1721
1.1721
1.1721
0.868349
1.1721
1.1721
1.1721
1.1721
1.1721
1.1721
1.1721
1.1721
1.1721
1.15644
1.1721
1.1721
1.1721
1.1721
1.1721
1.1721
1.1721
1.1721
1.1721
1.1721
1.1721
1.1721
1.1721
1.1721
1.1721
1.1721
1.1721
1.1721
1.1721
1.1721
1.1721
1.1721
1.1721
1.1721
1.1721
1.1721
1.1721
1.1721
1.15899
1.1721
1.15009
1.1721
1.1721
1.1721
1.1721
1.1721
1.1721
1.1721
1.1721
1.1721
1.1721
)
;
    }
    top
    {
        type            calculated;
        value           nonuniform List<scalar> 
100
(
1.17129
1.17057
1.1701
1.16972
1.16946
1.16924
1.16905
1.16885
1.16863
1.16835
1.16804
1.1677
1.16735
1.16702
1.16674
1.16654
1.1664
1.1663
1.16626
1.16624
1.16612
1.1649
1.16116
1.15602
1.1504
1.14498
1.14217
1.14198
1.14488
1.15001
1.15556
1.16075
1.165
1.16679
1.16721
1.16728
1.16731
1.16733
1.16734
1.16735
1.16735
1.16733
1.16729
1.16727
1.16723
1.16719
1.16713
1.16708
1.16704
1.167
1.16696
1.16692
1.16689
1.16686
1.16684
1.16684
1.16685
1.16686
1.16689
1.16693
1.16697
1.16702
1.16711
1.16716
1.16723
1.16729
1.16733
1.1674
1.16743
1.16749
1.16752
1.16758
1.16763
1.16775
1.16793
1.1682
1.16888
1.17197
1.17197
1.17197
1.17197
1.17197
1.17197
1.17197
1.17197
1.17197
1.17197
1.17197
1.17197
1.17197
1.17113
1.17081
1.17049
1.17022
1.17001
1.16993
1.17001
1.17025
1.17066
1.17197
)
;
    }
    sides
    {
        type            calculated;
        value           nonuniform List<scalar> 
100
(
1.1721
1.1721
1.1721
1.17209
1.17209
1.17209
1.17209
1.17208
1.17208
1.17208
1.17208
1.17207
1.17207
1.17207
1.17207
1.17206
1.17206
1.17206
1.17205
1.17205
1.17205
1.17205
1.17204
1.17204
1.17204
1.17204
1.17203
1.17203
1.17203
1.17203
1.17202
1.17202
1.17202
1.17201
1.17201
1.17201
1.17201
1.172
1.172
1.172
1.172
1.17199
1.17199
1.17199
1.17199
1.17198
1.17198
1.17198
1.17197
1.17197
1.1721
1.1721
1.1721
1.17209
1.17209
1.17209
1.17209
1.17208
1.17208
1.17208
1.17208
1.17207
1.17207
1.17207
1.17207
1.17206
1.17206
1.17206
1.17205
1.17205
1.17205
1.17205
1.17204
1.17204
1.17204
1.17204
1.17203
1.17203
1.17203
1.17203
1.17202
1.17202
1.17202
1.17201
1.17201
1.17201
1.17201
1.172
1.172
1.172
1.172
1.17199
1.17199
1.17199
1.17199
1.17198
1.17198
1.17198
1.17197
1.17197
)
;
    }
    front
    {
        type            empty;
    }
    back
    {
        type            empty;
    }
    roller
    {
        type            calculated;
        value           nonuniform List<scalar> 
142
(
1.16604
1.16602
1.16586
1.16573
1.16391
1.16316
1.16471
1.16452
1.16419
1.16359
1.1661
1.16618
1.16601
1.16606
1.16545
1.16485
1.16399
1.16541
1.16504
1.16475
1.16457
1.16435
1.16348
1.16363
1.16595
1.16598
1.16598
1.16531
1.16469
1.16561
1.16558
1.16383
1.1632
1.16487
1.16466
1.16355
1.16608
1.16619
1.16611
1.16594
1.166
1.16585
1.1659
1.16577
1.1657
1.16554
1.16413
1.16544
1.16508
1.16494
1.1649
1.16315
1.16313
1.16429
1.16612
1.16616
1.16552
1.16549
1.16366
1.1636
1.16339
1.16325
1.16502
1.16498
1.16403
1.16388
1.16374
1.16617
1.16616
1.16618
1.16563
1.16538
1.16529
1.16343
1.16527
1.16518
1.16327
1.16516
1.16317
1.16317
1.16319
1.16329
1.16333
1.16421
1.16406
1.16391
1.16378
1.16606
1.16613
1.16619
1.16614
1.16589
1.16583
1.16444
1.16435
1.16421
1.16546
1.16356
1.16336
1.16511
1.16313
1.16314
1.16446
1.1634
1.16413
1.16399
1.16383
1.1637
1.16591
1.16575
1.16569
1.16558
1.1658
1.16516
1.16501
1.16567
1.1646
1.16377
1.16534
1.16532
1.16348
1.16523
1.16521
1.16331
1.16319
1.16313
1.16483
1.16479
1.16315
1.16461
1.16322
1.16326
1.16444
1.16438
1.16426
1.16353
1.16345
1.16336
1.1641
1.16396
1.16381
1.16368
)
;
    }
    burner
    {
        type            calculated;
        value           nonuniform List<scalar> 
16
(
0.321197
0.321197
0.321197
0.321196
0.321198
0.321197
0.321196
0.321195
0.321198
0.321197
0.321196
0.321196
0.321198
0.321197
0.321196
0.321196
)
;
    }
}


// ************************************************************************* //
