/*--------------------------------*- C++ -*----------------------------------*\
  =========                 |
  \\      /  F ield         | OpenFOAM: The Open Source CFD Toolbox
   \\    /   O peration     | Website:  https://openfoam.org
    \\  /    A nd           | Version:  dev
     \\/     M anipulation  |
\*---------------------------------------------------------------------------*/
FoamFile
{
    version     2.0;
    format      ascii;
    class       volScalarField;
    location    "2500";
    object      T;
}
// * * * * * * * * * * * * * * * * * * * * * * * * * * * * * * * * * * * * * //

dimensions      [0 0 0 1 0 0 0];

internalField   nonuniform List<scalar> 
9575
(
300.085
300.124
300.099
300.124
300.198
300.096
300.112
300.235
300.193
300.075
300.116
300.253
300.283
300.179
300.072
300.101
300.237
300.324
300.278
300.16
300.065
300.099
300.239
300.346
300.344
300.249
300.142
300.054
300.082
300.204
300.334
300.387
300.33
300.216
300.127
300.05
300.081
300.208
300.335
300.417
300.389
300.297
300.197
300.117
300.048
300.078
300.192
300.33
300.422
300.442
300.363
300.271
300.179
300.104
300.044
300.073
300.183
300.32
300.411
300.475
300.439
300.341
300.245
300.168
300.1
300.045
300.077
300.178
300.301
300.411
300.497
300.491
300.413
300.313
300.227
300.158
300.097
300.044
300.072
300.158
300.261
300.393
300.497
300.519
300.475
300.384
300.279
300.213
300.149
300.093
300.043
300.067
300.155
300.259
300.384
300.493
300.544
300.518
300.451
300.339
300.267
300.201
300.142
300.087
300.04
300.069
300.157
300.245
300.37
300.489
300.56
300.56
300.505
300.406
300.311
300.252
300.192
300.138
300.086
300.04
300.063
300.141
300.231
300.356
300.453
300.555
300.589
300.554
300.485
300.375
300.292
300.241
300.186
300.131
300.082
300.04
300.06
300.149
300.226
300.343
300.448
300.55
300.609
300.589
300.536
300.439
300.343
300.287
300.232
300.181
300.13
300.08
300.037
300.057
300.145
300.229
300.33
300.439
300.545
300.625
300.631
300.579
300.511
300.405
300.334
300.277
300.226
300.171
300.124
300.079
300.034
300.062
300.136
300.219
300.302
300.408
300.534
300.62
300.656
300.623
300.56
300.481
300.387
300.327
300.271
300.22
300.172
300.127
300.079
300.038
300.056
300.129
300.224
300.304
300.418
300.539
300.619
300.673
300.663
300.603
300.535
300.434
300.375
300.313
300.266
300.214
300.169
300.124
300.08
300.038
300.061
300.124
300.22
300.293
300.409
300.52
300.607
300.678
300.697
300.659
300.586
300.495
300.413
300.362
300.31
300.257
300.211
300.166
300.12
300.08
300.036
300.055
300.123
300.22
300.3
300.381
300.508
300.604
300.691
300.713
300.696
300.637
300.553
300.47
300.409
300.352
300.305
300.254
300.209
300.165
300.121
300.079
300.035
300.058
300.13
300.222
300.279
300.382
300.514
300.594
300.69
300.732
300.727
300.682
300.608
300.52
300.453
300.398
300.347
300.294
300.251
300.207
300.162
300.117
300.079
300.037
300.059
300.121
300.223
300.302
300.406
300.492
300.594
300.69
300.744
300.75
300.719
300.656
300.577
300.493
300.44
300.39
300.341
300.289
300.248
300.204
300.16
300.12
300.079
300.038
300.056
300.132
300.225
300.31
300.402
300.497
300.605
300.692
300.754
300.774
300.752
300.701
300.619
300.551
300.482
300.43
300.383
300.334
300.288
300.244
300.205
300.162
300.121
300.08
300.038
300.061
300.137
300.206
300.318
300.407
300.5
300.6
300.694
300.762
300.79
300.783
300.736
300.675
300.594
300.527
300.473
300.421
300.376
300.327
300.283
300.246
300.2
300.163
300.122
300.08
300.038
300.055
300.128
300.203
300.315
300.415
300.507
300.603
300.698
300.77
300.806
300.807
300.776
300.716
300.645
300.576
300.511
300.464
300.419
300.37
300.326
300.286
300.245
300.203
300.163
300.122
300.081
300.039
300.06
300.146
300.223
300.329
300.42
300.516
300.608
300.699
300.776
300.82
300.831
300.805
300.757
300.688
300.615
300.555
300.506
300.459
300.413
300.369
300.326
300.284
300.245
300.202
300.163
300.122
300.08
300.04
300.059
300.143
300.206
300.324
300.437
300.537
300.617
300.703
300.782
300.831
300.85
300.838
300.793
300.726
300.662
300.6
300.544
300.497
300.454
300.406
300.368
300.325
300.285
300.246
300.206
300.165
300.123
300.081
300.04
300.07
300.165
300.234
300.318
300.451
300.541
300.623
300.713
300.79
300.844
300.867
300.863
300.827
300.77
300.705
300.642
300.581
300.538
300.492
300.451
300.406
300.364
300.325
300.287
300.246
300.207
300.168
300.127
300.084
300.041
300.076
300.156
300.263
300.366
300.485
300.557
300.621
300.728
300.798
300.855
300.884
300.887
300.859
300.81
300.745
300.681
300.626
300.575
300.525
300.487
300.445
300.405
300.365
300.325
300.288
300.246
300.21
300.17
300.128
300.087
300.041
300.08
300.178
300.291
300.363
300.491
300.583
300.636
300.75
300.812
300.868
300.899
300.908
300.889
300.844
300.784
300.723
300.659
300.612
300.566
300.523
300.48
300.445
300.405
300.367
300.328
300.289
300.252
300.212
300.172
300.132
300.089
300.044
300.074
300.191
300.299
300.4
300.513
300.599
300.662
300.767
300.829
300.884
300.915
300.928
300.915
300.878
300.818
300.759
300.699
300.65
300.604
300.559
300.515
300.477
300.439
300.406
300.368
300.333
300.293
300.254
300.217
300.176
300.135
300.092
300.044
300.087
300.209
300.317
300.423
300.525
300.621
300.697
300.79
300.847
300.9
300.934
300.946
300.938
300.909
300.86
300.796
300.744
300.688
300.644
300.601
300.561
300.52
300.482
300.441
300.405
300.372
300.332
300.297
300.259
300.219
300.181
300.138
300.093
300.021
300.047
300.077
300.193
300.337
300.444
300.54
300.638
300.711
300.801
300.869
300.917
300.953
300.966
300.962
300.937
300.888
300.836
300.776
300.721
300.674
300.633
300.591
300.556
300.515
300.483
300.443
300.408
300.372
300.336
300.3
300.263
300.225
300.183
300.119
300.143
300.074
300.118
300.101
300.022
300.048
300.1
300.239
300.361
300.465
300.562
300.66
300.743
300.83
300.884
300.935
300.972
300.989
300.981
300.963
300.925
300.873
300.816
300.761
300.715
300.674
300.627
300.592
300.555
300.518
300.479
300.445
300.411
300.377
300.341
300.306
300.268
300.228
300.166
300.19
300.144
300.073
300.124
300.1
300.022
300.049
300.091
300.25
300.383
300.492
300.586
300.682
300.763
300.844
300.907
300.953
300.989
301.009
301.008
300.985
300.957
300.906
300.852
300.797
300.749
300.705
300.671
300.628
300.591
300.549
300.516
300.481
300.448
300.416
300.382
300.347
300.312
300.272
300.214
300.237
300.168
300.192
300.148
300.075
300.125
300.101
300.021
300.05
300.091
300.275
300.383
300.512
300.611
300.701
300.776
300.861
300.925
300.975
301.008
301.028
301.029
301.012
300.982
300.936
300.884
300.833
300.783
300.742
300.699
300.661
300.626
300.585
300.551
300.518
300.485
300.453
300.421
300.388
300.354
300.316
300.261
300.283
300.217
300.241
300.173
300.198
300.151
300.077
300.128
300.105
300.022
300.051
300.099
300.298
300.416
300.543
300.624
300.721
300.799
300.888
300.943
300.996
301.03
301.048
301.053
301.037
301.008
300.966
300.916
300.863
300.82
300.772
300.737
300.696
300.655
300.621
300.586
300.554
300.522
300.49
300.46
300.428
300.395
300.358
300.306
300.329
300.264
300.288
300.223
300.247
300.177
300.203
300.155
300.08
300.133
300.108
300.022
300.053
300.13
300.316
300.433
300.555
300.64
300.741
300.817
300.898
300.962
301.013
301.05
301.068
301.073
301.063
301.034
300.995
300.948
300.896
300.85
300.801
300.766
300.727
300.689
300.655
300.621
300.588
300.557
300.527
300.497
300.466
300.435
300.399
300.351
300.372
300.311
300.334
300.271
300.294
300.228
300.253
300.182
300.208
300.16
300.083
300.137
300.113
300.024
300.055
300.114
300.309
300.433
300.564
300.662
300.761
300.832
300.911
300.976
301.033
301.068
301.088
301.092
301.083
301.061
301.024
300.98
300.927
300.879
300.838
300.795
300.757
300.722
300.688
300.655
300.623
300.591
300.562
300.532
300.505
300.473
300.44
300.394
300.414
300.356
300.378
300.317
300.34
300.277
300.301
300.234
300.259
300.187
300.214
300.165
300.086
300.142
300.117
300.025
300.058
300.139
300.332
300.441
300.586
300.678
300.765
300.846
300.921
300.988
301.047
301.086
301.108
301.115
301.108
301.082
301.052
301.009
300.961
300.911
300.864
300.827
300.789
300.754
300.721
300.689
300.658
300.626
300.596
300.567
300.539
300.513
300.478
300.435
300.455
300.4
300.421
300.363
300.386
300.325
300.348
300.284
300.308
300.24
300.266
300.193
300.221
300.171
300.091
300.148
300.123
300.026
300.061
300.126
300.326
300.446
300.587
300.687
300.772
300.852
300.93
301.001
301.059
301.101
301.123
301.133
301.127
301.109
301.075
301.034
300.99
300.946
300.9
300.859
300.82
300.785
300.752
300.721
300.69
300.66
300.63
300.601
300.573
300.546
300.52
300.476
300.499
300.442
300.464
300.408
300.43
300.371
300.395
300.332
300.357
300.292
300.317
300.248
300.275
300.2
300.229
300.178
300.096
300.155
300.13
300.028
300.064
300.142
300.339
300.453
300.595
300.691
300.776
300.856
300.936
301.008
301.071
301.117
301.144
301.154
301.15
301.131
301.102
301.065
301.016
300.969
300.926
300.887
300.85
300.816
300.783
300.752
300.722
300.693
300.664
300.636
300.608
300.586
300.572
300.528
300.531
300.488
300.519
300.455
300.484
300.42
300.449
300.382
300.411
300.343
300.371
300.301
300.329
300.257
300.286
300.209
300.239
300.187
300.101
300.164
300.137
300.029
300.069
300.146
300.33
300.454
300.592
300.686
300.777
300.858
300.939
301.013
301.079
301.131
301.16
301.169
301.169
301.155
301.125
301.089
301.05
300.999
300.956
300.915
300.88
300.846
300.814
300.783
300.753
300.725
300.697
300.67
300.649
300.643
300.709
300.914
300.572
300.742
300.53
300.621
300.492
300.572
300.451
300.521
300.406
300.463
300.361
300.406
300.315
300.353
300.269
300.302
300.219
300.251
300.197
300.108
300.173
300.147
300.032
300.074
300.145
300.311
300.46
300.591
300.686
300.777
300.856
300.937
301.015
301.087
301.14
301.174
301.191
301.19
301.175
301.15
301.112
301.074
301.028
300.985
300.943
300.909
300.875
300.844
300.814
300.784
300.756
300.729
300.708
300.705
300.77
301.052
301.897
302.081
303.382
300.833
301.31
300.755
301.192
300.677
301.053
300.589
300.895
300.496
300.714
300.415
300.555
300.346
300.433
300.287
300.34
300.231
300.27
300.21
300.115
300.186
300.158
300.034
300.08
300.144
300.302
300.467
300.573
300.682
300.768
300.855
300.93
301.015
301.091
301.148
301.187
301.205
301.208
301.196
301.17
301.138
301.103
301.056
301.011
300.972
300.937
300.904
300.872
300.843
300.814
300.787
300.764
300.758
300.822
301.103
301.849
303.581
304.559
306.074
304.863
306.414
302.086
303.404
301.853
303.299
301.59
302.997
301.277
302.514
300.932
301.854
300.655
301.261
300.459
300.797
300.333
300.492
300.251
300.322
300.23
300.125
300.204
300.173
300.037
300.087
300.15
300.314
300.467
300.564
300.678
300.761
300.848
300.925
301.015
301.092
301.154
301.198
301.22
301.225
301.217
301.196
301.166
301.123
301.081
301.039
300.999
300.965
300.932
300.901
300.871
300.844
300.819
300.807
300.851
301.098
301.834
303.41
305.931
307.442
308.4
307.922
309.591
308.461
310.235
304.977
306.736
304.816
306.86
304.443
306.714
303.734
306.27
302.688
305.275
301.723
303.769
300.966
302.286
300.52
301.148
300.306
300.536
300.28
300.138
300.244
300.2
300.041
300.096
300.159
300.315
300.455
300.557
300.67
300.754
300.835
300.917
301.007
301.089
301.158
301.207
301.233
301.24
301.235
301.214
301.187
301.147
301.107
301.066
301.027
300.992
300.96
300.93
300.9
300.873
300.854
300.873
301.054
301.679
303.053
305.309
308.564
313.012
310.848
313.126
311.934
313.632
312.812
314.722
308.881
310.922
309.002
311.395
308.839
311.559
308.242
311.342
307.005
310.428
305.073
308.799
302.878
306.515
301.304
303.469
300.526
301.416
300.476
300.155
300.384
300.271
300.045
300.107
300.174
300.335
300.459
300.559
300.662
300.743
300.824
300.904
301
301.084
301.16
301.214
301.245
301.257
301.253
301.237
301.206
301.171
301.132
301.092
301.054
301.019
300.987
300.957
300.929
300.904
300.898
301
301.475
302.629
304.507
307.239
311.083
315.055
316.941
317.132
315.137
316.354
316.356
317.419
317.558
318.542
313.644
315.79
314.16
316.709
314.265
317.295
313.966
317.352
312.827
316.664
310.737
315.221
307.881
312.873
303.95
309.224
301.414
304.255
301.25
300.181
300.916
300.475
300.049
300.117
300.359
300.464
300.563
300.651
300.733
300.812
300.889
300.991
301.077
301.158
301.218
301.255
301.271
301.27
301.259
301.23
301.195
301.157
301.117
301.08
301.045
301.013
300.984
300.956
300.936
300.963
301.242
302.145
303.709
305.961
309.157
312.742
315.276
317.094
316.789
317.952
317.663
317.958
318.063
318.988
318.946
320.003
319.906
318.635
319.645
319.583
320.748
320.262
321.784
320.45
322.547
319.591
322.94
317.615
322.349
314.865
320.093
310.212
316.708
304.225
310.789
303.703
300.205
302.607
301.272
300.496
300.052
300.119
300.481
300.57
300.644
300.72
300.8
300.875
300.978
301.067
301.153
301.22
301.264
301.283
301.287
301.274
301.249
301.218
301.181
301.143
301.105
301.07
301.039
301.01
300.984
300.972
301.065
301.614
302.919
304.874
307.427
310.76
313.572
315.099
315.862
317.209
316.203
317.689
316.698
318.774
318.384
319.644
319.102
320.564
319.858
321.077
320.935
322.241
322.078
323.448
323.335
324.582
324.698
325.059
326.104
324.674
326.962
322.349
326.676
318.121
324.229
310.639
318.934
314.75
305.691
310.173
300.786
300.24
300.533
303.496
308.348
308.603
302.48
300.049
300.304
300.211
300.121
300.577
300.643
300.711
300.785
300.863
300.958
301.055
301.144
301.219
301.269
301.294
301.3
301.29
301.269
301.239
301.205
301.166
301.13
301.095
301.064
301.035
301.012
301.017
301.222
302.083
303.746
305.966
308.815
311.756
313.578
314.673
314.338
312.862
311.733
315.5
314.171
315.464
313.905
318.19
316.94
318.708
317.19
319.281
317.502
321.622
320.705
322.884
321.892
324.369
323.487
325.908
325.224
327.461
327.059
328.775
328.758
328.438
329.167
329.843
322.046
325.332
329.41
327.456
318.65
314.318
319.17
322.516
313.896
301.634
300.942
306.644
312.021
313.365
304.891
300.116
300.022
300.07
300.539
300.281
300.646
300.704
300.772
300.851
300.943
301.04
301.134
301.217
301.273
301.304
301.313
301.307
301.288
301.262
301.227
301.191
301.152
301.12
301.089
301.061
301.041
301.081
301.456
302.625
304.568
307.046
309.939
312.267
313.44
313.9
312.481
308.202
309.556
307.917
312.352
310.861
311.85
310.207
315.449
313.626
315.488
313.408
315.69
313.344
320.177
318.028
321.674
319.177
323.716
321.19
325.981
323.786
328.122
326.535
330.095
329.905
329.516
328.789
330.481
331.213
330.308
330.666
325.678
328.148
331.149
329.95
322.934
318.667
322.819
326.131
318.237
303.2
301.889
310.414
317.27
315.991
308.302
300.158
300.021
300.077
300.977
300.475
300.702
300.76
300.831
300.922
301.021
301.122
301.209
301.274
301.311
301.327
301.323
301.306
301.28
301.251
301.212
301.178
301.141
301.113
301.087
301.077
301.185
301.787
303.185
305.346
308.028
310.688
312.264
313.111
312.82
310.354
305.843
304.297
303.539
306.229
305.169
308.715
307.386
307.924
306.508
311.405
309.557
311.075
309.008
311.034
308.692
316.406
313.631
318.115
314.857
320.807
317.399
323.862
320.677
327.947
326.716
325.523
323.952
330.493
330.045
329.309
328.313
331.802
331.922
331.298
331.073
328.657
330.505
332.384
331.722
326.277
322.608
326.274
328.984
322.012
305.858
303.551
314.233
321.089
319.776
312.01
300.218
300.022
300.092
301.868
300.836
300.752
300.817
300.903
301.001
301.104
301.199
301.273
301.316
301.336
301.338
301.323
301.302
301.268
301.237
301.198
301.168
301.135
301.114
301.129
301.367
302.207
303.768
306.021
308.804
311.067
312.164
312.55
311.43
308.25
304.227
301.921
302.012
301.537
303.28
302.538
305.261
304.186
304.284
303.199
307.19
305.604
306.582
304.816
306.398
304.355
311.735
308.86
313.865
310.389
317.188
313.571
322.527
320.76
319.227
317.374
327.117
325.743
324.253
322.656
330.567
329.777
328.739
327.498
332.513
331.663
332.246
331.111
330.948
332.233
333.093
332.928
329.168
326.01
329.163
331.287
325.448
309.297
306.182
317.992
324.551
323.266
315.696
300.339
300.026
300.116
303.398
301.539
300.802
300.885
300.979
301.083
301.188
301.268
301.319
301.346
301.352
301.343
301.318
301.293
301.254
301.224
301.187
301.16
301.144
301.221
301.663
302.69
304.346
306.703
309.435
311.16
311.942
311.807
309.935
306.394
303.193
301.493
300.886
300.863
301.03
300.905
301.479
301.208
302.421
301.868
301.846
301.416
303.415
302.482
302.984
302.075
303.241
302.097
307.311
304.953
310.127
307.207
314.033
310.814
321.02
319.334
317.657
315.945
326.098
324.577
322.974
321.321
330.275
329.203
327.936
326.518
332.841
331.675
332.265
330.811
332.681
333.44
333.45
333.662
331.486
328.934
331.525
333.042
328.418
312.881
309.487
321.492
327.594
326.362
319.223
300.571
300.028
300.15
305.747
302.795
300.86
300.956
301.062
301.171
301.263
301.32
301.354
301.365
301.358
301.341
301.309
301.281
301.239
301.211
301.182
301.192
301.39
302.061
303.217
304.929
307.308
309.814
311.108
311.59
310.902
308.445
304.924
302.478
301.233
300.797
300.754
300.743
300.783
300.761
300.873
300.816
301.138
300.97
300.963
300.856
301.497
301.156
301.435
301.083
301.933
301.287
304.87
303.107
308.06
305.744
313.389
311.734
309.028
310.473
319.659
318.006
316.377
314.804
324.99
323.393
321.761
320.119
329.716
328.44
327.02
325.506
332.886
331.389
332.019
330.29
333.918
334.216
333.532
334.066
333.288
331.354
333.398
334.328
330.926
316.372
312.93
324.674
330.189
329.059
322.484
301.001
300.027
300.217
308.858
304.721
300.932
301.036
301.151
301.251
301.32
301.359
301.375
301.374
301.357
301.333
301.297
301.266
301.227
301.211
301.27
301.652
302.509
303.755
305.496
307.859
310.009
310.991
311.173
309.926
307.109
303.886
301.986
301.071
300.787
300.713
300.714
300.715
300.712
300.723
300.718
300.741
300.73
300.796
300.761
300.762
300.734
300.906
300.813
300.98
300.837
301.507
301.058
303.858
302.419
307.936
306.721
305.247
312.644
311.288
308.818
310.036
318.511
316.948
315.449
314.017
323.932
322.345
320.78
319.279
329.018
327.621
326.14
324.632
332.706
330.931
331.649
329.683
334.748
334.671
333.431
334.204
334.646
333.316
334.845
335.23
332.994
319.699
316.265
327.504
332.372
331.381
325.435
301.864
300.029
300.381
312.2
307.584
301.013
301.129
301.238
301.315
301.362
301.385
301.387
301.375
301.349
301.322
301.283
301.255
301.249
301.402
301.976
302.974
304.294
306.034
308.296
310.096
310.819
310.683
308.985
306.031
303.206
301.655
300.977
300.781
300.712
300.686
300.689
300.684
300.684
300.689
300.685
300.696
300.692
300.716
300.704
300.703
300.687
300.769
300.728
300.858
300.763
301.382
300.988
303.535
302.208
307.71
306.654
305.739
304.714
312.439
311.173
308.796
309.961
317.833
316.434
315.078
313.743
323.162
321.733
320.347
318.982
328.331
326.941
325.564
324.217
332.444
330.446
331.336
329.187
335.268
334.888
333.304
334.2
335.631
334.871
335.934
335.829
334.678
322.785
319.49
329.974
334.189
333.349
328.075
303.401
300.166
301.374
315.524
311.046
301.1
301.218
301.31
301.363
301.392
301.399
301.389
301.371
301.338
301.307
301.278
301.303
301.579
302.337
303.447
304.826
306.582
308.712
310.076
310.606
310.139
308.131
305.215
302.737
301.44
300.925
300.781
300.72
300.67
300.678
300.656
300.659
300.651
300.652
300.652
300.651
300.658
300.656
300.674
300.664
300.662
300.647
300.716
300.682
300.812
300.726
301.387
300.969
303.977
303.131
302.26
307.7
306.673
305.962
305.018
312.69
311.494
309.162
310.316
317.659
316.375
315.122
313.9
322.887
321.607
320.386
319.233
327.916
326.649
325.41
324.245
332.279
330.172
331.208
328.985
335.568
334.975
333.253
334.17
336.319
336.088
336.72
336.221
336.032
325.617
322.539
332.113
335.686
335.008
330.417
307.101
303.326
307.745
318.872
315.329
301.191
301.296
301.362
301.398
301.41
301.405
301.385
301.361
301.325
301.305
301.376
301.797
302.707
303.905
305.34
307.104
308.973
310.006
310.339
309.556
307.363
304.59
302.4
301.299
300.898
300.785
300.73
300.683
300.651
300.656
300.64
300.644
300.634
300.637
300.63
300.632
300.628
300.629
300.633
300.628
300.631
300.614
300.686
300.65
300.782
300.685
301.803
301.354
301.023
304.162
303.394
302.257
302.983
308.045
306.976
306.5
305.469
313.605
312.406
309.969
311.189
318.121
317.021
315.913
314.777
323.183
322.201
321.273
320.367
327.85
326.814
325.894
325.088
332.321
330.168
331.461
329.225
335.755
335.061
333.486
334.267
336.81
336.998
337.3
336.506
337.089
328.194
325.413
333.957
336.906
336.394
332.477
313.866
301.695
310.399
322.313
319.893
301.276
301.358
301.4
301.419
301.416
301.404
301.375
301.349
301.335
301.463
302.038
303.071
304.341
305.809
307.554
309.128
309.891
310.031
308.951
306.678
304.087
302.141
301.201
300.886
300.793
300.743
300.697
300.649
300.658
300.631
300.637
300.619
300.625
300.612
300.615
300.608
300.61
300.605
300.606
300.608
300.604
300.61
300.59
300.638
300.624
300.78
300.674
301.985
301.503
301.331
301.011
304.534
303.699
302.588
303.304
308.77
307.608
307.303
306.15
315.116
313.84
311.173
312.516
319.45
318.483
317.447
316.324
324.376
323.716
323.056
322.349
328.424
327.774
327.257
326.838
332.815
330.736
332.309
330.189
335.947
335.285
334.159
334.659
337.199
337.677
337.78
336.792
337.898
330.519
328.127
335.537
337.869
337.534
334.278
317.08
301.056
308.571
325.606
322.778
301.346
301.401
301.426
301.43
301.415
301.396
301.364
301.366
301.573
302.291
303.419
304.746
306.254
307.933
309.186
309.747
309.653
308.331
306.061
303.653
301.931
301.132
300.883
300.805
300.757
300.713
300.665
300.634
300.638
300.617
300.625
300.603
300.61
300.592
300.598
300.585
300.588
300.58
300.582
300.58
300.58
300.571
300.572
300.615
300.585
300.857
300.746
300.672
302.307
301.748
301.521
301.148
305.094
304.143
303.006
303.835
309.839
308.541
308.332
307.044
317.069
315.654
312.668
314.173
321.553
320.634
319.58
318.388
326.466
326.072
325.591
324.977
329.819
329.605
329.482
329.386
333.912
332.025
333.876
331.968
336.269
335.777
335.438
335.5
337.569
338.218
338.221
337.183
338.521
332.601
330.586
336.866
338.595
338.409
335.826
317.637
300.34
305.439
328.143
324.489
301.398
301.432
301.438
301.432
301.408
301.387
301.404
301.689
302.545
303.747
305.119
306.656
308.224
309.166
309.56
309.208
307.702
305.493
303.262
301.752
301.082
300.884
300.817
300.772
300.729
300.685
300.635
300.618
300.629
300.601
300.609
300.586
300.594
300.574
300.58
300.566
300.57
300.558
300.563
300.56
300.557
300.552
300.543
300.604
300.568
300.907
300.772
300.655
300.72
302.741
302.055
301.826
301.331
305.862
304.79
303.57
304.523
311.172
309.715
309.518
308.094
319.264
317.674
314.333
316.015
324.197
323.227
322.072
320.744
329.26
329.016
328.59
327.963
332.023
332.207
332.36
332.43
335.581
334.035
335.991
334.392
336.848
336.729
337.107
336.763
338.003
338.683
338.659
337.809
338.991
334.436
332.628
337.933
339.082
338.978
337.138
317.661
300.265
304.923
330.028
325.975
301.435
301.451
301.441
301.428
301.402
301.442
301.834
302.788
304.049
305.456
307.006
308.384
309.105
309.324
308.707
307.069
304.955
302.895
301.599
301.045
300.889
300.831
300.787
300.745
300.703
300.655
300.613
300.614
300.625
300.607
300.588
300.597
300.571
300.579
300.557
300.564
300.547
300.552
300.539
300.543
300.545
300.537
300.529
300.522
300.599
300.55
301.006
300.819
300.665
300.745
303.308
302.492
302.226
301.596
306.786
305.595
304.261
305.331
312.666
311.049
310.808
309.248
321.588
319.816
316.109
317.972
327.112
326.031
324.733
323.242
332.437
332.241
331.789
331.103
334.83
335.252
335.545
335.67
337.654
336.547
338.314
337.181
337.76
337.935
339.027
338.385
338.579
339.07
339.06
338.585
339.266
335.982
334.276
338.677
339.316
339.248
338.142
318.338
303.964
311.421
331.736
327.511
301.458
301.458
301.438
301.427
301.494
301.962
303.023
304.322
305.749
307.282
308.477
309.007
309.048
308.176
306.458
304.442
302.561
301.468
301.021
300.896
300.844
300.803
300.762
300.721
300.676
300.636
300.604
300.604
300.612
300.593
300.574
300.584
300.556
300.565
300.541
300.549
300.529
300.535
300.518
300.524
300.513
300.515
300.51
300.497
300.629
300.583
300.541
301.153
300.886
300.693
300.797
303.963
303.025
302.709
301.944
307.819
306.515
305.035
306.22
314.267
312.488
312.242
310.522
324.112
322.169
318.087
320.142
330.167
328.981
327.558
325.924
335.706
335.553
335.1
334.407
337.785
338.276
338.622
338.778
339.696
338.999
340.27
339.666
338.808
339.187
339.96
339.603
339.054
339.264
339.16
339.12
339.338
337.261
335.799
339.065
339.328
339.26
338.723
321.746
300.683
310.795
333.484
329.687
301.47
301.458
301.442
301.541
302.129
303.232
304.57
306.012
307.499
308.483
308.886
308.72
307.637
305.887
303.976
302.283
301.357
301.005
300.906
300.858
300.818
300.78
300.74
300.697
300.656
300.615
300.592
300.592
300.604
300.582
300.562
300.572
300.543
300.552
300.526
300.534
300.512
300.519
300.5
300.507
300.493
300.498
300.497
300.483
300.641
300.585
300.521
300.554
301.371
300.999
300.726
300.875
304.699
303.638
303.28
302.375
308.953
307.521
305.902
307.228
316.054
314.094
314.003
312.063
327.098
325.006
320.525
322.792
333.45
332.227
330.75
329.029
338.839
338.819
338.525
337.984
340.217
340.621
340.888
341.043
340.238
340.706
340.428
341.141
339.248
339.373
339.397
339.438
339.082
339.203
338.984
339.044
339.191
338.124
337.111
339.125
339.174
339.127
338.921
324.289
300.381
308.749
335.187
331.835
301.474
301.468
301.616
302.257
303.438
304.787
306.242
307.665
308.462
308.738
308.361
307.115
305.368
303.561
302.05
301.275
301
300.918
300.874
300.835
300.796
300.76
300.718
300.677
300.638
300.597
300.593
300.612
300.582
300.584
300.571
300.55
300.561
300.53
300.54
300.512
300.521
300.497
300.504
300.487
300.49
300.481
300.48
300.521
300.498
300.481
300.469
300.669
300.599
300.556
301.665
301.167
300.783
300.999
305.572
304.355
303.993
302.915
310.294
308.684
306.958
308.483
318.268
316.08
316.35
314.101
330.881
328.675
323.747
326.261
337.137
335.971
334.561
332.858
341.119
341.161
341.153
340.971
341.423
341.628
341.764
341.833
339.011
340.539
339.107
340.553
338.943
338.654
338.258
338.176
338.644
338.763
337.843
338.095
338.672
338.564
337.832
339.017
338.637
338.603
338.837
325.172
305.534
314.64
336.342
333.532
301.504
301.676
302.437
303.604
304.986
306.439
307.752
308.411
308.566
307.992
306.627
304.91
303.2
301.859
301.213
301.001
300.931
300.89
300.852
300.815
300.777
300.741
300.7
300.662
300.626
300.586
300.591
300.601
300.572
300.574
300.561
300.539
300.55
300.518
300.528
300.498
300.508
300.482
300.49
300.466
300.474
300.467
300.461
300.523
300.497
300.478
300.453
300.71
300.617
300.572
302.05
301.409
300.871
301.186
306.7
305.261
304.95
303.63
312.041
310.166
308.353
310.158
321.215
318.729
319.554
316.888
335.487
333.305
328.004
330.754
340.621
339.96
338.812
337.364
341.881
341.961
342.007
342.016
340.198
340.371
340.466
340.596
331.235
339.173
331.48
339.156
337.442
337.475
331.709
330.688
336.869
337.567
336.428
336.929
337.367
338.514
338.02
338.541
337.269
337.223
338.447
327.937
301.432
316.219
336.98
334.732
301.817
302.547
303.786
305.143
306.601
307.812
308.339
308.387
307.63
306.189
304.512
302.894
301.707
301.17
301.003
300.945
300.906
300.87
300.834
300.799
300.761
300.724
300.687
300.65
300.611
300.577
300.582
300.597
300.563
300.566
300.551
300.528
300.54
300.506
300.517
300.486
300.495
300.467
300.476
300.454
300.459
300.444
300.449
300.53
300.499
300.474
300.472
300.451
300.438
300.774
300.65
300.593
302.559
301.743
301.007
301.46
308.234
306.486
306.257
304.615
314.428
312.177
310.254
312.43
325.185
322.316
323.815
320.641
340.314
338.681
333.323
336.233
342.032
341.962
341.785
341.216
341.102
341.208
341.691
341.741
331.885
332.65
332.688
332.917
323.681
332.468
323.706
332.245
330.1
331.039
323.441
323.212
329.706
335.979
329.45
330.638
335.702
338.242
337.738
337.181
335.551
335.408
337.253
330.449
311.01
324.783
337.241
335.678
302.773
303.894
305.301
306.719
307.819
308.269
308.184
307.287
305.805
304.175
302.638
301.591
301.143
301.009
300.96
300.923
300.888
300.853
300.819
300.785
300.746
300.712
300.676
300.638
300.6
300.589
300.571
300.576
300.553
300.558
300.542
300.518
300.53
300.495
300.506
300.473
300.484
300.454
300.463
300.439
300.445
300.43
300.434
300.542
300.504
300.473
300.448
300.435
300.869
300.696
300.626
303.262
302.209
301.215
301.862
310.294
308.141
307.984
305.955
317.668
314.92
312.767
315.409
330.261
326.996
329.252
325.462
342.577
342.113
339.407
341.321
342.114
342.243
342.628
342.572
333.224
333.449
333.738
333.974
324.336
324.645
324.869
325.033
313.697
324.134
313.694
324.186
322.75
322.951
313.523
313.41
322.331
329.192
322.098
322.672
329.059
336.965
337.618
335.438
328.948
328.781
335.76
333.1
310.071
329.335
337.074
336.352
304.09
305.395
306.823
307.812
308.175
307.982
306.967
305.473
303.893
302.429
301.502
301.127
301.019
300.975
300.94
300.907
300.874
300.839
300.807
300.773
300.736
300.702
300.666
300.629
300.592
300.584
300.578
300.563
300.569
300.545
300.55
300.533
300.509
300.521
300.485
300.497
300.462
300.473
300.442
300.451
300.423
300.432
300.422
300.416
300.414
300.561
300.516
300.476
300.447
300.429
301.019
300.766
300.676
304.245
302.876
301.534
302.454
312.924
310.274
310.13
307.677
321.874
318.514
315.919
319.157
336.458
332.869
336.008
331.637
343.009
343.02
342.708
343.304
334.759
340.962
342.719
342.563
325.309
325.543
325.837
326.072
314.122
314.326
314.455
314.551
304.36
314.006
304.387
314.039
313.146
313.239
304.297
304.263
312.907
321.811
312.783
313.105
321.66
337.159
336.689
328.767
321.546
321.373
328.687
334.875
311.484
331.36
337.034
336.378
305.542
306.884
307.786
308.092
307.763
306.68
305.188
303.661
302.262
301.44
301.124
301.031
300.991
300.957
300.925
300.894
300.863
300.829
300.796
300.765
300.729
300.694
300.659
300.622
300.585
300.574
300.568
300.564
300.556
300.537
300.543
300.525
300.5
300.512
300.475
300.487
300.451
300.463
300.43
300.44
300.409
300.419
300.416
300.413
300.402
300.592
300.53
300.483
300.448
300.426
301.248
300.87
300.751
305.56
303.811
302.018
303.29
316.124
312.885
312.653
309.747
327.239
323.071
319.733
323.87
341.876
339.662
342.042
339.056
336.093
342.467
343.56
343.71
326.428
335.632
335.136
335.315
314.721
314.858
315.019
315.145
304.488
304.557
304.583
304.633
304.445
304.453
304.158
304.192
304.093
312.621
304.047
304.152
312.53
335.23
328.541
336.939
321.391
312.465
312.341
321.343
335.639
401.651
335.564
336.419
336.312
306.948
307.754
307.969
307.574
306.415
304.947
303.468
302.132
301.395
301.124
301.045
301.007
300.975
300.944
300.914
300.884
300.854
300.82
300.788
300.758
300.723
300.688
300.655
300.617
300.581
300.565
300.56
300.559
300.554
300.55
300.53
300.537
300.517
300.491
300.504
300.466
300.479
300.441
300.453
300.419
300.429
300.399
300.408
300.411
300.407
300.394
300.401
300.391
300.636
300.556
300.496
300.453
300.423
301.603
301.031
300.861
307.199
305.042
302.712
304.381
319.928
315.959
315.532
312.113
334.109
328.935
324.393
330.044
343.865
343.196
344.402
343.433
327.752
336.701
343.026
336.827
315.341
326.954
326.989
327.298
304.675
304.737
304.78
304.854
304
303.963
328.806
321.308
334.855
328.608
312.355
303.941
303.91
312.319
336.175
677.52
344.842
335.868
336.293
307.672
307.889
307.347
306.194
304.741
303.312
302.036
301.364
301.127
301.06
301.024
300.993
300.964
300.933
300.905
300.876
300.847
300.815
300.783
300.754
300.719
300.684
300.652
300.615
300.579
300.558
300.554
300.551
300.546
300.545
300.539
300.523
300.532
300.51
300.483
300.496
300.457
300.47
300.432
300.444
300.408
300.42
300.386
300.39
300.397
300.406
300.393
300.387
300.703
300.595
300.516
300.46
300.422
302.127
301.279
301.021
309.114
306.543
303.619
305.689
324.516
319.575
318.854
314.758
341.267
336.281
330.572
337.756
344.289
344.172
344.938
344.862
316.207
328.038
337.463
328.443
304.908
315.683
315.719
315.911
321.414
312.309
329.092
321.338
303.908
303.894
336.256
779.038
370.037
336.055
328.022
335.34
307.715
307.21
305.972
304.576
303.185
301.965
301.345
301.134
301.075
301.041
301.011
300.983
300.955
300.925
300.898
300.868
300.842
300.812
300.782
300.75
300.717
300.681
300.651
300.615
300.578
300.553
300.551
300.544
300.54
300.535
300.53
300.525
300.518
300.504
300.476
300.49
300.449
300.463
300.423
300.436
300.399
300.41
300.374
300.376
300.38
300.387
300.4
300.389
300.379
300.798
300.649
300.543
300.471
300.422
302.817
301.645
301.241
311.257
308.258
304.695
307.161
330.64
323.98
322.86
317.748
344.465
342.571
338.464
343.378
337.586
343.849
338.225
345.021
305.168
316.297
328.726
316.611
305.011
305.021
305.115
312.369
303.895
321.4
312.331
337.316
904.434
408.186
333.017
327.911
321.129
334.335
306.943
305.828
304.422
303.09
301.911
301.333
301.146
301.089
301.058
301.03
301.001
300.976
300.949
300.92
300.894
300.862
300.837
300.81
300.783
300.749
300.716
300.679
300.651
300.616
300.578
300.55
300.55
300.538
300.535
300.527
300.523
300.52
300.515
300.511
300.497
300.469
300.483
300.442
300.456
300.415
300.428
300.39
300.402
300.372
300.367
300.364
300.372
300.376
300.378
300.398
300.382
300.929
300.721
300.579
300.485
300.423
303.637
302.138
301.534
313.61
310.146
305.909
308.782
338.54
329.966
328.407
321.262
345.346
345.144
343.827
345.671
329.089
338.065
339.489
329.773
305.19
316.75
305.28
303.909
312.344
303.913
339.407
943.146
535.699
327.959
320.952
312.217
334.21
326.617
305.602
304.322
303
301.874
301.328
301.155
301.106
301.073
301.047
301.023
300.994
300.971
300.944
300.915
300.892
300.857
300.832
300.807
300.778
300.747
300.712
300.679
300.652
300.619
300.581
300.551
300.551
300.534
300.532
300.521
300.519
300.512
300.507
300.506
300.5
300.491
300.463
300.477
300.435
300.449
300.407
300.421
300.382
300.394
300.372
300.367
300.361
300.362
300.368
300.379
300.369
300.395
301.1
300.813
300.622
300.503
300.427
304.547
302.743
301.906
316.241
312.215
307.234
310.548
344.011
337.859
336.037
326.057
345.444
345.824
346.122
346.31
317.005
329.413
339.446
330.147
317.397
305.339
303.916
348.834
965.562
683.944
320.561
312.131
303.909
334.718
326.441
320.203
304.171
302.946
301.837
301.325
301.168
301.12
301.092
301.064
301.04
301.017
300.99
300.968
300.94
300.912
300.888
300.855
300.822
300.801
300.768
300.742
300.706
300.677
300.644
300.614
300.579
300.55
300.551
300.532
300.531
300.518
300.516
300.504
300.502
300.497
300.492
300.486
300.457
300.472
300.429
300.443
300.401
300.415
300.374
300.387
300.375
300.369
300.361
300.356
300.354
300.361
300.393
300.361
300.358
301.312
300.922
300.675
300.524
300.431
305.544
303.437
302.365
319.22
314.482
308.693
312.484
346.482
343.808
342.745
332.902
345.914
346.818
346.403
305.416
317.184
330.495
339.958
317.617
305.553
373.314
975.78
733.924
311.91
303.904
336.049
326.757
320.016
311.754
302.846
301.817
301.326
301.178
301.136
301.108
301.084
301.057
301.034
301.012
300.987
300.966
300.937
300.912
300.879
300.855
300.821
300.797
300.763
300.734
300.702
300.674
300.643
300.615
300.58
300.55
300.552
300.53
300.532
300.516
300.516
300.5
300.498
300.489
300.486
300.482
300.477
300.453
300.468
300.424
300.438
300.395
300.409
300.367
300.38
300.39
300.388
300.365
300.355
300.35
300.351
300.354
300.353
300.35
301.56
301.049
300.734
300.546
300.436
306.626
304.172
302.881
323.117
316.997
310.319
314.586
347.313
346.666
346.409
340.062
346.937
340.424
305.484
317.868
330.941
305.619
415.432
981.388
745.981
303.86
343.557
328.187
320.166
311.708
303.835
301.773
301.326
301.195
301.149
301.125
301.103
301.079
301.053
301.029
301.007
300.986
300.965
300.936
300.912
300.879
300.854
300.824
300.799
300.761
300.733
300.701
300.674
300.645
300.614
300.581
300.552
300.553
300.532
300.533
300.518
300.516
300.498
300.497
300.484
300.482
300.474
300.471
300.463
300.448
300.419
300.433
300.389
300.404
300.361
300.374
300.44
300.386
300.36
300.35
300.347
300.346
300.347
300.346
300.343
300.343
301.843
301.196
300.797
300.568
307.829
304.961
303.434
328.595
319.988
312.137
316.951
347.469
347.792
348.065
345.018
341.01
331.385
305.701
318.143
395.728
985.853
779.087
341.264
329.612
320.792
311.846
303.813
301.327
301.204
301.169
301.138
301.12
301.1
301.075
301.052
301.027
301.003
300.982
300.96
300.932
300.908
300.875
300.849
300.823
300.8
300.759
300.733
300.698
300.673
300.646
300.618
300.551
300.588
300.536
300.54
300.516
300.516
300.497
300.497
300.481
300.48
300.468
300.466
300.459
300.456
300.444
300.414
300.429
300.385
300.4
300.356
300.369
300.444
300.383
300.357
300.345
300.341
300.342
300.34
300.337
300.338
300.335
300.338
302.172
301.354
300.865
300.591
309.207
305.824
304.03
335.521
324.114
314.147
319.867
341.488
347.998
348.689
347.845
331.992
318.411
305.797
406.59
992.217
829.398
331.695
321.228
312.155
303.852
301.224
301.181
301.16
301.132
301.118
301.099
301.072
301.051
301.026
301.003
300.975
300.956
300.926
300.906
300.872
300.845
300.823
300.799
300.76
300.739
300.706
300.677
300.646
300.621
300.551
300.517
300.522
300.592
300.513
300.516
300.496
300.495
300.479
300.479
300.464
300.463
300.453
300.45
300.441
300.411
300.426
300.381
300.396
300.351
300.365
300.447
300.38
300.353
300.341
300.337
300.334
300.331
300.332
300.329
300.333
300.329
300.337
302.536
301.528
300.938
300.613
310.77
306.775
304.685
342.056
329.321
316.405
323.624
332.515
342.004
348.274
348.885
349.241
318.808
305.896
409.099
335.772
999.507
888.322
322.591
312.254
303.937
301.205
301.178
301.158
301.131
301.117
301.099
301.072
301.051
301.026
301.003
300.975
300.956
300.925
300.908
300.875
300.848
300.822
300.798
300.765
300.738
300.705
300.679
300.648
300.624
300.555
300.523
300.526
300.5
300.505
300.596
300.497
300.498
300.479
300.479
300.462
300.462
300.449
300.447
300.438
300.435
300.407
300.422
300.377
300.392
300.347
300.361
300.449
300.376
300.345
300.332
300.329
300.327
300.326
300.324
300.325
300.322
300.332
300.328
300.342
302.929
301.718
301.013
300.634
312.522
307.872
305.409
346.511
336.053
318.977
328.165
319.12
333.054
343.537
343.122
349.58
306.013
469.745
339.307
323.242
1004.44
924.552
312.793
303.96
301.197
301.175
301.149
301.132
301.109
301.093
301.07
301.047
301.024
301.002
300.975
300.958
300.934
300.907
300.882
300.854
300.83
300.799
300.771
300.749
300.71
300.684
300.654
300.628
300.528
300.562
300.511
300.517
300.482
300.484
300.603
300.48
300.48
300.462
300.463
300.447
300.446
300.434
300.433
300.42
300.405
300.375
300.39
300.344
300.358
300.45
300.371
300.329
300.325
300.322
300.322
300.32
300.319
300.315
300.324
300.32
300.336
300.333
300.366
303.358
301.92
301.091
300.653
314.491
309.101
306.204
349.102
341.887
322.07
333.261
306.125
319.416
333.573
343.823
333.884
349.987
423.217
583.073
324.412
356.112
313.082
1009.17
943.054
304.098
301.192
301.173
301.148
301.133
301.109
301.087
301.068
301.047
301.026
301.008
300.98
300.96
300.942
300.911
300.887
300.855
300.837
300.807
300.774
300.756
300.718
300.69
300.659
300.632
300.532
300.495
300.5
300.567
300.487
300.491
300.465
300.468
300.608
300.462
300.463
300.447
300.448
300.432
300.432
300.418
300.417
300.402
300.372
300.387
300.342
300.355
300.448
300.327
300.32
300.318
300.319
300.317
300.313
300.311
300.316
300.312
300.328
300.323
300.36
300.355
300.446
303.82
302.139
301.167
300.668
316.636
310.454
307.07
350.36
346.463
325.483
338.335
306.25
319.743
334.652
345.351
319.931
453.573
651.944
313.436
329.27
371.171
304.175
1012.14
955.554
301.191
301.166
301.143
301.131
301.112
301.091
301.068
301.051
301.033
301.014
300.988
300.969
300.944
300.922
300.896
300.861
300.842
300.815
300.786
300.764
300.723
300.701
300.668
300.646
300.536
300.501
300.505
300.475
300.479
300.575
300.471
300.473
300.449
300.453
300.617
300.449
300.447
300.432
300.432
300.416
300.415
300.401
300.371
300.386
300.34
300.354
300.326
300.316
300.313
300.315
300.314
300.309
300.308
300.309
300.305
300.318
300.313
300.35
300.342
300.442
300.436
300.679
304.318
302.356
301.236
318.941
311.909
307.978
350.749
349.201
329.118
342.37
306.333
320.457
335.053
345.151
306.416
474.287
698.973
304.254
314.846
333.968
379.874
1012.52
956.894
301.187
301.167
301.147
301.131
301.113
301.094
301.078
301.053
301.04
301.021
300.997
300.976
300.951
300.932
300.907
300.881
300.856
300.822
300.792
300.776
300.742
300.715
300.671
300.659
300.503
300.541
300.488
300.494
300.459
300.462
300.583
300.453
300.455
300.433
300.429
300.623
300.432
300.432
300.416
300.416
300.4
300.399
300.37
300.384
300.338
300.353
300.31
300.324
300.312
300.311
300.307
300.306
300.302
300.299
300.309
300.304
300.335
300.327
300.428
300.416
300.683
300.683
301.296
304.803
302.563
321.345
313.411
308.868
351.238
351.085
332.694
345.987
306.553
320.649
335.537
345.724
490.416
737.475
304.629
315.847
337.421
382.266
1008.31
945.554
301.189
301.167
301.147
301.132
301.121
301.1
301.086
301.06
301.048
301.025
301.011
300.986
300.962
300.941
300.912
300.892
300.868
300.845
300.809
300.784
300.758
300.732
300.693
300.679
300.506
300.478
300.48
300.546
300.465
300.47
300.441
300.446
300.595
300.433
300.439
300.416
300.419
300.646
300.418
300.419
300.399
300.399
300.383
300.37
300.337
300.353
300.309
300.301
300.303
300.323
300.305
300.304
300.298
300.297
300.3
300.297
300.318
300.31
300.399
300.381
300.67
300.646
301.33
301.345
302.741
305.259
323.693
314.893
309.686
351.698
352.287
335.995
348.624
306.65
320.983
335.984
346.289
503.746
763.401
304.811
316.895
339.77
383.302
986.312
899.231
301.191
301.17
301.159
301.141
301.125
301.112
301.094
301.077
301.061
301.035
301.021
301
300.979
300.953
300.926
300.907
300.878
300.858
300.827
300.795
300.773
300.742
300.717
300.689
300.48
300.515
300.459
300.468
300.553
300.449
300.454
300.424
300.426
300.605
300.418
300.42
300.404
300.403
300.662
300.4
300.401
300.383
300.382
300.369
300.336
300.353
300.3
300.308
300.298
300.297
300.297
300.323
300.297
300.297
300.293
300.29
300.303
300.297
300.361
300.342
300.608
300.561
301.337
301.283
302.864
302.92
305.641
325.751
316.237
310.366
352.82
338.502
350.319
306.755
321.336
336.37
346.546
500.571
777.427
305.03
317.849
341.37
382.47
562.095
495.147
301.202
301.18
301.167
301.152
301.13
301.123
301.105
301.089
301.073
301.051
301.034
301.014
300.991
300.969
300.94
300.921
300.894
300.866
300.843
300.81
300.789
300.76
300.733
300.706
300.484
300.452
300.457
300.522
300.442
300.447
300.569
300.431
300.437
300.41
300.412
300.618
300.404
300.406
300.385
300.388
300.682
300.383
300.383
300.369
300.336
300.353
300.296
300.308
300.295
300.296
300.286
300.286
300.323
300.287
300.286
300.293
300.288
300.324
300.31
300.507
300.453
301.198
301.082
302.929
302.831
305.912
306.039
327.344
317.342
310.871
353.528
340.326
351.545
306.891
321.528
336.934
347.154
532.212
762.615
305.272
318.656
342.258
388.839
299.635
339.722
301.207
301.191
301.175
301.166
301.146
301.13
301.116
301.102
301.082
301.067
301.048
301.028
301.002
300.986
300.958
300.935
300.914
300.887
300.861
300.836
300.804
300.776
300.752
300.728
300.455
300.491
300.435
300.441
300.528
300.424
300.429
300.581
300.415
300.42
300.392
300.397
300.635
300.39
300.39
300.37
300.37
300.701
300.369
300.37
300.336
300.354
300.287
300.294
300.308
300.287
300.286
300.287
300.278
300.279
300.323
300.285
300.281
300.298
300.291
300.402
300.363
300.944
300.801
302.649
302.4
306.072
305.965
311.119
328.486
318.164
354.068
341.547
352.214
306.925
321.906
337.457
347.705
465.383
569.079
722.798
305.513
319.3
344.477
383.635
300.22
319.371
301.218
301.207
301.189
301.176
301.163
301.147
301.125
301.113
301.096
301.082
301.063
301.044
301.021
300.999
300.973
300.949
300.924
300.905
300.875
300.853
300.826
300.8
300.771
300.75
300.458
300.429
300.433
300.497
300.416
300.425
300.541
300.406
300.412
300.594
300.4
300.404
300.378
300.379
300.656
300.371
300.375
300.357
300.359
300.723
300.356
300.337
300.278
300.295
300.285
300.284
300.309
300.28
300.281
300.28
300.273
300.277
300.324
300.285
300.28
300.33
300.31
300.659
300.543
302.087
301.752
305.643
305.218
311.208
311.189
318.65
329.208
354.504
342.362
352.734
307.093
322.257
337.927
348.188
480.029
622.542
621.395
305.741
320.423
344.406
383.149
300.233
311.26
301.229
301.216
301.204
301.187
301.175
301.168
301.15
301.131
301.114
301.097
301.078
301.056
301.037
301.018
300.994
300.97
300.946
300.921
300.896
300.873
300.848
300.822
300.795
300.773
300.433
300.467
300.414
300.421
300.507
300.399
300.404
300.556
300.391
300.395
300.617
300.384
300.384
300.361
300.364
300.675
300.361
300.361
300.339
300.34
300.747
300.271
300.282
300.295
300.281
300.282
300.31
300.27
300.271
300.27
300.273
300.277
300.325
300.294
300.285
300.445
300.38
301.404
301.093
304.637
303.979
310.78
310.205
318.861
318.939
329.582
355.186
342.893
353.087
307.194
322.525
338.349
349.792
475.589
618.889
439.635
306.086
320.833
345.323
389.5
300.044
301.808
301.244
301.225
301.22
301.201
301.191
301.178
301.159
301.144
301.128
301.112
301.093
301.072
301.055
301.03
301.014
300.983
300.964
300.94
300.915
300.893
300.869
300.844
300.821
300.798
300.437
300.406
300.411
300.476
300.392
300.403
300.515
300.386
300.388
300.562
300.375
300.379
300.63
300.365
300.371
300.346
300.347
300.697
300.341
300.342
300.327
300.774
300.268
300.283
300.273
300.273
300.296
300.271
300.272
300.312
300.264
300.263
300.265
300.276
300.289
300.334
300.307
300.822
300.62
303.257
302.549
309.379
308.353
318.691
318.038
329.799
355.326
343.33
353.48
307.336
322.763
339.322
349.654
516.732
592.017
338.003
306.255
321.468
347.836
473.664
390.479
300.023
300.399
301.257
301.241
301.233
301.214
301.205
301.191
301.173
301.156
301.14
301.126
301.107
301.082
301.07
301.049
301.031
300.997
300.981
300.96
300.929
300.916
300.89
300.868
300.843
300.823
300.412
300.441
300.39
300.401
300.484
300.376
300.379
300.53
300.365
300.371
300.586
300.358
300.364
300.653
300.351
300.356
300.328
300.331
300.722
300.329
300.331
300.315
300.808
300.27
300.273
300.284
300.272
300.268
300.266
300.297
300.264
300.265
300.26
300.258
300.265
300.3
300.336
300.478
300.388
301.9
301.357
307.152
305.85
317.129
315.815
329.864
329.427
355.934
343.654
353.8
307.432
323.514
339.76
350.045
561.696
506.086
308.932
306.44
322.799
349.502
482.63
401.362
300.015
300.101
301.268
301.255
301.244
301.228
301.213
301.2
301.184
301.17
301.15
301.139
301.124
301.098
301.083
301.064
301.049
301.021
301.004
300.983
300.953
300.938
300.914
300.894
300.869
300.85
300.416
300.384
300.389
300.452
300.372
300.375
300.497
300.362
300.365
300.545
300.353
300.358
300.605
300.345
300.35
300.67
300.337
300.338
300.32
300.32
300.749
300.317
300.319
300.298
300.826
300.282
300.269
300.285
300.27
300.269
300.258
300.257
300.257
300.256
300.261
300.256
300.269
300.386
300.493
300.947
300.662
304.542
303.322
314.188
312.203
328.576
327.275
343.827
356.097
354.068
307.616
323.815
340.049
350.5
552.442
374.354
301.941
306.798
323.705
354.055
521.048
493.602
402.975
300.013
300.045
301.278
301.265
301.253
301.235
301.225
301.211
301.197
301.182
301.162
301.148
301.133
301.114
301.097
301.077
301.059
301.037
301.02
300.999
300.976
300.954
300.932
300.913
300.892
300.868
300.39
300.422
300.369
300.377
300.464
300.357
300.362
300.51
300.344
300.351
300.56
300.335
300.338
300.627
300.328
300.329
300.685
300.321
300.326
300.308
300.308
300.778
300.3
300.303
300.287
300.853
300.328
300.259
300.271
300.262
300.263
300.261
300.252
300.252
300.254
300.252
300.271
300.258
300.292
300.665
301.004
302.306
301.518
310.026
307.758
325.447
322.943
343.561
342.684
356.552
354.239
307.692
323.99
340.567
350.914
514.361
323.243
300.376
307.057
325.624
355.875
519.357
504.596
408.75
300.011
300.033
301.289
301.273
301.265
301.247
301.236
301.217
301.204
301.186
301.174
301.153
301.14
301.123
301.106
301.088
301.068
301.049
301.03
301.009
300.988
300.969
300.951
300.931
300.91
300.895
300.394
300.363
300.366
300.429
300.352
300.359
300.475
300.34
300.346
300.524
300.333
300.337
300.582
300.325
300.328
300.652
300.316
300.319
300.72
300.31
300.313
300.292
300.296
300.802
300.289
300.291
300.272
300.87
300.484
300.253
300.263
300.262
300.255
300.257
300.254
300.245
300.245
300.253
300.247
300.312
300.275
300.377
301.53
302.5
305.668
303.831
319.854
316.252
341.451
339.042
354.275
356.693
307.786
324.326
341.005
351.409
409.683
305.567
300.097
307.568
326.581
359.562
500.317
503.58
497.391
414.613
300.01
300.028
301.299
301.285
301.27
301.256
301.246
301.231
301.214
301.195
301.184
301.164
301.147
301.13
301.112
301.094
301.075
301.058
301.039
301.02
301.001
300.986
300.966
300.944
300.927
300.906
300.367
300.401
300.351
300.357
300.442
300.336
300.342
300.488
300.326
300.331
300.542
300.317
300.321
300.6
300.309
300.315
300.676
300.303
300.306
300.754
300.297
300.3
300.281
300.284
300.828
300.275
300.278
300.26
300.891
300.971
300.246
300.259
300.26
300.248
300.249
300.247
300.241
300.243
300.259
300.248
300.447
300.336
300.643
303.989
306.223
312.708
309.172
335.525
330.35
354.054
353.489
357.194
307.909
324.596
341.55
353.018
337.054
301.007
300.051
307.856
328.355
363.811
430.923
487.66
494.964
489.498
418.666
300.009
300.024
301.307
301.292
301.276
301.261
301.248
301.236
301.22
301.202
301.184
301.167
301.15
301.133
301.116
301.098
301.081
301.063
301.045
301.028
301.01
300.992
300.973
300.957
300.938
300.92
300.339
300.372
300.411
300.332
300.338
300.454
300.323
300.328
300.502
300.313
300.317
300.561
300.306
300.309
300.626
300.299
300.301
300.704
300.291
300.295
300.781
300.285
300.287
300.267
300.269
300.852
300.262
300.265
300.254
300.254
300.902
302.348
300.24
300.251
300.252
300.241
300.243
300.241
300.24
300.242
300.282
300.258
300.855
300.534
301.415
309.776
314.06
325.207
319.718
352.054
349.045
357.154
357.44
308.064
324.88
342.666
352.893
309.483
300.191
300.041
308.371
330.478
367.562
344.925
432.415
478.62
486.587
481.768
420.221
300.008
300.022
301.313
301.298
301.284
301.266
301.252
301.236
301.22
301.202
301.185
301.168
301.151
301.134
301.117
301.099
301.082
301.065
301.048
301.03
301.013
300.995
300.978
300.961
300.943
300.926
300.343
300.329
300.313
300.317
300.383
300.421
300.321
300.467
300.308
300.314
300.521
300.301
300.305
300.578
300.293
300.297
300.649
300.287
300.29
300.732
300.275
300.282
300.808
300.274
300.274
300.255
300.258
300.871
300.251
300.253
300.25
300.248
300.907
305.911
300.236
300.244
300.246
300.235
300.236
300.235
300.242
300.25
300.358
300.31
301.985
301.163
303.452
321.221
328.547
343.598
337.514
357.406
357.481
353.406
308.169
325.741
343.129
301.844
300.072
300.036
308.994
332.478
370.565
312.138
347.219
424.431
468.996
478.479
474.305
422.195
300.007
300.02
301.318
301.301
301.285
301.268
301.252
301.235
301.217
301.2
301.183
301.166
301.148
301.132
301.114
301.096
301.08
301.062
301.046
301.028
301.011
300.994
300.976
300.959
300.943
300.925
300.317
300.347
300.305
300.301
300.308
300.389
300.434
300.3
300.48
300.295
300.299
300.539
300.289
300.292
300.605
300.283
300.285
300.679
300.271
300.277
300.761
300.267
300.27
300.835
300.258
300.263
300.245
300.248
300.883
300.244
300.245
300.242
300.242
300.24
300.907
313.732
300.235
300.237
300.239
300.23
300.231
300.231
300.259
300.289
300.586
300.461
304.959
302.852
308.428
339.928
349.377
356.143
353.995
354.088
358.351
343.553
308.373
326.04
300.335
300.052
300.032
309.607
334.344
373.777
302.555
313.271
344.659
412.443
458.914
470.594
467.28
421.202
300.007
300.018
301.318
301.302
301.283
301.267
301.249
301.231
301.213
301.194
301.178
301.159
301.143
301.124
301.109
301.09
301.072
301.056
301.039
301.021
301.005
300.987
300.97
300.953
300.936
300.918
300.293
300.324
300.36
300.297
300.29
300.294
300.402
300.446
300.292
300.498
300.284
300.288
300.557
300.277
300.281
300.631
300.265
300.271
300.709
300.261
300.265
300.79
300.256
300.259
300.852
300.249
300.252
300.234
300.236
300.889
300.238
300.24
300.236
300.235
300.236
300.234
300.9
329.443
300.242
300.232
300.233
300.227
300.225
300.229
300.313
300.454
301.266
300.835
311.89
306.586
318.635
356.041
358.747
358.788
358.709
355.551
344.337
326.268
308.472
300.098
300.045
300.029
310.212
336.391
375.734
300.472
302.87
312.57
339.512
398.898
448.734
463.006
460.199
422.815
300.006
300.016
301.317
301.297
301.278
301.261
301.242
301.223
301.206
301.185
301.166
301.15
301.132
301.114
301.094
301.076
301.06
301.042
301.025
301.009
300.991
300.974
300.956
300.94
300.919
300.901
300.271
300.298
300.285
300.335
300.367
300.285
300.278
300.412
300.459
300.281
300.516
300.272
300.276
300.581
300.263
300.268
300.657
300.256
300.259
300.741
300.25
300.251
300.814
300.243
300.245
300.865
300.239
300.241
300.227
300.228
300.232
300.226
300.889
300.231
300.233
300.23
300.23
300.228
300.883
350.684
300.265
300.226
300.227
300.226
300.221
300.231
300.473
300.982
303.215
301.737
325.242
314.614
337.369
360.165
359.93
355.789
356.363
345.268
326.832
308.602
300.061
300.04
300.027
310.875
337.999
378.346
300.124
300.539
302.749
310.7
333.418
384.17
437.139
455.018
453.011
417.127
300.006
300.015
301.314
301.293
301.271
301.251
301.233
301.214
301.195
301.173
301.152
301.136
301.117
301.099
301.08
301.062
301.047
301.025
301.006
300.991
300.973
300.954
300.938
300.92
300.9
300.881
300.274
300.269
300.259
300.249
300.252
300.305
300.342
300.382
300.272
300.265
300.425
300.479
300.267
300.535
300.261
300.264
300.606
300.253
300.257
300.694
300.247
300.25
300.769
300.238
300.242
300.833
300.233
300.237
300.871
300.229
300.231
300.222
300.225
300.224
300.219
300.881
300.226
300.228
300.223
300.225
300.223
300.859
360.142
300.336
300.221
300.222
300.229
300.22
300.246
300.919
302.186
308.097
304.067
347.068
331.464
355.833
358.32
357.681
345.842
346.499
327.386
308.746
300.052
300.037
300.025
311.451
339.796
378.385
300.07
300.138
300.525
302.254
308.606
326.9
365.497
422.117
445.742
446.078
418.661
300.006
300.014
301.306
301.284
301.26
301.242
301.219
301.199
301.18
301.154
301.137
301.118
301.098
301.081
301.059
301.041
301.016
301.003
300.988
300.967
300.949
300.929
300.91
300.893
300.873
300.85
300.251
300.28
300.253
300.245
300.238
300.244
300.316
300.35
300.394
300.26
300.438
300.495
300.258
300.559
300.249
300.253
300.642
300.242
300.244
300.72
300.234
300.239
300.794
300.229
300.232
300.846
300.223
300.224
300.871
300.221
300.222
300.221
300.217
300.218
300.216
300.21
300.212
300.865
300.22
300.221
300.219
300.219
300.217
300.829
361.556
300.526
300.217
300.216
300.242
300.221
300.296
302.082
304.888
318.044
309.313
359.489
353.44
361.633
348.319
360.679
347.662
327.763
328.229
308.967
300.047
300.034
300.023
312.069
340.458
379.885
300.058
300.076
300.14
300.437
301.723
306.433
319.65
344.73
398.092
441.505
426.365
414.123
300.005
300.013
301.296
301.273
301.249
301.226
301.205
301.181
301.151
301.139
301.117
301.095
301.074
301.055
301.031
301.012
300.996
300.976
300.952
300.936
300.914
300.899
300.88
300.859
300.833
300.813
300.226
300.257
300.287
300.249
300.241
300.234
300.221
300.224
300.322
300.363
300.405
300.454
300.514
300.243
300.585
300.238
300.241
300.671
300.231
300.235
300.746
300.225
300.227
300.814
300.219
300.222
300.853
300.215
300.217
300.863
300.213
300.214
300.215
300.212
300.207
300.205
300.208
300.84
300.215
300.217
300.213
300.214
300.213
300.787
301.018
300.216
300.213
300.285
300.233
300.453
304.846
310.605
337.319
320.746
362.788
362.798
362.427
329.309
349.327
360.859
328.967
309.077
309.308
300.044
300.032
300.022
312.365
341.759
379.658
300.053
300.063
300.079
300.134
300.34
301.335
304.369
312.4
331.974
436.643
359.665
436.885
415.146
300.005
300.013
301.284
301.258
301.233
301.209
301.184
301.154
301.135
301.113
301.096
301.067
301.051
301.03
301.007
300.985
300.966
300.945
300.925
300.906
300.885
300.866
300.842
300.814
300.796
300.771
300.201
300.23
300.217
300.264
300.296
300.237
300.229
300.219
300.213
300.328
300.374
300.42
300.474
300.54
300.234
300.618
300.225
300.23
300.696
300.22
300.224
300.775
300.216
300.218
300.828
300.21
300.212
300.852
300.203
300.207
300.845
300.199
300.201
300.21
300.205
300.203
300.199
300.2
300.804
300.209
300.211
300.208
300.208
300.208
300.744
302.235
300.217
300.21
300.418
300.272
300.889
310.812
322.334
357.298
342.728
362.142
364.425
309.619
329.991
350.123
309.473
300.04
300.03
300.02
312.829
342.316
381.155
300.049
300.058
300.067
300.083
300.115
300.313
300.827
302.737
307.538
397.793
316.737
419.174
432.961
410.705
300.005
300.012
301.272
301.241
301.215
301.188
301.156
301.138
301.112
301.089
301.059
301.043
301.017
300.988
300.973
300.954
300.936
300.909
300.891
300.865
300.849
300.825
300.802
300.778
300.753
300.726
300.18
300.208
300.203
300.193
300.238
300.271
300.304
300.226
300.219
300.21
300.202
300.341
300.386
300.434
300.494
300.567
300.223
300.645
300.216
300.221
300.729
300.211
300.213
300.795
300.207
300.208
300.834
300.2
300.203
300.843
300.196
300.198
300.818
300.194
300.195
300.198
300.194
300.203
300.202
300.197
300.196
300.763
300.205
300.206
300.202
300.205
300.206
300.696
305.042
300.228
300.209
300.774
300.376
302.024
322.905
345.56
364.572
359.84
363.104
351.158
309.822
330.512
300.038
300.028
300.02
313.101
343.329
379.971
300.046
300.054
300.062
300.071
300.079
300.122
300.2
300.589
301.427
336.27
303.779
357.48
428.208
428.268
411.49
300.005
300.012
301.25
301.226
301.194
301.168
301.139
301.109
301.087
301.06
301.04
301.013
300.987
300.966
300.94
300.922
300.892
300.878
300.858
300.833
300.809
300.784
300.758
300.735
300.708
300.679
300.16
300.182
300.182
300.173
300.213
300.192
300.245
300.277
300.315
300.214
300.204
300.199
300.356
300.397
300.452
300.519
300.594
300.21
300.68
300.207
300.21
300.754
300.198
300.202
300.809
300.193
300.196
300.834
300.191
300.193
300.824
300.187
300.189
300.783
300.189
300.191
300.192
300.187
300.2
300.196
300.194
300.189
300.712
300.2
300.201
300.199
300.201
300.205
300.647
310.866
300.26
300.211
301.675
300.64
304.66
346.301
361.416
365.908
366.119
364.518
352.124
331.162
309.994
300.036
300.027
300.019
313.472
343.695
381.241
300.043
300.051
300.058
300.066
300.072
300.086
300.1
300.176
300.3
308.876
300.772
388.475
316.882
425.573
408.137
406.394
300.005
300.011
301.237
301.202
301.175
301.14
301.116
301.087
301.059
301.038
301.009
300.981
300.956
300.938
300.911
300.888
300.866
300.847
300.82
300.797
300.769
300.74
300.714
300.692
300.662
300.629
300.139
300.164
300.161
300.152
300.186
300.178
300.17
300.22
300.187
300.25
300.283
300.321
300.204
300.195
300.366
300.413
300.471
300.545
300.626
300.201
300.708
300.191
300.195
300.774
300.19
300.192
300.817
300.186
300.189
300.825
300.182
300.183
300.793
300.18
300.181
300.729
300.188
300.184
300.186
300.183
300.178
300.18
300.194
300.192
300.188
300.186
300.664
300.197
300.197
300.193
300.199
300.205
300.588
322.465
300.342
300.223
303.828
301.27
309.994
362.538
367.643
367.423
353.013
366.199
331.806
310.239
300.034
300.026
300.018
313.692
344.323
379.575
300.041
300.048
300.055
300.062
300.068
300.077
300.081
300.101
300.12
301.643
300.206
332.476
303.633
419.294
348.198
418.663
406.25
300.009
301.218
301.187
301.154
301.124
301.093
301.061
301.032
300.998
300.975
300.946
300.924
300.897
300.885
300.86
300.831
300.8
300.772
300.752
300.727
300.702
300.676
300.647
300.611
300.572
300.12
300.142
300.141
300.132
300.168
300.16
300.148
300.193
300.176
300.168
300.225
300.186
300.26
300.296
300.334
300.192
300.378
300.432
300.497
300.574
300.656
300.19
300.734
300.185
300.187
300.792
300.182
300.182
300.814
300.178
300.18
300.801
300.173
300.175
300.755
300.177
300.172
300.172
300.684
300.183
300.181
300.177
300.175
300.191
300.187
300.185
300.181
300.612
300.193
300.193
300.19
300.198
300.21
300.551
345.336
300.532
300.256
308.222
302.68
320.518
369.265
369.039
332.309
354.589
367.842
310.452
300.032
300.025
300.016
313.946
344.638
379.951
300.039
300.046
300.052
300.059
300.065
300.072
300.076
300.086
300.091
300.332
300.11
307.982
300.701
371.953
313.509
418.707
389.956
403.264
300.01
300.019
301.204
301.168
301.135
301.096
301.065
301.038
301.003
300.975
300.941
300.92
300.897
300.88
300.842
300.817
300.793
300.768
300.742
300.72
300.692
300.663
300.635
300.601
300.562
300.535
300.098
300.122
300.121
300.111
300.146
300.138
300.13
300.173
300.157
300.146
300.2
300.176
300.162
300.23
300.182
300.264
300.304
300.347
300.395
300.447
300.524
300.604
300.686
300.179
300.757
300.177
300.179
300.798
300.173
300.174
300.804
300.169
300.172
300.773
300.166
300.167
300.706
300.171
300.163
300.168
300.164
300.629
300.179
300.175
300.174
300.171
300.186
300.184
300.18
300.178
300.567
300.191
300.19
300.186
300.201
300.225
300.499
363.354
300.959
300.342
316.595
305.644
341.314
370.778
310.623
333.321
355.842
369.54
300.031
300.022
314.153
344.647
377.872
300.038
300.044
300.05
300.057
300.062
300.069
300.074
300.081
300.084
300.13
300.093
301.372
300.189
324.446
302.674
400.601
416.661
333.139
403.634
300.022
300.01
300.024
301.192
301.152
301.113
301.08
301.047
301.018
300.982
300.949
300.923
300.896
300.871
300.835
300.819
300.781
300.76
300.737
300.711
300.69
300.653
300.624
300.599
300.554
300.526
300.488
300.078
300.101
300.098
300.09
300.125
300.117
300.109
300.147
300.137
300.127
300.177
300.155
300.144
300.207
300.174
300.163
300.239
300.275
300.315
300.358
300.409
300.475
300.555
300.629
300.715
300.171
300.772
300.167
300.168
300.795
300.165
300.165
300.779
300.159
300.161
300.72
300.158
300.158
300.655
300.16
300.156
300.164
300.156
300.166
300.157
300.572
300.174
300.173
300.169
300.183
300.179
300.177
300.174
300.497
300.19
300.186
300.183
300.209
300.265
300.441
370.99
301.877
300.547
331.927
311.645
363.162
310.922
334.066
357.092
371.325
300.029
314.226
344.29
378.9
300.036
300.042
300.048
300.054
300.06
300.066
300.071
300.077
300.081
300.098
300.087
300.283
300.11
305.086
300.468
404.652
346.266
414.971
308.614
401.479
300.028
300.021
300.028
300.009
300.03
301.174
301.135
301.096
301.063
301.028
300.988
300.96
300.931
300.902
300.872
300.836
300.814
300.777
300.757
300.732
300.7
300.679
300.636
300.615
300.587
300.549
300.518
300.482
300.439
300.059
300.079
300.079
300.07
300.102
300.096
300.088
300.128
300.117
300.107
300.154
300.135
300.125
300.183
300.151
300.144
300.213
300.16
300.247
300.284
300.325
300.373
300.428
300.509
300.581
300.669
300.738
300.778
300.157
300.157
300.781
300.152
300.155
300.74
300.152
300.152
300.677
300.149
300.151
300.596
300.156
300.159
300.153
300.162
300.153
300.165
300.147
300.521
300.171
300.168
300.179
300.176
300.173
300.17
300.465
300.191
300.183
300.179
300.226
300.356
300.413
372.698
303.781
301.01
358.318
322.971
372.88
311.175
334.793
358.654
373.161
314.241
345.077
378.579
300.036
300.042
300.047
300.053
300.058
300.063
300.069
300.074
300.079
300.092
300.084
300.126
300.096
300.818
300.151
409.906
355.991
312.438
301.544
409.616
398.774
300.034
300.031
300.02
300.034
300.009
301.166
301.121
301.079
301.046
301.01
300.975
300.943
300.912
300.881
300.846
300.815
300.776
300.755
300.73
300.701
300.673
300.643
300.608
300.573
300.543
300.5
300.476
300.44
300.402
300.039
300.06
300.058
300.048
300.082
300.078
300.068
300.105
300.096
300.086
300.13
300.114
300.106
300.157
300.135
300.123
300.188
300.151
300.142
300.22
300.257
300.295
300.339
300.386
300.457
300.529
300.612
300.695
300.753
300.775
300.146
300.149
300.751
300.145
300.147
300.699
300.143
300.144
300.62
300.14
300.141
300.54
300.152
300.154
300.158
300.149
300.161
300.149
300.165
300.14
300.146
300.476
300.167
300.176
300.172
300.17
300.166
300.417
300.199
300.181
300.176
300.262
300.554
300.361
307.437
301.999
370.905
342.138
375.186
311.454
335.728
360.245
376.227
314.483
344.87
376.1
300.04
300.045
300.051
300.056
300.062
300.067
300.071
300.077
300.089
300.081
300.104
300.093
300.197
300.109
366.103
318.274
302.234
300.289
408.891
377.93
397.823
300.031
300.037
300.036
300.019
300.039
300.009
301.15
301.114
301.071
301.033
300.999
300.961
300.929
300.895
300.859
300.829
300.789
300.759
300.731
300.702
300.673
300.638
300.595
300.564
300.541
300.502
300.469
300.433
300.385
300.358
300.037
300.019
300.04
300.061
300.057
300.048
300.084
300.077
300.067
300.108
300.095
300.086
300.133
300.113
300.104
300.16
300.13
300.122
300.191
300.14
300.224
300.263
300.304
300.35
300.411
300.478
300.559
300.641
300.72
300.759
300.753
300.139
300.721
300.137
300.136
300.64
300.135
300.135
300.568
300.133
300.134
300.49
300.151
300.148
300.154
300.157
300.146
300.16
300.164
300.133
300.142
300.137
300.428
300.172
300.17
300.165
300.163
300.374
300.213
300.18
300.173
300.335
300.961
300.324
313.897
303.96
376.848
362.523
376.844
311.763
336.668
361.982
376.414
314.481
344.224
376.261
300.045
300.05
300.056
300.061
300.066
300.071
300.075
300.086
300.08
300.098
300.09
300.119
300.102
322.453
303.623
300.384
300.128
408.094
384.255
328.591
396.132
300.041
300.029
300.044
300.042
300.019
300.008
301.144
301.095
301.059
301.019
300.981
300.95
300.917
300.879
300.839
300.804
300.771
300.736
300.704
300.673
300.635
300.594
300.57
300.538
300.505
300.462
300.426
300.385
300.358
300.316
300.018
300.039
300.029
300.019
300.04
300.061
300.058
300.048
300.086
300.076
300.066
300.109
300.093
300.084
300.138
300.113
300.104
300.167
300.13
300.121
300.202
300.234
300.272
300.315
300.368
300.432
300.504
300.591
300.676
300.733
300.751
300.727
300.128
300.657
300.128
300.128
300.585
300.127
300.127
300.502
300.126
300.127
300.434
300.151
300.148
300.144
300.153
300.157
300.14
300.16
300.125
300.134
300.131
300.137
300.383
300.17
300.166
300.163
300.16
300.328
300.242
300.18
300.171
300.494
301.733
300.265
324.638
307.339
378.733
374.496
312.091
337.404
362.159
379.243
314.391
344.274
374.798
300.048
300.053
300.058
300.063
300.068
300.072
300.084
300.078
300.094
300.089
300.107
300.1
304.942
300.564
300.147
300.112
407.059
386.425
332.866
306.518
395.164
300.051
300.04
300.029
300.049
300.018
300.008
301.127
301.08
301.046
301.004
300.974
300.943
300.907
300.865
300.825
300.778
300.74
300.709
300.676
300.636
300.598
300.568
300.525
300.505
300.455
300.426
300.385
300.34
300.311
300.269
300.017
300.009
300.037
300.027
300.019
300.041
300.064
300.057
300.046
300.088
300.076
300.064
300.115
300.093
300.084
300.142
300.111
300.103
300.169
300.119
300.207
300.242
300.282
300.329
300.391
300.451
300.534
300.629
300.701
300.735
300.731
300.685
300.607
300.117
300.119
300.523
300.118
300.117
300.442
300.118
300.116
300.392
300.148
300.151
300.145
300.141
300.153
300.157
300.117
300.124
300.121
300.133
300.13
300.137
300.327
300.166
300.163
300.159
300.266
300.295
300.185
300.17
300.789
303.108
300.227
343.001
312.746
380.426
380.62
312.32
337.638
363.612
379.962
314.381
343.949
374.694
300.055
300.06
300.063
300.069
300.072
300.083
300.078
300.092
300.087
300.102
300.098
300.772
300.161
300.117
300.108
405.819
386.004
336.075
307.875
301.004
393.783
300.05
300.056
300.056
300.039
300.028
300.018
300.008
301.116
301.065
301.016
300.986
300.959
300.93
300.897
300.857
300.808
300.763
300.72
300.68
300.643
300.609
300.573
300.532
300.501
300.457
300.428
300.386
300.348
300.31
300.259
300.221
300.018
300.008
300.036
300.027
300.02
300.042
300.065
300.057
300.046
300.089
300.075
300.065
300.118
300.094
300.085
300.148
300.111
300.102
300.175
300.213
300.251
300.294
300.349
300.407
300.482
300.574
300.657
300.71
300.729
300.693
300.625
300.558
300.108
300.11
300.463
300.11
300.109
300.39
300.108
300.109
300.33
300.148
300.144
300.151
300.14
300.153
300.157
300.109
300.118
300.114
300.126
300.121
300.132
300.13
300.137
300.281
300.164
300.16
300.232
300.388
300.194
300.17
301.318
305.498
300.184
362.635
321.267
382.758
312.474
338.616
364.661
382.762
314.293
343.795
373.173
300.061
300.067
300.071
300.082
300.074
300.09
300.086
300.1
300.096
300.19
300.121
300.111
300.106
404.845
384.935
335.967
308.897
301.175
300.207
392.552
300.047
300.059
300.061
300.038
300.028
300.018
300.008
301.083
301.027
300.99
300.962
300.942
300.918
300.888
300.846
300.793
300.741
300.696
300.652
300.612
300.569
300.543
300.498
300.461
300.429
300.379
300.343
300.298
300.262
300.223
300.178
300.018
300.009
300.037
300.027
300.019
300.043
300.067
300.056
300.045
300.093
300.073
300.064
300.119
300.093
300.083
300.152
300.101
300.185
300.219
300.261
300.309
300.364
300.428
300.518
300.609
300.676
300.713
300.698
300.65
300.569
300.469
300.1
300.404
300.102
300.101
300.348
300.1
300.1
300.29
300.142
300.148
300.139
300.151
300.154
300.158
300.101
300.11
300.107
300.118
300.114
300.126
300.122
300.132
300.128
300.136
300.237
300.161
300.187
300.549
300.214
300.171
302.193
309.362
300.139
376.991
334.732
384.738
312.679
339.18
366.396
383.699
314.252
343.327
372.975
300.066
300.07
300.08
300.075
300.089
300.084
300.098
300.094
300.127
300.115
300.108
300.103
402.652
383.23
335.202
308.977
301.295
300.225
300.13
391.573
300.059
300.046
300.068
300.038
300.028
300.018
300.008
301.037
300.969
300.936
300.933
300.92
300.902
300.877
300.834
300.777
300.72
300.672
300.623
300.585
300.544
300.494
300.463
300.423
300.378
300.344
300.307
300.265
300.223
300.18
300.136
300.018
300.009
300.037
300.028
300.02
300.044
300.068
300.056
300.046
300.096
300.074
300.065
300.125
300.092
300.083
300.156
300.191
300.227
300.272
300.323
300.382
300.45
300.556
300.633
300.689
300.702
300.667
300.595
300.508
300.424
300.092
300.359
300.089
300.091
300.292
300.093
300.092
300.241
300.143
300.141
300.147
300.151
300.155
300.16
300.103
300.093
300.11
300.105
300.118
300.114
300.125
300.121
300.133
300.128
300.137
300.189
300.141
300.816
300.249
300.175
303.548
314.766
300.086
384.982
355.274
312.921
340.297
366.982
387.658
385.176
314.128
343.175
371.592
300.08
300.078
300.087
300.084
300.097
300.092
300.118
300.113
300.106
300.102
400.319
379.876
333.494
308.779
301.356
300.235
300.136
300.122
389.342
300.068
300.058
300.047
300.037
300.027
300.017
300.008
300.966
300.891
300.88
300.879
300.885
300.885
300.865
300.823
300.76
300.698
300.635
300.595
300.559
300.507
300.465
300.425
300.386
300.346
300.301
300.262
300.222
300.179
300.134
300.09
300.018
300.008
300.037
300.027
300.021
300.045
300.071
300.056
300.046
300.098
300.074
300.065
300.129
300.083
300.162
300.195
300.238
300.286
300.339
300.4
300.501
300.581
300.659
300.69
300.677
300.618
300.538
300.444
300.377
300.304
300.081
300.081
300.247
300.082
300.083
300.194
300.14
300.144
300.148
300.152
300.157
300.1
300.093
300.102
300.084
300.111
300.108
300.118
300.114
300.126
300.121
300.132
300.13
300.137
300.143
300.093
301.229
300.306
300.18
305.545
321.896
300.043
368.773
313.27
340.503
368.067
390.187
386.707
314.092
342.712
371.293
300.083
300.076
300.082
300.088
300.095
300.093
300.116
300.111
300.105
300.101
397.094
374.711
330.308
308.289
301.338
300.247
300.138
300.125
300.12
387.955
300.066
300.056
300.047
300.037
300.027
300.017
300.008
300.788
300.766
300.805
300.83
300.854
300.865
300.853
300.81
300.738
300.674
300.612
300.57
300.51
300.473
300.421
300.384
300.347
300.301
300.264
300.22
300.178
300.134
300.088
300.041
300.018
300.008
300.037
300.027
300.022
300.046
300.074
300.056
300.046
300.102
300.073
300.065
300.133
300.167
300.203
300.25
300.301
300.353
300.437
300.525
300.611
300.668
300.677
300.634
300.555
300.448
300.385
300.304
300.254
300.074
300.074
300.197
300.075
300.074
300.144
300.142
300.145
300.149
300.156
300.095
300.098
300.085
300.091
300.104
300.075
300.11
300.107
300.118
300.115
300.126
300.122
300.134
300.131
300.138
300.095
300.041
301.824
300.39
300.19
308.177
330.793
380.103
313.343
340.859
369.354
392.126
313.931
342.238
369.108
300.087
300.086
300.095
300.091
300.114
300.109
300.104
300.1
394.535
366.901
326.083
307.373
301.284
300.248
300.144
300.129
300.123
300.118
393.69
300.066
300.056
300.046
300.037
300.027
300.018
300.466
300.631
300.724
300.772
300.816
300.843
300.837
300.794
300.71
300.635
300.584
300.519
300.467
300.42
300.387
300.35
300.304
300.255
300.216
300.175
300.13
300.09
300.041
300.036
300.022
300.048
300.076
300.056
300.047
300.106
300.064
300.139
300.174
300.217
300.258
300.313
300.375
300.461
300.565
300.634
300.667
300.645
300.58
300.481
300.398
300.325
300.26
300.195
300.065
300.149
300.064
300.092
300.142
300.146
300.154
300.095
300.102
300.111
300.107
300.119
300.116
300.127
300.123
300.135
300.132
300.139
300.041
302.627
300.506
300.2
311.577
342.062
387.523
313.511
342.538
313.82
341.461
300.113
300.108
355.931
321.005
306.216
301.164
300.245
300.146
300.131
300.127
300.121
300.117
300.056
300.046
300.267
300.497
300.616
300.72
300.774
300.816
300.816
300.762
300.688
300.613
300.548
300.482
300.431
300.394
300.355
300.312
300.262
300.22
300.177
300.13
300.086
300.038
300.022
300.048
300.079
300.056
300.11
300.144
300.182
300.226
300.275
300.33
300.4
300.511
300.587
300.644
300.647
300.596
300.507
300.419
300.339
300.267
300.208
300.15
300.097
300.045
300.144
300.153
300.112
300.12
300.128
300.124
300.137
300.134
300.141
303.672
300.654
300.214
315.906
313.699
313.546
304.92
301.006
300.239
300.148
300.136
300.129
300.17
300.371
300.567
300.661
300.738
300.797
300.799
300.742
300.662
300.574
300.5
300.456
300.406
300.353
300.314
300.268
300.22
300.176
300.129
300.085
300.042
300.024
300.051
300.08
300.114
300.151
300.191
300.238
300.288
300.352
300.438
300.533
300.613
300.639
300.606
300.538
300.439
300.36
300.28
300.212
300.151
300.099
300.044
300.151
300.139
300.15
300.827
300.227
300.124
300.315
300.491
300.614
300.718
300.775
300.78
300.714
300.616
300.543
300.474
300.411
300.372
300.319
300.261
300.219
300.178
300.132
300.087
300.042
300.024
300.053
300.084
300.118
300.157
300.2
300.248
300.306
300.38
300.466
300.568
300.619
300.611
300.56
300.461
300.369
300.282
300.223
300.158
300.102
300.047
300.092
300.257
300.455
300.596
300.706
300.765
300.748
300.668
300.57
300.491
300.426
300.379
300.326
300.276
300.226
300.181
300.128
300.084
300.042
300.025
300.055
300.088
300.123
300.163
300.209
300.262
300.331
300.413
300.503
300.589
300.608
300.574
300.48
300.382
300.298
300.232
300.165
300.098
300.043
300.106
300.242
300.436
300.591
300.7
300.752
300.727
300.63
300.534
300.445
300.391
300.336
300.275
300.232
300.182
300.131
300.087
300.042
300.026
300.057
300.09
300.129
300.172
300.22
300.285
300.352
300.442
300.541
300.589
300.581
300.509
300.413
300.319
300.238
300.164
300.102
300.046
300.107
300.268
300.421
300.591
300.699
300.741
300.691
300.595
300.484
300.407
300.348
300.289
300.233
300.179
300.138
300.086
300.042
300.028
300.059
300.094
300.135
300.177
300.233
300.302
300.383
300.494
300.558
300.574
300.526
300.444
300.33
300.244
300.178
300.111
300.051
300.108
300.262
300.418
300.602
300.702
300.718
300.656
300.532
300.432
300.365
300.297
300.241
300.189
300.139
300.088
300.041
300.029
300.062
300.1
300.143
300.189
300.25
300.325
300.44
300.51
300.558
300.539
300.466
300.34
300.264
300.187
300.116
300.053
300.11
300.263
300.443
300.616
300.704
300.692
300.59
300.476
300.389
300.306
300.253
300.195
300.141
300.092
300.04
300.029
300.064
300.105
300.152
300.205
300.271
300.357
300.469
300.528
300.536
300.483
300.368
300.283
300.191
300.12
300.054
300.12
300.268
300.486
300.639
300.698
300.651
300.536
300.426
300.334
300.263
300.2
300.145
300.09
300.04
300.031
300.067
300.11
300.157
300.223
300.289
300.39
300.485
300.521
300.497
300.409
300.298
300.194
300.125
300.053
300.128
300.314
300.524
300.657
300.681
300.591
300.473
300.367
300.274
300.212
300.149
300.092
300.044
300.033
300.071
300.118
300.169
300.238
300.317
300.434
300.493
300.498
300.44
300.3
300.206
300.135
300.057
300.135
300.358
300.567
300.663
300.642
300.529
300.407
300.299
300.22
300.153
300.096
300.045
300.035
300.077
300.128
300.185
300.255
300.353
300.45
300.486
300.446
300.328
300.231
300.142
300.056
300.16
300.41
300.595
300.653
300.585
300.455
300.325
300.233
300.164
300.102
300.044
300.036
300.08
300.134
300.203
300.285
300.393
300.456
300.447
300.357
300.252
300.148
300.061
300.218
300.466
300.614
300.622
300.522
300.374
300.252
300.167
300.108
300.048
300.037
300.088
300.149
300.228
300.326
300.412
300.438
300.387
300.268
300.151
300.067
300.3
300.514
300.615
300.572
300.428
300.293
300.19
300.117
300.05
300.041
300.097
300.162
300.253
300.36
300.413
300.39
300.289
300.173
300.068
300.382
300.554
300.591
300.484
300.337
300.215
300.123
300.049
300.042
300.102
300.182
300.291
300.375
300.386
300.309
300.173
300.073
300.452
300.564
300.532
300.394
300.248
300.137
300.057
300.045
300.116
300.201
300.313
300.371
300.319
300.197
300.083
300.504
300.545
300.459
300.289
300.148
300.063
300.049
300.127
300.238
300.327
300.326
300.217
300.091
300.524
300.497
300.336
300.176
300.069
300.059
300.148
300.256
300.305
300.22
300.101
300.505
300.397
300.223
300.08
300.068
300.179
300.273
300.237
300.109
300.44
300.285
300.097
300.071
300.191
300.221
300.115
300.337
300.109
300.083
300.192
300.123
300.133
300.095
300.114
300.082
)
;

boundaryField
{
    lowerOutlet
    {
        type            inletOutlet;
        inletValue      uniform 300;
        value           nonuniform List<scalar> 
148
(
300
300
300
300
300
300
300
300
300
300
300
300
300
300
300
300
300
300
300
300
300
300
300
300
300
300
300
300
300
300
300
300
300
300
300
300
300
300
300
300
300
300
300
300
300
300
300
311.133
561.583
300
300
300
300
300
300
300
300
300
300
300
300
300
300
300
300
300
300
300
300
300
300
300
300
300
300
300
300
300
300
300
300
300
300
300
300
300
300
300
300
300
300
300
300
300
300
300
402.171
300
300
300
300
300
300
300
300
300
303.953
300
300
300
300
300
300
300
300
300
300
300
300
300
300
300
300
300
300
300
300
300
300
300
300
300
300
300
300
303.306
300
305.583
300
300
300
300
300
300
300
300
300
300
)
;
    }
    top
    {
        type            inletOutlet;
        inletValue      uniform 300;
        value           nonuniform List<scalar> 
100
(
300.174
300.359
300.48
300.577
300.645
300.701
300.75
300.8
300.857
300.929
301.01
301.098
301.188
301.274
301.344
301.397
301.434
301.458
301.47
301.474
301.503
301.812
302.76
304.071
305.521
306.932
307.669
307.721
306.959
305.622
304.19
302.862
301.781
301.329
301.224
301.205
301.197
301.192
301.19
301.187
301.189
301.192
301.202
301.207
301.218
301.229
301.243
301.256
301.267
301.277
301.289
301.299
301.307
301.313
301.318
301.318
301.317
301.314
301.306
301.296
301.284
301.272
301.25
301.237
301.219
301.204
301.192
301.174
301.167
301.15
301.145
301.128
301.116
301.084
301.038
300.969
300.792
300
300
300
300
300
300
300
300
300
300
300
300
300
300.216
300.297
300.38
300.449
300.502
300.523
300.504
300.44
300.336
300
)
;
    }
    sides
    {
        type            inletOutlet;
        inletValue      uniform 300;
        value           uniform 300;
    }
    front
    {
        type            empty;
    }
    back
    {
        type            empty;
    }
    roller
    {
        type            fixedValue;
        value           uniform 300;
    }
    burner
    {
        type            fixedValue;
        value           uniform 1044.99;
    }
}


// ************************************************************************* //
