/*--------------------------------*- C++ -*----------------------------------*\
  =========                 |
  \\      /  F ield         | OpenFOAM: The Open Source CFD Toolbox
   \\    /   O peration     | Website:  https://openfoam.org
    \\  /    A nd           | Version:  dev
     \\/     M anipulation  |
\*---------------------------------------------------------------------------*/
FoamFile
{
    version     2.0;
    format      ascii;
    class       volScalarField;
    location    "2500";
    object      O2;
}
// * * * * * * * * * * * * * * * * * * * * * * * * * * * * * * * * * * * * * //

dimensions      [0 0 0 0 0 0 0];

internalField   nonuniform List<scalar> 
9851
(
0.23301
0.23301
0.23301
0.23301
0.23301
0.23301
0.23301
0.23301
0.23301
0.23301
0.23301
0.23301
0.23301
0.23301
0.23301
0.23301
0.23301
0.23301
0.23301
0.23301
0.23301
0.23301
0.23301
0.23301
0.23301
0.23301
0.23301
0.23301
0.23301
0.23301
0.23301
0.23301
0.23301
0.23301
0.23301
0.23301
0.23301
0.23301
0.23301
0.23301
0.23301
0.23301
0.23301
0.23301
0.23301
0.23301
0.23301
0.23301
0.23301
0.23301
0.23301
0.23301
0.23301
0.23301
0.23301
0.23301
0.23301
0.23301
0.23301
0.23301
0.23301
0.23301
0.23301
0.23301
0.23301
0.23301
0.23301
0.23301
0.23301
0.23301
0.23301
0.23301
0.23301
0.23301
0.23301
0.23301
0.23301
0.23301
0.23301
0.23301
0.23301
0.23301
0.23301
0.23301
0.23301
0.23301
0.23301
0.23301
0.23301
0.23301
0.23301
0.23301
0.23301
0.23301
0.23301
0.23301
0.23301
0.23301
0.23301
0.23301
0.23301
0.23301
0.23301
0.23301
0.23301
0.23301
0.23301
0.23301
0.23301
0.23301
0.23301
0.23301
0.23301
0.23301
0.23301
0.23301
0.23301
0.23301
0.23301
0.23301
0.23301
0.23301
0.23301
0.23301
0.23301
0.23301
0.23301
0.23301
0.23301
0.23301
0.23301
0.23301
0.23301
0.23301
0.23301
0.23301
0.23301
0.23301
0.23301
0.23301
0.23301
0.23301
0.23301
0.23301
0.23301
0.23301
0.23301
0.23301
0.23301
0.23301
0.23301
0.23301
0.23301
0.23301
0.23301
0.23301
0.23301
0.23301
0.23301
0.23301
0.23301
0.23301
0.23301
0.23301
0.23301
0.23301
0.23301
0.23301
0.23301
0.23301
0.23301
0.23301
0.23301
0.23301
0.23301
0.23301
0.23301
0.23301
0.23301
0.23301
0.23301
0.23301
0.23301
0.23301
0.23301
0.23301
0.23301
0.23301
0.23301
0.23301
0.23301
0.23301
0.23301
0.23301
0.23301
0.23301
0.23301
0.23301
0.23301
0.23301
0.23301
0.23301
0.23301
0.23301
0.23301
0.23301
0.23301
0.23301
0.23301
0.23301
0.23301
0.23301
0.23301
0.23301
0.23301
0.23301
0.23301
0.23301
0.23301
0.23301
0.23301
0.23301
0.23301
0.23301
0.23301
0.23301
0.23301
0.23301
0.23301
0.23301
0.23301
0.23301
0.23301
0.23301
0.23301
0.23301
0.23301
0.23301
0.23301
0.23301
0.23301
0.23301
0.23301
0.23301
0.23301
0.23301
0.23301
0.23301
0.23301
0.23301
0.23301
0.23301
0.23301
0.23301
0.23301
0.23301
0.23301
0.23301
0.23301
0.23301
0.23301
0.23301
0.23301
0.23301
0.23301
0.23301
0.23301
0.23301
0.23301
0.23301
0.23301
0.23301
0.23301
0.23301
0.23301
0.23301
0.23301
0.23301
0.23301
0.23301
0.23301
0.23301
0.23301
0.23301
0.23301
0.23301
0.23301
0.23301
0.23301
0.23301
0.23301
0.23301
0.23301
0.23301
0.23301
0.23301
0.23301
0.23301
0.23301
0.23301
0.23301
0.23301
0.23301
0.23301
0.23301
0.23301
0.23301
0.23301
0.23301
0.23301
0.23301
0.23301
0.23301
0.23301
0.23301
0.23301
0.23301
0.23301
0.23301
0.23301
0.23301
0.23301
0.23301
0.23301
0.23301
0.23301
0.23301
0.23301
0.23301
0.23301
0.23301
0.23301
0.23301
0.23301
0.23301
0.23301
0.23301
0.23301
0.23301
0.23301
0.23301
0.23301
0.23301
0.23301
0.23301
0.23301
0.23301
0.23301
0.23301
0.23301
0.23301
0.23301
0.23301
0.23301
0.23301
0.23301
0.23301
0.23301
0.23301
0.23301
0.23301
0.23301
0.23301
0.23301
0.23301
0.23301
0.23301
0.23301
0.23301
0.23301
0.23301
0.23301
0.23301
0.23301
0.23301
0.23301
0.23301
0.23301
0.23301
0.23301
0.23301
0.23301
0.23301
0.23301
0.23301
0.23301
0.23301
0.23301
0.23301
0.23301
0.23301
0.23301
0.23301
0.23301
0.23301
0.23301
0.23301
0.23301
0.23301
0.23301
0.23301
0.23301
0.23301
0.23301
0.23301
0.23301
0.23301
0.23301
0.23301
0.23301
0.23301
0.23301
0.23301
0.23301
0.23301
0.23301
0.23301
0.23301
0.23301
0.23301
0.23301
0.23301
0.23301
0.23301
0.23301
0.23301
0.23301
0.23301
0.23301
0.23301
0.23301
0.23301
0.23301
0.23301
0.23301
0.23301
0.23301
0.23301
0.23301
0.23301
0.23301
0.23301
0.23301
0.23301
0.23301
0.23301
0.23301
0.23301
0.23301
0.23301
0.23301
0.23301
0.23301
0.23301
0.23301
0.23301
0.23301
0.23301
0.23301
0.23301
0.23301
0.23301
0.23301
0.23301
0.23301
0.23301
0.23301
0.23301
0.23301
0.23301
0.23301
0.23301
0.23301
0.23301
0.23301
0.23301
0.23301
0.23301
0.23301
0.23301
0.23301
0.23301
0.23301
0.23301
0.23301
0.23301
0.23301
0.23301
0.23301
0.23301
0.23301
0.23301
0.23301
0.23301
0.23301
0.23301
0.23301
0.23301
0.23301
0.23301
0.23301
0.23301
0.23301
0.23301
0.23301
0.23301
0.23301
0.23301
0.23301
0.23301
0.23301
0.23301
0.23301
0.23301
0.23301
0.23301
0.23301
0.23301
0.23301
0.23301
0.23301
0.23301
0.23301
0.23301
0.23301
0.23301
0.23301
0.23301
0.23301
0.23301
0.23301
0.23301
0.23301
0.23301
0.23301
0.23301
0.23301
0.23301
0.23301
0.23301
0.23301
0.23301
0.23301
0.23301
0.23301
0.23301
0.23301
0.23301
0.23301
0.23301
0.23301
0.23301
0.23301
0.23301
0.23301
0.23301
0.23301
0.23301
0.23301
0.23301
0.23301
0.23301
0.23301
0.23301
0.23301
0.23301
0.23301
0.23301
0.23301
0.23301
0.23301
0.23301
0.23301
0.23301
0.23301
0.23301
0.23301
0.23301
0.23301
0.23301
0.23301
0.23301
0.23301
0.23301
0.23301
0.23301
0.23301
0.23301
0.23301
0.23301
0.23301
0.23301
0.23301
0.23301
0.23301
0.23301
0.23301
0.23301
0.23301
0.23301
0.23301
0.23301
0.23301
0.23301
0.23301
0.23301
0.23301
0.23301
0.23301
0.23301
0.23301
0.23301
0.23301
0.23301
0.23301
0.23301
0.23301
0.23301
0.23301
0.23301
0.23301
0.23301
0.23301
0.23301
0.23301
0.23301
0.23301
0.23301
0.23301
0.23301
0.23301
0.23301
0.23301
0.23301
0.23301
0.23301
0.23301
0.23301
0.23301
0.23301
0.23301
0.23301
0.23301
0.23301
0.23301
0.23301
0.23301
0.23301
0.23301
0.23301
0.23301
0.23301
0.23301
0.23301
0.23301
0.23301
0.23301
0.23301
0.23301
0.23301
0.23301
0.23301
0.23301
0.23301
0.23301
0.23301
0.23301
0.23301
0.23301
0.23301
0.23301
0.23301
0.23301
0.23301
0.23301
0.23301
0.23301
0.23301
0.23301
0.23301
0.23301
0.23301
0.23301
0.23301
0.23301
0.23301
0.23301
0.23301
0.23301
0.23301
0.23301
0.23301
0.23301
0.23301
0.23301
0.23301
0.23301
0.23301
0.23301
0.23301
0.23301
0.23301
0.23301
0.23301
0.23301
0.23301
0.23301
0.23301
0.23301
0.23301
0.23301
0.23301
0.23301
0.23301
0.23301
0.23301
0.23301
0.23301
0.23301
0.23301
0.23301
0.23301
0.23301
0.23301
0.23301
0.23301
0.23301
0.23301
0.23301
0.23301
0.23301
0.23301
0.23301
0.23301
0.23301
0.23301
0.23301
0.23301
0.23301
0.23301
0.23301
0.23301
0.23301
0.23301
0.23301
0.23301
0.23301
0.23301
0.23301
0.23301
0.23301
0.23301
0.23301
0.23301
0.23301
0.23301
0.23301
0.23301
0.23301
0.23301
0.23301
0.23301
0.23301
0.23301
0.23301
0.23301
0.23301
0.23301
0.23301
0.23301
0.23301
0.23301
0.23301
0.23301
0.23301
0.23301
0.23301
0.23301
0.23301
0.23301
0.23301
0.23301
0.23301
0.23301
0.23301
0.23301
0.23301
0.23301
0.23301
0.23301
0.23301
0.23301
0.23301
0.23301
0.23301
0.23301
0.23301
0.23301
0.23301
0.23301
0.23301
0.23301
0.23301
0.23301
0.23301
0.23301
0.23301
0.23301
0.23301
0.23301
0.23301
0.23301
0.23301
0.23301
0.23301
0.23301
0.23301
0.23301
0.23301
0.23301
0.23301
0.23301
0.23301
0.23301
0.23301
0.23301
0.23301
0.23301
0.23301
0.23301
0.23301
0.23301
0.23301
0.23301
0.23301
0.23301
0.23301
0.23301
0.23301
0.23301
0.23301
0.23301
0.23301
0.23301
0.23301
0.23301
0.23301
0.23301
0.23301
0.23301
0.23301
0.23301
0.23301
0.23301
0.23301
0.23301
0.23301
0.23301
0.23301
0.23301
0.23301
0.23301
0.23301
0.23301
0.23301
0.23301
0.23301
0.23301
0.23301
0.23301
0.23301
0.23301
0.23301
0.23301
0.23301
0.23301
0.23301
0.23301
0.23301
0.23301
0.23301
0.23301
0.23301
0.23301
0.23301
0.23301
0.233009
0.233008
0.233009
0.233008
0.233009
0.233008
0.23301
0.233009
0.23301
0.23301
0.23301
0.23301
0.23301
0.23301
0.23301
0.23301
0.23301
0.23301
0.23301
0.23301
0.23301
0.23301
0.23301
0.23301
0.23301
0.23301
0.23301
0.23301
0.23301
0.23301
0.23301
0.23301
0.23301
0.23301
0.23301
0.23301
0.23301
0.23301
0.23301
0.23301
0.23301
0.23301
0.23301
0.23301
0.23301
0.23301
0.23301
0.23301
0.23301
0.233008
0.233006
0.233
0.233004
0.232996
0.233004
0.232993
0.233006
0.232996
0.233008
0.233001
0.233009
0.233007
0.233009
0.23301
0.233009
0.23301
0.23301
0.23301
0.23301
0.23301
0.23301
0.23301
0.23301
0.23301
0.23301
0.23301
0.23301
0.23301
0.23301
0.23301
0.23301
0.23301
0.23301
0.23301
0.23301
0.23301
0.23301
0.23301
0.23301
0.23301
0.23301
0.23301
0.23301
0.23301
0.23301
0.23301
0.23301
0.23301
0.23301
0.23301
0.233009
0.233005
0.232992
0.232974
0.232978
0.232938
0.232968
0.232913
0.232969
0.232904
0.23298
0.232922
0.232995
0.232956
0.233006
0.232989
0.233005
0.23301
0.233006
0.233007
0.23301
0.23301
0.23301
0.23301
0.23301
0.23301
0.23301
0.23301
0.23301
0.23301
0.23301
0.23301
0.23301
0.23301
0.23301
0.23301
0.23301
0.23301
0.23301
0.23301
0.23301
0.23301
0.23301
0.23301
0.23301
0.23301
0.23301
0.23301
0.23301
0.23301
0.23301
0.23301
0.23301
0.23301
0.233009
0.232998
0.232944
0.232904
0.232886
0.23278
0.232811
0.232651
0.232772
0.232543
0.232788
0.232516
0.232847
0.232603
0.232926
0.232747
0.232983
0.232895
0.232981
0.233008
0.232983
0.23299
0.23301
0.233009
0.23301
0.23301
0.23301
0.23301
0.23301
0.23301
0.23301
0.23301
0.23301
0.23301
0.23301
0.23301
0.23301
0.23301
0.23301
0.23301
0.23301
0.23301
0.23301
0.23301
0.23301
0.23301
0.23301
0.23301
0.23301
0.23301
0.23301
0.23301
0.23301
0.23301
0.23301
0.23301
0.233006
0.232975
0.232817
0.232868
0.232681
0.232521
0.232459
0.232246
0.232261
0.231955
0.232142
0.231726
0.232159
0.231629
0.232354
0.231727
0.232635
0.232066
0.232871
0.232535
0.232864
0.232999
0.232878
0.23291
0.23301
0.233005
0.23301
0.23301
0.23301
0.23301
0.23301
0.23301
0.23301
0.23301
0.23301
0.23301
0.23301
0.23301
0.23301
0.23301
0.23301
0.23301
0.233009
0.233009
0.233008
0.233008
0.233008
0.233009
0.233009
0.23301
0.23301
0.23301
0.23301
0.23301
0.23301
0.23301
0.23301
0.233009
0.233002
0.232922
0.232355
0.232418
0.232164
0.232044
0.231835
0.23166
0.231382
0.231322
0.230951
0.231113
0.230611
0.231075
0.230458
0.231294
0.23052
0.231798
0.230857
0.23247
0.231598
0.232461
0.232951
0.232519
0.232634
0.233009
0.232984
0.23301
0.23301
0.23301
0.23301
0.23301
0.23301
0.23301
0.23301
0.23301
0.23301
0.23301
0.23301
0.23301
0.23301
0.233009
0.233009
0.233007
0.233005
0.233003
0.233002
0.233003
0.233005
0.233007
0.233008
0.233009
0.23301
0.23301
0.23301
0.23301
0.23301
0.23301
0.233009
0.232998
0.232865
0.232169
0.231355
0.231216
0.231661
0.231489
0.231137
0.230909
0.23062
0.230329
0.230194
0.229857
0.229959
0.229638
0.229928
0.229595
0.230071
0.229645
0.230527
0.229826
0.231495
0.230325
0.231515
0.23277
0.231671
0.231945
0.233002
0.232892
0.23301
0.233008
0.23301
0.23301
0.23301
0.23301
0.23301
0.23301
0.23301
0.23301
0.23301
0.23301
0.23301
0.233009
0.233008
0.233006
0.233002
0.232994
0.232985
0.232979
0.23298
0.232987
0.232996
0.233003
0.233007
0.233009
0.23301
0.23301
0.23301
0.23301
0.23301
0.233009
0.232996
0.232827
0.232053
0.231113
0.231013
0.230424
0.230303
0.23072
0.230556
0.230087
0.229879
0.229602
0.229416
0.229432
0.229294
0.229417
0.229324
0.22946
0.229368
0.229519
0.22941
0.229683
0.229477
0.230242
0.229611
0.230271
0.232265
0.230446
0.230819
0.23297
0.232593
0.233009
0.232996
0.23301
0.23301
0.23301
0.23301
0.23301
0.23301
0.23301
0.23301
0.23301
0.23301
0.23301
0.233009
0.233006
0.232999
0.232985
0.23296
0.232928
0.232902
0.232897
0.232915
0.232946
0.232976
0.232995
0.233004
0.233008
0.233009
0.23301
0.23301
0.23301
0.233009
0.232996
0.23282
0.231992
0.230941
0.231012
0.230211
0.230127
0.229462
0.229363
0.229711
0.229573
0.22927
0.229146
0.229198
0.229113
0.22926
0.229228
0.229367
0.229417
0.22944
0.229557
0.229448
0.229585
0.229442
0.229512
0.229577
0.229428
0.229582
0.231328
0.229657
0.229882
0.23282
0.231886
0.232988
0.232844
0.23301
0.23301
0.23301
0.23301
0.23301
0.23301
0.23301
0.23301
0.23301
0.23301
0.23301
0.233008
0.233002
0.232986
0.232949
0.232883
0.232797
0.232723
0.232687
0.232701
0.232765
0.232859
0.232936
0.23298
0.233
0.233007
0.233009
0.23301
0.23301
0.233009
0.232997
0.232824
0.231996
0.23041
0.230082
0.229914
0.229289
0.229225
0.228858
0.228775
0.22904
0.228944
0.229035
0.228959
0.229211
0.229201
0.229515
0.229625
0.229789
0.230047
0.229891
0.23028
0.229787
0.230259
0.229578
0.229993
0.229409
0.229614
0.229381
0.23028
0.229372
0.229402
0.23219
0.230722
0.232668
0.232053
0.23301
0.23301
0.23301
0.23301
0.23301
0.23301
0.23301
0.23301
0.23301
0.23301
0.233007
0.232998
0.232968
0.232898
0.232776
0.232629
0.23251
0.232447
0.232443
0.232494
0.232599
0.232749
0.23289
0.232966
0.232995
0.233006
0.233009
0.23301
0.233009
0.232998
0.232833
0.232019
0.230431
0.229137
0.229139
0.229196
0.229147
0.2287
0.228632
0.228729
0.228649
0.228884
0.228807
0.229182
0.229152
0.229707
0.229751
0.230263
0.230413
0.230648
0.23095
0.230741
0.231169
0.230546
0.23102
0.230126
0.230665
0.229596
0.230164
0.22951
0.229522
0.229388
0.229287
0.231005
0.229742
0.232775
0.23186
0.23301
0.23301
0.23301
0.23301
0.23301
0.23301
0.23301
0.23301
0.23301
0.233007
0.232994
0.23295
0.232842
0.23266
0.232458
0.232309
0.232229
0.232205
0.232232
0.232316
0.232461
0.232655
0.232851
0.232954
0.232993
0.233005
0.233009
0.233009
0.233002
0.232859
0.232079
0.230481
0.229156
0.229283
0.228492
0.228475
0.228577
0.228527
0.228567
0.228486
0.22897
0.228885
0.229106
0.229044
0.229751
0.22973
0.230496
0.230516
0.231158
0.231273
0.231529
0.231808
0.2314
0.231764
0.231033
0.231334
0.230645
0.230922
0.230104
0.230589
0.229944
0.229211
0.229721
0.229561
0.229313
0.23044
0.229355
0.232891
0.232021
0.23301
0.23301
0.23301
0.23301
0.23301
0.23301
0.23301
0.23301
0.233006
0.232991
0.232934
0.232789
0.23255
0.232303
0.232131
0.232039
0.232
0.231997
0.232039
0.232149
0.232336
0.232582
0.232826
0.232948
0.232993
0.233006
0.233009
0.233005
0.232902
0.232191
0.230581
0.228859
0.228466
0.228376
0.228264
0.228201
0.228408
0.228333
0.228791
0.228693
0.229501
0.229394
0.229675
0.229595
0.230498
0.230446
0.231314
0.231302
0.231977
0.232048
0.232121
0.232418
0.231638
0.231993
0.231122
0.231328
0.23074
0.23067
0.230462
0.230547
0.230581
0.230113
0.230368
0.229425
0.229189
0.229284
0.229868
0.230191
0.230299
0.229725
0.230298
0.229206
0.229224
0.229453
0.232927
0.232164
0.23301
0.23301
0.23301
0.23301
0.23301
0.23301
0.23301
0.233006
0.23299
0.232924
0.232749
0.232458
0.232167
0.231979
0.231888
0.23184
0.231813
0.231801
0.231839
0.231971
0.232213
0.232527
0.232816
0.232949
0.232993
0.233006
0.233005
0.232944
0.232334
0.230753
0.228944
0.228102
0.228134
0.228159
0.228101
0.228398
0.228305
0.228594
0.228494
0.229278
0.229156
0.230141
0.230013
0.23036
0.230257
0.231257
0.231178
0.232062
0.232033
0.232562
0.232615
0.232385
0.232688
0.231609
0.232025
0.230572
0.230833
0.230976
0.230409
0.230202
0.229987
0.230056
0.230449
0.23045
0.230367
0.230258
0.230403
0.229547
0.229369
0.230058
0.23026
0.230337
0.229892
0.229429
0.230707
0.229919
0.229241
0.229242
0.232988
0.230751
0.231912
0.232647
0.23301
0.23301
0.23301
0.23301
0.23301
0.23301
0.233007
0.23299
0.232921
0.232725
0.23239
0.232059
0.231871
0.231798
0.23176
0.231715
0.231657
0.231606
0.231625
0.231783
0.232094
0.232492
0.232821
0.232953
0.232995
0.233004
0.232973
0.232506
0.230972
0.22912
0.228059
0.228078
0.228029
0.22822
0.22814
0.228783
0.228662
0.229032
0.228907
0.229877
0.229734
0.230828
0.230683
0.231076
0.230959
0.231974
0.231895
0.232628
0.232619
0.232805
0.232842
0.232464
0.232766
0.231187
0.23147
0.231739
0.232055
0.230008
0.230138
0.230521
0.230766
0.229985
0.229739
0.22962
0.229622
0.230131
0.230327
0.230039
0.229788
0.230294
0.22969
0.229483
0.230162
0.23026
0.23022
0.230028
0.229426
0.229926
0.229314
0.229281
0.232734
0.233009
0.232994
0.230842
0.232014
0.23301
0.23301
0.23301
0.23301
0.23301
0.233008
0.232992
0.232922
0.232718
0.232351
0.231981
0.231801
0.231754
0.231739
0.231716
0.231647
0.231533
0.231418
0.23141
0.231605
0.231999
0.232491
0.232835
0.23296
0.232996
0.232983
0.23267
0.231285
0.22935
0.228085
0.22818
0.228109
0.22833
0.22823
0.228545
0.228433
0.22929
0.229141
0.229586
0.229438
0.230527
0.230362
0.231533
0.231377
0.231793
0.231671
0.232583
0.232522
0.232855
0.232862
0.232865
0.232889
0.232307
0.232558
0.232702
0.232798
0.23105
0.231376
0.231708
0.232027
0.229738
0.229971
0.230354
0.230663
0.229468
0.229287
0.229357
0.22926
0.229632
0.229997
0.229533
0.229234
0.229998
0.229838
0.229609
0.230162
0.230027
0.230061
0.23008
0.229448
0.229957
0.229408
0.229334
0.232825
0.23301
0.233006
0.230945
0.232163
0.23301
0.23301
0.23301
0.23301
0.233009
0.232996
0.23293
0.232723
0.232341
0.231933
0.231752
0.231725
0.231744
0.231763
0.231725
0.231586
0.231395
0.231219
0.231204
0.231464
0.23196
0.232524
0.23286
0.232971
0.232982
0.232797
0.231674
0.229659
0.22817
0.228154
0.228479
0.228405
0.228721
0.228596
0.228995
0.228854
0.229836
0.229659
0.23019
0.230014
0.231205
0.23102
0.232193
0.232041
0.232433
0.232324
0.232862
0.232845
0.232898
0.23292
0.23283
0.232842
0.232841
0.232842
0.232299
0.232513
0.23265
0.23271
0.231011
0.231372
0.231722
0.232036
0.229594
0.230291
0.229928
0.23066
0.228982
0.228919
0.229221
0.228994
0.229053
0.229499
0.228937
0.228711
0.229532
0.229951
0.229746
0.230079
0.229623
0.229749
0.230055
0.229483
0.230004
0.22951
0.229393
0.232922
0.23301
0.233009
0.231073
0.232404
0.23301
0.23301
0.23301
0.233009
0.233
0.232946
0.232743
0.232347
0.231914
0.231715
0.231698
0.231757
0.231872
0.231964
0.231857
0.231524
0.231213
0.23099
0.231025
0.231405
0.231998
0.232592
0.232895
0.232969
0.232873
0.232035
0.230049
0.228372
0.228124
0.22861
0.228479
0.228856
0.228729
0.229156
0.229002
0.229486
0.229317
0.230411
0.230203
0.230825
0.23062
0.231873
0.231684
0.232703
0.232609
0.232815
0.232769
0.232942
0.232951
0.232823
0.232887
0.232724
0.232721
0.232721
0.232738
0.232286
0.232455
0.232531
0.23254
0.231049
0.231429
0.231771
0.232046
0.229565
0.23032
0.22998
0.230736
0.228602
0.228636
0.229193
0.228849
0.228488
0.228896
0.228333
0.228303
0.228947
0.22999
0.229858
0.229881
0.229083
0.229291
0.229965
0.22952
0.230053
0.229625
0.229455
0.232971
0.23301
0.23301
0.231264
0.232592
0.23301
0.23301
0.23301
0.233004
0.232963
0.232787
0.232375
0.231915
0.231688
0.231672
0.231769
0.231979
0.23223
0.232219
0.231899
0.231386
0.230952
0.23074
0.230948
0.231452
0.232102
0.232689
0.232924
0.232893
0.232307
0.230489
0.228667
0.228138
0.228494
0.228944
0.228839
0.229246
0.229088
0.229603
0.229419
0.229997
0.229797
0.231029
0.230793
0.231478
0.231259
0.232477
0.232315
0.232917
0.232885
0.23295
0.232939
0.232949
0.232974
0.232502
0.232571
0.232775
0.232663
0.232522
0.232481
0.232464
0.232465
0.232238
0.232317
0.232318
0.232263
0.231144
0.231509
0.231804
0.232006
0.229621
0.230422
0.230088
0.230854
0.2283
0.228471
0.229233
0.228801
0.228038
0.228264
0.227819
0.227981
0.228309
0.229974
0.229909
0.229541
0.228464
0.228736
0.229777
0.229554
0.230108
0.22973
0.229519
0.232997
0.23301
0.23301
0.231471
0.232779
0.23301
0.23301
0.233006
0.232978
0.232838
0.232444
0.231935
0.231672
0.231645
0.231768
0.232054
0.232419
0.232494
0.232254
0.231746
0.231039
0.230582
0.230602
0.230989
0.231606
0.232278
0.232797
0.23288
0.232492
0.230931
0.229023
0.228206
0.228371
0.229026
0.228877
0.229311
0.229163
0.229672
0.229483
0.230095
0.229877
0.230557
0.230324
0.231683
0.231439
0.232122
0.231911
0.232839
0.232771
0.232985
0.232978
0.232985
0.232988
0.232865
0.232924
0.232959
0.232142
0.232248
0.232566
0.232396
0.232184
0.232112
0.232086
0.232089
0.232076
0.232062
0.231967
0.231828
0.231242
0.231551
0.231754
0.231807
0.229713
0.230543
0.230189
0.23095
0.228094
0.228389
0.229288
0.228808
0.227686
0.227678
0.227419
0.227721
0.227674
0.22991
0.229914
0.229089
0.227825
0.228129
0.229476
0.229591
0.230176
0.229815
0.229589
0.233004
0.23301
0.23301
0.231774
0.232868
0.23301
0.233008
0.23299
0.232886
0.232541
0.231988
0.231668
0.231621
0.231753
0.232085
0.232535
0.232679
0.232525
0.232079
0.231255
0.230522
0.230328
0.230614
0.231182
0.231868
0.232489
0.232825
0.232573
0.231328
0.229403
0.228367
0.228341
0.228881
0.229409
0.229288
0.229755
0.22957
0.230186
0.229962
0.230676
0.230426
0.231188
0.230932
0.232332
0.232107
0.232672
0.232523
0.232965
0.232945
0.233001
0.233001
0.232991
0.232998
0.23274
0.232878
0.232884
0.232954
0.231685
0.231842
0.23228
0.232048
0.231696
0.231604
0.231579
0.231594
0.231773
0.231637
0.231434
0.231234
0.231269
0.231469
0.231508
0.231457
0.229772
0.23061
0.230206
0.230937
0.227967
0.228351
0.229288
0.228811
0.227387
0.227207
0.227084
0.22753
0.227105
0.229799
0.229909
0.228568
0.227208
0.227519
0.229094
0.22963
0.230274
0.229868
0.229669
0.233007
0.23301
0.23301
0.232013
0.232923
0.233009
0.232998
0.232929
0.232644
0.232097
0.231678
0.231601
0.231725
0.232084
0.232583
0.232791
0.232714
0.232381
0.231555
0.230554
0.230143
0.230297
0.230812
0.231533
0.232218
0.23268
0.232569
0.231609
0.229776
0.228579
0.228358
0.228717
0.229581
0.229408
0.229898
0.229737
0.23032
0.230099
0.230811
0.230558
0.231341
0.231074
0.231864
0.231608
0.232786
0.232674
0.232912
0.232862
0.233
0.232995
0.233003
0.233005
0.23298
0.232992
0.232998
0.232509
0.232719
0.232775
0.232913
0.231156
0.23138
0.231967
0.231659
0.231066
0.230978
0.230962
0.231013
0.231264
0.231014
0.230744
0.230506
0.231136
0.231166
0.231101
0.230867
0.229728
0.230547
0.230081
0.230753
0.227866
0.228291
0.229174
0.228746
0.22712
0.226812
0.226762
0.227357
0.226632
0.22959
0.229868
0.228013
0.226655
0.226946
0.228666
0.229673
0.230369
0.229909
0.229748
0.233007
0.23301
0.233008
0.232187
0.232933
0.233005
0.232958
0.232753
0.232232
0.231717
0.231591
0.231689
0.232069
0.232583
0.23285
0.232835
0.232626
0.231946
0.230773
0.230106
0.230057
0.230442
0.231199
0.231977
0.232485
0.232514
0.231687
0.230124
0.228818
0.228411
0.228619
0.229445
0.230133
0.229977
0.230519
0.23031
0.230996
0.230751
0.231513
0.23125
0.232032
0.231776
0.232503
0.232283
0.232953
0.232917
0.232988
0.232975
0.233006
0.233007
0.233
0.233002
0.233004
0.232967
0.232989
0.232997
0.232992
0.232272
0.232549
0.232649
0.23285
0.2306
0.230902
0.231652
0.231264
0.230335
0.230271
0.230276
0.230382
0.230567
0.230237
0.229932
0.229689
0.230785
0.230679
0.230436
0.230095
0.229521
0.230291
0.22973
0.230323
0.227726
0.228136
0.228853
0.22853
0.226866
0.226447
0.226433
0.22713
0.226205
0.229353
0.229834
0.227483
0.226181
0.226462
0.228259
0.229724
0.230455
0.229943
0.229836
0.233
0.233009
0.232995
0.23226
0.232922
0.232985
0.232832
0.232407
0.2318
0.231592
0.231651
0.232025
0.232569
0.232868
0.232906
0.232798
0.232331
0.231281
0.230193
0.229955
0.230103
0.230756
0.231574
0.232195
0.232369
0.231654
0.230315
0.229072
0.228512
0.228593
0.229236
0.230417
0.230234
0.230785
0.230604
0.231228
0.230995
0.23172
0.231472
0.232223
0.23197
0.232642
0.232452
0.232859
0.232772
0.232998
0.23299
0.233006
0.233003
0.233007
0.233008
0.232997
0.232998
0.232996
0.232999
0.232938
0.232976
0.232993
0.232982
0.232029
0.23237
0.232546
0.232781
0.230042
0.23044
0.231372
0.230897
0.229546
0.229517
0.229557
0.229743
0.229715
0.229352
0.229047
0.228823
0.230209
0.22995
0.229585
0.22917
0.229056
0.229755
0.229092
0.229679
0.227465
0.227793
0.22824
0.228061
0.226547
0.226065
0.226051
0.226771
0.225805
0.229119
0.22978
0.227032
0.225791
0.226057
0.227905
0.22978
0.230503
0.229999
0.229931
0.232971
0.232986
0.232921
0.232249
0.232831
0.232918
0.232546
0.231975
0.231609
0.231618
0.231965
0.232534
0.232866
0.232941
0.232899
0.232633
0.231866
0.230587
0.229988
0.229924
0.23026
0.230952
0.231697
0.232073
0.231523
0.230321
0.229256
0.228639
0.228607
0.229109
0.230326
0.23113
0.230962
0.231532
0.231326
0.231988
0.231751
0.232436
0.23222
0.232756
0.232623
0.232911
0.232849
0.232975
0.232951
0.233008
0.233007
0.233008
0.233009
0.233002
0.233004
0.233006
0.232988
0.232993
0.232979
0.232989
0.232907
0.232959
0.23298
0.232966
0.231824
0.232222
0.232466
0.232717
0.229489
0.229991
0.231133
0.230559
0.228729
0.228725
0.228837
0.229094
0.228761
0.228402
0.228124
0.227945
0.229396
0.229022
0.228583
0.228141
0.228294
0.229035
0.228263
0.228787
0.226997
0.227191
0.227367
0.227332
0.226111
0.225655
0.225609
0.226224
0.225417
0.228919
0.229743
0.22664
0.225407
0.225662
0.227599
0.229837
0.230492
0.230066
0.230038
0.232843
0.232747
0.232642
0.232101
0.232612
0.232743
0.232122
0.231671
0.2316
0.231894
0.232472
0.232855
0.23295
0.232948
0.232824
0.23236
0.23136
0.230238
0.229923
0.229942
0.230325
0.230987
0.231467
0.23123
0.23025
0.229299
0.228744
0.228656
0.229058
0.230161
0.231959
0.23192
0.23178
0.232325
0.232125
0.232659
0.232513
0.232853
0.232771
0.23295
0.232911
0.23299
0.232975
0.233004
0.232999
0.23301
0.233009
0.233008
0.233009
0.232997
0.233001
0.233004
0.233
0.232961
0.23297
0.232933
0.232954
0.23287
0.232936
0.232951
0.232935
0.231662
0.232112
0.232414
0.232666
0.228898
0.229513
0.230904
0.230206
0.227892
0.227913
0.228081
0.228417
0.227742
0.227416
0.227169
0.227019
0.228416
0.227956
0.227475
0.227041
0.227342
0.22808
0.227193
0.227741
0.226333
0.226381
0.226322
0.226387
0.225605
0.225216
0.22509
0.225619
0.224991
0.228743
0.229692
0.226294
0.224984
0.225311
0.227311
0.229902
0.230344
0.230127
0.230176
0.232188
0.230777
0.230961
0.231277
0.231375
0.232428
0.231768
0.231602
0.231816
0.232395
0.232824
0.232948
0.232966
0.232924
0.23269
0.232059
0.230998
0.230108
0.229899
0.229942
0.230279
0.230649
0.230581
0.230019
0.229278
0.228802
0.228719
0.229067
0.230087
0.231854
0.232817
0.232459
0.232788
0.232614
0.232818
0.232731
0.232929
0.232883
0.232979
0.232959
0.232999
0.232992
0.233007
0.233004
0.233009
0.233008
0.23301
0.23301
0.233005
0.233008
0.232974
0.232991
0.232998
0.232984
0.232906
0.232918
0.23284
0.232877
0.232824
0.2329
0.232895
0.232877
0.231529
0.232035
0.232356
0.23261
0.228258
0.228971
0.230606
0.229781
0.226993
0.227041
0.227285
0.227688
0.226681
0.226371
0.226138
0.226032
0.227303
0.226802
0.226308
0.225876
0.226155
0.226903
0.2259
0.226501
0.225614
0.225547
0.2252
0.22541
0.224978
0.22472
0.224484
0.224847
0.224535
0.228546
0.229635
0.225978
0.224629
0.224945
0.227019
0.230004
0.230186
0.230198
0.230274
0.230711
0.229591
0.229914
0.230485
0.23035
0.232043
0.231632
0.231741
0.232295
0.232773
0.232933
0.232967
0.232964
0.232871
0.232544
0.231848
0.230826
0.230056
0.22988
0.229875
0.229972
0.229902
0.229609
0.229187
0.228848
0.228793
0.229129
0.230105
0.2318
0.232848
0.232871
0.232973
0.232956
0.232917
0.232973
0.232951
0.232996
0.232987
0.233005
0.233002
0.233009
0.233007
0.23301
0.233009
0.23301
0.23301
0.233009
0.23301
0.232998
0.233003
0.233006
0.232917
0.232956
0.232981
0.232941
0.2328
0.232817
0.232667
0.232724
0.232762
0.23284
0.232787
0.232768
0.231359
0.231944
0.23223
0.232506
0.227554
0.22836
0.230215
0.229275
0.226022
0.226135
0.22643
0.22691
0.225534
0.225253
0.225054
0.224993
0.226013
0.225506
0.225041
0.224652
0.224911
0.225546
0.224603
0.225104
0.224683
0.224471
0.22393
0.224213
0.224279
0.224203
0.224043
0.224081
0.224191
0.228337
0.229546
0.225632
0.22431
0.224634
0.226741
0.230127
0.230106
0.230196
0.230346
0.229876
0.22924
0.229325
0.230115
0.229921
0.231783
0.231701
0.232156
0.23271
0.232892
0.232958
0.232969
0.232948
0.232812
0.232449
0.231755
0.23076
0.230039
0.229841
0.229716
0.22957
0.229385
0.229158
0.228915
0.228911
0.229292
0.230247
0.231858
0.232843
0.233001
0.232986
0.233005
0.233002
0.232995
0.233005
0.233001
0.233008
0.233007
0.233009
0.233009
0.23301
0.23301
0.23301
0.23301
0.23301
0.23301
0.233007
0.233009
0.232978
0.232998
0.233005
0.232999
0.232795
0.232872
0.232934
0.232834
0.23261
0.232634
0.232375
0.232457
0.232655
0.23273
0.232595
0.232575
0.231079
0.231756
0.23201
0.232315
0.226765
0.227643
0.229704
0.228652
0.225003
0.225162
0.225524
0.22606
0.224353
0.224123
0.223991
0.223955
0.224637
0.224218
0.223893
0.22365
0.223728
0.224249
0.223526
0.223858
0.223947
0.223787
0.223472
0.22363
0.223937
0.224028
0.223925
0.223863
0.224069
0.228121
0.229386
0.225269
0.224204
0.22445
0.226409
0.23026
0.230112
0.230158
0.230348
0.229618
0.229647
0.229097
0.229983
0.229736
0.231726
0.232011
0.232606
0.232845
0.232922
0.232963
0.232968
0.232934
0.23278
0.232409
0.231724
0.230754
0.230061
0.229785
0.229586
0.2294
0.229206
0.229057
0.229137
0.229596
0.23061
0.232041
0.232866
0.233001
0.23301
0.233009
0.23301
0.233007
0.233009
0.233008
0.233009
0.233009
0.23301
0.23301
0.23301
0.23301
0.23301
0.23301
0.23301
0.23301
0.23301
0.23301
0.233001
0.233004
0.233006
0.233008
0.232935
0.232981
0.232987
0.232569
0.232699
0.232822
0.232619
0.232289
0.232325
0.231924
0.232042
0.232464
0.232538
0.232271
0.23225
0.23069
0.231472
0.231666
0.232008
0.225842
0.226763
0.228986
0.227836
0.223977
0.224168
0.224543
0.225127
0.223487
0.223379
0.223334
0.223324
0.223515
0.223361
0.223186
0.223115
0.223358
0.223324
0.223259
0.223129
0.223671
0.223551
0.223386
0.223417
0.22373
0.223944
0.223663
0.223596
0.224014
0.227845
0.22923
0.225004
0.224081
0.224305
0.225956
0.230297
0.230136
0.230056
0.230317
0.229473
0.230746
0.228938
0.229932
0.229622
0.231896
0.232485
0.232777
0.232874
0.23293
0.232965
0.232968
0.232927
0.232768
0.232399
0.231741
0.230911
0.230221
0.229835
0.229591
0.229422
0.229367
0.229565
0.230098
0.231148
0.232309
0.232906
0.233002
0.23301
0.23301
0.23301
0.23301
0.23301
0.23301
0.23301
0.23301
0.23301
0.23301
0.23301
0.23301
0.23301
0.23301
0.23301
0.23301
0.23301
0.23301
0.23301
0.232992
0.232997
0.233004
0.233008
0.233006
0.232838
0.232946
0.232962
0.232206
0.232402
0.232593
0.232271
0.231789
0.231845
0.231288
0.231457
0.232153
0.23222
0.231767
0.231744
0.230109
0.231033
0.231092
0.231498
0.224769
0.225652
0.227929
0.226728
0.223341
0.223454
0.223683
0.224113
0.223053
0.223028
0.22302
0.223024
0.223045
0.222896
0.222779
0.22269
0.222302
0.223158
0.222277
0.22307
0.223449
0.223434
0.222396
0.222418
0.223497
0.223737
0.223501
0.223484
0.223891
0.227442
0.228895
0.224713
0.22409
0.224341
0.225468
0.230255
0.230082
0.229896
0.230197
0.229171
0.230444
0.228641
0.229821
0.229381
0.232228
0.232712
0.232816
0.232878
0.232935
0.232968
0.232973
0.232925
0.232766
0.232424
0.231895
0.231291
0.230687
0.230251
0.23003
0.230043
0.230289
0.230853
0.231773
0.232581
0.232946
0.233005
0.23301
0.23301
0.23301
0.23301
0.23301
0.23301
0.23301
0.23301
0.23301
0.23301
0.23301
0.23301
0.23301
0.23301
0.23301
0.23301
0.23301
0.23301
0.233009
0.23301
0.232977
0.232989
0.233002
0.233007
0.233004
0.232642
0.232872
0.232914
0.231683
0.231959
0.232235
0.231797
0.231081
0.23116
0.23046
0.230708
0.231662
0.231723
0.231042
0.231011
0.229183
0.2303
0.230087
0.230672
0.223749
0.224308
0.226402
0.225285
0.223043
0.223101
0.223199
0.223388
0.222673
0.222657
0.222656
0.222677
0.222053
0.222009
0.221973
0.221931
0.221777
0.22224
0.221736
0.222176
0.222512
0.222491
0.221833
0.221874
0.222629
0.223571
0.222676
0.222599
0.223832
0.22683
0.228534
0.224739
0.224054
0.224455
0.225324
0.230131
0.229878
0.229542
0.229884
0.228719
0.212834
0.22802
0.229472
0.228938
0.232526
0.232771
0.232818
0.232876
0.232943
0.232976
0.232979
0.232927
0.232786
0.232529
0.232173
0.23176
0.231372
0.231115
0.231067
0.231265
0.231722
0.232343
0.232795
0.232977
0.233007
0.23301
0.23301
0.23301
0.23301
0.23301
0.23301
0.23301
0.23301
0.23301
0.23301
0.23301
0.23301
0.23301
0.23301
0.23301
0.23301
0.23301
0.23301
0.23301
0.233008
0.23301
0.23295
0.232974
0.232997
0.233006
0.233003
0.232327
0.232736
0.23283
0.231012
0.231381
0.231791
0.23124
0.230153
0.230269
0.229476
0.229826
0.230899
0.230987
0.230072
0.230016
0.227713
0.229049
0.228362
0.229372
0.223158
0.22335
0.224453
0.223791
0.222722
0.222779
0.222832
0.222996
0.221899
0.221864
0.221838
0.221818
0.221591
0.221549
0.221513
0.221473
0.221448
0.221693
0.221407
0.22165
0.221971
0.221927
0.221499
0.221544
0.222081
0.222762
0.22214
0.222034
0.222884
0.22646
0.227938
0.224991
0.223036
0.223249
0.225582
0.22981
0.229469
0.229012
0.229402
0.228335
0.143468
0.225464
0.229003
0.22847
0.232654
0.232778
0.232805
0.232878
0.232958
0.232985
0.232983
0.232938
0.23284
0.232684
0.232479
0.232256
0.232087
0.23204
0.23215
0.23241
0.232725
0.232924
0.232996
0.233009
0.23301
0.23301
0.23301
0.23301
0.23301
0.23301
0.23301
0.23301
0.23301
0.23301
0.23301
0.23301
0.23301
0.23301
0.23301
0.23301
0.23301
0.23301
0.23301
0.23301
0.23301
0.233006
0.233004
0.233009
0.23301
0.232906
0.232954
0.232991
0.232998
0.231952
0.232512
0.232706
0.230232
0.230712
0.231314
0.230651
0.229024
0.229211
0.22839
0.228866
0.229761
0.229956
0.228868
0.22874
0.225583
0.227065
0.225696
0.227317
0.222819
0.222896
0.223238
0.223007
0.221803
0.221794
0.222543
0.222844
0.221437
0.221402
0.221371
0.221343
0.221278
0.221239
0.221203
0.221167
0.221327
0.221368
0.221284
0.221329
0.221642
0.221591
0.22137
0.221425
0.221748
0.222216
0.221807
0.221691
0.222305
0.226132
0.227314
0.223483
0.222407
0.222542
0.225674
0.223696
0.229329
0.228999
0.228321
0.22877
0.227852
0.120791
0.220191
0.228509
0.228006
0.232686
0.232763
0.232801
0.232893
0.232973
0.232992
0.232989
0.23296
0.232908
0.232831
0.232741
0.232664
0.232634
0.232677
0.232788
0.232912
0.232982
0.233005
0.233009
0.23301
0.23301
0.23301
0.23301
0.23301
0.23301
0.23301
0.23301
0.23301
0.23301
0.23301
0.23301
0.23301
0.23301
0.23301
0.23301
0.23301
0.23301
0.23301
0.23301
0.23301
0.23301
0.233003
0.233005
0.233008
0.233009
0.232844
0.232926
0.23298
0.232995
0.231597
0.232233
0.23254
0.229396
0.230002
0.230871
0.230092
0.22772
0.228031
0.227254
0.227882
0.228115
0.228568
0.227433
0.227137
0.223578
0.224371
0.223313
0.224236
0.221732
0.222564
0.222765
0.222827
0.221317
0.221292
0.221839
0.221762
0.221133
0.221099
0.221069
0.221038
0.221157
0.221118
0.22108
0.221042
0.221245
0.221201
0.221521
0.221464
0.221621
0.221873
0.221678
0.221562
0.221946
0.226308
0.226835
0.222701
0.22202
0.222115
0.223997
0.222837
0.22881
0.228451
0.227687
0.228232
0.227167
0.0771115
0.209049
0.228045
0.227588
0.232682
0.232744
0.232806
0.232919
0.232985
0.232998
0.232997
0.232984
0.232962
0.232932
0.232905
0.232892
0.232905
0.232942
0.232981
0.233002
0.233008
0.23301
0.23301
0.23301
0.23301
0.23301
0.23301
0.23301
0.23301
0.23301
0.23301
0.23301
0.23301
0.23301
0.23301
0.23301
0.23301
0.23301
0.23301
0.23301
0.23301
0.23301
0.23301
0.23301
0.23301
0.23301
0.233001
0.233005
0.233007
0.23301
0.233007
0.233008
0.232769
0.232894
0.232969
0.23299
0.231303
0.231981
0.232365
0.228557
0.229308
0.230488
0.229589
0.226244
0.226756
0.22609
0.226904
0.225732
0.226691
0.225747
0.22508
0.222766
0.222879
0.222405
0.222567
0.221745
0.221193
0.22156
0.22163
0.22101
0.220983
0.221276
0.221223
0.221017
0.220978
0.220956
0.22092
0.221736
0.221817
0.226354
0.224322
0.226946
0.222217
0.221863
0.221966
0.223025
0.222307
0.228236
0.227989
0.227203
0.227646
0.225897
0.0641165
0.176773
0.227629
0.227187
0.232661
0.232739
0.232825
0.232948
0.232996
0.233004
0.233002
0.232998
0.232991
0.232983
0.232978
0.232982
0.232992
0.233002
0.233007
0.233009
0.23301
0.23301
0.23301
0.23301
0.23301
0.23301
0.23301
0.23301
0.23301
0.23301
0.23301
0.23301
0.23301
0.23301
0.23301
0.23301
0.23301
0.23301
0.23301
0.23301
0.23301
0.23301
0.23301
0.23301
0.23301
0.23301
0.233009
0.23301
0.232999
0.233004
0.233006
0.233008
0.232687
0.232863
0.232956
0.232985
0.231097
0.231807
0.232273
0.227748
0.228658
0.230196
0.22917
0.224554
0.225375
0.224884
0.225945
0.223178
0.224139
0.223698
0.222888
0.222476
0.222463
0.222154
0.222055
0.221175
0.2209
0.22107
0.221512
0.221106
0.2209
0.220867
0.22096
0.220921
0.224592
0.223231
0.226775
0.224864
0.222019
0.222421
0.222118
0.227805
0.227592
0.226994
0.227387
0.223085
0.0564671
0.147929
0.22727
0.226748
0.232646
0.232745
0.232858
0.232974
0.233004
0.233007
0.233005
0.233004
0.233002
0.233002
0.233002
0.233004
0.233007
0.233009
0.23301
0.23301
0.23301
0.23301
0.23301
0.23301
0.23301
0.23301
0.23301
0.23301
0.23301
0.23301
0.23301
0.23301
0.23301
0.23301
0.23301
0.23301
0.23301
0.23301
0.23301
0.23301
0.23301
0.23301
0.23301
0.23301
0.23301
0.23301
0.233009
0.233009
0.23301
0.232998
0.233004
0.233006
0.233008
0.232634
0.232845
0.232945
0.232981
0.230979
0.231739
0.232257
0.226993
0.228078
0.229992
0.228842
0.222778
0.22382
0.223557
0.22497
0.222073
0.222453
0.222213
0.221887
0.221361
0.22128
0.221754
0.220883
0.220798
0.220837
0.221043
0.22085
0.220845
0.220813
0.22344
0.222553
0.225113
0.223621
0.222175
0.22741
0.227251
0.226928
0.22512
0.226951
0.215108
0.0509698
0.126283
0.226964
0.225696
0.232644
0.232771
0.232903
0.232994
0.233007
0.233009
0.233008
0.233007
0.233006
0.233007
0.233008
0.233009
0.23301
0.23301
0.23301
0.23301
0.23301
0.23301
0.23301
0.23301
0.23301
0.23301
0.23301
0.23301
0.23301
0.23301
0.23301
0.23301
0.23301
0.23301
0.23301
0.23301
0.23301
0.23301
0.23301
0.23301
0.23301
0.23301
0.23301
0.23301
0.23301
0.23301
0.233009
0.233009
0.23301
0.23301
0.233008
0.23301
0.232997
0.233004
0.233006
0.232624
0.232839
0.23294
0.23298
0.230951
0.231734
0.232276
0.226288
0.227576
0.229872
0.228593
0.221881
0.222467
0.222508
0.223899
0.221768
0.221758
0.221576
0.221515
0.220975
0.221174
0.220953
0.220782
0.220763
0.220829
0.220767
0.222695
0.222304
0.223836
0.222841
0.227072
0.226941
0.226429
0.225189
0.223934
0.226651
0.206039
0.0457375
0.100067
0.226666
0.223773
0.232656
0.232816
0.232953
0.233004
0.233009
0.23301
0.233009
0.233009
0.233009
0.23301
0.23301
0.23301
0.23301
0.23301
0.23301
0.23301
0.23301
0.23301
0.23301
0.23301
0.23301
0.23301
0.23301
0.23301
0.23301
0.23301
0.23301
0.23301
0.23301
0.23301
0.23301
0.23301
0.23301
0.23301
0.23301
0.23301
0.23301
0.23301
0.23301
0.23301
0.23301
0.23301
0.23301
0.233008
0.233008
0.233009
0.23301
0.23301
0.233006
0.23301
0.232997
0.233004
0.232642
0.232839
0.232939
0.23298
0.230968
0.231771
0.232323
0.225593
0.227136
0.229837
0.228423
0.22148
0.221801
0.221958
0.222987
0.221506
0.221606
0.221416
0.221418
0.220811
0.221098
0.220918
0.22082
0.220764
0.222408
0.223006
0.222559
0.226796
0.226699
0.225338
0.224056
0.223136
0.226468
0.225228
0.194133
0.0414153
0.079769
0.226283
0.220641
0.232691
0.232876
0.232989
0.233008
0.23301
0.23301
0.23301
0.23301
0.23301
0.23301
0.23301
0.23301
0.23301
0.23301
0.23301
0.23301
0.23301
0.23301
0.23301
0.23301
0.23301
0.23301
0.23301
0.23301
0.23301
0.23301
0.23301
0.23301
0.23301
0.23301
0.23301
0.23301
0.23301
0.23301
0.23301
0.23301
0.23301
0.23301
0.23301
0.23301
0.23301
0.23301
0.23301
0.233007
0.233007
0.233009
0.233009
0.23301
0.23301
0.233004
0.23301
0.23301
0.232997
0.232677
0.232855
0.232942
0.232981
0.231047
0.231855
0.232385
0.224817
0.226729
0.229857
0.228307
0.22138
0.221517
0.221722
0.22243
0.221047
0.221306
0.221051
0.220764
0.220905
0.220826
0.220782
0.2227
0.226592
0.22645
0.224207
0.223276
0.222838
0.226349
0.22522
0.224278
0.179612
0.0382325
0.0652383
0.225659
0.216687
0.232746
0.232942
0.233003
0.233009
0.23301
0.23301
0.23301
0.23301
0.23301
0.23301
0.23301
0.23301
0.23301
0.23301
0.23301
0.23301
0.23301
0.23301
0.23301
0.23301
0.23301
0.23301
0.23301
0.23301
0.23301
0.23301
0.23301
0.23301
0.23301
0.23301
0.23301
0.23301
0.23301
0.23301
0.23301
0.23301
0.23301
0.23301
0.23301
0.23301
0.23301
0.23301
0.23301
0.23301
0.233004
0.233005
0.233007
0.233009
0.23301
0.23301
0.232998
0.23301
0.23301
0.23301
0.232715
0.232875
0.232947
0.232985
0.231177
0.231975
0.232469
0.224008
0.226265
0.229956
0.228186
0.221297
0.221412
0.221566
0.222115
0.22091
0.221061
0.220939
0.220846
0.220802
0.226378
0.226235
0.223433
0.222999
0.226138
0.225221
0.224354
0.223563
0.16001
0.0362314
0.0564879
0.224717
0.210632
0.232821
0.232985
0.233008
0.23301
0.23301
0.23301
0.23301
0.23301
0.23301
0.23301
0.23301
0.23301
0.23301
0.23301
0.23301
0.23301
0.23301
0.23301
0.23301
0.23301
0.23301
0.23301
0.23301
0.23301
0.23301
0.23301
0.23301
0.23301
0.23301
0.23301
0.23301
0.23301
0.23301
0.23301
0.23301
0.23301
0.23301
0.23301
0.23301
0.23301
0.23301
0.23301
0.23301
0.23301
0.232999
0.233001
0.233006
0.233008
0.233009
0.23301
0.23301
0.23301
0.23301
0.23301
0.23301
0.232759
0.232896
0.232956
0.232989
0.231347
0.232109
0.232563
0.223428
0.2257
0.230091
0.227972
0.221344
0.221103
0.22142
0.221558
0.221944
0.220878
0.221008
0.220922
0.22083
0.22621
0.225921
0.223127
0.226016
0.225212
0.224426
0.223676
0.223295
0.142653
0.0350072
0.050642
0.223312
0.203696
0.232906
0.233002
0.233009
0.23301
0.23301
0.23301
0.23301
0.23301
0.23301
0.23301
0.23301
0.23301
0.23301
0.23301
0.23301
0.23301
0.23301
0.23301
0.23301
0.23301
0.23301
0.23301
0.23301
0.23301
0.23301
0.23301
0.23301
0.23301
0.23301
0.23301
0.23301
0.23301
0.23301
0.23301
0.23301
0.23301
0.23301
0.23301
0.23301
0.23301
0.23301
0.23301
0.23301
0.23301
0.232994
0.233003
0.233007
0.233009
0.233009
0.23301
0.23301
0.23301
0.23301
0.23301
0.23301
0.23301
0.23281
0.232924
0.232966
0.231536
0.232238
0.232654
0.222982
0.225165
0.230229
0.227671
0.221204
0.221046
0.221452
0.221617
0.221827
0.220891
0.22101
0.220923
0.225997
0.225599
0.225842
0.225193
0.224488
0.223792
0.223433
0.124499
0.0343045
0.0470618
0.221258
0.195884
0.232972
0.233008
0.23301
0.23301
0.23301
0.23301
0.23301
0.23301
0.23301
0.23301
0.23301
0.23301
0.23301
0.23301
0.23301
0.23301
0.23301
0.23301
0.23301
0.23301
0.23301
0.23301
0.23301
0.23301
0.23301
0.23301
0.23301
0.23301
0.23301
0.23301
0.23301
0.23301
0.23301
0.23301
0.23301
0.23301
0.23301
0.23301
0.23301
0.23301
0.23301
0.23301
0.23301
0.23301
0.232976
0.232998
0.233005
0.233007
0.233009
0.233009
0.23301
0.23301
0.23301
0.23301
0.23301
0.23301
0.233009
0.233009
0.23286
0.232948
0.231692
0.232361
0.232728
0.222683
0.224675
0.230289
0.227276
0.221141
0.221229
0.221039
0.221684
0.221337
0.221824
0.221017
0.225824
0.225064
0.225687
0.22516
0.224537
0.22392
0.223554
0.112651
0.0337757
0.044437
0.21895
0.188339
0.232999
0.23301
0.23301
0.23301
0.23301
0.23301
0.23301
0.23301
0.23301
0.23301
0.23301
0.23301
0.23301
0.23301
0.23301
0.23301
0.23301
0.23301
0.23301
0.23301
0.23301
0.23301
0.23301
0.23301
0.23301
0.23301
0.23301
0.23301
0.23301
0.23301
0.23301
0.23301
0.23301
0.23301
0.23301
0.23301
0.23301
0.23301
0.23301
0.23301
0.23301
0.23301
0.23301
0.23301
0.23301
0.232987
0.233
0.233005
0.233007
0.233009
0.23301
0.23301
0.23301
0.23301
0.233009
0.233009
0.233009
0.233009
0.233009
0.233008
0.232898
0.232964
0.231774
0.232466
0.232783
0.222493
0.2242
0.230263
0.226741
0.221139
0.221171
0.221054
0.221453
0.22128
0.221859
0.225586
0.224483
0.225546
0.225105
0.224572
0.224021
0.22369
0.0993519
0.0337091
0.0449826
0.215985
0.181635
0.233008
0.23301
0.23301
0.23301
0.23301
0.23301
0.23301
0.23301
0.23301
0.23301
0.23301
0.23301
0.23301
0.23301
0.23301
0.23301
0.23301
0.23301
0.23301
0.23301
0.23301
0.23301
0.23301
0.23301
0.23301
0.23301
0.23301
0.23301
0.23301
0.23301
0.23301
0.23301
0.23301
0.23301
0.23301
0.23301
0.23301
0.23301
0.23301
0.23301
0.23301
0.23301
0.23301
0.23301
0.23299
0.233
0.233004
0.233006
0.23301
0.23301
0.23301
0.233009
0.233009
0.233009
0.233008
0.233008
0.233008
0.233007
0.233006
0.233005
0.232913
0.232965
0.231779
0.232503
0.23279
0.222321
0.223752
0.229985
0.226065
0.221147
0.221178
0.221477
0.22137
0.221297
0.221918
0.225402
0.223578
0.225389
0.225048
0.224586
0.224102
0.223851
0.0993232
0.0342756
0.0478
0.21334
0.177785
0.233009
0.23301
0.23301
0.23301
0.23301
0.23301
0.23301
0.23301
0.23301
0.23301
0.23301
0.23301
0.23301
0.23301
0.23301
0.23301
0.23301
0.23301
0.23301
0.23301
0.23301
0.23301
0.23301
0.23301
0.23301
0.23301
0.23301
0.23301
0.23301
0.23301
0.23301
0.23301
0.23301
0.23301
0.23301
0.23301
0.23301
0.23301
0.23301
0.23301
0.23301
0.23301
0.23301
0.23301
0.23301
0.232987
0.232997
0.233003
0.23301
0.23301
0.23301
0.233009
0.233009
0.233008
0.233008
0.233007
0.233006
0.233005
0.233003
0.233004
0.232999
0.232997
0.232906
0.232949
0.23166
0.23249
0.232753
0.222205
0.223315
0.229421
0.225269
0.221186
0.221407
0.221612
0.221394
0.221301
0.225096
0.222644
0.225241
0.224972
0.224592
0.224166
0.223905
0.103307
0.0396417
0.0661818
0.210753
0.178273
0.23301
0.23301
0.23301
0.23301
0.23301
0.23301
0.23301
0.23301
0.23301
0.23301
0.23301
0.23301
0.23301
0.23301
0.23301
0.23301
0.23301
0.23301
0.23301
0.23301
0.23301
0.23301
0.23301
0.23301
0.23301
0.23301
0.23301
0.23301
0.23301
0.23301
0.23301
0.23301
0.23301
0.23301
0.23301
0.23301
0.23301
0.23301
0.23301
0.23301
0.23301
0.23301
0.23301
0.23301
0.23301
0.232971
0.232986
0.23301
0.23301
0.23301
0.233009
0.233009
0.233008
0.233008
0.233006
0.233005
0.233
0.232997
0.232994
0.232985
0.232988
0.232973
0.232967
0.232855
0.232902
0.231354
0.232367
0.23263
0.222141
0.222898
0.228512
0.224407
0.22144
0.221505
0.221622
0.22141
0.2248
0.221474
0.225088
0.22492
0.22458
0.224215
0.224012
0.122748
0.146738
0.124363
0.20949
0.181461
0.23301
0.23301
0.23301
0.23301
0.23301
0.23301
0.23301
0.23301
0.23301
0.23301
0.23301
0.23301
0.23301
0.23301
0.23301
0.23301
0.23301
0.23301
0.23301
0.23301
0.23301
0.23301
0.23301
0.23301
0.23301
0.23301
0.23301
0.23301
0.23301
0.23301
0.23301
0.23301
0.23301
0.23301
0.23301
0.23301
0.23301
0.23301
0.23301
0.23301
0.23301
0.23301
0.23301
0.23301
0.23301
0.232936
0.23301
0.23301
0.23301
0.23301
0.233008
0.233008
0.233005
0.233005
0.232995
0.232994
0.232977
0.232968
0.232954
0.232931
0.232936
0.232894
0.232877
0.232737
0.23281
0.230787
0.232088
0.232382
0.222139
0.222544
0.227405
0.223679
0.221466
0.221532
0.221532
0.221729
0.224356
0.220329
0.224906
0.224813
0.224595
0.224247
0.224065
0.133623
0.230407
0.186127
0.208244
0.185275
0.23301
0.23301
0.23301
0.23301
0.23301
0.23301
0.23301
0.23301
0.23301
0.23301
0.23301
0.23301
0.23301
0.23301
0.23301
0.23301
0.23301
0.23301
0.23301
0.23301
0.23301
0.23301
0.23301
0.23301
0.23301
0.23301
0.23301
0.23301
0.23301
0.23301
0.23301
0.23301
0.23301
0.23301
0.23301
0.23301
0.23301
0.23301
0.23301
0.23301
0.23301
0.23301
0.23301
0.23301
0.23301
0.23301
0.233009
0.233009
0.23301
0.233009
0.233009
0.233006
0.233007
0.232993
0.232994
0.232961
0.232958
0.232907
0.232886
0.232843
0.232788
0.232794
0.232692
0.232666
0.232536
0.229968
0.231631
0.232003
0.222353
0.22631
0.223114
0.221567
0.221576
0.221614
0.221721
0.223755
0.219113
0.224691
0.22472
0.224524
0.224274
0.224109
0.154987
0.232098
0.208853
0.208073
0.192873
0.23301
0.23301
0.23301
0.23301
0.23301
0.23301
0.23301
0.23301
0.23301
0.23301
0.23301
0.23301
0.23301
0.23301
0.23301
0.23301
0.23301
0.23301
0.23301
0.23301
0.23301
0.23301
0.23301
0.23301
0.23301
0.23301
0.23301
0.23301
0.23301
0.23301
0.23301
0.23301
0.23301
0.23301
0.23301
0.23301
0.23301
0.23301
0.23301
0.23301
0.23301
0.23301
0.23301
0.23301
0.23301
0.23301
0.23301
0.23301
0.233009
0.233008
0.23301
0.233007
0.233008
0.232996
0.232999
0.232957
0.232958
0.232869
0.232862
0.232735
0.232691
0.232582
0.232476
0.232479
0.232271
0.23225
0.228892
0.230993
0.231507
0.222275
0.225273
0.22265
0.221613
0.221658
0.221636
0.221777
0.223056
0.218055
0.224359
0.224649
0.224628
0.224487
0.22428
0.224144
0.167648
0.232032
0.216903
0.208116
0.192323
0.23301
0.23301
0.23301
0.23301
0.23301
0.23301
0.23301
0.23301
0.23301
0.23301
0.23301
0.23301
0.23301
0.23301
0.23301
0.23301
0.23301
0.23301
0.23301
0.23301
0.23301
0.23301
0.23301
0.23301
0.23301
0.23301
0.23301
0.23301
0.23301
0.23301
0.23301
0.23301
0.23301
0.23301
0.23301
0.23301
0.23301
0.23301
0.23301
0.23301
0.23301
0.23301
0.23301
0.23301
0.23301
0.233009
0.23301
0.23301
0.23301
0.233009
0.233008
0.233006
0.23301
0.233001
0.233004
0.232965
0.232973
0.23286
0.232865
0.232658
0.232645
0.232382
0.232305
0.232071
0.231902
0.231904
0.231554
0.227701
0.230225
0.230947
0.222223
0.224281
0.222279
0.221712
0.2217
0.221693
0.221775
0.22224
0.217163
0.224483
0.223974
0.224527
0.224481
0.224276
0.224167
0.179316
0.232812
0.228075
0.20711
0.189252
0.23301
0.23301
0.23301
0.23301
0.23301
0.23301
0.23301
0.23301
0.23301
0.23301
0.23301
0.23301
0.23301
0.23301
0.23301
0.23301
0.23301
0.23301
0.23301
0.23301
0.23301
0.23301
0.23301
0.23301
0.23301
0.23301
0.23301
0.23301
0.23301
0.23301
0.23301
0.23301
0.23301
0.23301
0.23301
0.23301
0.23301
0.23301
0.23301
0.23301
0.23301
0.23301
0.23301
0.23301
0.23301
0.233008
0.23301
0.23301
0.23301
0.23301
0.233009
0.233003
0.232998
0.23301
0.232981
0.232991
0.232881
0.232902
0.232642
0.232652
0.232253
0.232231
0.23176
0.231639
0.231232
0.230966
0.230409
0.226619
0.229383
0.222216
0.223485
0.222146
0.221767
0.221774
0.221712
0.221791
0.221411
0.215709
0.224341
0.223422
0.224432
0.224375
0.224291
0.224179
0.201532
0.23296
0.231714
0.204427
0.191347
0.23301
0.23301
0.23301
0.23301
0.23301
0.23301
0.23301
0.23301
0.23301
0.23301
0.23301
0.23301
0.23301
0.23301
0.23301
0.23301
0.23301
0.23301
0.23301
0.23301
0.23301
0.23301
0.23301
0.23301
0.23301
0.23301
0.23301
0.23301
0.23301
0.23301
0.23301
0.23301
0.23301
0.23301
0.23301
0.23301
0.23301
0.23301
0.23301
0.23301
0.23301
0.23301
0.23301
0.23301
0.23301
0.233006
0.23301
0.23301
0.23301
0.23301
0.233009
0.233009
0.233007
0.232987
0.232971
0.23301
0.232925
0.23295
0.232688
0.232731
0.232224
0.232241
0.231552
0.231514
0.230757
0.230577
0.229934
0.229549
0.228608
0.225772
0.223008
0.221991
0.221726
0.221828
0.221804
0.221748
0.220225
0.213586
0.224105
0.222771
0.224324
0.224309
0.224236
0.224192
0.220811
0.233002
0.232768
0.19742
0.198937
0.23301
0.23301
0.23301
0.23301
0.23301
0.23301
0.23301
0.23301
0.23301
0.23301
0.23301
0.23301
0.23301
0.23301
0.23301
0.23301
0.23301
0.23301
0.23301
0.23301
0.23301
0.23301
0.23301
0.23301
0.23301
0.23301
0.23301
0.23301
0.23301
0.23301
0.23301
0.23301
0.23301
0.23301
0.23301
0.23301
0.23301
0.23301
0.23301
0.23301
0.23301
0.23301
0.23301
0.23301
0.232997
0.23301
0.23301
0.23301
0.233009
0.233009
0.23301
0.233009
0.233008
0.233003
0.23294
0.232895
0.23301
0.232784
0.232843
0.232303
0.232383
0.231504
0.231531
0.230455
0.230404
0.229258
0.229026
0.227978
0.227483
0.225121
0.222649
0.221893
0.221721
0.221765
0.221871
0.221874
0.218642
0.209414
0.224088
0.223807
0.221571
0.224227
0.22426
0.224214
0.22418
0.229602
0.233009
0.232976
0.197712
0.217078
0.23301
0.23301
0.23301
0.23301
0.23301
0.23301
0.23301
0.23301
0.23301
0.23301
0.23301
0.23301
0.23301
0.23301
0.23301
0.23301
0.23301
0.23301
0.23301
0.23301
0.23301
0.23301
0.23301
0.23301
0.23301
0.23301
0.23301
0.23301
0.23301
0.23301
0.23301
0.23301
0.23301
0.23301
0.23301
0.23301
0.23301
0.23301
0.23301
0.23301
0.23301
0.23301
0.23301
0.23301
0.23301
0.232971
0.23301
0.23301
0.23301
0.23301
0.233008
0.233009
0.23301
0.233008
0.233006
0.232989
0.232816
0.232712
0.232483
0.232599
0.23163
0.231757
0.230392
0.230438
0.228879
0.228819
0.227116
0.226859
0.22462
0.222447
0.221796
0.221721
0.221802
0.221915
0.221928
0.216228
0.201553
0.223965
0.223172
0.220179
0.224176
0.224174
0.224197
0.224078
0.232338
0.23301
0.233006
0.202236
0.228084
0.23301
0.23301
0.23301
0.23301
0.23301
0.23301
0.23301
0.23301
0.23301
0.23301
0.23301
0.23301
0.23301
0.23301
0.23301
0.23301
0.23301
0.23301
0.23301
0.23301
0.23301
0.23301
0.23301
0.23301
0.23301
0.23301
0.23301
0.23301
0.23301
0.23301
0.23301
0.23301
0.23301
0.23301
0.23301
0.23301
0.23301
0.23301
0.23301
0.23301
0.23301
0.23301
0.23301
0.23301
0.23301
0.23301
0.232896
0.23301
0.23301
0.23301
0.23301
0.233009
0.23301
0.233006
0.233008
0.233003
0.232998
0.232951
0.232534
0.232331
0.231924
0.232122
0.230582
0.230765
0.228816
0.228913
0.226714
0.226672
0.224265
0.224015
0.222304
0.221763
0.22172
0.221838
0.221973
0.221995
0.210569
0.201523
0.223749
0.222316
0.217418
0.224138
0.224132
0.22412
0.223725
0.223981
0.232915
0.23301
0.23301
0.216072
0.231921
0.23301
0.23301
0.23301
0.23301
0.23301
0.23301
0.23301
0.23301
0.23301
0.23301
0.23301
0.23301
0.23301
0.23301
0.23301
0.23301
0.23301
0.23301
0.23301
0.23301
0.23301
0.23301
0.23301
0.23301
0.23301
0.23301
0.23301
0.23301
0.23301
0.23301
0.23301
0.23301
0.23301
0.23301
0.23301
0.23301
0.23301
0.23301
0.23301
0.23301
0.23301
0.23301
0.23301
0.23301
0.23301
0.23301
0.23301
0.23301
0.232708
0.233009
0.23301
0.23301
0.23301
0.23301
0.233009
0.233009
0.233001
0.233005
0.232992
0.232978
0.232844
0.231984
0.231643
0.231015
0.23131
0.229098
0.229351
0.22671
0.226893
0.223916
0.223906
0.222219
0.221724
0.221723
0.221877
0.222031
0.22206
0.203899
0.205136
0.223339
0.220921
0.210538
0.224103
0.224084
0.224047
0.223597
0.223853
0.233
0.23301
0.23301
0.227517
0.232838
0.23301
0.23301
0.23301
0.23301
0.23301
0.23301
0.23301
0.23301
0.23301
0.23301
0.23301
0.23301
0.23301
0.23301
0.23301
0.23301
0.23301
0.23301
0.23301
0.23301
0.23301
0.23301
0.23301
0.23301
0.23301
0.23301
0.23301
0.23301
0.23301
0.23301
0.23301
0.23301
0.23301
0.23301
0.23301
0.23301
0.23301
0.23301
0.23301
0.23301
0.23301
0.23301
0.23301
0.23301
0.23301
0.23301
0.23301
0.23301
0.23301
0.232304
0.233009
0.23301
0.23301
0.23301
0.233009
0.233007
0.233009
0.232986
0.232997
0.232963
0.232924
0.232582
0.231066
0.230565
0.229693
0.230094
0.227132
0.227477
0.224081
0.224315
0.222164
0.22216
0.221682
0.221725
0.221914
0.22209
0.222125
0.203961
0.216827
0.222706
0.217857
0.205429
0.224064
0.224031
0.223959
0.223332
0.223271
0.223699
0.233009
0.23301
0.23301
0.231696
0.23299
0.23301
0.23301
0.23301
0.23301
0.23301
0.23301
0.23301
0.23301
0.23301
0.23301
0.23301
0.23301
0.23301
0.23301
0.23301
0.23301
0.23301
0.23301
0.23301
0.23301
0.23301
0.23301
0.23301
0.23301
0.23301
0.23301
0.23301
0.23301
0.23301
0.23301
0.23301
0.23301
0.23301
0.23301
0.23301
0.23301
0.23301
0.23301
0.23301
0.23301
0.23301
0.23301
0.23301
0.23301
0.23301
0.23301
0.23301
0.23301
0.23301
0.23301
0.23301
0.231565
0.233008
0.23301
0.23301
0.23301
0.23301
0.233009
0.233003
0.233007
0.232949
0.232979
0.232891
0.23278
0.232044
0.229724
0.229045
0.227918
0.228439
0.224631
0.22507
0.222201
0.222338
0.221646
0.221728
0.221957
0.222148
0.22219
0.207505
0.227547
0.221283
0.210195
0.205716
0.224017
0.22397
0.223877
0.222798
0.223302
0.223613
0.23301
0.23301
0.23301
0.232785
0.233008
0.23301
0.23301
0.23301
0.23301
0.23301
0.23301
0.23301
0.23301
0.23301
0.23301
0.23301
0.23301
0.23301
0.23301
0.23301
0.23301
0.23301
0.23301
0.23301
0.23301
0.23301
0.23301
0.23301
0.23301
0.23301
0.23301
0.23301
0.23301
0.23301
0.23301
0.23301
0.23301
0.23301
0.23301
0.23301
0.23301
0.23301
0.23301
0.23301
0.23301
0.23301
0.23301
0.23301
0.23301
0.23301
0.23301
0.23301
0.23301
0.23301
0.23301
0.23301
0.23301
0.230406
0.233006
0.23301
0.23301
0.23301
0.233009
0.233008
0.232994
0.233003
0.232859
0.232934
0.232715
0.232426
0.231122
0.227926
0.227042
0.225641
0.226314
0.222445
0.222696
0.221614
0.221644
0.221734
0.222001
0.222207
0.222254
0.218463
0.231635
0.217979
0.206607
0.209458
0.223965
0.223907
0.223784
0.221412
0.222692
0.223353
0.223525
0.23301
0.23301
0.23301
0.232981
0.23301
0.23301
0.23301
0.23301
0.23301
0.23301
0.23301
0.23301
0.23301
0.23301
0.23301
0.23301
0.23301
0.23301
0.23301
0.23301
0.23301
0.23301
0.23301
0.23301
0.23301
0.23301
0.23301
0.23301
0.23301
0.23301
0.23301
0.23301
0.23301
0.23301
0.23301
0.23301
0.23301
0.23301
0.23301
0.23301
0.23301
0.23301
0.23301
0.23301
0.23301
0.23301
0.23301
0.23301
0.23301
0.23301
0.23301
0.23301
0.23301
0.23301
0.23301
0.23301
0.23301
0.23301
0.23301
0.228779
0.233001
0.23301
0.23301
0.233009
0.233009
0.233007
0.232971
0.232992
0.232635
0.232826
0.232286
0.231732
0.229745
0.225608
0.224536
0.223059
0.223751
0.2217
0.221754
0.221523
0.221472
0.221737
0.222047
0.222264
0.222317
0.227979
0.232754
0.210087
0.20716
0.219826
0.223909
0.223836
0.223694
0.217327
0.220833
0.222462
0.223279
0.223434
0.23301
0.23301
0.23301
0.233007
0.23301
0.23301
0.23301
0.23301
0.23301
0.23301
0.23301
0.23301
0.23301
0.23301
0.23301
0.23301
0.23301
0.23301
0.23301
0.23301
0.23301
0.23301
0.23301
0.23301
0.23301
0.23301
0.23301
0.23301
0.23301
0.23301
0.23301
0.23301
0.23301
0.23301
0.23301
0.23301
0.23301
0.23301
0.23301
0.23301
0.23301
0.23301
0.23301
0.23301
0.23301
0.23301
0.23301
0.23301
0.23301
0.23301
0.23301
0.23301
0.23301
0.23301
0.23301
0.23301
0.23301
0.23301
0.23301
0.23301
0.23301
0.226663
0.232988
0.233009
0.23301
0.233009
0.233008
0.233002
0.232917
0.232967
0.232113
0.232564
0.231456
0.230614
0.227842
0.223121
0.222518
0.221864
0.222111
0.221483
0.221491
0.22177
0.222086
0.222318
0.222376
0.231676
0.232974
0.207722
0.211112
0.228435
0.223847
0.223763
0.223606
0.210212
0.215676
0.220018
0.222114
0.22317
0.223336
0.23301
0.23301
0.23301
0.23301
0.23301
0.23301
0.23301
0.23301
0.23301
0.23301
0.23301
0.23301
0.23301
0.23301
0.23301
0.23301
0.23301
0.23301
0.23301
0.23301
0.23301
0.23301
0.23301
0.23301
0.23301
0.23301
0.23301
0.23301
0.23301
0.23301
0.23301
0.23301
0.23301
0.23301
0.23301
0.23301
0.23301
0.23301
0.23301
0.23301
0.23301
0.23301
0.23301
0.23301
0.23301
0.23301
0.23301
0.23301
0.23301
0.23301
0.23301
0.23301
0.23301
0.23301
0.23301
0.23301
0.23301
0.23301
0.23301
0.23301
0.23301
0.23301
0.23301
0.224107
0.232957
0.233009
0.233009
0.233008
0.233006
0.23299
0.232791
0.232906
0.231162
0.231953
0.230135
0.229012
0.225365
0.221985
0.221766
0.221502
0.22158
0.2218
0.221829
0.222141
0.222367
0.222432
0.232751
0.233006
0.208517
0.221444
0.231793
0.223781
0.223687
0.22352
0.208846
0.210389
0.21376
0.218551
0.221548
0.222999
0.223219
0.23301
0.23301
0.23301
0.23301
0.23301
0.23301
0.23301
0.23301
0.23301
0.23301
0.23301
0.23301
0.23301
0.23301
0.23301
0.23301
0.23301
0.23301
0.23301
0.23301
0.23301
0.23301
0.23301
0.23301
0.23301
0.23301
0.23301
0.23301
0.23301
0.23301
0.23301
0.23301
0.23301
0.23301
0.23301
0.23301
0.23301
0.23301
0.23301
0.23301
0.23301
0.23301
0.23301
0.23301
0.23301
0.23301
0.23301
0.23301
0.23301
0.23301
0.23301
0.23301
0.23301
0.23301
0.23301
0.23301
0.23301
0.23301
0.23301
0.23301
0.23301
0.23301
0.23301
0.233009
0.23301
0.22244
0.232888
0.233009
0.233009
0.233006
0.233001
0.232958
0.232498
0.232763
0.229682
0.23085
0.228247
0.226862
0.223069
0.221595
0.221516
0.221447
0.221459
0.222184
0.221836
0.222225
0.222426
0.222483
0.232972
0.23301
0.212982
0.22912
0.232773
0.223712
0.223611
0.223424
0.21
0.210119
0.210792
0.212607
0.216372
0.220723
0.222831
0.222997
0.23301
0.23301
0.23301
0.23301
0.23301
0.23301
0.23301
0.23301
0.23301
0.23301
0.23301
0.23301
0.23301
0.23301
0.23301
0.23301
0.23301
0.23301
0.23301
0.23301
0.23301
0.23301
0.23301
0.23301
0.23301
0.23301
0.23301
0.23301
0.23301
0.23301
0.23301
0.23301
0.23301
0.23301
0.23301
0.23301
0.23301
0.23301
0.23301
0.23301
0.23301
0.23301
0.23301
0.23301
0.23301
0.23301
0.23301
0.23301
0.23301
0.23301
0.23301
0.23301
0.23301
0.23301
0.23301
0.23301
0.23301
0.23301
0.23301
0.23301
0.23301
0.23301
0.23301
0.23301
0.23301
0.233009
0.23301
0.221837
0.232734
0.233007
0.233009
0.233
0.232988
0.232879
0.23184
0.232437
0.227569
0.229164
0.225766
0.224158
0.222085
0.2215
0.221473
0.221897
0.222468
0.22225
0.222506
0.222541
0.233005
0.23301
0.223558
0.23201
0.232975
0.223641
0.22353
0.223319
0.215329
0.21185
0.211073
0.211303
0.212259
0.214457
0.219151
0.22162
0.22273
0.23301
0.23301
0.23301
0.23301
0.23301
0.23301
0.23301
0.23301
0.23301
0.23301
0.23301
0.23301
0.23301
0.23301
0.23301
0.23301
0.23301
0.23301
0.23301
0.23301
0.23301
0.23301
0.23301
0.23301
0.23301
0.23301
0.23301
0.23301
0.23301
0.23301
0.23301
0.23301
0.23301
0.23301
0.23301
0.23301
0.23301
0.23301
0.23301
0.23301
0.23301
0.23301
0.23301
0.23301
0.23301
0.23301
0.23301
0.23301
0.23301
0.23301
0.23301
0.23301
0.23301
0.23301
0.23301
0.23301
0.23301
0.23301
0.23301
0.23301
0.23301
0.23301
0.23301
0.23301
0.23301
0.23301
0.23301
0.233009
0.233009
0.23301
0.221604
0.232393
0.233002
0.233007
0.232986
0.232955
0.232704
0.230636
0.231725
0.224809
0.22679
0.223385
0.222586
0.221745
0.221972
0.221917
0.222302
0.222581
0.222534
0.222616
0.233009
0.23301
0.229928
0.232819
0.233005
0.223566
0.223448
0.223212
0.225642
0.218566
0.213803
0.212018
0.212048
0.212436
0.213751
0.217998
0.218516
0.222314
0.23301
0.23301
0.23301
0.23301
0.23301
0.23301
0.23301
0.23301
0.23301
0.23301
0.23301
0.23301
0.23301
0.23301
0.23301
0.23301
0.23301
0.23301
0.23301
0.23301
0.23301
0.23301
0.23301
0.23301
0.23301
0.23301
0.23301
0.23301
0.23301
0.23301
0.23301
0.23301
0.23301
0.23301
0.23301
0.23301
0.23301
0.23301
0.23301
0.23301
0.23301
0.23301
0.23301
0.23301
0.23301
0.23301
0.23301
0.23301
0.23301
0.23301
0.23301
0.23301
0.23301
0.23301
0.23301
0.23301
0.23301
0.23301
0.23301
0.23301
0.23301
0.23301
0.23301
0.23301
0.23301
0.233009
0.23301
0.23301
0.233009
0.233007
0.23301
0.221562
0.2317
0.23299
0.233003
0.23295
0.232878
0.23233
0.228769
0.230414
0.222984
0.224102
0.222308
0.221964
0.221604
0.222359
0.22199
0.222324
0.222575
0.222645
0.23301
0.23301
0.232253
0.232981
0.233009
0.223491
0.223371
0.223042
0.23072
0.227449
0.221947
0.215959
0.213493
0.2128
0.212961
0.214082
0.219801
0.214881
0.22202
0.23301
0.23301
0.23301
0.23301
0.23301
0.23301
0.23301
0.23301
0.23301
0.23301
0.23301
0.23301
0.23301
0.23301
0.23301
0.23301
0.23301
0.23301
0.23301
0.23301
0.23301
0.23301
0.23301
0.23301
0.23301
0.23301
0.23301
0.23301
0.23301
0.23301
0.23301
0.23301
0.23301
0.23301
0.23301
0.23301
0.23301
0.23301
0.23301
0.23301
0.23301
0.23301
0.23301
0.23301
0.23301
0.23301
0.23301
0.23301
0.23301
0.23301
0.23301
0.23301
0.23301
0.23301
0.23301
0.23301
0.23301
0.23301
0.23301
0.23301
0.23301
0.23301
0.23301
0.23301
0.23301
0.233009
0.233009
0.23301
0.233008
0.233003
0.23301
0.230383
0.232958
0.232992
0.232869
0.232704
0.231604
0.226125
0.228384
0.222203
0.222705
0.22191
0.221735
0.222033
0.222618
0.222372
0.222593
0.222681
0.23301
0.23301
0.232872
0.233006
0.23301
0.22342
0.223273
0.222908
0.232479
0.231412
0.229104
0.224844
0.219298
0.215551
0.213945
0.214047
0.217232
0.2143
0.217354
0.221516
0.23301
0.23301
0.23301
0.23301
0.23301
0.23301
0.23301
0.23301
0.23301
0.23301
0.23301
0.23301
0.23301
0.23301
0.23301
0.23301
0.23301
0.23301
0.23301
0.23301
0.23301
0.23301
0.23301
0.23301
0.23301
0.23301
0.23301
0.23301
0.23301
0.23301
0.23301
0.23301
0.23301
0.23301
0.23301
0.23301
0.23301
0.23301
0.23301
0.23301
0.23301
0.23301
0.23301
0.23301
0.23301
0.23301
0.23301
0.23301
0.23301
0.23301
0.23301
0.23301
0.23301
0.23301
0.23301
0.23301
0.23301
0.23301
0.23301
0.23301
0.23301
0.23301
0.23301
0.23301
0.23301
0.23301
0.23301
0.23301
0.233009
0.233009
0.23301
0.233006
0.232994
0.23301
0.228246
0.23288
0.232965
0.232696
0.23234
0.230313
0.223713
0.225552
0.221918
0.222117
0.221725
0.221673
0.222042
0.222392
0.222718
0.222624
0.222697
0.23301
0.23301
0.23299
0.23301
0.23301
0.223339
0.223187
0.222677
0.232917
0.232663
0.23198
0.230367
0.227366
0.223097
0.21864
0.216269
0.215052
0.215298
0.215538
0.218246
0.221269
0.23301
0.23301
0.23301
0.23301
0.23301
0.23301
0.23301
0.23301
0.23301
0.23301
0.23301
0.23301
0.23301
0.23301
0.23301
0.23301
0.23301
0.23301
0.23301
0.23301
0.23301
0.23301
0.23301
0.23301
0.23301
0.23301
0.23301
0.23301
0.23301
0.23301
0.23301
0.23301
0.23301
0.23301
0.23301
0.23301
0.23301
0.23301
0.23301
0.23301
0.23301
0.23301
0.23301
0.23301
0.23301
0.23301
0.23301
0.23301
0.23301
0.23301
0.23301
0.23301
0.23301
0.23301
0.23301
0.23301
0.23301
0.23301
0.23301
0.23301
0.23301
0.23301
0.23301
0.23301
0.23301
0.23301
0.23301
0.23301
0.23301
0.23301
0.233007
0.233009
0.233009
0.232999
0.232973
0.23301
0.225315
0.232711
0.232903
0.23235
0.23163
0.22821
0.222541
0.223472
0.221775
0.221896
0.221733
0.222057
0.222393
0.222636
0.222721
0.23301
0.233007
0.23301
0.23301
0.223265
0.223068
0.22253
0.232996
0.232949
0.232804
0.232361
0.231378
0.229161
0.226628
0.222998
0.215382
0.219891
0.215576
0.216772
0.216819
0.220692
0.23301
0.23301
0.23301
0.23301
0.23301
0.23301
0.23301
0.23301
0.23301
0.23301
0.23301
0.23301
0.23301
0.23301
0.23301
0.23301
0.23301
0.23301
0.23301
0.23301
0.23301
0.23301
0.23301
0.23301
0.23301
0.23301
0.23301
0.23301
0.23301
0.23301
0.23301
0.23301
0.23301
0.23301
0.23301
0.23301
0.23301
0.23301
0.23301
0.23301
0.23301
0.23301
0.23301
0.23301
0.23301
0.23301
0.23301
0.23301
0.23301
0.23301
0.23301
0.23301
0.23301
0.23301
0.23301
0.23301
0.23301
0.23301
0.23301
0.23301
0.23301
0.23301
0.23301
0.23301
0.23301
0.23301
0.23301
0.23301
0.23301
0.23301
0.23301
0.23301
0.23301
0.23301
0.233003
0.233008
0.233009
0.232984
0.232923
0.23301
0.22341
0.232382
0.232765
0.231679
0.230372
0.225357
0.22206
0.222458
0.222073
0.221819
0.222398
0.22263
0.222728
0.23301
0.23301
0.23301
0.223175
0.222974
0.222234
0.233008
0.233001
0.232977
0.232886
0.232654
0.231993
0.230969
0.229044
0.217913
0.226916
0.216027
0.217035
0.217384
0.216311
0.220653
0.23301
0.23301
0.23301
0.23301
0.23301
0.23301
0.23301
0.23301
0.23301
0.23301
0.23301
0.23301
0.23301
0.23301
0.23301
0.23301
0.23301
0.23301
0.23301
0.23301
0.23301
0.23301
0.23301
0.23301
0.23301
0.23301
0.23301
0.23301
0.23301
0.23301
0.23301
0.23301
0.23301
0.23301
0.23301
0.23301
0.23301
0.23301
0.23301
0.23301
0.23301
0.23301
0.23301
0.23301
0.23301
0.23301
0.23301
0.23301
0.23301
0.23301
0.23301
0.23301
0.23301
0.23301
0.23301
0.23301
0.23301
0.23301
0.23301
0.23301
0.23301
0.23301
0.23301
0.23301
0.23301
0.23301
0.23301
0.23301
0.23301
0.23301
0.23301
0.23301
0.23301
0.23301
0.23301
0.23301
0.23301
0.232993
0.233005
0.233007
0.232949
0.232815
0.23301
0.22242
0.231766
0.23249
0.230522
0.228362
0.223505
0.22185
0.222031
0.222394
0.222024
0.222629
0.222719
0.23301
0.23301
0.223097
0.222826
0.222107
0.23301
0.233009
0.233005
0.23299
0.232949
0.232824
0.232551
0.231973
0.224548
0.230984
0.216837
0.222349
0.216811
0.216849
0.21694
0.220476
0.23301
0.23301
0.23301
0.23301
0.23301
0.23301
0.23301
0.23301
0.23301
0.23301
0.23301
0.23301
0.23301
0.23301
0.23301
0.23301
0.23301
0.23301
0.23301
0.23301
0.23301
0.23301
0.23301
0.23301
0.23301
0.23301
0.23301
0.23301
0.23301
0.23301
0.23301
0.23301
0.23301
0.23301
0.23301
0.23301
0.23301
0.23301
0.23301
0.23301
0.23301
0.23301
0.23301
0.23301
0.23301
0.23301
0.23301
0.23301
0.23301
0.23301
0.23301
0.23301
0.23301
0.23301
0.23301
0.23301
0.23301
0.23301
0.23301
0.23301
0.23301
0.23301
0.23301
0.23301
0.23301
0.23301
0.23301
0.23301
0.23301
0.23301
0.23301
0.23301
0.23301
0.23301
0.23301
0.23301
0.233009
0.23301
0.23301
0.23301
0.23301
0.232972
0.233
0.233005
0.232875
0.232606
0.23301
0.221953
0.230704
0.23199
0.228682
0.225647
0.222486
0.221809
0.221821
0.22262
0.222325
0.22201
0.222713
0.23301
0.222993
0.222725
0.221966
0.23301
0.23301
0.233009
0.233007
0.233003
0.232981
0.232936
0.23281
0.229704
0.232583
0.220544
0.228337
0.216987
0.21948
0.217267
0.21711
0.220295
0.23301
0.23301
0.23301
0.23301
0.23301
0.23301
0.23301
0.23301
0.23301
0.23301
0.23301
0.23301
0.23301
0.23301
0.23301
0.23301
0.23301
0.23301
0.23301
0.23301
0.23301
0.23301
0.23301
0.23301
0.23301
0.23301
0.23301
0.23301
0.23301
0.23301
0.23301
0.23301
0.23301
0.23301
0.23301
0.23301
0.23301
0.23301
0.23301
0.23301
0.23301
0.23301
0.23301
0.23301
0.23301
0.23301
0.23301
0.23301
0.23301
0.23301
0.23301
0.23301
0.23301
0.23301
0.23301
0.23301
0.23301
0.23301
0.23301
0.23301
0.23301
0.23301
0.23301
0.23301
0.23301
0.23301
0.23301
0.23301
0.23301
0.23301
0.23301
0.23301
0.23301
0.23301
0.23301
0.23301
0.23301
0.23301
0.23301
0.23301
0.233008
0.233009
0.23301
0.23301
0.23301
0.232929
0.232989
0.233
0.232729
0.232236
0.23301
0.221789
0.229065
0.231113
0.226178
0.223674
0.221923
0.221736
0.222696
0.222544
0.22232
0.221926
0.222908
0.222626
0.221826
0.23301
0.23301
0.23301
0.23301
0.233009
0.233006
0.233
0.232979
0.232134
0.232945
0.226927
0.231579
0.218857
0.225678
0.217309
0.217282
0.21849
0.219934
0.23301
0.23301
0.23301
0.23301
0.23301
0.23301
0.23301
0.23301
0.23301
0.23301
0.23301
0.23301
0.23301
0.23301
0.23301
0.23301
0.23301
0.23301
0.23301
0.23301
0.23301
0.23301
0.23301
0.23301
0.23301
0.23301
0.23301
0.23301
0.23301
0.23301
0.23301
0.23301
0.23301
0.23301
0.23301
0.23301
0.23301
0.23301
0.23301
0.23301
0.23301
0.23301
0.23301
0.23301
0.23301
0.23301
0.23301
0.23301
0.23301
0.23301
0.23301
0.23301
0.23301
0.23301
0.23301
0.23301
0.23301
0.23301
0.23301
0.23301
0.23301
0.23301
0.23301
0.23301
0.23301
0.23301
0.23301
0.23301
0.23301
0.23301
0.23301
0.23301
0.23301
0.23301
0.23301
0.23301
0.23301
0.23301
0.23301
0.23301
0.23301
0.23301
0.23301
0.23301
0.233007
0.233009
0.23301
0.23301
0.232846
0.232967
0.23299
0.232476
0.231613
0.23301
0.221603
0.226831
0.229647
0.224042
0.222534
0.221667
0.221645
0.222627
0.222539
0.222255
0.221807
0.222825
0.222528
0.22157
0.23301
0.23301
0.23301
0.23301
0.23301
0.233009
0.233006
0.232853
0.233002
0.230877
0.232719
0.224474
0.230162
0.217439
0.218437
0.21785
0.22334
0.220028
0.23301
0.23301
0.23301
0.23301
0.23301
0.23301
0.23301
0.23301
0.23301
0.23301
0.23301
0.23301
0.23301
0.23301
0.23301
0.23301
0.23301
0.23301
0.23301
0.23301
0.23301
0.23301
0.23301
0.23301
0.23301
0.23301
0.23301
0.23301
0.23301
0.23301
0.23301
0.23301
0.23301
0.23301
0.23301
0.23301
0.23301
0.23301
0.23301
0.23301
0.23301
0.23301
0.23301
0.23301
0.23301
0.23301
0.23301
0.23301
0.23301
0.23301
0.23301
0.23301
0.23301
0.23301
0.23301
0.23301
0.23301
0.23301
0.23301
0.23301
0.23301
0.23301
0.23301
0.23301
0.23301
0.23301
0.23301
0.23301
0.23301
0.23301
0.23301
0.23301
0.23301
0.23301
0.23301
0.23301
0.23301
0.23301
0.23301
0.23301
0.23301
0.23301
0.23301
0.23301
0.23301
0.23301
0.233004
0.233008
0.23301
0.2327
0.232928
0.232974
0.23207
0.230586
0.23301
0.221551
0.224693
0.227637
0.222637
0.221822
0.221457
0.222615
0.222479
0.222145
0.221783
0.222745
0.222374
0.221506
0.23301
0.23301
0.23301
0.23301
0.23301
0.23301
0.232988
0.233009
0.232521
0.232969
0.229518
0.23227
0.217611
0.218306
0.2226
0.228893
0.217805
0.219992
0.23301
0.23301
0.23301
0.23301
0.23301
0.23301
0.23301
0.23301
0.23301
0.23301
0.23301
0.23301
0.23301
0.23301
0.23301
0.23301
0.23301
0.23301
0.23301
0.23301
0.23301
0.23301
0.23301
0.23301
0.23301
0.23301
0.23301
0.23301
0.23301
0.23301
0.23301
0.23301
0.23301
0.23301
0.23301
0.23301
0.23301
0.23301
0.23301
0.23301
0.23301
0.23301
0.23301
0.23301
0.23301
0.23301
0.23301
0.23301
0.23301
0.23301
0.23301
0.23301
0.23301
0.23301
0.23301
0.23301
0.23301
0.23301
0.23301
0.23301
0.23301
0.23301
0.23301
0.23301
0.23301
0.23301
0.23301
0.23301
0.23301
0.23301
0.23301
0.23301
0.23301
0.23301
0.23301
0.23301
0.23301
0.23301
0.23301
0.23301
0.23301
0.23301
0.23301
0.23301
0.23301
0.23301
0.23301
0.23301
0.23301
0.232998
0.233007
0.23301
0.232464
0.23286
0.232948
0.231439
0.228915
0.23301
0.223075
0.225596
0.221743
0.221496
0.221377
0.222549
0.22238
0.222127
0.221592
0.222631
0.222292
0.221416
0.23301
0.23301
0.23301
0.23301
0.23301
0.233007
0.23301
0.232931
0.233005
0.232017
0.232884
0.2183
0.221884
0.228321
0.231779
0.217941
0.218316
0.219994
0.23301
0.23301
0.23301
0.23301
0.23301
0.23301
0.23301
0.23301
0.23301
0.23301
0.23301
0.23301
0.23301
0.23301
0.23301
0.23301
0.23301
0.23301
0.23301
0.23301
0.23301
0.23301
0.23301
0.23301
0.23301
0.23301
0.23301
0.23301
0.23301
0.23301
0.23301
0.23301
0.23301
0.23301
0.23301
0.23301
0.23301
0.23301
0.23301
0.23301
0.23301
0.23301
0.23301
0.23301
0.23301
0.23301
0.23301
0.23301
0.23301
0.23301
0.23301
0.23301
0.23301
0.23301
0.23301
0.23301
0.23301
0.23301
0.23301
0.23301
0.23301
0.23301
0.23301
0.23301
0.23301
0.23301
0.23301
0.23301
0.23301
0.23301
0.23301
0.23301
0.23301
0.23301
0.23301
0.23301
0.23301
0.23301
0.23301
0.23301
0.23301
0.23301
0.23301
0.23301
0.23301
0.23301
0.23301
0.23301
0.23301
0.233009
0.23299
0.233005
0.23301
0.232127
0.232755
0.232908
0.230496
0.22703
0.23301
0.221945
0.223887
0.221337
0.221243
0.222477
0.222366
0.221985
0.221534
0.222552
0.222209
0.221347
0.23301
0.23301
0.23301
0.23301
0.23301
0.23301
0.233
0.23301
0.232822
0.232995
0.221283
0.22787
0.231541
0.232772
0.218075
0.218375
0.220804
0.219974
0.23301
0.23301
0.23301
0.23301
0.23301
0.23301
0.23301
0.23301
0.23301
0.23301
0.23301
0.23301
0.23301
0.23301
0.23301
0.23301
0.23301
0.23301
0.23301
0.23301
0.23301
0.23301
0.23301
0.23301
0.23301
0.23301
0.23301
0.23301
0.23301
0.23301
0.23301
0.23301
0.23301
0.23301
0.23301
0.23301
0.23301
0.23301
0.23301
0.23301
0.23301
0.23301
0.23301
0.23301
0.23301
0.23301
0.23301
0.23301
0.23301
0.23301
0.23301
0.23301
0.23301
0.23301
0.23301
0.23301
0.23301
0.23301
0.23301
0.23301
0.23301
0.23301
0.23301
0.23301
0.23301
0.23301
0.23301
0.23301
0.23301
0.23301
0.23301
0.23301
0.23301
0.23301
0.23301
0.23301
0.23301
0.23301
0.23301
0.23301
0.23301
0.23301
0.23301
0.23301
0.23301
0.23301
0.23301
0.23301
0.23301
0.23301
0.23301
0.23301
0.233009
0.232977
0.233002
0.23301
0.231661
0.232603
0.232853
0.22908
0.225393
0.23301
0.221264
0.222583
0.221081
0.221125
0.222448
0.222256
0.221968
0.221328
0.222476
0.222134
0.221288
0.23301
0.23301
0.23301
0.23301
0.23301
0.233009
0.23301
0.232985
0.233008
0.227377
0.231355
0.232715
0.232978
0.218229
0.218448
0.220548
0.226851
0.220004
0.23301
0.23301
0.23301
0.23301
0.23301
0.23301
0.23301
0.23301
0.23301
0.23301
0.23301
0.23301
0.23301
0.23301
0.23301
0.23301
0.23301
0.23301
0.23301
0.23301
0.23301
0.23301
0.23301
0.23301
0.23301
0.23301
0.23301
0.23301
0.23301
0.23301
0.23301
0.23301
0.23301
0.23301
0.23301
0.23301
0.23301
0.23301
0.23301
0.23301
0.23301
0.23301
0.23301
0.23301
0.23301
0.23301
0.23301
0.23301
0.23301
0.23301
0.23301
0.23301
0.23301
0.23301
0.23301
0.23301
0.23301
0.23301
0.23301
0.23301
0.23301
0.23301
0.23301
0.23301
0.23301
0.23301
0.23301
0.23301
0.23301
0.23301
0.23301
0.23301
0.23301
0.23301
0.23301
0.23301
0.23301
0.23301
0.23301
0.23301
0.23301
0.23301
0.23301
0.23301
0.23301
0.23301
0.233008
0.23301
0.23301
0.23301
0.23301
0.23301
0.23301
0.23301
0.232962
0.232998
0.23301
0.231074
0.232407
0.232785
0.227664
0.223935
0.23301
0.220927
0.221611
0.220796
0.220955
0.22236
0.222251
0.221804
0.221305
0.222405
0.222066
0.221257
0.23301
0.23301
0.23301
0.23301
0.23301
0.23301
0.233007
0.23301
0.231191
0.232678
0.23297
0.233007
0.218347
0.218523
0.220414
0.226425
0.231023
0.220076
0.23301
0.23301
0.23301
0.23301
0.23301
0.23301
0.23301
0.23301
0.23301
0.23301
0.23301
0.23301
0.23301
0.23301
0.23301
0.23301
0.23301
0.23301
0.23301
0.23301
0.23301
0.23301
0.23301
0.23301
0.23301
0.23301
0.23301
0.23301
0.23301
0.23301
0.23301
0.23301
0.23301
0.23301
0.23301
0.23301
0.23301
0.23301
0.23301
0.23301
0.23301
0.23301
0.23301
0.23301
0.23301
0.23301
0.23301
0.23301
0.23301
0.23301
0.23301
0.23301
0.23301
0.23301
0.23301
0.23301
0.23301
0.23301
0.23301
0.23301
0.23301
0.23301
0.23301
0.23301
0.23301
0.23301
0.23301
0.23301
0.23301
0.23301
0.23301
0.23301
0.23301
0.23301
0.23301
0.23301
0.23301
0.23301
0.23301
0.23301
0.23301
0.23301
0.23301
0.23301
0.233007
0.233008
0.23301
0.23301
0.23301
0.23301
0.23301
0.23301
0.23301
0.23301
0.23301
0.232942
0.232995
0.23301
0.230318
0.232169
0.232706
0.226294
0.22281
0.23301
0.220631
0.220981
0.220685
0.222355
0.222133
0.221809
0.221068
0.22234
0.222012
0.221234
0.23301
0.23301
0.23301
0.23301
0.23301
0.23301
0.232645
0.232966
0.233006
0.23301
0.218525
0.218615
0.220447
0.226141
0.230918
0.232633
0.220072
0.23301
0.23301
0.23301
0.23301
0.23301
0.23301
0.23301
0.23301
0.23301
0.23301
0.23301
0.23301
0.23301
0.23301
0.23301
0.23301
0.23301
0.23301
0.23301
0.23301
0.23301
0.23301
0.23301
0.23301
0.23301
0.23301
0.23301
0.23301
0.23301
0.23301
0.23301
0.23301
0.23301
0.23301
0.23301
0.23301
0.23301
0.23301
0.23301
0.23301
0.23301
0.23301
0.23301
0.23301
0.23301
0.23301
0.23301
0.23301
0.23301
0.23301
0.23301
0.23301
0.23301
0.23301
0.23301
0.23301
0.23301
0.23301
0.23301
0.23301
0.23301
0.23301
0.23301
0.23301
0.23301
0.23301
0.23301
0.23301
0.23301
0.23301
0.23301
0.23301
0.23301
0.23301
0.23301
0.23301
0.23301
0.23301
0.23301
0.23301
0.23301
0.23301
0.23301
0.233007
0.232991
0.23301
0.23301
0.23301
0.23301
0.23301
0.23301
0.23301
0.23301
0.23301
0.23301
0.23301
0.232923
0.23301
0.229424
0.231915
0.232625
0.225197
0.221912
0.23301
0.220323
0.220597
0.220513
0.222267
0.222141
0.221651
0.22093
0.222283
0.221966
0.221205
0.23301
0.23301
0.23301
0.23301
0.23301
0.232965
0.233006
0.23301
0.23301
0.218643
0.218712
0.220508
0.225978
0.230862
0.232629
0.232969
0.22026
0.23301
0.23301
0.23301
0.23301
0.23301
0.23301
0.23301
0.23301
0.23301
0.23301
0.23301
0.23301
0.23301
0.23301
0.23301
0.23301
0.23301
0.23301
0.23301
0.23301
0.23301
0.23301
0.23301
0.23301
0.23301
0.23301
0.23301
0.23301
0.23301
0.23301
0.23301
0.23301
0.23301
0.23301
0.23301
0.23301
0.23301
0.23301
0.23301
0.23301
0.23301
0.23301
0.23301
0.23301
0.23301
0.23301
0.23301
0.23301
0.23301
0.23301
0.23301
0.23301
0.23301
0.23301
0.23301
0.23301
0.23301
0.23301
0.23301
0.23301
0.23301
0.23301
0.23301
0.23301
0.23301
0.23301
0.23301
0.23301
0.23301
0.23301
0.23301
0.23301
0.23301
0.23301
0.23301
0.23301
0.23301
0.23301
0.23301
0.23301
0.23301
0.233007
0.232989
0.232904
0.23301
0.23301
0.23301
0.23301
0.23301
0.23301
0.23301
0.23301
0.23301
0.23301
0.23301
0.23301
0.23301
0.228593
0.231651
0.232547
0.224209
0.221204
0.23301
0.220106
0.220215
0.22037
0.222266
0.222031
0.221585
0.220891
0.222233
0.221933
0.221257
0.23301
0.23301
0.23301
0.233006
0.23301
0.23301
0.23301
0.218855
0.218838
0.220601
0.225882
0.230821
0.232616
0.232969
0.233007
0.220277
0.23301
0.23301
0.23301
0.23301
0.23301
0.23301
0.23301
0.23301
0.23301
0.23301
0.23301
0.23301
0.23301
0.23301
0.23301
0.23301
0.23301
0.23301
0.23301
0.23301
0.23301
0.23301
0.23301
0.23301
0.23301
0.23301
0.23301
0.23301
0.23301
0.23301
0.23301
0.23301
0.23301
0.23301
0.23301
0.23301
0.23301
0.23301
0.23301
0.23301
0.23301
0.23301
0.23301
0.23301
0.23301
0.23301
0.23301
0.23301
0.23301
0.23301
0.23301
0.23301
0.23301
0.23301
0.23301
0.23301
0.23301
0.23301
0.23301
0.23301
0.23301
0.23301
0.23301
0.23301
0.23301
0.23301
0.23301
0.23301
0.23301
0.23301
0.23301
0.23301
0.23301
0.23301
0.23301
0.233007
0.232988
0.232889
0.23301
0.23301
0.23301
0.23301
0.23301
0.23301
0.23301
0.23301
0.23301
0.23301
0.23301
0.23301
0.23301
0.227833
0.231398
0.232481
0.223391
0.220592
0.23301
0.219994
0.219943
0.22219
0.222014
0.221552
0.220629
0.222192
0.221914
0.221241
0.23301
0.23301
0.23301
0.23301
0.23301
0.23301
0.219077
0.218972
0.220707
0.225813
0.230781
0.23259
0.232968
0.233007
0.23301
0.220524
0.23301
0.23301
0.23301
0.23301
0.23301
0.23301
0.23301
0.23301
0.23301
0.23301
0.23301
0.23301
0.23301
0.23301
0.23301
0.23301
0.23301
0.23301
0.23301
0.23301
0.23301
0.23301
0.23301
0.23301
0.23301
0.23301
0.23301
0.23301
0.23301
0.23301
0.23301
0.23301
0.23301
0.23301
0.23301
0.23301
0.23301
0.23301
0.23301
0.23301
0.23301
0.23301
0.23301
0.23301
0.23301
0.23301
0.23301
0.23301
0.23301
0.23301
0.23301
0.23301
0.23301
0.23301
0.23301
0.23301
0.23301
0.23301
0.23301
0.23301
0.23301
0.233007
0.232988
0.232883
0.23301
0.23301
0.23301
0.23301
0.23301
0.23301
0.23301
0.23301
0.23301
0.23301
0.23301
0.23301
0.23301
0.227176
0.231168
0.232442
0.222673
0.220134
0.219807
0.219665
0.222169
0.221986
0.221408
0.220494
0.222161
0.221892
0.221346
0.23301
0.23301
0.23301
0.23301
0.23301
0.219267
0.219165
0.220885
0.225761
0.230753
0.232555
0.232959
0.233006
0.23301
0.23301
0.23301
0.23301
0.23301
0.23301
0.23301
0.23301
0.23301
0.23301
0.23301
0.23301
0.23301
0.23301
0.23301
0.23301
0.23301
0.23301
0.23301
0.23301
0.23301
0.23301
0.23301
0.23301
0.23301
0.23301
0.23301
0.23301
0.23301
0.23301
0.23301
0.23301
0.23301
0.23301
0.23301
0.23301
0.23301
0.23301
0.23301
0.23301
0.23301
0.23301
0.23301
0.23301
0.23301
0.23301
0.23301
0.23301
0.23301
0.23301
0.233008
0.232989
0.232881
0.23301
0.23301
0.23301
0.23301
0.23301
0.23301
0.23301
0.23301
0.23301
0.233008
0.23301
0.226612
0.230974
0.232421
0.222034
0.219734
0.219608
0.219388
0.222152
0.221909
0.221349
0.222139
0.22191
0.23301
0.23301
0.219405
0.221138
0.225792
0.230718
0.232515
0.232945
0.233005
0.23301
0.23301
0.23301
0.23301
0.23301
0.23301
0.23301
0.23301
0.23301
0.23301
0.23301
0.23301
0.23301
0.23301
0.23301
0.23301
0.23301
0.23301
0.23301
0.23301
0.23301
0.23301
0.23301
0.23301
0.23301
0.23301
0.23301
0.23301
0.23301
0.23301
0.23301
0.23301
0.23301
0.23301
0.23301
0.23301
0.23301
0.23301
0.23301
0.23301
0.23301
0.23301
0.23301
0.23301
0.23301
0.23301
0.23301
0.23301
0.232992
0.232883
0.23301
0.23301
0.23301
0.23301
0.233009
0.233009
0.232996
0.226188
0.230826
0.232414
0.221527
0.222111
0.221911
0.222125
0.225915
0.230711
0.232476
0.232929
0.233003
0.23301
0.23301
0.23301
0.23301
0.23301
0.23301
0.23301
0.23301
0.23301
0.23301
0.23301
0.23301
0.23301
0.23301
0.23301
0.23301
0.23301
0.23301
0.23301
0.23301
0.23301
0.23301
0.23301
0.23301
0.23301
0.23301
0.23301
0.23301
0.23301
0.23301
0.23301
0.23301
0.23301
0.23301
0.23301
0.23301
0.23301
0.23301
0.23301
0.23301
0.23301
0.23301
0.23301
0.23301
0.232895
0.233
0.232913
0.23074
0.232431
0.222118
0.23301
0.23301
0.23301
0.23301
0.23301
0.23301
0.23301
0.23301
0.23301
0.23301
0.23301
0.23301
0.23301
0.23301
0.23301
0.23301
0.23301
0.23301
0.23301
0.23301
0.23301
0.23301
0.23301
0.23301
0.23301
0.23301
0.23301
0.23301
0.23301
0.23301
0.23301
0.23301
0.23301
0.23301
0.23301
0.23301
0.23301
0.23301
0.23301
0.23301
0.23301
0.23301
0.23301
0.23301
0.23301
0.23301
0.23301
0.23301
0.23301
0.23301
0.23301
0.23301
0.23301
0.23301
0.23301
0.23301
0.23301
0.23301
0.23301
0.23301
0.23301
0.23301
0.23301
0.23301
0.23301
0.23301
0.23301
0.23301
0.23301
0.23301
0.23301
0.23301
0.23301
0.23301
0.23301
0.23301
0.23301
0.23301
0.23301
0.23301
0.23301
0.23301
0.23301
0.23301
0.23301
0.23301
0.23301
0.23301
0.23301
0.23301
0.23301
0.23301
0.23301
0.23301
0.23301
0.23301
0.23301
0.23301
0.23301
0.23301
0.23301
0.23301
0.23301
0.23301
0.23301
0.23301
0.23301
0.23301
0.23301
0.23301
0.23301
0.23301
0.23301
0.23301
0.23301
0.23301
0.23301
0.23301
0.23301
0.23301
0.23301
0.23301
0.23301
0.23301
0.23301
0.23301
0.23301
0.23301
0.23301
0.23301
0.23301
0.23301
0.23301
0.23301
0.23301
0.23301
0.23301
0.23301
0.23301
0.23301
0.23301
0.23301
0.23301
0.23301
0.23301
0.23301
0.23301
0.23301
0.23301
0.23301
0.23301
0.23301
0.23301
0.23301
0.23301
0.23301
0.23301
0.23301
0.23301
0.23301
0.23301
0.23301
0.23301
0.23301
0.23301
0.23301
0.23301
0.23301
0.23301
0.23301
0.23301
0.23301
0.23301
0.23301
0.23301
0.23301
0.23301
0.23301
0.23301
0.23301
0.23301
0.23301
0.23301
0.23301
0.23301
0.23301
0.23301
0.23301
0.23301
0.23301
0.23301
0.23301
0.23301
0.23301
0.23301
0.23301
0.23301
0.23301
0.23301
0.23301
0.23301
0.23301
0.23301
0.23301
0.23301
0.23301
0.23301
0.23301
0.23301
0.23301
0.23301
0.23301
0.23301
0.23301
0.23301
0.23301
0.23301
0.23301
0.23301
0.23301
0.23301
0.23301
0.23301
0.23301
0.23301
0.23301
0.23301
0.23301
0.23301
0.23301
0.23301
0.23301
0.23301
0.23301
0.23301
0.23301
0.23301
0.23301
0.23301
0.23301
0.23301
0.23301
0.23301
0.23301
0.23301
0.23301
0.23301
0.23301
0.23301
0.23301
0.23301
0.23301
0.23301
0.23301
0.23301
0.23301
0.23301
0.23301
0.23301
0.23301
0.23301
0.23301
0.23301
0.23301
0.23301
0.23301
0.23301
0.23301
0.23301
0.23301
0.23301
0.23301
0.23301
0.23301
0.23301
0.23301
0.23301
0.23301
0.23301
0.23301
0.23301
0.23301
0.23301
0.23301
0.23301
0.23301
0.23301
0.23301
0.23301
0.23301
0.23301
0.23301
0.23301
0.23301
0.23301
0.23301
0.23301
0.23301
0.23301
0.23301
0.23301
0.23301
0.23301
0.23301
0.23301
0.23301
0.23301
0.23301
0.23301
0.23301
0.23301
0.23301
0.23301
0.23301
0.23301
0.23301
0.23301
0.23301
0.23301
0.23301
0.23301
0.23301
0.23301
0.23301
0.23301
0.23301
0.23301
0.23301
0.23301
0.23301
0.23301
0.23301
0.23301
0.23301
0.23301
0.23301
0.23301
0.23301
0.23301
0.23301
0.23301
0.23301
0.23301
0.23301
0.23301
0.23301
0.23301
0.23301
0.23301
0.23301
0.23301
0.23301
0.23301
0.23301
0.23301
0.23301
0.23301
0.23301
0.23301
0.23301
0.23301
0.23301
0.23301
0.23301
0.23301
0.23301
0.23301
0.23301
0.23301
0.23301
0.23301
0.23301
0.23301
0.23301
0.23301
0.23301
0.23301
0.23301
0.23301
0.23301
0.23301
0.23301
0.23301
0.23301
0.23301
0.23301
0.23301
0.23301
0.23301
0.23301
0.23301
0.23301
0.23301
0.23301
0.23301
0.23301
0.23301
0.23301
0.23301
0.23301
0.23301
0.23301
0.23301
0.23301
0.23301
0.23301
0.23301
0.23301
0.23301
0.23301
0.23301
0.23301
0.23301
0.23301
0.23301
0.23301
0.23301
0.23301
0.23301
0.23301
0.23301
0.23301
0.23301
0.23301
0.23301
0.23301
0.23301
0.23301
0.23301
0.23301
0.23301
0.23301
0.23301
0.23301
0.23301
0.23301
0.23301
0.23301
0.23301
0.23301
0.23301
0.23301
0.23301
)
;

boundaryField
{
    lowerOutlet
    {
        type            inletOutlet;
        inletValue      uniform 0.23301;
        value           nonuniform List<scalar> 
144
(
0.23301
0.23301
0.23301
0.23301
0.23301
0.23301
0.23301
0.23301
0.23301
0.23301
0.23301
0.23301
0.23301
0.23301
0.23301
0.23301
0.23301
0.23301
0.23301
0.23301
0.23301
0.23301
0.23301
0.23301
0.23301
0.23301
0.23301
0.23301
0.23301
0.23301
0.23301
0.23301
0.23301
0.23301
0.23301
0.23301
0.23301
0.23301
0.23301
0.23301
0.23301
0.232668
0.23301
0.232988
0.23301
0.23301
0.232747
0.229647
0.146738
0.23301
0.23301
0.23301
0.23301
0.23301
0.23301
0.23301
0.23301
0.23301
0.23301
0.23301
0.23301
0.23301
0.23301
0.23301
0.23301
0.23301
0.23301
0.23301
0.23301
0.23301
0.23301
0.23301
0.23301
0.23301
0.23301
0.23301
0.23301
0.23301
0.23301
0.23301
0.23301
0.23301
0.23301
0.23301
0.23301
0.23301
0.23301
0.23301
0.23301
0.23301
0.23301
0.23301
0.23301
0.23301
0.23301
0.23301
0.23301
0.23301
0.23301
0.232775
0.232927
0.23301
0.23301
0.23301
0.22924
0.212834
0.23301
0.23301
0.23301
0.23301
0.23301
0.23301
0.23301
0.23301
0.23301
0.23301
0.23301
0.23301
0.23301
0.230777
0.23301
0.23301
0.23301
0.23301
0.23301
0.23301
0.23301
0.23301
0.23301
0.23301
0.229591
0.23301
0.23301
0.23301
0.23301
0.23301
0.23301
0.23301
0.23301
0.23301
0.23301
0.23301
0.23301
0.23301
)
;
    }
    top
    {
        type            inletOutlet;
        inletValue      uniform 0.23301;
        value           nonuniform List<scalar> 
100
(
0.23301
0.23301
0.23301
0.23301
0.23301
0.23301
0.23301
0.23301
0.23301
0.23301
0.23301
0.23301
0.233009
0.233005
0.232985
0.232918
0.232743
0.232428
0.232043
0.231783
0.231726
0.231896
0.232228
0.232526
0.232654
0.232686
0.232682
0.232661
0.232646
0.232644
0.232656
0.232691
0.232746
0.232821
0.232906
0.232972
0.232999
0.233008
0.233009
0.23301
0.23301
0.23301
0.23301
0.23301
0.23301
0.23301
0.23301
0.23301
0.23301
0.23301
0.23301
0.23301
0.23301
0.23301
0.23301
0.23301
0.23301
0.23301
0.23301
0.23301
0.23301
0.23301
0.23301
0.23301
0.23301
0.23301
0.23301
0.23301
0.23301
0.23301
0.23301
0.23301
0.23301
0.23301
0.23301
0.23301
0.23301
0.23301
0.23301
0.23301
0.23301
0.23301
0.23301
0.23301
0.23301
0.23301
0.23301
0.23301
0.23301
0.23301
0.23301
0.23301
0.23301
0.23301
0.23301
0.23301
0.23301
0.23301
0.23301
0.23301
)
;
    }
    sides
    {
        type            inletOutlet;
        inletValue      uniform 0.23301;
        value           uniform 0.23301;
    }
    front
    {
        type            empty;
    }
    back
    {
        type            empty;
    }
    roller
    {
        type            zeroGradient;
    }
    burner
    {
        type            fixedValue;
        value           uniform 0.032;
    }
}


// ************************************************************************* //
