/*--------------------------------*- C++ -*----------------------------------*\
  =========                 |
  \\      /  F ield         | OpenFOAM: The Open Source CFD Toolbox
   \\    /   O peration     | Website:  https://openfoam.org
    \\  /    A nd           | Version:  dev
     \\/     M anipulation  |
\*---------------------------------------------------------------------------*/
FoamFile
{
    version     2.0;
    format      ascii;
    class       volScalarField;
    location    "2500";
    object      rho;
}
// * * * * * * * * * * * * * * * * * * * * * * * * * * * * * * * * * * * * * //

dimensions      [1 -3 0 0 0 0 0];

internalField   nonuniform List<scalar> 
9851
(
1.17174
1.17157
1.17165
1.17155
1.1713
1.17169
1.17164
1.17109
1.17126
1.17176
1.17161
1.17096
1.17095
1.17136
1.17181
1.17165
1.171
1.17069
1.17094
1.17148
1.17185
1.17173
1.17106
1.17061
1.17063
1.17106
1.17152
1.17189
1.17171
1.17109
1.17056
1.17041
1.17068
1.17122
1.17159
1.17189
1.17177
1.17118
1.17063
1.17027
1.17038
1.1708
1.17129
1.17163
1.17192
1.17174
1.17121
1.17064
1.17018
1.17014
1.17046
1.17097
1.17135
1.17168
1.17192
1.17179
1.17132
1.17071
1.1702
1.17
1.17017
1.17058
1.17106
1.17142
1.1717
1.17193
1.17175
1.17134
1.17074
1.17027
1.16991
1.16994
1.17028
1.17075
1.17113
1.17148
1.17172
1.17194
1.17176
1.17137
1.17078
1.17028
1.16983
1.16978
1.17
1.17043
1.17086
1.17123
1.17153
1.17176
1.17195
1.1718
1.17135
1.17087
1.17032
1.16984
1.16966
1.16977
1.17013
1.17058
1.17096
1.17128
1.17155
1.17176
1.17196
1.17179
1.17136
1.1709
1.17035
1.16988
1.16959
1.16958
1.16987
1.17026
1.17067
1.17103
1.17131
1.17156
1.17179
1.17196
1.17181
1.17138
1.17095
1.17041
1.16991
1.16955
1.16946
1.16958
1.16997
1.17038
1.17076
1.17109
1.17135
1.1716
1.17179
1.17196
1.17181
1.17144
1.17099
1.17054
1.16995
1.16954
1.16936
1.16941
1.1697
1.17011
1.17049
1.17083
1.17113
1.17138
1.17161
1.1718
1.17196
1.1718
1.17139
1.17101
1.17048
1.16992
1.16955
1.1693
1.16927
1.16947
1.16983
1.17023
1.17058
1.1709
1.17117
1.17141
1.17163
1.17181
1.17197
1.17178
1.17139
1.17106
1.1705
1.17001
1.16958
1.16927
1.16916
1.16928
1.16957
1.16996
1.17034
1.17066
1.17095
1.17121
1.17144
1.17165
1.17182
1.17197
1.17177
1.17143
1.1711
1.17051
1.17011
1.16962
1.16924
1.16908
1.16912
1.16935
1.16971
1.17008
1.17042
1.17072
1.171
1.17124
1.17146
1.17165
1.17183
1.17197
1.17178
1.17142
1.17098
1.17056
1.17016
1.16962
1.16924
1.16903
1.16899
1.16916
1.16946
1.16982
1.17018
1.17049
1.17077
1.17103
1.17126
1.17147
1.17166
1.17183
1.17198
1.17178
1.17139
1.17101
1.17063
1.17007
1.16966
1.16924
1.16899
1.1689
1.16898
1.16923
1.16958
1.16995
1.17027
1.17056
1.17082
1.17107
1.17129
1.17149
1.17167
1.17183
1.17198
1.17175
1.17135
1.17094
1.17051
1.17007
1.16967
1.16927
1.16897
1.16883
1.16885
1.16904
1.16935
1.1697
1.17004
1.17033
1.1706
1.17085
1.1711
1.17132
1.17151
1.17168
1.17184
1.17198
1.17177
1.1714
1.17097
1.17052
1.1701
1.16969
1.1693
1.16895
1.16877
1.16874
1.16887
1.16914
1.16948
1.16981
1.1701
1.17039
1.17064
1.1709
1.17111
1.17133
1.17151
1.17168
1.17184
1.17198
1.17172
1.17131
1.17093
1.1705
1.17012
1.16972
1.16932
1.16895
1.16873
1.16865
1.16872
1.16894
1.16926
1.16958
1.1699
1.17016
1.17043
1.17068
1.17093
1.17113
1.17136
1.17153
1.17168
1.17184
1.17198
1.17173
1.17135
1.17089
1.17046
1.1701
1.16974
1.16935
1.16898
1.1687
1.16857
1.1686
1.16877
1.16904
1.16936
1.16968
1.16998
1.17022
1.17047
1.1707
1.17095
1.17116
1.17136
1.17154
1.17169
1.17184
1.17198
1.17169
1.17128
1.17086
1.17047
1.17008
1.16973
1.16936
1.16899
1.16869
1.16852
1.16849
1.16861
1.16885
1.16915
1.16946
1.16975
1.17001
1.17025
1.1705
1.17075
1.17097
1.17117
1.17137
1.17154
1.1717
1.17184
1.17198
1.17172
1.17124
1.17085
1.17044
1.17007
1.16972
1.16935
1.16899
1.16867
1.16847
1.16841
1.16847
1.16867
1.16895
1.16926
1.16955
1.16981
1.17006
1.1703
1.17055
1.17076
1.17099
1.17119
1.17137
1.17155
1.17169
1.17184
1.17198
1.1717
1.17121
1.17082
1.1704
1.17005
1.16971
1.16934
1.16898
1.16867
1.16843
1.16832
1.16836
1.1685
1.16876
1.16906
1.16936
1.16963
1.16988
1.17011
1.17034
1.17056
1.1708
1.17102
1.1712
1.17139
1.17155
1.1717
1.17184
1.17198
1.17162
1.17114
1.17072
1.17039
1.17002
1.16968
1.16933
1.16897
1.16865
1.1684
1.16826
1.16825
1.16836
1.16859
1.16887
1.16916
1.16943
1.16968
1.16992
1.17014
1.17037
1.17059
1.1708
1.17102
1.17121
1.1714
1.17155
1.1717
1.17183
1.17198
1.1716
1.17113
1.1707
1.17034
1.17
1.16966
1.16932
1.16897
1.16863
1.16837
1.1682
1.16815
1.16823
1.16841
1.16867
1.16897
1.16924
1.16949
1.16972
1.16995
1.17018
1.1704
1.17063
1.17083
1.17104
1.17123
1.17139
1.17155
1.17169
1.17183
1.17197
1.17157
1.17112
1.17069
1.17031
1.16998
1.16963
1.16929
1.16893
1.1686
1.16834
1.16815
1.16807
1.16812
1.16826
1.16849
1.16878
1.16906
1.16931
1.16955
1.16976
1.16998
1.17021
1.17042
1.17064
1.17085
1.17103
1.17123
1.17138
1.17154
1.17169
1.17182
1.17196
1.17159
1.17105
1.17062
1.17029
1.16996
1.16962
1.16927
1.16892
1.16857
1.1683
1.16809
1.168
1.168
1.16812
1.16831
1.16858
1.16886
1.16912
1.16937
1.16961
1.16981
1.17003
1.17022
1.17046
1.17064
1.17086
1.17106
1.17123
1.17139
1.17153
1.17167
1.17181
1.17196
1.17152
1.17098
1.17062
1.17024
1.16992
1.1696
1.16923
1.16889
1.16854
1.16826
1.16805
1.16793
1.16791
1.16799
1.16816
1.16841
1.16867
1.16896
1.16921
1.16942
1.16963
1.16983
1.17005
1.17024
1.17047
1.17068
1.17089
1.17107
1.17123
1.17137
1.17152
1.17166
1.1718
1.17203
1.17195
1.17153
1.17101
1.17059
1.17022
1.16989
1.16956
1.1692
1.16886
1.16851
1.16822
1.168
1.16787
1.16782
1.16788
1.16802
1.16823
1.1685
1.16876
1.16901
1.16924
1.16947
1.16967
1.16988
1.17008
1.1703
1.17051
1.17071
1.17089
1.17106
1.17121
1.17135
1.1715
1.17168
1.17186
1.17179
1.17203
1.17194
1.17147
1.17095
1.17054
1.1702
1.16986
1.16953
1.16918
1.16882
1.16847
1.16817
1.16794
1.16781
1.16775
1.16777
1.16789
1.16808
1.16833
1.16859
1.16885
1.16908
1.16929
1.1695
1.1697
1.16991
1.17011
1.17032
1.17052
1.17071
1.17088
1.17104
1.17118
1.17133
1.17154
1.17147
1.1717
1.1716
1.17162
1.17186
1.17178
1.17202
1.17194
1.17146
1.17097
1.17053
1.17019
1.16984
1.1695
1.16914
1.16878
1.16843
1.16812
1.16788
1.16773
1.16766
1.16767
1.16776
1.16792
1.16815
1.16841
1.16866
1.16891
1.16913
1.16933
1.16953
1.16973
1.16993
1.17013
1.17033
1.17053
1.1707
1.17086
1.17101
1.17116
1.17139
1.1713
1.17151
1.1717
1.17154
1.17161
1.17185
1.17177
1.17202
1.17193
1.17147
1.17096
1.17051
1.17018
1.16983
1.16947
1.16911
1.16875
1.16839
1.16807
1.16782
1.16766
1.16758
1.16758
1.16765
1.16779
1.16799
1.16823
1.16849
1.16873
1.16896
1.16917
1.16937
1.16956
1.16975
1.16995
1.17014
1.17035
1.17053
1.17068
1.17083
1.17099
1.17123
1.17113
1.17141
1.17132
1.17145
1.17168
1.17152
1.17159
1.17184
1.17175
1.17202
1.17192
1.17143
1.1709
1.17051
1.17019
1.16982
1.16945
1.16909
1.16871
1.16834
1.16801
1.16776
1.16759
1.1675
1.16748
1.16754
1.16765
1.16783
1.16806
1.16831
1.16856
1.16879
1.169
1.1692
1.1694
1.16958
1.16977
1.16997
1.17015
1.17034
1.17051
1.17065
1.17081
1.17104
1.17095
1.17123
1.17113
1.17136
1.17127
1.17143
1.17166
1.1715
1.17156
1.17182
1.17173
1.17201
1.17191
1.17143
1.17092
1.17054
1.17018
1.16982
1.16944
1.16906
1.16868
1.1683
1.16795
1.16769
1.16751
1.16742
1.16739
1.16743
1.16753
1.16769
1.1679
1.16813
1.16838
1.16862
1.16884
1.16904
1.16923
1.16942
1.1696
1.16981
1.17
1.17015
1.17033
1.17048
1.17062
1.17085
1.17076
1.17103
1.17093
1.17117
1.17107
1.17133
1.17123
1.1714
1.17163
1.17146
1.17153
1.17181
1.17171
1.17201
1.1719
1.17143
1.1709
1.17053
1.17017
1.16982
1.16943
1.16904
1.16865
1.16826
1.1679
1.16762
1.16743
1.16733
1.1673
1.16733
1.16742
1.16756
1.16775
1.16797
1.16821
1.16844
1.16867
1.16888
1.16908
1.16926
1.16944
1.16961
1.16984
1.17002
1.17015
1.17029
1.17045
1.17064
1.17054
1.17082
1.17069
1.17096
1.17083
1.17112
1.171
1.17129
1.17118
1.17136
1.17161
1.17142
1.17149
1.17179
1.17168
1.172
1.17188
1.17146
1.17092
1.17054
1.17018
1.16983
1.16942
1.16903
1.16863
1.16822
1.16784
1.16755
1.16735
1.16725
1.16721
1.16724
1.16731
1.16743
1.1676
1.16781
1.16803
1.16827
1.1685
1.16872
1.16892
1.16911
1.16929
1.16945
1.16963
1.16985
1.17004
1.17014
1.17022
1.17038
1.17021
1.17052
1.17029
1.17065
1.17038
1.17084
1.17057
1.17103
1.17081
1.17123
1.17107
1.1713
1.17157
1.17136
1.17144
1.17177
1.17166
1.17199
1.17187
1.17147
1.17093
1.17057
1.1702
1.16983
1.16942
1.16902
1.16861
1.16819
1.1678
1.16748
1.16728
1.16716
1.16712
1.16714
1.16721
1.16732
1.16747
1.16765
1.16787
1.1681
1.16833
1.16855
1.16876
1.16895
1.16914
1.16929
1.16947
1.16965
1.16984
1.17
1.17006
1.16998
1.16964
1.16992
1.16926
1.1699
1.16901
1.17005
1.16902
1.17037
1.16941
1.17077
1.17006
1.17111
1.17072
1.17117
1.17153
1.17125
1.17135
1.17175
1.17162
1.17198
1.17185
1.1715
1.17097
1.17061
1.17024
1.16986
1.16943
1.16902
1.1686
1.16817
1.16775
1.16742
1.1672
1.16707
1.16703
1.16704
1.16711
1.16721
1.16734
1.16751
1.16771
1.16793
1.16816
1.16838
1.16859
1.1688
1.16899
1.16915
1.16931
1.16949
1.16965
1.16981
1.16975
1.16909
1.16846
1.1684
1.16681
1.16745
1.16509
1.16702
1.1637
1.16739
1.16344
1.16838
1.1648
1.16966
1.16698
1.17069
1.16927
1.17072
1.17146
1.17084
1.17103
1.17172
1.17157
1.17197
1.17183
1.17152
1.17102
1.17065
1.17028
1.1699
1.16945
1.16902
1.16859
1.16815
1.16771
1.16736
1.16713
1.16699
1.16694
1.16695
1.16701
1.16711
1.16723
1.16738
1.16756
1.16777
1.16799
1.16821
1.16843
1.16864
1.16884
1.16902
1.16916
1.16933
1.16951
1.1696
1.16928
1.1671
1.16779
1.16532
1.163
1.16231
1.15929
1.15968
1.15539
1.15814
1.15235
1.1585
1.15115
1.16135
1.1526
1.16544
1.15739
1.16898
1.16409
1.16895
1.17126
1.16923
1.1698
1.17169
1.17148
1.17196
1.17182
1.17154
1.17106
1.17068
1.17032
1.16995
1.16948
1.16904
1.16859
1.16813
1.16768
1.16731
1.16706
1.16691
1.16685
1.16685
1.1669
1.16699
1.1671
1.16724
1.16742
1.16761
1.16782
1.16804
1.16827
1.16848
1.16869
1.16888
1.16903
1.16921
1.16933
1.16941
1.16839
1.16048
1.16149
1.15791
1.15643
1.15351
1.15129
1.14748
1.14682
1.14178
1.14411
1.13736
1.14371
1.13543
1.14677
1.13636
1.15377
1.14095
1.16324
1.15109
1.16319
1.17051
1.16408
1.1658
1.17165
1.17112
1.17196
1.17179
1.17155
1.17108
1.17071
1.17035
1.16999
1.16954
1.16907
1.16861
1.16813
1.16766
1.16726
1.16699
1.16683
1.16676
1.16675
1.16678
1.16683
1.16692
1.16705
1.16722
1.16742
1.16764
1.16787
1.1681
1.16832
1.16853
1.16873
1.16891
1.16904
1.16916
1.16919
1.16748
1.15781
1.14685
1.14494
1.15109
1.14871
1.14412
1.14105
1.13735
1.13348
1.13182
1.12738
1.12882
1.12459
1.1285
1.12411
1.13047
1.12483
1.13662
1.12731
1.14977
1.13402
1.15011
1.16785
1.15231
1.15616
1.17152
1.16974
1.17195
1.17176
1.17154
1.17109
1.17073
1.17037
1.17002
1.16959
1.1691
1.16864
1.16814
1.16765
1.16723
1.16693
1.16675
1.16665
1.1666
1.16655
1.1665
1.16651
1.16663
1.16685
1.16712
1.16739
1.16765
1.16791
1.16815
1.16837
1.16858
1.16878
1.16892
1.16907
1.16896
1.16674
1.15613
1.14352
1.14216
1.13451
1.13289
1.13849
1.13628
1.13028
1.12753
1.12403
1.12159
1.12188
1.12004
1.1217
1.12042
1.12231
1.12104
1.12318
1.12164
1.12549
1.12266
1.13299
1.1246
1.13346
1.16071
1.13586
1.1409
1.17102
1.16545
1.17194
1.17157
1.1715
1.17105
1.17073
1.17039
1.17004
1.16965
1.16916
1.16868
1.16817
1.16766
1.16721
1.16688
1.16666
1.1665
1.16631
1.16602
1.16564
1.16535
1.16535
1.16571
1.16629
1.16686
1.16731
1.16765
1.16794
1.16819
1.16843
1.16863
1.1688
1.16892
1.16887
1.16647
1.15511
1.14114
1.14206
1.13165
1.13052
1.12206
1.12076
1.12532
1.12351
1.11969
1.11806
1.11874
1.11761
1.11953
1.11901
1.12084
1.12134
1.12183
1.12313
1.12204
1.12355
1.1222
1.12284
1.12422
1.12204
1.12437
1.14782
1.12545
1.12849
1.16883
1.15556
1.17161
1.16927
1.17146
1.17098
1.17068
1.17039
1.17005
1.1697
1.16922
1.16873
1.16821
1.16769
1.16721
1.16684
1.16657
1.16626
1.16576
1.16488
1.16372
1.16272
1.16226
1.16255
1.16356
1.16503
1.16632
1.16715
1.16764
1.16798
1.16825
1.16848
1.16868
1.16885
1.1688
1.16646
1.15508
1.134
1.12988
1.12769
1.11979
1.11893
1.11429
1.11321
1.11667
1.11542
1.11655
1.11552
1.11869
1.11843
1.12242
1.12366
1.12586
1.12899
1.12721
1.132
1.12605
1.13182
1.12364
1.12862
1.12185
1.12412
1.12161
1.1338
1.12162
1.12215
1.15983
1.13972
1.16677
1.15788
1.171
1.17063
1.17037
1.17005
1.16973
1.16928
1.1688
1.16826
1.16773
1.16722
1.16682
1.16647
1.16598
1.165
1.16332
1.16128
1.15964
1.15879
1.15878
1.15959
1.16118
1.16346
1.16568
1.16698
1.16765
1.16803
1.16831
1.16855
1.1687
1.16874
1.16655
1.15534
1.1342
1.11768
1.11766
1.11853
1.11789
1.11225
1.11136
1.11249
1.11143
1.11452
1.11351
1.11808
1.11761
1.12458
1.12499
1.13163
1.13347
1.13663
1.14049
1.13791
1.14344
1.1355
1.14158
1.13034
1.1371
1.12396
1.13089
1.12298
1.12383
1.12161
1.12049
1.1435
1.12675
1.16843
1.15527
1.17071
1.17035
1.17
1.16974
1.16933
1.16888
1.16833
1.16777
1.16725
1.16681
1.16639
1.16569
1.16417
1.16164
1.15882
1.15675
1.15566
1.15537
1.15582
1.15709
1.15924
1.16214
1.16515
1.16686
1.16768
1.1681
1.16838
1.1686
1.16865
1.16684
1.15611
1.13478
1.11783
1.11942
1.10952
1.10926
1.11065
1.11
1.11038
1.10934
1.11514
1.11402
1.11697
1.11612
1.12492
1.12458
1.13444
1.13461
1.14316
1.14464
1.14819
1.15194
1.14657
1.15147
1.14185
1.14582
1.13698
1.14056
1.13023
1.1364
1.12833
1.11971
1.12562
1.12372
1.12075
1.13598
1.12171
1.17016
1.15764
1.17041
1.16993
1.16975
1.16939
1.16895
1.16841
1.16784
1.16729
1.16681
1.16633
1.16544
1.1634
1.16005
1.15659
1.15421
1.15297
1.15248
1.1525
1.15316
1.15478
1.15752
1.16116
1.16486
1.16687
1.16775
1.16818
1.16846
1.16853
1.16732
1.15757
1.13601
1.11396
1.1091
1.10795
1.10648
1.10567
1.10833
1.10737
1.11281
1.11155
1.12149
1.12009
1.12383
1.12274
1.13433
1.13359
1.14513
1.14494
1.15423
1.15521
1.15635
1.1605
1.1499
1.15475
1.14325
1.14604
1.13849
1.13784
1.13494
1.13628
1.13655
1.13053
1.13386
1.12209
1.11939
1.12041
1.12753
1.13169
1.13302
1.12577
1.13416
1.11955
1.1199
1.12298
1.17068
1.1597
1.16994
1.16973
1.16942
1.16901
1.1685
1.16793
1.16735
1.16683
1.16631
1.16527
1.16279
1.15871
1.15464
1.15204
1.15085
1.15026
1.14995
1.14985
1.15044
1.15234
1.15584
1.16043
1.1648
1.16696
1.16784
1.16827
1.16844
1.16774
1.15946
1.13819
1.11495
1.10433
1.10475
1.10511
1.10434
1.10779
1.10661
1.11028
1.10901
1.11858
1.11701
1.1295
1.1278
1.13243
1.13104
1.1443
1.14321
1.15539
1.155
1.16254
1.16333
1.16019
1.16447
1.14984
1.15539
1.13672
1.13994
1.14176
1.13472
1.13226
1.12966
1.1305
1.13516
1.13504
1.13424
1.13301
1.13449
1.12358
1.12144
1.13001
1.13274
1.1337
1.12792
1.12266
1.13969
1.12917
1.11995
1.12012
1.17158
1.14031
1.15624
1.1666
1.1696
1.16942
1.16907
1.16859
1.16802
1.16744
1.16688
1.16632
1.16521
1.16242
1.15772
1.15308
1.15052
1.14958
1.14916
1.14862
1.1479
1.14725
1.14754
1.14978
1.15421
1.16
1.16494
1.16709
1.16796
1.16831
1.168
1.16173
1.14102
1.11707
1.10355
1.10373
1.1031
1.10554
1.10453
1.11224
1.1107
1.11541
1.11381
1.126
1.12413
1.13844
1.13649
1.14182
1.14022
1.15417
1.15306
1.16354
1.16342
1.16618
1.16674
1.16143
1.16569
1.14448
1.14816
1.15174
1.15598
1.12989
1.13143
1.1361
1.13916
1.12977
1.12681
1.12531
1.12538
1.13157
1.13381
1.13056
1.12754
1.13342
1.12541
1.12285
1.13148
1.133
1.13246
1.12977
1.12262
1.12927
1.12084
1.1206
1.16785
1.172
1.17168
1.14156
1.15766
1.16937
1.1691
1.16866
1.16811
1.16754
1.16696
1.16636
1.16522
1.16232
1.15714
1.15196
1.14951
1.14896
1.14884
1.14865
1.14781
1.14632
1.14477
1.14466
1.14738
1.15295
1.16009
1.16523
1.1673
1.16809
1.16804
1.1639
1.14512
1.11988
1.10381
1.1046
1.10376
1.10651
1.10526
1.10922
1.1078
1.11836
1.11645
1.12221
1.12028
1.13439
1.13218
1.148
1.14585
1.15163
1.14992
1.16291
1.16202
1.16696
1.16707
1.16714
1.16753
1.15944
1.16292
1.16495
1.1663
1.14277
1.147
1.15138
1.15568
1.12667
1.12944
1.13407
1.13791
1.12373
1.12155
1.12226
1.12118
1.12583
1.13013
1.12478
1.12115
1.13017
1.12735
1.12447
1.13169
1.1305
1.13084
1.13059
1.12289
1.12968
1.12201
1.12124
1.16917
1.17203
1.17191
1.14296
1.15977
1.1691
1.16871
1.16821
1.16763
1.16706
1.16645
1.16532
1.16237
1.15697
1.15125
1.14879
1.14851
1.1489
1.14934
1.14896
1.14713
1.14453
1.14216
1.14194
1.14552
1.15249
1.16065
1.16571
1.16757
1.16796
1.16553
1.15029
1.12374
1.1048
1.10413
1.10805
1.1071
1.11111
1.10952
1.11458
1.11279
1.12525
1.12294
1.1299
1.12758
1.14349
1.14096
1.1573
1.15514
1.16075
1.15916
1.16707
1.16681
1.16769
1.16802
1.16678
1.16695
1.16698
1.167
1.15939
1.16237
1.16431
1.16518
1.14232
1.14699
1.15162
1.15584
1.12502
1.13333
1.129
1.13791
1.11816
1.11737
1.12076
1.11818
1.1192
1.12448
1.11803
1.11522
1.12495
1.1289
1.12626
1.13092
1.12603
1.12747
1.13052
1.12333
1.13031
1.12331
1.12198
1.17062
1.17205
1.17198
1.14472
1.16319
1.16876
1.16831
1.16774
1.16716
1.16657
1.16554
1.16263
1.15705
1.15095
1.14824
1.1481
1.14908
1.15091
1.1524
1.15102
1.1464
1.14217
1.13918
1.13961
1.1448
1.15312
1.16172
1.16632
1.16767
1.16646
1.15513
1.1287
1.10722
1.10368
1.10951
1.10788
1.11261
1.11099
1.11643
1.11447
1.12068
1.1185
1.13277
1.12999
1.13831
1.13556
1.15276
1.15012
1.16468
1.1633
1.16635
1.16566
1.16834
1.16846
1.16679
1.16768
1.16539
1.16538
1.16538
1.16562
1.15928
1.16165
1.16275
1.16291
1.14286
1.14779
1.15232
1.15605
1.12477
1.13376
1.12971
1.13894
1.11392
1.11425
1.12054
1.11662
1.11288
1.11771
1.11133
1.11074
1.11842
1.12958
1.12779
1.12888
1.12006
1.12246
1.12967
1.1238
1.13095
1.12481
1.12277
1.17136
1.17207
1.17202
1.14733
1.16588
1.16837
1.16784
1.16728
1.16668
1.16581
1.16322
1.15743
1.15096
1.14782
1.1477
1.14922
1.15241
1.1562
1.15618
1.15172
1.14466
1.13881
1.13595
1.13867
1.14553
1.15467
1.16322
1.16689
1.16663
1.15876
1.1344
1.11084
1.10382
1.10799
1.11364
1.1123
1.11751
1.11548
1.12213
1.11974
1.12728
1.12465
1.1411
1.1379
1.14727
1.14425
1.16139
1.15906
1.16789
1.16739
1.16844
1.16825
1.16853
1.16889
1.16245
1.16342
1.16624
1.16468
1.16268
1.16215
1.16193
1.16195
1.15869
1.15983
1.15988
1.15917
1.14413
1.14889
1.15282
1.15556
1.12555
1.1351
1.13111
1.14049
1.11066
1.11252
1.12115
1.11621
1.10799
1.11076
1.1058
1.10732
1.11144
1.12958
1.12858
1.12525
1.1133
1.11643
1.12776
1.12423
1.13167
1.1262
1.12358
1.17177
1.17207
1.17203
1.1502
1.16858
1.16797
1.16737
1.16683
1.16604
1.16394
1.15836
1.15121
1.14755
1.14729
1.14918
1.15345
1.15886
1.16007
1.15675
1.14978
1.14013
1.13405
1.13422
1.13931
1.14775
1.15725
1.16491
1.16638
1.16118
1.14019
1.11526
1.10461
1.10646
1.11471
1.11282
1.11835
1.11644
1.12303
1.12057
1.12858
1.12571
1.13473
1.13161
1.15014
1.14676
1.15631
1.15334
1.16667
1.16565
1.16902
1.16888
1.16906
1.1691
1.16749
1.16831
1.16882
1.15754
1.15899
1.16337
1.16102
1.15811
1.15715
1.15679
1.15682
1.15656
1.15641
1.15518
1.15334
1.14545
1.1495
1.15221
1.15296
1.12675
1.13668
1.13243
1.14177
1.10853
1.11177
1.12192
1.11645
1.10432
1.1045
1.10166
1.10467
1.10467
1.12902
1.12882
1.12039
1.1065
1.10996
1.12461
1.1247
1.13258
1.12735
1.12449
1.1719
1.17208
1.17205
1.15441
1.16988
1.16755
1.16692
1.16629
1.1646
1.15972
1.15194
1.14748
1.1469
1.14893
1.15382
1.16047
1.16265
1.16056
1.15446
1.14325
1.13341
1.13082
1.13446
1.14205
1.15151
1.16037
1.16549
1.16217
1.14543
1.12006
1.1066
1.10608
1.1129
1.11967
1.11813
1.12416
1.12175
1.12984
1.12687
1.13637
1.13302
1.14332
1.13983
1.15929
1.15609
1.1642
1.16204
1.16864
1.16829
1.16938
1.16936
1.16923
1.16935
1.16579
1.1677
1.16787
1.16883
1.15134
1.15344
1.15944
1.15624
1.15157
1.15032
1.14997
1.15015
1.15256
1.15079
1.14813
1.1455
1.14586
1.14849
1.14904
1.1484
1.12755
1.13758
1.13271
1.14167
1.10732
1.11152
1.12203
1.11664
1.10131
1.09964
1.09833
1.10283
1.09881
1.12795
1.12891
1.11483
1.10011
1.1036
1.12059
1.12519
1.1339
1.12816
1.1255
1.17196
1.17209
1.17206
1.15775
1.1707
1.16711
1.16643
1.16524
1.16115
1.15344
1.14759
1.14657
1.14849
1.15377
1.16104
1.1642
1.16321
1.15868
1.14742
1.13397
1.12858
1.1305
1.13727
1.14701
1.15656
1.16332
1.16205
1.14911
1.12484
1.10925
1.10629
1.11083
1.12198
1.11973
1.1261
1.124
1.13167
1.12874
1.13823
1.13484
1.14545
1.1418
1.15269
1.14913
1.16584
1.16419
1.16776
1.16698
1.16929
1.16918
1.16951
1.16952
1.16919
1.16934
1.16945
1.16264
1.16558
1.16641
1.16834
1.14426
1.14719
1.15512
1.15092
1.14327
1.14208
1.14184
1.14244
1.14593
1.14271
1.13922
1.13613
1.14421
1.14463
1.14382
1.14088
1.1271
1.13685
1.13126
1.13941
1.10643
1.11104
1.12081
1.11603
1.09873
1.09575
1.09525
1.10122
1.09414
1.12588
1.12867
1.109
1.0946
1.09777
1.1161
1.12574
1.13518
1.12878
1.12655
1.17196
1.17209
1.17204
1.16021
1.17086
1.16668
1.16565
1.16269
1.15533
1.14811
1.14639
1.14793
1.15351
1.16099
1.16493
1.16485
1.16207
1.1528
1.13697
1.12819
1.12757
1.13259
1.14271
1.15334
1.16053
1.16123
1.15007
1.1293
1.11225
1.10696
1.10961
1.12024
1.12923
1.12718
1.13435
1.13157
1.14076
1.13745
1.14782
1.14421
1.15503
1.15145
1.16171
1.15858
1.16837
1.16778
1.16901
1.16875
1.16952
1.16948
1.1696
1.16961
1.16964
1.16908
1.16935
1.16956
1.16948
1.15935
1.16322
1.16469
1.16755
1.13698
1.14085
1.15081
1.14559
1.1339
1.13303
1.13304
1.13428
1.13709
1.13292
1.12907
1.12599
1.13983
1.13853
1.13553
1.13131
1.12475
1.13377
1.12714
1.13416
1.10514
1.10952
1.11728
1.11377
1.09635
1.09229
1.09219
1.09912
1.09011
1.1235
1.12844
1.10352
1.09
1.09298
1.1119
1.12638
1.13632
1.12938
1.12768
1.17186
1.17207
1.17186
1.16126
1.17069
1.16612
1.16378
1.15778
1.14926
1.14639
1.14733
1.15283
1.16075
1.16511
1.16576
1.1644
1.15809
1.14384
1.12938
1.12636
1.12831
1.13702
1.14801
1.15654
1.15916
1.14959
1.13174
1.11547
1.10825
1.10931
1.11757
1.13301
1.1306
1.13792
1.1355
1.14392
1.14075
1.15067
1.14725
1.15769
1.15414
1.16368
1.16094
1.16689
1.16557
1.16918
1.16898
1.16942
1.16932
1.16962
1.1696
1.16962
1.16964
1.16968
1.16971
1.16877
1.16929
1.16957
1.16945
1.15599
1.16075
1.16325
1.1666
1.12988
1.13485
1.14703
1.14074
1.12414
1.12371
1.12411
1.12626
1.12664
1.12218
1.11845
1.11568
1.13279
1.12965
1.12526
1.1203
1.1195
1.12743
1.11987
1.12651
1.10261
1.10603
1.11068
1.10883
1.09341
1.08881
1.08875
1.09574
1.08637
1.1212
1.12813
1.09904
1.08638
1.08929
1.1084
1.12709
1.13695
1.13015
1.12893
1.17145
1.17174
1.17079
1.1611
1.1694
1.16501
1.15974
1.15169
1.1466
1.1468
1.1519
1.16019
1.16505
1.16618
1.16572
1.1622
1.15178
1.13464
1.12684
1.1261
1.13061
1.13979
1.14982
1.1551
1.14777
1.13179
1.11784
1.10988
1.1095
1.11597
1.13182
1.14256
1.1403
1.14804
1.14523
1.15436
1.15106
1.16067
1.15761
1.16528
1.16335
1.16763
1.16667
1.16869
1.16827
1.16947
1.16937
1.16958
1.16953
1.16973
1.16975
1.16977
1.16957
1.16963
1.16951
1.16962
1.16839
1.16914
1.16949
1.16929
1.15316
1.15868
1.16215
1.16573
1.12306
1.12919
1.14385
1.13636
1.11446
1.11434
1.1155
1.11841
1.11544
1.11119
1.10789
1.10572
1.12317
1.1188
1.11371
1.10863
1.1112
1.11919
1.1108
1.11632
1.09804
1.09999
1.10165
1.10136
1.08945
1.08503
1.08466
1.09065
1.08296
1.11929
1.128
1.09548
1.0833
1.08622
1.10555
1.12781
1.13678
1.13114
1.13039
1.16962
1.1684
1.16687
1.15903
1.16631
1.1625
1.15377
1.14743
1.14649
1.15083
1.15924
1.16484
1.16626
1.16632
1.16476
1.15852
1.14498
1.13014
1.12612
1.12651
1.13158
1.14039
1.14695
1.14383
1.13084
1.11843
1.11128
1.11017
1.11535
1.12966
1.15386
1.15335
1.15141
1.15904
1.15622
1.16381
1.1617
1.16666
1.16543
1.16818
1.16755
1.1689
1.16861
1.16925
1.1691
1.16962
1.16955
1.16969
1.16964
1.16971
1.16975
1.16984
1.1698
1.1693
1.1694
1.16896
1.16922
1.16792
1.16886
1.16916
1.16891
1.15096
1.15716
1.16144
1.16503
1.11603
1.12334
1.14086
1.1319
1.10501
1.10515
1.10686
1.11053
1.10409
1.10037
1.09755
1.09577
1.1121
1.10695
1.10162
1.09688
1.10132
1.10872
1.09966
1.10497
1.09176
1.09221
1.09147
1.09222
1.08466
1.08133
1.0805
1.0848
1.07996
1.11781
1.12785
1.09264
1.0807
1.08402
1.10316
1.12861
1.13473
1.13211
1.13219
1.16041
1.14145
1.14373
1.14751
1.14894
1.15805
1.14878
1.1465
1.14966
1.15808
1.16434
1.16619
1.1665
1.16604
1.16299
1.15445
1.1402
1.12856
1.12597
1.12663
1.13114
1.13611
1.13523
1.12783
1.11817
1.11208
1.11103
1.11548
1.12869
1.15239
1.16596
1.16088
1.16553
1.16309
1.16606
1.16477
1.16774
1.16703
1.16858
1.16823
1.16902
1.16883
1.16928
1.16916
1.16947
1.16938
1.16971
1.16965
1.16986
1.16981
1.16948
1.16969
1.1698
1.16965
1.16859
1.16875
1.16771
1.16819
1.16731
1.1684
1.16841
1.16813
1.14917
1.15611
1.16065
1.16429
1.10871
1.11694
1.13703
1.12667
1.09538
1.09578
1.09817
1.10242
1.09297
1.08961
1.08705
1.08584
1.10023
1.09489
1.08972
1.08526
1.08966
1.09655
1.08703
1.09235
1.08469
1.08396
1.08068
1.08263
1.07991
1.07831
1.07738
1.07924
1.07794
1.11605
1.1276
1.09059
1.07925
1.08242
1.10091
1.12994
1.13249
1.13314
1.13368
1.13996
1.12606
1.12965
1.13667
1.13509
1.15263
1.1469
1.14852
1.15657
1.16353
1.16593
1.16648
1.16648
1.16536
1.16103
1.15162
1.13799
1.128
1.12582
1.12586
1.12724
1.12635
1.12253
1.11706
1.11272
1.11204
1.11631
1.12891
1.15162
1.16635
1.16676
1.16826
1.16798
1.16747
1.16836
1.16799
1.16882
1.16863
1.16909
1.16897
1.16928
1.16919
1.16945
1.16936
1.16961
1.16953
1.16991
1.16979
1.16985
1.16991
1.16994
1.16874
1.16927
1.16963
1.16911
1.16714
1.16735
1.1653
1.16607
1.16647
1.16759
1.16691
1.16663
1.1469
1.15487
1.15889
1.16287
1.10106
1.11
1.13212
1.12064
1.08564
1.08659
1.08939
1.09422
1.08177
1.0789
1.07685
1.07617
1.08736
1.0823
1.07776
1.07404
1.07815
1.08347
1.07545
1.07918
1.07832
1.07708
1.074
1.07559
1.07677
1.07674
1.07629
1.07623
1.07728
1.11455
1.12697
1.08868
1.07881
1.08176
1.09939
1.13151
1.13138
1.13369
1.13482
1.12925
1.1225
1.12288
1.13173
1.12945
1.14899
1.14789
1.15452
1.16257
1.16524
1.16628
1.16649
1.16628
1.16459
1.15975
1.1504
1.13718
1.12784
1.1254
1.12388
1.12202
1.11965
1.11673
1.11362
1.11357
1.1184
1.13077
1.15239
1.16623
1.16868
1.16849
1.16881
1.16872
1.16867
1.16893
1.16882
1.16911
1.16903
1.16927
1.16919
1.16942
1.16934
1.16957
1.16949
1.16969
1.16966
1.17001
1.16997
1.16965
1.16987
1.16999
1.16993
1.16706
1.16811
1.16902
1.16763
1.1645
1.1648
1.16121
1.16236
1.16501
1.16609
1.16421
1.16397
1.14319
1.15229
1.15581
1.1602
1.09296
1.10225
1.12589
1.1135
1.07617
1.07747
1.0807
1.08583
1.07122
1.06907
1.06783
1.06747
1.07479
1.07097
1.06804
1.0659
1.07244
1.07247
1.07096
1.06941
1.07576
1.07517
1.07376
1.07452
1.07612
1.07664
1.07648
1.07606
1.07756
1.11299
1.12614
1.08747
1.07922
1.08231
1.09758
1.13341
1.13149
1.13351
1.13507
1.12604
1.12844
1.12087
1.13017
1.12746
1.14821
1.15238
1.16101
1.16448
1.16566
1.16633
1.16646
1.1661
1.16417
1.15923
1.15001
1.13716
1.12823
1.12472
1.1222
1.11983
1.11735
1.11545
1.11646
1.12232
1.13554
1.15489
1.16652
1.16861
1.16894
1.1689
1.16889
1.16889
1.16896
1.16897
1.1691
1.16904
1.16924
1.16917
1.16939
1.16931
1.16953
1.16945
1.16968
1.1696
1.16987
1.16974
1.16997
1.17002
1.17005
1.17006
1.16908
1.16972
1.16981
1.16391
1.16569
1.16744
1.1646
1.16003
1.16048
1.15495
1.15658
1.16237
1.16344
1.15969
1.15951
1.13814
1.14842
1.15104
1.15591
1.08413
1.09327
1.1175
1.10461
1.0676
1.06905
1.07215
1.0773
1.0645
1.06358
1.0632
1.0631
1.06694
1.06511
1.0638
1.06293
1.07355
1.06954
1.07276
1.06825
1.07599
1.07615
1.07616
1.0766
1.07681
1.07736
1.07846
1.07776
1.07864
1.11158
1.12467
1.08689
1.08122
1.08341
1.09549
1.13417
1.13222
1.13299
1.13489
1.12458
1.14266
1.11988
1.12991
1.12677
1.15066
1.15923
1.16344
1.16486
1.16575
1.16633
1.16644
1.16603
1.16403
1.15911
1.15029
1.13933
1.13035
1.12538
1.12226
1.12009
1.11939
1.12192
1.1288
1.14268
1.15856
1.16703
1.16857
1.16885
1.169
1.16901
1.16895
1.16902
1.16905
1.16908
1.1692
1.16914
1.16935
1.16928
1.16949
1.1694
1.16963
1.16954
1.16978
1.16968
1.17001
1.16992
1.16991
1.16999
1.17005
1.17009
1.17008
1.16771
1.16925
1.1695
1.15886
1.16151
1.1642
1.1597
1.15318
1.15387
1.14629
1.14855
1.1581
1.15906
1.1528
1.15268
1.13084
1.14258
1.1433
1.14885
1.07467
1.08268
1.10582
1.09322
1.0632
1.06396
1.0656
1.06895
1.06245
1.06213
1.06204
1.06199
1.06776
1.06686
1.06603
1.06531
1.0913
1.07188
1.08978
1.07086
1.07892
1.07873
1.09218
1.09353
1.08025
1.07941
1.08149
1.08011
1.08143
1.1085
1.12288
1.08726
1.08238
1.08496
1.09349
1.13395
1.13187
1.13154
1.13402
1.12215
1.13845
1.11756
1.12898
1.12494
1.15545
1.16247
1.16395
1.16486
1.16579
1.16635
1.16651
1.16603
1.16403
1.15952
1.15245
1.14442
1.13646
1.13077
1.12791
1.12808
1.13127
1.13872
1.15112
1.16232
1.16755
1.16853
1.16878
1.16895
1.16906
1.16907
1.16901
1.16911
1.16912
1.16917
1.1693
1.16923
1.16944
1.16937
1.16958
1.16949
1.16971
1.16962
1.16996
1.16985
1.17008
1.17003
1.16973
1.16991
1.17005
1.1701
1.1701
1.16491
1.16822
1.16883
1.15165
1.15535
1.15916
1.1531
1.14364
1.14463
1.13534
1.13847
1.15138
1.15224
1.14312
1.14291
1.11975
1.13323
1.13046
1.13777
1.06669
1.07101
1.09019
1.07946
1.06202
1.06234
1.06291
1.06387
1.06494
1.06448
1.06397
1.06318
1.08732
1.0864
1.08541
1.08486
1.11039
1.08839
1.10941
1.08705
1.09562
1.09451
1.11157
1.11243
1.09709
1.08276
1.09806
1.09494
1.08334
1.10571
1.11974
1.08884
1.0859
1.0892
1.09496
1.13284
1.13007
1.12916
1.13142
1.11821
0.913156
1.11106
1.12624
1.12118
1.15973
1.16326
1.16393
1.16477
1.16588
1.16646
1.1666
1.16609
1.16436
1.16098
1.15624
1.15071
1.14555
1.14215
1.14153
1.14418
1.15037
1.15891
1.16528
1.16794
1.1685
1.16868
1.16886
1.16903
1.16906
1.16913
1.16912
1.16918
1.16919
1.16924
1.16938
1.16932
1.16951
1.16946
1.16964
1.16956
1.16988
1.16977
1.17003
1.16996
1.17014
1.17009
1.16937
1.16974
1.17003
1.17013
1.1701
1.16043
1.16627
1.16765
1.14256
1.14743
1.15296
1.14546
1.13147
1.1329
1.12271
1.12698
1.14119
1.14227
1.13051
1.12995
1.10337
1.11823
1.1102
1.12126
1.06311
1.06381
1.07214
1.06664
1.06271
1.06275
1.06254
1.06206
1.0843
1.08391
1.08335
1.08272
1.10689
1.10634
1.10564
1.10522
1.13489
1.10849
1.13428
1.10774
1.11422
1.11363
1.1355
1.13604
1.11522
1.09845
1.11615
1.11464
1.09886
1.1034
1.11651
1.09368
1.09964
1.10073
1.0983
1.13006
1.12679
1.12467
1.1277
1.11556
0.519884
1.07632
1.12218
1.11727
1.16153
1.16331
1.16364
1.16477
1.16608
1.1666
1.16668
1.16627
1.16511
1.16311
1.16041
1.15746
1.15522
1.15462
1.15615
1.15977
1.1642
1.16705
1.16816
1.16844
1.1686
1.16875
1.16892
1.16911
1.16911
1.16915
1.16918
1.16917
1.16925
1.16925
1.16931
1.16945
1.1694
1.16958
1.16951
1.1698
1.1697
1.16995
1.16988
1.1701
1.17002
1.17018
1.17014
1.17017
1.17016
1.16876
1.16946
1.16997
1.17009
1.15516
1.16307
1.16587
1.13226
1.13845
1.14642
1.13759
1.11716
1.11936
1.10917
1.11482
1.12669
1.12872
1.11536
1.11393
1.08182
1.09647
1.08241
1.09751
1.06231
1.06177
1.06237
1.06122
1.08203
1.08116
1.06473
1.06172
1.1047
1.10428
1.10364
1.10294
1.13273
1.13236
1.13196
1.13165
1.15788
1.1337
1.15771
1.13329
1.13709
1.13675
1.15813
1.15828
1.1377
1.1165
1.1383
1.13739
1.11676
1.10359
1.11181
1.10176
1.11715
1.11737
1.10065
1.10422
1.1264
1.12261
1.12042
1.12316
1.11153
0.459137
1.00596
1.11823
1.11367
1.16195
1.16298
1.16355
1.16496
1.1663
1.16669
1.16678
1.16658
1.16603
1.16513
1.164
1.16304
1.16272
1.16338
1.16498
1.16676
1.16781
1.16822
1.16838
1.1685
1.16865
1.1688
1.16897
1.16917
1.16919
1.16923
1.16922
1.16924
1.16932
1.16931
1.16938
1.16951
1.16946
1.16972
1.1696
1.16986
1.1698
1.17001
1.16993
1.17017
1.1701
1.17016
1.17019
1.17019
1.17022
1.16786
1.16908
1.16986
1.17006
1.15023
1.15911
1.16349
1.12151
1.12918
1.14044
1.13028
1.10133
1.10472
1.09547
1.1027
1.10712
1.11153
1.09816
1.09511
1.06398
1.07026
1.06083
1.06688
1.07771
1.06312
1.05974
1.05984
1.10221
1.10138
1.07732
1.07845
1.1313
1.13101
1.1306
1.1302
1.15718
1.15707
1.15693
1.1568
1.15752
1.15741
1.15866
1.15855
1.15887
1.1385
1.15909
1.15882
1.13864
1.10558
1.11111
1.11745
1.13886
1.13893
1.10455
1.11833
1.12209
1.11902
1.11642
1.1196
1.10378
0.380369
0.882819
1.11466
1.11002
1.16181
1.16264
1.16359
1.16533
1.16648
1.16679
1.16691
1.16691
1.16676
1.1665
1.16625
1.16618
1.16646
1.16706
1.16766
1.16802
1.1682
1.1683
1.16841
1.16853
1.16869
1.16882
1.16902
1.16922
1.16927
1.1693
1.16927
1.16932
1.16929
1.16937
1.16937
1.16944
1.16962
1.16952
1.16978
1.16971
1.16992
1.16984
1.17008
1.17
1.17022
1.17016
1.17016
1.17022
1.17022
1.17024
1.17024
1.17027
1.16678
1.16863
1.16972
1.17002
1.1462
1.15555
1.161
1.11099
1.12033
1.1354
1.12385
1.0845
1.08961
1.08203
1.09099
1.08131
1.09038
1.07946
1.07351
1.05848
1.05799
1.05439
1.05353
1.07579
1.0988
1.07475
1.07553
1.12976
1.12927
1.10008
1.09949
1.1567
1.15657
1.15645
1.15628
1.1592
1.15928
1.10824
1.10881
1.1122
1.13894
1.15936
1.15941
1.11827
1.13926
1.11913
1.11561
1.11523
1.11757
1.08668
0.363181
0.655988
1.11123
1.10652
1.16141
1.16253
1.16383
1.16577
1.16664
1.16688
1.16702
1.16711
1.16715
1.16718
1.16724
1.16741
1.16765
1.16787
1.16803
1.16813
1.16822
1.16832
1.16844
1.16856
1.16872
1.16883
1.16905
1.16925
1.16933
1.16935
1.16936
1.16939
1.16935
1.16939
1.16946
1.16943
1.16953
1.16967
1.16959
1.16982
1.16975
1.16998
1.1699
1.17013
1.17005
1.17028
1.17026
1.17022
1.17017
1.17023
1.17027
1.17029
1.16561
1.1682
1.16956
1.16998
1.14343
1.15312
1.15969
1.10107
1.11222
1.13165
1.11863
1.0669
1.07433
1.069
1.07992
1.05719
1.06477
1.05931
1.05345
1.05793
1.05495
1.05349
1.05027
1.09737
1.12772
1.09621
1.07062
1.09683
1.15615
1.15593
1.12867
1.12818
1.10971
1.12002
1.11406
1.11398
1.15941
1.13921
1.15951
1.116
1.11246
1.1154
1.11523
1.04682
0.354104
0.53862
1.10871
1.10123
1.16115
1.16258
1.1643
1.16617
1.16676
1.16694
1.1671
1.16722
1.16733
1.16743
1.16756
1.16771
1.16787
1.16798
1.16804
1.16813
1.16823
1.16832
1.16846
1.16858
1.16874
1.16886
1.16905
1.16927
1.16937
1.16938
1.16942
1.16945
1.16943
1.16946
1.16947
1.1695
1.16957
1.1697
1.16964
1.16987
1.16979
1.17003
1.16994
1.1702
1.17011
1.17031
1.17031
1.1703
1.17027
1.17017
1.17026
1.17029
1.17031
1.16484
1.16795
1.16941
1.16995
1.14188
1.15217
1.15948
1.09199
1.1051
1.12911
1.11458
1.0506
1.05881
1.05605
1.06931
1.04917
1.05022
1.04712
1.04626
1.07173
1.07003
1.05094
1.127
1.15539
1.12641
1.09488
1.12677
1.15577
1.15554
1.12115
1.13985
1.11545
1.12313
1.1595
1.11371
1.10997
1.11523
1.11799
1.11481
0.948878
0.347959
0.477203
1.10593
1.08699
1.16108
1.16293
1.16497
1.16647
1.16681
1.16696
1.16713
1.16727
1.1674
1.16752
1.16764
1.16775
1.16787
1.16795
1.16803
1.16813
1.16823
1.16833
1.16848
1.16861
1.16875
1.16891
1.16907
1.16928
1.16939
1.1694
1.16947
1.16949
1.16949
1.16952
1.16951
1.16954
1.16955
1.16962
1.16978
1.1697
1.16991
1.16983
1.17009
1.17
1.17024
1.17017
1.17033
1.17036
1.17036
1.17032
1.17032
1.17029
1.17018
1.17027
1.1703
1.1647
1.16787
1.16935
1.16995
1.14155
1.15211
1.15977
1.08369
1.09898
1.12769
1.11152
1.04423
1.04717
1.04729
1.05869
1.04733
1.04593
1.0437
1.04466
1.09529
1.06968
1.09491
1.1552
1.15504
1.12599
1.15512
1.14037
1.15966
1.12481
1.14134
1.11193
1.10759
1.11561
1.11907
1.12664
1.11356
0.856725
0.34242
0.422249
1.10324
1.05908
1.16123
1.16358
1.16572
1.16663
1.16684
1.16697
1.16712
1.16726
1.16739
1.1675
1.16761
1.16771
1.16785
1.16793
1.16802
1.16813
1.16824
1.16833
1.16849
1.16863
1.16878
1.16894
1.1691
1.16928
1.16941
1.16942
1.1695
1.1695
1.16954
1.16957
1.16957
1.1696
1.16959
1.16962
1.16966
1.16982
1.16974
1.16996
1.1699
1.17012
1.17004
1.17026
1.1702
1.17036
1.17038
1.17039
1.17037
1.17033
1.17033
1.17032
1.17019
1.17028
1.16496
1.16789
1.16935
1.16996
1.14182
1.15262
1.16047
1.07582
1.09361
1.12736
1.10937
1.04265
1.04304
1.04393
1.05087
1.04995
1.04452
1.04306
1.04483
1.12616
1.06923
1.09515
1.12596
1.15499
1.15981
1.14212
1.16013
1.10994
1.10566
1.11937
1.12778
1.14328
1.11234
1.12092
0.763431
0.338105
0.389439
1.09832
1.01813
1.1617
1.16446
1.16626
1.16671
1.16686
1.16698
1.16712
1.16725
1.16737
1.16747
1.16758
1.16769
1.16783
1.16791
1.16801
1.16812
1.16824
1.16833
1.16851
1.16864
1.16878
1.16897
1.16911
1.16932
1.16944
1.16943
1.16951
1.16951
1.16959
1.1696
1.16962
1.16964
1.16966
1.16969
1.1697
1.16985
1.16978
1.17001
1.16993
1.17015
1.17007
1.17029
1.17022
1.17036
1.17039
1.17042
1.17041
1.17041
1.17037
1.17032
1.1704
1.1704
1.17021
1.16549
1.16815
1.1694
1.17
1.14295
1.15378
1.16141
1.06765
1.08869
1.12769
1.10779
1.04255
1.04219
1.04306
1.04714
1.06989
1.04409
1.06952
1.15498
1.09525
1.1262
1.155
1.16036
1.10833
1.10324
1.12898
1.144
1.16071
1.11145
1.12099
1.13008
0.673666
0.335146
0.370279
1.08999
0.968839
1.16249
1.16545
1.16649
1.16675
1.16688
1.16698
1.16711
1.16724
1.16735
1.16744
1.16756
1.16766
1.1678
1.16789
1.168
1.16812
1.16825
1.16833
1.1685
1.16865
1.16879
1.16897
1.1691
1.16929
1.16944
1.16944
1.1695
1.16952
1.16962
1.16962
1.16965
1.16967
1.16971
1.16973
1.16973
1.16976
1.16989
1.16981
1.17004
1.16997
1.1702
1.17013
1.17036
1.17028
1.17035
1.17039
1.17043
1.17045
1.17044
1.17043
1.17025
1.17043
1.17042
1.17044
1.16605
1.16846
1.16951
1.17007
1.1448
1.15544
1.16266
1.06002
1.0833
1.12904
1.1061
1.04398
1.04247
1.04309
1.04547
1.09553
1.06899
1.09556
1.12631
1.15503
1.10606
1.10113
1.14474
1.16102
1.1097
1.12064
1.13068
1.14548
0.586459
0.333377
0.360009
1.07653
0.904614
1.16357
1.1661
1.16659
1.16677
1.16689
1.16698
1.16711
1.16721
1.16733
1.16741
1.16754
1.16764
1.16776
1.16787
1.168
1.1681
1.16825
1.16835
1.16852
1.16867
1.16882
1.16896
1.16911
1.16927
1.16943
1.16942
1.16953
1.16952
1.16963
1.16963
1.16968
1.16969
1.16974
1.16976
1.16979
1.16982
1.16984
1.16992
1.17008
1.17
1.17024
1.17016
1.17038
1.17031
1.1703
1.17036
1.17043
1.17047
1.17047
1.17046
1.17045
1.17046
1.17046
1.17048
1.17047
1.16672
1.16881
1.16966
1.17017
1.14722
1.1573
1.16405
1.05541
1.07723
1.13076
1.10335
1.04416
1.06869
1.04327
1.0439
1.04487
1.12637
1.09463
1.12647
1.15506
1.10439
1.09732
1.16129
1.10864
1.11999
1.13093
1.14595
1.16155
0.526125
0.332431
0.354544
1.05702
0.839866
1.16484
1.16637
1.16663
1.16678
1.16689
1.16697
1.1671
1.16719
1.16731
1.16739
1.16751
1.16761
1.16772
1.16784
1.168
1.16809
1.16824
1.16835
1.16851
1.16867
1.16885
1.16897
1.16913
1.16944
1.16927
1.1695
1.16948
1.16963
1.16963
1.1697
1.1697
1.16977
1.16977
1.16983
1.16985
1.16987
1.16989
1.16995
1.1701
1.17002
1.17026
1.17018
1.17041
1.17034
1.17026
1.17042
1.17047
1.1705
1.17049
1.17049
1.17049
1.17049
1.17051
1.17049
1.1705
1.1705
1.16749
1.16924
1.16984
1.14993
1.15911
1.16539
1.05219
1.07203
1.13241
1.0998
1.06644
1.09477
1.04457
1.04515
1.04493
1.15502
1.12609
1.1551
1.10197
1.09314
1.10688
1.11916
1.13099
1.14623
1.16179
0.479322
0.33186
0.350767
1.02935
0.779331
1.16581
1.16647
1.16665
1.1668
1.16689
1.16697
1.16709
1.16716
1.16727
1.16736
1.16749
1.16758
1.16768
1.1678
1.16797
1.16811
1.16824
1.16834
1.1685
1.16865
1.16881
1.16895
1.1691
1.16943
1.1696
1.16959
1.16928
1.16963
1.1696
1.1697
1.16971
1.16978
1.16979
1.16986
1.16986
1.16991
1.16992
1.16997
1.17013
1.17005
1.17029
1.17021
1.17044
1.17037
1.17002
1.17036
1.17047
1.17051
1.17052
1.17051
1.17052
1.17052
1.17054
1.17052
1.17053
1.17052
1.17054
1.17053
1.16827
1.16963
1.15217
1.16087
1.16647
1.05024
1.06752
1.13304
1.09534
1.09372
1.06862
1.12615
1.04638
1.0677
1.04645
1.15496
1.10027
1.08575
1.10543
1.11813
1.13082
1.14645
1.16192
0.452076
0.33164
0.349715
0.999974
0.728688
1.16623
1.16651
1.16664
1.16678
1.16688
1.16696
1.16705
1.16713
1.16722
1.16734
1.16746
1.16756
1.16766
1.16779
1.16795
1.16811
1.16826
1.16833
1.16848
1.16865
1.16879
1.16894
1.16907
1.16942
1.16959
1.16958
1.16972
1.16969
1.16923
1.16972
1.16972
1.16979
1.16978
1.16987
1.16987
1.16994
1.16994
1.16999
1.17001
1.17015
1.17007
1.1703
1.17023
1.17046
1.17039
1.17022
1.17042
1.17049
1.17052
1.17053
1.17053
1.17055
1.17057
1.17056
1.17057
1.17056
1.17058
1.17055
1.17057
1.17055
1.16888
1.1699
1.15333
1.16242
1.16727
1.04918
1.06323
1.13246
1.08947
1.12555
1.09402
1.15493
1.0663
1.0925
1.04716
1.09738
1.0775
1.10375
1.11738
1.13049
1.1465
1.16203
0.42862
0.331771
0.351673
0.964813
0.689804
1.16637
1.16652
1.16665
1.16679
1.16686
1.16696
1.16702
1.16709
1.16718
1.16729
1.16742
1.16755
1.16764
1.16776
1.16788
1.16804
1.16823
1.16831
1.16846
1.16864
1.16875
1.16895
1.16906
1.1696
1.16941
1.16967
1.16964
1.16979
1.16979
1.16921
1.16979
1.1698
1.16987
1.16987
1.16995
1.16996
1.17002
1.17003
1.17009
1.17016
1.17032
1.17024
1.17048
1.1704
1.17028
1.17043
1.1705
1.17054
1.17055
1.17058
1.17059
1.17059
1.1706
1.17059
1.1706
1.17058
1.17059
1.17057
1.17057
1.17054
1.16913
1.16993
1.1534
1.163
1.16738
1.04864
1.05929
1.12868
1.08226
1.15484
1.126
1.06665
1.09203
1.12491
1.04806
1.09504
1.06473
1.10271
1.11633
1.13025
1.14647
1.1621
0.429841
0.33273
0.356053
0.935513
0.670182
1.16639
1.1665
1.16662
1.16675
1.16683
1.16693
1.16698
1.16704
1.16715
1.16727
1.16738
1.1675
1.16761
1.16771
1.16784
1.16799
1.16818
1.16828
1.16841
1.16859
1.1687
1.16891
1.16902
1.16957
1.16973
1.16971
1.16937
1.16977
1.16974
1.16986
1.16987
1.16917
1.16987
1.16987
1.16996
1.16996
1.17004
1.17005
1.1701
1.17011
1.17018
1.17034
1.17026
1.1705
1.17042
1.17026
1.17041
1.17049
1.17057
1.17061
1.17061
1.1706
1.17061
1.17061
1.17062
1.1706
1.1706
1.17057
1.17055
1.17053
1.17049
1.17044
1.16906
1.16971
1.15173
1.16286
1.16684
1.04862
1.0557
1.12143
1.07401
1.15493
1.09094
1.06515
1.12458
1.1546
1.09077
1.05166
1.10041
1.1158
1.12978
1.14649
1.16211
0.43879
0.341521
0.385592
0.908898
0.672872
1.16639
1.16648
1.1666
1.1667
1.16679
1.16688
1.16694
1.16701
1.16712
1.16724
1.16732
1.16743
1.16755
1.16767
1.16779
1.16792
1.16808
1.16822
1.16836
1.16853
1.16865
1.16884
1.16897
1.16956
1.16969
1.16968
1.16982
1.1698
1.16934
1.16986
1.16984
1.16997
1.16995
1.16911
1.16996
1.16995
1.17005
1.17004
1.17012
1.17012
1.17019
1.17035
1.17027
1.1705
1.17043
1.17005
1.17027
1.17057
1.17062
1.17063
1.17063
1.17063
1.17063
1.17063
1.1706
1.17061
1.17053
1.1705
1.17042
1.17032
1.17032
1.17013
1.17002
1.16834
1.16905
1.1475
1.16116
1.16507
1.0491
1.05261
1.11024
1.06546
1.12387
1.09019
1.06568
1.15457
1.08631
1.03579
1.09927
1.1151
1.12954
1.14636
1.16215
0.479075
0.545597
0.489505
0.896475
0.689735
1.16637
1.16645
1.16658
1.16665
1.16674
1.16681
1.16688
1.16696
1.16706
1.16721
1.16728
1.1674
1.1675
1.16762
1.16775
1.16789
1.16803
1.16817
1.1683
1.16847
1.16861
1.16877
1.16891
1.16969
1.16952
1.16977
1.16973
1.1699
1.16988
1.16929
1.16994
1.16993
1.17003
1.17003
1.16906
1.17004
1.17004
1.17012
1.17012
1.1702
1.17021
1.17035
1.17028
1.17051
1.17044
1.16956
1.17065
1.17058
1.17064
1.17064
1.17065
1.17066
1.17061
1.17062
1.17048
1.17047
1.1702
1.17009
1.16987
1.16954
1.16959
1.16898
1.16871
1.16664
1.16771
1.13993
1.15729
1.16153
1.04958
1.05042
1.09718
1.05864
1.15428
1.12313
1.0895
1.06439
1.07949
1.02061
1.0962
1.11498
1.12911
1.14635
1.16214
0.505609
1.13092
0.713781
0.884586
0.711833
1.16633
1.16642
1.16654
1.16661
1.16671
1.16677
1.16684
1.16692
1.16699
1.16711
1.16722
1.16734
1.16745
1.16758
1.16771
1.16785
1.16799
1.16812
1.16826
1.16841
1.16857
1.16871
1.16885
1.16967
1.16982
1.1698
1.16949
1.16986
1.16984
1.17
1.16998
1.16925
1.17003
1.17002
1.17011
1.17011
1.16898
1.17012
1.17011
1.17021
1.17021
1.17029
1.17036
1.17052
1.17044
1.17065
1.17069
1.17069
1.17058
1.17067
1.17068
1.17064
1.17066
1.17047
1.17048
1.17
1.16996
1.16919
1.16889
1.16824
1.16744
1.1675
1.16603
1.16564
1.16375
1.12931
1.15101
1.15621
1.04987
1.0847
1.05382
1.15417
1.12284
1.08876
1.06467
1.06999
1.00504
1.09313
1.1146
1.1292
1.14614
1.16214
0.574135
1.15754
0.883508
0.882996
0.75946
1.1663
1.16639
1.1665
1.16657
1.16665
1.16671
1.1668
1.16687
1.16697
1.16708
1.16718
1.16729
1.16741
1.16754
1.16767
1.16779
1.16793
1.16807
1.16822
1.16836
1.1685
1.16864
1.16878
1.16981
1.16964
1.16989
1.16986
1.16943
1.16996
1.16992
1.17009
1.17007
1.16919
1.17011
1.1701
1.17019
1.17017
1.16891
1.17021
1.1702
1.17029
1.17029
1.17036
1.17052
1.17044
1.1707
1.17066
1.1707
1.17072
1.17071
1.17058
1.17067
1.17069
1.17053
1.17057
1.16995
1.16997
1.16865
1.16855
1.16667
1.16602
1.16444
1.1629
1.16294
1.15997
1.15968
1.11582
1.14245
1.14938
1.0494
1.07349
1.05006
1.154
1.12196
1.08845
1.064
1.05913
0.991962
1.08632
1.09443
1.11283
1.12896
1.14634
1.16212
0.626212
1.15639
0.960675
0.883572
0.755967
1.16627
1.16635
1.16646
1.16652
1.1666
1.16666
1.16674
1.16684
1.16693
1.16702
1.16714
1.16724
1.16735
1.16748
1.1676
1.16772
1.16787
1.16801
1.16816
1.16831
1.16843
1.16856
1.1687
1.1698
1.16995
1.16993
1.16959
1.17001
1.16997
1.16938
1.17005
1.17003
1.17017
1.17016
1.16911
1.17018
1.17018
1.17028
1.17027
1.16883
1.17029
1.17029
1.17036
1.17052
1.17044
1.17072
1.17065
1.17071
1.1707
1.17072
1.17072
1.1707
1.17058
1.17061
1.17067
1.17009
1.17022
1.16852
1.16859
1.16555
1.16536
1.16154
1.16044
1.15714
1.15475
1.15482
1.14999
1.10148
1.13242
1.14183
1.04905
1.06331
1.04744
1.1539
1.12211
1.08859
1.06408
1.04724
0.981068
1.09357
1.07951
1.11257
1.12871
1.14624
1.16212
0.6826
1.16882
1.09763
0.874034
0.737217
1.16623
1.16632
1.16641
1.16648
1.16656
1.16663
1.1667
1.16679
1.16688
1.16697
1.16706
1.16719
1.16729
1.1674
1.16752
1.16765
1.1678
1.16794
1.16809
1.16819
1.16834
1.16848
1.16861
1.16993
1.16977
1.17003
1.16997
1.16956
1.17009
1.17006
1.16932
1.17013
1.17012
1.17025
1.17023
1.16904
1.17025
1.17025
1.17035
1.17035
1.16873
1.17036
1.17035
1.17051
1.17043
1.17074
1.17072
1.17065
1.17072
1.17072
1.17075
1.17068
1.1706
1.17058
1.17035
1.17049
1.16885
1.16917
1.16531
1.16546
1.15969
1.15935
1.15276
1.15106
1.14559
1.14198
1.13474
1.08902
1.12174
1.04857
1.05569
1.04642
1.15397
1.12212
1.08895
1.06365
1.03513
0.964247
1.0914
1.069
1.1123
1.1289
1.14619
1.16212
0.822625
1.17119
1.15134
0.850101
0.750812
1.1662
1.16629
1.16637
1.16644
1.16651
1.1666
1.16666
1.16674
1.16683
1.16693
1.16702
1.16712
1.16722
1.16734
1.16747
1.16758
1.16773
1.16786
1.16796
1.16812
1.16824
1.16839
1.16849
1.16992
1.17006
1.17004
1.16973
1.17012
1.1701
1.1695
1.17018
1.17015
1.16924
1.17021
1.17019
1.17031
1.17031
1.16895
1.17034
1.17032
1.17042
1.17041
1.16863
1.17043
1.1705
1.17072
1.17072
1.17075
1.17075
1.17064
1.17076
1.17076
1.17075
1.17046
1.17021
1.17057
1.16952
1.1699
1.16598
1.16663
1.15925
1.15947
1.14982
1.14928
1.13915
1.13671
1.12857
1.12362
1.11218
1.07961
1.05121
1.0452
1.06522
1.15402
1.12243
1.08915
1.01941
0.939958
1.08818
1.05751
1.12858
1.11124
1.14628
1.16213
1.00479
1.17187
1.16796
0.793727
0.802288
1.16618
1.16625
1.16633
1.1664
1.16648
1.16656
1.16663
1.1667
1.16679
1.16688
1.16698
1.16708
1.16718
1.16729
1.16741
1.16752
1.16764
1.16777
1.16791
1.16804
1.16816
1.16826
1.1684
1.17003
1.16988
1.17013
1.1701
1.16967
1.17019
1.17018
1.16944
1.17025
1.17023
1.16916
1.17029
1.17027
1.17038
1.17037
1.16885
1.1704
1.17039
1.17049
1.17048
1.16854
1.17063
1.17071
1.17075
1.17076
1.17078
1.17078
1.17064
1.17077
1.17077
1.1707
1.16977
1.16909
1.17057
1.16741
1.1683
1.16035
1.1615
1.14911
1.14942
1.13503
1.1343
1.1199
1.11692
1.10458
1.09867
1.07253
1.04795
1.04433
1.06527
1.08991
1.15411
1.12254
0.998953
0.897515
1.09044
1.08043
1.03916
1.1462
1.12853
1.11102
1.16212
1.11941
1.172
1.17135
0.795342
0.961979
1.16616
1.16622
1.16629
1.16636
1.16645
1.16652
1.16659
1.16667
1.16675
1.16684
1.16694
1.16704
1.16712
1.16725
1.16734
1.16747
1.16758
1.1677
1.16781
1.16792
1.16805
1.16819
1.16831
1.17002
1.17018
1.17015
1.16985
1.17023
1.1702
1.16962
1.17029
1.17025
1.16937
1.17032
1.1703
1.16907
1.17036
1.17033
1.17044
1.17043
1.16875
1.17047
1.17045
1.17056
1.16841
1.17025
1.17076
1.17071
1.17077
1.17077
1.17079
1.1708
1.17063
1.17078
1.17075
1.17053
1.16791
1.16635
1.16295
1.16466
1.15074
1.15251
1.1341
1.13459
1.115
1.11417
1.09433
1.09125
1.06718
1.04612
1.04322
1.06537
1.09072
1.12377
1.15426
0.969869
0.826263
1.08891
1.06759
1.01914
1.1621
1.14624
1.12812
1.10921
1.16101
1.17203
1.17186
0.828021
1.09711
1.16612
1.16617
1.16625
1.16633
1.1664
1.16649
1.16657
1.16665
1.16672
1.16681
1.1669
1.16699
1.16709
1.16719
1.1673
1.1674
1.16752
1.16762
1.16774
1.16785
1.16798
1.16809
1.16818
1.17014
1.16998
1.17024
1.17021
1.16978
1.17031
1.17027
1.16954
1.17035
1.17032
1.16927
1.1704
1.17039
1.16897
1.17043
1.17042
1.17052
1.17051
1.16864
1.17055
1.17053
1.17062
1.16832
1.16913
1.1708
1.17076
1.1708
1.1707
1.17081
1.17081
1.17079
1.1708
1.17074
1.17066
1.16996
1.16367
1.16068
1.15484
1.15767
1.13641
1.13881
1.11404
1.11501
1.08947
1.08889
1.0634
1.06074
1.0448
1.04243
1.06568
1.09148
1.12452
1.15465
0.909443
0.824918
1.08542
1.05116
0.984673
1.16214
1.146
1.12762
1.08687
1.10902
1.17027
1.17204
1.17194
0.951512
1.15428
1.16608
1.16615
1.16623
1.1663
1.16638
1.16646
1.16654
1.16662
1.1667
1.16679
1.16688
1.16697
1.16707
1.16716
1.16726
1.16735
1.16746
1.16757
1.16767
1.1678
1.1679
1.168
1.16811
1.17013
1.17026
1.17025
1.16994
1.17033
1.17028
1.16972
1.17038
1.17037
1.16948
1.17044
1.17042
1.16919
1.17047
1.17045
1.16886
1.1705
1.17049
1.17059
1.17057
1.16853
1.17061
1.1706
1.17069
1.16822
1.16628
1.17083
1.17075
1.1708
1.1708
1.17082
1.17082
1.17083
1.17073
1.17078
1.17059
1.17038
1.16833
1.1556
1.15077
1.14213
1.14615
1.11724
1.1203
1.08909
1.09096
1.0596
1.05937
1.04398
1.04172
1.06573
1.09261
1.12526
1.15491
0.845716
0.852189
1.07697
1.02901
0.909398
1.16207
1.14576
1.1272
1.08555
1.10622
1.17168
1.17205
1.17196
1.08904
1.16895
1.16605
1.16613
1.16621
1.1663
1.16637
1.16644
1.16652
1.16661
1.16668
1.16676
1.16685
1.16695
1.16704
1.16713
1.16722
1.16732
1.16742
1.16752
1.16762
1.16772
1.16782
1.16792
1.16803
1.17024
1.1701
1.17035
1.1703
1.1699
1.17041
1.17038
1.16966
1.17046
1.17043
1.1694
1.17049
1.17047
1.16909
1.17053
1.17051
1.16876
1.17055
1.17054
1.17065
1.17063
1.16843
1.17068
1.17066
1.17074
1.16813
1.16026
1.17085
1.17081
1.17081
1.17082
1.17086
1.17083
1.17084
1.17055
1.17068
1.17016
1.16959
1.16434
1.1426
1.13587
1.12457
1.12969
1.09362
1.09744
1.06071
1.06302
1.04331
1.04311
1.041
1.06631
1.09332
1.12618
1.15518
0.844892
0.95997
1.06211
0.989747
0.858743
1.16203
1.14556
1.12622
1.08125
1.08184
1.10657
1.17187
1.17206
1.17198
1.15067
1.17147
1.16605
1.16612
1.1662
1.16628
1.16635
1.16643
1.16651
1.16659
1.16667
1.16676
1.16685
1.16694
1.16702
1.16711
1.1672
1.16729
1.16739
1.16748
1.16757
1.16767
1.16777
1.16787
1.16796
1.17022
1.17038
1.17035
1.17005
1.17042
1.1704
1.16983
1.17046
1.17045
1.16959
1.17051
1.17049
1.1693
1.17055
1.17054
1.16898
1.1706
1.17057
1.16865
1.17062
1.1706
1.1707
1.17068
1.16833
1.17073
1.17072
1.17079
1.16805
1.14958
1.17086
1.17084
1.17084
1.17084
1.17085
1.17087
1.1708
1.17083
1.17004
1.1704
1.16903
1.16741
1.15633
1.12461
1.11613
1.10255
1.1087
1.06614
1.07057
1.043
1.04368
1.04045
1.0668
1.09478
1.12688
1.15549
0.872756
1.08951
1.03695
0.905223
0.859762
1.16195
1.14521
1.1259
1.06784
1.0846
1.10623
1.17191
1.17206
1.17199
1.16804
1.1718
1.16605
1.16613
1.16621
1.16629
1.16637
1.16644
1.16652
1.1666
1.16668
1.16676
1.16685
1.16693
1.16702
1.1671
1.16719
1.16728
1.16736
1.16746
1.16755
1.16764
1.16773
1.16782
1.1679
1.17035
1.17019
1.17042
1.17039
1.16998
1.17049
1.17045
1.16977
1.17053
1.1705
1.16951
1.17059
1.17056
1.1692
1.17062
1.1706
1.16887
1.17064
1.17063
1.16853
1.17066
1.17066
1.17075
1.17074
1.16823
1.17078
1.17077
1.17085
1.168
1.13361
1.17085
1.17086
1.17085
1.17087
1.17088
1.17087
1.1707
1.17078
1.16867
1.16971
1.16627
1.16208
1.14312
1.10218
1.09208
1.0766
1.08384
1.0447
1.0467
1.03951
1.03862
1.06734
1.09625
1.12791
1.15577
0.977933
1.14967
0.992157
0.868761
0.890333
1.16185
1.14502
1.12531
1.04322
1.06812
1.08761
1.10562
1.17193
1.17206
1.17201
1.17128
1.17186
1.16606
1.16614
1.16623
1.16631
1.16638
1.16646
1.16654
1.16661
1.1667
1.16678
1.16686
1.16694
1.16702
1.1671
1.16719
1.16728
1.16736
1.16745
1.16753
1.16762
1.1677
1.16779
1.16788
1.17047
1.17032
1.17015
1.17049
1.17047
1.16993
1.17054
1.17051
1.16968
1.1706
1.17057
1.16942
1.17063
1.17061
1.16909
1.17067
1.17065
1.16875
1.17071
1.17068
1.16842
1.17073
1.17071
1.17082
1.1708
1.16815
1.17084
1.17083
1.17088
1.17088
1.16797
1.11265
1.1708
1.1709
1.17089
1.1709
1.17089
1.17085
1.1704
1.17063
1.16523
1.16802
1.15974
1.15189
1.12456
1.07581
1.06472
1.05012
1.05667
1.03889
1.03895
1.04224
1.03818
1.06659
1.09768
1.12894
1.15611
1.09561
1.16751
0.902815
0.872194
0.993362
1.16179
1.14473
1.12473
0.987221
1.03746
1.0663
1.08641
1.10491
1.17195
1.17207
1.17201
1.17174
1.17189
1.1661
1.16618
1.16626
1.16634
1.16642
1.16649
1.16657
1.16664
1.16672
1.1668
1.16688
1.16696
1.16704
1.16712
1.1672
1.16729
1.16737
1.16745
1.16753
1.16761
1.1677
1.16778
1.16787
1.17045
1.17052
1.17058
1.17056
1.17027
1.17008
1.17057
1.16985
1.17061
1.17059
1.16961
1.17066
1.17063
1.16931
1.17069
1.17068
1.16897
1.17072
1.1707
1.16863
1.17075
1.17074
1.16833
1.17078
1.17077
1.17086
1.17085
1.16809
1.17089
1.17088
1.17089
1.1709
1.16796
1.08758
1.17065
1.17091
1.17091
1.17091
1.1709
1.17079
1.16961
1.17026
1.15729
1.16392
1.1476
1.13624
1.10092
1.05042
1.04498
1.03967
1.0414
1.03872
1.03839
1.0692
1.09828
1.12978
1.15646
1.15031
1.17114
0.877964
0.905742
1.102
1.16172
1.1444
1.12422
0.904271
0.968401
1.02853
1.06252
1.08502
1.10422
1.17196
1.17207
1.17202
1.17182
1.17191
1.16614
1.16623
1.1663
1.16638
1.16646
1.16654
1.16661
1.16669
1.16677
1.16685
1.16692
1.167
1.16707
1.16716
1.16724
1.16731
1.16739
1.16747
1.16755
1.16763
1.16772
1.16781
1.16789
1.17056
1.1704
1.17061
1.17063
1.17061
1.17022
1.17003
1.17063
1.16979
1.17066
1.17064
1.16951
1.1707
1.17069
1.16919
1.17074
1.17073
1.16885
1.17077
1.17075
1.16853
1.17082
1.17079
1.16824
1.17084
1.17082
1.17092
1.1709
1.16805
1.17092
1.17091
1.17093
1.17092
1.17093
1.16797
1.06019
1.17026
1.17093
1.17094
1.17091
1.17089
1.17061
1.16764
1.16933
1.14348
1.15462
1.12945
1.11529
1.07307
1.04061
1.03917
1.03802
1.03796
1.07023
1.07105
1.10021
1.13037
1.15672
1.16744
1.17169
0.883867
1.01242
1.15207
1.16162
1.14412
1.12383
0.887929
0.905144
0.945216
1.00961
1.05519
1.08311
1.10301
1.17197
1.17207
1.17203
1.17185
1.17192
1.1662
1.16629
1.16637
1.16644
1.16652
1.1666
1.16667
1.16675
1.16682
1.16689
1.16697
1.16705
1.16715
1.16721
1.16729
1.16736
1.16744
1.16751
1.16759
1.16768
1.16775
1.16785
1.16794
1.17067
1.17053
1.17036
1.17066
1.17069
1.17067
1.17018
1.16996
1.17068
1.16971
1.17073
1.17071
1.16941
1.17076
1.17074
1.16907
1.1708
1.17078
1.16874
1.17085
1.17083
1.16841
1.17085
1.17085
1.16817
1.17089
1.17087
1.17095
1.17094
1.16804
1.17094
1.17093
1.17094
1.17095
1.17095
1.17095
1.16802
1.04441
1.16925
1.17093
1.17095
1.1709
1.17083
1.17018
1.16302
1.16705
1.12345
1.13877
1.10557
1.08961
1.05001
1.0386
1.03858
1.03929
1.03839
1.10129
1.0697
1.1023
1.13146
1.15697
1.17108
1.17179
0.923422
1.11204
1.16776
1.16153
1.14392
1.1228
0.897057
0.899731
0.908039
0.930988
0.980541
1.04435
1.08299
1.10058
1.17198
1.17208
1.17203
1.17187
1.17194
1.16626
1.16635
1.16643
1.16651
1.16659
1.16667
1.16675
1.16682
1.16689
1.16696
1.16704
1.16712
1.1672
1.16726
1.16735
1.16743
1.1675
1.16758
1.16766
1.16775
1.16785
1.16792
1.16801
1.17078
1.17066
1.17072
1.17049
1.17031
1.17071
1.17074
1.17011
1.16988
1.17074
1.16962
1.17077
1.17076
1.16929
1.17082
1.1708
1.16896
1.17085
1.17083
1.16862
1.17087
1.17086
1.16834
1.17091
1.17089
1.16813
1.17093
1.17092
1.17098
1.17098
1.17096
1.17099
1.16806
1.17097
1.17096
1.17097
1.17097
1.17097
1.1681
1.04006
1.16681
1.17091
1.17096
1.17084
1.17064
1.1691
1.15295
1.16184
1.09748
1.11642
1.07725
1.06069
1.0418
1.03937
1.04015
1.07257
1.13212
1.10198
1.13271
1.15729
1.17166
1.17182
1.03812
1.15555
1.1711
1.16145
1.14333
1.12216
0.946476
0.91386
0.908992
0.912734
0.92539
0.953987
1.02164
1.06483
1.09688
1.17199
1.17204
1.17189
1.17195
1.16633
1.16642
1.16651
1.16659
1.16667
1.16675
1.16682
1.1669
1.16697
1.16704
1.16712
1.16719
1.16727
1.16737
1.16743
1.1675
1.16758
1.16765
1.16774
1.16785
1.16793
1.16803
1.16811
1.17076
1.17078
1.17083
1.17088
1.17087
1.17062
1.17044
1.17027
1.17077
1.1708
1.17004
1.1698
1.17079
1.1695
1.17083
1.17081
1.16918
1.17086
1.17085
1.16884
1.17089
1.17088
1.16851
1.17093
1.1709
1.16825
1.17095
1.17094
1.16812
1.17097
1.17096
1.17101
1.17099
1.171
1.17101
1.17102
1.16811
1.17099
1.17098
1.171
1.17098
1.17097
1.16822
1.03965
1.1612
1.17084
1.17095
1.17066
1.17016
1.16643
1.13567
1.15094
1.06725
1.08816
1.05308
1.04613
1.04003
1.07425
1.07213
1.10387
1.15749
1.13268
1.15764
1.17176
1.17185
1.12395
1.16851
1.17165
1.16126
1.14312
1.12111
1.06448
0.980479
0.932735
0.917827
0.919643
0.925196
0.942775
1.00582
1.01448
1.09024
1.17201
1.17204
1.172
1.1719
1.17197
1.16639
1.16649
1.16658
1.16666
1.16674
1.16682
1.16691
1.16699
1.16706
1.16714
1.16721
1.16731
1.16738
1.16744
1.16752
1.1676
1.16767
1.16778
1.16786
1.16796
1.16805
1.16816
1.16825
1.17086
1.17073
1.17086
1.1709
1.17093
1.1709
1.17057
1.1704
1.1702
1.17082
1.16998
1.16971
1.17084
1.16939
1.17088
1.17087
1.16905
1.17092
1.1709
1.16871
1.17096
1.17093
1.16842
1.17097
1.17096
1.16821
1.171
1.17097
1.16814
1.17102
1.17101
1.17101
1.17103
1.17103
1.17103
1.17104
1.16819
1.17101
1.171
1.17102
1.17099
1.17097
1.16835
1.04113
1.1503
1.17065
1.17089
1.1702
1.16902
1.16042
1.1112
1.13228
1.04981
1.06006
1.04402
1.04178
1.04059
1.105
1.07388
1.104
1.13365
1.15776
1.1718
1.17186
1.15939
1.1712
1.17174
1.16117
1.14268
1.1188
1.13569
1.0888
1.01891
0.954503
0.931143
0.926634
0.929183
0.9446
1.03835
0.956704
1.08599
1.17199
1.17205
1.17196
1.17193
1.16644
1.16655
1.16664
1.16673
1.16681
1.1669
1.16699
1.16706
1.16715
1.16723
1.16732
1.16738
1.16747
1.16755
1.16764
1.1677
1.16779
1.1679
1.168
1.1681
1.16824
1.16831
1.16845
1.17097
1.17084
1.17069
1.17089
1.17091
1.17094
1.17098
1.17097
1.17053
1.17035
1.17014
1.1699
1.16961
1.1709
1.16928
1.17094
1.17092
1.16893
1.17097
1.17096
1.16862
1.17098
1.17098
1.16834
1.17103
1.17101
1.16821
1.17105
1.17104
1.1682
1.17106
1.17105
1.17103
1.17104
1.17104
1.17105
1.17106
1.16833
1.17102
1.17102
1.17104
1.17099
1.17092
1.16856
1.13129
1.17023
1.17071
1.16908
1.16632
1.14898
1.08041
1.1061
1.04381
1.04778
1.04185
1.04126
1.07562
1.13428
1.1051
1.13379
1.15802
1.17182
1.17189
1.16934
1.17165
1.17177
1.16103
1.14188
1.11723
1.163
1.14635
1.11183
1.05484
0.989587
0.951166
0.937004
0.939907
0.994356
0.943329
0.997225
1.07735
1.17195
1.17199
1.17193
1.17205
1.17193
1.16648
1.16661
1.16669
1.16678
1.16687
1.16697
1.16705
1.16715
1.16723
1.16733
1.16742
1.16747
1.16757
1.16766
1.16774
1.16782
1.16797
1.16805
1.16817
1.16827
1.16836
1.16851
1.16862
1.17109
1.17095
1.17101
1.17081
1.17065
1.17093
1.17096
1.17101
1.17103
1.17048
1.17029
1.17007
1.16981
1.1695
1.17096
1.16916
1.17098
1.17096
1.16881
1.17101
1.171
1.16849
1.17104
1.17102
1.1683
1.17105
1.17105
1.16823
1.17108
1.17106
1.1683
1.17106
1.17108
1.17108
1.17109
1.17105
1.17107
1.17106
1.17107
1.16847
1.17102
1.17104
1.17105
1.17095
1.17079
1.16873
1.10368
1.1692
1.1703
1.1665
1.16039
1.13022
1.05611
1.07391
1.04251
1.04384
1.04211
1.04231
1.07513
1.10578
1.15825
1.13441
1.15813
1.17185
1.17189
1.17132
1.17173
1.17181
1.16083
1.14129
1.11351
1.17007
1.16605
1.15491
1.13063
1.08794
1.03348
0.983059
0.959441
0.955391
0.95145
0.96157
1.01451
1.07374
1.17191
1.17193
1.17199
1.1719
1.17206
1.16652
1.16664
1.16673
1.16682
1.16691
1.16702
1.16712
1.16722
1.16733
1.16741
1.16752
1.16762
1.16769
1.16778
1.16787
1.16802
1.1681
1.16821
1.16832
1.1684
1.16853
1.16869
1.16881
1.17117
1.17105
1.17107
1.17111
1.17092
1.17077
1.17061
1.17098
1.17103
1.17105
1.17108
1.17043
1.17023
1.17
1.16971
1.16938
1.171
1.16902
1.17103
1.17102
1.1687
1.17105
1.17104
1.16842
1.17107
1.17106
1.1683
1.1711
1.17108
1.16829
1.17111
1.17111
1.16843
1.17109
1.1711
1.17109
1.17111
1.17107
1.17108
1.17108
1.1711
1.16865
1.171
1.17104
1.17106
1.17085
1.17047
1.16894
1.07066
1.16684
1.16941
1.16093
1.14904
1.10289
1.04657
1.0537
1.04316
1.04313
1.04458
1.07565
1.10572
1.13471
1.15832
1.17185
1.17165
1.17177
1.17182
1.16064
1.13995
1.11166
1.1714
1.17067
1.16807
1.16128
1.14565
1.11322
1.07807
1.03273
0.953994
0.99751
0.957464
0.985036
0.98585
1.06293
1.17188
1.17193
1.17188
1.1719
1.172
1.17187
1.17206
1.16657
1.16668
1.16676
1.16685
1.16694
1.16705
1.16717
1.1673
1.1674
1.16751
1.16761
1.16771
1.1678
1.16791
1.16802
1.16814
1.16824
1.16835
1.16846
1.16859
1.1688
1.16887
1.16901
1.17127
1.17115
1.17117
1.17121
1.17103
1.17112
1.17089
1.17073
1.17057
1.17104
1.17106
1.17109
1.17038
1.17016
1.16991
1.16959
1.16926
1.17105
1.16891
1.17108
1.17106
1.16857
1.1711
1.17108
1.16839
1.17111
1.1711
1.16832
1.17113
1.17112
1.16839
1.17115
1.17113
1.1686
1.17111
1.17112
1.17112
1.17116
1.17113
1.17108
1.1711
1.1711
1.17111
1.16886
1.17094
1.17104
1.17107
1.17061
1.16976
1.16919
1.05261
1.16182
1.16748
1.15003
1.13043
1.07061
1.04386
1.04587
1.07711
1.04392
1.1061
1.13468
1.15838
1.17172
1.17178
1.17184
1.1603
1.1392
1.10611
1.17165
1.17152
1.17099
1.16965
1.16569
1.15545
1.13961
1.1114
0.977579
1.08246
0.965452
0.969257
0.998237
0.968996
1.06291
1.17189
1.17194
1.17185
1.17187
1.172
1.17184
1.17206
1.16666
1.16675
1.16683
1.16689
1.16697
1.16708
1.16721
1.16735
1.16748
1.1676
1.16769
1.1678
1.16792
1.16804
1.16816
1.16828
1.16839
1.16852
1.16862
1.16886
1.16893
1.16907
1.16922
1.17136
1.17125
1.17127
1.17131
1.17114
1.17118
1.17123
1.171
1.17114
1.17086
1.1707
1.17052
1.17107
1.17111
1.17032
1.17009
1.1698
1.16948
1.16913
1.17109
1.16876
1.17111
1.1711
1.16852
1.17113
1.17112
1.16838
1.17115
1.17114
1.16839
1.17117
1.17116
1.16854
1.17118
1.17118
1.16881
1.17113
1.17114
1.17116
1.17117
1.17118
1.17118
1.17109
1.17111
1.17111
1.17113
1.16913
1.17077
1.17102
1.17107
1.1701
1.16824
1.16937
1.04516
1.15201
1.16341
1.13241
1.10392
1.05288
1.04354
1.04359
1.10638
1.07458
1.13488
1.1584
1.17175
1.17181
1.16004
1.13701
1.10467
1.1717
1.17167
1.17154
1.17131
1.17056
1.16848
1.16426
1.15488
1.05223
1.14004
0.970095
1.02608
0.980603
0.971449
0.982394
1.05915
1.17186
1.17189
1.17184
1.17195
1.17183
1.17183
1.17201
1.17181
1.17206
1.16679
1.16688
1.16692
1.16696
1.16701
1.1671
1.16724
1.16741
1.16755
1.16768
1.1678
1.16793
1.16804
1.16817
1.16829
1.16842
1.16856
1.16867
1.16888
1.169
1.16914
1.16926
1.16941
1.17147
1.17135
1.17135
1.17141
1.17123
1.17128
1.17132
1.1711
1.17119
1.17124
1.17095
1.17115
1.17082
1.17066
1.17047
1.17112
1.17026
1.17
1.16969
1.16935
1.16899
1.17113
1.16868
1.17116
1.17114
1.16848
1.17117
1.17116
1.16842
1.17119
1.17118
1.1685
1.1712
1.1712
1.16875
1.17119
1.17121
1.1712
1.16903
1.17114
1.17116
1.17118
1.17117
1.1712
1.17109
1.17112
1.17113
1.17114
1.16935
1.17042
1.17094
1.17104
1.16905
1.16518
1.16955
1.04268
1.13559
1.15565
1.10726
1.07283
1.04478
1.04426
1.0432
1.13497
1.10464
1.07573
1.15844
1.17177
1.15948
1.13609
1.1025
1.17174
1.17171
1.17166
1.1716
1.1715
1.17106
1.1704
1.16821
1.12114
1.16468
1.00685
1.10192
0.974697
0.996124
0.986619
0.977919
1.05504
1.17183
1.17184
1.1719
1.17182
1.17196
1.1718
1.1718
1.17201
1.17178
1.17206
1.16695
1.16706
1.16705
1.16704
1.16706
1.16713
1.16727
1.16745
1.16762
1.16776
1.1679
1.16803
1.16816
1.16829
1.16844
1.16856
1.1687
1.16889
1.16905
1.16915
1.1693
1.16945
1.1696
1.17155
1.17146
1.17146
1.1715
1.17133
1.17136
1.17141
1.17121
1.17128
1.17135
1.17109
1.1712
1.17126
1.17093
1.17117
1.17078
1.17061
1.17041
1.17018
1.1699
1.16958
1.16922
1.16887
1.17118
1.16861
1.1712
1.17119
1.16847
1.17121
1.17121
1.16849
1.17123
1.17122
1.16869
1.17124
1.17123
1.16895
1.17121
1.17125
1.17123
1.17126
1.16925
1.17116
1.17119
1.1712
1.17117
1.17121
1.1711
1.17113
1.17114
1.17116
1.16952
1.16976
1.17075
1.17098
1.16699
1.15955
1.16986
1.04197
1.11229
1.14208
1.07749
1.05359
1.0414
1.04375
1.15841
1.13412
1.10563
1.07458
1.15914
1.13516
1.09997
1.17175
1.17172
1.17169
1.17165
1.17162
1.17152
1.17143
1.17101
1.15759
1.17047
1.08325
1.14899
0.990498
1.06761
0.98172
0.985631
0.988356
1.04652
1.17179
1.17185
1.17181
1.1718
1.17191
1.17179
1.17196
1.17177
1.17177
1.17201
1.17206
1.16711
1.16721
1.16723
1.16714
1.16712
1.16716
1.1673
1.16749
1.16768
1.16785
1.16799
1.16814
1.16829
1.16841
1.16857
1.1687
1.16887
1.16906
1.16919
1.16933
1.16948
1.16964
1.16989
1.17164
1.17155
1.17156
1.17159
1.17145
1.17148
1.17152
1.17133
1.17137
1.17142
1.1712
1.1713
1.17136
1.17105
1.17121
1.17126
1.1709
1.17075
1.17056
1.17035
1.17009
1.16979
1.16944
1.16909
1.16877
1.17123
1.16856
1.17124
1.17124
1.16851
1.17127
1.17125
1.16861
1.17127
1.17127
1.16887
1.17128
1.17127
1.16919
1.17126
1.17128
1.17124
1.17128
1.17122
1.17128
1.16945
1.1712
1.17119
1.17122
1.17117
1.17108
1.17113
1.17115
1.16976
1.16857
1.17038
1.17084
1.16326
1.14988
1.16999
1.04197
1.08411
1.1206
1.05568
1.04418
1.03993
1.04387
1.15825
1.1346
1.10487
1.07157
1.15882
1.13389
1.09431
1.17174
1.17171
1.17168
1.17165
1.17161
1.17159
1.17149
1.16896
1.17142
1.13846
1.1668
1.05279
1.12819
0.983196
0.988707
0.997847
1.04009
1.04899
1.17176
1.1718
1.17186
1.17179
1.17177
1.17191
1.17176
1.17197
1.17174
1.17202
1.17206
1.16745
1.16755
1.16742
1.16726
1.16718
1.1672
1.16733
1.16753
1.16774
1.16791
1.16806
1.16826
1.16839
1.16857
1.16871
1.16891
1.16908
1.16921
1.16934
1.16953
1.16966
1.16991
1.17002
1.17174
1.17165
1.17164
1.17168
1.17153
1.17155
1.1716
1.17142
1.17147
1.17153
1.17131
1.17138
1.17143
1.17116
1.1713
1.17137
1.17102
1.17127
1.17087
1.17069
1.17051
1.17027
1.17001
1.16967
1.16932
1.16895
1.16869
1.16857
1.17128
1.17128
1.1686
1.1713
1.17129
1.16881
1.17131
1.1713
1.16909
1.17131
1.17131
1.1694
1.17128
1.17126
1.17129
1.17125
1.17128
1.17123
1.17131
1.16973
1.1712
1.17122
1.17118
1.17116
1.17104
1.17113
1.16994
1.16647
1.16973
1.1706
1.15708
1.13436
1.1702
1.04225
1.06048
1.09382
1.04357
1.0396
1.03911
1.15833
1.13411
1.10366
1.07346
1.15846
1.13122
1.09385
1.17172
1.17169
1.17167
1.17163
1.17162
1.17157
1.17116
1.17155
1.16363
1.17083
1.11896
1.15975
0.987661
0.988961
1.03195
1.11048
0.990783
1.0479
1.17174
1.17175
1.17181
1.17186
1.17176
1.17175
1.17192
1.17174
1.17197
1.17202
1.17206
1.16784
1.16786
1.16769
1.16736
1.16723
1.16724
1.16736
1.16757
1.16779
1.16798
1.16822
1.16836
1.16854
1.16868
1.16887
1.16902
1.1692
1.16936
1.16953
1.16967
1.16991
1.17004
1.1702
1.17185
1.17173
1.17174
1.17179
1.17164
1.17164
1.1717
1.17153
1.17156
1.17161
1.1714
1.17147
1.17152
1.17131
1.17139
1.17144
1.17115
1.17132
1.17136
1.17099
1.17083
1.17065
1.17044
1.17019
1.16989
1.16954
1.16916
1.16885
1.16865
1.16861
1.17133
1.17133
1.16873
1.17134
1.17133
1.16902
1.17135
1.17134
1.16934
1.17135
1.17135
1.16963
1.17129
1.17128
1.17126
1.17131
1.17124
1.17131
1.17123
1.17135
1.17132
1.16991
1.17121
1.17119
1.17117
1.17097
1.17112
1.17023
1.16302
1.16869
1.17019
1.14742
1.11071
1.17039
1.04502
1.06937
1.03739
1.03733
1.03931
1.15816
1.13346
1.10399
1.07201
1.15771
1.13059
1.09221
1.17171
1.17168
1.17166
1.17164
1.17161
1.1715
1.17158
1.17019
1.17143
1.15582
1.16943
0.9899
1.02458
1.10285
1.15224
0.992583
0.990908
1.04749
1.17176
1.17174
1.17173
1.17172
1.17182
1.17187
1.17173
1.17192
1.17172
1.17197
1.17202
1.17206
1.1684
1.16822
1.16785
1.16748
1.16729
1.16728
1.16739
1.1676
1.16785
1.16814
1.16831
1.16848
1.16863
1.16885
1.16901
1.16918
1.16935
1.16951
1.1697
1.16987
1.17005
1.17024
1.17044
1.17184
1.17193
1.17183
1.17173
1.17174
1.17177
1.17162
1.17165
1.1717
1.17151
1.17156
1.1716
1.17139
1.17148
1.17152
1.17126
1.1714
1.17144
1.17112
1.17136
1.17096
1.17079
1.1706
1.17037
1.1701
1.16976
1.1694
1.16905
1.16878
1.16866
1.16872
1.17136
1.16896
1.17138
1.17138
1.16927
1.17138
1.17138
1.16957
1.17139
1.17139
1.16986
1.17129
1.17131
1.17127
1.17126
1.17133
1.17124
1.17123
1.17138
1.17135
1.17136
1.17016
1.17121
1.17118
1.17084
1.1711
1.17042
1.15801
1.16708
1.16957
1.13337
1.08608
1.17063
1.03603
1.05102
1.03418
1.03589
1.15798
1.13346
1.10258
1.07135
1.15738
1.12962
1.09098
1.17169
1.17167
1.17165
1.17162
1.17156
1.1716
1.17133
1.17153
1.16841
1.17122
1.01848
1.09704
1.14867
1.16761
0.994693
0.992274
1.01395
1.04617
1.17177
1.17171
1.17172
1.17171
1.1717
1.17182
1.17188
1.17171
1.17193
1.17197
1.17202
1.17207
1.16906
1.16853
1.16798
1.16764
1.16739
1.16735
1.16741
1.16765
1.16799
1.16822
1.16843
1.16862
1.16882
1.16898
1.16917
1.16934
1.1695
1.16971
1.16987
1.17008
1.17023
1.17045
1.17065
1.17193
1.17183
1.17188
1.17202
1.17192
1.17182
1.17172
1.17174
1.17178
1.17162
1.17166
1.1717
1.1715
1.17157
1.17161
1.17137
1.17148
1.17152
1.17123
1.1714
1.17145
1.17109
1.17092
1.17075
1.17053
1.17029
1.16998
1.16964
1.16927
1.16894
1.16875
1.16872
1.16888
1.17141
1.16918
1.17142
1.17141
1.16949
1.17143
1.17142
1.16982
1.17142
1.17142
1.17015
1.17129
1.17131
1.17132
1.17127
1.17125
1.17134
1.17124
1.17122
1.17141
1.17138
1.1714
1.17136
1.17038
1.17119
1.17066
1.17107
1.17059
1.15105
1.16477
1.16871
1.11331
1.06632
1.17087
1.03106
1.03866
1.0321
1.0356
1.15794
1.13261
1.10217
1.06699
1.15707
1.12868
1.08981
1.17168
1.17166
1.17164
1.17158
1.17161
1.1715
1.17155
1.17104
1.17147
1.09074
1.14596
1.1667
1.17091
0.996967
0.99344
1.01177
1.08418
1.04761
1.17172
1.17178
1.17167
1.17169
1.17168
1.17168
1.17183
1.17188
1.17193
1.17198
1.17202
1.17207
1.1697
1.16876
1.16813
1.16778
1.16748
1.1674
1.16748
1.16777
1.16807
1.16832
1.16856
1.16877
1.16896
1.16912
1.1693
1.16945
1.16967
1.16987
1.17007
1.17024
1.17047
1.17064
1.17085
1.17202
1.17193
1.17197
1.17183
1.17189
1.17202
1.17193
1.17182
1.17171
1.17174
1.1718
1.17159
1.17166
1.17171
1.17148
1.17157
1.17162
1.17135
1.1715
1.17153
1.17121
1.17146
1.17105
1.17089
1.1707
1.17045
1.17018
1.16988
1.16949
1.16913
1.16887
1.16877
1.16885
1.16908
1.1694
1.17146
1.17147
1.16977
1.17146
1.17146
1.17008
1.17145
1.17146
1.17035
1.1713
1.17128
1.17132
1.17135
1.17126
1.17124
1.17123
1.17119
1.17144
1.17141
1.17143
1.17138
1.1714
1.17136
1.17058
1.17042
1.17102
1.1708
1.1424
1.16179
1.16766
1.09427
1.04997
1.17102
1.02755
1.03026
1.03051
1.03439
1.15762
1.13239
1.09967
1.06807
1.15675
1.12782
1.08953
1.17167
1.17165
1.1716
1.17163
1.17153
1.17157
1.17143
1.17151
1.14357
1.16612
1.17077
1.1714
0.999159
0.994437
1.01059
1.07896
1.14114
1.04802
1.17168
1.17174
1.17179
1.17163
1.17166
1.17166
1.17183
1.17188
1.17193
1.17197
1.17202
1.17207
1.17003
1.16894
1.16827
1.16791
1.16756
1.16746
1.16754
1.16783
1.16815
1.16846
1.1687
1.16889
1.1691
1.16929
1.16946
1.16968
1.16991
1.17005
1.17025
1.17048
1.17062
1.17082
1.17102
1.17202
1.17206
1.17192
1.17198
1.17184
1.17189
1.17202
1.17191
1.17182
1.17171
1.17175
1.17179
1.17158
1.17166
1.1717
1.17146
1.17157
1.17162
1.17133
1.1715
1.17153
1.17118
1.17102
1.17085
1.17062
1.17039
1.1701
1.16974
1.16935
1.16903
1.16885
1.16884
1.169
1.16932
1.16971
1.1715
1.17149
1.16999
1.1715
1.1715
1.17031
1.1715
1.1715
1.17053
1.17129
1.17132
1.17127
1.17134
1.17125
1.1712
1.17119
1.17149
1.17144
1.17146
1.17141
1.17143
1.17138
1.17139
1.17135
1.17077
1.17014
1.17097
1.17101
1.13147
1.15819
1.16645
1.07679
1.03819
1.17122
1.02492
1.02489
1.02993
1.15749
1.1311
1.10015
1.06437
1.15647
1.12737
1.08912
1.17161
1.17164
1.17155
1.17158
1.17149
1.17153
1.1656
1.17069
1.17137
1.17147
1.00195
0.995472
1.01118
1.07551
1.13964
1.1654
1.04844
1.17163
1.17169
1.17174
1.1718
1.17162
1.17163
1.17165
1.1716
1.17184
1.17189
1.17193
1.17198
1.17202
1.17206
1.17014
1.16909
1.16841
1.16802
1.16763
1.16751
1.16759
1.16791
1.16828
1.16859
1.16882
1.16903
1.16922
1.16943
1.16963
1.16989
1.17005
1.17027
1.17045
1.17063
1.17082
1.17104
1.17123
1.17202
1.17207
1.17193
1.17197
1.17184
1.17188
1.17201
1.17191
1.1718
1.1717
1.17175
1.17179
1.17157
1.17167
1.1717
1.17144
1.17158
1.17162
1.17131
1.17153
1.17115
1.17098
1.17078
1.17057
1.17031
1.16998
1.16956
1.16922
1.16897
1.16887
1.16896
1.16925
1.16961
1.16992
1.17154
1.17024
1.17153
1.17154
1.17051
1.17153
1.17154
1.17075
1.17132
1.17128
1.17134
1.17126
1.1712
1.17093
1.17153
1.17148
1.17151
1.17145
1.17146
1.17141
1.17143
1.17137
1.17139
1.17135
1.17101
1.16983
1.17121
1.1189
1.15435
1.16519
1.06344
1.02907
1.17143
1.02253
1.02087
1.02874
1.15715
1.1313
1.09808
1.05962
1.15627
1.12686
1.08869
1.17162
1.17156
1.17159
1.17151
1.17154
1.17066
1.17135
1.17145
1.17149
1.00398
0.996628
1.0119
1.07355
1.13885
1.16532
1.1707
1.05211
1.1716
1.17164
1.17169
1.17174
1.17179
1.1716
1.1716
1.17159
1.17184
1.17189
1.17193
1.17198
1.17202
1.17206
1.1702
1.16924
1.16853
1.1681
1.16768
1.16754
1.16765
1.16802
1.16841
1.16871
1.16897
1.16915
1.16939
1.1696
1.16984
1.17006
1.17023
1.17044
1.17063
1.17082
1.17104
1.17125
1.17143
1.17202
1.17207
1.17194
1.17198
1.17184
1.17189
1.17202
1.17191
1.1718
1.17168
1.17175
1.1718
1.17156
1.17167
1.17171
1.17142
1.17157
1.17163
1.17127
1.17112
1.17093
1.17073
1.17049
1.1702
1.16982
1.16945
1.16913
1.16895
1.16895
1.16918
1.16948
1.16985
1.17018
1.17158
1.17048
1.17158
1.17158
1.17074
1.17157
1.17158
1.17101
1.17131
1.17133
1.17127
1.17121
1.1709
1.16954
1.17152
1.17158
1.17148
1.1715
1.17145
1.17146
1.17141
1.17142
1.17137
1.17139
1.17134
1.1712
1.17142
1.10754
1.15038
1.164
1.05176
1.02202
1.17163
1.02095
1.01765
1.0272
1.15709
1.12993
1.09487
1.06272
1.15607
1.12668
1.09033
1.17158
1.17152
1.17155
1.17134
1.17143
1.17147
1.1715
1.00696
0.998027
1.01291
1.07238
1.13825
1.1651
1.17069
1.17133
1.05306
1.17156
1.1716
1.17165
1.17169
1.17175
1.17179
1.17158
1.17159
1.17156
1.17184
1.17189
1.17194
1.17198
1.17202
1.17028
1.16939
1.16864
1.16813
1.1677
1.16757
1.16774
1.16815
1.16853
1.16885
1.16908
1.16929
1.16955
1.16979
1.16999
1.17021
1.17042
1.17063
1.17084
1.17105
1.17127
1.17144
1.17166
1.17193
1.17184
1.17188
1.17201
1.1719
1.17179
1.17167
1.17175
1.17179
1.17154
1.17167
1.17171
1.1714
1.17162
1.17125
1.17108
1.17089
1.17068
1.1704
1.17006
1.16969
1.16932
1.16907
1.16899
1.16914
1.1694
1.16978
1.17013
1.17045
1.1707
1.17162
1.17162
1.17094
1.17161
1.17162
1.1712
1.17132
1.1713
1.17122
1.17089
1.16932
1.17154
1.17152
1.17149
1.1715
1.17144
1.17145
1.1714
1.17142
1.17136
1.17138
1.17134
1.17145
1.17163
1.09737
1.14662
1.16298
1.04238
1.01638
1.17185
1.02056
1.01504
1.15665
1.12873
1.09651
1.05811
1.15597
1.12684
1.09027
1.17154
1.17157
1.17141
1.17145
1.17148
1.17151
1.00928
0.999596
1.01407
1.0715
1.13766
1.16467
1.17065
1.17132
1.1714
1.058
1.17155
1.17165
1.1717
1.17174
1.1718
1.17154
1.17184
1.17038
1.16952
1.16869
1.16814
1.1677
1.16761
1.16784
1.16829
1.16868
1.169
1.16924
1.16952
1.16972
1.16996
1.17021
1.17043
1.17061
1.17082
1.17103
1.17125
1.17143
1.17164
1.17185
1.17201
1.1719
1.17178
1.17166
1.17175
1.1718
1.17153
1.17166
1.17171
1.17138
1.17122
1.17104
1.17084
1.17059
1.1703
1.16995
1.16955
1.16922
1.16906
1.16912
1.16932
1.16969
1.17008
1.17038
1.17066
1.17093
1.17166
1.17166
1.17122
1.1714
1.17131
1.17125
1.1709
1.16924
1.17152
1.17151
1.17147
1.17149
1.17143
1.17145
1.17139
1.17141
1.17135
1.17137
1.17132
1.17164
1.17185
1.08876
1.14322
1.16237
1.03452
1.01179
1.01907
1.01294
1.15639
1.12935
1.09412
1.05357
1.15595
1.12672
1.09272
1.17155
1.17144
1.17146
1.1715
1.17153
1.01074
1.00171
1.01587
1.07088
1.13726
1.16412
1.1705
1.1713
1.17139
1.17142
1.1717
1.17175
1.17044
1.16957
1.1687
1.16812
1.1677
1.16765
1.16797
1.16844
1.16885
1.16916
1.16944
1.16968
1.16992
1.17016
1.17042
1.1706
1.17082
1.17102
1.17125
1.17146
1.17165
1.17184
1.172
1.17189
1.17178
1.17164
1.17151
1.17135
1.17118
1.17099
1.17077
1.17051
1.17018
1.16981
1.16941
1.16917
1.16912
1.16926
1.16958
1.17001
1.17034
1.17063
1.17094
1.17116
1.1714
1.17166
1.17127
1.17093
1.1692
1.17151
1.17147
1.17149
1.17143
1.17144
1.17138
1.1714
1.17134
1.17136
1.17129
1.17185
1.08151
1.14039
1.16205
1.02771
1.00771
1.0166
1.01141
1.15647
1.12803
1.09076
1.15586
1.12766
1.17145
1.17148
1.00431
1.01851
1.07127
1.1367
1.1635
1.17027
1.17127
1.17137
1.17141
1.17143
1.17044
1.16957
1.16866
1.16807
1.16769
1.16772
1.16813
1.16863
1.16904
1.16935
1.1696
1.16986
1.17014
1.17038
1.17058
1.1708
1.17102
1.17126
1.17144
1.17164
1.17184
1.17201
1.17189
1.17176
1.17163
1.17148
1.17133
1.17115
1.17094
1.1707
1.1704
1.17005
1.16963
1.16931
1.16917
1.16924
1.1695
1.16989
1.17027
1.17058
1.17091
1.17115
1.17139
1.17164
1.17185
1.171
1.16924
1.17146
1.17142
1.17137
1.17139
1.17131
1.17133
1.17108
1.07618
1.13824
1.16193
1.02246
1.15607
1.12667
1.15609
1.07277
1.13658
1.16288
1.17
1.17122
1.17135
1.17039
1.1695
1.16856
1.168
1.1677
1.16783
1.16832
1.16883
1.16924
1.16955
1.16979
1.17008
1.17034
1.17058
1.17081
1.17101
1.17122
1.17143
1.17165
1.17184
1.172
1.17188
1.17175
1.17161
1.17146
1.17129
1.17111
1.17088
1.17062
1.17029
1.16988
1.16951
1.16927
1.16924
1.16942
1.16978
1.17022
1.17053
1.17083
1.17113
1.17139
1.17164
1.17185
1.16945
1.17115
1.16973
1.137
1.16219
1.15585
1.17029
1.16937
1.16842
1.16791
1.16772
1.16799
1.16854
1.16905
1.16945
1.16974
1.17001
1.17031
1.17054
1.17076
1.17101
1.17122
1.17142
1.17165
1.17184
1.172
1.17187
1.17174
1.1716
1.17143
1.17126
1.17105
1.17083
1.17051
1.17017
1.16974
1.16941
1.16929
1.16938
1.16969
1.17012
1.17049
1.17079
1.17116
1.1714
1.17161
1.17184
1.17015
1.16917
1.16827
1.16784
1.16777
1.16819
1.16878
1.16928
1.16965
1.16993
1.17022
1.1705
1.17075
1.17101
1.17121
1.17141
1.17164
1.17184
1.17199
1.17186
1.17172
1.17158
1.17141
1.17122
1.17101
1.17073
1.17042
1.17002
1.1696
1.16938
1.16937
1.16959
1.16998
1.17042
1.17076
1.17112
1.17136
1.1716
1.17184
1.16995
1.1689
1.16812
1.16779
1.16789
1.16844
1.16904
1.16952
1.16988
1.17014
1.17046
1.17071
1.17097
1.17121
1.17141
1.17164
1.17185
1.17199
1.17186
1.17171
1.17156
1.17138
1.17118
1.17092
1.17065
1.17029
1.16982
1.16953
1.1694
1.16954
1.1699
1.1704
1.1707
1.17103
1.17136
1.17159
1.17184
1.1697
1.16859
1.168
1.1678
1.16808
1.16872
1.16931
1.16977
1.17009
1.17039
1.17071
1.17093
1.17117
1.1714
1.17162
1.17183
1.17199
1.17185
1.1717
1.17153
1.17135
1.17112
1.17086
1.17051
1.1701
1.16972
1.16951
1.16954
1.16978
1.17024
1.17066
1.17098
1.17132
1.17158
1.17183
1.1694
1.16832
1.16791
1.16787
1.16835
1.16902
1.16961
1.17001
1.17033
1.17062
1.17093
1.17116
1.17141
1.17163
1.17183
1.17198
1.17184
1.17168
1.1715
1.17129
1.17106
1.17075
1.17039
1.16997
1.16965
1.16955
1.16971
1.17019
1.17063
1.17095
1.17128
1.17159
1.17183
1.16903
1.16813
1.16787
1.16802
1.16866
1.16934
1.1699
1.17027
1.17056
1.17089
1.17113
1.17138
1.17164
1.17183
1.17198
1.17183
1.17166
1.17148
1.17125
1.171
1.17066
1.17023
1.16985
1.16963
1.16966
1.17002
1.1705
1.1709
1.17124
1.17158
1.17182
1.16865
1.16801
1.1679
1.16829
1.16901
1.16967
1.17016
1.17049
1.1708
1.17112
1.17138
1.17163
1.17182
1.17197
1.17181
1.17163
1.17143
1.1712
1.1709
1.17051
1.17009
1.16978
1.16971
1.17
1.17051
1.17087
1.17122
1.17152
1.17182
1.16832
1.16795
1.16802
1.16863
1.16937
1.17
1.17042
1.17075
1.17109
1.17133
1.17158
1.17182
1.17197
1.1718
1.17161
1.1714
1.17113
1.17079
1.17035
1.16998
1.16978
1.16988
1.1704
1.17079
1.17119
1.17153
1.17184
1.1681
1.16795
1.16826
1.169
1.16975
1.17032
1.1707
1.17103
1.17132
1.17159
1.17182
1.17196
1.17178
1.17159
1.17135
1.17106
1.17063
1.17022
1.16991
1.16992
1.17027
1.1707
1.17112
1.17151
1.17182
1.168
1.16805
1.1686
1.1694
1.17013
1.17065
1.17097
1.17128
1.17156
1.1718
1.17196
1.17176
1.17154
1.17128
1.17093
1.17051
1.17012
1.16995
1.17016
1.17069
1.17106
1.17147
1.17181
1.168
1.16827
1.169
1.16982
1.17049
1.1709
1.17123
1.17155
1.1718
1.17194
1.17174
1.17151
1.17121
1.17082
1.17036
1.17009
1.17015
1.17053
1.17099
1.17142
1.1718
1.16809
1.16858
1.16942
1.17025
1.17082
1.17117
1.17151
1.17178
1.17193
1.17171
1.17145
1.17112
1.17067
1.17028
1.17015
1.17041
1.1709
1.1714
1.1718
1.16828
1.16897
1.16988
1.17066
1.17113
1.1715
1.17178
1.17192
1.17169
1.1714
1.171
1.17054
1.17028
1.17042
1.17088
1.17139
1.17178
1.16857
1.16942
1.17037
1.17105
1.17145
1.17175
1.17192
1.17165
1.17131
1.17085
1.17047
1.17041
1.17072
1.1713
1.17175
1.16897
1.16997
1.17085
1.17141
1.17175
1.17189
1.17159
1.17121
1.17072
1.1705
1.17067
1.1713
1.17172
1.16963
1.17062
1.1713
1.17171
1.17188
1.17155
1.17107
1.17068
1.17067
1.1712
1.17169
1.17079
1.17117
1.1717
1.17184
1.17146
1.17095
1.17074
1.17112
1.17165
1.17131
1.17164
1.1718
1.17131
1.17093
1.17108
1.17162
1.17164
1.17178
1.17123
1.17108
1.1716
1.17172
1.17127
1.1716
1.17165
1.17162
1.17173
)
;

boundaryField
{
    lowerOutlet
    {
        type            calculated;
        value           nonuniform List<scalar> 
144
(
1.1721
1.1721
1.1721
1.1721
1.1721
1.1721
1.1721
1.1721
1.1721
1.1721
1.1721
1.1721
1.1721
1.1721
1.1721
1.1721
1.1721
1.1721
1.1721
1.1721
1.1721
1.1721
1.1721
1.1721
1.1721
1.1721
1.1721
1.1721
1.1721
1.1721
1.1721
1.1721
1.1721
1.1721
1.1721
1.1721
1.1721
1.1721
1.1721
1.1721
1.1721
1.16706
1.1721
1.17171
1.1721
1.1721
1.15544
1.13021
0.546473
1.1721
1.1721
1.1721
1.1721
1.1721
1.1721
1.1721
1.1721
1.1721
1.1721
1.1721
1.1721
1.1721
1.1721
1.1721
1.1721
1.1721
1.1721
1.1721
1.1721
1.1721
1.1721
1.1721
1.1721
1.1721
1.1721
1.1721
1.1721
1.1721
1.1721
1.1721
1.1721
1.1721
1.1721
1.1721
1.1721
1.1721
1.1721
1.1721
1.1721
1.1721
1.1721
1.1721
1.1721
1.1721
1.1721
1.1721
1.1721
1.1721
1.1721
1.169
1.171
1.1721
1.1721
1.1721
1.12128
0.916262
1.1721
1.1721
1.1721
1.1721
1.1721
1.1721
1.1721
1.1721
1.1721
1.1721
1.1721
1.1721
1.1721
1.13167
1.1721
1.1721
1.1721
1.1721
1.1721
1.1721
1.1721
1.1721
1.1721
1.1721
1.12116
1.1721
1.1721
1.1721
1.1721
1.1721
1.1721
1.1721
1.1721
1.1721
1.1721
1.1721
1.1721
1.1721
)
;
    }
    top
    {
        type            calculated;
        value           nonuniform List<scalar> 
100
(
1.17146
1.17101
1.17072
1.17041
1.16995
1.1696
1.16937
1.1691
1.16877
1.16838
1.16798
1.16757
1.16714
1.16671
1.16619
1.1652
1.16291
1.15871
1.15333
1.14939
1.14822
1.15034
1.15488
1.15928
1.1613
1.16181
1.16172
1.16132
1.16104
1.16095
1.16107
1.16152
1.1623
1.16337
1.16467
1.16573
1.16621
1.16636
1.16639
1.16639
1.16636
1.16633
1.1663
1.16626
1.16623
1.1662
1.16618
1.16616
1.16612
1.16608
1.16605
1.16604
1.16605
1.16606
1.1661
1.16614
1.1662
1.16626
1.16633
1.16639
1.16644
1.16648
1.16652
1.16657
1.16666
1.16679
1.16695
1.16711
1.16745
1.16784
1.1684
1.16907
1.16972
1.17006
1.17016
1.17022
1.1703
1.17039
1.17045
1.17046
1.1704
1.1703
1.17016
1.16996
1.16972
1.16942
1.16905
1.16866
1.16834
1.16811
1.16801
1.168
1.16809
1.16828
1.16857
1.16896
1.16963
1.17197
1.17197
1.17197
)
;
    }
    sides
    {
        type            calculated;
        value           nonuniform List<scalar> 
100
(
1.1721
1.1721
1.1721
1.17209
1.17209
1.17209
1.17209
1.17208
1.17208
1.17208
1.17208
1.17207
1.17207
1.17207
1.17207
1.17206
1.17206
1.17206
1.17205
1.17205
1.17205
1.17205
1.17204
1.17204
1.17204
1.17204
1.17203
1.17203
1.17203
1.17203
1.17202
1.17202
1.17202
1.17201
1.17201
1.17201
1.17201
1.172
1.172
1.172
1.172
1.17199
1.17199
1.17199
1.17199
1.17198
1.17198
1.17198
1.17197
1.17197
1.1721
1.1721
1.1721
1.17209
1.17209
1.17209
1.17209
1.17208
1.17208
1.17208
1.17208
1.17207
1.17207
1.17207
1.17207
1.17206
1.17206
1.17206
1.17205
1.17205
1.17205
1.17205
1.17204
1.17204
1.17204
1.17204
1.17203
1.17203
1.17203
1.17203
1.17202
1.17202
1.17202
1.17201
1.17201
1.17201
1.17201
1.172
1.172
1.172
1.172
1.17199
1.17199
1.17199
1.17199
1.17198
1.17198
1.17198
1.17197
1.17197
)
;
    }
    front
    {
        type            empty;
    }
    back
    {
        type            empty;
    }
    roller
    {
        type            calculated;
        value           nonuniform List<scalar> 
144
(
1.1693
1.16963
1.16903
1.16895
1.16927
1.16904
1.16867
1.16876
1.16919
1.16917
1.16943
1.16956
1.16962
1.16926
1.16963
1.16954
1.16946
1.16884
1.16929
1.16879
1.16867
1.16866
1.16907
1.16867
1.16913
1.16884
1.16919
1.16919
1.16918
1.16934
1.16952
1.16944
1.16889
1.16887
1.16924
1.16866
1.16866
1.16866
1.16869
1.16913
1.16918
1.16939
1.16954
1.16961
1.16907
1.16922
1.16914
1.16964
1.16961
1.16956
1.16886
1.16932
1.1688
1.16866
1.16905
1.16915
1.16887
1.16946
1.16959
1.16963
1.16883
1.16919
1.16917
1.16909
1.16904
1.16867
1.16893
1.16911
1.1696
1.16959
1.16957
1.1689
1.16939
1.16878
1.16874
1.1691
1.16874
1.16871
1.16905
1.1687
1.16903
1.16905
1.16912
1.16873
1.16872
1.16917
1.16891
1.16916
1.1695
1.1696
1.16963
1.16962
1.16906
1.16901
1.16897
1.16893
1.16937
1.16934
1.16882
1.16914
1.16907
1.16904
1.16904
1.1691
1.1687
1.16877
1.16919
1.1692
1.16894
1.16897
1.16899
1.16901
1.16906
1.16908
1.16914
1.16899
1.1695
1.16948
1.16892
1.16941
1.16922
1.16877
1.16876
1.16912
1.16873
1.16872
1.16906
1.16869
1.16868
1.16907
1.16866
1.1691
1.16917
1.16883
1.1688
1.16888
1.16919
1.16919
1.16896
1.16904
1.16903
1.16911
1.1691
1.16915
)
;
    }
    burner
    {
        type            calculated;
        value           nonuniform List<scalar> 
16
(
0.321213
0.321213
0.321212
0.321211
0.321213
0.321212
0.321212
0.321211
0.321213
0.321212
0.321212
0.321211
0.321213
0.321212
0.321212
0.321211
)
;
    }
}


// ************************************************************************* //
