/*--------------------------------*- C++ -*----------------------------------*\
  =========                 |
  \\      /  F ield         | OpenFOAM: The Open Source CFD Toolbox
   \\    /   O peration     | Website:  https://openfoam.org
    \\  /    A nd           | Version:  dev
     \\/     M anipulation  |
\*---------------------------------------------------------------------------*/
FoamFile
{
    version     2.0;
    format      ascii;
    class       volScalarField;
    location    "2500";
    object      G;
}
// * * * * * * * * * * * * * * * * * * * * * * * * * * * * * * * * * * * * * //

dimensions      [1 0 -3 0 0 0 0];

internalField   nonuniform List<scalar> 
9851
(
4298.55
4305.14
4306.66
4310.95
4313.27
4315.64
4315.98
4319.12
4322.28
4325.46
4320.22
4324.16
4328.13
4332.11
4336.11
4323.69
4328.42
4333.17
4337.96
4342.77
4347.62
4326.41
4331.89
4337.41
4342.99
4348.62
4354.29
4360.01
4328.39
4334.59
4340.86
4347.21
4353.63
4360.13
4366.69
4373.3
4329.65
4336.56
4343.54
4350.63
4357.82
4365.12
4372.51
4379.98
4387.51
4330.21
4337.8
4345.48
4353.26
4361.19
4369.26
4377.47
4385.79
4394.2
4402.7
4330.11
4338.35
4346.68
4355.14
4363.77
4372.57
4381.55
4390.7
4399.99
4409.39
4418.88
4329.36
4338.22
4347.18
4356.29
4365.57
4375.07
4384.78
4394.71
4404.84
4415.14
4425.58
4436.12
4328
4337.44
4347
4356.71
4366.63
4376.78
4387.17
4397.84
4408.76
4419.92
4431.29
4442.81
4454.45
4326.05
4336.04
4346.16
4356.45
4366.96
4377.72
4388.77
4400.11
4411.77
4423.74
4435.99
4448.47
4461.13
4473.93
4323.54
4334.06
4344.7
4355.53
4366.59
4377.93
4389.58
4401.56
4413.91
4426.61
4439.68
4453.07
4466.74
4480.61
4494.64
4320.51
4331.51
4342.65
4353.98
4365.56
4377.43
4389.63
4402.21
4415.18
4428.58
4442.39
4456.61
4471.22
4486.14
4501.3
4516.65
4316.98
4328.43
4340.03
4351.83
4363.88
4376.24
4388.96
4402.08
4415.63
4429.65
4444.15
4459.14
4474.59
4490.49
4506.75
4523.29
4540.04
4312.99
4324.86
4336.89
4349.11
4361.6
4374.41
4387.6
4401.21
4415.29
4429.87
4445
4460.67
4476.9
4493.67
4510.94
4528.63
4546.64
4564.9
4308.56
4320.83
4333.24
4345.86
4358.75
4371.97
4385.58
4399.63
4414.19
4429.28
4444.95
4461.25
4478.17
4495.72
4513.89
4532.64
4551.87
4571.47
4591.35
4303.72
4316.35
4329.13
4342.11
4355.36
4368.95
4382.94
4397.39
4412.36
4427.9
4444.07
4460.9
4478.43
4496.68
4515.65
4535.32
4555.66
4576.56
4597.88
4619.52
4298.51
4311.46
4324.58
4337.89
4351.47
4365.39
4379.72
4394.52
4409.86
4425.79
4442.38
4459.69
4477.74
4496.6
4516.27
4536.75
4558.04
4580.09
4602.79
4625.99
4649.55
4292.96
4306.2
4319.62
4333.23
4347.1
4361.32
4375.95
4391.06
4406.72
4422.99
4439.94
4457.64
4476.15
4495.51
4515.78
4536.97
4559.09
4582.13
4606.04
4630.7
4655.94
4681.6
4287.11
4300.59
4314.28
4328.16
4342.3
4356.78
4371.68
4387.05
4402.98
4419.53
4436.79
4454.82
4473.7
4493.48
4514.24
4536.02
4558.85
4582.74
4607.67
4633.61
4660.42
4687.89
4715.87
4280.97
4294.68
4308.6
4322.72
4337.1
4351.81
4366.92
4382.52
4398.68
4415.48
4432.98
4451.28
4470.45
4490.58
4511.73
4533.97
4557.38
4581.97
4607.77
4634.77
4662.93
4692.1
4722.05
4752.59
4274.59
4288.49
4302.61
4316.93
4331.52
4346.43
4361.74
4377.53
4393.87
4410.86
4428.56
4447.07
4466.47
4486.85
4508.3
4530.9
4554.75
4579.9
4606.41
4634.29
4663.54
4694.14
4725.91
4758.62
4792.1
4267.99
4282.05
4296.35
4310.84
4325.6
4340.67
4356.15
4372.09
4388.59
4405.72
4423.57
4442.23
4461.8
4482.36
4504.03
4526.89
4551.05
4576.61
4603.66
4632.24
4662.39
4694.12
4727.41
4762.09
4797.94
4834.66
4261.19
4275.4
4289.84
4304.48
4319.37
4334.59
4350.19
4366.25
4382.86
4400.1
4418.06
4436.83
4456.5
4477.18
4498.98
4522.01
4546.38
4572.2
4599.61
4628.71
4659.56
4692.19
4726.66
4762.94
4800.92
4840.28
4880.6
4254.22
4268.55
4283.11
4297.87
4312.88
4328.2
4343.9
4360.06
4376.75
4394.06
4412.08
4430.9
4450.63
4471.37
4493.23
4516.33
4540.81
4566.78
4594.4
4623.81
4655.13
4688.45
4723.83
4761.32
4801
4842.69
4885.94
4930.34
4247.11
4261.53
4276.19
4291.04
4306.14
4321.54
4337.32
4353.54
4370.28
4387.62
4405.67
4424.51
4444.24
4464.98
4486.83
4509.94
4534.43
4560.44
4588.14
4617.68
4649.25
4683
4719.04
4757.44
4798.36
4841.86
4887.66
4935.34
4984.39
4239.87
4254.36
4269.1
4284.02
4299.19
4314.65
4330.47
4346.72
4363.48
4380.84
4398.87
4417.68
4437.38
4458.07
4479.86
4502.9
4527.32
4553.27
4580.93
4610.47
4642.09
4676.01
4712.41
4751.43
4793.24
4838.01
4885.75
4936.22
4988.96
5043.36
4232.53
4247.08
4261.87
4276.84
4292.05
4307.54
4323.39
4339.65
4356.41
4373.74
4391.73
4410.49
4430.1
4450.69
4472.37
4495.28
4519.56
4545.37
4572.88
4602.29
4633.8
4667.67
4704.13
4743.45
4785.81
4831.43
4880.48
4933.01
4988.82
5047.39
5107.98
4225.11
4239.69
4254.52
4269.52
4284.75
4300.26
4316.11
4332.36
4349.08
4366.37
4384.3
4402.96
4422.46
4442.91
4464.43
4487.16
4511.24
4536.82
4564.09
4593.25
4624.52
4658.16
4694.45
4733.7
4776.24
4822.34
4872.19
4926.04
4984.04
5045.98
5111.34
5179.16
4217.63
4232.22
4247.07
4262.09
4277.32
4292.82
4308.65
4324.87
4341.54
4358.76
4376.59
4395.14
4414.5
4434.77
4456.09
4478.58
4502.4
4527.71
4554.66
4583.48
4614.39
4647.65
4683.57
4722.49
4764.8
4810.93
4861.15
4915.73
4975.03
5039.29
5108.38
5181.7
5258.01
4210.11
4224.7
4239.55
4254.56
4269.78
4285.26
4301.05
4317.21
4333.82
4350.94
4368.66
4387.07
4406.26
4426.34
4447.42
4469.64
4493.14
4518.1
4544.68
4573.07
4603.52
4636.28
4671.67
4710.04
4751.82
4797.52
4847.61
4902.4
4962.32
5027.84
5099.3
5176.83
5259.5
5322.14
5324.77
4202.55
4217.13
4231.96
4246.96
4262.15
4277.59
4293.33
4309.42
4325.94
4342.95
4360.54
4378.79
4397.78
4417.64
4438.46
4460.38
4483.54
4508.09
4534.22
4562.13
4592.03
4624.19
4658.92
4696.58
4737.59
4782.52
4831.94
4886.37
4946.29
5012.24
5084.92
5164.67
5252.59
5324.97
5322.6
5368.72
5371.16
4194.98
4209.53
4224.34
4239.3
4254.45
4269.84
4285.51
4301.52
4317.93
4334.82
4352.26
4370.32
4389.11
4408.72
4429.27
4450.86
4473.64
4497.76
4523.39
4550.74
4580.03
4611.5
4645.47
4682.27
4722.35
4766.26
4814.62
4868.07
4927.33
4993.01
5065.85
5146.82
5223.41
5214.04
5317.95
5261
5310.77
5370.88
5367.88
5418.14
5420.37
4187.41
4201.92
4216.69
4231.61
4246.7
4262.02
4277.61
4293.53
4309.83
4326.58
4343.85
4361.72
4380.28
4399.63
4419.87
4441.12
4463.5
4487.16
4512.27
4539.02
4567.62
4598.33
4631.46
4667.31
4706.31
4749.01
4796.04
4848.08
4905.97
4970.6
5042.78
5123.5
5203.3
5190.86
5251.06
5362.28
5301.34
5354.12
5419.58
5415.83
5470.68
5472.67
4179.85
4194.31
4209.03
4223.89
4238.92
4254.16
4269.66
4285.47
4301.64
4318.24
4335.33
4353
4371.32
4390.39
4410.31
4431.2
4453.17
4476.36
4500.93
4527.05
4554.93
4584.81
4617.01
4651.84
4689.67
4731.01
4776.5
4826.85
4882.89
4945.67
5016.3
5095.85
5177.36
5162.48
5239.05
5225.33
5289.96
5409.23
5343.57
5399.89
5471.32
5466.69
5526.65
5528.38
4172.31
4186.71
4201.37
4216.17
4231.12
4246.28
4261.68
4277.37
4293.4
4309.84
4326.74
4344.19
4362.26
4381.04
4400.63
4421.14
4442.69
4465.39
4489.41
4514.9
4542.04
4571.08
4602.28
4635.99
4672.59
4712.48
4756.29
4804.74
4858.62
4919.01
4987.18
5064.53
5146.69
5129.69
5210.32
5194.04
5276.5
5261.27
5330.76
5458.96
5387.98
5448.27
5526.4
5520.76
5586.43
5587.86
4164.81
4179.14
4193.73
4208.45
4223.32
4238.39
4253.68
4269.24
4285.13
4301.4
4318.11
4335.33
4353.14
4371.62
4390.87
4410.99
4432.1
4454.31
4477.76
4502.61
4529.02
4557.21
4587.41
4619.95
4655.2
4693.59
4735.65
4782.06
4833.59
4891.26
4956.37
5030.47
5111.92
5093.17
5176.63
5158.14
5244.66
5226.74
5315.74
5298.83
5373.62
5511.72
5434.8
5499.48
5585.14
5578.38
5650.39
5651.5
4157.35
4171.6
4186.12
4200.75
4215.54
4230.5
4245.67
4261.11
4276.84
4292.93
4309.44
4326.43
4343.97
4362.15
4381.05
4400.78
4421.44
4443.15
4466.03
4490.24
4515.92
4543.26
4572.49
4603.86
4637.73
4674.53
4714.76
4759.06
4808.13
4862.91
4924.64
4994.85
5074.01
5054.3
5138.72
5118.47
5207.62
5187.4
5280.41
5260.66
5356.92
5338.14
5418.71
5567.84
5484.22
5553.79
5647.95
5639.92
5718.99
5719.73
4149.94
4164.11
4178.54
4193.09
4207.77
4222.63
4237.68
4252.98
4268.56
4284.47
4300.77
4317.52
4334.79
4352.66
4371.21
4390.54
4410.75
4431.95
4454.27
4477.83
4502.78
4529.29
4557.55
4587.8
4620.32
4655.51
4693.85
4735.96
4782.53
4834.34
4892.52
4958.6
5034.53
5014.52
5097.7
5076.58
5166.26
5144.4
5239.68
5217.61
5317.69
5295.93
5400.13
5379.26
5466.14
5627.63
5536.48
5611.48
5715.24
5705.73
5792.74
5793.02
4142.59
4156.67
4171.01
4185.46
4200.04
4214.78
4229.71
4244.87
4260.29
4276.02
4292.11
4308.62
4325.62
4343.18
4361.37
4380.3
4400.06
4420.75
4442.49
4465.42
4489.65
4515.35
4542.67
4571.82
4603.05
4636.7
4673.17
4713.05
4757.02
4805.85
4860.47
4922.29
4994.6
4974.68
5055.36
5034.09
5122.07
5099.5
5194.73
5171.29
5273
5249.11
5356.61
5332.78
5445.44
5422.32
5516.17
5691.44
5591.86
5672.91
5787.47
5776.28
5872.3
5872.11
4135.3
4149.29
4163.53
4177.88
4192.36
4206.98
4221.78
4236.79
4252.05
4267.59
4283.48
4299.75
4316.47
4333.72
4351.56
4370.09
4389.39
4409.57
4430.75
4453.04
4476.57
4501.46
4527.88
4555.98
4585.98
4618.16
4652.86
4690.58
4731.94
4777.71
4828.79
4886.43
4954.95
4935.29
5012.9
4991.87
5076.91
5054.37
5147.45
5123.46
5224.56
5199.58
5307.99
5282.39
5397.49
5371.75
5493.16
5467.8
5569.15
5759.76
5650.79
5738.62
5865.32
5852.19
5958.46
5957.69
4128.08
4141.97
4156.12
4170.36
4184.73
4199.23
4213.9
4228.76
4243.86
4259.22
4274.89
4290.92
4307.37
4324.31
4341.8
4359.93
4378.78
4398.45
4419.06
4440.72
4463.55
4487.67
4513.21
4540.31
4569.14
4599.93
4632.97
4668.67
4707.56
4750.29
4797.82
4851.43
4915.9
4897
4971.01
4950.3
5031.95
5009.75
5099.53
5075.68
5174.27
5148.85
5256.26
5229.75
5345.26
5318.04
5441.02
5413.57
5543.85
5516.55
5625.73
5833.18
5714
5809.43
5949.42
5934.07
6052.05
6050.56
4120.93
4134.72
4148.76
4162.91
4177.16
4191.54
4206.08
4220.79
4235.72
4250.89
4266.35
4282.15
4298.34
4314.97
4332.11
4349.84
4368.24
4387.41
4407.46
4428.49
4450.63
4473.99
4498.69
4524.84
4552.58
4582.07
4613.56
4647.37
4683.96
4723.87
4767.95
4817.56
4874.28
4929.91
4909.87
4987.76
4965.94
5051.99
5028.55
5123.5
5098.25
5202.9
5175.9
5290.28
5262.07
5385.41
5356.43
5488.05
5458.83
5598.51
5569.53
5687
5912.57
5782.72
5886.7
6040.6
6022.92
6154.13
6151.75
4113.86
4127.54
4141.49
4155.52
4169.66
4183.92
4198.32
4212.88
4227.64
4242.63
4257.89
4273.45
4289.37
4305.7
4322.51
4339.85
4357.81
4376.49
4395.97
4416.38
4437.84
4460.45
4484.33
4509.58
4536.29
4564.59
4594.65
4626.71
4661.18
4698.5
4739.41
4785.14
4837.4
4902.73
4882.43
4944.44
4923.4
5005.33
4982.29
5073.15
5048.31
5148.96
5122.09
5233.45
5204.62
5326.79
5296.57
5428.76
5397.67
5539.19
5507.82
5658.16
5627.38
5754.09
5999.27
5858.29
5971.89
6139.9
6120.02
6266.01
6262.54
4106.86
4120.44
4134.28
4148.21
4162.23
4176.36
4190.63
4205.05
4219.64
4234.45
4249.5
4264.84
4280.5
4296.54
4313.01
4329.97
4347.5
4365.69
4384.63
4404.42
4425.19
4447.06
4470.14
4494.52
4520.29
4547.5
4576.26
4606.74
4639.25
4674.21
4712.23
4754.37
4802.26
4862.61
4843.31
4915.66
4894.33
4959.59
4937.4
5023.7
4999.29
5095.37
5068.93
5175.8
5147.06
5265.83
5234.82
5365.72
5333.05
5475.33
5441.59
5594.74
5560.53
5723.37
5690.24
5827.62
6094.94
5941.51
6066.06
6248.68
6227.32
6389.37
6384.66
4099.95
4113.42
4127.16
4140.97
4154.88
4168.89
4183.02
4197.29
4211.72
4226.35
4241.2
4256.31
4271.72
4287.47
4303.62
4320.22
4337.33
4355.05
4373.44
4392.63
4412.72
4433.85
4456.13
4479.68
4504.55
4530.77
4558.38
4587.45
4618.2
4651
4686.39
4725.27
4769.1
4824.64
4806.68
4873.51
4853.31
4928.82
4906.31
4975.26
4951.78
5042.73
5016.76
5118.46
5090.16
5203.79
5172.83
5299.74
5266.12
5406.77
5371.1
5524.91
5487.8
5654.56
5616.67
5794.27
5757.89
5907.95
6201.1
6032.96
6169.79
6369.05
6346.75
6526
6520.14
4093.21
4106.49
4120.11
4133.82
4147.61
4161.49
4175.49
4189.62
4203.89
4218.34
4233
4247.89
4263.05
4278.53
4294.36
4310.6
4327.31
4344.57
4362.44
4381.03
4400.45
4420.84
4442.33
4465.04
4489.05
4514.37
4540.96
4568.8
4598
4628.86
4661.85
4697.78
4737.92
4783.71
4833.8
4814.91
4884.4
4863.21
4942.01
4918.21
4991.23
4966.33
5062.16
5034.43
5142.06
5111.65
5232.49
5198.99
5334.72
5298.04
5449.47
5410.2
5577.05
5535.81
5718.26
5675.81
5870.88
5830.04
5995.29
6318.45
6132.7
6283.2
6503.39
6479.67
6677.53
6670.96
4099.73
4113.15
4126.75
4140.42
4154.19
4168.05
4182.03
4196.15
4210.43
4224.9
4239.57
4254.5
4269.71
4285.23
4301.13
4317.46
4334.27
4351.64
4369.66
4388.42
4408.07
4428.76
4450.63
4473.8
4498.26
4523.94
4550.72
4578.58
4607.71
4638.55
4671.84
4708.62
4750.2
4803.65
4785.16
4842.73
4822.9
4895.11
4872.83
4954.92
4929.74
5007.22
4980.74
5081.59
5051.91
5165.77
5132.98
5261.43
5225.07
5370.24
5330.08
5493.27
5449.82
5631.26
5585.03
5785.4
5737.35
5953.04
5906.25
6089.39
6447.87
6240.57
6406.64
6653.45
6627.2
6846.37
6839.51
4106.38
4119.77
4133.33
4146.97
4160.71
4174.55
4188.51
4202.63
4216.9
4231.37
4246.07
4261.02
4276.26
4291.83
4307.79
4324.18
4341.07
4358.54
4376.66
4395.58
4415.44
4436.46
4458.77
4482.39
4507.22
4533.06
4559.79
4587.44
4616.39
4647.33
4681.13
4718.8
4767.42
4750.42
4810.56
4791.33
4851.33
4830.58
4905.38
4881.94
4967.23
4940.59
5022.88
4994.68
5100.62
5068.82
5189.13
5153.76
5290.13
5250.63
5405.77
5361.71
5537.59
5489.33
5686.91
5634.81
5855.33
5800.63
6040.47
5985.96
6189.83
6590.45
6357.3
6494.32
6521.32
6820.7
6790.4
7035.5
7028.06
4112.98
4126.32
4139.85
4153.46
4167.16
4180.98
4194.92
4209.02
4223.29
4237.76
4252.47
4267.44
4282.7
4298.31
4314.31
4330.74
4347.69
4365.21
4383.42
4402.47
4422.59
4443.99
4466.74
4490.71
4515.71
4541.47
4567.9
4595.25
4624.11
4655.3
4689.55
4727.6
4772.88
4755.2
4816.84
4796.82
4859.39
4837.69
4914.94
4890.32
4978.69
4950.54
5037.88
5007.85
5118.92
5084.87
5211.76
5173.62
5318.09
5275.18
5440.68
5392.28
5581.73
5528.03
5743.4
5684.43
5927.59
5865.09
6133.29
6032.77
6064.75
6286.17
6255.02
6591.15
6719.66
6693.9
6465.89
6434.45
6341.73
6563.01
7006.83
6800.25
6912.95
6936.1
7247.31
7238.79
4119.52
4132.81
4146.3
4159.88
4173.55
4187.34
4201.26
4215.34
4229.59
4244.06
4258.77
4273.74
4289.02
4304.64
4320.65
4337.11
4354.07
4371.62
4389.89
4409.11
4429.55
4451.36
4474.44
4498.59
4523.51
4548.94
4574.97
4602.07
4630.99
4662.31
4696.58
4741.51
4724.77
4777.62
4759.2
4822.31
4801.5
4866.69
4844.03
4923.57
4897.76
4989.08
4959.39
5051.9
5019.98
5136.18
5099.74
5233.14
5192.06
5344.67
5298.09
5474.25
5421.12
5625.1
5565.36
5800.24
5737.97
5705.46
6000.16
5966.31
5896.18
5931.61
6107.74
6223
6188.72
6073.94
6308.83
6665.84
6773.81
6531.69
6497.68
6400.58
6634.74
7028.86
7170.12
7151.37
6887.1
7005.77
7486.44
7276.8
7409.15
7422
4126
4139.25
4152.7
4166.23
4179.87
4193.62
4207.51
4221.56
4235.8
4250.25
4264.94
4279.91
4295.18
4310.8
4326.8
4343.24
4360.18
4377.74
4396.09
4415.56
4436.36
4458.47
4481.71
4505.82
4530.41
4555.38
4581.05
4608.03
4636.88
4667.96
4701.6
4744.53
4727.35
4781.61
4762.63
4826.85
4805.3
4873.06
4849.44
4931.07
4904.07
4998.04
4966.86
5064.61
5030.7
5151.91
5113.01
5252.69
5208.55
5369.25
5318.88
5506.05
5448.08
5673.08
5640.77
5608.45
5576.39
5860.44
5824.3
5762.77
5728.8
6038.91
6002.67
5927.77
5965.48
6152.82
6274
6237.23
6115.93
6364.49
6743.36
6857.65
6600.35
6461.1
6563.14
6709.38
7129.7
7258.97
6977.79
7103.72
7544.03
7687.67
7685.99
7393.55
7533.39
4132.42
4145.62
4159.02
4172.51
4186.1
4199.81
4213.66
4227.68
4241.89
4256.32
4270.99
4285.93
4301.18
4316.76
4332.72
4349.1
4365.99
4383.56
4402.09
4421.88
4442.94
4465.16
4488.36
4512.17
4536.31
4560.85
4586.25
4613.04
4641.51
4671.78
4711.97
4696.01
4746.7
4728.96
4784.79
4765.28
4830.36
4808.14
4878.31
4853.76
4937.22
4909.04
5005.31
4972.68
5075.65
5039.7
5165.61
5124.24
5270.05
5222.83
5391.95
5337.74
5544.57
5513.21
5482.24
5451.92
5694.68
5660.69
5626.86
5593.29
5889.76
5851.48
5788.09
5752.04
6078.18
6039.36
5959.67
5999.68
6198.55
6326.48
6286.74
6158.64
6421.87
6824.25
6945.41
6671.77
6523.44
6631.06
6787.06
7235.45
7372.94
7072.87
7206.62
7678.7
7830.88
7829.39
7516.3
7665.6
4138.77
4151.92
4165.27
4178.7
4192.24
4205.9
4219.71
4233.69
4247.86
4262.25
4276.88
4291.78
4306.97
4322.49
4338.37
4354.66
4371.51
4389.2
4408.01
4428.01
4449.12
4471.26
4494.2
4517.58
4541.26
4565.45
4590.62
4616.98
4644.59
4673.61
4712.83
4696.77
4748.03
4729.95
4787.08
4767.07
4832.73
4809.94
4882.26
4856.83
4941.77
4912.46
5010.69
4976.66
5084.65
5046.74
5177.18
5133.39
5285.31
5234.98
5422.16
5393.09
5364.47
5336.88
5560.08
5527.35
5495.15
5463.57
5716.08
5680.43
5645.08
5610.02
5919.42
5813.33
5878.95
5775.35
6118.06
6076.63
5992.12
6034.5
6245.15
6380.51
6337.6
6202.3
6481.08
6908.8
7037.22
6746.08
6587.91
6701.75
6868.1
7346.67
7493.07
7172.49
7314.69
7820.72
7982.77
7980.79
7645.88
7805.13
4145.06
4158.15
4171.43
4184.8
4198.28
4211.89
4225.64
4239.56
4253.68
4268.02
4282.6
4297.43
4312.55
4327.97
4343.72
4359.93
4376.86
4394.8
4413.79
4433.77
4454.74
4476.62
4499.18
4522.1
4545.39
4569.34
4594.07
4619.61
4646.04
4681.35
4666.87
4713.03
4696.79
4748.54
4730.26
4788.37
4767.91
4833.84
4810.57
4884.72
4858.52
4944.52
4914.15
5014.13
4978.71
5091.59
5051.78
5186.67
5140.51
5298.49
5245.25
5432.71
5402.48
5372.79
5343.91
5575.39
5541.29
5507.8
5474.99
5737.54
5700.21
5663.27
5626.67
5949.54
5838.77
5906.9
5798.88
6158.89
6114.8
6025.42
6070.2
6293.13
6436.4
6390.18
6247.38
6542.32
6997.04
7133.21
6823.52
6654.83
6775.44
6952.59
7463.66
7619.57
7277.01
7428.19
7970.41
8142.06
8139.57
7782.44
7952.02
4151.27
4164.28
4177.49
4190.79
4204.2
4217.75
4231.44
4245.3
4259.36
4273.63
4288.13
4302.88
4317.88
4333.16
4348.79
4365.05
4382.24
4400.33
4419.24
4439
4459.68
4481.22
4503.35
4525.9
4548.92
4572.44
4596.45
4620.93
4646.08
4681.06
4666.65
4712.69
4696.43
4748.28
4729.95
4788.57
4767.8
4833.59
4809.95
4885.55
4858.73
4945.36
4913.99
5015.71
4978.93
5096.56
5054.91
5194.36
5145.71
5321.61
5293.09
5237.79
5264.95
5442.97
5411.62
5380.87
5350.9
5590.57
5555.07
5520.22
5486.12
5759.21
5720.12
5681.52
5643.3
5980.41
5864.63
5935.43
5822.73
6200.95
6154.15
6059.65
6107.02
6342.75
6494.25
6444.59
6293.96
6605.75
7089.22
7233.92
6904.26
6724.68
6852.53
7040.98
7586.72
7752.65
7386.85
7547.45
8127.4
8307.72
8304.94
7925.91
8106.11
4157.39
4170.31
4183.45
4196.67
4210.01
4223.48
4237.09
4250.88
4264.86
4279.05
4293.46
4308.09
4322.95
4338.08
4353.73
4370.25
4387.63
4405.62
4424.2
4443.6
4463.94
4485.15
4506.95
4529.18
4551.78
4574.67
4597.77
4621.16
4652.17
4639.28
4680.32
4665.9
4711.8
4695.6
4747.27
4728.99
4787.68
4766.78
4831.8
4807.93
4884.64
4857.3
4944.41
4912.11
5015.4
4977.22
5099.66
5056.21
5211.3
5186.1
5148.37
5327.27
5297.69
5240.7
5268.76
5452.89
5420.38
5388.53
5357.51
5605.62
5568.62
5532.32
5496.85
5781.12
5740.16
5699.76
5659.78
6012.06
5890.95
5964.6
5846.9
6244.46
6194.84
6094.78
6144.99
6394.01
6554.28
6501.23
6342.16
6671.94
7186
7339.82
6988.93
6798.05
6933.57
7133.85
7716.02
7892.46
7502.11
7672.8
8291.19
8478.98
8476.31
8076.37
8267.12
4163.41
4176.24
4189.29
4202.43
4215.69
4229.07
4242.6
4256.31
4270.19
4284.28
4298.57
4313.05
4327.75
4342.86
4358.79
4375.59
4392.9
4410.52
4428.61
4447.58
4467.64
4488.58
4510.07
4531.9
4553.96
4576.06
4598.29
4620.6
4651.32
4638.58
4679.1
4664.82
4710.29
4694.24
4745.44
4727.32
4785.6
4764.8
4828.34
4804.36
4882.08
4854.21
4941.61
4908.48
5012.99
4973.59
5100.46
5055.25
5213.52
5187.27
5161.13
5135.6
5332.16
5301.58
5242.93
5271.8
5462.32
5428.59
5395.57
5363.45
5620.42
5581.78
5543.94
5506.99
5803.2
5760.21
5717.85
5675.97
6044.44
5917.69
5994.33
5871.29
6289.59
6236.96
6130.78
6184.07
6447.33
6617.13
6560.58
6392.36
6741.47
7287.79
7450.96
7077.94
6875.27
7018.58
7231.54
7851.83
8038.99
7623.26
7804.49
8461.53
8654.7
8652.44
8233.83
8435.02
4169.33
4182.07
4195.02
4208.07
4221.22
4234.51
4247.95
4261.56
4275.34
4289.3
4303.45
4317.77
4332.41
4347.79
4364.09
4380.92
4397.9
4414.98
4432.55
4451.16
4470.99
4491.66
4512.78
4534.13
4555.53
4576.92
4598.14
4625.47
4614.09
4650.07
4637.5
4677.36
4663.33
4708.05
4692.25
4742.65
4724.81
4782.21
4761.71
4823.4
4799.51
4877.8
4849.47
4937.07
4903.21
5007.84
4967.49
5110.78
5087.33
5051.14
5214.98
5187.84
5160.37
5134.14
5336.12
5304.5
5244.15
5273.83
5471.07
5436.02
5401.77
5368.5
5634.77
5594.37
5554.84
5516.3
5825.31
5780.11
5735.6
5691.64
6077.49
5944.79
6024.55
5895.76
6336.56
6280.5
6167.57
6224.17
6503.05
6683
6622.71
6444.67
6814.55
7394.75
7567.84
7171.4
6956.23
7107.68
7334.25
7994.33
8192.43
7750.82
7942.78
8637.89
8833.47
8832.01
8398.25
8609.73
4175.14
4187.76
4200.61
4213.55
4226.61
4239.79
4253.13
4266.63
4280.29
4294.11
4308.1
4322.34
4337.21
4353.03
4369.47
4386.06
4402.54
4419.07
4436.26
4454.66
4474.23
4494.56
4515.25
4536.07
4556.81
4577.19
4597.1
4624.33
4613.07
4648.43
4636.1
4675.06
4661.38
4704.96
4689.56
4738.76
4721.32
4777.62
4757.46
4817.09
4793.4
4871.91
4843.21
4930.42
4896.13
5011.93
4991.07
4958.02
5108.93
5084.83
5034.2
5057.11
5215.43
5187.57
5158.3
5131.56
5338.93
5306.27
5244.17
5274.66
5478.9
5442.47
5406.92
5372.45
5648.44
5606.13
5564.8
5524.57
5847.29
5799.67
5752.78
5706.55
6111.08
5972.11
6055.02
5920.16
6385.32
6325.42
6205.15
6265.32
6561.16
6751.92
6687.64
6498.88
6891.2
7507.33
7691.15
7269.66
7041.04
7201.48
7442.32
8143.68
8353.04
7884.89
8087.98
8818.96
9015.56
9014.65
8569.74
8790.41
4180.81
4193.33
4206.06
4218.89
4231.83
4244.91
4258.13
4271.5
4285.03
4298.71
4312.59
4326.99
4342.33
4358.41
4374.72
4390.88
4406.83
4423
4440.04
4458.28
4477.58
4497.5
4517.71
4537.82
4557.51
4576.62
4600.85
4590.56
4622.71
4611.6
4646.29
4634.25
4672.15
4658.89
4701.02
4686.15
4733.8
4716.85
4771.84
4752.07
4809.79
4786.25
4864.58
4835.82
4920.98
4886.71
5006.74
4985.67
4958.42
4939.08
5105.89
5081.2
5029.05
5052.37
5214.69
5186.07
5154.98
5127.8
5340.42
5306.7
5242.88
5274.16
5485.59
5447.71
5410.81
5375.09
5661.18
5616.83
5573.58
5531.57
5868.97
5818.7
5769.16
5720.46
6145.12
5999.33
6085.42
5944.2
6435.66
6371.65
6243.34
6307.46
6621.84
6824.11
6755.42
6555.05
6971.64
7626.1
7820.98
7373.16
7130.35
7300.34
7556.33
8300.26
8520.74
8025.78
8240.42
9003.75
9202.13
9201.41
8748.07
8976.26
4186.36
4198.75
4211.36
4224.07
4236.89
4249.84
4262.94
4276.19
4289.58
4303.13
4317.11
4331.96
4347.67
4363.71
4379.67
4395.31
4410.88
4426.92
4443.94
4462.05
4481.03
4500.46
4519.87
4538.92
4557.4
4575.03
4599.32
4589.23
4620.62
4609.78
4643.59
4631.88
4668.6
4655.81
4696.28
4682.05
4727.78
4711.45
4764.92
4745.52
4801.61
4778.3
4855.55
4827.27
4920.53
4903.06
4874.56
5000.42
4979.03
4951.26
4931.88
5101.73
5076.65
5022.88
5046.46
5212.67
5183.33
5150.51
5122.92
5340.44
5305.72
5240.21
5272.28
5490.96
5451.57
5413.28
5376.26
5672.78
5626.26
5581
5537.13
5890.07
5836.86
5784.49
5733.13
6179.24
6026.12
6115.43
5967.63
6487.41
6418.95
6281.59
6350.28
6684.93
6899.77
6826
6613.12
7056.2
7751.35
7957.34
7482.31
7224.3
7404.42
7676.74
8464.14
8695.6
8173.96
8400.57
9192.49
9393.73
9392.89
8932.9
9167.31
4191.76
4204.02
4216.5
4229.07
4241.77
4254.6
4267.57
4280.68
4293.94
4307.53
4321.91
4337.2
4352.96
4368.72
4384.17
4399.38
4414.78
4430.84
4447.86
4465.78
4484.28
4502.9
4521.29
4539.21
4556.41
4572.67
4597.51
4587.67
4618.15
4607.66
4640.32
4629.02
4664.37
4652.08
4690.77
4677.22
4720.89
4705.23
4757.16
4738.09
4792.46
4769.66
4844.46
4817.29
4913.46
4896.07
4856.32
4871.63
4993.22
4971.73
4943.23
4923.87
5096.49
5071.04
5015.8
5039.51
5209.31
5179.36
5144.79
5116.88
5338.9
5303.27
5236.15
5269
5494.83
5453.91
5414.19
5375.83
5683
5634.22
5586.87
5541.08
5910.29
5853.88
5798.49
5744.36
6212.93
6052.23
6144.71
5990.16
6540.48
6467.21
6319.71
6393.54
6750.41
6978.99
6899.46
6673.16
7144.73
7883.01
8100.95
7597.6
7322.79
7514.02
7803.35
8635.35
8878.05
8330.05
8568.1
9385.26
9590.68
9589.67
9124.1
9363.43
4197
4209.13
4221.46
4233.9
4246.46
4259.16
4272
4284.99
4298.24
4312.15
4327
4342.43
4357.98
4373.26
4388.23
4403.18
4418.54
4434.64
4451.55
4469.07
4486.85
4504.56
4521.92
4538.69
4554.61
4574.76
4585.9
4565.91
4595.46
4615.4
4605.29
4636.61
4625.83
4659.48
4647.82
4684.52
4671.65
4713.39
4698.32
4748.87
4730.14
4782.15
4760.33
4831.43
4805.74
4905.52
4888.12
4848.85
4863.69
4985.18
4963.66
4934.42
4915.13
5090.12
5064.33
5007.81
5031.61
5204.52
5174.03
5137.89
5109.7
5335.76
5299.3
5230.73
5264.29
5497.04
5454.57
5413.46
5373.79
5691.67
5640.54
5591.03
5543.28
5929.33
5869.51
5810.95
5753.92
6246.07
6077.38
6173.1
6011.47
6594.95
6516.26
6357.57
6437.03
6818.11
7061.6
6975.72
6734.87
7237.1
8021.65
8252.51
7718.81
7426.11
7629.22
7936.55
8814.45
9067.56
8493.81
8743.4
9582.61
9793.81
9792.81
9321.37
9564.16
4202.09
4214.06
4226.25
4238.55
4250.97
4263.54
4276.26
4289.2
4302.69
4317.07
4332.13
4347.42
4362.54
4377.3
4391.9
4406.73
4422.09
4438.11
4454.71
4471.65
4488.65
4505.44
4521.78
4537.4
4551.99
4583.88
4572.82
4564.14
4593.18
4612.42
4602.69
4632.64
4622.4
4654.15
4643.21
4677.72
4665.58
4705.5
4690.89
4740.2
4721.89
4770.8
4750.23
4827.22
4814.43
4792.84
4896.91
4879.74
4840.78
4855.22
4976.31
4954.81
4924.91
4905.7
5082.66
5056.59
4998.97
5022.82
5198.42
5167.43
5129.87
5101.41
5331.05
5293.76
5223.94
5258.1
5497.43
5453.43
5411.02
5370.16
5698.59
5645.05
5593.37
5543.62
5946.87
5883.47
5821.61
5761.59
6278.43
6101.41
6200.2
6031.31
6650.41
6565.41
6394.65
6480.02
6887.78
7147.56
7054.59
6797.79
7333.75
8168.04
8411.88
7845.9
7534.59
7749.81
8076.86
9001.33
9263.83
8665.22
8927.23
9785.77
10002.6
10002.6
9524.63
9769.12
4207
4218.81
4230.85
4243
4255.29
4267.75
4280.4
4293.51
4307.42
4322.08
4337.06
4351.97
4366.56
4380.87
4395.25
4410.02
4425.3
4441.08
4457.22
4473.52
4489.72
4505.6
4520.92
4535.4
4548.89
4581.68
4570.71
4562.24
4590.7
4609.22
4599.88
4628.47
4618.75
4648.61
4638.4
4670.69
4659.27
4697.43
4683.27
4731.07
4713.4
4758.58
4739.46
4819.23
4806.9
4777.28
4787.96
4887.67
4870.83
4832.31
4846.29
4966.68
4945.25
4914.7
4895.64
5074.09
5047.86
4989.29
5013.09
5191.08
5159.68
5120.6
5091.93
5324.68
5286.55
5215.58
5250.27
5495.93
5450.35
5406.73
5364.81
5703.53
5647.52
5593.62
5541.87
5962.61
5895.42
5830.12
5766.96
6309.48
6123.75
6225.28
6049.21
6706.34
6614.49
6426.49
6522.2
6958.88
7236.77
7135.46
6861.58
7434.62
8322.17
8579.01
7979.45
7647.7
7875.54
8224.66
9195.66
9466.64
8845.21
9119.14
9996.7
10215
10218.6
9732.77
9981.42
4211.72
4223.37
4235.24
4247.26
4259.44
4271.82
4284.58
4298.06
4312.28
4326.92
4341.58
4355.98
4370.08
4384.07
4398.33
4412.98
4428.05
4443.47
4459.09
4474.71
4490.11
4505.09
4519.39
4532.83
4550.11
4560.19
4542.33
4579.32
4568.44
4588.05
4605.86
4596.9
4624.14
4614.94
4642.98
4633.45
4663.67
4652.92
4689.33
4675.69
4721.42
4704.64
4770.18
4753.65
4744.52
4728.15
4810.9
4799.1
4780.43
4877.86
4861.43
4823.47
4836.99
4956.24
4934.93
4903.84
4885.03
5064.42
5038.12
4978.74
5002.48
5182.32
5150.62
5110.02
5081.2
5316.55
5277.65
5205.66
5240.77
5492.38
5445.25
5400.43
5357.55
5706.08
5647.56
5591.41
5537.64
5976.14
5904.9
5835.98
5769.62
6333.5
6143.44
6245.74
6061.13
6762.47
6661.34
6469.54
6562.07
7031.02
7329.21
7216.69
6924.03
7539.18
8484.11
8754.39
8119.41
7764.97
8006.82
8380.23
9396.95
9675.9
9033.88
9318.34
10215.9
10426.9
10441.8
9947.81
10201.8
4216.24
4227.72
4239.44
4251.33
4263.43
4275.88
4288.96
4302.76
4317.03
4331.4
4345.58
4359.47
4373.16
4386.97
4401.09
4415.55
4430.32
4445.3
4460.35
4475.27
4489.88
4503.96
4517.32
4529.78
4558.05
4548.14
4540.47
4576.8
4566.08
4585.25
4602.37
4593.78
4619.72
4611.02
4637.38
4628.48
4656.81
4646.68
4681.23
4668.25
4711.41
4695.7
4763.07
4746.79
4737.98
4715.63
4723.5
4802.31
4791.07
4772.78
4867.63
4851.65
4814.32
4827.34
4945.03
4923.89
4892.51
4874.05
5053.66
5027.43
4967.36
4990.95
5172.11
5140.22
5098.13
5069.25
5306.39
5266.86
5194.07
5229.5
5486.4
5437.81
5391.83
5348.1
5705.91
5644.87
5586.47
5530.59
5982.65
5908.8
5837.65
5769.1
6336.41
6163.55
6250.59
6088.59
6816.12
6717.17
6456.55
6576.64
7101.33
7424.14
7304.77
6993.46
7647.01
8654.67
8938.7
8266.58
7886.92
8144.64
8544.08
9605.77
9892.17
9230.04
9525.44
10445.5
10625.3
10678.1
10170.1
10431.9
4220.55
4231.85
4243.43
4255.24
4267.4
4280.12
4293.51
4307.39
4321.44
4335.38
4349.06
4362.49
4375.92
4389.57
4403.5
4417.7
4432.09
4446.58
4461.02
4475.24
4489.06
4502.3
4514.83
4526.56
4555.88
4546.11
4538.6
4574.18
4563.69
4582.35
4598.79
4590.56
4615.3
4607.05
4631.91
4623.55
4650.19
4640.65
4673.19
4660.99
4701.14
4686.67
4755.78
4739.91
4731.61
4709.8
4717.43
4793.54
4782.87
4765
4857.09
4841.55
4804.97
4817.42
4933.16
4912.28
4880.75
4862.75
5041.78
5015.72
4955.22
4978.52
5160.39
5128.44
5084.75
5056.02
5293.83
5253.87
5180.59
5216.19
5477.56
5427.56
5380.5
5336.08
5703.25
5640.22
5580.1
5522.57
5977.86
5905.38
5835.1
5766.74
6334.92
6172.77
6249.18
6077.17
6837.82
6705.75
6454.79
6575.51
7131
7524.72
7296.07
6982.71
7761.12
8833.96
9131.42
8422.13
8015.25
8288.77
8721.34
9821.92
10116.6
9434.21
9740.31
10692.9
10872
10966.6
10400.4
10677.4
4224.62
4235.76
4247.25
4259.1
4271.49
4284.51
4298.02
4311.74
4325.41
4338.86
4352.05
4365.15
4378.39
4391.85
4405.53
4419.4
4433.37
4447.33
4461.14
4474.67
4487.74
4500.24
4512.05
4523.1
4536.7
4553.67
4544.05
4571.54
4561.27
4579.43
4595.23
4587.33
4610.95
4603.11
4626.67
4618.77
4643.86
4634.88
4665.29
4653.97
4690.92
4677.67
4748.39
4733
4725.16
4704.18
4711.35
4784.66
4774.56
4757.09
4846.23
4831.14
4795.49
4807.32
4920.63
4900.1
4868.55
4851.1
5028.82
5003.04
4942.33
4965.2
5146.92
5115.03
5069.81
5041.39
5278.85
5238.44
5165.15
5200.72
5468.29
5417.4
5368.44
5321.65
5700.56
5637.06
5576.59
5518.86
5976.36
5903.9
5833.64
5765.28
6333.59
6171.8
6247.89
6075.36
6836.8
6703.95
6453.33
6574.26
7130.01
7519.28
7294.38
6980.87
7757.85
9021.23
9332.07
8585.76
8014.54
8290.73
8903.75
10046.6
10349.2
9647.55
9963.79
10975
11858.4
11393.1
10643.1
10945.6
4228.44
4239.46
4250.98
4263.06
4275.74
4288.9
4302.3
4315.68
4328.89
4341.84
4354.65
4367.53
4380.57
4393.79
4407.17
4420.65
4434.15
4447.56
4460.77
4473.63
4486.03
4497.86
4509.04
4519.48
4534.76
4532.77
4551.43
4541.95
4568.9
4558.85
4576.54
4591.76
4584.16
4606.79
4599.31
4621.7
4614.23
4637.86
4629.45
4657.63
4647.24
4686.34
4698.35
4680.26
4668.82
4740.97
4726.06
4718.66
4705.24
4775.7
4766.14
4749.15
4835.07
4820.47
4785.93
4797.12
4907.4
4887.35
4856.03
4839.18
5014.63
4989.29
4928.62
4950.95
5131.58
5099.87
5053.16
5025.3
5263.28
5221.82
5147.59
5183.13
5464.66
5414.07
5346.96
5305.1
5699.11
5635.6
5575.14
5517.41
5975.05
5902.63
5832.4
5764.03
6332.47
6170.71
6246.75
6073.94
6835.54
6702.46
6452.11
6573.11
7128.74
7517.6
7292.81
6979.33
7756.13
9219.97
9542.88
8592.39
8012.8
8289
9083.79
8846.52
10280.3
10592.2
9869.63
10198.1
11310.1
12719.3
11858.8
10902.8
11245.1
4231.98
4243.03
4254.78
4267.17
4280.02
4293.1
4306.21
4319.16
4331.87
4344.42
4356.97
4369.63
4382.44
4395.37
4408.4
4421.46
4434.48
4447.35
4459.96
4472.2
4483.99
4495.22
4505.85
4515.84
4530.75
4528.79
4539.82
4549.18
4566.27
4556.42
4573.68
4588.4
4581.06
4602.85
4595.67
4617.09
4609.97
4632.28
4624.42
4650.35
4640.91
4692.72
4681.21
4675.32
4660.45
4733.58
4719.14
4712.16
4699.19
4766.7
4757.67
4741.29
4823.69
4809.65
4776.36
4786.93
4893.54
4874.16
4843.22
4827.05
4999.15
4974.43
4914.1
4935.74
5114.13
5082.75
5034.67
5007.63
5256.47
5199.68
5129.54
5164.7
5463.24
5412.7
5351.21
5296.82
5697.88
5634.39
5573.94
5516.22
5973.94
5901.6
5831.34
5763.03
6169.68
6072.82
6834.33
6701.18
7127.44
7515.99
7291.47
6978.05
7754.47
9428.83
9767.04
8590.54
8011.09
8287.29
9097.28
8843.79
10524.4
10848
10104.5
10442.2
11669.9
13664.5
12338.3
11184
11568.3
4235.31
4246.63
4258.74
4271.33
4284.15
4296.98
4309.68
4322.15
4334.44
4346.7
4359.02
4371.44
4383.96
4396.57
4409.22
4421.85
4434.38
4446.72
4458.77
4470.44
4481.66
4492.37
4502.54
4512.17
4526.82
4524.88
4537.68
4535.59
4546.89
4563.65
4553.96
4570.86
4585.15
4578.03
4599.12
4592.18
4612.83
4605.98
4627.15
4619.81
4643.5
4635.03
4687.18
4676.18
4670.69
4652.21
4665.98
4656.77
4726.24
4712.31
4705.72
4693.24
4757.75
4749.29
4733.5
4812.2
4798.81
4766.84
4776.8
4879.15
4860.59
4830.19
4814.81
4982.29
4958.42
4898.83
4919.52
5095.29
5063.62
5014.96
4988.33
5202.44
5255.1
5120.94
5155.54
5462.06
5411.56
5349.93
5295.24
5696.85
5633.4
5572.96
5515.23
7514.57
7752.97
9630.07
9373.32
9999.02
8588.7
8009.56
8285.76
9095.39
8841.57
10778.6
11118.1
10358.3
10697
12037.4
14601.7
12825.2
11481.3
11896.6
4238.61
4250.41
4262.8
4275.41
4288
4300.45
4312.69
4324.73
4336.7
4348.71
4360.78
4372.92
4385.14
4397.4
4409.66
4421.85
4433.89
4445.71
4457.23
4468.38
4479.1
4489.35
4499.13
4508.51
4522.91
4520.99
4533.53
4531.49
4544.62
4542.4
4561.02
4551.55
4568.05
4581.98
4575.05
4595.55
4588.82
4608.82
4602.2
4622.37
4615.49
4637.16
4648.4
4629.59
4681.79
4671.22
4661.55
4652.81
4719
4705.58
4699.37
4687.46
4748.92
4741.01
4725.84
4800.71
4788.03
4757.4
4766.74
4864.24
4846.69
4816.98
4802.55
4964
4941.17
4882.8
4902.27
5072.9
5043.41
4992.59
4967.43
5201.21
5253.99
5119.6
5074.38
5154.02
5461.11
5410.62
5348.85
5294
9649.07
9370.33
10224.6
9948.29
8587.05
9093.44
8839.77
11042.5
11396.5
10614.5
10960.3
12398.3
15632.3
13317.2
11780.2
12211.3
4242.12
4254.35
4266.84
4279.25
4291.49
4303.48
4315.28
4326.99
4338.7
4350.44
4362.24
4374.09
4385.98
4397.87
4409.72
4421.46
4433.03
4444.36
4455.39
4466.05
4476.32
4486.18
4495.68
4504.92
4519.06
4517.21
4529.46
4527.46
4540.24
4538.1
4549.2
4558.45
4565.32
4578.89
4572.14
4592.08
4585.53
4604.93
4598.53
4617.79
4611.32
4631.14
4641.29
4644.83
4624.4
4676.51
4666.42
4657.27
4648.91
4711.89
4699.02
4693.2
4681.85
4740.29
4732.89
4718.34
4789.27
4777.3
4748.18
4756.86
4848.72
4832.41
4803.52
4790.21
4944.26
4922.69
4865.88
4883.94
5033.26
4992.65
4945.73
5200.16
5253.07
5118.53
5073.14
5152.84
5347.95
5293.05
9646.88
9367.89
10252.1
9945.27
9091.65
11309.7
11674.3
10866.1
10579.9
11237
12736.2
16543.6
13833.9
12067.1
12496.8
4245.94
4258.38
4270.71
4282.77
4294.55
4306.11
4317.56
4328.98
4340.42
4351.89
4363.39
4374.93
4386.48
4397.99
4409.43
4420.73
4431.84
4442.7
4453.26
4463.49
4473.36
4482.9
4492.21
4501.38
4515.35
4513.57
4525.49
4523.58
4535.99
4533.91
4546.92
4544.68
4555.97
4562.68
4575.91
4569.34
4588.74
4582.38
4601.17
4595
4613.32
4607.27
4637.92
4634.59
4628.28
4625.28
4645.12
4619.35
4671.36
4661.8
4653.07
4704.95
4692.69
4687.23
4676.35
4731.89
4724.97
4711.02
4777.88
4766.72
4739.22
4747.26
4832.45
4817.64
4789.71
4777.73
4923.41
4903.11
4847.99
4864.58
5031.91
4945.17
4991.41
5199.3
5117.66
5072.1
5151.92
9644.7
9365.95
10249.4
9942.75
11575.6
11941.5
11111.3
10820
10576.8
11503.4
13059.3
17526
14346.6
12328
12748.4
4249.98
4262.33
4274.29
4285.88
4297.22
4308.42
4319.57
4330.71
4341.86
4353.04
4364.24
4375.45
4386.63
4397.76
4408.79
4419.66
4430.33
4440.75
4450.89
4460.72
4470.25
4479.56
4488.72
4497.86
4511.76
4510.03
4521.71
4519.9
4531.89
4529.94
4542.49
4540.34
4553.56
4551.22
4560.14
4573.07
4566.65
4585.58
4579.39
4597.59
4591.65
4609.05
4603.39
4641.45
4637.85
4631.33
4625.35
4622.52
4648.97
4614.54
4666.38
4657.29
4698.25
4686.51
4681.38
4671
4723.7
4717.25
4703.92
4766.55
4756.35
4730.51
4737.9
4815.37
4802.29
4775.57
4765.11
4903.12
4883.44
4829
4844.5
5030.83
4902.68
4943.95
4990.4
5071.25
9642.73
10246.9
9940.71
11832.6
12185.3
11143.7
10815.8
10574.2
11756.6
11484.6
13345.7
18699.4
14975.4
12551.1
12953.2
4254.09
4266.04
4277.49
4288.61
4299.57
4310.44
4321.3
4332.15
4343.01
4353.89
4364.77
4375.64
4386.46
4397.2
4407.82
4418.28
4428.53
4438.54
4448.28
4457.76
4467.03
4476.14
4485.19
4494.29
4508.26
4506.55
4518.11
4516.36
4528.05
4526.22
4538.26
4536.26
4548.93
4546.7
4557.69
4570.36
4564.07
4582.58
4576.54
4594.18
4588.46
4605
4599.7
4644.98
4641.08
4634.31
4628.14
4622.46
4619.8
4652.85
4610.01
4617.22
4661.54
4691.73
4680.45
4675.68
4665.8
4715.71
4709.73
4697.03
4755.26
4746.16
4721.97
4728.69
4797.25
4786.45
4761.17
4752.33
4872.99
4809.87
4842.82
5029.98
4901.49
4942.94
4989.56
10244.7
12067.2
12392.7
11139.8
10812.6
10572.1
11989.9
11733.7
11479.3
13598.2
19740.9
15603.2
12724
13098.4
4258.04
4269.39
4280.3
4291.01
4301.62
4312.2
4322.75
4333.31
4343.87
4354.44
4364.99
4375.51
4385.97
4396.33
4406.55
4416.61
4426.46
4436.08
4445.46
4454.65
4463.69
4472.63
4481.57
4490.62
4504.78
4503.08
4514.63
4512.92
4524.43
4522.69
4534.35
4532.51
4544.56
4542.53
4555.3
4552.99
4567.76
4561.58
4579.71
4573.81
4590.96
4585.44
4601.23
4596.24
4648.51
4644.27
4637.24
4630.85
4625.02
4619.66
4656.74
4605.87
4614.69
4612.35
4685.3
4674.48
4670.11
4660.63
4707.86
4702.4
4690.22
4743.91
4736.01
4713.5
4719.44
4779.49
4770.33
4746.54
4739.29
4871.72
4807.52
4841.66
4900.49
4942.14
12266.6
12550.6
11136.7
10810.1
12189.4
11963.6
11727.1
11475.5
13855.9
20501.4
16106.9
12834.3
13199.4
4261.62
4272.31
4282.77
4293.11
4303.4
4313.67
4323.92
4334.18
4344.44
4354.68
4364.9
4375.07
4385.16
4395.14
4404.98
4414.65
4424.12
4433.38
4442.47
4451.4
4460.22
4469.01
4477.84
4486.9
4501.3
4499.62
4511.22
4509.53
4520.99
4519.32
4530.73
4529.01
4540.59
4538.75
4550.79
4548.72
4559.19
4565.28
4577.01
4571.22
4587.97
4582.6
4597.82
4593.06
4652.02
4647.4
4640.09
4633.47
4627.48
4622.01
4616.98
4602.17
4610.07
4607.98
4614.47
4678.92
4668.56
4664.57
4655.52
4700.07
4695.15
4683.39
4732.37
4725.74
4705
4710.05
4764.05
4783.22
4754.27
4731.08
4725.97
4870.71
4806.34
4840.7
4899.69
12417.2
12647.2
11134.2
12339.7
12161.5
11955.6
11722.6
11472.8
14063.5
21073
16480.4
12881.1
13247.3
4264.7
4274.86
4284.91
4294.92
4304.89
4314.85
4324.81
4334.76
4344.7
4354.62
4364.51
4374.32
4384.05
4393.67
4403.14
4412.43
4421.54
4430.49
4439.3
4447.98
4456.61
4465.24
4473.98
4500.09
4482.94
4507.82
4506.11
4517.66
4516.01
4527.34
4525.71
4536.98
4535.29
4546.76
4544.92
4556.93
4554.81
4562.94
4574.52
4568.82
4585.28
4580.02
4594.85
4590.24
4650.5
4642.85
4635.99
4629.81
4624.23
4619.14
4599.02
4605.97
4604.19
4612.09
4609.87
4616.46
4672.55
4662.6
4659.05
4692.12
4687.81
4676.49
4720.55
4715.25
4696.31
4700.41
4761.83
4782.15
4738.56
4716.56
4712.46
4869.91
4805.39
4839.92
12506.1
12674.7
12426.8
12311.4
12152.3
11950.5
11719.6
14179.7
21376.2
16677.7
12862.8
13216.2
4267.31
4277.05
4286.75
4296.43
4306.09
4315.75
4325.4
4335.05
4344.67
4354.27
4363.81
4373.28
4382.66
4391.91
4401.01
4409.96
4418.75
4427.41
4435.95
4444.4
4452.83
4461.3
4469.91
4496.26
4510.98
4509.29
4478.74
4514.36
4512.69
4524.11
4522.52
4533.66
4532.08
4543.17
4541.51
4552.84
4551
4560.78
4572.27
4566.61
4582.92
4577.72
4592.35
4587.81
4653.58
4645.55
4638.4
4632.03
4626.32
4621.16
4596.44
4602.5
4601.06
4607.8
4605.92
4613.94
4611.6
4618.29
4666.1
4656.63
4683.91
4680.3
4669.49
4708.46
4704.45
4687.3
4690.44
4760.64
4735.77
4781.24
4703.72
4717.57
4698.7
4804.6
12523.9
12629.2
12440
12398
12301
12146.6
11947.3
14177
21275.6
16581.4
12768.6
13094
4269.54
4278.92
4288.29
4297.65
4307.01
4316.36
4325.71
4335.04
4344.35
4353.62
4362.83
4371.95
4380.98
4389.88
4398.63
4407.26
4415.75
4424.13
4432.41
4440.64
4448.87
4457.16
4465.6
4492.24
4507.48
4505.72
4517.73
4516.09
4474.21
4520.93
4519.34
4530.55
4529.04
4539.93
4538.43
4549.28
4547.67
4558.79
4556.96
4570.26
4564.61
4580.89
4575.7
4590.33
4585.78
4648.19
4640.71
4634.11
4628.26
4623.02
4594.44
4599.7
4598.59
4604.21
4602.69
4609.44
4607.48
4615.62
4613.16
4619.95
4659.61
4650.74
4675.56
4672.66
4662.42
4696.27
4693.4
4678.13
4680.33
4759.67
4734.62
4780.49
4701.01
4716.45
4685.95
12465
12507
12373.2
12409.6
12386.6
12294.7
12143.1
13993.4
20506.7
16012.8
12592.7
12859.3
4271.42
4280.47
4289.53
4298.58
4307.64
4316.69
4325.73
4334.75
4343.74
4352.68
4361.56
4370.35
4379.02
4387.58
4396.02
4404.34
4412.54
4420.64
4428.68
4436.68
4444.69
4452.78
4460.98
4506.16
4487.83
4514.38
4512.6
4524.52
4522.96
4469.31
4527.53
4526.03
4536.97
4535.55
4546.15
4544.73
4555.28
4553.73
4562.8
4568.47
4579.18
4573.94
4588.75
4584.13
4642.91
4636.05
4630.04
4624.72
4592.98
4597.57
4596.78
4601.36
4600.21
4605.72
4604.17
4610.9
4608.86
4617.11
4614.51
4621.42
4653.2
4645.02
4667.2
4664.98
4655.45
4684.06
4682.28
4668.97
4670.3
4758.91
4733.69
4685.89
4699.83
4715.53
4674.79
12328.6
12309.1
12226.6
12340.4
12397.7
12380
12291
13567.1
18726.2
14769
12334.5
12495.6
4272.98
4281.72
4290.47
4299.22
4307.98
4316.73
4325.46
4334.17
4342.84
4351.46
4360.01
4368.46
4376.81
4385.05
4393.18
4401.19
4409.11
4416.95
4424.73
4432.49
4440.28
4448.12
4456.03
4501.89
4517.82
4515.96
4483.04
4521.34
4519.63
4531.36
4529.9
4464.01
4534.15
4532.76
4543.37
4542.06
4552.3
4550.98
4561.16
4559.68
4566.89
4577.77
4572.44
4587.6
4582.84
4637.86
4631.66
4626.23
4592
4596.06
4595.57
4599.24
4598.44
4602.83
4601.68
4607.05
4605.47
4612.15
4610.03
4618.4
4615.65
4622.69
4646.99
4639.54
4658.92
4657.4
4648.71
4671.7
4671.29
4659.93
4660.45
4732.94
4684.78
4672.14
4698.89
4714.78
12119.1
12043
12006.3
12191.4
12328.4
12390.8
12376.1
12826.8
15281.9
12777.1
11994.2
11988
4274.24
4282.67
4291.12
4299.58
4308.03
4316.48
4324.91
4333.31
4341.67
4349.97
4358.18
4366.31
4374.34
4382.27
4390.1
4397.83
4405.47
4413.05
4420.56
4428.07
4435.6
4443.14
4450.71
4497.27
4513.94
4511.92
4525.07
4523.28
4477.79
4528.38
4526.77
4538.24
4536.91
4458.28
4540.78
4539.51
4549.74
4548.55
4558.36
4557.16
4565.5
4576.63
4571.16
4586.83
4581.87
4633.11
4627.56
4591.49
4595.15
4594.97
4597.79
4597.32
4600.73
4599.96
4604.11
4602.98
4608.17
4606.56
4613.18
4610.98
4619.48
4616.57
4623.77
4641.05
4634.4
4650.91
4650.06
4642.27
4660.58
4660.52
4651.21
4650.91
4683.86
4670.96
4659.52
4698.15
11846.2
11716.2
11724.6
11970.3
12179.8
12321.4
12386.9
11833.4
10425.9
10739.8
11578
11367.4
4275.2
4283.34
4291.49
4299.65
4307.81
4315.95
4324.08
4332.17
4340.22
4348.2
4356.09
4363.91
4371.64
4379.27
4386.8
4394.24
4401.61
4408.9
4416.16
4423.39
4430.62
4437.82
4445
4512.13
4492.12
4521.38
4519.37
4532.44
4530.75
4472.06
4535.5
4534.02
4545.16
4543.98
4452.1
4547.41
4546.29
4556.05
4555.02
4564.3
4563.24
4575.75
4570.11
4586.41
4581.19
4628.7
4595.77
4591.37
4596.99
4596.83
4599.36
4598.94
4602.04
4601.31
4605.2
4604.07
4609.07
4607.44
4613.97
4611.7
4620.34
4617.26
4624.65
4635.49
4629.64
4643.33
4643.07
4636.25
4650.7
4649.46
4642.98
4641.94
4683.12
4670.03
4658.41
4647.95
11522.7
11339.8
11396.4
11690.9
11959.6
12173
12317.5
10808.5
9795.12
9864.5
11103.8
10717.3
4275.86
4283.71
4291.57
4299.44
4307.3
4315.15
4322.98
4330.77
4338.5
4346.16
4353.75
4361.27
4368.69
4376.03
4383.27
4390.43
4397.51
4404.53
4411.5
4418.44
4425.32
4432.15
4438.89
4507.07
4524.93
4522.71
4486.39
4528.95
4527.02
4539.92
4538.36
4465.82
4542.72
4541.37
4552.14
4551.12
4445.46
4554.05
4553.1
4562.3
4561.46
4569.22
4575.07
4586.28
4580.76
4596.03
4598.8
4598.57
4591.59
4598.68
4598.58
4600.77
4600.41
4603.17
4602.48
4606.07
4604.96
4609.73
4608.07
4614.53
4612.17
4620.99
4617.72
4625.3
4630.35
4636.26
4636.55
4630.7
4639.84
4635.3
4633.63
4669.28
4657.5
4646.78
4637.08
11163.4
10928.6
11032.6
11367.5
11681.6
11953.3
12169.2
10062.1
9454.68
9463.43
10608.8
10150.5
4276.24
4283.8
4291.37
4298.95
4306.52
4314.08
4321.61
4329.09
4336.51
4343.88
4351.17
4358.38
4365.51
4372.55
4379.51
4386.39
4393.17
4399.9
4406.58
4413.18
4419.7
4426.11
4432.36
4522.73
4501.36
4532.83
4530.6
4480.08
4536.69
4534.86
4547.55
4546.14
4459.06
4550.03
4548.84
4559.17
4558.34
4438.37
4560.68
4559.94
4568.48
4567.86
4574.56
4586.37
4580.53
4599.04
4596.66
4599.52
4600.64
4600.35
4592.08
4600.23
4600.22
4602
4601.72
4604.09
4603.45
4606.7
4605.62
4610.14
4608.46
4614.85
4612.38
4621.39
4617.92
4625.68
4629.74
4630.54
4625.67
4631.66
4628.21
4625.97
4656.77
4645.85
4635.94
4629.67
10782.2
10502.9
10646.6
10863.1
10902.8
11360
11675.9
11949.6
9556.67
9148.33
9143.25
10140.7
9677.41
4276.34
4283.61
4290.9
4298.19
4305.47
4312.74
4319.96
4327.15
4334.28
4341.34
4348.34
4355.26
4362.1
4368.85
4375.52
4382.1
4388.6
4395.03
4401.37
4407.62
4413.75
4419.71
4425.43
4517.05
4536.36
4533.82
4494.98
4540.91
4538.74
4473.18
4544.6
4542.87
4555.33
4554.1
4451.77
4557.44
4556.44
4566.25
4565.65
4430.82
4567.31
4566.8
4574.2
4586.66
4580.47
4601.05
4597.62
4600.67
4599.99
4601.61
4602.38
4601.97
4592.77
4601.63
4601.72
4603.04
4602.85
4604.79
4604.22
4607.09
4606.03
4610.3
4608.58
4614.89
4612.31
4621.5
4617.8
4623.8
4625.1
4621.18
4624.32
4621.69
4618.45
4645.12
4635.02
4628.55
4623.23
10390.7
10087.6
10516.3
10268.6
10457.2
10898.6
11355.3
11672.6
9173.65
8847.03
8837.12
9715.25
9264.22
4276.15
4283.15
4290.16
4297.16
4304.16
4311.13
4318.06
4324.95
4331.79
4338.57
4345.27
4351.9
4358.45
4364.91
4371.29
4377.57
4383.77
4389.88
4395.88
4401.75
4407.45
4412.93
4418.1
4533.54
4510.6
4544.78
4542.22
4487.92
4549.2
4547.1
4465.7
4552.7
4551.07
4563.29
4562.25
4444
4564.97
4564.19
4573.39
4573.05
4422.86
4573.93
4573.67
4587.06
4580.51
4602.93
4602.98
4598.78
4603.03
4602.27
4603.62
4603.99
4603.45
4593.58
4602.86
4603.07
4603.89
4603.79
4605.26
4604.75
4607.22
4606.19
4610.16
4608.42
4614.6
4611.89
4617.22
4618.47
4620.23
4617.89
4615.84
4612.17
4634.3
4627.64
4622.15
4615.82
10004.9
9695.07
10155.2
9897.27
10115.8
10451.9
10895.3
11352.4
8830.48
8482.22
8475.93
9321.5
8884.22
4275.69
4282.41
4289.14
4295.87
4302.57
4309.26
4315.91
4322.51
4329.06
4335.55
4341.97
4348.31
4354.57
4360.74
4366.82
4372.8
4378.69
4384.46
4390.1
4395.57
4400.82
4405.78
4410.38
4527.04
4548.16
4545.18
4503.38
4553.45
4550.93
4480.22
4557.71
4555.71
4457.68
4560.99
4559.47
4571.44
4570.6
4435.76
4572.63
4572.1
4580.58
4580.56
4414.5
4580.56
4587.47
4604.69
4604.68
4606.27
4607.4
4600.08
4605.32
4604.43
4605.54
4605.46
4604.76
4594.42
4603.91
4604.24
4604.51
4604.52
4605.47
4605.05
4607.06
4606.06
4609.66
4607.88
4613.81
4610.96
4615.96
4613.82
4610.77
4607.09
4608.89
4626.92
4621.26
4614.65
9634.35
9324.2
9787.64
9542.15
10113.2
9652.63
10448.2
10892.9
8471.83
8115.72
8104.44
8945.1
8517.88
4274.97
4281.41
4287.86
4294.31
4300.73
4307.14
4313.5
4319.82
4326.09
4332.3
4338.43
4344.49
4350.46
4356.33
4362.11
4367.79
4373.35
4378.77
4384.02
4389.07
4393.85
4398.29
4402.3
4544.43
4519.66
4557.16
4554.13
4495.44
4562.38
4559.91
4471.92
4566.48
4564.57
4449.15
4569.5
4568.12
4579.8
4579.17
4427.11
4580.44
4580.19
4587.86
4588.19
4405.79
4606.33
4606.56
4608.47
4609.69
4608.73
4609.99
4601.41
4607.57
4606.5
4607.35
4606.78
4605.92
4595.24
4604.77
4605.24
4604.9
4605.03
4605.41
4605.08
4606.54
4605.59
4608.64
4606.83
4612.3
4609.26
4609.87
4606.5
4602.8
4604.28
4607.77
4620.55
4613.73
9282.73
8969.06
9614.96
9428.66
9205.3
10111
9651.59
9243.26
10445.7
8117.59
7843.13
7823.04
8582.15
8168.85
4273.97
4280.14
4286.32
4292.49
4298.64
4304.77
4310.86
4316.9
4322.88
4328.81
4334.66
4340.43
4346.11
4351.68
4357.16
4362.52
4367.74
4372.8
4377.66
4382.26
4386.55
4390.46
4393.88
4536.84
4560.13
4556.54
4511.44
4566.48
4563.45
4486.81
4571.61
4569.19
4463.05
4575.52
4573.72
4440.15
4578.24
4577.03
4588.38
4587.98
4418.06
4588.42
4588.5
4595.98
4396.76
4607.83
4613.06
4608.47
4611.27
4612.62
4611.1
4612.54
4602.72
4609.74
4608.49
4609.04
4607.95
4606.89
4605.42
4606.04
4605.05
4605.31
4605.03
4604.8
4605.51
4604.64
4606.83
4604.99
4606.61
4603.03
4599.26
4600.28
4603.16
4606.87
4613.01
8948.12
8626.64
9300.98
9101.96
8888.79
10109.2
9650.01
9241.47
8846.46
7818.04
7611.12
7593.17
8238.15
7855.94
4272.71
4278.62
4284.52
4290.42
4296.3
4302.15
4307.97
4313.73
4319.44
4325.09
4330.66
4336.14
4341.52
4346.8
4351.97
4357.01
4361.88
4366.56
4371.01
4375.16
4378.96
4382.32
4385.17
4555.06
4528.25
4569.72
4566.03
4502.4
4576.12
4573.08
4477.53
4581.17
4578.82
4453.65
4584.88
4583.2
4430.71
4587.27
4586.23
4597.22
4597.09
4408.66
4596.6
4597.04
4603.94
4387.43
4609.19
4617.1
4615.6
4618.74
4610.35
4614.01
4615.55
4613.41
4615.04
4611.84
4610.37
4610.6
4608.95
4607.69
4605.85
4606.65
4604.91
4605.33
4604.19
4604.12
4603.71
4602.96
4604.05
4602.16
4600.32
4596.44
4596.85
4599.16
4602.26
4606.15
8627.75
8296.24
8985.42
8799.03
8588.39
9648.31
9239.71
8846.16
8819.46
8499.79
7571.95
7411.06
7397.4
7919.62
7586.62
4271.2
4276.84
4282.48
4288.11
4293.72
4299.3
4304.84
4310.34
4315.77
4321.14
4326.43
4331.62
4336.71
4341.69
4346.55
4351.24
4355.76
4360.05
4364.08
4367.77
4371.07
4373.9
4376.2
4545.98
4571.84
4567.42
4518.72
4579.67
4575.92
4492.62
4586.12
4583.07
4467.64
4591.12
4588.81
4443.76
4594.59
4593.05
4420.88
4596.6
4595.77
4606.35
4606.51
4398.93
4605
4605.83
4612.11
4377.85
4610.41
4620.27
4618.13
4621.89
4620.28
4622.07
4616.73
4618.48
4615.63
4617.48
4613.84
4612.15
4612.04
4609.78
4608.29
4606.05
4607.04
4604.41
4605.03
4602.69
4602.85
4600.93
4600.32
4598.37
4594.37
4594.02
4595.73
4598.26
4601.55
8319.75
7982.09
8687.47
8514.57
8301.79
9238.11
8845.04
8498.56
8560.61
8164.84
7369.83
7236.41
7226.31
7634.81
7360.78
4269.43
4274.8
4280.18
4285.55
4290.9
4296.21
4301.49
4306.71
4311.88
4316.97
4321.98
4326.88
4331.68
4336.35
4340.88
4345.24
4349.39
4353.29
4356.88
4360.11
4362.92
4365.23
4366.98
4564.75
4535.86
4581.9
4577.29
4508.37
4590
4586.15
4482.19
4596.51
4593.45
4457.24
4601.47
4599.19
4433.46
4604.71
4603.31
4410.72
4606.3
4605.7
4615.84
4616.34
4388.94
4613.66
4614.93
4620.51
4368.05
4611.47
4623.41
4626.12
4625.62
4623.85
4625.43
4619.41
4621.4
4617.78
4619.88
4615.75
4613.82
4613.35
4610.42
4608.68
4605.97
4607.19
4603.38
4604.27
4600.28
4600.73
4597.17
4596.71
4593.02
4591.84
4592.9
4594.83
4597.55
8022.9
7693.22
8414.89
8246.66
8026.4
8843.63
8497.15
8164.65
8299.14
8145.5
7874.5
7199.96
7081.38
7073.72
7387
7175.71
4267.4
4272.53
4277.65
4282.75
4287.84
4292.89
4297.9
4302.86
4307.76
4312.57
4317.29
4321.91
4326.42
4330.78
4334.98
4338.99
4342.77
4346.27
4349.43
4352.21
4354.53
4356.35
4357.56
4553.93
4582.45
4577.02
4524.85
4592.31
4587.54
4497.32
4600.71
4596.72
4471.21
4607.36
4604.26
4446.41
4612.25
4610.02
4422.81
4615.28
4614
4400.28
4616.43
4616.08
4625.74
4626.64
4378.73
4622.62
4624.39
4629.19
4358.07
4612.38
4626.55
4631.31
4633.27
4629.39
4627.43
4628.81
4622.07
4624.31
4619.86
4622.24
4617.58
4615.39
4614.53
4610.84
4608.8
4605.49
4607.01
4601.58
4602.83
4596.91
4597.68
4592.38
4590.27
4590.72
4592.01
4594.12
7739.93
7432.42
8161.64
7991.45
7760.75
8495.77
8163.69
7873.75
8054.98
7934
7593.94
7051.24
6941.85
6936.05
7176.54
7022
4265.14
4270.01
4274.87
4279.72
4284.55
4289.35
4294.1
4298.79
4303.42
4307.96
4312.39
4316.73
4320.93
4324.99
4328.86
4332.51
4335.92
4339.01
4341.75
4344.08
4345.93
4347.26
4347.96
4573.01
4542.11
4592.82
4587.13
4513.07
4603.11
4598.16
4485.67
4611.82
4607.67
4459.76
4618.7
4615.51
4435.21
4623.56
4621.39
4411.87
4626.33
4625.2
4389.61
4627.04
4626.95
4636.11
4637.43
4368.34
4631.93
4634.26
4638.2
4347.95
4613.1
4629.7
4635.41
4637.55
4633.25
4631.04
4632.21
4624.7
4627.2
4621.88
4624.55
4619.31
4616.85
4615.57
4610.96
4608.54
4604.43
4606.35
4598.88
4600.51
4592.66
4593.93
4589.26
4589.15
4589.83
4591.3
7476.78
7203.13
7923.31
7745.7
7505.4
8162.46
7872.64
7593.55
7830.48
7723.71
7582.87
7275.88
6917.5
6815.59
6811.2
7002.37
6889.67
4262.63
4267.25
4271.87
4276.47
4281.04
4285.58
4290.07
4294.5
4298.86
4303.12
4307.28
4311.33
4315.23
4318.97
4322.51
4325.81
4328.84
4331.53
4333.85
4335.74
4337.15
4338.01
4338.22
4593.1
4560.19
4529.46
4603.53
4597.51
4500.64
4614.32
4609.13
4473.53
4623.38
4619.07
4447.93
4630.52
4627.21
4423.71
4635.44
4633.28
4400.7
4637.94
4636.98
4378.77
4638.18
4638.34
4647
4648.77
4357.81
4641.65
4644.6
4646.37
4644.18
4337.74
4613.6
4632.87
4639.59
4641.94
4637.17
4634.7
4635.65
4627.3
4630.08
4623.84
4626.82
4620.96
4618.2
4616.43
4610.63
4607.7
4602.57
4605
4595.41
4597.37
4589.97
4590.74
4588.61
4588.14
4588.26
4589.12
7239.04
7007.3
7696.47
7508.12
7267.96
7871.47
7592.62
7275.52
7619.08
7520.33
7404.31
7270.84
6998.08
6796.09
6700.68
6697.36
6860.39
6771.74
4259.89
4264.26
4268.63
4272.98
4277.3
4281.59
4285.83
4290
4294.08
4298.08
4301.96
4305.72
4309.33
4312.75
4315.95
4318.9
4321.55
4323.85
4325.77
4327.23
4328.21
4328.61
4328.37
4579.15
4608.38
4612.68
4605.47
4546.53
4516.15
4614.62
4487.71
4625.95
4620.5
4461
4635.45
4630.95
4435.82
4642.86
4639.44
4412
4647.9
4645.7
4389.37
4650.21
4649.4
4367.81
4649.88
4650.36
4658.49
4660.76
4347.21
4651.87
4655.52
4651.28
4648.91
4327.47
4613.75
4636.05
4643.85
4646.43
4641.16
4638.41
4639.13
4629.87
4632.95
4625.74
4629.05
4622.51
4619.41
4617.05
4609.67
4606.14
4599.87
4602.85
4591.88
4593.52
4588.9
4587.48
4587.25
4587.55
7028.85
6844.05
7478.27
7280.09
7052.63
7591.52
7274.66
6997.57
7418.51
7334.72
7233.76
7120.63
6996.36
6751.36
6684.74
6595.17
6592.56
6741.16
6663.72
4256.91
4261.04
4265.17
4269.27
4273.35
4277.39
4281.37
4285.29
4289.1
4292.83
4296.44
4299.91
4303.21
4306.32
4309.19
4311.79
4314.06
4315.99
4317.51
4318.58
4319.14
4319.11
4318.46
4599.05
4564.3
4619.54
4623.74
4616.15
4532.19
4502.32
4626.09
4474.39
4638.03
4632.27
4448.19
4648.06
4643.3
4423.5
4655.79
4652.24
4400.13
4660.97
4658.72
4377.93
4663.2
4662.48
4356.78
4662.29
4663.11
4670.74
4673.58
4336.56
4658.8
4661.13
4667.09
4656.36
4653.76
4317.18
4613.41
4639.25
4648.18
4651.03
4645.23
4642.2
4642.67
4632.42
4635.83
4627.58
4631.25
4623.97
4620.46
4617.28
4608.09
4603.95
4596.2
4600.08
4589.47
4590.49
4587.78
4586.58
4586.54
6847.74
6712.52
7266.69
7066.15
6860.53
7273.66
6996.67
6750.78
7225.21
7158.83
7073.59
6975.73
6868.34
6752.56
6531.82
6581.74
6497.56
6495.45
6635.56
6563.46
4253.71
4257.6
4261.49
4265.35
4269.19
4272.98
4276.71
4280.36
4283.92
4287.39
4290.72
4293.9
4296.9
4299.69
4302.23
4304.48
4306.4
4307.96
4309.1
4309.79
4309.95
4309.52
4308.52
4619.92
4582.79
4548.77
4631.01
4635.15
4627.08
4517.34
4488.11
4637.94
4460.8
4650.56
4644.47
4435.19
4661.2
4656.15
4411.03
4669.39
4665.63
4388.15
4674.76
4672.44
4366.41
4676.95
4676.29
4345.69
4675.57
4676.7
4683.92
4687.37
4325.88
4664.29
4666.79
4677.49
4675.17
4661.6
4658.75
4306.89
4612.47
4642.51
4652.64
4655.76
4649.4
4646.07
4646.29
4634.97
4638.73
4629.33
4633.42
4625.26
4621.24
4617.01
4606.09
4601.17
4594.31
4597.33
4588.35
4592.39
4589.37
4586.89
4585.87
6696.56
6603.82
7062.98
6871.49
6694.79
6995.66
6749.86
6531.19
7037.6
6989.18
6921.13
6838.44
6745.29
6643.13
6535.23
6335.21
6486.01
6406.99
6405.25
6538.54
6470.07
4250.28
4253.94
4257.59
4261.22
4264.82
4268.37
4271.85
4275.24
4278.55
4281.75
4284.81
4287.7
4290.4
4292.88
4295.1
4297.01
4298.59
4299.78
4300.57
4300.89
4300.67
4299.89
4298.57
4641.62
4602.01
4638.5
4565.89
4532.76
4642.86
4646.96
4502.13
4473.65
4650.2
4447.04
4663.6
4657.13
4422.04
4674.92
4669.55
4398.46
4683.69
4679.66
4376.11
4689.38
4686.94
4354.87
4691.55
4690.94
4334.6
4689.79
4691.17
4693.45
4695.71
4684.03
4702.2
4315.22
4669.95
4672.67
4681.5
4667.02
4663.9
4296.62
4611.06
4645.83
4657.21
4660.63
4653.66
4650.01
4649.97
4637.53
4641.67
4630.93
4635.54
4626.29
4621.64
4616.23
4604.19
4600.27
4595.18
4587.45
4591.26
4588.47
4586.18
6574.99
6508.3
6871.79
6698.03
6556.62
6748.87
6530.3
6334.55
6857.03
6824.3
6773.24
6706.4
6627.06
6538.39
6442.33
6341.48
6197.19
6396.86
6280.86
6448.11
6382.85
4246.64
4250.07
4253.49
4256.88
4260.24
4263.55
4266.78
4269.93
4272.99
4275.92
4278.71
4281.32
4283.72
4285.9
4287.8
4289.38
4290.63
4291.49
4291.93
4291.9
4291.34
4290.26
4288.63
4621.84
4650.07
4662.09
4663.9
4653.33
4583.52
4548.55
4516.42
4655.11
4659.11
4486.69
4459.03
4662.9
4433.16
4677.17
4670.28
4408.83
4689.29
4683.53
4385.85
4698.73
4694.38
4364.06
4704.89
4702.25
4343.33
4707.12
4706.54
4323.54
4705.02
4706.62
4700.76
4690.91
4703.14
4715.08
4713.16
4304.59
4675.8
4678.76
4688.15
4672.61
4669.22
4286.4
4609.11
4649.23
4661.91
4665.65
4658.02
4654.03
4653.73
4640.11
4644.68
4632.28
4637.53
4626.93
4621.55
4615.08
4602.47
4598.39
4594.06
4586.75
4590.37
4587.77
6475.6
6420.74
6697.87
6548.24
6445.78
6529.37
6333.67
6196.65
6687.86
6665.24
6628.42
6576.74
6511.85
6436.4
6353.1
6262.81
6168.67
6072.18
6313.48
6131.16
6235.81
6363.38
6301.14
4242.78
4245.98
4249.17
4252.34
4255.47
4258.54
4261.53
4264.44
4267.25
4269.92
4272.43
4274.76
4276.88
4278.76
4280.34
4281.62
4282.54
4283.09
4283.2
4282.85
4281.98
4280.63
4278.73
4642.17
4601.58
4671.61
4674.23
4675.59
4664.42
4564.68
4530.95
4499.9
4667.79
4471.14
4444.36
4676.1
4419.25
4691.35
4683.98
4395.6
4704.37
4698.16
4373.25
4714.58
4709.86
4352.03
4721.32
4718.43
4331.83
4723.77
4723.14
4312.53
4721.41
4723.2
4698.07
4708.37
4710.92
4723.33
4721.36
4294.03
4681.88
4685.14
4695.08
4678.41
4674.73
4276.25
4609.02
4652.75
4666.76
4670.84
4662.52
4658.17
4657.65
4642.69
4647.77
4633.29
4639.33
4627.19
4621.07
4613.95
4601.35
4607.06
4597.26
4593.18
4589.67
6389.12
6338.93
6542.77
6423.87
6355.75
6332.8
6195.81
6071.3
6533.46
6515.88
6488.06
6448.84
6397.95
6335.97
6265.19
6187.87
6080.73
6105.73
5956.4
6121.93
5999.42
6224.51
6283.84
4238.71
4241.69
4244.66
4247.61
4250.51
4253.34
4256.1
4258.77
4261.32
4263.74
4265.99
4268.05
4269.89
4271.47
4272.76
4273.74
4274.36
4274.59
4274.41
4273.76
4272.64
4271.02
4268.88
4662.85
4619.87
4581.04
4680.85
4684.36
4686.6
4687.5
4675.59
4545.67
4513.24
4483.33
4455.58
4429.67
4689.74
4405.35
4706.14
4698.2
4382.41
4720.24
4713.51
4360.7
4731.36
4726.21
4340.07
4738.81
4735.6
4320.41
4741.66
4740.87
4301.6
4739
4741.09
4705.49
4716.28
4719
4731.96
4729.91
4283.55
4688.25
4691.81
4702.29
4684.45
4680.45
4266.19
4656.4
4671.81
4676.23
4667.2
4662.48
4661.76
4645.21
4650.9
4634.08
4640.88
4627.25
4620.04
4612.53
4600.47
4605.92
4596.37
4592.48
6310.02
6261.97
6408.85
6324.46
6277.64
6194.9
6070.4
5955.78
6395.7
6379.61
6356.71
6325.54
6285.52
6236.17
6177.55
6111.79
6021.01
6040.69
5936.27
5849.88
6138.22
5992.7
6072.15
5882.13
6208.94
4234.44
4237.21
4239.96
4242.68
4245.35
4247.96
4250.49
4252.92
4255.23
4257.39
4259.38
4261.18
4262.75
4264.04
4265.06
4265.75
4266.09
4266.03
4265.58
4264.66
4263.31
4261.46
4259.11
4683.56
4638.2
4687.05
4597.44
4560.45
4694.23
4697.41
4699.24
4699.6
4526.64
4495.54
4466.8
4440.07
4415.05
4703.76
4391.52
4721.48
4712.87
4369.3
4736.87
4729.51
4348.25
4749.16
4743.45
4328.21
4757.53
4753.91
4309.09
4760.96
4759.91
4290.78
4741.09
4752.68
4754.19
4760.56
4713.21
4724.56
4727.44
4738.91
4273.19
4694.93
4698.77
4709.8
4690.79
4686.43
4256.24
4660.19
4677.09
4681.87
4672.11
4666.99
4666.09
4647.59
4654.05
4634.78
4642.32
4627.43
4620.75
4618.55
4611.41
4599.77
4605.03
4595.67
6235.9
6189.36
6298.53
6243.75
6206.12
6069.58
5954.93
5848.94
6277.85
6258.84
6237.7
6211.07
6178
6137.71
6089.81
6035.12
5966.57
5974.33
5890.35
5859.01
5750.66
6120.76
5971.87
5877.16
6055.95
5776.9
4229.97
4232.53
4235.07
4237.57
4240.02
4242.41
4244.71
4246.91
4248.98
4250.89
4252.64
4254.18
4255.47
4256.51
4257.26
4257.68
4257.74
4257.44
4256.73
4255.58
4254.01
4251.96
4249.43
4704.07
4656.38
4698.35
4709.88
4613.7
4575.12
4539.97
4707.97
4710.8
4712.09
4711.74
4507.71
4477.97
4450.39
4424.66
4400.54
4718.2
4377.81
4737.37
4728.03
4356.32
4754.23
4746.13
4335.92
4767.97
4761.54
4316.48
4777.56
4773.36
4297.9
4781.8
4780.42
4280.08
4750.74
4762.74
4764.21
4781.55
4721.29
4733.24
4736.29
4748.4
4262.95
4701.92
4706.03
4717.65
4697.47
4692.77
4246.42
4664.14
4682.66
4687.83
4677.3
4671.77
4670.68
4649.89
4657.21
4635.63
4643.43
4629.37
4627.64
4617.43
4610.52
4604.33
6165.9
6210.99
6173.44
6138.88
5954.09
5848.05
5749.93
6181.74
6156.6
6132.74
6107.62
6078.49
6044.03
6003.65
5957.73
5909.46
5906.55
5842.09
5812.82
5737.5
5657.55
6099.6
5860.27
5921.12
5977.11
5773.26
6036.73
5681.75
4225.31
4227.66
4229.99
4232.28
4234.52
4236.69
4238.77
4240.74
4242.57
4244.25
4245.75
4247.04
4248.09
4248.87
4249.37
4249.54
4249.36
4248.82
4247.87
4246.53
4244.76
4242.54
4239.87
4724.05
4674.17
4721.2
4732.69
4629.64
4723.97
4589.52
4553.07
4519.7
4722.11
4724.43
4725.03
4489
4460.58
4434.15
4409.42
4386.19
4733.12
4364.26
4753.91
4743.75
4343.49
4772.37
4763.48
4323.74
4787.78
4780.52
4304.89
4798.92
4793.97
4286.86
4804.38
4802.45
4269.54
4760.81
4773.22
4774.65
4804.43
4785.65
4729.77
4742.39
4745.62
4758.39
4252.85
4709.24
4713.64
4725.88
4704.49
4699.46
4236.74
4668.32
4688.63
4694.18
4682.86
4676.89
4675.63
4652.23
4660.51
4635.31
4646.11
4626.5
4616.55
4609.83
6139.21
6108.68
6075.1
5847.19
5749.08
5656.56
6105.45
6073.85
6044.96
6017.34
5988.96
5957.79
5922.41
5882.71
5850.89
5838.68
5773.79
5791.88
5667.84
5704.65
5568.23
5832.82
5759.47
5902.07
5956.86
5679.26
6014.48
5595.4
4220.46
4222.61
4224.74
4226.83
4228.85
4230.81
4232.67
4234.42
4236.03
4237.48
4238.75
4239.8
4240.61
4241.16
4241.41
4241.35
4240.95
4240.19
4239.05
4237.52
4235.58
4233.22
4230.43
4743.02
4691.26
4743.82
4755.04
4645.05
4736.22
4748.48
4603.49
4738.09
4565.8
4531.38
4499.77
4736.57
4738.22
4470.57
4443.44
4418.13
4394.39
4372.04
4748.44
4350.91
4771.04
4759.96
4330.85
4791.4
4781.54
4311.74
4808.74
4800.52
4293.49
4821.73
4815.88
4275.99
4828.84
4826.1
4259.16
4771.28
4784.21
4797.17
4809.39
4823.02
4823.26
4738.71
4752.07
4755.47
4768.82
4242.92
4716.92
4721.6
4734.58
4711.87
4706.55
4227.21
4672.88
4695.09
4700.96
4688.91
4682.45
4681.03
4654.79
4664.13
4634.21
4643.95
4625.61
4615.85
6075.92
6047.56
5748.28
5655.64
5567.29
6041.77
6007.6
5974.41
5942.68
5912.08
5880.91
5848.17
5812.71
5790.71
5773.75
5731.16
5739.55
5633.47
5669.29
5564.81
5504.84
5830.55
5736.58
5782.86
5668.09
5880.97
5933.88
5593.91
5989.39
5516.91
4215.43
4217.39
4219.32
4221.2
4223.02
4224.77
4226.42
4227.96
4229.35
4230.59
4231.63
4232.45
4233.04
4233.37
4233.4
4233.12
4232.52
4231.56
4230.26
4228.57
4226.49
4224
4221.13
4760.23
4707.24
4765.75
4776.33
4659.66
4760.62
4772.67
4616.82
4751.25
4764.43
4578.02
4752.17
4542.63
4510.16
4480.24
4751.24
4452.48
4426.6
4402.38
4379.61
4358.13
4764.04
4337.77
4788.63
4776.53
4318.42
4811.2
4800.22
4299.95
4830.81
4821.45
4282.28
4846.04
4839.09
4265.3
4836.03
4855.14
4851.46
4248.95
4782.24
4795.78
4822.19
4808.02
4836.01
4748.17
4762.29
4765.83
4779.72
4233.16
4725.07
4730.03
4743.81
4719.76
4714.17
4217.86
4677.99
4702.12
4708.31
4695.55
4688.55
4686.98
4658.88
4668.23
4633.34
4642.83
4656.99
4624.91
6017.29
5654.82
5566.41
5503.94
5984.9
5951.12
5916.74
5882.54
5848.86
5815.93
5783.12
5749.23
5731.47
5713.45
5686.24
5686.47
5607.18
5631.04
5500.18
5544.88
5447.82
5808.97
5705.25
5648.95
5762.42
5584.95
5857.58
5908.48
5516.25
5961.69
5445.23
4210.23
4211.99
4213.72
4215.41
4217.04
4218.59
4220.04
4221.37
4222.56
4223.59
4224.41
4225.02
4225.4
4225.52
4225.35
4224.88
4224.09
4222.97
4221.51
4219.68
4217.49
4214.91
4211.97
4775.11
4721.52
4786.15
4795.62
4673.12
4784.44
4795.88
4629.3
4777.56
4790.61
4589.54
4766.28
4780.46
4553.3
4766.14
4520.07
4489.48
4461.15
4434.76
4410.09
4386.93
4365.11
4344.47
4779.94
4324.88
4806.7
4793.49
4306.22
4831.69
4819.48
4288.38
4853.87
4843.2
4271.27
4871.81
4863.48
4254.82
4849.43
4883.48
4863.58
4878.58
4238.95
4793.79
4820.86
4835.41
4806.01
4849.63
4758.21
4773.03
4776.67
4791.21
4223.58
4733.81
4739
4753.63
4728.29
4722.49
4208.67
4683.86
4709.84
4716.37
4702.83
4695.24
4693.56
4674.12
4632.65
4641.96
4655.89
4668.5
5565.63
5503.07
5447.17
5931.71
5899.77
5866.34
5831.94
5797.26
5762.85
5728.79
5694.57
5675.42
5659.76
5639.19
5635.06
5574.79
5590.02
5483.32
5440.15
5518.18
5377.4
5785.4
5622.23
5657.09
5697.8
5568.95
5740.67
5509.08
5832.08
5880.86
5445.23
5379.42
4204.86
4206.43
4207.97
4209.47
4210.91
4212.27
4213.53
4214.67
4215.66
4216.48
4217.11
4217.52
4217.71
4217.63
4217.27
4216.64
4215.68
4214.42
4212.83
4210.88
4208.59
4205.96
4202.98
4787.24
4733.61
4804.2
4812.32
4684.93
4806.78
4817.11
4640.6
4803.43
4815.9
4600.17
4794.66
4808.8
4563.24
4781.26
4796.52
4529.37
4498.2
4469.36
4442.53
4417.46
4393.95
4371.82
4350.92
4331.1
4796.14
4312.26
4825.28
4810.84
4294.27
4852.91
4839.34
4277.04
4878
4865.85
4260.5
4899.12
4889.17
4244.55
4893.63
4907.59
4878.28
4905.04
4863.98
4907.6
4229.14
4834.22
4818.89
4849.24
4803.39
4768.84
4784.35
4788.08
4214.21
4743.24
4748.6
4764.11
4737.58
4731.62
4199.68
4690.52
4718.35
4725.25
4710.82
4702.58
4700.86
4681.16
4641.26
4655.02
4667.39
4680.19
5502.28
5446.42
5376.28
5851.22
5819.74
5786.72
5752.78
5718.59
5684.02
5649.14
5624.07
5614.33
5592.48
5586.79
5539.63
5548.27
5423.91
5462.06
5386.05
5488.55
5306.7
5759.98
5588.58
5546.23
5636.2
5675.83
5495.63
5717.05
5439.49
5804.65
5379.92
5318.73
4199.32
4200.7
4202.07
4203.39
4204.65
4205.83
4206.91
4207.86
4208.66
4209.3
4209.73
4209.97
4209.97
4209.71
4209.2
4208.4
4207.31
4205.92
4204.21
4202.18
4199.82
4197.15
4194.16
4795.89
4743.15
4819.46
4826.04
4694.7
4826.73
4835.66
4650.34
4827.88
4839.27
4609.64
4822.76
4836.36
4572.26
4811.86
4827.21
4537.91
4812.56
4506.27
4477.02
4449.81
4424.4
4400.59
4378.19
4357.06
4337.05
4318.04
4299.92
4844.27
4828.5
4282.59
4874.84
4859.76
4265.96
4903.23
4889.38
4249.96
4928.01
4916.18
4234.51
4909.52
4894.65
4923.56
4878.99
4920.55
4863.79
4938.41
4219.56
4832.38
4848.21
4816.29
4800.19
4780.05
4796.36
4205.03
4753.51
4758.96
4775.29
4747.76
4741.68
4190.88
4698.62
4727.73
4735.05
4719.62
4710.66
4709.01
4654.33
4666.52
4679.1
4697.5
5445.71
5375.34
5305.74
5775.31
5744.36
5712.29
5679.37
5645.46
5611.03
5579.38
5576.5
5547.81
5543.52
5502.95
5507.58
5365.07
5407.5
5437.53
5456.75
5309.67
5255.89
5732.67
5550.1
5517.49
5476.26
5614.82
5652.36
5428.15
5691.7
5375.34
5319.63
5262.53
4193.62
4194.82
4196.03
4197.18
4198.27
4199.28
4200.18
4200.95
4201.58
4202.03
4202.3
4202.36
4202.2
4201.78
4201.13
4200.18
4198.98
4197.49
4195.69
4193.59
4191.18
4188.49
4185.52
4801.01
4749.71
4831.44
4836.06
4702.13
4843.77
4851.1
4658.17
4849.96
4859.89
4617.61
4849.52
4862.09
4580.14
4842.41
4857.27
4545.54
4829.13
4845.78
4513.59
4484.02
4456.52
4430.85
4406.79
4384.18
4362.85
4342.67
4323.53
4305.29
4287.88
4863.6
4846.4
4271.19
4897.39
4880.64
4255.14
4929.49
4913.72
4239.67
4958.47
4944.48
4224.71
4926
4910.9
4895.03
4940.21
4879.05
4936.64
4862.94
4971.15
4953.37
4210.19
4846.52
4829.87
4813.07
4792.01
4809.21
4196.07
4764.76
4770.19
4787.29
4759.02
4752.8
4182.28
4738.13
4745.89
4729.4
4719.66
4718.65
4665.83
4678.23
4696.42
4717.73
5374.58
5304.86
5254.93
5703.86
5673.96
5642.87
5610.48
5577.32
5541.69
5543.89
5506.76
5506.45
5466.38
5469.34
5354.87
5387.41
5410.28
5424.32
5257.97
5303.63
5207.32
5483.63
5591.25
5501.93
5533.6
5451.54
5411.55
5627.49
5365.81
5664.96
5316.03
5263.76
5210.36
4187.78
4188.81
4189.86
4190.85
4191.77
4192.62
4193.35
4193.96
4194.42
4194.71
4194.82
4194.73
4194.41
4193.86
4193.06
4192.02
4190.71
4189.13
4187.26
4185.11
4182.69
4180
4177.06
4853.72
4801.51
4752.92
4706.92
4857.34
4862.35
4663.86
4869
4877.24
4623.8
4873.94
4885.01
4586.61
4871.71
4885.58
4552.06
4862.33
4878.59
4520
4864.47
4490.26
4462.58
4436.72
4412.49
4389.71
4368.24
4347.93
4328.68
4310.36
4292.88
4276.15
4883.2
4260.08
4920.47
4901.9
4244.6
4956.66
4938.77
4229.64
4990.4
4973.95
4215.15
4927.84
4943.18
4911.66
4894.73
4957.45
4878.44
4861.4
5005.75
4970.55
4988.45
4201.06
4844.11
4826.7
4804.87
4822.92
4187.33
4777.05
4782.33
4800.33
4771.39
4765.09
4173.89
4749.72
4757.93
4740.31
4729.89
4677.54
4695.56
4716.67
4735.93
5304.08
5254.07
5206.36
5637.08
5607.84
5577.38
5546.11
5509.83
5514.2
5471.05
5475.38
5431.22
5435.41
5338.63
5364.24
5381.89
5392.53
5208.83
5254.06
5290.99
5160.78
5422.09
5444.94
5566.92
5479.11
5509.7
5390.16
5351.6
5601.44
5308.03
5261.02
5211.86
5161.76
4181.8
4182.67
4183.56
4184.4
4185.18
4185.86
4186.44
4186.9
4187.2
4187.34
4187.3
4187.07
4186.61
4185.95
4185.04
4183.9
4182.5
4180.85
4178.93
4176.76
4174.33
4171.67
4168.8
4855.46
4894.74
4897.96
4797.39
4752.27
4708.68
4667.16
4884.37
4890.19
4628.04
4895.22
4904.49
4591.43
4898.72
4911.07
4557.25
4894.45
4909.76
4525.34
4882.5
4900.29
4495.6
4467.87
4441.93
4417.6
4394.73
4373.17
4352.78
4333.46
4315.08
4297.56
4280.81
4264.73
4902.86
4249.27
4943.83
4923.33
4234.34
4984.47
4964.26
4219.88
5023.51
5004.29
4205.84
4929.03
4945.53
4960.97
4911.72
4893.72
4975.27
4877.13
4859.14
5041.91
5006.77
5025.72
4993.79
4192.17
4841.05
4818.8
4837.52
4178.81
4790.47
4795.56
4814.56
4784.93
4778.59
4165.72
4762.58
4771.22
4752.62
4741.77
4694.88
4715.82
4734.84
4754.89
5253.34
5205.52
5159.82
5574
5545.5
5516.24
5481.52
5486.11
5441.02
5448.48
5399.3
5406.57
5319.17
5339.56
5353.58
5362.97
5162.2
5206.67
5244.69
5275.08
5116.5
5388.52
5364.56
5403.32
5541.3
5456.39
5485.06
5333.08
5295.87
5254.37
5209.85
5163.52
5116.32
4175.7
4176.41
4177.16
4177.85
4178.48
4179.02
4179.46
4179.77
4179.93
4179.93
4179.76
4179.4
4178.83
4178.05
4177.06
4175.84
4174.37
4172.67
4170.72
4168.54
4166.14
4163.53
4160.72
4851.97
4899.53
4899.74
4924.55
4928.33
4747.66
4707.08
4667.76
4630.12
4912.58
4919.28
4594.45
4922.55
4932.98
4560.9
4924.33
4938.09
4529.41
4917.72
4934.62
4499.92
4922.33
4472.29
4446.39
4422.06
4399.17
4377.58
4357.16
4337.81
4319.42
4301.89
4285.14
4269.09
4253.65
4238.76
4967.2
4944.66
4224.36
5012.58
4989.88
4210.39
5057.41
5035.15
4196.79
4947.21
4929.51
4963.88
4979.43
4911.08
4892.04
4875.11
4856.29
5079.19
5044.97
5064.82
5012.9
5032.59
4998.62
4183.52
4833.82
4853.12
4170.52
4805.21
4810.08
4830.01
4799.76
4793.38
4157.75
4776.81
4785.8
4766.64
4754.86
4715.13
4733.97
4753.86
4777.36
5204.77
5158.95
5115.53
5514.77
5487.41
5455.19
5459.06
5415.41
5423.89
5371.89
5382.22
5297.88
5314.58
5326.66
5337.21
5118.16
5161.66
5200.15
5232.03
5257.08
5074.83
5351.88
5335.4
5310.81
5358.86
5432.01
5459.42
5279.88
5243.97
5204.36
5162.14
5118.3
5073.76
4169.48
4170.05
4170.65
4171.21
4171.7
4172.11
4172.41
4172.58
4172.62
4172.5
4172.21
4171.73
4171.07
4170.2
4169.13
4167.84
4166.33
4164.59
4162.63
4160.47
4158.1
4155.56
4152.85
4898.3
4895.38
4930.51
4931.08
4955.85
4960.35
4702.08
4665.41
4629.77
4595.5
4942.1
4949.74
4562.89
4951
4962.74
4532.06
4950.77
4966.1
4503.04
4941.5
4960.16
4475.72
4450
4425.78
4402.96
4381.41
4361.03
4341.7
4323.33
4305.83
4289.11
4273.1
4257.72
4242.9
4228.57
4990.41
4965.74
4214.68
5040.78
5015.45
4201.18
5091.8
5066.28
4188
4948.18
4966.12
4929.3
4982.96
4909.84
4889.96
4872.59
5117.15
5084.8
5105.25
5052.77
5073.45
5018.49
5038.99
5002.85
4175.11
4849.93
4869.92
4162.46
4821.34
4825.91
4846.65
4816.03
4809.61
4150.01
4792.68
4801.85
4782.64
4733.29
4753.02
4776.31
4794.52
5158.25
5114.68
5073.86
5429.99
5432.89
5392.41
5400.64
5348.9
5360.76
5275.99
5290.47
5302.77
5315.62
5076.84
5119.17
5157.61
5190.37
5217.11
5238.16
5036.02
5312.7
5303.36
5285.46
5260.6
5313.52
5381.68
5407.5
5334.32
5230.19
5195.53
5157.65
5117.49
5075.93
5033.78
4163.14
4163.57
4164.05
4164.48
4164.85
4165.13
4165.31
4165.36
4165.28
4165.05
4164.65
4164.08
4163.33
4162.39
4161.26
4159.92
4158.37
4156.62
4154.67
4152.54
4150.23
4147.78
4145.18
4929.94
4927.15
4963.16
4964.18
4988.79
4994.12
4660.08
4626.8
4594.38
4563.08
4973.01
4981.72
4533.17
4980.57
4993.79
4504.83
4978.07
4995.17
4478.03
4986.37
4452.66
4428.68
4406.03
4384.61
4364.32
4345.07
4326.78
4309.34
4292.69
4276.75
4261.45
4246.72
4232.49
4218.7
5013.23
4205.3
5068.79
5040.72
4192.25
5126.45
5097.41
4179.48
4967.65
4948.49
4985.82
4928.62
4908.39
4887.91
5155.81
5125.71
5146.71
5094.46
5115.85
5060.07
5081.68
5023.5
5044.84
5006.42
4166.96
4867.3
4154.64
4838.86
4843.04
4864.61
4833.79
4827.41
4142.49
4810.18
4819.57
4799.84
4752.33
4775.46
4793.4
4818.55
5113.95
5073.01
5035.04
5405.59
5370.93
5378.11
5329.04
5340.93
5254.57
5268.72
5282.66
5297.3
5038.28
5079.24
5117.23
5150.39
5178.26
5201.09
5219.37
4999.84
5271.23
5268.93
5257.45
5238.52
5213.5
5289.98
5356.02
5309.81
5183.68
5150.18
5113.89
5075.61
5036.14
4996.17
4156.7
4157.01
4157.37
4157.68
4157.93
4158.1
4158.16
4158.11
4157.92
4157.59
4157.11
4156.46
4155.63
4154.64
4153.46
4152.08
4150.52
4148.77
4146.85
4144.77
4142.54
4140.18
4137.72
4963.35
4960.69
4997.63
4999.18
5023.51
5029.79
4621.23
4590.91
4561.31
4532.65
5005.4
5015.34
4505.21
5011.36
5026.24
4479.09
5006.26
5025.33
4454.25
4430.67
4408.3
4387.1
4366.99
4347.88
4329.71
4312.39
4295.85
4280.01
4264.81
4250.19
4236.08
4222.42
4209.15
5035.35
4196.23
5096.33
5065.38
4183.6
5160.96
5128.22
4171.22
4968.58
4988
4948.49
4927.95
4907.12
4885.97
5185.5
5194.42
5137.51
5159.38
5103.71
5126.17
5066.85
5089.45
5027.87
5050.09
5009.34
4159.05
4147.05
4857.88
4861.56
4884
4853.13
4846.9
4135.18
4829.84
4839.05
4817.49
4774.78
4792.51
4817.57
4847.3
5072.3
5034.2
4998.85
5350.21
5310.89
5321.94
5235.05
5250.25
5265.82
5280.83
5002.25
5041.81
5079.11
5112.25
5140.83
5164.94
5184.93
5202.02
4966.71
5228.64
5232.41
5227.13
5213.94
5194.24
5169.23
5266.74
5329.87
5284.91
5140.03
5107.63
5072.77
5036.26
4998.68
4150.17
4150.35
4150.6
4150.81
4150.96
4151.02
4150.98
4150.83
4150.56
4150.14
4149.58
4148.86
4147.99
4146.95
4145.73
4144.34
4142.77
4141.05
4139.17
4137.15
4135.01
4132.78
4130.47
5034.09
5060.17
5067.56
4585.15
4557.44
4530.33
4504.07
5039.39
5050.73
4478.83
5043.47
5060.22
4454.69
5056.67
4431.65
4409.7
4388.81
4368.96
4350.08
4332.09
4314.93
4298.53
4282.84
4267.78
4253.3
4239.33
4225.81
4212.69
4199.93
4187.46
5123.2
5089.3
4175.24
5194.78
5158.35
4163.24
4989.66
4969.37
4948.71
4927.62
4906.04
5219.44
5195.58
5149.05
5172.2
5112.54
5136.16
5073.06
5096.71
5031.62
5054.79
5011.85
4151.4
4139.71
4878.59
4881.67
4904.97
4874.26
4868.27
4128.2
4851.67
4860.58
4791.81
4816.74
4846.28
4869.34
5033.49
4998
4965.72
5293.62
5303.32
5218.4
5234.91
5250.96
5265.27
4969.11
5006.79
5043.24
5076.06
5104.97
5129.95
5151.27
5169.79
5187.15
4936.53
5242.88
5187.12
5172.6
5152.37
5127.49
5259.78
5098.94
4143.55
4143.62
4143.77
4143.88
4143.94
4143.91
4143.78
4143.55
4143.2
4142.71
4142.09
4141.31
4140.4
4139.32
4138.08
4136.69
4135.14
4133.45
4131.63
4129.69
4127.67
4125.56
4123.52
4551.52
4526.13
4501.3
4477.18
5075.11
5088.06
4453.89
5077.01
5095.85
4431.53
4410.14
4389.7
4370.19
4351.6
4333.86
4316.92
4300.72
4285.2
4270.32
4256
4242.2
4228.85
4215.91
4203.32
4191.03
4179
5148.82
5112.11
4167.18
4155.53
4991.36
4970.6
4949.43
4927.58
5234.71
5209.58
5160.3
5184.78
5120.93
5145.77
5078.78
5103.53
5035.09
5059.3
5014.57
4144.01
4132.68
4901.09
4903.48
4927.53
4897.27
4891.61
4874.39
4884.06
4816.08
4845.44
4868.23
4899.97
4997.28
4964.87
4935.55
5276.67
5204.61
5221.61
5237.04
5250
4938.82
4974.3
5009.58
5041.85
5070.78
5096.31
5118.58
5138.34
5156.73
5174.9
5133.27
5112.72
4136.85
4136.82
4136.88
4136.91
4136.88
4136.77
4136.57
4136.27
4135.84
4135.31
4134.62
4133.81
4132.87
4131.77
4130.53
4129.14
4127.63
4125.99
4124.24
4122.4
4120.5
4118.65
4520.09
4496.81
4474.02
4451.8
4430.27
4409.55
4389.67
4370.62
4352.4
4334.98
4318.31
4302.36
4287.07
4272.4
4258.28
4244.67
4231.52
4218.78
4206.38
4194.3
4182.46
4170.85
4159.4
4148.09
4993.69
4972.46
4950.52
5223.37
5171.23
5197.1
5128.96
5155.09
5084.42
5110.36
5038.92
5064.33
5018.11
4136.95
4925.32
4926.95
4951.58
4922.12
4916.88
4897.7
4910.43
4844.74
4867.34
4899.01
4964.18
4934.72
5192.81
5209.25
4944.39
4978.16
5009.63
5038.33
5064.12
5087.07
5107.77
5127.14
5146.01
5164.56
4130.07
4129.96
4129.95
4129.91
4129.8
4129.62
4129.36
4128.99
4128.52
4127.93
4127.2
4126.37
4125.4
4124.3
4123.06
4121.71
4120.23
4118.66
4117
4115.27
4113.62
4490.67
4469.3
4448.32
4427.81
4407.89
4388.67
4370.18
4352.42
4335.4
4319.08
4303.43
4288.41
4273.99
4260.11
4246.73
4233.79
4221.27
4209.09
4197.23
4185.62
4174.23
4163
4151.91
4140.99
4996.83
4974.82
5181.93
5137.07
5090.71
5117.96
5043.75
5070.54
5022.65
4951.36
4952.04
4977.18
4949.02
4866.63
4898.2
4934.03
4979.45
5007.69
5033.48
5056.84
5078.21
5098.38
4123.23
4123.04
4122.98
4122.88
4122.71
4122.47
4122.15
4121.73
4121.22
4120.58
4119.84
4118.99
4118.01
4116.91
4115.7
4114.38
4112.97
4111.47
4109.91
4108.43
4463.09
4443.41
4424.06
4405.11
4386.67
4368.83
4351.63
4335.07
4319.16
4303.88
4289.18
4275.05
4261.45
4248.33
4235.65
4223.36
4211.43
4199.81
4188.45
4177.3
4166.32
4155.47
4144.77
5000.6
5049.81
5027.98
4978.92
5004.47
4897.52
4116.31
4116.1
4115.99
4115.83
4115.61
4115.32
4114.95
4114.5
4113.95
4113.29
4112.54
4111.67
4110.7
4109.62
4108.44
4107.17
4105.83
4104.42
4103.1
4437.14
4418.99
4401.13
4383.6
4366.52
4349.97
4333.96
4318.53
4303.66
4289.35
4275.56
4262.27
4249.45
4237.05
4225.04
4213.37
4202.01
4190.92
4180.04
4169.33
4158.74
4148.29
4109.39
4109.14
4108.98
4108.78
4108.51
4108.19
4107.78
4107.3
4106.72
4106.05
4105.29
4104.43
4103.47
4102.42
4101.28
4100.08
4098.82
4097.65
4412.67
4395.93
4379.43
4363.22
4347.4
4332.03
4317.15
4302.76
4288.88
4275.49
4262.55
4250.06
4237.98
4226.27
4214.9
4203.83
4193.02
4182.42
4172
4161.7
4151.52
4102.46
4102.16
4101.97
4101.73
4101.43
4101.07
4100.64
4100.14
4099.54
4098.87
4098.11
4097.26
4096.33
4095.32
4094.24
4093.11
4092.07
4389.57
4374.12
4358.88
4343.89
4329.23
4314.97
4301.14
4287.74
4274.79
4262.26
4250.14
4238.41
4227.03
4215.99
4205.23
4194.72
4184.43
4174.32
4164.33
4154.45
4095.52
4095.19
4094.96
4094.68
4094.36
4093.98
4093.54
4093.01
4092.41
4091.75
4091
4090.17
4089.27
4088.31
4087.3
4086.39
4367.74
4353.48
4339.41
4325.55
4311.98
4298.76
4285.9
4273.44
4261.36
4249.66
4238.31
4227.31
4216.61
4206.19
4196.02
4186.05
4176.26
4166.61
4157.04
4088.57
4088.21
4087.95
4087.66
4087.31
4086.92
4086.47
4085.93
4085.35
4084.69
4083.96
4083.16
4082.31
4081.41
4080.62
4347.08
4333.93
4320.95
4308.15
4295.6
4283.34
4271.42
4259.83
4248.59
4237.67
4227.06
4216.74
4206.69
4196.87
4187.26
4177.82
4168.51
4159.29
4081.62
4081.23
4080.96
4080.65
4080.3
4079.9
4079.43
4078.92
4078.34
4077.7
4077
4076.24
4075.44
4074.76
4327.52
4315.41
4303.44
4291.63
4280.04
4268.7
4257.65
4246.9
4236.44
4226.27
4216.37
4206.71
4197.28
4188.04
4178.97
4170.02
4161.16
4074.67
4074.27
4073.99
4073.68
4073.32
4072.92
4072.46
4071.96
4071.39
4070.78
4070.11
4069.41
4068.82
4308.99
4297.85
4286.84
4275.96
4265.27
4254.8
4244.59
4234.63
4224.92
4215.46
4206.23
4197.21
4188.37
4179.68
4171.12
4162.65
4067.73
4067.33
4067.05
4066.73
4066.39
4065.98
4065.54
4065.05
4064.51
4063.93
4063.31
4062.81
4291.43
4281.2
4271.09
4261.1
4251.26
4241.62
4232.19
4222.99
4214
4205.23
4196.64
4188.22
4179.95
4171.8
4163.73
4060.81
4060.42
4060.14
4059.83
4059.49
4059.1
4058.67
4058.21
4057.7
4057.16
4056.74
4274.78
4265.42
4256.17
4247.01
4237.98
4229.13
4220.45
4211.97
4203.68
4195.55
4187.59
4179.75
4172.03
4164.39
4053.92
4053.54
4053.26
4052.97
4052.63
4052.27
4051.87
4051.43
4050.96
4050.62
4259
4250.47
4242.02
4233.66
4225.41
4217.31
4209.36
4201.57
4193.93
4186.44
4179.07
4171.8
4164.6
4047.07
4046.69
4046.44
4046.16
4045.83
4045.49
4045.12
4044.71
4044.44
4244.05
4236.31
4228.63
4221.03
4213.53
4206.14
4198.88
4191.76
4184.76
4177.88
4171.08
4164.35
4040.25
4039.88
4039.65
4039.38
4039.09
4038.77
4038.43
4038.23
4229.9
4222.9
4215.97
4209.1
4202.31
4195.61
4189.02
4182.54
4176.16
4169.86
4163.61
4033.45
4033.13
4032.91
4032.66
4032.4
4032.11
4031.97
4216.5
4210.23
4204.01
4197.84
4191.73
4185.71
4179.77
4173.91
4168.12
4162.38
4026.7
4026.42
4026.21
4026
4025.76
4025.67
4203.84
4198.26
4192.73
4187.24
4181.8
4176.42
4171.1
4165.84
4160.63
4020
4019.75
4019.57
4019.38
4019.35
4191.88
4186.98
4182.12
4177.28
4172.49
4167.73
4163.03
4158.35
4013.36
4013.13
4012.98
4012.99
4180.61
4176.36
4172.15
4167.95
4163.79
4159.65
4155.53
4006.75
4006.55
4006.61
4170
4166.4
4162.82
4159.25
4155.69
4152.15
4000.2
4000.21
4160.05
4157.07
4154.11
4151.15
4148.21
3993.87
4150.74
4148.37
4146.02
4143.68
4142.05
4140.29
4138.56
4133.98
4132.86
4126.59
)
;

boundaryField
{
    lowerOutlet
    {
        type            MarshakRadiation;
        refValue        nonuniform List<scalar> 
144
(
1837.21
1837.21
1837.21
1837.21
1837.21
1837.21
1837.21
1837.21
1837.21
1837.21
1837.21
1837.21
1837.21
1837.21
1837.21
1837.21
1837.21
1837.21
1837.21
1837.21
1837.21
1837.21
1837.21
1837.21
1837.21
1837.21
1837.21
1837.21
1837.21
1837.21
1837.21
1837.21
1837.21
1837.21
1837.21
1837.21
1837.21
1837.21
1837.21
1837.21
1837.21
1837.21
1851.6
1864.71
1864.91
1844.67
1837.21
1837.21
17540.8
1837.21
1837.21
1837.21
1837.21
1837.21
1837.21
1837.21
1837.21
1837.21
1837.21
1837.21
1837.21
1837.21
1837.21
1837.21
1837.21
1837.21
1837.21
1837.21
1837.21
1837.21
1837.21
1837.21
1837.21
1837.21
1837.21
1837.21
1837.21
1837.21
1837.21
1837.21
1837.21
1837.21
1837.21
1837.21
1837.21
1837.21
1837.21
1837.21
1837.21
1837.21
1837.21
1837.21
1837.21
1837.21
1837.21
1837.21
1837.21
1837.21
1837.21
1847.1
1857.18
1865.33
1849.89
1837.21
1837.21
4669.11
1837.21
1837.21
1837.21
1837.21
1837.21
1837.21
1837.21
1837.21
1837.21
1837.21
1837.21
1861.29
1840.7
1837.21
1837.21
1837.21
1983.73
1837.21
1837.21
1837.21
1837.21
1863.05
1855.81
1837.21
1837.21
1837.21
1837.21
1837.21
1837.21
1837.21
1837.21
1837.21
1837.21
1837.21
1837.21
1837.21
1837.21
1837.21
)
;
        refGradient     uniform 0;
        valueFraction   nonuniform List<scalar> 
144
(
0.00149112
0.00148975
0.00148879
0.00148758
0.00148615
0.00148459
0.00148293
0.00148121
0.00147941
0.0014776
0.00147573
0.00147386
0.00147199
0.00147007
0.00146814
0.00146624
0.0014643
0.00146238
0.00146043
0.0014585
0.00145656
0.00145461
0.00145269
0.00145093
0.00145025
0.00145013
0.00145002
0.00144988
0.00144975
0.0014496
0.0014493
0.0014481
0.00144588
0.000693343
0.000686469
0.000678692
0.000672638
0.000669068
0.000666994
0.000666252
0.00066352
0.000661621
0.000691416
0.000738273
0.000310739
0.000281807
0.000280138
0.000311963
0.00625716
0.000319845
0.000279139
0.000269382
0.000266915
0.000644496
0.000649526
0.000657149
0.000665278
0.000666515
0.000668019
0.000670231
0.000675273
0.000681597
0.000688673
0.00144514
0.0014481
0.0014493
0.0014496
0.00144975
0.00144988
0.00145002
0.00145013
0.00145025
0.00145093
0.00145269
0.00145461
0.00145656
0.0014585
0.00146043
0.00146238
0.0014643
0.00146624
0.00146814
0.00147007
0.00147199
0.00147386
0.00147573
0.0014776
0.00147941
0.00148121
0.00148293
0.00148459
0.00148615
0.00148758
0.00148879
0.00148975
0.00149112
0.000666533
0.000665606
0.000660682
0.000675737
0.000711138
0.000310398
0.000290552
0.00027668
0.000300945
0.00306848
0.000327579
0.000288602
0.000269611
0.00026707
0.000641947
0.000647115
0.000652449
0.000662333
0.000666177
0.00066699
0.000668021
0.000306948
0.000276203
0.000285652
0.000325362
0.00047292
0.000516617
0.000274626
0.000269086
0.000267167
0.000669065
0.000306696
0.000299823
0.00027483
0.000292562
0.000341125
0.00034653
0.000316687
0.000271382
0.000268038
0.000690362
0.000682408
0.000675417
0.000670243
0.000672562
0.000678273
0.000685196
0.000691561
)
;
        value           nonuniform List<scalar> 
144
(
4294.88
4302.98
4311.95
4321.76
4332.4
4343.89
4356.27
4369.54
4383.74
4398.91
4415.07
4432.29
4450.59
4470.06
4490.74
4512.72
4536.08
4560.91
4587.33
4615.46
4645.45
4677.46
4711.68
4748.36
4787.81
4830.31
4876.18
4925.85
4979.83
5038.71
5103.24
5174.32
5253.07
5319.72
5415.68
5524.15
5647.82
5790.09
5955.71
6151.25
6386.35
6674.33
7031.92
7482.29
7980.87
8652.78
9391.62
10212.4
10470.4
8844.79
7609.5
6940.47
6496.32
6128.39
5879.5
5679.22
5514.46
5377.06
5260.25
5159.54
5071.57
4994.01
4925.02
4847.61
4793.11
4743.44
4697.92
4655.99
4617.2
4581.17
4547.59
4516.2
4486.82
4459.27
4433.36
4408.92
4385.85
4364.05
4343.41
4323.88
4305.37
4287.82
4271.2
4255.44
4240.51
4226.37
4212.99
4200.34
4188.39
4177.13
4166.54
4156.6
4147.3
4138.62
4130.56
4123.17
6049.24
6263.06
6522.9
6842.99
7243.48
7829.03
8477.06
9200.09
10000.1
10852.9
9145.93
7841.4
7079.97
6593.9
6278.01
5996.73
5774.33
5592.91
5442.83
5316.41
5869.61
8140.13
8831.54
9588.46
10424.1
9791.36
8478.86
7409.53
6814.25
6405.77
5208.11
7685.88
8305.79
9013.58
9791.48
10622.3
9452.04
8113.73
7234.94
6699.37
5366.28
5468.2
5583.9
5716.39
5114.12
5031.61
4958.55
4893.27
)
;
        emissivityMode  lookup;
        emissivity      uniform 1;
    }
    top
    {
        type            MarshakRadiation;
        refValue        nonuniform List<scalar> 
100
(
1840.66
1842.17
1842.04
1841.47
1837.21
1837.21
1837.21
1837.21
1844.01
1848.99
1852.02
1853.15
1854.27
1856.2
1859.08
1862.69
1866.47
1868.82
1871.07
1873.26
1874.76
1875.61
1876.02
1876.35
1877.5
1881.6
1891.05
1904.77
1916.6
1920.78
1917.9
1908.64
1895.02
1881.21
1875.22
1873.63
1873.16
1873
1872.97
1873.03
1873.27
1873.54
1873.86
1874.2
1874.5
1874.65
1874.7
1874.91
1875.1
1875.38
1875.64
1875.81
1875.9
1876.02
1876.13
1876.18
1876.17
1876.12
1876.01
1875.82
1875.59
1875.14
1874.8
1874.37
1873.93
1873.35
1872.92
1872.39
1871.98
1871.63
1871.27
1871.05
1870.79
1870.66
1870.59
1870.62
1870.57
1870.52
1869.89
1868.67
1865.07
1837.21
1837.21
1837.21
1837.21
1837.21
1837.21
1837.21
1837.21
1837.21
1837.21
1837.21
1837.21
1837.21
1837.21
1837.21
1843.79
1844.79
1844.19
1841.06
)
;
        refGradient     uniform 0;
        valueFraction   nonuniform List<scalar> 
100
(
0.00145797
0.001457
0.00145631
0.00145328
0.00144774
0.00144272
0.00144028
0.00144013
0.001441
0.00144197
0.00144207
0.00143996
0.00143615
0.0014333
0.00143346
0.00143509
0.00143711
0.00143924
0.00144149
0.00144389
0.00144651
0.00144937
0.00145285
0.00145857
0.00147246
0.00151083
0.00159338
0.00170786
0.00180342
0.00183822
0.00181909
0.0017514
0.00164944
0.00154444
0.00150096
0.00149218
0.00149101
0.00149085
0.00149076
0.00149069
0.00149064
0.00149061
0.00149058
0.00149054
0.0014905
0.0014905
0.0014905
0.00149047
0.00149047
0.00149052
0.00149052
0.00149047
0.00149047
0.0014905
0.0014905
0.0014905
0.00149054
0.00149058
0.00149061
0.00149064
0.00149069
0.00149076
0.00149084
0.00149088
0.00149091
0.00149105
0.00149132
0.00149018
0.00148708
0.00148269
0.00147814
0.00147374
0.00146956
0.00146561
0.00146186
0.00145838
0.00145512
0.00145207
0.00144919
0.00144646
0.00144388
0.00144148
0.00143924
0.00143711
0.00143509
0.00143338
0.00143269
0.00143383
0.00143554
0.00143621
0.00143562
0.00143475
0.00143497
0.00143866
0.00144704
0.00145484
0.00145751
0.00145747
0.00145712
0.00145771
)
;
        value           nonuniform List<scalar> 
100
(
4089.93
4096.44
4103.09
4109.68
4116.21
4122.7
4129.11
4135.46
4141.75
4147.95
4154.06
4160.08
4166.01
4171.81
4177.49
4183.02
4188.42
4193.65
4198.73
4203.63
4208.34
4212.85
4217.14
4221.2
4224.97
4228.43
4231.57
4234.62
4237.92
4241.66
4245.74
4249.98
4254.14
4257.95
4261.11
4263.74
4265.96
4267.84
4269.41
4270.66
4271.62
4272.28
4272.66
4272.75
4272.57
4272.12
4271.39
4270.39
4269.14
4267.63
4265.86
4263.84
4261.58
4259.07
4256.34
4253.36
4250.17
4246.74
4243.1
4239.25
4235.19
4230.92
4226.46
4221.8
4216.96
4211.94
4206.75
4201.39
4195.86
4190.18
4184.36
4178.4
4172.31
4166.11
4159.79
4153.37
4146.85
4140.25
4133.57
4126.8
4119.97
4113.03
4106.12
4099.2
4092.27
4085.34
4078.4
4071.46
4064.52
4057.62
4050.74
4043.9
4037.09
4030.29
4023.53
4016.82
4010.19
4003.6
3997.05
3990.73
)
;
        emissivityMode  lookup;
        emissivity      uniform 1;
    }
    sides
    {
        type            MarshakRadiation;
        refValue        uniform 1837.21;
        refGradient     uniform 0;
        valueFraction   nonuniform List<scalar> 
100
(
0.00147415
0.00147877
0.00148339
0.00148778
0.0014909
0.00149207
0.00149201
0.00149203
0.00149204
0.00149202
0.001492
0.00149201
0.00149205
0.00149204
0.00149204
0.00149204
0.00149208
0.00149219
0.00149114
0.00148831
0.00148426
0.00148
0.00147581
0.00147179
0.00146792
0.00146426
0.00146079
0.00145744
0.00145427
0.00145127
0.00144843
0.00144573
0.0014432
0.00144075
0.00143843
0.00143622
0.00143412
0.00143213
0.00143023
0.00142844
0.00142671
0.00142504
0.00142352
0.00142202
0.0014206
0.00141925
0.00141794
0.0014167
0.00141554
0.00141439
0.00147415
0.00147877
0.00148339
0.00148778
0.0014909
0.00149207
0.00149201
0.00149203
0.00149202
0.00149201
0.00149199
0.00149198
0.00149197
0.00149197
0.001492
0.00149204
0.00149211
0.00149167
0.00148971
0.00148627
0.0014821
0.00147787
0.00147373
0.00146976
0.00146602
0.00146242
0.001459
0.00145572
0.00145267
0.00144969
0.00144697
0.00144442
0.00144196
0.00143963
0.00143742
0.00143532
0.0014333
0.00143134
0.00142953
0.00142776
0.00142606
0.0014245
0.001423
0.00142153
0.00142015
0.00141884
0.00141756
0.00141632
0.00141515
0.00141421
)
;
        value           nonuniform List<scalar> 
100
(
4294.92
4301.49
4307.28
4312.29
4316.52
4319.98
4322.69
4324.67
4325.93
4326.5
4326.39
4325.65
4324.28
4322.34
4319.83
4316.8
4313.28
4309.29
4304.87
4300.05
4294.86
4289.33
4283.49
4277.38
4271.01
4264.43
4257.65
4250.7
4243.6
4236.38
4229.06
4221.66
4214.2
4206.69
4199.15
4191.59
4184.04
4176.49
4168.97
4161.49
4154.04
4146.64
4139.31
4132.03
4124.82
4117.69
4110.63
4103.65
4096.75
4090.02
4123.21
4129.46
4135.15
4140.25
4144.76
4148.7
4152.07
4154.89
4157.16
4158.91
4160.14
4160.87
4161.13
4160.92
4160.26
4159.18
4157.7
4155.83
4153.59
4151
4148.09
4144.88
4141.37
4137.6
4133.58
4129.32
4124.86
4120.19
4115.34
4110.32
4105.14
4099.83
4094.39
4088.83
4083.16
4077.4
4071.55
4065.63
4059.63
4053.58
4047.46
4041.3
4035.09
4028.85
4022.57
4016.25
4009.91
4003.54
3997.15
3990.82
)
;
        emissivityMode  lookup;
        emissivity      uniform 1;
    }
    front
    {
        type            empty;
    }
    back
    {
        type            empty;
    }
    roller
    {
        type            MarshakRadiation;
        refValue        uniform 1837.21;
        refGradient     uniform 0;
        valueFraction   nonuniform List<scalar> 
144
(
0.000116437
0.000110063
0.000118284
0.00011897
0.000101146
0.00010427
0.000118638
0.000117547
0.000109844
0.000112727
0.00011563
0.000114341
0.000112716
0.000116843
0.000110663
0.000105812
0.000103304
0.000119628
0.000101203
0.000119711
0.000119574
0.000119345
0.000105429
0.000118896
0.000107851
0.000116561
0.000111723
0.000110253
0.000117267
0.000116157
0.000105182
0.000102957
0.00011935
0.000119508
0.000101065
0.000119542
0.00011928
0.000119202
0.000118471
0.000113684
0.000112527
0.000115953
0.000114763
0.000113183
0.000117924
0.000117015
0.000117567
0.000111209
0.000108872
0.000106423
0.00011964
0.000101406
0.000119679
0.000119407
0.000105015
0.000108249
0.000116429
0.000115382
0.000114065
0.000112384
0.000119644
0.000101025
0.000101256
0.00010184
0.000103017
0.000119593
0.000115716
0.000117769
0.000108358
0.000107657
0.000107128
0.000119277
0.000101969
0.000119886
0.000119764
0.000101654
0.000119738
0.000119895
0.000102755
0.000119843
0.000103855
0.000104675
0.000107373
0.0001179
0.000118054
0.000109355
0.000115972
0.000112953
0.000115017
0.000113617
0.000111822
0.000109565
0.000118152
0.000118529
0.000118877
0.000119162
0.000101565
0.000101465
0.000119667
0.00010135
0.000102118
0.000103226
0.000103519
0.000106363
0.000118197
0.000117272
0.000110635
0.000111016
0.000115604
0.000115264
0.000115185
0.000114957
0.000114352
0.000114217
0.0001135
0.000118719
0.00010445
0.00010376
0.000119232
0.0001023
0.000101074
0.000119784
0.00011974
0.000101457
0.000119794
0.000119809
0.000102395
0.000119712
0.000119634
0.000105943
0.000118996
0.000106827
0.000108718
0.000116805
0.000117029
0.000116278
0.000112155
0.000111393
0.000115463
0.000114553
0.000114655
0.000113907
0.000114067
0.000113253
)
;
        value           nonuniform List<scalar> 
144
(
10809.1
10108.2
8586.25
7513.9
5565.25
4844.43
4899.32
4758.56
4632.35
4589.36
11718.5
12374.9
11948.5
10571
10444.7
7590.91
6528.88
6451.56
5654.43
6072.31
5292.64
5117.27
4774.47
4941.77
4677.24
4682.79
4599.46
4624.61
9939.76
11133.1
7273.09
6332.34
6833.74
6700.6
5501.91
5198.9
5070.87
5029.6
4869.55
4585.56
4592.17
11471.7
12289.8
12168
9090.8
10243.7
9641.82
10891.9
9237.31
7870.82
6572.54
5747.88
6169.16
5151.53
4791.5
4665.53
4668.96
11946.1
12385.7
11671.5
6331.93
5374.22
5303.73
5113.62
4963.85
5252.66
4633.97
9365.06
8842.87
8495.06
8161.78
6977.43
6069.15
5973.45
5762.56
5157.91
5696.39
5514.79
4996.96
5460.68
4866.31
4815.76
4694.57
4780.14
4804.25
4640.95
4644.79
4587.46
12141.9
12316.3
11351.4
9647.46
8838.95
8284.99
7752.27
7290.82
5953.67
5846.78
6246.22
5253
5071.97
4933.71
4897.2
4732.98
4839.56
4732.6
4615.55
4609.52
4626.6
4612.69
4605.83
4601.23
4590.98
4588.8
4585.87
8008.83
6995.12
6748.36
7126.81
6194.45
5445.34
5901.11
5830.87
5204.43
5632.94
5572.51
5033.17
5410.2
5347.53
4752.03
4989.19
4714.83
4654.03
4697.81
4714.45
4656.44
4595.36
4604.03
4620.23
4593.81
4597.23
4586.23
4587.24
4586.44
)
;
        emissivityMode  lookup;
        emissivity      uniform 1;
    }
    burner
    {
        type            MarshakRadiation;
        refValue        uniform 270452;
        refGradient     uniform 0;
        valueFraction   nonuniform List<scalar> 
16
(
0.007556
0.010395
0.0106828
0.0109894
0.010232
0.0105978
0.0109172
0.0109619
0.0083931
0.0104345
0.0107573
0.0110704
0.0094881
0.0104998
0.0108362
0.0110818
)
;
        value           nonuniform List<scalar> 
16
(
13812.4
18281.2
22419.2
24013.9
17219.6
21367.4
24095.4
18079.1
14882.4
19193
23190.2
23273.7
16101
20181.7
23775.3
21515.8
)
;
        emissivityMode  lookup;
        emissivity      uniform 1;
    }
}


// ************************************************************************* //
