/*--------------------------------*- C++ -*----------------------------------*\
  =========                 |
  \\      /  F ield         | OpenFOAM: The Open Source CFD Toolbox
   \\    /   O peration     | Website:  https://openfoam.org
    \\  /    A nd           | Version:  dev
     \\/     M anipulation  |
\*---------------------------------------------------------------------------*/
FoamFile
{
    version     2.0;
    format      ascii;
    class       volScalarField;
    location    "2500";
    object      N2;
}
// * * * * * * * * * * * * * * * * * * * * * * * * * * * * * * * * * * * * * //

dimensions      [0 0 0 0 0 0 0];

internalField   nonuniform List<scalar> 
9851
(
0.76699
0.76699
0.76699
0.76699
0.76699
0.76699
0.76699
0.76699
0.76699
0.76699
0.76699
0.76699
0.76699
0.76699
0.76699
0.76699
0.76699
0.76699
0.76699
0.76699
0.76699
0.76699
0.76699
0.76699
0.76699
0.76699
0.76699
0.76699
0.76699
0.76699
0.76699
0.76699
0.76699
0.76699
0.76699
0.76699
0.76699
0.76699
0.76699
0.76699
0.76699
0.76699
0.76699
0.76699
0.76699
0.76699
0.76699
0.76699
0.76699
0.76699
0.76699
0.76699
0.76699
0.76699
0.76699
0.76699
0.76699
0.76699
0.76699
0.76699
0.76699
0.76699
0.76699
0.76699
0.76699
0.76699
0.76699
0.76699
0.76699
0.76699
0.76699
0.76699
0.76699
0.76699
0.76699
0.76699
0.76699
0.76699
0.76699
0.76699
0.76699
0.76699
0.76699
0.76699
0.76699
0.76699
0.76699
0.76699
0.76699
0.76699
0.76699
0.76699
0.76699
0.76699
0.76699
0.76699
0.76699
0.76699
0.76699
0.76699
0.76699
0.76699
0.76699
0.76699
0.76699
0.76699
0.76699
0.76699
0.76699
0.76699
0.76699
0.76699
0.76699
0.76699
0.76699
0.76699
0.76699
0.76699
0.76699
0.76699
0.76699
0.76699
0.76699
0.76699
0.76699
0.76699
0.76699
0.76699
0.76699
0.76699
0.76699
0.76699
0.76699
0.76699
0.76699
0.76699
0.76699
0.76699
0.76699
0.76699
0.76699
0.76699
0.76699
0.76699
0.76699
0.76699
0.76699
0.76699
0.76699
0.76699
0.76699
0.76699
0.76699
0.76699
0.76699
0.76699
0.76699
0.76699
0.76699
0.76699
0.76699
0.76699
0.76699
0.76699
0.76699
0.76699
0.76699
0.76699
0.76699
0.76699
0.76699
0.76699
0.76699
0.76699
0.76699
0.76699
0.76699
0.76699
0.76699
0.76699
0.76699
0.76699
0.76699
0.76699
0.76699
0.76699
0.76699
0.76699
0.76699
0.76699
0.76699
0.76699
0.76699
0.76699
0.76699
0.76699
0.76699
0.76699
0.76699
0.76699
0.76699
0.76699
0.76699
0.76699
0.76699
0.76699
0.76699
0.76699
0.76699
0.76699
0.76699
0.76699
0.76699
0.76699
0.76699
0.76699
0.76699
0.76699
0.76699
0.76699
0.76699
0.76699
0.76699
0.76699
0.76699
0.76699
0.76699
0.76699
0.76699
0.76699
0.76699
0.76699
0.76699
0.76699
0.76699
0.76699
0.76699
0.76699
0.76699
0.76699
0.76699
0.76699
0.76699
0.76699
0.76699
0.76699
0.76699
0.76699
0.76699
0.76699
0.76699
0.76699
0.76699
0.76699
0.76699
0.76699
0.76699
0.76699
0.76699
0.76699
0.76699
0.76699
0.76699
0.76699
0.76699
0.76699
0.76699
0.76699
0.76699
0.76699
0.76699
0.76699
0.76699
0.76699
0.76699
0.76699
0.76699
0.76699
0.76699
0.76699
0.76699
0.76699
0.76699
0.76699
0.76699
0.76699
0.76699
0.76699
0.76699
0.76699
0.76699
0.76699
0.76699
0.76699
0.76699
0.76699
0.76699
0.76699
0.76699
0.76699
0.76699
0.76699
0.76699
0.76699
0.76699
0.76699
0.76699
0.76699
0.76699
0.76699
0.76699
0.76699
0.76699
0.76699
0.76699
0.76699
0.76699
0.76699
0.76699
0.76699
0.76699
0.76699
0.76699
0.76699
0.76699
0.76699
0.76699
0.76699
0.76699
0.76699
0.76699
0.76699
0.76699
0.76699
0.76699
0.76699
0.76699
0.76699
0.76699
0.76699
0.76699
0.76699
0.76699
0.76699
0.76699
0.76699
0.76699
0.76699
0.76699
0.76699
0.76699
0.76699
0.76699
0.76699
0.76699
0.76699
0.76699
0.76699
0.76699
0.76699
0.76699
0.76699
0.76699
0.76699
0.76699
0.76699
0.76699
0.76699
0.76699
0.76699
0.76699
0.76699
0.76699
0.76699
0.76699
0.76699
0.76699
0.76699
0.76699
0.76699
0.76699
0.76699
0.76699
0.76699
0.76699
0.76699
0.76699
0.76699
0.76699
0.76699
0.76699
0.76699
0.76699
0.76699
0.76699
0.76699
0.76699
0.76699
0.76699
0.76699
0.76699
0.76699
0.76699
0.76699
0.76699
0.76699
0.76699
0.76699
0.76699
0.76699
0.76699
0.76699
0.76699
0.76699
0.76699
0.76699
0.76699
0.76699
0.76699
0.76699
0.76699
0.76699
0.76699
0.76699
0.76699
0.76699
0.76699
0.76699
0.76699
0.76699
0.76699
0.76699
0.76699
0.76699
0.76699
0.76699
0.76699
0.76699
0.76699
0.76699
0.76699
0.76699
0.76699
0.76699
0.76699
0.76699
0.76699
0.76699
0.76699
0.76699
0.76699
0.76699
0.76699
0.76699
0.76699
0.76699
0.76699
0.76699
0.76699
0.76699
0.76699
0.76699
0.76699
0.76699
0.76699
0.76699
0.76699
0.76699
0.76699
0.76699
0.76699
0.76699
0.76699
0.76699
0.76699
0.76699
0.76699
0.76699
0.76699
0.76699
0.76699
0.76699
0.76699
0.76699
0.76699
0.76699
0.76699
0.76699
0.76699
0.76699
0.76699
0.76699
0.76699
0.76699
0.76699
0.76699
0.76699
0.76699
0.76699
0.76699
0.76699
0.76699
0.76699
0.76699
0.76699
0.76699
0.76699
0.76699
0.76699
0.76699
0.76699
0.76699
0.76699
0.76699
0.76699
0.76699
0.76699
0.76699
0.76699
0.76699
0.76699
0.76699
0.76699
0.76699
0.76699
0.76699
0.76699
0.76699
0.76699
0.76699
0.76699
0.76699
0.76699
0.76699
0.76699
0.76699
0.76699
0.76699
0.76699
0.76699
0.76699
0.76699
0.76699
0.76699
0.76699
0.76699
0.76699
0.76699
0.76699
0.76699
0.76699
0.76699
0.76699
0.76699
0.76699
0.76699
0.76699
0.76699
0.76699
0.76699
0.76699
0.76699
0.76699
0.76699
0.76699
0.76699
0.76699
0.76699
0.76699
0.76699
0.76699
0.76699
0.76699
0.76699
0.76699
0.76699
0.76699
0.76699
0.76699
0.76699
0.76699
0.76699
0.76699
0.76699
0.76699
0.76699
0.76699
0.76699
0.76699
0.76699
0.76699
0.76699
0.76699
0.76699
0.76699
0.76699
0.76699
0.76699
0.76699
0.76699
0.76699
0.76699
0.76699
0.76699
0.76699
0.76699
0.76699
0.76699
0.76699
0.76699
0.76699
0.76699
0.76699
0.76699
0.76699
0.76699
0.76699
0.76699
0.76699
0.76699
0.76699
0.76699
0.76699
0.76699
0.76699
0.76699
0.76699
0.76699
0.76699
0.76699
0.76699
0.76699
0.76699
0.76699
0.76699
0.76699
0.76699
0.76699
0.76699
0.76699
0.76699
0.76699
0.76699
0.76699
0.76699
0.76699
0.76699
0.76699
0.76699
0.76699
0.76699
0.76699
0.76699
0.76699
0.76699
0.76699
0.76699
0.76699
0.76699
0.76699
0.76699
0.76699
0.76699
0.76699
0.76699
0.76699
0.76699
0.76699
0.76699
0.76699
0.76699
0.76699
0.76699
0.76699
0.76699
0.76699
0.76699
0.76699
0.76699
0.76699
0.76699
0.76699
0.76699
0.76699
0.76699
0.76699
0.76699
0.76699
0.76699
0.76699
0.76699
0.76699
0.76699
0.76699
0.76699
0.76699
0.76699
0.76699
0.76699
0.76699
0.76699
0.76699
0.76699
0.76699
0.76699
0.76699
0.76699
0.76699
0.76699
0.76699
0.76699
0.76699
0.76699
0.76699
0.76699
0.76699
0.76699
0.76699
0.76699
0.76699
0.76699
0.76699
0.76699
0.76699
0.76699
0.76699
0.76699
0.76699
0.76699
0.76699
0.76699
0.76699
0.76699
0.76699
0.76699
0.76699
0.76699
0.76699
0.76699
0.76699
0.76699
0.76699
0.76699
0.76699
0.76699
0.76699
0.76699
0.76699
0.76699
0.76699
0.76699
0.76699
0.76699
0.76699
0.76699
0.76699
0.76699
0.76699
0.76699
0.76699
0.76699
0.76699
0.76699
0.76699
0.76699
0.76699
0.76699
0.76699
0.76699
0.76699
0.76699
0.76699
0.76699
0.76699
0.76699
0.76699
0.76699
0.76699
0.76699
0.76699
0.76699
0.76699
0.76699
0.76699
0.76699
0.76699
0.76699
0.76699
0.76699
0.76699
0.76699
0.76699
0.76699
0.76699
0.76699
0.76699
0.76699
0.76699
0.76699
0.76699
0.76699
0.76699
0.76699
0.76699
0.76699
0.76699
0.76699
0.76699
0.76699
0.76699
0.76699
0.76699
0.76699
0.76699
0.76699
0.76699
0.76699
0.76699
0.76699
0.76699
0.76699
0.76699
0.76699
0.76699
0.76699
0.76699
0.76699
0.76699
0.76699
0.76699
0.76699
0.76699
0.76699
0.76699
0.76699
0.76699
0.76699
0.76699
0.76699
0.76699
0.76699
0.76699
0.76699
0.76699
0.76699
0.76699
0.76699
0.76699
0.76699
0.76699
0.76699
0.76699
0.76699
0.76699
0.76699
0.76699
0.76699
0.76699
0.76699
0.76699
0.76699
0.76699
0.76699
0.76699
0.76699
0.76699
0.76699
0.76699
0.76699
0.76699
0.76699
0.76699
0.76699
0.76699
0.76699
0.76699
0.76699
0.76699
0.76699
0.76699
0.76699
0.76699
0.76699
0.76699
0.76699
0.766989
0.766989
0.766988
0.766989
0.766988
0.766989
0.766989
0.76699
0.766989
0.76699
0.76699
0.76699
0.76699
0.76699
0.76699
0.76699
0.76699
0.76699
0.76699
0.76699
0.76699
0.76699
0.76699
0.76699
0.76699
0.76699
0.76699
0.76699
0.76699
0.76699
0.76699
0.76699
0.76699
0.76699
0.76699
0.76699
0.76699
0.76699
0.76699
0.76699
0.76699
0.76699
0.76699
0.76699
0.76699
0.76699
0.76699
0.76699
0.76699
0.766989
0.766987
0.766986
0.766982
0.766986
0.766981
0.766986
0.766982
0.766988
0.766984
0.766989
0.766986
0.76699
0.766988
0.766989
0.76699
0.766989
0.766989
0.76699
0.76699
0.76699
0.76699
0.76699
0.76699
0.76699
0.76699
0.76699
0.76699
0.76699
0.76699
0.76699
0.76699
0.76699
0.76699
0.76699
0.76699
0.76699
0.76699
0.76699
0.76699
0.76699
0.76699
0.76699
0.76699
0.76699
0.76699
0.76699
0.76699
0.76699
0.76699
0.76699
0.76699
0.766988
0.766982
0.766976
0.766967
0.766973
0.766961
0.766972
0.766957
0.766975
0.766958
0.766979
0.766965
0.766984
0.766974
0.766988
0.766982
0.766987
0.76699
0.766987
0.766988
0.76699
0.76699
0.76699
0.76699
0.76699
0.76699
0.76699
0.76699
0.76699
0.76699
0.76699
0.76699
0.76699
0.76699
0.76699
0.76699
0.76699
0.76699
0.76699
0.76699
0.76699
0.76699
0.76699
0.76699
0.76699
0.76699
0.76699
0.76699
0.76699
0.76699
0.76699
0.76699
0.76699
0.766989
0.766987
0.766976
0.766958
0.766946
0.766947
0.766931
0.766939
0.766919
0.766937
0.766912
0.766941
0.766912
0.766952
0.76692
0.766968
0.766938
0.766981
0.766962
0.76698
0.766988
0.76698
0.766981
0.76699
0.766989
0.76699
0.76699
0.76699
0.76699
0.76699
0.76699
0.76699
0.76699
0.76699
0.76699
0.76699
0.76699
0.76699
0.76699
0.76699
0.76699
0.76699
0.76699
0.76699
0.76699
0.76699
0.76699
0.76699
0.76699
0.76699
0.76699
0.76699
0.76699
0.76699
0.76699
0.76699
0.766989
0.766984
0.766962
0.766933
0.766928
0.766916
0.766899
0.766899
0.766879
0.766887
0.766863
0.766882
0.766852
0.766885
0.766851
0.766899
0.766859
0.766925
0.76688
0.766958
0.766914
0.766956
0.766983
0.766956
0.76696
0.766989
0.766985
0.76699
0.76699
0.76699
0.76699
0.76699
0.76699
0.76699
0.76699
0.76699
0.76699
0.76699
0.76699
0.76699
0.76699
0.76699
0.76699
0.76699
0.76699
0.76699
0.76699
0.76699
0.76699
0.76699
0.76699
0.76699
0.76699
0.76699
0.76699
0.76699
0.76699
0.76699
0.766988
0.76698
0.766948
0.766879
0.766887
0.766864
0.766861
0.766844
0.76684
0.766819
0.766825
0.7668
0.766818
0.766788
0.766821
0.766786
0.766835
0.766794
0.766863
0.766815
0.766907
0.766851
0.766904
0.766967
0.766907
0.766916
0.766988
0.766975
0.76699
0.766989
0.76699
0.76699
0.76699
0.76699
0.76699
0.76699
0.76699
0.76699
0.76699
0.76699
0.76699
0.76699
0.76699
0.76699
0.76699
0.76699
0.76699
0.76699
0.76699
0.76699
0.76699
0.76699
0.76699
0.76699
0.76699
0.76699
0.76699
0.76699
0.766989
0.766987
0.766976
0.766936
0.766858
0.766802
0.76679
0.766828
0.766813
0.766801
0.766784
0.766778
0.766759
0.766762
0.76674
0.766755
0.766729
0.766758
0.766726
0.766771
0.766733
0.766798
0.766752
0.766844
0.766787
0.766841
0.766931
0.766845
0.766856
0.766982
0.766949
0.76699
0.766987
0.76699
0.76699
0.76699
0.76699
0.76699
0.76699
0.76699
0.76699
0.76699
0.76699
0.76699
0.76699
0.76699
0.76699
0.76699
0.76699
0.76699
0.76699
0.76699
0.76699
0.76699
0.76699
0.76699
0.76699
0.76699
0.76699
0.766989
0.766989
0.766988
0.766985
0.76697
0.766924
0.766843
0.76678
0.766771
0.766745
0.766735
0.766769
0.766756
0.766742
0.766727
0.766721
0.766705
0.766707
0.766688
0.7667
0.766679
0.766702
0.766678
0.766714
0.766684
0.766739
0.7667
0.766781
0.76673
0.76678
0.766876
0.766786
0.766799
0.766966
0.766904
0.766989
0.76698
0.76699
0.76699
0.76699
0.76699
0.76699
0.76699
0.76699
0.76699
0.76699
0.76699
0.76699
0.76699
0.76699
0.76699
0.76699
0.76699
0.76699
0.76699
0.76699
0.76699
0.76699
0.76699
0.76699
0.76699
0.766989
0.766989
0.766988
0.766987
0.766986
0.766982
0.766963
0.766912
0.766829
0.766762
0.766762
0.766727
0.76672
0.766696
0.766689
0.766715
0.766705
0.766691
0.76668
0.766674
0.766663
0.766664
0.766654
0.766661
0.76665
0.766663
0.766651
0.766671
0.766655
0.76669
0.766664
0.766726
0.766686
0.766728
0.76682
0.766735
0.766749
0.766935
0.766851
0.766988
0.766966
0.76699
0.76699
0.76699
0.76699
0.76699
0.76699
0.76699
0.76699
0.76699
0.76699
0.76699
0.76699
0.76699
0.76699
0.76699
0.76699
0.76699
0.76699
0.76699
0.76699
0.76699
0.76699
0.76699
0.766989
0.766988
0.766986
0.766984
0.766982
0.76698
0.766974
0.766952
0.766901
0.766816
0.766724
0.766715
0.766703
0.766683
0.766678
0.766659
0.766655
0.766671
0.766665
0.766655
0.76665
0.766647
0.766643
0.766644
0.766641
0.766645
0.766642
0.766647
0.766643
0.766651
0.766646
0.766662
0.766651
0.766685
0.766662
0.766689
0.766771
0.766697
0.76671
0.766893
0.766804
0.766984
0.766941
0.76699
0.76699
0.76699
0.76699
0.76699
0.76699
0.76699
0.76699
0.76699
0.76699
0.76699
0.76699
0.76699
0.76699
0.76699
0.76699
0.76699
0.76699
0.76699
0.76699
0.76699
0.766989
0.766988
0.766984
0.766979
0.766973
0.76697
0.766967
0.766961
0.766939
0.766888
0.766805
0.766716
0.766669
0.766668
0.766675
0.766671
0.766653
0.766651
0.766641
0.76664
0.766646
0.766643
0.76664
0.766639
0.766639
0.766639
0.766641
0.766642
0.766644
0.766647
0.766646
0.766651
0.766649
0.766654
0.766653
0.766654
0.766665
0.766656
0.766669
0.766731
0.766677
0.766687
0.766851
0.766764
0.766971
0.76691
0.76699
0.76699
0.76699
0.76699
0.76699
0.76699
0.76699
0.76699
0.76699
0.76699
0.76699
0.76699
0.76699
0.76699
0.76699
0.76699
0.76699
0.76699
0.76699
0.76699
0.766989
0.766985
0.766976
0.766963
0.766953
0.766948
0.766947
0.766943
0.766923
0.766873
0.766792
0.766709
0.766667
0.766668
0.766649
0.76665
0.76665
0.766649
0.76664
0.76664
0.766637
0.766638
0.766638
0.766637
0.766639
0.76664
0.766645
0.766648
0.766653
0.766661
0.766661
0.766673
0.766665
0.766681
0.766665
0.766683
0.766662
0.766678
0.766661
0.766669
0.766667
0.766704
0.766673
0.766679
0.766685
0.766812
0.766733
0.766957
0.76688
0.76699
0.76699
0.76699
0.76699
0.76699
0.76699
0.76699
0.76699
0.76699
0.76699
0.76699
0.76699
0.76699
0.76699
0.76699
0.76699
0.76699
0.76699
0.76699
0.766988
0.766981
0.766966
0.766945
0.766928
0.766921
0.766921
0.76692
0.766904
0.766856
0.766778
0.766702
0.766661
0.766651
0.766651
0.766642
0.766644
0.766641
0.766641
0.766638
0.766639
0.766644
0.766647
0.766641
0.766642
0.766652
0.766655
0.766668
0.766676
0.766687
0.7667
0.766701
0.766722
0.766707
0.766735
0.766704
0.766735
0.766692
0.766726
0.766677
0.766703
0.766687
0.766674
0.766682
0.766683
0.766702
0.766689
0.766678
0.766684
0.766684
0.766681
0.766779
0.766697
0.766708
0.766732
0.76694
0.766848
0.76699
0.76699
0.76699
0.76699
0.76699
0.76699
0.76699
0.76699
0.76699
0.76699
0.76699
0.76699
0.76699
0.76699
0.76699
0.76699
0.76699
0.76699
0.766988
0.766978
0.766956
0.766927
0.766903
0.76689
0.76689
0.766892
0.76688
0.766837
0.766763
0.766698
0.766665
0.766653
0.766658
0.766647
0.766649
0.766646
0.766649
0.766641
0.766643
0.766649
0.766652
0.766667
0.766671
0.766659
0.766663
0.766683
0.766689
0.766713
0.766724
0.766743
0.766762
0.766764
0.766794
0.766771
0.766806
0.766766
0.766776
0.766797
0.76672
0.766741
0.766783
0.766762
0.766708
0.766694
0.766711
0.766727
0.766695
0.766684
0.766688
0.766684
0.766695
0.766696
0.766685
0.766724
0.76678
0.766744
0.766694
0.766703
0.766917
0.766769
0.766801
0.766848
0.76699
0.76699
0.76699
0.76699
0.76699
0.76699
0.76699
0.76699
0.76699
0.76699
0.76699
0.76699
0.76699
0.76699
0.76699
0.76699
0.76699
0.766987
0.766976
0.766948
0.76691
0.766878
0.766859
0.766854
0.766858
0.76685
0.766813
0.766748
0.766695
0.766671
0.76667
0.766662
0.76667
0.766653
0.766657
0.766663
0.766667
0.766655
0.766659
0.766675
0.766679
0.766707
0.766712
0.766695
0.766701
0.766735
0.766744
0.76678
0.766795
0.766819
0.766838
0.766836
0.766857
0.766814
0.76683
0.766842
0.766852
0.766803
0.76682
0.766813
0.766827
0.766747
0.76677
0.76681
0.766791
0.766731
0.766712
0.766733
0.766753
0.766712
0.766686
0.766689
0.766693
0.76671
0.766708
0.766692
0.766716
0.766735
0.766693
0.7667
0.766834
0.766916
0.766875
0.766758
0.766788
0.76699
0.76699
0.76699
0.76699
0.76699
0.76699
0.76699
0.76699
0.76699
0.76699
0.76699
0.76699
0.76699
0.76699
0.76699
0.76699
0.766987
0.766975
0.766943
0.766897
0.766857
0.76683
0.766818
0.766818
0.766815
0.766785
0.766731
0.766694
0.766678
0.766684
0.766701
0.766711
0.766684
0.766692
0.766672
0.766677
0.766692
0.766697
0.766683
0.766687
0.766717
0.766721
0.766767
0.766773
0.766753
0.766761
0.766807
0.766819
0.766849
0.766855
0.766866
0.766868
0.766858
0.766863
0.766864
0.766864
0.76684
0.766849
0.766855
0.766857
0.766825
0.766834
0.766835
0.766843
0.766775
0.766796
0.766823
0.766812
0.766755
0.766732
0.766755
0.766777
0.76673
0.766691
0.766692
0.766704
0.766727
0.766722
0.766701
0.766711
0.766727
0.766694
0.766699
0.766824
0.766908
0.766866
0.766749
0.766779
0.76699
0.76699
0.76699
0.76699
0.76699
0.76699
0.76699
0.76699
0.76699
0.76699
0.76699
0.76699
0.76699
0.76699
0.76699
0.766988
0.766976
0.766941
0.76689
0.766843
0.766808
0.766787
0.76678
0.766776
0.766753
0.766716
0.766693
0.766684
0.766701
0.766747
0.766736
0.766751
0.766715
0.766725
0.766702
0.766708
0.766734
0.766738
0.766725
0.76673
0.766777
0.766781
0.766842
0.766847
0.766828
0.766835
0.766859
0.766862
0.766866
0.766862
0.766862
0.766858
0.766852
0.766844
0.766856
0.766854
0.766848
0.76684
0.766848
0.766848
0.766846
0.766839
0.766826
0.766837
0.766825
0.766837
0.766796
0.766809
0.766814
0.766814
0.766776
0.766752
0.766773
0.766794
0.766748
0.766698
0.766696
0.766716
0.766742
0.766735
0.76671
0.766707
0.766721
0.766696
0.7667
0.766816
0.766907
0.766862
0.766742
0.766772
0.76699
0.76699
0.76699
0.76699
0.76699
0.76699
0.76699
0.76699
0.76699
0.76699
0.76699
0.76699
0.76699
0.76699
0.766988
0.766976
0.766941
0.766887
0.766835
0.766797
0.76677
0.766752
0.766741
0.766723
0.766702
0.76669
0.76669
0.766718
0.766774
0.766806
0.766821
0.766777
0.766791
0.766756
0.766765
0.766742
0.766748
0.766787
0.766789
0.766783
0.766785
0.76685
0.766852
0.766876
0.766881
0.766866
0.76687
0.766859
0.766856
0.766817
0.766795
0.766832
0.766822
0.766814
0.76681
0.76683
0.766819
0.766805
0.76679
0.766832
0.766824
0.766812
0.766797
0.76681
0.76682
0.766799
0.76681
0.766802
0.766803
0.76679
0.766801
0.766787
0.766768
0.766779
0.766792
0.76676
0.766705
0.766701
0.766727
0.766752
0.766743
0.766719
0.766706
0.766717
0.766699
0.7667
0.766812
0.766915
0.766866
0.766737
0.766767
0.76699
0.76699
0.76699
0.76699
0.76699
0.76699
0.76699
0.76699
0.76699
0.76699
0.76699
0.76699
0.76699
0.766989
0.766979
0.766943
0.766888
0.766835
0.766796
0.766766
0.766743
0.766723
0.766705
0.766693
0.766688
0.766695
0.766734
0.7668
0.76687
0.76685
0.76687
0.766821
0.766834
0.766802
0.766811
0.766792
0.766796
0.766848
0.766847
0.766851
0.76685
0.766887
0.766894
0.766862
0.766871
0.766856
0.766858
0.766776
0.766763
0.766706
0.766689
0.76666
0.766675
0.766774
0.766757
0.76674
0.766723
0.76678
0.766761
0.76674
0.766718
0.766795
0.766777
0.766757
0.766734
0.766773
0.766782
0.766751
0.766761
0.766792
0.766784
0.766745
0.766768
0.766782
0.766769
0.766771
0.766779
0.76676
0.766712
0.766706
0.766734
0.76675
0.766741
0.766725
0.766705
0.766714
0.766702
0.766701
0.766812
0.766929
0.766877
0.766733
0.766766
0.76699
0.76699
0.76699
0.76699
0.76699
0.76699
0.76699
0.76699
0.76699
0.76699
0.76699
0.76699
0.766989
0.766982
0.766949
0.766891
0.766841
0.766807
0.766775
0.766747
0.766723
0.766704
0.766692
0.766688
0.766701
0.766747
0.766824
0.766903
0.766913
0.766928
0.766887
0.766901
0.766864
0.766874
0.766851
0.766856
0.766847
0.766848
0.766907
0.766906
0.7669
0.766905
0.766882
0.766895
0.76676
0.766776
0.766756
0.766753
0.766647
0.766629
0.766573
0.766612
0.766593
0.766561
0.766576
0.766696
0.766674
0.766653
0.766632
0.76671
0.766685
0.76666
0.766634
0.766738
0.766712
0.766686
0.766658
0.766718
0.766725
0.766687
0.766696
0.766766
0.766745
0.766685
0.766717
0.766766
0.766761
0.766752
0.766748
0.766751
0.766716
0.766708
0.766732
0.766741
0.766732
0.766723
0.766704
0.766713
0.766703
0.766701
0.766816
0.766946
0.766895
0.766731
0.766766
0.76699
0.76699
0.76699
0.76699
0.76699
0.76699
0.76699
0.76699
0.76699
0.76699
0.76699
0.76699
0.766984
0.766957
0.7669
0.766853
0.766827
0.766802
0.76677
0.766738
0.766712
0.766696
0.766693
0.76671
0.766761
0.766844
0.766925
0.766953
0.766936
0.766948
0.766916
0.766926
0.766903
0.766908
0.766899
0.7669
0.766904
0.766901
0.76693
0.76694
0.766908
0.76692
0.766799
0.76683
0.766566
0.766589
0.76656
0.766558
0.766551
0.766547
0.76642
0.76641
0.766516
0.766495
0.766459
0.766476
0.766609
0.766584
0.76656
0.766537
0.76663
0.766601
0.766573
0.766546
0.766667
0.766637
0.766606
0.766576
0.766651
0.766655
0.766615
0.766622
0.766722
0.76669
0.766616
0.766654
0.766732
0.76674
0.766716
0.766701
0.766729
0.766715
0.766708
0.766724
0.76672
0.766714
0.766716
0.766704
0.766711
0.766703
0.7667
0.766828
0.766963
0.766918
0.76673
0.76677
0.76699
0.76699
0.76699
0.76699
0.76699
0.76699
0.76699
0.76699
0.76699
0.76699
0.76699
0.766986
0.766965
0.766912
0.766865
0.766844
0.766832
0.766821
0.76679
0.766746
0.766717
0.766708
0.766728
0.76678
0.766867
0.766942
0.766967
0.766966
0.766973
0.766955
0.766961
0.766944
0.766949
0.76694
0.766941
0.766944
0.766941
0.766945
0.766946
0.766923
0.766942
0.766863
0.766895
0.766623
0.76667
0.766359
0.76638
0.766403
0.766395
0.766351
0.766443
0.766431
0.766334
0.766327
0.766426
0.766406
0.766371
0.766388
0.76652
0.766495
0.76647
0.766448
0.766546
0.766516
0.766488
0.766461
0.766589
0.766557
0.766525
0.766493
0.766578
0.76658
0.76654
0.766545
0.766665
0.766625
0.766544
0.766585
0.766682
0.766703
0.766667
0.766643
0.766693
0.76671
0.766704
0.766709
0.766686
0.766683
0.766705
0.766702
0.76671
0.7667
0.766698
0.766845
0.766978
0.766942
0.76673
0.766778
0.76699
0.76699
0.76699
0.76699
0.76699
0.76699
0.76699
0.76699
0.76699
0.76699
0.766988
0.766972
0.766925
0.766876
0.766856
0.766854
0.766865
0.766862
0.76683
0.766781
0.766752
0.766765
0.766818
0.766899
0.766956
0.766977
0.766982
0.766979
0.766982
0.766974
0.766976
0.76697
0.766972
0.76697
0.76697
0.766968
0.76697
0.766955
0.766963
0.766852
0.766904
0.766728
0.766791
0.766415
0.766463
0.766258
0.766264
0.766261
0.766324
0.766323
0.766253
0.766251
0.766357
0.766345
0.766265
0.766258
0.766347
0.766328
0.766297
0.766312
0.766435
0.766411
0.766388
0.766366
0.766463
0.766434
0.766407
0.766381
0.76651
0.766477
0.766445
0.766414
0.766504
0.766503
0.766465
0.766467
0.7666
0.766556
0.766471
0.766513
0.766624
0.766655
0.76661
0.766578
0.766647
0.766702
0.766699
0.766682
0.766643
0.766642
0.766683
0.7667
0.766709
0.766695
0.766694
0.766869
0.766987
0.766965
0.766731
0.76679
0.76699
0.76699
0.76699
0.76699
0.76699
0.76699
0.76699
0.76699
0.76699
0.766989
0.766978
0.766937
0.766886
0.766866
0.766867
0.766892
0.766912
0.766906
0.766873
0.76684
0.766836
0.766873
0.76693
0.766968
0.766982
0.766986
0.766987
0.766988
0.766986
0.766987
0.766984
0.766985
0.766983
0.766984
0.766981
0.766983
0.766973
0.766978
0.76694
0.766962
0.766709
0.7668
0.766531
0.766617
0.766291
0.76633
0.76622
0.766229
0.766226
0.766243
0.766253
0.766251
0.766213
0.766209
0.766284
0.766274
0.766214
0.766209
0.766279
0.766263
0.766238
0.76625
0.766357
0.766335
0.766314
0.766296
0.766385
0.766358
0.766333
0.76631
0.766433
0.766401
0.76637
0.766342
0.766431
0.766428
0.766393
0.766393
0.766532
0.766486
0.766401
0.766443
0.766561
0.766599
0.766548
0.766512
0.766593
0.766685
0.766687
0.766645
0.766592
0.766596
0.766652
0.766698
0.766707
0.766688
0.76669
0.766897
0.76699
0.766981
0.766735
0.766808
0.76699
0.76699
0.76699
0.76699
0.76699
0.76699
0.76699
0.76699
0.766989
0.766982
0.766949
0.766897
0.766873
0.766874
0.766903
0.766937
0.766949
0.766937
0.766916
0.766908
0.766927
0.766957
0.766978
0.766986
0.766988
0.766989
0.766989
0.766989
0.766989
0.766989
0.766988
0.766989
0.766987
0.766988
0.766983
0.766986
0.766963
0.766978
0.766877
0.766931
0.766535
0.766648
0.766377
0.766442
0.766256
0.766276
0.7663
0.766203
0.766215
0.766226
0.766243
0.766207
0.766207
0.766194
0.766187
0.766228
0.76622
0.766181
0.76618
0.766225
0.766213
0.766195
0.766203
0.766289
0.76627
0.766253
0.766238
0.766315
0.766291
0.76627
0.766251
0.766361
0.766331
0.766303
0.766279
0.766362
0.766358
0.766327
0.766326
0.766464
0.766418
0.766335
0.766375
0.766495
0.766539
0.766485
0.766445
0.766536
0.76666
0.766669
0.766603
0.766539
0.766546
0.766614
0.766694
0.766706
0.766676
0.766681
0.766929
0.76699
0.766988
0.76674
0.766831
0.76699
0.76699
0.76699
0.76699
0.76699
0.76699
0.76699
0.76699
0.766985
0.766959
0.76691
0.76688
0.766878
0.766905
0.766942
0.766966
0.766969
0.766961
0.766956
0.766963
0.766975
0.766984
0.766988
0.766989
0.766989
0.76699
0.76699
0.76699
0.76699
0.76699
0.766989
0.76699
0.766988
0.766989
0.76698
0.766986
0.766925
0.766963
0.766761
0.766857
0.766423
0.766504
0.766336
0.766373
0.766258
0.766275
0.766324
0.766308
0.766199
0.766212
0.766234
0.766254
0.76618
0.766182
0.766188
0.766179
0.766188
0.766183
0.766165
0.766166
0.766186
0.766179
0.766169
0.766173
0.766233
0.766219
0.766206
0.766195
0.766257
0.766237
0.76622
0.766206
0.766297
0.766271
0.766249
0.76623
0.766301
0.766296
0.766271
0.766269
0.766397
0.766353
0.766278
0.766313
0.766432
0.766479
0.766425
0.766384
0.76648
0.766629
0.766645
0.766558
0.766486
0.766496
0.766574
0.766689
0.766705
0.766659
0.766672
0.766958
0.76699
0.766989
0.766749
0.766863
0.76699
0.76699
0.76699
0.76699
0.76699
0.76699
0.76699
0.766987
0.766968
0.766922
0.766886
0.766881
0.766904
0.766941
0.766969
0.76698
0.76698
0.766979
0.76698
0.766984
0.766988
0.766989
0.766989
0.76699
0.76699
0.76699
0.76699
0.76699
0.76699
0.76699
0.76699
0.766989
0.76699
0.766987
0.766989
0.766966
0.766982
0.766855
0.766928
0.766623
0.766748
0.766395
0.766439
0.766349
0.766368
0.766275
0.766293
0.766355
0.766344
0.7662
0.766216
0.766249
0.766275
0.766168
0.766172
0.766187
0.766177
0.766167
0.766165
0.766159
0.76616
0.766165
0.766161
0.766158
0.766159
0.766194
0.766185
0.766177
0.76617
0.766214
0.766201
0.76619
0.766181
0.766245
0.766226
0.766211
0.766199
0.766249
0.766245
0.766226
0.766225
0.766339
0.766296
0.766229
0.766258
0.766374
0.766423
0.766366
0.766324
0.766426
0.766593
0.766617
0.766511
0.766429
0.766438
0.766529
0.766683
0.766705
0.766642
0.766659
0.766975
0.76699
0.76699
0.766762
0.766894
0.76699
0.76699
0.76699
0.76699
0.76699
0.76699
0.766988
0.766974
0.766933
0.766893
0.766882
0.766901
0.766936
0.766967
0.766982
0.766986
0.766987
0.766987
0.766988
0.766989
0.766989
0.76699
0.76699
0.76699
0.76699
0.76699
0.76699
0.76699
0.76699
0.76699
0.76699
0.766989
0.76699
0.766984
0.766988
0.766939
0.766972
0.766762
0.766871
0.766515
0.766633
0.76641
0.766428
0.766406
0.766407
0.766416
0.766301
0.766325
0.766402
0.766387
0.766205
0.766226
0.766266
0.766298
0.766163
0.766169
0.766189
0.766176
0.766157
0.766158
0.766155
0.766157
0.766156
0.766154
0.766153
0.766153
0.766174
0.766168
0.766163
0.766159
0.766189
0.766181
0.766174
0.766168
0.766208
0.766195
0.766186
0.766179
0.766215
0.766207
0.766202
0.766197
0.766277
0.766242
0.766214
0.766225
0.766307
0.766359
0.766296
0.766261
0.76635
0.766555
0.766587
0.766453
0.766352
0.766363
0.766476
0.766678
0.766706
0.766617
0.766648
0.766985
0.76699
0.76699
0.766775
0.766932
0.76699
0.76699
0.76699
0.76699
0.76699
0.766989
0.766979
0.766943
0.766901
0.766884
0.766896
0.766927
0.766959
0.76698
0.766987
0.766989
0.766989
0.766989
0.76699
0.76699
0.76699
0.76699
0.76699
0.76699
0.76699
0.76699
0.76699
0.76699
0.76699
0.76699
0.76699
0.766989
0.766989
0.766978
0.766986
0.7669
0.766955
0.766673
0.766801
0.766474
0.766554
0.766471
0.766454
0.766458
0.766453
0.766478
0.766495
0.766331
0.766362
0.766453
0.766435
0.766212
0.766236
0.766281
0.76632
0.766161
0.766167
0.766193
0.766178
0.766153
0.766154
0.766154
0.766156
0.76615
0.766148
0.766148
0.766148
0.766163
0.766159
0.766155
0.766152
0.766172
0.766167
0.766162
0.766159
0.766187
0.76618
0.766174
0.766169
0.766207
0.766193
0.766193
0.766184
0.76624
0.76623
0.766204
0.76622
0.766259
0.766286
0.766261
0.766246
0.766292
0.766507
0.766546
0.766377
0.766303
0.766316
0.766405
0.766671
0.766708
0.766593
0.766627
0.766987
0.76699
0.76699
0.766802
0.766947
0.76699
0.76699
0.76699
0.76699
0.766989
0.766982
0.766951
0.766909
0.766887
0.766892
0.766918
0.766948
0.766975
0.766987
0.766989
0.76699
0.76699
0.76699
0.76699
0.76699
0.76699
0.76699
0.76699
0.76699
0.76699
0.76699
0.76699
0.76699
0.76699
0.76699
0.76699
0.76699
0.766988
0.766989
0.766969
0.766984
0.766855
0.766932
0.766619
0.766738
0.766472
0.766529
0.766524
0.766547
0.766522
0.766513
0.766513
0.766509
0.766547
0.766363
0.766403
0.766506
0.766483
0.766219
0.766247
0.766297
0.766342
0.766161
0.766168
0.766198
0.766181
0.766149
0.766151
0.766154
0.766156
0.766147
0.766147
0.766147
0.766147
0.766155
0.766153
0.76615
0.766148
0.766165
0.766162
0.766159
0.766157
0.76618
0.766176
0.76617
0.766168
0.7662
0.766188
0.766193
0.766182
0.766235
0.766219
0.766208
0.766212
0.766252
0.76627
0.766257
0.766236
0.766281
0.766445
0.7665
0.76634
0.766295
0.766305
0.76636
0.766664
0.766712
0.766553
0.766612
0.766989
0.76699
0.76699
0.766816
0.766965
0.76699
0.76699
0.76699
0.766989
0.766983
0.766957
0.766916
0.76689
0.76689
0.76691
0.766939
0.766967
0.766985
0.766989
0.76699
0.76699
0.76699
0.76699
0.76699
0.76699
0.76699
0.76699
0.76699
0.76699
0.76699
0.76699
0.76699
0.76699
0.76699
0.76699
0.766989
0.76699
0.766987
0.766989
0.766959
0.76698
0.766819
0.766909
0.766606
0.766706
0.766503
0.766535
0.766574
0.766591
0.766561
0.766562
0.766578
0.766567
0.766563
0.766598
0.766391
0.766441
0.766559
0.766528
0.766227
0.766258
0.766313
0.766364
0.766162
0.76617
0.766203
0.766185
0.766149
0.766151
0.766155
0.766159
0.766147
0.766147
0.766148
0.766147
0.766154
0.766152
0.76615
0.766148
0.766165
0.766163
0.766161
0.76616
0.766181
0.766178
0.766175
0.766174
0.766208
0.766191
0.766203
0.766187
0.766226
0.766222
0.766209
0.766214
0.766244
0.766269
0.766255
0.766242
0.76628
0.766389
0.766437
0.766314
0.766289
0.766301
0.766329
0.766655
0.766714
0.766523
0.766586
0.766989
0.766986
0.766989
0.766845
0.766972
0.76699
0.76699
0.766989
0.766983
0.76696
0.766922
0.766893
0.766888
0.766904
0.766931
0.76696
0.766983
0.766989
0.76699
0.76699
0.76699
0.76699
0.76699
0.76699
0.76699
0.76699
0.76699
0.76699
0.76699
0.76699
0.76699
0.76699
0.76699
0.76699
0.76699
0.766989
0.76699
0.766985
0.766988
0.76695
0.766975
0.766806
0.766895
0.76662
0.766705
0.766563
0.766571
0.766621
0.766636
0.766605
0.766596
0.766619
0.766618
0.766615
0.766647
0.76642
0.766476
0.766607
0.766569
0.766234
0.766269
0.766328
0.766386
0.766164
0.766173
0.766207
0.766188
0.76615
0.766153
0.76616
0.766163
0.766151
0.76615
0.766151
0.76615
0.766158
0.766156
0.766154
0.766152
0.766171
0.766171
0.766169
0.766168
0.7662
0.766199
0.766197
0.766197
0.766216
0.766202
0.766215
0.766201
0.766221
0.766215
0.766217
0.766218
0.766229
0.766267
0.766233
0.766225
0.76628
0.766353
0.766402
0.766312
0.766286
0.766297
0.766322
0.766647
0.766719
0.766473
0.766568
0.766989
0.761588
0.766965
0.766862
0.766972
0.766989
0.766989
0.766983
0.766962
0.766925
0.766896
0.766887
0.766899
0.766924
0.766953
0.766979
0.766988
0.76699
0.76699
0.76699
0.76699
0.76699
0.76699
0.76699
0.76699
0.76699
0.76699
0.76699
0.76699
0.76699
0.76699
0.76699
0.76699
0.76699
0.76699
0.766989
0.76699
0.766984
0.766988
0.766948
0.766974
0.766814
0.766895
0.766662
0.766727
0.76664
0.766634
0.766668
0.766681
0.766648
0.766645
0.766663
0.766665
0.766664
0.766694
0.766449
0.766512
0.766652
0.76661
0.76624
0.766279
0.766342
0.766406
0.766168
0.766176
0.76621
0.766191
0.766153
0.766156
0.766164
0.766168
0.766159
0.766157
0.766157
0.766157
0.766168
0.766167
0.766165
0.766159
0.766196
0.766196
0.766196
0.766196
0.766212
0.766212
0.766211
0.766211
0.766223
0.766213
0.766223
0.766213
0.766223
0.766219
0.766224
0.766224
0.766227
0.766238
0.766228
0.766225
0.766247
0.766344
0.76637
0.766308
0.766252
0.766259
0.766329
0.766637
0.766719
0.76644
0.766536
0.766986
0.748397
0.766729
0.766862
0.766965
0.766986
0.766982
0.766962
0.766927
0.766897
0.766887
0.766896
0.766918
0.766947
0.766976
0.766987
0.76699
0.76699
0.76699
0.76699
0.76699
0.76699
0.76699
0.76699
0.76699
0.76699
0.76699
0.76699
0.76699
0.76699
0.76699
0.76699
0.76699
0.76699
0.76699
0.76699
0.766989
0.766989
0.766984
0.766988
0.766951
0.766974
0.76684
0.766906
0.766726
0.766772
0.766716
0.766683
0.766706
0.766715
0.766713
0.766728
0.766694
0.766712
0.766707
0.766708
0.766738
0.766477
0.766547
0.766693
0.76665
0.766242
0.766285
0.76635
0.766425
0.766172
0.766179
0.766211
0.766192
0.766158
0.76616
0.766169
0.766173
0.76617
0.766168
0.766165
0.766165
0.766196
0.766197
0.766175
0.766169
0.766211
0.766211
0.766211
0.766211
0.766221
0.766221
0.766221
0.766221
0.766227
0.766222
0.766226
0.766222
0.766226
0.766225
0.766227
0.766227
0.766229
0.766233
0.766229
0.766228
0.766236
0.766339
0.766364
0.766264
0.76624
0.766244
0.766321
0.766271
0.766622
0.766713
0.766408
0.766503
0.766972
0.745464
0.766363
0.766849
0.766934
0.766976
0.766961
0.766927
0.766898
0.766887
0.766893
0.766914
0.766942
0.766972
0.766987
0.76699
0.76699
0.76699
0.76699
0.76699
0.76699
0.76699
0.76699
0.76699
0.76699
0.76699
0.76699
0.76699
0.76699
0.76699
0.76699
0.76699
0.76699
0.76699
0.76699
0.76699
0.766989
0.766989
0.766984
0.766988
0.766959
0.766976
0.766879
0.766926
0.766803
0.766831
0.766737
0.766764
0.766746
0.766805
0.766758
0.766775
0.766744
0.766764
0.766747
0.766749
0.766779
0.766504
0.766582
0.766733
0.766689
0.766242
0.766287
0.766352
0.766435
0.766178
0.766182
0.766211
0.766193
0.766165
0.766166
0.766174
0.766176
0.766199
0.766178
0.766175
0.766173
0.766212
0.766212
0.766196
0.766198
0.766221
0.766221
0.766221
0.766221
0.766225
0.766225
0.766225
0.766225
0.766225
0.766225
0.766229
0.766228
0.76623
0.766232
0.76623
0.766229
0.766233
0.766343
0.766359
0.766248
0.766236
0.766238
0.766277
0.766251
0.766603
0.766701
0.76639
0.766467
0.76694
0.739226
0.765382
0.766804
0.766867
0.766954
0.766926
0.766898
0.766886
0.766892
0.766911
0.766939
0.766969
0.766986
0.766989
0.76699
0.76699
0.76699
0.76699
0.76699
0.76699
0.76699
0.76699
0.76699
0.76699
0.76699
0.76699
0.76699
0.76699
0.76699
0.76699
0.76699
0.76699
0.76699
0.76699
0.76699
0.76699
0.766989
0.766989
0.766985
0.766988
0.766969
0.76698
0.76692
0.766948
0.76688
0.76689
0.766786
0.766815
0.766805
0.766871
0.766837
0.766877
0.766801
0.76682
0.766793
0.766813
0.766785
0.766787
0.766818
0.766527
0.766614
0.766771
0.766726
0.766239
0.766286
0.766351
0.766437
0.766182
0.766187
0.766209
0.766197
0.766174
0.766173
0.766181
0.76618
0.766199
0.766214
0.766203
0.766202
0.766221
0.766222
0.766212
0.766213
0.766225
0.766225
0.766225
0.766225
0.766232
0.766233
0.766341
0.766284
0.766363
0.766241
0.766235
0.766236
0.766255
0.766243
0.766576
0.766667
0.766381
0.766443
0.766828
0.73229
0.76467
0.766752
0.766812
0.766921
0.766897
0.766886
0.766891
0.766909
0.766936
0.766967
0.766985
0.766989
0.76699
0.76699
0.76699
0.76699
0.76699
0.76699
0.76699
0.76699
0.76699
0.76699
0.76699
0.76699
0.76699
0.76699
0.76699
0.76699
0.76699
0.76699
0.76699
0.76699
0.76699
0.76699
0.76699
0.76699
0.766989
0.76699
0.766987
0.766989
0.766978
0.766984
0.766954
0.766968
0.766943
0.766903
0.766943
0.766837
0.76686
0.766891
0.766913
0.766842
0.766863
0.766839
0.766861
0.766822
0.766824
0.766856
0.766539
0.766641
0.766806
0.766754
0.766232
0.766282
0.766341
0.766434
0.766185
0.76619
0.766206
0.7662
0.766182
0.766179
0.766186
0.766186
0.766215
0.766224
0.766217
0.766204
0.766216
0.766225
0.766225
0.766222
0.766223
0.766292
0.766259
0.766365
0.766299
0.766239
0.766245
0.76624
0.766542
0.766636
0.766386
0.766422
0.766744
0.729126
0.761305
0.766711
0.766769
0.766895
0.766886
0.766891
0.766909
0.766935
0.766966
0.766984
0.766989
0.76699
0.76699
0.76699
0.76699
0.76699
0.76699
0.76699
0.76699
0.76699
0.76699
0.76699
0.76699
0.76699
0.76699
0.76699
0.76699
0.76699
0.76699
0.76699
0.76699
0.76699
0.76699
0.76699
0.76699
0.76699
0.766989
0.76699
0.766988
0.766989
0.766984
0.766987
0.766977
0.766981
0.766977
0.766959
0.766942
0.766975
0.766883
0.766908
0.766925
0.766946
0.766881
0.766903
0.766883
0.766904
0.766855
0.766859
0.766891
0.766541
0.766651
0.766835
0.766764
0.766222
0.766267
0.766318
0.766418
0.766186
0.766191
0.766205
0.7662
0.766206
0.766207
0.76619
0.766224
0.766227
0.766226
0.766218
0.766225
0.766226
0.766227
0.766264
0.766248
0.766311
0.766269
0.766243
0.766516
0.766606
0.766388
0.766315
0.766412
0.766486
0.728317
0.759315
0.76668
0.766729
0.766886
0.766891
0.766909
0.766935
0.766965
0.766984
0.766989
0.76699
0.76699
0.76699
0.76699
0.76699
0.76699
0.76699
0.76699
0.76699
0.76699
0.76699
0.76699
0.76699
0.76699
0.76699
0.76699
0.76699
0.76699
0.76699
0.76699
0.76699
0.76699
0.76699
0.76699
0.76699
0.76699
0.76699
0.76699
0.76699
0.766989
0.766989
0.766988
0.766989
0.766986
0.766987
0.766976
0.766982
0.766986
0.766985
0.766964
0.766986
0.766924
0.76694
0.766955
0.766916
0.766937
0.766922
0.766941
0.766883
0.766891
0.766919
0.766535
0.766652
0.766847
0.766759
0.766213
0.766245
0.766285
0.766386
0.76619
0.766192
0.766204
0.766198
0.76622
0.766209
0.766221
0.766228
0.76623
0.766227
0.766229
0.766251
0.766245
0.766276
0.766254
0.76648
0.766584
0.766389
0.766322
0.766281
0.766416
0.766036
0.727613
0.758823
0.766659
0.766663
0.766893
0.76691
0.766936
0.766966
0.766984
0.766989
0.76699
0.76699
0.76699
0.76699
0.76699
0.76699
0.76699
0.76699
0.76699
0.76699
0.76699
0.76699
0.76699
0.76699
0.76699
0.76699
0.76699
0.76699
0.76699
0.76699
0.76699
0.76699
0.76699
0.76699
0.76699
0.76699
0.76699
0.76699
0.76699
0.76699
0.76699
0.76699
0.76699
0.766989
0.76699
0.766989
0.766989
0.766979
0.766985
0.766987
0.766988
0.766988
0.766974
0.766989
0.766955
0.766968
0.76694
0.766955
0.766955
0.766966
0.766893
0.766913
0.766933
0.76651
0.766638
0.766843
0.766732
0.766209
0.766227
0.766249
0.766339
0.766195
0.766196
0.766203
0.766201
0.766229
0.76621
0.766222
0.76623
0.766231
0.766246
0.766258
0.766249
0.766473
0.766569
0.766334
0.766285
0.766261
0.766419
0.766337
0.765711
0.726354
0.755503
0.766645
0.766578
0.766914
0.766938
0.766967
0.766984
0.766989
0.76699
0.76699
0.76699
0.76699
0.76699
0.76699
0.76699
0.76699
0.76699
0.76699
0.76699
0.76699
0.76699
0.76699
0.76699
0.76699
0.76699
0.76699
0.76699
0.76699
0.76699
0.76699
0.76699
0.76699
0.76699
0.76699
0.76699
0.76699
0.76699
0.76699
0.76699
0.76699
0.76699
0.76699
0.76699
0.76699
0.76699
0.76699
0.766983
0.766986
0.766988
0.766989
0.766989
0.766989
0.76698
0.76699
0.766989
0.766974
0.766948
0.766959
0.766966
0.766974
0.766884
0.766918
0.766933
0.766467
0.766601
0.766804
0.766679
0.766207
0.766216
0.766227
0.766285
0.766212
0.766205
0.766214
0.766232
0.766224
0.766232
0.766234
0.766251
0.766471
0.766566
0.766293
0.766264
0.766254
0.766423
0.766342
0.766296
0.765084
0.724924
0.750104
0.766633
0.766484
0.766944
0.766969
0.766985
0.766989
0.76699
0.76699
0.76699
0.76699
0.76699
0.76699
0.76699
0.76699
0.76699
0.76699
0.76699
0.76699
0.76699
0.76699
0.76699
0.76699
0.76699
0.76699
0.76699
0.76699
0.76699
0.76699
0.76699
0.76699
0.76699
0.76699
0.76699
0.76699
0.76699
0.76699
0.76699
0.76699
0.76699
0.76699
0.76699
0.76699
0.76699
0.76699
0.76699
0.76699
0.766984
0.766985
0.766987
0.766989
0.766989
0.76699
0.76698
0.76699
0.76699
0.76699
0.766945
0.766954
0.766969
0.766976
0.766846
0.766903
0.76691
0.766404
0.766543
0.766733
0.766604
0.766206
0.76621
0.766216
0.766243
0.766225
0.766215
0.766227
0.766234
0.766236
0.766473
0.766566
0.766268
0.766257
0.766426
0.766347
0.7663
0.766271
0.763374
0.723662
0.747093
0.766615
0.766088
0.766975
0.766985
0.766989
0.76699
0.76699
0.76699
0.76699
0.76699
0.76699
0.76699
0.76699
0.76699
0.76699
0.76699
0.76699
0.76699
0.76699
0.76699
0.76699
0.76699
0.76699
0.76699
0.76699
0.76699
0.76699
0.76699
0.76699
0.76699
0.76699
0.76699
0.76699
0.76699
0.76699
0.76699
0.76699
0.76699
0.76699
0.76699
0.76699
0.76699
0.76699
0.76699
0.76699
0.76699
0.766981
0.76698
0.766985
0.766987
0.766989
0.766989
0.76699
0.76699
0.76699
0.76699
0.76699
0.766918
0.766931
0.766963
0.766973
0.766765
0.766857
0.766858
0.766329
0.766466
0.766641
0.766513
0.766207
0.766216
0.766209
0.766211
0.766222
0.766235
0.766228
0.766237
0.766237
0.766477
0.766568
0.76626
0.76643
0.766352
0.766304
0.766274
0.766263
0.762074
0.722509
0.744436
0.76657
0.765685
0.766987
0.766989
0.76699
0.76699
0.76699
0.76699
0.76699
0.76699
0.76699
0.76699
0.76699
0.76699
0.76699
0.76699
0.76699
0.76699
0.76699
0.76699
0.76699
0.76699
0.76699
0.76699
0.76699
0.76699
0.76699
0.76699
0.76699
0.76699
0.76699
0.76699
0.76699
0.76699
0.76699
0.76699
0.76699
0.76699
0.76699
0.76699
0.76699
0.76699
0.76699
0.76699
0.76699
0.76699
0.766962
0.766975
0.766983
0.766987
0.766989
0.766989
0.76699
0.76699
0.76699
0.76699
0.76699
0.766989
0.766868
0.766889
0.766946
0.766665
0.766779
0.766787
0.766267
0.766376
0.766543
0.766418
0.766218
0.76623
0.766209
0.766211
0.766216
0.766239
0.766239
0.766241
0.766483
0.766567
0.766434
0.766358
0.766309
0.766278
0.766265
0.760786
0.721451
0.742115
0.766474
0.765232
0.76699
0.76699
0.76699
0.76699
0.76699
0.76699
0.76699
0.76699
0.76699
0.76699
0.76699
0.76699
0.76699
0.76699
0.76699
0.76699
0.76699
0.76699
0.76699
0.76699
0.76699
0.76699
0.76699
0.76699
0.76699
0.76699
0.76699
0.76699
0.76699
0.76699
0.76699
0.76699
0.76699
0.76699
0.76699
0.76699
0.76699
0.76699
0.76699
0.76699
0.76699
0.76699
0.76699
0.76699
0.766919
0.766947
0.766968
0.76698
0.766986
0.766988
0.76699
0.76699
0.76699
0.76699
0.76699
0.766989
0.766989
0.766988
0.766809
0.766847
0.766569
0.766687
0.766713
0.766237
0.766297
0.766451
0.766329
0.766232
0.76622
0.766242
0.766212
0.766222
0.766214
0.766244
0.766492
0.76656
0.766438
0.766364
0.766313
0.766281
0.766269
0.759469
0.720398
0.738839
0.766359
0.764679
0.76699
0.76699
0.76699
0.76699
0.76699
0.76699
0.76699
0.76699
0.76699
0.76699
0.76699
0.76699
0.76699
0.76699
0.76699
0.76699
0.76699
0.76699
0.76699
0.76699
0.76699
0.76699
0.76699
0.76699
0.76699
0.76699
0.76699
0.76699
0.76699
0.76699
0.76699
0.76699
0.76699
0.76699
0.76699
0.76699
0.76699
0.76699
0.76699
0.76699
0.76699
0.76699
0.76699
0.76699
0.76699
0.76689
0.766931
0.76696
0.766977
0.766985
0.76699
0.76699
0.76699
0.76699
0.76699
0.766989
0.76699
0.766988
0.766988
0.766985
0.766756
0.766812
0.766485
0.766602
0.76665
0.766224
0.766257
0.766372
0.766282
0.766243
0.766234
0.766247
0.766226
0.766237
0.766214
0.766499
0.766548
0.766443
0.766369
0.766319
0.766285
0.766271
0.758073
0.71958
0.738319
0.766173
0.764107
0.76699
0.76699
0.76699
0.76699
0.76699
0.76699
0.76699
0.76699
0.76699
0.76699
0.76699
0.76699
0.76699
0.76699
0.76699
0.76699
0.76699
0.76699
0.76699
0.76699
0.76699
0.76699
0.76699
0.76699
0.76699
0.76699
0.76699
0.76699
0.76699
0.76699
0.76699
0.76699
0.76699
0.76699
0.76699
0.76699
0.76699
0.76699
0.76699
0.76699
0.76699
0.76699
0.76699
0.76699
0.76687
0.766919
0.766955
0.766976
0.76699
0.76699
0.76699
0.76699
0.76699
0.76699
0.76699
0.766989
0.766989
0.766985
0.766985
0.766976
0.766713
0.766788
0.766418
0.766534
0.766601
0.766219
0.76624
0.766321
0.766258
0.766249
0.766246
0.766229
0.76624
0.766248
0.766218
0.766512
0.766518
0.76645
0.766375
0.766323
0.766289
0.766275
0.757069
0.720746
0.739991
0.765968
0.763507
0.76699
0.76699
0.76699
0.76699
0.76699
0.76699
0.76699
0.76699
0.76699
0.76699
0.76699
0.76699
0.76699
0.76699
0.76699
0.76699
0.76699
0.76699
0.76699
0.76699
0.76699
0.76699
0.76699
0.76699
0.76699
0.76699
0.76699
0.76699
0.76699
0.76699
0.76699
0.76699
0.76699
0.76699
0.76699
0.76699
0.76699
0.76699
0.76699
0.76699
0.76699
0.76699
0.76699
0.76699
0.76699
0.766862
0.766916
0.766953
0.76699
0.76699
0.76699
0.76699
0.76699
0.76699
0.76699
0.766989
0.76699
0.766987
0.766988
0.766976
0.766978
0.766954
0.766684
0.766778
0.766372
0.766481
0.766566
0.76622
0.76623
0.766295
0.766246
0.766251
0.766243
0.766234
0.766251
0.766253
0.766517
0.76647
0.766458
0.766381
0.766329
0.766293
0.766278
0.757194
0.723936
0.745869
0.765686
0.763188
0.76699
0.76699
0.76699
0.76699
0.76699
0.76699
0.76699
0.76699
0.76699
0.76699
0.76699
0.76699
0.76699
0.76699
0.76699
0.76699
0.76699
0.76699
0.76699
0.76699
0.76699
0.76699
0.76699
0.76699
0.76699
0.76699
0.76699
0.76699
0.76699
0.76699
0.76699
0.76699
0.76699
0.76699
0.76699
0.76699
0.76699
0.76699
0.76699
0.76699
0.76699
0.76699
0.76699
0.76699
0.76699
0.76686
0.766915
0.76699
0.76699
0.76699
0.76699
0.76699
0.76699
0.76699
0.76699
0.76699
0.766989
0.766989
0.766981
0.766984
0.766957
0.766963
0.766919
0.76667
0.766776
0.766349
0.766445
0.766548
0.766223
0.76623
0.766281
0.766242
0.766254
0.766246
0.766238
0.766255
0.766517
0.766387
0.766478
0.766386
0.766334
0.766297
0.766282
0.758327
0.752923
0.757998
0.765426
0.763071
0.76699
0.76699
0.76699
0.76699
0.76699
0.76699
0.76699
0.76699
0.76699
0.76699
0.76699
0.76699
0.76699
0.76699
0.76699
0.76699
0.76699
0.76699
0.76699
0.76699
0.76699
0.76699
0.76699
0.76699
0.76699
0.76699
0.76699
0.76699
0.76699
0.76699
0.76699
0.76699
0.76699
0.76699
0.76699
0.76699
0.76699
0.76699
0.76699
0.76699
0.76699
0.76699
0.76699
0.76699
0.76699
0.766861
0.76699
0.76699
0.76699
0.76699
0.76699
0.76699
0.76699
0.76699
0.766989
0.76699
0.766987
0.766988
0.76697
0.766977
0.766928
0.76694
0.766871
0.766666
0.766778
0.766337
0.766428
0.766541
0.766228
0.766231
0.766274
0.766245
0.766258
0.766256
0.76625
0.766242
0.766512
0.766262
0.766483
0.766392
0.766339
0.766302
0.766285
0.759036
0.766838
0.763841
0.765203
0.763112
0.76699
0.76699
0.76699
0.76699
0.76699
0.76699
0.76699
0.76699
0.76699
0.76699
0.76699
0.76699
0.76699
0.76699
0.76699
0.76699
0.76699
0.76699
0.76699
0.76699
0.76699
0.76699
0.76699
0.76699
0.76699
0.76699
0.76699
0.76699
0.76699
0.76699
0.76699
0.76699
0.76699
0.76699
0.76699
0.76699
0.76699
0.76699
0.76699
0.76699
0.76699
0.76699
0.76699
0.76699
0.76699
0.76699
0.76699
0.76699
0.76699
0.76699
0.76699
0.76699
0.76699
0.76699
0.76699
0.766989
0.766989
0.766982
0.766985
0.766951
0.766962
0.766886
0.766903
0.766791
0.766667
0.766332
0.766419
0.766539
0.76624
0.766269
0.766253
0.76626
0.766259
0.766253
0.766248
0.766494
0.766129
0.766495
0.766397
0.766344
0.766306
0.766289
0.759891
0.766966
0.766043
0.765016
0.763168
0.76699
0.76699
0.76699
0.76699
0.76699
0.76699
0.76699
0.76699
0.76699
0.76699
0.76699
0.76699
0.76699
0.76699
0.76699
0.76699
0.76699
0.76699
0.76699
0.76699
0.76699
0.76699
0.76699
0.76699
0.76699
0.76699
0.76699
0.76699
0.76699
0.76699
0.76699
0.76699
0.76699
0.76699
0.76699
0.76699
0.76699
0.76699
0.76699
0.76699
0.76699
0.76699
0.76699
0.76699
0.76699
0.76699
0.76699
0.76699
0.76699
0.76699
0.76699
0.76699
0.76699
0.76699
0.76699
0.766989
0.76699
0.766987
0.766988
0.766972
0.766978
0.766919
0.766936
0.76681
0.766832
0.766676
0.766328
0.766416
0.766541
0.766245
0.766272
0.766257
0.766262
0.766261
0.766256
0.766252
0.766456
0.765976
0.766496
0.766491
0.766409
0.766349
0.766311
0.766294
0.761312
0.766972
0.766313
0.764891
0.76286
0.76699
0.76699
0.76699
0.76699
0.76699
0.76699
0.76699
0.76699
0.76699
0.76699
0.76699
0.76699
0.76699
0.76699
0.76699
0.76699
0.76699
0.76699
0.76699
0.76699
0.76699
0.76699
0.76699
0.76699
0.76699
0.76699
0.76699
0.76699
0.76699
0.76699
0.76699
0.76699
0.76699
0.76699
0.76699
0.76699
0.76699
0.76699
0.76699
0.76699
0.76699
0.76699
0.76699
0.76699
0.76699
0.76699
0.76699
0.76699
0.76699
0.76699
0.76699
0.76699
0.76699
0.76699
0.76699
0.76699
0.76699
0.766989
0.766989
0.766983
0.766985
0.76695
0.766961
0.766856
0.76688
0.766695
0.766717
0.766326
0.766414
0.766554
0.766252
0.766277
0.766265
0.766264
0.766263
0.766259
0.766256
0.766388
0.76583
0.766495
0.76649
0.766414
0.766356
0.766315
0.766298
0.762834
0.766966
0.766457
0.764633
0.762933
0.76699
0.76699
0.76699
0.76699
0.76699
0.76699
0.76699
0.76699
0.76699
0.76699
0.76699
0.76699
0.76699
0.76699
0.76699
0.76699
0.76699
0.76699
0.76699
0.76699
0.76699
0.76699
0.76699
0.76699
0.76699
0.76699
0.76699
0.76699
0.76699
0.76699
0.76699
0.76699
0.76699
0.76699
0.76699
0.76699
0.76699
0.76699
0.76699
0.76699
0.76699
0.76699
0.76699
0.76699
0.76699
0.76699
0.76699
0.76699
0.76699
0.76699
0.76699
0.76699
0.76699
0.76699
0.76699
0.76699
0.766989
0.766989
0.766987
0.766987
0.76697
0.766976
0.766902
0.76692
0.766743
0.766771
0.766571
0.766328
0.766418
0.76626
0.766283
0.76627
0.766266
0.766266
0.766262
0.766261
0.766304
0.765624
0.766497
0.766472
0.766418
0.766361
0.766322
0.766302
0.76417
0.766672
0.765921
0.76424
0.763217
0.76699
0.76699
0.76699
0.76699
0.76699
0.76699
0.76699
0.76699
0.76699
0.76699
0.76699
0.76699
0.76699
0.76699
0.76699
0.76699
0.76699
0.76699
0.76699
0.76699
0.76699
0.76699
0.76699
0.76699
0.76699
0.76699
0.76699
0.76699
0.76699
0.76699
0.76699
0.76699
0.76699
0.76699
0.76699
0.76699
0.76699
0.76699
0.76699
0.76699
0.76699
0.76699
0.76699
0.76699
0.76699
0.76699
0.76699
0.76699
0.76699
0.76699
0.76699
0.76699
0.76699
0.76699
0.76699
0.76699
0.766989
0.76699
0.766988
0.766988
0.766979
0.766981
0.766935
0.766947
0.766799
0.766826
0.766593
0.766617
0.766427
0.766333
0.766289
0.766274
0.766265
0.766268
0.766268
0.766266
0.766174
0.765377
0.7665
0.766432
0.766366
0.766426
0.766326
0.766308
0.76453
0.76695
0.766444
0.76384
0.763636
0.76699
0.76699
0.76699
0.76699
0.76699
0.76699
0.76699
0.76699
0.76699
0.76699
0.76699
0.76699
0.76699
0.76699
0.76699
0.76699
0.76699
0.76699
0.76699
0.76699
0.76699
0.76699
0.76699
0.76699
0.76699
0.76699
0.76699
0.76699
0.76699
0.76699
0.76699
0.76699
0.76699
0.76699
0.76699
0.76699
0.76699
0.76699
0.76699
0.76699
0.76699
0.76699
0.76699
0.76699
0.76699
0.76699
0.76699
0.76699
0.76699
0.76699
0.76699
0.76699
0.76699
0.76699
0.766989
0.766989
0.76699
0.766989
0.766989
0.766983
0.766984
0.766956
0.766963
0.766852
0.766875
0.766645
0.766675
0.766439
0.766453
0.766338
0.766295
0.766279
0.766268
0.766268
0.76627
0.76627
0.766016
0.765024
0.766499
0.766496
0.766362
0.766332
0.766372
0.76643
0.766314
0.765191
0.766979
0.766758
0.763852
0.764185
0.76699
0.76699
0.76699
0.76699
0.76699
0.76699
0.76699
0.76699
0.76699
0.76699
0.76699
0.76699
0.76699
0.76699
0.76699
0.76699
0.76699
0.76699
0.76699
0.76699
0.76699
0.76699
0.76699
0.76699
0.76699
0.76699
0.76699
0.76699
0.76699
0.76699
0.76699
0.76699
0.76699
0.76699
0.76699
0.76699
0.76699
0.76699
0.76699
0.76699
0.76699
0.76699
0.76699
0.76699
0.76699
0.76699
0.76699
0.76699
0.76699
0.76699
0.76699
0.76699
0.76699
0.76699
0.76699
0.76699
0.766988
0.766988
0.766985
0.766987
0.766968
0.766972
0.766895
0.766913
0.766708
0.766742
0.766471
0.766493
0.766345
0.766301
0.766282
0.766272
0.76627
0.766272
0.766272
0.765772
0.764713
0.7665
0.76648
0.766233
0.76632
0.766338
0.766378
0.766436
0.765865
0.766987
0.766905
0.763995
0.764846
0.76699
0.76699
0.76699
0.76699
0.76699
0.76699
0.76699
0.76699
0.76699
0.76699
0.76699
0.76699
0.76699
0.76699
0.76699
0.76699
0.76699
0.76699
0.76699
0.76699
0.76699
0.76699
0.76699
0.76699
0.76699
0.76699
0.76699
0.76699
0.76699
0.76699
0.76699
0.76699
0.76699
0.76699
0.76699
0.76699
0.76699
0.76699
0.76699
0.76699
0.76699
0.76699
0.76699
0.76699
0.76699
0.76699
0.766989
0.76699
0.76699
0.76699
0.76699
0.76699
0.76699
0.76699
0.76699
0.76699
0.76699
0.766989
0.766985
0.766982
0.766976
0.76698
0.766927
0.76694
0.766777
0.766811
0.766522
0.76656
0.766353
0.766363
0.766307
0.766285
0.766273
0.766272
0.766273
0.766273
0.76552
0.76439
0.766503
0.766444
0.766063
0.766324
0.766344
0.766384
0.7665
0.766439
0.766417
0.766989
0.766963
0.764322
0.765478
0.76699
0.76699
0.76699
0.76699
0.76699
0.76699
0.76699
0.76699
0.76699
0.76699
0.76699
0.76699
0.76699
0.76699
0.76699
0.76699
0.76699
0.76699
0.76699
0.76699
0.76699
0.76699
0.76699
0.76699
0.76699
0.76699
0.76699
0.76699
0.76699
0.76699
0.76699
0.76699
0.76699
0.76699
0.76699
0.76699
0.76699
0.76699
0.76699
0.76699
0.76699
0.76699
0.76699
0.76699
0.76699
0.76699
0.76699
0.76699
0.766986
0.76699
0.76699
0.76699
0.76699
0.76699
0.76699
0.76699
0.76699
0.76699
0.76699
0.76699
0.766988
0.766974
0.766968
0.76695
0.76696
0.76684
0.766867
0.766604
0.766652
0.766376
0.766396
0.766313
0.766289
0.766276
0.766273
0.766276
0.766275
0.765216
0.764427
0.766498
0.766373
0.765832
0.766332
0.766349
0.766389
0.766503
0.766447
0.766749
0.76699
0.766982
0.764785
0.766069
0.76699
0.76699
0.76699
0.76699
0.76699
0.76699
0.76699
0.76699
0.76699
0.76699
0.76699
0.76699
0.76699
0.76699
0.76699
0.76699
0.76699
0.76699
0.76699
0.76699
0.76699
0.76699
0.76699
0.76699
0.76699
0.76699
0.76699
0.76699
0.76699
0.76699
0.76699
0.76699
0.76699
0.76699
0.76699
0.76699
0.76699
0.76699
0.76699
0.76699
0.76699
0.76699
0.76699
0.76699
0.76699
0.76699
0.76699
0.76699
0.76699
0.76698
0.76699
0.76699
0.76699
0.76699
0.76699
0.76699
0.76699
0.766989
0.76699
0.766989
0.766989
0.766983
0.766947
0.766931
0.766891
0.766912
0.766695
0.766738
0.766424
0.766461
0.766318
0.766324
0.766293
0.766277
0.766276
0.766277
0.766278
0.764916
0.764572
0.766481
0.766244
0.765562
0.766336
0.766356
0.766396
0.766503
0.766503
0.766449
0.766909
0.76699
0.766988
0.765313
0.766567
0.76699
0.76699
0.76699
0.76699
0.76699
0.76699
0.76699
0.76699
0.76699
0.76699
0.76699
0.76699
0.76699
0.76699
0.76699
0.76699
0.76699
0.76699
0.76699
0.76699
0.76699
0.76699
0.76699
0.76699
0.76699
0.76699
0.76699
0.76699
0.76699
0.76699
0.76699
0.76699
0.76699
0.76699
0.76699
0.76699
0.76699
0.76699
0.76699
0.76699
0.76699
0.76699
0.76699
0.76699
0.76699
0.76699
0.76699
0.76699
0.76699
0.76699
0.76699
0.766961
0.76699
0.76699
0.76699
0.76699
0.76699
0.76699
0.76699
0.76699
0.766989
0.766989
0.766987
0.766986
0.766971
0.766888
0.766856
0.766781
0.766819
0.766506
0.766558
0.766335
0.766349
0.766298
0.766278
0.766276
0.766279
0.766279
0.764765
0.764851
0.766441
0.766055
0.765262
0.766344
0.766362
0.7664
0.766497
0.766503
0.766451
0.766967
0.76699
0.76699
0.765837
0.76683
0.76699
0.76699
0.76699
0.76699
0.76699
0.76699
0.76699
0.76699
0.76699
0.76699
0.76699
0.76699
0.76699
0.76699
0.76699
0.76699
0.76699
0.76699
0.76699
0.76699
0.76699
0.76699
0.76699
0.76699
0.76699
0.76699
0.76699
0.76699
0.76699
0.76699
0.76699
0.76699
0.76699
0.76699
0.76699
0.76699
0.76699
0.76699
0.76699
0.76699
0.76699
0.76699
0.76699
0.76699
0.76699
0.76699
0.76699
0.76699
0.76699
0.76699
0.76699
0.76699
0.766916
0.76699
0.76699
0.76699
0.76699
0.76699
0.76699
0.766989
0.76699
0.766986
0.766987
0.766983
0.766979
0.76694
0.766782
0.766729
0.766617
0.766674
0.766368
0.766393
0.766303
0.766309
0.766279
0.766278
0.76628
0.766281
0.764838
0.765266
0.766354
0.765799
0.76503
0.766348
0.766368
0.766406
0.766472
0.766501
0.7665
0.766454
0.766985
0.76699
0.76699
0.76636
0.766943
0.76699
0.76699
0.76699
0.76699
0.76699
0.76699
0.76699
0.76699
0.76699
0.76699
0.76699
0.76699
0.76699
0.76699
0.76699
0.76699
0.76699
0.76699
0.76699
0.76699
0.76699
0.76699
0.76699
0.76699
0.76699
0.76699
0.76699
0.76699
0.76699
0.76699
0.76699
0.76699
0.76699
0.76699
0.76699
0.76699
0.76699
0.76699
0.76699
0.76699
0.76699
0.76699
0.76699
0.76699
0.76699
0.76699
0.76699
0.76699
0.76699
0.76699
0.76699
0.76699
0.76699
0.76699
0.76683
0.766989
0.76699
0.76699
0.76699
0.76699
0.76699
0.766989
0.766989
0.766978
0.766983
0.76697
0.766958
0.766874
0.76663
0.766557
0.766432
0.766488
0.766315
0.766321
0.766286
0.766296
0.76628
0.766279
0.766281
0.766282
0.765001
0.765739
0.766188
0.765489
0.765049
0.766356
0.766374
0.766411
0.766405
0.766481
0.766498
0.766496
0.766455
0.766989
0.76699
0.76699
0.76674
0.76698
0.76699
0.76699
0.76699
0.76699
0.76699
0.76699
0.76699
0.76699
0.76699
0.76699
0.76699
0.76699
0.76699
0.76699
0.76699
0.76699
0.76699
0.76699
0.76699
0.76699
0.76699
0.76699
0.76699
0.76699
0.76699
0.76699
0.76699
0.76699
0.76699
0.76699
0.76699
0.76699
0.76699
0.76699
0.76699
0.76699
0.76699
0.76699
0.76699
0.76699
0.76699
0.76699
0.76699
0.76699
0.76699
0.76699
0.76699
0.76699
0.76699
0.76699
0.76699
0.76699
0.76699
0.76699
0.76699
0.76699
0.766695
0.766988
0.76699
0.76699
0.76699
0.76699
0.766989
0.766986
0.766988
0.766959
0.76697
0.766938
0.766911
0.766761
0.766445
0.766393
0.766334
0.766357
0.766296
0.766299
0.76628
0.76628
0.766283
0.766284
0.765311
0.766225
0.765933
0.765245
0.765148
0.766361
0.76638
0.766415
0.766255
0.766422
0.76648
0.766493
0.76649
0.766454
0.76699
0.76699
0.76699
0.766915
0.766988
0.76699
0.76699
0.76699
0.76699
0.76699
0.76699
0.76699
0.76699
0.76699
0.76699
0.76699
0.76699
0.76699
0.76699
0.76699
0.76699
0.76699
0.76699
0.76699
0.76699
0.76699
0.76699
0.76699
0.76699
0.76699
0.76699
0.76699
0.76699
0.76699
0.76699
0.76699
0.76699
0.76699
0.76699
0.76699
0.76699
0.76699
0.76699
0.76699
0.76699
0.76699
0.76699
0.76699
0.76699
0.76699
0.76699
0.76699
0.76699
0.76699
0.76699
0.76699
0.76699
0.76699
0.76699
0.76699
0.76699
0.76699
0.76699
0.766523
0.766986
0.76699
0.76699
0.76699
0.76699
0.766988
0.766978
0.766983
0.766912
0.766942
0.766872
0.766821
0.766604
0.766337
0.766318
0.766299
0.766304
0.76628
0.766279
0.76628
0.766285
0.766286
0.765719
0.766673
0.765648
0.765211
0.765378
0.766369
0.766386
0.766418
0.76601
0.766284
0.766422
0.766473
0.766485
0.766481
0.766453
0.76699
0.76699
0.76699
0.766973
0.76699
0.76699
0.76699
0.76699
0.76699
0.76699
0.76699
0.76699
0.76699
0.76699
0.76699
0.76699
0.76699
0.76699
0.76699
0.76699
0.76699
0.76699
0.76699
0.76699
0.76699
0.76699
0.76699
0.76699
0.76699
0.76699
0.76699
0.76699
0.76699
0.76699
0.76699
0.76699
0.76699
0.76699
0.76699
0.76699
0.76699
0.76699
0.76699
0.76699
0.76699
0.76699
0.76699
0.76699
0.76699
0.76699
0.76699
0.76699
0.76699
0.76699
0.76699
0.76699
0.76699
0.76699
0.76699
0.76699
0.76699
0.76699
0.76699
0.76699
0.76699
0.766371
0.766979
0.76699
0.76699
0.766989
0.766989
0.766984
0.766959
0.766972
0.766824
0.766881
0.76676
0.766684
0.766425
0.766294
0.76629
0.766286
0.766292
0.766281
0.766278
0.766282
0.766286
0.766288
0.766165
0.76689
0.765403
0.765283
0.765745
0.766374
0.766392
0.766422
0.765734
0.766046
0.766287
0.766413
0.766463
0.766475
0.766471
0.766453
0.76699
0.76699
0.76699
0.766987
0.76699
0.76699
0.76699
0.76699
0.76699
0.76699
0.76699
0.76699
0.76699
0.76699
0.76699
0.76699
0.76699
0.76699
0.76699
0.76699
0.76699
0.76699
0.76699
0.76699
0.76699
0.76699
0.76699
0.76699
0.76699
0.76699
0.76699
0.76699
0.76699
0.76699
0.76699
0.76699
0.76699
0.76699
0.76699
0.76699
0.76699
0.76699
0.76699
0.76699
0.76699
0.76699
0.76699
0.76699
0.76699
0.76699
0.76699
0.76699
0.76699
0.76699
0.76699
0.76699
0.76699
0.76699
0.76699
0.76699
0.76699
0.76699
0.76699
0.76699
0.76699
0.76699
0.76699
0.766304
0.766962
0.766989
0.76699
0.766988
0.766987
0.766973
0.766917
0.766946
0.766688
0.766771
0.766606
0.76651
0.766323
0.766282
0.76628
0.766277
0.766288
0.766283
0.76629
0.76629
0.76662
0.766966
0.765343
0.76547
0.766169
0.766381
0.766397
0.766424
0.765504
0.76578
0.766051
0.766275
0.766398
0.76645
0.766464
0.766461
0.766447
0.76699
0.76699
0.76699
0.76699
0.76699
0.76699
0.76699
0.76699
0.76699
0.76699
0.76699
0.76699
0.76699
0.76699
0.76699
0.76699
0.76699
0.76699
0.76699
0.76699
0.76699
0.76699
0.76699
0.76699
0.76699
0.76699
0.76699
0.76699
0.76699
0.76699
0.76699
0.76699
0.76699
0.76699
0.76699
0.76699
0.76699
0.76699
0.76699
0.76699
0.76699
0.76699
0.76699
0.76699
0.76699
0.76699
0.76699
0.76699
0.76699
0.76699
0.76699
0.76699
0.76699
0.76699
0.76699
0.76699
0.76699
0.76699
0.76699
0.76699
0.76699
0.76699
0.76699
0.76699
0.76699
0.76699
0.76699
0.76699
0.76699
0.76699
0.766278
0.766927
0.766988
0.766989
0.766985
0.766982
0.766949
0.766837
0.766888
0.76652
0.766618
0.766425
0.76636
0.766282
0.766273
0.766274
0.766283
0.766292
0.766292
0.766294
0.766873
0.766986
0.765403
0.765815
0.766608
0.766387
0.766401
0.766425
0.765451
0.765574
0.765798
0.766031
0.766248
0.766373
0.76643
0.766451
0.76645
0.766447
0.76699
0.76699
0.76699
0.76699
0.76699
0.76699
0.76699
0.76699
0.76699
0.76699
0.76699
0.76699
0.76699
0.76699
0.76699
0.76699
0.76699
0.76699
0.76699
0.76699
0.76699
0.76699
0.76699
0.76699
0.76699
0.76699
0.76699
0.76699
0.76699
0.76699
0.76699
0.76699
0.76699
0.76699
0.76699
0.76699
0.76699
0.76699
0.76699
0.76699
0.76699
0.76699
0.76699
0.76699
0.76699
0.76699
0.76699
0.76699
0.76699
0.76699
0.76699
0.76699
0.76699
0.76699
0.76699
0.76699
0.76699
0.76699
0.76699
0.76699
0.76699
0.76699
0.76699
0.76699
0.76699
0.76699
0.76699
0.76699
0.76699
0.766989
0.76699
0.766269
0.766857
0.766985
0.766987
0.766978
0.766969
0.766899
0.76671
0.766788
0.766361
0.766436
0.766316
0.766288
0.766269
0.766286
0.76627
0.766284
0.766295
0.766297
0.766962
0.766989
0.765574
0.766221
0.766871
0.766392
0.766405
0.766427
0.765508
0.765541
0.765627
0.765793
0.765989
0.766193
0.766328
0.766399
0.766448
0.766425
0.766441
0.76699
0.76699
0.76699
0.76699
0.76699
0.76699
0.76699
0.76699
0.76699
0.76699
0.76699
0.76699
0.76699
0.76699
0.76699
0.76699
0.76699
0.76699
0.76699
0.76699
0.76699
0.76699
0.76699
0.76699
0.76699
0.76699
0.76699
0.76699
0.76699
0.76699
0.76699
0.76699
0.76699
0.76699
0.76699
0.76699
0.76699
0.76699
0.76699
0.76699
0.76699
0.76699
0.76699
0.76699
0.76699
0.76699
0.76699
0.76699
0.76699
0.76699
0.76699
0.76699
0.76699
0.76699
0.76699
0.76699
0.76699
0.76699
0.76699
0.76699
0.76699
0.76699
0.76699
0.76699
0.76699
0.766989
0.76699
0.76699
0.766989
0.766987
0.76699
0.766741
0.766976
0.766983
0.766959
0.766938
0.766815
0.766548
0.766641
0.766283
0.766308
0.766265
0.766262
0.76627
0.766301
0.766287
0.766297
0.7663
0.766985
0.76699
0.765909
0.766637
0.766962
0.766397
0.766408
0.766427
0.765682
0.765603
0.765621
0.765674
0.765778
0.765934
0.766097
0.766258
0.766438
0.766339
0.766439
0.76644
0.76699
0.76699
0.76699
0.76699
0.76699
0.76699
0.76699
0.76699
0.76699
0.76699
0.76699
0.76699
0.76699
0.76699
0.76699
0.76699
0.76699
0.76699
0.76699
0.76699
0.76699
0.76699
0.76699
0.76699
0.76699
0.76699
0.76699
0.76699
0.76699
0.76699
0.76699
0.76699
0.76699
0.76699
0.76699
0.76699
0.76699
0.76699
0.76699
0.76699
0.76699
0.76699
0.76699
0.76699
0.76699
0.76699
0.76699
0.76699
0.76699
0.76699
0.76699
0.76699
0.76699
0.76699
0.76699
0.76699
0.76699
0.76699
0.76699
0.76699
0.76699
0.76699
0.76699
0.76699
0.76699
0.76699
0.76699
0.76699
0.766989
0.76699
0.76699
0.766987
0.766982
0.76699
0.766583
0.766955
0.766973
0.76692
0.766877
0.766686
0.766374
0.766473
0.766246
0.76625
0.766249
0.766256
0.766266
0.766289
0.766307
0.766304
0.766303
0.766989
0.76699
0.766305
0.766883
0.766985
0.7664
0.766411
0.766428
0.766023
0.765793
0.765692
0.765693
0.765715
0.765767
0.765858
0.765989
0.766386
0.766118
0.766409
0.76644
0.766434
0.76699
0.76699
0.76699
0.76699
0.76699
0.76699
0.76699
0.76699
0.76699
0.76699
0.76699
0.76699
0.76699
0.76699
0.76699
0.76699
0.76699
0.76699
0.76699
0.76699
0.76699
0.76699
0.76699
0.76699
0.76699
0.76699
0.76699
0.76699
0.76699
0.76699
0.76699
0.76699
0.76699
0.76699
0.76699
0.76699
0.76699
0.76699
0.76699
0.76699
0.76699
0.76699
0.76699
0.76699
0.76699
0.76699
0.76699
0.76699
0.76699
0.76699
0.76699
0.76699
0.76699
0.76699
0.76699
0.76699
0.76699
0.76699
0.76699
0.76699
0.76699
0.76699
0.76699
0.76699
0.76699
0.76699
0.76699
0.76699
0.76699
0.76699
0.766986
0.766989
0.766989
0.766981
0.766969
0.76699
0.766414
0.766909
0.766949
0.766848
0.766778
0.766526
0.766276
0.766324
0.766236
0.76623
0.766247
0.766266
0.766291
0.766307
0.766311
0.76699
0.766692
0.766966
0.766989
0.766405
0.766413
0.766426
0.766408
0.766151
0.765912
0.765789
0.765747
0.765749
0.765764
0.765802
0.766242
0.765873
0.766311
0.766424
0.766428
0.766433
0.76699
0.76699
0.76699
0.76699
0.76699
0.76699
0.76699
0.76699
0.76699
0.76699
0.76699
0.76699
0.76699
0.76699
0.76699
0.76699
0.76699
0.76699
0.76699
0.76699
0.76699
0.76699
0.76699
0.76699
0.76699
0.76699
0.76699
0.76699
0.76699
0.76699
0.76699
0.76699
0.76699
0.76699
0.76699
0.76699
0.76699
0.76699
0.76699
0.76699
0.76699
0.76699
0.76699
0.76699
0.76699
0.76699
0.76699
0.76699
0.76699
0.76699
0.76699
0.76699
0.76699
0.76699
0.76699
0.76699
0.76699
0.76699
0.76699
0.76699
0.76699
0.76699
0.76699
0.76699
0.76699
0.76699
0.76699
0.76699
0.76699
0.766989
0.766989
0.76699
0.76699
0.76699
0.766981
0.766987
0.766987
0.766968
0.766941
0.76699
0.766286
0.766828
0.766901
0.766737
0.766639
0.766366
0.76623
0.766244
0.766265
0.766225
0.766294
0.766311
0.766315
0.766906
0.766986
0.76699
0.766407
0.766414
0.766426
0.766761
0.766521
0.766286
0.766049
0.765886
0.765804
0.765776
0.765761
0.76597
0.765766
0.766358
0.76607
0.766432
0.766383
0.766428
0.76699
0.76699
0.76699
0.76699
0.76699
0.76699
0.76699
0.76699
0.76699
0.76699
0.76699
0.76699
0.76699
0.76699
0.76699
0.76699
0.76699
0.76699
0.76699
0.76699
0.76699
0.76699
0.76699
0.76699
0.76699
0.76699
0.76699
0.76699
0.76699
0.76699
0.76699
0.76699
0.76699
0.76699
0.76699
0.76699
0.76699
0.76699
0.76699
0.76699
0.76699
0.76699
0.76699
0.76699
0.76699
0.76699
0.76699
0.76699
0.76699
0.76699
0.76699
0.76699
0.76699
0.76699
0.76699
0.76699
0.76699
0.76699
0.76699
0.76699
0.76699
0.76699
0.76699
0.76699
0.76699
0.76699
0.76699
0.76699
0.76699
0.76699
0.76699
0.76699
0.766988
0.766989
0.76699
0.76699
0.76699
0.766968
0.766981
0.766983
0.766939
0.766891
0.76699
0.766217
0.766707
0.766817
0.766594
0.766482
0.766256
0.766215
0.766211
0.766297
0.766262
0.766315
0.766319
0.766972
0.766989
0.76641
0.766415
0.766424
0.766929
0.766827
0.766637
0.76642
0.766202
0.765998
0.765873
0.765801
0.765787
0.765769
0.76617
0.765832
0.766405
0.766246
0.766411
0.766425
0.76699
0.76699
0.76699
0.76699
0.76699
0.76699
0.76699
0.76699
0.76699
0.76699
0.76699
0.76699
0.76699
0.76699
0.76699
0.76699
0.76699
0.76699
0.76699
0.76699
0.76699
0.76699
0.76699
0.76699
0.76699
0.76699
0.76699
0.76699
0.76699
0.76699
0.76699
0.76699
0.76699
0.76699
0.76699
0.76699
0.76699
0.76699
0.76699
0.76699
0.76699
0.76699
0.76699
0.76699
0.76699
0.76699
0.76699
0.76699
0.76699
0.76699
0.76699
0.76699
0.76699
0.76699
0.76699
0.76699
0.76699
0.76699
0.76699
0.76699
0.76699
0.76699
0.76699
0.76699
0.76699
0.76699
0.76699
0.76699
0.76699
0.76699
0.76699
0.76699
0.76699
0.76699
0.76699
0.76699
0.766985
0.766986
0.766989
0.76699
0.76699
0.766941
0.76697
0.766973
0.766886
0.766807
0.76699
0.766192
0.766558
0.766692
0.766445
0.766332
0.766194
0.766213
0.766198
0.76632
0.7663
0.766265
0.766324
0.766987
0.766411
0.766416
0.766421
0.766978
0.76695
0.766882
0.766742
0.766551
0.766359
0.766147
0.765968
0.76574
0.765856
0.765904
0.765736
0.766301
0.765971
0.766411
0.766331
0.766421
0.76699
0.76699
0.76699
0.76699
0.76699
0.76699
0.76699
0.76699
0.76699
0.76699
0.76699
0.76699
0.76699
0.76699
0.76699
0.76699
0.76699
0.76699
0.76699
0.76699
0.76699
0.76699
0.76699
0.76699
0.76699
0.76699
0.76699
0.76699
0.76699
0.76699
0.76699
0.76699
0.76699
0.76699
0.76699
0.76699
0.76699
0.76699
0.76699
0.76699
0.76699
0.76699
0.76699
0.76699
0.76699
0.76699
0.76699
0.76699
0.76699
0.76699
0.76699
0.76699
0.76699
0.76699
0.76699
0.76699
0.76699
0.76699
0.76699
0.76699
0.76699
0.76699
0.76699
0.76699
0.76699
0.76699
0.76699
0.76699
0.76699
0.76699
0.76699
0.76699
0.76699
0.76699
0.76699
0.76699
0.76699
0.76699
0.76699
0.76699
0.766978
0.766982
0.766988
0.766989
0.76699
0.76689
0.766946
0.766954
0.766805
0.766686
0.76699
0.766181
0.766413
0.766541
0.766307
0.76623
0.766174
0.766199
0.766329
0.766324
0.766306
0.766266
0.766412
0.766416
0.76642
0.766988
0.766982
0.766965
0.766921
0.766826
0.766676
0.766497
0.766311
0.765781
0.766116
0.765744
0.765744
0.766052
0.765765
0.766349
0.766411
0.766116
0.766419
0.76699
0.76699
0.76699
0.76699
0.76699
0.76699
0.76699
0.76699
0.76699
0.76699
0.76699
0.76699
0.76699
0.76699
0.76699
0.76699
0.76699
0.76699
0.76699
0.76699
0.76699
0.76699
0.76699
0.76699
0.76699
0.76699
0.76699
0.76699
0.76699
0.76699
0.76699
0.76699
0.76699
0.76699
0.76699
0.76699
0.76699
0.76699
0.76699
0.76699
0.76699
0.76699
0.76699
0.76699
0.76699
0.76699
0.76699
0.76699
0.76699
0.76699
0.76699
0.76699
0.76699
0.76699
0.76699
0.76699
0.76699
0.76699
0.76699
0.76699
0.76699
0.76699
0.76699
0.76699
0.76699
0.76699
0.76699
0.76699
0.76699
0.76699
0.76699
0.76699
0.76699
0.76699
0.76699
0.76699
0.76699
0.76699
0.76699
0.76699
0.76699
0.766989
0.76699
0.766988
0.766964
0.766973
0.766986
0.76699
0.766811
0.766901
0.76692
0.766691
0.766538
0.76699
0.76618
0.766283
0.766394
0.766204
0.766171
0.766164
0.7662
0.766333
0.76633
0.766311
0.766267
0.766412
0.766415
0.766419
0.766989
0.766986
0.766976
0.766949
0.766892
0.766778
0.766629
0.76595
0.766467
0.765714
0.765841
0.765805
0.765697
0.766358
0.766166
0.766414
0.76585
0.766413
0.76699
0.76699
0.76699
0.76699
0.76699
0.76699
0.76699
0.76699
0.76699
0.76699
0.76699
0.76699
0.76699
0.76699
0.76699
0.76699
0.76699
0.76699
0.76699
0.76699
0.76699
0.76699
0.76699
0.76699
0.76699
0.76699
0.76699
0.76699
0.76699
0.76699
0.76699
0.76699
0.76699
0.76699
0.76699
0.76699
0.76699
0.76699
0.76699
0.76699
0.76699
0.76699
0.76699
0.76699
0.76699
0.76699
0.76699
0.76699
0.76699
0.76699
0.76699
0.76699
0.76699
0.76699
0.76699
0.76699
0.76699
0.76699
0.76699
0.76699
0.76699
0.76699
0.76699
0.76699
0.76699
0.76699
0.76699
0.76699
0.76699
0.76699
0.76699
0.76699
0.76699
0.76699
0.76699
0.76699
0.76699
0.76699
0.76699
0.76699
0.76699
0.76699
0.766989
0.76699
0.766986
0.766981
0.766939
0.766957
0.76699
0.766707
0.766828
0.766862
0.766552
0.766393
0.76699
0.76619
0.766177
0.766268
0.766142
0.766149
0.766168
0.766338
0.766335
0.766316
0.766277
0.766412
0.766415
0.766415
0.766989
0.766988
0.766982
0.766968
0.766933
0.76686
0.766293
0.766747
0.765768
0.766121
0.765696
0.765723
0.766377
0.766198
0.765894
0.765701
0.766383
0.766409
0.76699
0.76699
0.76699
0.76699
0.76699
0.76699
0.76699
0.76699
0.76699
0.76699
0.76699
0.76699
0.76699
0.76699
0.76699
0.76699
0.76699
0.76699
0.76699
0.76699
0.76699
0.76699
0.76699
0.76699
0.76699
0.76699
0.76699
0.76699
0.76699
0.76699
0.76699
0.76699
0.76699
0.76699
0.76699
0.76699
0.76699
0.76699
0.76699
0.76699
0.76699
0.76699
0.76699
0.76699
0.76699
0.76699
0.76699
0.76699
0.76699
0.76699
0.76699
0.76699
0.76699
0.76699
0.76699
0.76699
0.76699
0.76699
0.76699
0.76699
0.76699
0.76699
0.76699
0.76699
0.76699
0.76699
0.76699
0.76699
0.76699
0.76699
0.76699
0.76699
0.76699
0.76699
0.76699
0.76699
0.76699
0.76699
0.76699
0.76699
0.76699
0.76699
0.766989
0.76699
0.76699
0.76699
0.766987
0.766982
0.766971
0.766897
0.766929
0.76699
0.76658
0.766733
0.766778
0.766409
0.766265
0.76699
0.766114
0.766161
0.76612
0.766141
0.76619
0.766343
0.76634
0.766323
0.766285
0.766413
0.766413
0.766412
0.76699
0.766989
0.766986
0.766979
0.76696
0.766611
0.76692
0.76597
0.766467
0.765698
0.76586
0.766231
0.765935
0.765715
0.765678
0.766383
0.766258
0.766404
0.76699
0.76699
0.76699
0.76699
0.76699
0.76699
0.76699
0.76699
0.76699
0.76699
0.76699
0.76699
0.76699
0.76699
0.76699
0.76699
0.76699
0.76699
0.76699
0.76699
0.76699
0.76699
0.76699
0.76699
0.76699
0.76699
0.76699
0.76699
0.76699
0.76699
0.76699
0.76699
0.76699
0.76699
0.76699
0.76699
0.76699
0.76699
0.76699
0.76699
0.76699
0.76699
0.76699
0.76699
0.76699
0.76699
0.76699
0.76699
0.76699
0.76699
0.76699
0.76699
0.76699
0.76699
0.76699
0.76699
0.76699
0.76699
0.76699
0.76699
0.76699
0.76699
0.76699
0.76699
0.76699
0.76699
0.76699
0.76699
0.76699
0.76699
0.76699
0.76699
0.76699
0.76699
0.76699
0.76699
0.76699
0.76699
0.76699
0.76699
0.766988
0.76699
0.766989
0.766985
0.76699
0.76699
0.76699
0.76699
0.766974
0.766956
0.766833
0.766887
0.76699
0.766446
0.766619
0.766676
0.766281
0.766157
0.76699
0.766087
0.766088
0.766112
0.766162
0.766348
0.766346
0.766331
0.766293
0.766412
0.766412
0.766409
0.76699
0.766989
0.766988
0.766985
0.766843
0.766976
0.766326
0.766744
0.765787
0.766184
0.765971
0.765737
0.765673
0.765741
0.766378
0.766274
0.766004
0.7664
0.76699
0.76699
0.76699
0.76699
0.76699
0.76699
0.76699
0.76699
0.76699
0.76699
0.76699
0.76699
0.76699
0.76699
0.76699
0.76699
0.76699
0.76699
0.76699
0.76699
0.76699
0.76699
0.76699
0.76699
0.76699
0.76699
0.76699
0.76699
0.76699
0.76699
0.76699
0.76699
0.76699
0.76699
0.76699
0.76699
0.76699
0.76699
0.76699
0.76699
0.76699
0.76699
0.76699
0.76699
0.76699
0.76699
0.76699
0.76699
0.76699
0.76699
0.76699
0.76699
0.76699
0.76699
0.76699
0.76699
0.76699
0.76699
0.76699
0.76699
0.76699
0.76699
0.76699
0.76699
0.76699
0.76699
0.76699
0.76699
0.76699
0.76699
0.76699
0.76699
0.76699
0.76699
0.76699
0.76699
0.76699
0.76699
0.76699
0.766989
0.76699
0.76699
0.766986
0.766974
0.76699
0.76698
0.766963
0.76699
0.76699
0.76699
0.76699
0.76699
0.766931
0.766748
0.766827
0.76699
0.766317
0.766495
0.766566
0.766167
0.766076
0.76699
0.766075
0.766053
0.766134
0.766194
0.766353
0.766351
0.766338
0.766303
0.766411
0.76641
0.766406
0.76699
0.76699
0.766989
0.766956
0.766988
0.766634
0.766914
0.766058
0.76652
0.765761
0.765673
0.765713
0.765959
0.766372
0.766273
0.766025
0.765784
0.766395
0.76699
0.76699
0.76699
0.76699
0.76699
0.76699
0.76699
0.76699
0.76699
0.76699
0.76699
0.76699
0.76699
0.76699
0.76699
0.76699
0.76699
0.76699
0.76699
0.76699
0.76699
0.76699
0.76699
0.76699
0.76699
0.76699
0.76699
0.76699
0.76699
0.76699
0.76699
0.76699
0.76699
0.76699
0.76699
0.76699
0.76699
0.76699
0.76699
0.76699
0.76699
0.76699
0.76699
0.76699
0.76699
0.76699
0.76699
0.76699
0.76699
0.76699
0.76699
0.76699
0.76699
0.76699
0.76699
0.76699
0.76699
0.76699
0.76699
0.76699
0.76699
0.76699
0.76699
0.76699
0.76699
0.76699
0.76699
0.76699
0.76699
0.76699
0.76699
0.76699
0.76699
0.76699
0.76699
0.76699
0.76699
0.76699
0.76699
0.766989
0.766983
0.76699
0.76699
0.766965
0.766922
0.766945
0.766896
0.76699
0.76699
0.76699
0.76699
0.76699
0.76699
0.76699
0.766654
0.766751
0.76699
0.766201
0.766372
0.766451
0.766078
0.766026
0.76699
0.766078
0.766034
0.766185
0.766195
0.766358
0.766357
0.766343
0.766317
0.766409
0.766408
0.766403
0.76699
0.76699
0.766984
0.76699
0.766853
0.766976
0.766411
0.766779
0.765677
0.765697
0.765884
0.766311
0.766366
0.766268
0.766036
0.765804
0.765687
0.76639
0.76699
0.76699
0.76699
0.76699
0.76699
0.76699
0.76699
0.76699
0.76699
0.76699
0.76699
0.76699
0.76699
0.76699
0.76699
0.76699
0.76699
0.76699
0.76699
0.76699
0.76699
0.76699
0.76699
0.76699
0.76699
0.76699
0.76699
0.76699
0.76699
0.76699
0.76699
0.76699
0.76699
0.76699
0.76699
0.76699
0.76699
0.76699
0.76699
0.76699
0.76699
0.76699
0.76699
0.76699
0.76699
0.76699
0.76699
0.76699
0.76699
0.76699
0.76699
0.76699
0.76699
0.76699
0.76699
0.76699
0.76699
0.76699
0.76699
0.76699
0.76699
0.76699
0.76699
0.76699
0.76699
0.76699
0.76699
0.76699
0.76699
0.76699
0.76699
0.76699
0.76699
0.76699
0.76699
0.76699
0.76699
0.76699
0.76699
0.76698
0.766988
0.766952
0.76699
0.766892
0.766791
0.766849
0.76699
0.76699
0.76699
0.76699
0.76699
0.76699
0.76699
0.76699
0.76699
0.766553
0.766669
0.76699
0.766101
0.766257
0.766338
0.766012
0.765996
0.76699
0.766122
0.766025
0.766216
0.766363
0.766361
0.766352
0.766323
0.766408
0.766405
0.766399
0.766989
0.76699
0.766957
0.766988
0.7667
0.766928
0.765695
0.765839
0.766226
0.766622
0.766359
0.766258
0.766033
0.765818
0.765699
0.765696
0.766386
0.76699
0.76699
0.76699
0.76699
0.76699
0.76699
0.76699
0.76699
0.76699
0.76699
0.76699
0.76699
0.76699
0.76699
0.76699
0.76699
0.76699
0.76699
0.76699
0.76699
0.76699
0.76699
0.76699
0.76699
0.76699
0.76699
0.76699
0.76699
0.76699
0.76699
0.76699
0.76699
0.76699
0.76699
0.76699
0.76699
0.76699
0.76699
0.76699
0.76699
0.76699
0.76699
0.76699
0.76699
0.76699
0.76699
0.76699
0.76699
0.76699
0.76699
0.76699
0.76699
0.76699
0.76699
0.76699
0.76699
0.76699
0.76699
0.76699
0.76699
0.76699
0.76699
0.76699
0.76699
0.76699
0.76699
0.76699
0.76699
0.76699
0.76699
0.76699
0.76699
0.76699
0.76699
0.76699
0.76699
0.76699
0.76699
0.76699
0.766976
0.766937
0.766988
0.766857
0.766728
0.766586
0.76699
0.76699
0.76699
0.76699
0.76699
0.76699
0.76699
0.76699
0.76699
0.766987
0.76699
0.766451
0.76699
0.766021
0.766151
0.766233
0.76597
0.765977
0.76699
0.766174
0.766034
0.76623
0.766367
0.766366
0.766357
0.766328
0.766406
0.766403
0.766396
0.76699
0.766985
0.76699
0.766888
0.766979
0.76581
0.766156
0.766551
0.766844
0.766351
0.766246
0.766028
0.765826
0.765712
0.765703
0.765798
0.766381
0.76699
0.76699
0.76699
0.76699
0.76699
0.76699
0.76699
0.76699
0.76699
0.76699
0.76699
0.76699
0.76699
0.76699
0.76699
0.76699
0.76699
0.76699
0.76699
0.76699
0.76699
0.76699
0.76699
0.76699
0.76699
0.76699
0.76699
0.76699
0.76699
0.76699
0.76699
0.76699
0.76699
0.76699
0.76699
0.76699
0.76699
0.76699
0.76699
0.76699
0.76699
0.76699
0.76699
0.76699
0.76699
0.76699
0.76699
0.76699
0.76699
0.76699
0.76699
0.76699
0.76699
0.76699
0.76699
0.76699
0.76699
0.76699
0.76699
0.76699
0.76699
0.76699
0.76699
0.76699
0.76699
0.76699
0.76699
0.76699
0.76699
0.76699
0.76699
0.76699
0.76699
0.76699
0.76699
0.76699
0.76699
0.76699
0.766921
0.766971
0.766819
0.766664
0.766501
0.766351
0.76699
0.76699
0.76699
0.76699
0.76699
0.76699
0.76699
0.76699
0.766986
0.766986
0.766967
0.76699
0.76699
0.765959
0.766059
0.766136
0.765941
0.765969
0.76699
0.766229
0.766079
0.766245
0.766372
0.76637
0.766364
0.766346
0.766404
0.7664
0.766392
0.766989
0.766967
0.766989
0.766104
0.766489
0.766798
0.766952
0.766342
0.76623
0.76602
0.765831
0.765726
0.765714
0.765799
0.766069
0.766376
0.76699
0.76699
0.76699
0.76699
0.76699
0.76699
0.76699
0.76699
0.76699
0.76699
0.76699
0.76699
0.76699
0.76699
0.76699
0.76699
0.76699
0.76699
0.76699
0.76699
0.76699
0.76699
0.76699
0.76699
0.76699
0.76699
0.76699
0.76699
0.76699
0.76699
0.76699
0.76699
0.76699
0.76699
0.76699
0.76699
0.76699
0.76699
0.76699
0.76699
0.76699
0.76699
0.76699
0.76699
0.76699
0.76699
0.76699
0.76699
0.76699
0.76699
0.76699
0.76699
0.76699
0.76699
0.76699
0.76699
0.76699
0.76699
0.76699
0.76699
0.76699
0.76699
0.76699
0.76699
0.76699
0.76699
0.76699
0.76699
0.76699
0.76699
0.76699
0.76699
0.76699
0.766903
0.76678
0.766602
0.766419
0.766255
0.76699
0.76699
0.76699
0.76699
0.76699
0.76699
0.766985
0.766985
0.766962
0.766959
0.766887
0.76699
0.76699
0.765917
0.765982
0.76605
0.765921
0.765971
0.76699
0.766258
0.766149
0.766375
0.766376
0.76637
0.766353
0.766401
0.766397
0.766389
0.766987
0.76699
0.76644
0.766754
0.766934
0.766984
0.766329
0.766207
0.766005
0.765832
0.765738
0.765729
0.765805
0.766054
0.766403
0.766371
0.76699
0.76699
0.76699
0.76699
0.76699
0.76699
0.76699
0.76699
0.76699
0.76699
0.76699
0.76699
0.76699
0.76699
0.76699
0.76699
0.76699
0.76699
0.76699
0.76699
0.76699
0.76699
0.76699
0.76699
0.76699
0.76699
0.76699
0.76699
0.76699
0.76699
0.76699
0.76699
0.76699
0.76699
0.76699
0.76699
0.76699
0.76699
0.76699
0.76699
0.76699
0.76699
0.76699
0.76699
0.76699
0.76699
0.76699
0.76699
0.76699
0.76699
0.76699
0.76699
0.76699
0.76699
0.76699
0.76699
0.76699
0.76699
0.76699
0.76699
0.766742
0.766546
0.766342
0.76617
0.76699
0.76699
0.76699
0.76699
0.766985
0.766986
0.766958
0.766958
0.766873
0.766864
0.766711
0.76699
0.76699
0.765887
0.76592
0.765977
0.765913
0.766004
0.766279
0.766214
0.766379
0.76638
0.766375
0.766361
0.766399
0.766394
0.766385
0.76699
0.766717
0.766913
0.76698
0.766989
0.766307
0.766177
0.765986
0.765832
0.765751
0.765745
0.765821
0.766055
0.766379
0.766689
0.76699
0.76699
0.76699
0.76699
0.76699
0.76699
0.76699
0.76699
0.76699
0.76699
0.76699
0.76699
0.76699
0.76699
0.76699
0.76699
0.76699
0.76699
0.76699
0.76699
0.76699
0.76699
0.76699
0.76699
0.76699
0.76699
0.76699
0.76699
0.76699
0.76699
0.76699
0.76699
0.76699
0.76699
0.76699
0.76699
0.76699
0.76699
0.76699
0.76699
0.76699
0.76699
0.76699
0.76699
0.76699
0.76699
0.76699
0.76699
0.766494
0.766274
0.766091
0.766989
0.766987
0.766988
0.766959
0.766964
0.76686
0.76686
0.766685
0.766669
0.766451
0.76699
0.765864
0.765872
0.765915
0.765911
0.766058
0.766296
0.766278
0.766383
0.766383
0.76638
0.766396
0.766391
0.766894
0.766974
0.766134
0.765958
0.765834
0.765767
0.765765
0.765845
0.766063
0.766374
0.766667
0.766879
0.76699
0.76699
0.76699
0.76699
0.76699
0.76699
0.76699
0.76699
0.76699
0.76699
0.76699
0.76699
0.76699
0.76699
0.76699
0.76699
0.76699
0.76699
0.76699
0.76699
0.76699
0.76699
0.76699
0.76699
0.76699
0.76699
0.76699
0.76699
0.76699
0.76699
0.76699
0.76699
0.76699
0.76699
0.76699
0.76699
0.76699
0.76699
0.76699
0.76699
0.76699
0.76699
0.76699
0.76699
0.76699
0.766211
0.766024
0.766969
0.766865
0.766662
0.76666
0.766415
0.76639
0.76616
0.765846
0.765837
0.765865
0.765928
0.766386
0.766388
0.766393
0.765838
0.765786
0.765792
0.765877
0.766084
0.766378
0.76699
0.76699
0.76699
0.76699
0.76699
0.76699
0.76699
0.76699
0.76699
0.76699
0.76699
0.76699
0.76699
0.76699
0.76699
0.76699
0.76699
0.76699
0.76699
0.76699
0.76699
0.76699
0.76699
0.76699
0.76699
0.76699
0.76699
0.76699
0.76699
0.76699
0.76699
0.76699
0.76699
0.76699
0.76699
0.76699
0.76699
0.76699
0.76699
0.76699
0.76699
0.76699
0.76699
0.765965
0.766116
0.765917
0.765809
0.765824
0.76639
0.76699
0.76699
0.76699
0.76699
0.76699
0.76699
0.76699
0.76699
0.76699
0.76699
0.76699
0.76699
0.76699
0.76699
0.76699
0.76699
0.76699
0.76699
0.76699
0.76699
0.76699
0.76699
0.76699
0.76699
0.76699
0.76699
0.76699
0.76699
0.76699
0.76699
0.76699
0.76699
0.76699
0.76699
0.76699
0.76699
0.76699
0.76699
0.76699
0.76699
0.76699
0.76699
0.76699
0.76699
0.76699
0.76699
0.76699
0.76699
0.76699
0.76699
0.76699
0.76699
0.76699
0.76699
0.76699
0.76699
0.76699
0.76699
0.76699
0.76699
0.76699
0.76699
0.76699
0.76699
0.76699
0.76699
0.76699
0.76699
0.76699
0.76699
0.76699
0.76699
0.76699
0.76699
0.76699
0.76699
0.76699
0.76699
0.76699
0.76699
0.76699
0.76699
0.76699
0.76699
0.76699
0.76699
0.76699
0.76699
0.76699
0.76699
0.76699
0.76699
0.76699
0.76699
0.76699
0.76699
0.76699
0.76699
0.76699
0.76699
0.76699
0.76699
0.76699
0.76699
0.76699
0.76699
0.76699
0.76699
0.76699
0.76699
0.76699
0.76699
0.76699
0.76699
0.76699
0.76699
0.76699
0.76699
0.76699
0.76699
0.76699
0.76699
0.76699
0.76699
0.76699
0.76699
0.76699
0.76699
0.76699
0.76699
0.76699
0.76699
0.76699
0.76699
0.76699
0.76699
0.76699
0.76699
0.76699
0.76699
0.76699
0.76699
0.76699
0.76699
0.76699
0.76699
0.76699
0.76699
0.76699
0.76699
0.76699
0.76699
0.76699
0.76699
0.76699
0.76699
0.76699
0.76699
0.76699
0.76699
0.76699
0.76699
0.76699
0.76699
0.76699
0.76699
0.76699
0.76699
0.76699
0.76699
0.76699
0.76699
0.76699
0.76699
0.76699
0.76699
0.76699
0.76699
0.76699
0.76699
0.76699
0.76699
0.76699
0.76699
0.76699
0.76699
0.76699
0.76699
0.76699
0.76699
0.76699
0.76699
0.76699
0.76699
0.76699
0.76699
0.76699
0.76699
0.76699
0.76699
0.76699
0.76699
0.76699
0.76699
0.76699
0.76699
0.76699
0.76699
0.76699
0.76699
0.76699
0.76699
0.76699
0.76699
0.76699
0.76699
0.76699
0.76699
0.76699
0.76699
0.76699
0.76699
0.76699
0.76699
0.76699
0.76699
0.76699
0.76699
0.76699
0.76699
0.76699
0.76699
0.76699
0.76699
0.76699
0.76699
0.76699
0.76699
0.76699
0.76699
0.76699
0.76699
0.76699
0.76699
0.76699
0.76699
0.76699
0.76699
0.76699
0.76699
0.76699
0.76699
0.76699
0.76699
0.76699
0.76699
0.76699
0.76699
0.76699
0.76699
0.76699
0.76699
0.76699
0.76699
0.76699
0.76699
0.76699
0.76699
0.76699
0.76699
0.76699
0.76699
0.76699
0.76699
0.76699
0.76699
0.76699
0.76699
0.76699
0.76699
0.76699
0.76699
0.76699
0.76699
0.76699
0.76699
0.76699
0.76699
0.76699
0.76699
0.76699
0.76699
0.76699
0.76699
0.76699
0.76699
0.76699
0.76699
0.76699
0.76699
0.76699
0.76699
0.76699
0.76699
0.76699
0.76699
0.76699
0.76699
0.76699
0.76699
0.76699
0.76699
0.76699
0.76699
0.76699
0.76699
0.76699
0.76699
0.76699
0.76699
0.76699
0.76699
0.76699
0.76699
0.76699
0.76699
0.76699
0.76699
0.76699
0.76699
0.76699
0.76699
0.76699
0.76699
0.76699
0.76699
0.76699
0.76699
0.76699
0.76699
0.76699
0.76699
0.76699
0.76699
0.76699
0.76699
0.76699
0.76699
0.76699
0.76699
0.76699
0.76699
0.76699
0.76699
0.76699
0.76699
0.76699
0.76699
0.76699
0.76699
0.76699
0.76699
0.76699
0.76699
0.76699
0.76699
0.76699
0.76699
0.76699
0.76699
0.76699
0.76699
0.76699
0.76699
0.76699
0.76699
0.76699
0.76699
0.76699
0.76699
0.76699
0.76699
0.76699
0.76699
0.76699
0.76699
0.76699
0.76699
0.76699
0.76699
0.76699
0.76699
0.76699
0.76699
0.76699
0.76699
0.76699
0.76699
0.76699
0.76699
0.76699
0.76699
0.76699
0.76699
0.76699
0.76699
0.76699
0.76699
0.76699
0.76699
0.76699
0.76699
0.76699
0.76699
0.76699
0.76699
0.76699
0.76699
0.76699
0.76699
0.76699
0.76699
0.76699
0.76699
0.76699
0.76699
0.76699
0.76699
0.76699
0.76699
0.76699
0.76699
0.76699
0.76699
0.76699
0.76699
0.76699
0.76699
0.76699
0.76699
0.76699
0.76699
0.76699
)
;

boundaryField
{
    lowerOutlet
    {
        type            inletOutlet;
        inletValue      uniform 0.76699;
        value           nonuniform List<scalar> 
144
(
0.76699
0.76699
0.76699
0.76699
0.76699
0.76699
0.76699
0.76699
0.76699
0.76699
0.76699
0.76699
0.76699
0.76699
0.76699
0.76699
0.76699
0.76699
0.76699
0.76699
0.76699
0.76699
0.76699
0.76699
0.76699
0.76699
0.76699
0.76699
0.76699
0.76699
0.76699
0.76699
0.76699
0.76699
0.76699
0.76699
0.76699
0.76699
0.76699
0.76699
0.76699
0.76699
0.766957
0.766917
0.766907
0.766963
0.76699
0.76699
0.752923
0.76699
0.76699
0.76699
0.76699
0.76699
0.76699
0.76699
0.76699
0.76699
0.76699
0.76699
0.76699
0.76699
0.76699
0.76699
0.76699
0.76699
0.76699
0.76699
0.76699
0.76699
0.76699
0.76699
0.76699
0.76699
0.76699
0.76699
0.76699
0.76699
0.76699
0.76699
0.76699
0.76699
0.76699
0.76699
0.76699
0.76699
0.76699
0.76699
0.76699
0.76699
0.76699
0.76699
0.76699
0.76699
0.76699
0.76699
0.76699
0.76699
0.76699
0.766971
0.76694
0.766908
0.766946
0.76699
0.76699
0.761588
0.76699
0.76699
0.76699
0.76699
0.76699
0.76699
0.76699
0.76699
0.76699
0.76699
0.76699
0.766915
0.766978
0.76699
0.76699
0.76699
0.766672
0.76699
0.76699
0.76699
0.76699
0.766916
0.766929
0.76699
0.76699
0.76699
0.76699
0.76699
0.76699
0.76699
0.76699
0.76699
0.76699
0.76699
0.76699
0.76699
0.76699
0.76699
)
;
    }
    top
    {
        type            inletOutlet;
        inletValue      uniform 0.76699;
        value           nonuniform List<scalar> 
100
(
0.76699
0.76699
0.76699
0.76699
0.76699
0.76699
0.76699
0.76699
0.76699
0.76699
0.76699
0.76699
0.76699
0.76699
0.76699
0.76699
0.76699
0.76699
0.76699
0.76699
0.76699
0.76699
0.76699
0.766989
0.766986
0.766976
0.766954
0.766921
0.766895
0.766886
0.766893
0.766914
0.766944
0.766975
0.766987
0.76699
0.76699
0.76699
0.76699
0.76699
0.76699
0.76699
0.76699
0.76699
0.76699
0.76699
0.76699
0.76699
0.76699
0.76699
0.76699
0.76699
0.76699
0.76699
0.76699
0.76699
0.76699
0.76699
0.76699
0.76699
0.76699
0.76699
0.76699
0.76699
0.76699
0.76699
0.76699
0.76699
0.76699
0.76699
0.76699
0.76699
0.76699
0.76699
0.76699
0.76699
0.76699
0.76699
0.76699
0.76699
0.76699
0.76699
0.76699
0.76699
0.76699
0.76699
0.76699
0.76699
0.76699
0.76699
0.76699
0.76699
0.76699
0.76699
0.76699
0.76699
0.76699
0.76699
0.76699
0.76699
)
;
    }
    sides
    {
        type            inletOutlet;
        inletValue      uniform 0.76699;
        value           uniform 0.76699;
    }
    front
    {
        type            empty;
    }
    back
    {
        type            empty;
    }
    roller
    {
        type            zeroGradient;
    }
    burner
    {
        type            fixedValue;
        value           uniform 0.732;
    }
}


// ************************************************************************* //
