/*--------------------------------*- C++ -*----------------------------------*\
  =========                 |
  \\      /  F ield         | OpenFOAM: The Open Source CFD Toolbox
   \\    /   O peration     | Website:  https://openfoam.org
    \\  /    A nd           | Version:  dev
     \\/     M anipulation  |
\*---------------------------------------------------------------------------*/
FoamFile
{
    version     2.0;
    format      ascii;
    class       volScalarField;
    location    "2500";
    object      a;
}
// * * * * * * * * * * * * * * * * * * * * * * * * * * * * * * * * * * * * * //

dimensions      [0 -1 0 0 0 0 0];

internalField   nonuniform List<scalar> 
9842
(
0.100011
0.100011
0.100011
0.100011
0.100011
0.100011
0.100011
0.100011
0.100011
0.100011
0.10001
0.100011
0.100011
0.100011
0.100011
0.10001
0.10001
0.100011
0.100011
0.100011
0.100011
0.10001
0.10001
0.10001
0.100011
0.100011
0.100011
0.100011
0.10001
0.10001
0.10001
0.10001
0.100011
0.100011
0.100011
0.100011
0.100009
0.10001
0.10001
0.10001
0.10001
0.100011
0.100011
0.100011
0.100011
0.100009
0.100009
0.10001
0.10001
0.10001
0.10001
0.100011
0.100011
0.100011
0.100011
0.100009
0.100009
0.100009
0.10001
0.10001
0.10001
0.10001
0.100011
0.100011
0.100011
0.100011
0.100009
0.100009
0.100009
0.100009
0.10001
0.10001
0.10001
0.10001
0.100011
0.100011
0.100011
0.100011
0.100009
0.100009
0.100009
0.100009
0.100009
0.10001
0.10001
0.10001
0.10001
0.100011
0.100011
0.100011
0.100011
0.100008
0.100009
0.100009
0.100009
0.100009
0.100009
0.10001
0.10001
0.10001
0.10001
0.100011
0.100011
0.100011
0.100011
0.100008
0.100008
0.100009
0.100009
0.100009
0.100009
0.100009
0.10001
0.10001
0.10001
0.10001
0.100011
0.100011
0.100011
0.100011
0.100008
0.100008
0.100008
0.100009
0.100009
0.100009
0.100009
0.100009
0.10001
0.10001
0.10001
0.10001
0.100011
0.100011
0.100011
0.100011
0.100008
0.100008
0.100008
0.100008
0.100009
0.100009
0.100009
0.100009
0.100009
0.10001
0.10001
0.10001
0.10001
0.100011
0.100011
0.100011
0.100011
0.100007
0.100008
0.100008
0.100008
0.100008
0.100009
0.100009
0.100009
0.100009
0.100009
0.10001
0.10001
0.10001
0.10001
0.100011
0.100011
0.100011
0.100011
0.100007
0.100007
0.100008
0.100008
0.100008
0.100008
0.100009
0.100009
0.100009
0.100009
0.100009
0.10001
0.10001
0.10001
0.10001
0.100011
0.100011
0.100011
0.100011
0.100007
0.100007
0.100007
0.100008
0.100008
0.100008
0.100008
0.100008
0.100009
0.100009
0.100009
0.100009
0.10001
0.10001
0.10001
0.10001
0.100011
0.100011
0.100011
0.100011
0.100007
0.100007
0.100007
0.100007
0.100008
0.100008
0.100008
0.100008
0.100008
0.100009
0.100009
0.100009
0.100009
0.10001
0.10001
0.10001
0.10001
0.100011
0.100011
0.100011
0.100011
0.100006
0.100007
0.100007
0.100007
0.100007
0.100008
0.100008
0.100008
0.100008
0.100008
0.100009
0.100009
0.100009
0.100009
0.10001
0.10001
0.10001
0.10001
0.100011
0.100011
0.100011
0.100011
0.100006
0.100006
0.100007
0.100007
0.100007
0.100007
0.100008
0.100008
0.100008
0.100008
0.100008
0.100009
0.100009
0.100009
0.100009
0.10001
0.10001
0.10001
0.10001
0.100011
0.100011
0.100011
0.100011
0.100006
0.100006
0.100006
0.100007
0.100007
0.100007
0.100007
0.100008
0.100008
0.100008
0.100008
0.100008
0.100009
0.100009
0.100009
0.100009
0.10001
0.10001
0.10001
0.10001
0.100011
0.100011
0.100011
0.100011
0.100006
0.100006
0.100006
0.100006
0.100007
0.100007
0.100007
0.100007
0.100008
0.100008
0.100008
0.100008
0.100008
0.100009
0.100009
0.100009
0.100009
0.10001
0.10001
0.10001
0.10001
0.100011
0.100011
0.100011
0.100011
0.100006
0.100006
0.100006
0.100006
0.100006
0.100007
0.100007
0.100007
0.100007
0.100008
0.100008
0.100008
0.100008
0.100008
0.100009
0.100009
0.100009
0.100009
0.10001
0.10001
0.10001
0.10001
0.100011
0.100011
0.100011
0.100011
0.100005
0.100006
0.100006
0.100006
0.100006
0.100006
0.100007
0.100007
0.100007
0.100007
0.100008
0.100008
0.100008
0.100008
0.100008
0.100009
0.100009
0.100009
0.100009
0.10001
0.10001
0.10001
0.10001
0.100011
0.100011
0.100011
0.100011
0.100005
0.100005
0.100006
0.100006
0.100006
0.100006
0.100006
0.100007
0.100007
0.100007
0.100007
0.100008
0.100008
0.100008
0.100008
0.100008
0.100009
0.100009
0.100009
0.100009
0.10001
0.10001
0.10001
0.10001
0.100011
0.100011
0.100011
0.100011
0.100005
0.100005
0.100005
0.100006
0.100006
0.100006
0.100006
0.100006
0.100007
0.100007
0.100007
0.100007
0.100008
0.100008
0.100008
0.100008
0.100008
0.100009
0.100009
0.100009
0.100009
0.10001
0.10001
0.10001
0.10001
0.100011
0.100011
0.100011
0.100011
0.100005
0.100005
0.100005
0.100005
0.100006
0.100006
0.100006
0.100006
0.100006
0.100007
0.100007
0.100007
0.100007
0.100008
0.100008
0.100008
0.100008
0.100008
0.100009
0.100009
0.100009
0.100009
0.10001
0.10001
0.10001
0.10001
0.100011
0.100011
0.100011
0.100011
0.100004
0.100005
0.100005
0.100005
0.100005
0.100006
0.100006
0.100006
0.100006
0.100006
0.100007
0.100007
0.100007
0.100007
0.100008
0.100008
0.100008
0.100008
0.100009
0.100009
0.100009
0.100009
0.100009
0.10001
0.10001
0.10001
0.10001
0.100011
0.100011
0.100011
0.100011
0.100004
0.100004
0.100005
0.100005
0.100005
0.100005
0.100006
0.100006
0.100006
0.100006
0.100006
0.100007
0.100007
0.100007
0.100007
0.100008
0.100008
0.100008
0.100008
0.100009
0.100009
0.100009
0.100009
0.100009
0.10001
0.10001
0.10001
0.10001
0.100011
0.100011
0.100011
0.100011
0.100004
0.100004
0.100004
0.100005
0.100005
0.100005
0.100005
0.100006
0.100006
0.100006
0.100006
0.100006
0.100007
0.100007
0.100007
0.100007
0.100008
0.100009
0.100009
0.10001
0.10001
0.10001
0.10001
0.10001
0.10001
0.10001
0.10001
0.10001
0.10001
0.100011
0.100011
0.100011
0.100011
0.100004
0.100004
0.100004
0.100004
0.100005
0.100005
0.100005
0.100005
0.100006
0.100006
0.100006
0.100006
0.100006
0.100007
0.100007
0.100008
0.100009
0.100013
0.100017
0.100022
0.100025
0.10002
0.100016
0.100013
0.100011
0.10001
0.10001
0.10001
0.10001
0.10001
0.100011
0.100011
0.100011
0.100011
0.100011
0.100004
0.100004
0.100004
0.100004
0.100004
0.100005
0.100005
0.100005
0.100005
0.100006
0.100006
0.100006
0.100006
0.100006
0.100007
0.100009
0.100017
0.100033
0.100058
0.100097
0.100114
0.100099
0.100071
0.100043
0.100025
0.100017
0.100013
0.100011
0.100011
0.10001
0.10001
0.100011
0.100011
0.100011
0.100011
0.100011
0.100011
0.100003
0.100004
0.100004
0.100004
0.100004
0.100004
0.100005
0.100005
0.100005
0.100005
0.100006
0.100006
0.100006
0.100006
0.100007
0.100011
0.100035
0.100101
0.100224
0.100448
0.100648
0.100662
0.100486
0.100279
0.100138
0.100066
0.100034
0.10002
0.100015
0.100012
0.100011
0.100011
0.100011
0.10001
0.100011
0.100011
0.100011
0.100011
0.100011
0.100011
0.100011
0.100003
0.100003
0.100004
0.100004
0.100004
0.100004
0.100004
0.100005
0.100005
0.100005
0.100005
0.100006
0.100006
0.100006
0.100007
0.100014
0.100067
0.100225
0.100718
0.101749
0.103054
0.103731
0.103105
0.101881
0.100925
0.100408
0.100173
0.100078
0.100039
0.100023
0.100015
0.100012
0.10001
0.10001
0.10001
0.100011
0.100011
0.100011
0.100011
0.100011
0.100011
0.100011
0.100003
0.100003
0.100003
0.100004
0.100004
0.100004
0.100004
0.100004
0.100005
0.100005
0.100005
0.100005
0.100006
0.100006
0.100007
0.100016
0.1001
0.100408
0.101662
0.104808
0.109812
0.11433
0.114415
0.110326
0.105657
0.102523
0.101023
0.100413
0.100176
0.100081
0.100041
0.100021
0.10001
0.100011
0.10001
0.10001
0.10001
0.100011
0.100011
0.100011
0.100011
0.100011
0.100011
0.100011
0.100003
0.100003
0.100003
0.100003
0.100004
0.100004
0.100004
0.100004
0.100004
0.100005
0.100005
0.100005
0.100005
0.100006
0.100006
0.100016
0.100125
0.10059
0.102845
0.109162
0.120363
0.132709
0.139422
0.136065
0.124722
0.112868
0.105641
0.102205
0.100873
0.100368
0.100162
0.100073
0.100012
0.100015
0.10001
0.100011
0.10001
0.10001
0.100011
0.100011
0.100011
0.100011
0.100011
0.100011
0.100011
0.100011
0.100002
0.100003
0.100003
0.100003
0.100003
0.100004
0.100004
0.100004
0.100004
0.100004
0.100005
0.100005
0.100005
0.100005
0.100006
0.100015
0.10013
0.100707
0.103895
0.113753
0.131989
0.15241
0.166328
0.168888
0.15992
0.141715
0.12161
0.109485
0.103802
0.101543
0.10066
0.100298
0.100023
0.100045
0.100012
0.100015
0.100011
0.100012
0.100011
0.100011
0.100011
0.100011
0.100011
0.100011
0.100011
0.100011
0.100011
0.100011
0.100002
0.100002
0.100003
0.100003
0.100003
0.100003
0.100004
0.100004
0.100004
0.100004
0.100004
0.100005
0.100005
0.100005
0.100006
0.100011
0.100119
0.100726
0.104451
0.117288
0.142242
0.170646
0.191104
0.200091
0.197083
0.182167
0.157372
0.130005
0.113252
0.105545
0.102357
0.101077
0.100103
0.100237
0.100024
0.100046
0.100016
0.100028
0.100014
0.100023
0.100012
0.100017
0.100013
0.100011
0.100013
0.100014
0.100011
0.100011
0.100011
0.100011
0.100002
0.100002
0.100002
0.100003
0.100003
0.100003
0.100003
0.100004
0.100004
0.100004
0.100004
0.100004
0.100005
0.100005
0.100005
0.100008
0.100085
0.10067
0.104502
0.118983
0.14924
0.185124
0.211375
0.225864
0.230257
0.223888
0.203474
0.170929
0.13652
0.116452
0.107309
0.103442
0.100568
0.10122
0.100107
0.100268
0.10006
0.100145
0.100053
0.100145
0.10004
0.100125
0.100023
0.100075
0.100031
0.100013
0.100037
0.100039
0.100011
0.100012
0.100011
0.100011
0.100002
0.100002
0.100002
0.100002
0.100003
0.100003
0.100003
0.100003
0.100004
0.100004
0.100004
0.100004
0.100004
0.100005
0.100005
0.100006
0.10005
0.100511
0.104084
0.119053
0.152327
0.194017
0.224023
0.240779
0.251095
0.255188
0.248166
0.223092
0.18231
0.141351
0.119521
0.110045
0.102667
0.105613
0.100672
0.10163
0.100355
0.100888
0.1004
0.101038
0.100409
0.101204
0.10029
0.10103
0.100132
0.100587
0.100199
0.100034
0.100251
0.100264
0.100012
0.100026
0.100011
0.100011
0.100001
0.100002
0.100002
0.100002
0.100002
0.100003
0.100003
0.100003
0.100003
0.100004
0.100004
0.100004
0.100004
0.100004
0.100005
0.100005
0.100024
0.100341
0.103176
0.117917
0.152689
0.197479
0.225147
0.242412
0.255665
0.266618
0.27412
0.268452
0.239407
0.191093
0.146636
0.125658
0.11154
0.120728
0.103863
0.109435
0.102207
0.105266
0.102562
0.105901
0.103177
0.107509
0.103138
0.108253
0.102227
0.106838
0.101023
0.104065
0.101483
0.100222
0.101827
0.101893
0.100018
0.100146
0.100011
0.100013
0.100001
0.100001
0.100002
0.100002
0.100002
0.100002
0.100003
0.100003
0.100003
0.100003
0.100004
0.100004
0.100004
0.100004
0.100004
0.100005
0.100012
0.1002
0.101947
0.114372
0.150198
0.194325
0.219465
0.236003
0.249764
0.26422
0.278256
0.289748
0.286027
0.253147
0.200691
0.160562
0.136116
0.148104
0.118566
0.134643
0.112048
0.124147
0.112857
0.124487
0.116377
0.130642
0.118931
0.137342
0.117717
0.139511
0.112841
0.132318
0.10639
0.120553
0.108577
0.101628
0.110065
0.110283
0.100076
0.101121
0.100012
0.100032
0.100001
0.100001
0.100001
0.100002
0.100002
0.100002
0.100002
0.100003
0.100003
0.100003
0.100003
0.100004
0.100004
0.100004
0.100004
0.100004
0.100007
0.100091
0.101075
0.109901
0.14271
0.187583
0.208005
0.220615
0.229738
0.246732
0.270352
0.290668
0.306186
0.304136
0.269435
0.221227
0.200389
0.149635
0.179166
0.139417
0.159548
0.139353
0.157254
0.148251
0.167784
0.160598
0.185391
0.169804
0.202379
0.169058
0.21134
0.152459
0.203683
0.128899
0.173369
0.13584
0.109081
0.139983
0.140126
0.100594
0.106798
0.100016
0.100218
0.100001
0.100001
0.100001
0.100001
0.100002
0.100002
0.100002
0.100002
0.100003
0.100003
0.100003
0.100003
0.100004
0.100004
0.100004
0.100004
0.100005
0.100034
0.100594
0.105976
0.132473
0.178648
0.197978
0.203032
0.196502
0.205775
0.236934
0.276668
0.305907
0.326009
0.326694
0.295712
0.266418
0.235523
0.271648
0.181389
0.209438
0.177601
0.201163
0.188519
0.210483
0.2103
0.234511
0.234937
0.265402
0.254097
0.292547
0.258035
0.310104
0.239688
0.30583
0.192747
0.270588
0.206587
0.136124
0.212937
0.211094
0.104137
0.129158
0.100064
0.101824
0.100001
0.100001
0.100001
0.100001
0.100001
0.100002
0.100002
0.100002
0.100002
0.100003
0.100003
0.100003
0.100003
0.100004
0.100004
0.100004
0.100004
0.100014
0.100261
0.103089
0.122386
0.16779
0.189603
0.189087
0.168777
0.174486
0.199557
0.235821
0.286557
0.325559
0.351356
0.35776
0.339631
0.301628
0.341466
0.286252
0.318984
0.227193
0.255585
0.233621
0.259119
0.257896
0.281311
0.293047
0.317919
0.328669
0.358616
0.354049
0.387945
0.362386
0.399071
0.347042
0.397475
0.296069
0.377147
0.312199
0.201285
0.317201
0.312655
0.120756
0.185863
0.100585
0.112465
0.1
0.100001
0.100001
0.100001
0.100001
0.100001
0.100002
0.100002
0.100002
0.100002
0.100003
0.100003
0.100003
0.100003
0.100004
0.100004
0.100004
0.100007
0.100098
0.101329
0.113498
0.153739
0.182184
0.181367
0.151473
0.152411
0.172917
0.204677
0.247957
0.304729
0.351473
0.383812
0.401807
0.372824
0.403319
0.352561
0.387226
0.344589
0.375321
0.28632
0.314782
0.304844
0.329798
0.340716
0.362599
0.383055
0.403081
0.409659
0.424447
0.418797
0.429516
0.420771
0.429041
0.416912
0.428928
0.39545
0.428363
0.405098
0.298519
0.40758
0.401071
0.168733
0.275306
0.105338
0.151241
0.1
0.1
0.100001
0.100001
0.100001
0.100001
0.100001
0.100002
0.100002
0.100002
0.100002
0.100003
0.100003
0.100003
0.100003
0.100004
0.100004
0.100005
0.100034
0.10068
0.106959
0.13782
0.17484
0.17737
0.144799
0.137829
0.153496
0.189226
0.231169
0.277777
0.333917
0.384126
0.423821
0.460473
0.415656
0.450401
0.406229
0.435076
0.407053
0.433019
0.355408
0.381117
0.38363
0.404564
0.419604
0.433935
0.435829
0.445415
0.435691
0.441644
0.433148
0.433612
0.431443
0.427384
0.434618
0.428465
0.436165
0.437824
0.442346
0.384565
0.446954
0.44845
0.247827
0.35947
0.134466
0.219289
0.1
0.1
0.100001
0.100001
0.100001
0.100001
0.100001
0.100002
0.100002
0.100002
0.100002
0.100003
0.100003
0.100003
0.100003
0.100004
0.100004
0.100013
0.100276
0.103013
0.12331
0.164828
0.174898
0.14511
0.129819
0.138796
0.174357
0.224816
0.269951
0.315994
0.369569
0.423245
0.469242
0.492201
0.498033
0.460909
0.480358
0.457505
0.479524
0.462786
0.481029
0.424737
0.443971
0.447252
0.459962
0.454438
0.463504
0.447454
0.453767
0.433688
0.434057
0.416068
0.40594
0.409848
0.38827
0.422297
0.390442
0.44137
0.417356
0.447093
0.444049
0.454697
0.461786
0.325327
0.425217
0.119776
0.239572
0.1
0.1
0.100001
0.100001
0.100001
0.100001
0.100001
0.100002
0.100002
0.100002
0.100002
0.100003
0.100003
0.100003
0.100003
0.100004
0.100007
0.100088
0.101169
0.112283
0.14949
0.172052
0.148137
0.127238
0.129338
0.153321
0.206611
0.261497
0.308619
0.357884
0.411825
0.460697
0.49715
0.489394
0.510908
0.509176
0.497201
0.507526
0.498227
0.511293
0.497576
0.510012
0.472356
0.484757
0.472977
0.482684
0.461183
0.469802
0.436755
0.443669
0.402811
0.407782
0.379928
0.380927
0.372244
0.368615
0.379951
0.367356
0.416259
0.377367
0.422565
0.466129
0.435183
0.444938
0.461274
0.379983
0.460615
0.122807
0.28617
0.1
0.100001
0.100001
0.100001
0.100001
0.100001
0.100001
0.100002
0.100002
0.100002
0.100002
0.100003
0.100003
0.100003
0.100003
0.100004
0.10003
0.100601
0.105476
0.132084
0.165647
0.155937
0.127611
0.124912
0.136611
0.165649
0.21959
0.281465
0.332853
0.383159
0.43158
0.471373
0.503359
0.491287
0.518223
0.512298
0.518709
0.520318
0.520061
0.525852
0.514732
0.523998
0.492966
0.503823
0.479742
0.490792
0.45468
0.467908
0.419397
0.435205
0.386928
0.399301
0.37034
0.375678
0.365437
0.372902
0.366387
0.376427
0.380577
0.369973
0.371095
0.407963
0.38609
0.453199
0.469265
0.462084
0.424288
0.399682
0.391913
0.432907
0.385591
0.439705
0.468358
0.473274
0.466016
0.149582
0.415325
0.303399
0.395631
0.1
0.100001
0.100001
0.100001
0.100001
0.100001
0.100001
0.100002
0.100002
0.100002
0.100002
0.100003
0.100003
0.100003
0.100004
0.100012
0.100228
0.102149
0.117595
0.153411
0.161241
0.130596
0.12403
0.128014
0.140278
0.168065
0.21629
0.277969
0.338672
0.388454
0.42919
0.465782
0.444316
0.500618
0.484706
0.518127
0.504606
0.526393
0.524435
0.529093
0.529868
0.523663
0.529562
0.502176
0.513777
0.481694
0.495629
0.452123
0.469774
0.416265
0.436125
0.384621
0.39785
0.380457
0.383636
0.383614
0.39425
0.401446
0.40635
0.377243
0.392555
0.41139
0.429738
0.410076
0.373006
0.376939
0.376681
0.382124
0.380573
0.443976
0.45513
0.409859
0.392951
0.386037
0.420876
0.457104
0.465384
0.473613
0.473681
0.282326
0.360759
0.445082
0.437228
0.1
0.100001
0.100001
0.100001
0.100001
0.100001
0.100001
0.100002
0.100002
0.100002
0.100002
0.100003
0.100003
0.100003
0.100006
0.10007
0.100873
0.108177
0.136836
0.161011
0.140707
0.124694
0.125114
0.130687
0.140039
0.160804
0.194822
0.242469
0.297302
0.341669
0.357855
0.440317
0.395483
0.487315
0.465299
0.504369
0.484079
0.527687
0.520248
0.530644
0.527844
0.527471
0.528493
0.509211
0.520352
0.487117
0.502652
0.456942
0.476478
0.416761
0.438455
0.385603
0.393443
0.406744
0.404498
0.398911
0.391802
0.422227
0.429397
0.431228
0.400431
0.423221
0.444527
0.466628
0.446295
0.387036
0.379685
0.391043
0.40799
0.383652
0.433207
0.446183
0.401238
0.388344
0.393872
0.411284
0.470864
0.459075
0.470676
0.477927
0.446024
0.422568
0.101303
0.259306
0.467976
0.467674
0.1
0.100001
0.100001
0.100001
0.100001
0.100001
0.100001
0.100002
0.100002
0.100002
0.100002
0.100003
0.100003
0.100004
0.100023
0.100444
0.103316
0.120967
0.154817
0.151081
0.127934
0.125006
0.128697
0.130715
0.134294
0.142003
0.157568
0.183184
0.206942
0.212012
0.29129
0.217919
0.392623
0.3438
0.459758
0.429863
0.475966
0.44801
0.518679
0.499791
0.524618
0.512938
0.522895
0.517281
0.514898
0.522564
0.493362
0.506618
0.459817
0.478074
0.408885
0.428077
0.385179
0.380401
0.379195
0.380962
0.428878
0.421373
0.410346
0.397506
0.455672
0.460356
0.459489
0.434561
0.462049
0.482078
0.506547
0.486823
0.413847
0.394048
0.417507
0.443699
0.39621
0.423368
0.437147
0.400418
0.398473
0.400964
0.407991
0.479839
0.451727
0.466064
0.479552
0.477939
0.413378
0.119585
0.234579
0.481801
0.100001
0.100001
0.100001
0.100001
0.100001
0.100001
0.100001
0.100002
0.100002
0.100002
0.100002
0.100003
0.100003
0.100009
0.100143
0.10126
0.109986
0.138234
0.152886
0.137883
0.126491
0.12903
0.130427
0.128513
0.124562
0.121562
0.123903
0.130245
0.131784
0.125547
0.206269
0.14757
0.327448
0.270247
0.41504
0.375346
0.431319
0.395182
0.490758
0.463105
0.502147
0.477088
0.504411
0.485558
0.513814
0.512842
0.490971
0.496531
0.446295
0.458323
0.385522
0.392533
0.399774
0.404525
0.384994
0.374749
0.369025
0.367548
0.45261
0.439732
0.4226
0.403364
0.490951
0.492734
0.488122
0.475194
0.504296
0.519896
0.545361
0.528164
0.449846
0.419067
0.452674
0.485138
0.418782
0.417517
0.429884
0.404878
0.417381
0.415685
0.410466
0.485292
0.444902
0.461211
0.478704
0.487494
0.473842
0.381418
0.128086
0.232208
0.100001
0.100001
0.100001
0.100001
0.100001
0.100001
0.100001
0.100002
0.100002
0.100002
0.100002
0.100003
0.100005
0.100043
0.10066
0.104167
0.121947
0.149996
0.146898
0.131803
0.130458
0.13352
0.130717
0.124871
0.116903
0.110369
0.10721
0.106489
0.104764
0.106829
0.101777
0.142264
0.115753
0.249559
0.189276
0.35355
0.305215
0.371825
0.32884
0.445987
0.410698
0.457764
0.42438
0.461962
0.432469
0.494416
0.482756
0.462358
0.460426
0.404668
0.406158
0.369203
0.373715
0.379867
0.386456
0.384581
0.368719
0.356972
0.350828
0.476124
0.457659
0.434288
0.408511
0.524881
0.523536
0.514323
0.518281
0.546179
0.554495
0.580092
0.567028
0.491077
0.452445
0.493084
0.528374
0.4493
0.417723
0.427134
0.415064
0.444002
0.437674
0.416806
0.487785
0.440273
0.457249
0.476925
0.488532
0.463214
0.362789
0.122037
0.214487
0.100001
0.100001
0.100001
0.100001
0.100001
0.100001
0.100001
0.100002
0.100002
0.100002
0.100002
0.100003
0.100015
0.100264
0.101592
0.110511
0.137562
0.148287
0.140559
0.13336
0.137095
0.138072
0.132475
0.122673
0.112746
0.105394
0.101749
0.100759
0.100209
0.101473
0.100362
0.114018
0.104648
0.175992
0.136042
0.28093
0.228351
0.304142
0.259226
0.387033
0.346833
0.397808
0.360924
0.398566
0.365587
0.447908
0.426945
0.402866
0.393287
0.35329
0.352733
0.345021
0.350254
0.349057
0.349351
0.351382
0.353141
0.383218
0.361334
0.344148
0.332174
0.496752
0.472659
0.443239
0.411331
0.5558
0.549951
0.535268
0.560234
0.584812
0.583978
0.608756
0.601394
0.534031
0.491082
0.535218
0.570125
0.485169
0.421638
0.429182
0.431989
0.476157
0.465155
0.42866
0.488573
0.439516
0.455371
0.475565
0.487543
0.453662
0.345119
0.110828
0.182862
0.100001
0.100001
0.100001
0.100001
0.100001
0.100001
0.100001
0.100002
0.100002
0.100002
0.100003
0.100006
0.100075
0.100772
0.104435
0.121258
0.145466
0.145662
0.138752
0.139058
0.143567
0.14285
0.136374
0.124517
0.111014
0.102917
0.100446
0.100066
0.100044
0.100022
0.100352
0.100091
0.104391
0.101299
0.133661
0.11318
0.213133
0.168771
0.244059
0.205172
0.322313
0.2832
0.331644
0.29742
0.320436
0.290961
0.373325
0.349254
0.337498
0.325704
0.291965
0.315039
0.311686
0.301744
0.307526
0.324965
0.32127
0.319074
0.317258
0.380418
0.352512
0.329348
0.311892
0.512396
0.482637
0.447428
0.410051
0.581651
0.570751
0.550456
0.598506
0.618402
0.608936
0.631586
0.629428
0.575432
0.531766
0.57601
0.607992
0.523539
0.429003
0.433753
0.454254
0.511244
0.495945
0.445465
0.489146
0.442502
0.456016
0.475476
0.486587
0.445329
0.322093
0.103737
0.150818
0.100001
0.1
0.100001
0.100001
0.100001
0.100001
0.100001
0.100002
0.100002
0.100002
0.100003
0.100023
0.100367
0.101749
0.110062
0.133627
0.145665
0.143736
0.141558
0.145873
0.149459
0.147295
0.13856
0.125385
0.110257
0.101618
0.10012
0.100012
0.100012
0.100008
0.10008
0.100029
0.101196
0.100315
0.113293
0.104196
0.167633
0.134883
0.197241
0.163533
0.263861
0.230687
0.262092
0.233122
0.222152
0.198568
0.268521
0.247782
0.295745
0.292622
0.208069
0.195593
0.269819
0.262381
0.243757
0.253866
0.299369
0.290321
0.283185
0.27669
0.373763
0.340728
0.312435
0.289799
0.522296
0.487037
0.446542
0.404561
0.601339
0.585385
0.560554
0.631523
0.645997
0.628472
0.649847
0.650784
0.613015
0.571578
0.613279
0.640593
0.561668
0.440475
0.441219
0.480117
0.546751
0.5281
0.46576
0.49018
0.448003
0.459194
0.476065
0.486293
0.437772
0.292688
0.101209
0.129225
0.1
0.1
0.100001
0.100001
0.100001
0.100001
0.100001
0.100002
0.100002
0.100002
0.100009
0.100108
0.100819
0.104223
0.118735
0.14153
0.145059
0.144522
0.146819
0.152072
0.1543
0.149776
0.139214
0.123699
0.106911
0.100654
0.100042
0.100006
0.100008
0.100007
0.100007
0.100024
0.100011
0.100252
0.100064
0.10356
0.100975
0.132227
0.111687
0.145817
0.121529
0.204859
0.17516
0.177281
0.156704
0.138949
0.133776
0.182962
0.169504
0.147393
0.232762
0.221145
0.164169
0.157215
0.223232
0.212407
0.190373
0.201318
0.272112
0.257833
0.245559
0.23427
0.363409
0.325935
0.293501
0.266874
0.527308
0.486941
0.441335
0.39418
0.615816
0.595806
0.567308
0.658658
0.666333
0.641816
0.66233
0.667312
0.645465
0.608186
0.645568
0.667475
0.597282
0.455163
0.450767
0.507665
0.580734
0.559301
0.488024
0.491833
0.454896
0.46488
0.477991
0.486979
0.430914
0.264855
0.100754
0.124458
0.1
0.1
0.100001
0.100001
0.100001
0.100001
0.100001
0.100002
0.100002
0.100004
0.100031
0.100422
0.101698
0.108773
0.128276
0.143659
0.145471
0.147041
0.152183
0.157244
0.157577
0.150612
0.137515
0.118946
0.103355
0.10024
0.100015
0.100006
0.100007
0.100007
0.100007
0.10001
0.100007
0.100046
0.100018
0.100682
0.100173
0.108258
0.102565
0.110495
0.10426
0.137743
0.121764
0.12514
0.118419
0.129973
0.129413
0.132336
0.152049
0.148959
0.131631
0.133179
0.180387
0.171836
0.14191
0.139543
0.18461
0.173399
0.155759
0.163706
0.24528
0.227233
0.211548
0.19744
0.349224
0.30873
0.27389
0.245499
0.530133
0.485144
0.434958
0.383188
0.626623
0.604128
0.573626
0.678477
0.680914
0.650927
0.67075
0.67924
0.672257
0.640172
0.672322
0.687754
0.629009
0.471857
0.462748
0.534988
0.611049
0.587644
0.510292
0.494279
0.463607
0.47283
0.481628
0.488703
0.429265
0.26453
0.103045
0.139034
0.1
0.1
0.100001
0.100001
0.100001
0.100001
0.100001
0.100002
0.100002
0.100011
0.100129
0.100826
0.103684
0.115317
0.13632
0.144858
0.146995
0.15156
0.157358
0.161293
0.158954
0.149665
0.132854
0.112332
0.101223
0.100075
0.100006
0.100011
0.100006
0.100006
0.100007
0.100006
0.100007
0.100007
0.100015
0.100009
0.100127
0.100035
0.101467
0.100457
0.102511
0.101063
0.110923
0.105608
0.125881
0.120485
0.149548
0.146036
0.191676
0.184135
0.137238
0.135493
0.150893
0.1507
0.149675
0.145235
0.143776
0.145025
0.166397
0.158416
0.147627
0.152261
0.222713
0.204119
0.188867
0.176424
0.33469
0.291985
0.256464
0.228587
0.534021
0.485832
0.431481
0.375603
0.634061
0.610061
0.57837
0.692618
0.692694
0.657024
0.67738
0.687501
0.693482
0.66715
0.694053
0.702179
0.65533
0.489544
0.476537
0.559932
0.636623
0.611449
0.532059
0.497716
0.474142
0.481959
0.487217
0.492434
0.435628
0.297583
0.168119
0.248891
0.1
0.1
0.100001
0.100001
0.100001
0.100001
0.100001
0.100002
0.100005
0.100038
0.100439
0.101492
0.107073
0.122479
0.140935
0.146374
0.150321
0.156468
0.161743
0.163879
0.158905
0.145777
0.125743
0.105354
0.100381
0.100022
0.100006
0.100007
0.100006
0.100006
0.100007
0.100006
0.100007
0.100007
0.10001
0.100008
0.100055
0.100019
0.10045
0.100183
0.102893
0.101192
0.112477
0.106573
0.175404
0.169237
0.170171
0.197892
0.196641
0.260354
0.250914
0.146938
0.1496
0.197205
0.194627
0.144785
0.143617
0.166411
0.173688
0.163037
0.158107
0.155463
0.15542
0.207396
0.191443
0.179429
0.170068
0.323804
0.280325
0.245985
0.219593
0.538323
0.489461
0.433872
0.37582
0.638697
0.614385
0.5832
0.70424
0.703272
0.662706
0.68584
0.696983
0.709183
0.688609
0.711423
0.714709
0.676316
0.508071
0.49194
0.582911
0.656737
0.632398
0.553148
0.502504
0.486823
0.493459
0.495272
0.498968
0.453471
0.383023
0.138828
0.32361
0.1
0.1
0.100001
0.100001
0.100001
0.100001
0.100002
0.100002
0.100012
0.100138
0.100796
0.102959
0.111766
0.129137
0.143631
0.148843
0.154307
0.160943
0.165184
0.164782
0.156289
0.139166
0.116452
0.101733
0.100101
0.100008
0.100006
0.100006
0.100006
0.100006
0.100007
0.100006
0.100007
0.100007
0.10001
0.100008
0.100063
0.100019
0.100517
0.100236
0.111389
0.104156
0.147797
0.126058
0.236857
0.217838
0.249231
0.272978
0.26349
0.26412
0.336812
0.328461
0.181374
0.188531
0.260284
0.252286
0.156738
0.161141
0.204058
0.215911
0.169863
0.169775
0.17658
0.171254
0.200365
0.187093
0.178559
0.172772
0.321493
0.276907
0.241445
0.21556
0.544139
0.496398
0.441596
0.383137
0.643611
0.619792
0.590466
0.716159
0.715285
0.671237
0.699578
0.709388
0.723284
0.706861
0.727049
0.728127
0.694525
0.526985
0.50917
0.603247
0.677102
0.653455
0.57339
0.509206
0.503082
0.507412
0.506237
0.50759
0.481038
0.440561
0.110241
0.291525
0.1
0.1
0.100001
0.100001
0.100001
0.100001
0.100002
0.100005
0.100041
0.10042
0.101237
0.10534
0.116927
0.134614
0.145865
0.152032
0.158517
0.16468
0.167393
0.163722
0.150823
0.129747
0.10659
0.100457
0.100025
0.100006
0.100006
0.100007
0.100006
0.100006
0.100006
0.100007
0.100006
0.100007
0.100007
0.100011
0.100008
0.100148
0.100031
0.101308
0.100432
0.138503
0.114316
0.233991
0.180559
0.314531
0.295872
0.31509
0.346503
0.336328
0.338554
0.411156
0.404711
0.228726
0.24094
0.328736
0.315917
0.183237
0.19314
0.252465
0.268823
0.184937
0.190459
0.208942
0.197736
0.198474
0.188735
0.184424
0.18362
0.326584
0.278472
0.240539
0.215042
0.55443
0.510472
0.458863
0.401866
0.652746
0.630915
0.604484
0.730142
0.728774
0.685359
0.712011
0.721949
0.737147
0.724205
0.74069
0.73977
0.716445
0.547417
0.530032
0.626013
0.701777
0.682795
0.597314
0.518015
0.522322
0.52463
0.518546
0.519218
0.504879
0.46313
0.108153
0.291983
0.1
0.1
0.100001
0.100001
0.100001
0.100001
0.100002
0.100012
0.100132
0.100729
0.102232
0.108553
0.121946
0.138252
0.148585
0.15557
0.162562
0.167436
0.167893
0.159868
0.142266
0.117933
0.101885
0.100102
0.100008
0.100006
0.100006
0.100006
0.100006
0.100006
0.100006
0.100007
0.100006
0.100007
0.100007
0.100016
0.100008
0.100286
0.100059
0.104231
0.100986
0.197506
0.139731
0.355171
0.313296
0.278211
0.391021
0.371438
0.387468
0.41618
0.406271
0.410953
0.476206
0.471764
0.285333
0.301211
0.395582
0.382167
0.221818
0.2363
0.311625
0.330941
0.210738
0.22293
0.254075
0.237429
0.201081
0.197071
0.197695
0.201097
0.343764
0.290889
0.249096
0.222666
0.573846
0.537343
0.493519
0.443177
0.668796
0.65013
0.629112
0.739584
0.735536
0.700888
0.720615
0.729359
0.744471
0.740974
0.747833
0.747182
0.737655
0.572277
0.554582
0.656853
0.731021
0.720729
0.628435
0.529255
0.546402
0.546176
0.533927
0.531862
0.524209
0.48147
0.170183
0.383839
0.1
0.1
0.100001
0.100001
0.100001
0.100001
0.100005
0.10004
0.100364
0.101034
0.10381
0.112115
0.126219
0.14096
0.151238
0.158945
0.165988
0.169063
0.165923
0.152786
0.130575
0.106338
0.100424
0.100021
0.100006
0.100006
0.100006
0.100006
0.100006
0.100006
0.100006
0.100007
0.100006
0.100007
0.100007
0.100024
0.10001
0.100492
0.100125
0.111936
0.10267
0.278364
0.184261
0.409121
0.371305
0.328754
0.380553
0.459264
0.440396
0.442639
0.47155
0.469439
0.47484
0.52966
0.525655
0.34934
0.366487
0.460113
0.448297
0.272807
0.291881
0.380452
0.400067
0.252344
0.271949
0.315111
0.293067
0.215406
0.216046
0.220882
0.234938
0.389002
0.335764
0.290049
0.259813
0.605931
0.580654
0.551228
0.51593
0.687886
0.673397
0.658326
0.747643
0.74721
0.711719
0.742235
0.743613
0.75227
0.748416
0.754444
0.759944
0.745238
0.603173
0.58484
0.696569
0.741935
0.734395
0.663504
0.542533
0.574099
0.571368
0.552445
0.546801
0.541339
0.522348
0.431262
0.522875
0.1
0.1
0.100001
0.100001
0.100001
0.100002
0.100012
0.100115
0.100637
0.10163
0.10591
0.115621
0.129728
0.143317
0.15371
0.162175
0.168348
0.168952
0.160749
0.142199
0.116354
0.101592
0.100077
0.100007
0.100006
0.100006
0.100006
0.100006
0.100006
0.100006
0.100006
0.100007
0.100006
0.100008
0.100007
0.100041
0.100012
0.101104
0.100258
0.127541
0.106221
0.368214
0.351142
0.293425
0.23474
0.453016
0.417702
0.409572
0.513919
0.495547
0.484868
0.512811
0.526746
0.529697
0.573739
0.566583
0.418039
0.434213
0.520705
0.512184
0.337362
0.359153
0.45523
0.472974
0.315924
0.341081
0.390549
0.366221
0.254153
0.25652
0.27063
0.291515
0.476041
0.434503
0.394716
0.361165
0.642092
0.625242
0.608793
0.593798
0.702677
0.694586
0.69224
0.764743
0.76865
0.740253
0.761778
0.765293
0.76831
0.75518
0.772257
0.774306
0.75484
0.636024
0.617584
0.716804
0.750555
0.741557
0.698073
0.559386
0.607156
0.59518
0.572773
0.561779
0.561349
0.563621
0.3544
0.565402
0.1
0.1
0.100001
0.100001
0.100001
0.100004
0.100036
0.100293
0.100842
0.102583
0.108228
0.118943
0.132589
0.14554
0.156128
0.165418
0.169298
0.165932
0.151847
0.128275
0.10494
0.100299
0.100014
0.100005
0.100006
0.100006
0.100006
0.100005
0.100006
0.100006
0.100006
0.100006
0.100006
0.100007
0.100006
0.100008
0.100007
0.100065
0.100016
0.10209
0.100395
0.150336
0.111985
0.391092
0.36075
0.317584
0.258681
0.481217
0.447377
0.427915
0.554825
0.536463
0.511802
0.539329
0.57797
0.57742
0.610495
0.598934
0.48816
0.501523
0.576257
0.571701
0.413876
0.435273
0.531489
0.545506
0.403873
0.429828
0.47685
0.454139
0.346034
0.344319
0.355801
0.377515
0.579331
0.56451
0.550337
0.533899
0.677299
0.666281
0.652489
0.639621
0.731472
0.725247
0.774986
0.776894
0.813803
0.795263
0.799665
0.803452
0.783344
0.767551
0.782791
0.781198
0.759367
0.676429
0.657115
0.724184
0.748857
0.733278
0.708808
0.575271
0.630428
0.616383
0.591805
0.578889
0.581488
0.586362
0.312727
0.581451
0.1
0.1
0.100001
0.100001
0.100002
0.100011
0.100094
0.100532
0.101183
0.10388
0.11075
0.121823
0.135066
0.147668
0.158995
0.167808
0.168322
0.159124
0.139068
0.112411
0.101036
0.100045
0.100006
0.100005
0.100006
0.100006
0.100006
0.100005
0.100006
0.100006
0.100006
0.100006
0.100007
0.100006
0.100009
0.100007
0.100107
0.100022
0.103417
0.100565
0.168576
0.118581
0.398212
0.362791
0.323557
0.322593
0.279282
0.230512
0.491933
0.46099
0.431657
0.583642
0.563854
0.522211
0.552296
0.623757
0.618766
0.641054
0.624607
0.556279
0.565478
0.625959
0.625974
0.497351
0.51585
0.605886
0.615031
0.518353
0.536407
0.569782
0.552001
0.513632
0.494188
0.490179
0.502321
0.63367
0.62823
0.625323
0.62441
0.762455
0.749455
0.748168
0.734885
0.788549
0.771636
0.833046
0.818423
0.857555
0.844822
0.846483
0.849675
0.82552
0.768249
0.826371
0.815261
0.822509
0.691847
0.6728
0.724404
0.82072
0.747671
0.818718
0.710034
0.591654
0.65494
0.638954
0.613768
0.592213
0.595244
0.600137
1.04751
0.607834
0.1
0.1
0.100001
0.100001
0.100004
0.10003
0.100219
0.100717
0.101711
0.105482
0.113146
0.124433
0.137346
0.150052
0.163106
0.168279
0.163951
0.148076
0.122938
0.103099
0.10016
0.100009
0.100005
0.100005
0.100006
0.100006
0.100006
0.100006
0.100005
0.100006
0.100006
0.100006
0.100007
0.100006
0.100011
0.100007
0.10016
0.10003
0.104189
0.100754
0.17034
0.120496
0.396952
0.357139
0.31325
0.263629
0.227861
0.491771
0.4622
0.426331
0.604415
0.580149
0.522345
0.554552
0.663061
0.653776
0.665899
0.644148
0.620311
0.624669
0.670933
0.674671
0.582858
0.596687
0.676413
0.678989
0.650178
0.658467
0.664796
0.657259
0.627331
0.634738
0.626997
0.639884
0.736846
0.730959
0.735093
0.738572
0.825991
0.821996
0.821697
0.815993
0.841683
0.828924
0.893559
0.861101
0.904097
0.896833
0.897657
0.898892
0.868438
0.821502
0.87034
0.85996
0.872439
0.698456
0.680936
0.731149
0.871976
0.811998
0.871538
0.710571
0.612881
0.662683
0.646374
0.630435
0.608713
0.607972
0.611934
2.73312
0.715047
0.1
0.1
0.100001
0.100002
0.10001
0.100072
0.10043
0.100903
0.102532
0.107182
0.115528
0.126809
0.139573
0.154615
0.1663
0.16626
0.155033
0.132956
0.107494
0.100522
0.100022
0.100005
0.100005
0.100005
0.100005
0.100006
0.100006
0.100006
0.100006
0.100006
0.100006
0.100006
0.100007
0.100006
0.100013
0.100008
0.100193
0.100037
0.104101
0.100783
0.159977
0.118055
0.385962
0.342492
0.295132
0.246622
0.214943
0.481361
0.453485
0.410394
0.618413
0.588379
0.513383
0.551699
0.697297
0.683484
0.685795
0.658221
0.678758
0.67811
0.708291
0.718254
0.667692
0.673891
0.735256
0.734344
0.704546
0.720874
0.731729
0.721273
0.745836
0.673294
0.675688
0.68786
0.818349
0.817801
0.821802
0.826764
0.893631
0.894217
0.896107
0.898149
0.895505
0.88909
0.937705
0.906723
0.940712
0.936479
0.937706
0.938445
0.912759
0.870285
0.91543
0.906254
0.920634
0.691076
0.688327
0.806211
0.92131
0.869238
0.922183
0.800552
0.625304
0.669627
0.654856
0.641644
0.624857
0.623345
0.630369
3.02265
1.00074
0.1
0.1
0.100001
0.100003
0.100024
0.100157
0.100611
0.101169
0.103584
0.109044
0.117662
0.128985
0.144045
0.160945
0.166233
0.159908
0.141476
0.115115
0.101495
0.100066
0.100006
0.100005
0.100005
0.100005
0.100005
0.100005
0.100006
0.100006
0.100006
0.100006
0.100006
0.100006
0.100006
0.100007
0.100006
0.100014
0.100008
0.100196
0.100039
0.103275
0.100722
0.199992
0.157067
0.128827
0.112224
0.366188
0.32038
0.273061
0.225686
0.460236
0.433528
0.385872
0.626458
0.589614
0.496184
0.540927
0.727276
0.708771
0.701182
0.666997
0.730928
0.726858
0.742056
0.750493
0.731955
0.735441
0.761747
0.76285
0.8177
0.737704
0.75809
0.743618
0.836445
0.752657
0.787872
0.802197
0.901847
0.905589
0.910992
0.91716
0.940289
0.94338
0.947419
0.952202
0.9354
0.935475
0.944353
0.948587
0.91586
0.952793
0.945026
0.957686
0.707716
0.798156
0.684207
0.86616
0.959474
0.921506
0.96175
0.862801
0.638291
0.683913
0.663078
0.651229
0.636839
0.636194
0.659476
3.19491
1.97758
0.1
0.1
0.100001
0.100008
0.100054
0.100305
0.100759
0.101686
0.104856
0.110676
0.119707
0.133389
0.152897
0.164622
0.162674
0.148309
0.123955
0.103666
0.100199
0.10001
0.100005
0.100005
0.100005
0.100005
0.100005
0.100005
0.100006
0.100006
0.100006
0.100006
0.100006
0.100006
0.100006
0.100007
0.100006
0.100014
0.100008
0.100175
0.100038
0.102085
0.100563
0.179762
0.142096
0.126027
0.106568
0.339573
0.293432
0.247153
0.200955
0.432853
0.405749
0.354986
0.627964
0.58654
0.47433
0.524202
0.746795
0.72799
0.708502
0.669342
0.758776
0.756832
0.760566
0.76629
0.75654
0.763711
0.775555
0.776459
0.88786
0.825939
0.774829
0.842887
0.924324
0.847352
0.866675
0.879194
0.958036
0.964211
0.971249
0.97808
0.953849
0.790984
0.860754
0.705499
0.789315
0.920006
0.961537
0.918175
0.646696
0.68221
0.676242
0.658081
0.645323
0.642388
0.768382
3.21681
2.74148
0.1
0.100001
0.100003
0.100018
0.10011
0.100491
0.100908
0.102408
0.105967
0.112461
0.123907
0.143437
0.160646
0.163231
0.1534
0.132038
0.107469
0.100541
0.100023
0.100005
0.100005
0.100005
0.100005
0.100005
0.100005
0.100005
0.100006
0.100006
0.100006
0.100006
0.100006
0.100006
0.100006
0.100006
0.100007
0.100006
0.100014
0.100008
0.100125
0.100033
0.101016
0.100357
0.160065
0.130247
0.117253
0.113527
0.104806
0.101863
0.308163
0.263245
0.218567
0.176794
0.402347
0.372545
0.320241
0.62548
0.575763
0.447825
0.501767
0.756399
0.737285
0.71144
0.668155
0.772286
0.769373
0.767786
0.771949
0.773825
0.778448
0.793187
0.792865
0.954618
0.895998
0.851582
0.907301
0.983729
0.931809
0.94275
0.949751
0.856462
0.916959
0.784426
0.85456
0.960616
0.9593
0.654463
0.701378
0.783468
0.685378
0.665723
0.653071
0.655143
0.98333
3.23012
3.10687
0.1
0.100001
0.100006
0.100039
0.100211
0.100659
0.101186
0.103118
0.107401
0.116226
0.134103
0.155191
0.162616
0.156855
0.138587
0.113165
0.101308
0.100059
0.100006
0.100004
0.100005
0.100005
0.100005
0.100005
0.100005
0.100005
0.100006
0.100006
0.100006
0.100006
0.100006
0.100006
0.100006
0.100006
0.100006
0.100007
0.100006
0.100013
0.100008
0.100061
0.100026
0.100367
0.10185
0.100171
0.143555
0.120918
0.107177
0.10257
0.274256
0.231473
0.190505
0.15531
0.370529
0.337751
0.284934
0.616098
0.55889
0.417934
0.474358
0.762243
0.742157
0.71319
0.662565
0.781129
0.776399
0.772538
0.777734
0.860565
0.79657
0.86627
0.810752
1.00385
0.959462
0.91114
0.964779
0.991145
0.996105
1.00047
0.914057
0.95813
0.850863
0.912312
0.660236
0.775628
0.84866
0.685809
0.781289
0.671781
0.656471
0.682855
1.36684
3.23968
3.22507
0.1
0.100002
0.100014
0.100078
0.100372
0.100815
0.101575
0.10417
0.110599
0.12548
0.149356
0.1609
0.158754
0.143826
0.119689
0.102803
0.100151
0.100008
0.100004
0.100004
0.100005
0.100005
0.100005
0.100005
0.100005
0.100005
0.100006
0.100006
0.100006
0.100006
0.100006
0.100006
0.100006
0.100006
0.100006
0.100006
0.100007
0.100006
0.100011
0.100008
0.100032
0.100018
0.100889
0.10013
0.100571
0.100065
0.128786
0.111769
0.104444
0.1015
0.240912
0.201141
0.165547
0.136293
0.337924
0.305378
0.2535
0.60169
0.536258
0.385256
0.442279
0.766963
0.747462
0.714234
0.65533
0.798676
0.786624
0.774374
0.784782
0.91553
0.862879
0.864613
0.916067
1.00672
0.966122
1.00931
0.956189
0.909014
0.954041
0.664447
0.843799
0.906551
0.693882
0.780195
0.843183
0.675497
0.659508
0.751062
1.91941
3.24639
3.27719
0.100001
0.100005
0.100029
0.100149
0.100585
0.100944
0.102273
0.106715
0.118992
0.143683
0.15851
0.159268
0.147881
0.125796
0.105118
0.100348
0.100016
0.100004
0.100004
0.100004
0.100005
0.100005
0.100005
0.100005
0.100005
0.100005
0.100006
0.100006
0.100006
0.100006
0.100006
0.100006
0.100006
0.100006
0.100006
0.100006
0.100006
0.100007
0.100006
0.100009
0.100007
0.100019
0.100012
0.100075
0.10017
0.100049
0.100274
0.100817
0.100032
0.116673
0.10739
0.102732
0.211416
0.175454
0.144843
0.122583
0.304849
0.274178
0.224675
0.583237
0.508102
0.350626
0.406127
0.76787
0.748808
0.714013
0.648688
0.8103
0.797905
0.77507
0.789616
0.967603
0.916153
0.857392
0.913961
0.965642
1.00991
0.950956
0.667655
0.902132
0.94763
0.692297
0.778387
0.84078
0.899788
0.677576
0.668757
0.877034
2.40698
3.25117
3.30895
0.100001
0.10001
0.100059
0.100285
0.100742
0.101289
0.104185
0.11417
0.138344
0.155945
0.159138
0.150831
0.131067
0.108123
0.10071
0.100034
0.100005
0.100004
0.100004
0.100004
0.100005
0.100005
0.100005
0.100005
0.100005
0.100005
0.100006
0.100006
0.100006
0.100006
0.100006
0.100006
0.100006
0.100006
0.100006
0.100006
0.100006
0.100007
0.100006
0.100008
0.100007
0.100013
0.100009
0.100109
0.100053
0.10027
0.100045
0.100402
0.101202
0.10002
0.110036
0.103625
0.18577
0.153715
0.129401
0.113761
0.272309
0.244583
0.198731
0.562492
0.47479
0.315547
0.367234
0.76663
0.749888
0.712794
0.642432
0.802103
0.77772
0.78871
1.0102
0.967012
0.906074
0.854683
0.963265
1.00684
0.671385
0.943141
0.712861
0.774516
0.83828
0.896636
0.939495
0.690331
0.681124
1.05825
2.78372
3.25442
3.32983
0.100004
0.100023
0.100139
0.100535
0.100995
0.102682
0.110806
0.133663
0.153464
0.158784
0.152791
0.135205
0.111619
0.10129
0.100071
0.100006
0.100004
0.100004
0.100004
0.100004
0.100005
0.100005
0.100005
0.100005
0.100005
0.100005
0.100006
0.100006
0.100006
0.100006
0.100006
0.100006
0.100006
0.100006
0.100006
0.100006
0.100006
0.100006
0.100007
0.100006
0.100007
0.100007
0.100011
0.100008
0.100108
0.100248
0.100053
0.100482
0.100032
0.100626
0.101658
0.100019
0.100033
0.104972
0.163376
0.136571
0.118363
0.107213
0.240812
0.217042
0.175275
0.541857
0.437464
0.279999
0.326067
0.764835
0.747233
0.708417
0.637276
0.775453
0.840444
1.00919
0.955545
0.904681
1.00481
0.675768
0.766995
0.834766
0.89339
0.935268
0.694422
0.712919
1.27093
3.03372
3.25707
3.34856
0.10001
0.100061
0.100303
0.100767
0.102121
0.10864
0.130029
0.151214
0.158275
0.154022
0.138448
0.115455
0.102138
0.100134
0.100008
0.100004
0.100004
0.100004
0.100004
0.100004
0.100005
0.100005
0.100005
0.100006
0.100005
0.100006
0.100006
0.100006
0.100006
0.100006
0.100006
0.100006
0.100006
0.100006
0.100006
0.100006
0.100006
0.100007
0.100006
0.100007
0.100007
0.10001
0.100008
0.100328
0.100163
0.100564
0.100073
0.100982
0.101018
0.102446
0.100024
0.100043
0.100061
0.1448
0.123582
0.110144
0.103928
0.211315
0.19171
0.154642
0.523109
0.397151
0.245008
0.285444
0.765615
0.742961
0.70391
0.634313
0.834923
0.8919
0.998501
0.954451
0.68019
0.829436
0.770893
0.888987
0.931726
0.697388
0.764191
1.5635
3.19704
3.2586
3.35838
0.100036
0.100189
0.100624
0.101971
0.107848
0.127545
0.149393
0.15776
0.154793
0.140994
0.118979
0.103266
0.100236
0.100014
0.100004
0.100003
0.100004
0.100004
0.100004
0.100004
0.100005
0.100005
0.100005
0.100006
0.100006
0.100006
0.100005
0.100006
0.100006
0.100006
0.100006
0.100006
0.100006
0.100006
0.100006
0.100006
0.100006
0.100006
0.100006
0.100006
0.100007
0.100007
0.10001
0.100007
0.100824
0.10047
0.100271
0.101329
0.100114
0.102034
0.101778
0.100031
0.100085
0.100104
0.100176
0.13011
0.113938
0.106232
0.10339
0.184378
0.168713
0.137787
0.509995
0.355799
0.211273
0.247862
0.823057
0.748049
0.705294
0.634252
0.888125
0.944627
0.996149
0.685207
0.88389
0.827394
0.767598
0.926566
0.700341
0.853455
1.86143
3.29627
3.26123
3.37646
0.100185
0.100619
0.10184
0.107714
0.126617
0.148135
0.15735
0.155309
0.14295
0.122044
0.104558
0.100381
0.100022
0.100004
0.100003
0.100003
0.100004
0.100004
0.100004
0.100004
0.100005
0.100005
0.100005
0.100006
0.100006
0.100006
0.100006
0.100006
0.100005
0.100006
0.100006
0.100006
0.100006
0.100006
0.100006
0.100006
0.100006
0.100006
0.100006
0.100006
0.100007
0.100007
0.100011
0.100007
0.102887
0.101767
0.100882
0.100385
0.103974
0.104369
0.100031
0.100114
0.100115
0.100255
0.10033
0.100649
0.118867
0.109738
0.10595
0.161058
0.14925
0.125235
0.506518
0.318329
0.181584
0.21462
0.87622
0.814806
0.744127
0.716063
0.639227
0.94193
0.989916
0.696284
0.922006
0.879642
0.823374
0.766297
0.702488
0.968347
2.22097
3.33971
3.26326
3.38914
0.100645
0.101836
0.107756
0.126551
0.147697
0.157199
0.155708
0.144465
0.124532
0.105942
0.100565
0.100036
0.100004
0.100003
0.100003
0.100003
0.100004
0.100004
0.100004
0.100004
0.100005
0.100005
0.100005
0.100006
0.100006
0.100006
0.100006
0.100006
0.100006
0.100006
0.100005
0.100006
0.100006
0.100006
0.100006
0.100006
0.100006
0.100006
0.100006
0.100006
0.100006
0.100007
0.100007
0.10001
0.100007
0.10811
0.105468
0.103146
0.101543
0.10977
0.109681
0.100024
0.100109
0.100091
0.100373
0.100382
0.100969
0.101267
0.102436
0.11452
0.110077
0.142997
0.134487
0.121303
0.510235
0.305849
0.163282
0.200517
0.933179
0.869554
0.793989
0.711156
0.790003
0.665461
0.987404
0.722078
0.914345
0.875155
0.820316
0.765173
0.707562
1.12445
2.51523
3.39607
3.26656
3.40648
0.102147
0.107964
0.126715
0.147705
0.157231
0.156086
0.145609
0.126561
0.107212
0.100794
0.100052
0.100006
0.100003
0.100003
0.100003
0.100003
0.100004
0.100004
0.100004
0.100004
0.100005
0.100005
0.100005
0.100006
0.100006
0.100006
0.100006
0.100006
0.100006
0.100006
0.100006
0.100005
0.100006
0.100006
0.100006
0.100006
0.100006
0.100006
0.100006
0.100006
0.100007
0.100007
0.100009
0.100007
0.119362
0.114701
0.109398
0.105187
0.119963
0.117178
0.100018
0.100068
0.100055
0.10037
0.100295
0.101385
0.101416
0.103428
0.104338
0.10771
0.115918
0.139487
0.129773
0.124154
0.534792
0.307898
0.161383
0.203189
0.98147
0.929576
0.853532
0.771344
0.850116
0.679772
0.768238
0.910177
0.87121
0.817523
0.766574
0.714972
1.31665
2.74403
3.41583
3.28229
3.454
0.109351
0.127296
0.147909
0.157419
0.156462
0.146481
0.128071
0.108411
0.101022
0.100078
0.100008
0.100003
0.100003
0.100003
0.100003
0.100003
0.100004
0.100004
0.100004
0.100004
0.100005
0.100005
0.100005
0.100006
0.100006
0.100006
0.100006
0.100006
0.100006
0.100006
0.100006
0.100006
0.100006
0.100005
0.100006
0.100006
0.100006
0.100006
0.100006
0.100006
0.100006
0.100007
0.100007
0.100008
0.100007
0.137745
0.133085
0.123393
0.114475
0.134495
0.127993
0.100012
0.100042
0.100037
0.100191
0.100106
0.101365
0.101084
0.104765
0.10484
0.110344
0.1127
0.12024
0.150456
0.134577
0.142201
0.582574
0.352322
0.180637
0.239648
0.979515
0.91936
0.835614
0.771979
0.91736
0.68503
0.85049
0.906351
0.867584
0.816025
0.766514
0.727519
1.52136
2.87073
3.42962
3.3532
3.55016
0.129616
0.148419
0.157858
0.156824
0.147085
0.129199
0.109316
0.101274
0.10012
0.100011
0.100003
0.100003
0.100003
0.100003
0.100003
0.100003
0.100004
0.100004
0.100004
0.100004
0.100005
0.100005
0.100005
0.100006
0.100006
0.100006
0.100006
0.100006
0.100006
0.100006
0.100006
0.100006
0.100006
0.100006
0.100006
0.100005
0.100006
0.100006
0.100006
0.100006
0.100006
0.100007
0.100007
0.100007
0.100007
0.162978
0.160968
0.148577
0.133483
0.155244
0.100033
0.100009
0.100073
0.10005
0.100706
0.100374
0.104568
0.103741
0.113856
0.114051
0.125951
0.130903
0.143922
0.18932
0.163828
0.183029
0.647267
0.439969
0.23527
0.320877
0.973161
0.907682
0.836609
0.764448
0.972031
0.9512
0.902743
0.864716
0.813152
0.765373
0.734074
0.75455
1.69989
2.8542
3.37698
2.41355
2.74725
0.149958
0.158281
0.157202
0.147462
0.129861
0.110052
0.101465
0.100164
0.100014
0.100003
0.100002
0.100003
0.100003
0.100003
0.100003
0.100003
0.100004
0.100004
0.100004
0.100004
0.100005
0.100005
0.100005
0.100006
0.100006
0.100006
0.100006
0.100006
0.100006
0.100006
0.100006
0.100006
0.100006
0.100006
0.100006
0.100006
0.100005
0.100006
0.100006
0.100006
0.100006
0.100007
0.100007
0.100007
0.100007
0.195995
0.196764
0.185159
0.164618
0.100075
0.100015
0.100055
0.100008
0.100178
0.100103
0.102518
0.101391
0.113371
0.111197
0.133519
0.133914
0.153868
0.162315
0.180057
0.261573
0.217979
0.238736
0.68637
0.557401
0.327051
0.442759
0.967565
0.908518
0.831025
0.773948
1.04245
0.899405
0.861339
0.809357
0.768286
0.744195
0.792146
1.77788
2.80933
3.26928
0.111015
0.953523
0.159283
0.157509
0.147584
0.130124
0.110398
0.101644
0.100198
0.100018
0.100003
0.100002
0.100002
0.100003
0.100003
0.100003
0.100003
0.100003
0.100004
0.100004
0.100004
0.100004
0.100005
0.100005
0.100005
0.100006
0.100006
0.100006
0.100006
0.100006
0.100006
0.100006
0.100006
0.100006
0.100006
0.100006
0.100006
0.100006
0.100006
0.100006
0.100005
0.100006
0.100006
0.100007
0.100007
0.100007
0.100007
0.243479
0.231198
0.207681
0.100141
0.100012
0.100025
0.100035
0.100083
0.100007
0.100597
0.100272
0.10796
0.104689
0.133031
0.128361
0.167436
0.168376
0.194158
0.205983
0.227141
0.354933
0.292077
0.301307
0.709819
0.666359
0.437653
0.581848
0.967509
0.903281
0.837107
0.782739
1.11482
0.896138
0.857237
0.810322
0.770927
0.750395
0.827472
1.84754
2.60678
2.77247
0.102306
0.280509
0.15796
0.147554
0.130071
0.110498
0.101727
0.100224
0.100018
0.100003
0.100002
0.100002
0.100002
0.100003
0.100003
0.100003
0.100003
0.100003
0.100004
0.100004
0.100004
0.100004
0.100005
0.100005
0.100005
0.100006
0.100006
0.100006
0.100006
0.100006
0.100006
0.100006
0.100006
0.100006
0.100006
0.100006
0.100006
0.100006
0.100006
0.100007
0.100007
0.100005
0.100007
0.100007
0.100007
0.100007
0.100007
0.288668
0.261448
0.100382
0.100018
0.100008
0.100014
0.100045
0.100067
0.10016
0.100007
0.102071
0.100851
0.121498
0.113695
0.167215
0.160115
0.214541
0.216744
0.245695
0.262509
0.286997
0.447132
0.368483
0.356554
0.726227
0.729773
0.546047
0.678704
0.964666
0.906579
0.841294
0.795352
1.18977
0.892155
0.855671
0.809775
0.774036
0.761759
0.877683
1.86232
2.52056
1.78374
0.100977
0.15635
0.147345
0.129855
0.11041
0.101769
0.100239
0.10002
0.100003
0.100002
0.100002
0.100002
0.100002
0.100003
0.100003
0.100003
0.100003
0.100003
0.100004
0.100004
0.100004
0.100004
0.100005
0.100005
0.100005
0.100006
0.100006
0.100006
0.100006
0.100006
0.100006
0.100006
0.100006
0.100006
0.100006
0.100006
0.100006
0.100006
0.100006
0.100007
0.100007
0.100007
0.100007
0.100005
0.100007
0.100007
0.100007
0.327031
0.101121
0.100031
0.100007
0.100012
0.100019
0.100069
0.100098
0.100409
0.100007
0.106794
0.102639
0.148271
0.133455
0.215896
0.208108
0.274887
0.279239
0.310123
0.331277
0.359021
0.522713
0.434568
0.403235
0.755362
0.62621
0.719402
0.965272
0.906646
0.847213
0.817334
1.26299
0.889595
0.853831
0.809899
0.777351
0.771667
0.934506
1.89145
2.3008
0.824571
0.100129
0.107364
0.128941
0.110179
0.101754
0.100246
0.100021
0.100002
0.100002
0.100002
0.100002
0.100002
0.100002
0.100003
0.100003
0.100003
0.100003
0.100003
0.100004
0.100004
0.100004
0.100004
0.100005
0.100005
0.100005
0.100006
0.100006
0.100006
0.100006
0.100006
0.100006
0.100006
0.100006
0.100006
0.100006
0.100007
0.100007
0.100006
0.100007
0.100007
0.100007
0.100007
0.100007
0.100007
0.100005
0.100007
0.103166
0.100052
0.100008
0.100007
0.100021
0.100014
0.100037
0.100102
0.100194
0.101136
0.100007
0.118952
0.107747
0.19134
0.168628
0.278972
0.271001
0.347115
0.353677
0.385533
0.409997
0.440349
0.579306
0.487388
0.772875
0.675047
0.750387
0.96389
0.90913
0.858047
0.823394
1.34529
0.887255
0.852365
0.809876
0.779463
0.787884
1.01533
2.02696
1.74296
0.274199
0.100029
0.100926
0.109353
0.101712
0.100245
0.100021
0.100002
0.100001
0.100001
0.100002
0.100002
0.100002
0.100002
0.100003
0.100003
0.100003
0.100003
0.100003
0.100004
0.100004
0.100004
0.100004
0.100005
0.100005
0.100005
0.100006
0.100007
0.100007
0.100006
0.100007
0.100007
0.100006
0.100007
0.100007
0.100006
0.100007
0.100007
0.100007
0.100007
0.100006
0.100007
0.100007
0.100007
0.100007
0.100007
0.100005
0.108123
0.100082
0.100008
0.100012
0.10001
0.100007
0.100046
0.100025
0.10006
0.10019
0.100472
0.103077
0.100007
0.143297
0.121055
0.251671
0.221849
0.354217
0.347003
0.428439
0.43698
0.469841
0.495557
0.528333
0.620862
0.788034
0.708742
0.766509
0.964114
0.913124
0.862872
0.827772
1.45695
0.885202
0.851015
0.811038
0.777169
0.785234
0.830694
1.10736
1.93717
0.892521
0.127487
0.100015
0.100133
0.101518
0.10024
0.100021
0.100002
0.100001
0.100001
0.100001
0.100002
0.100002
0.100002
0.100002
0.100003
0.100003
0.100003
0.100003
0.100003
0.100004
0.100004
0.100004
0.100004
0.100005
0.100005
0.100005
0.100007
0.100006
0.100007
0.100007
0.100006
0.100007
0.100007
0.100006
0.100007
0.100007
0.100006
0.100007
0.100007
0.100007
0.100007
0.100006
0.100007
0.100007
0.100007
0.100007
0.100005
0.11946
0.100117
0.100009
0.100007
0.100018
0.100011
0.100007
0.10007
0.100057
0.100087
0.100454
0.101206
0.107728
0.100007
0.184808
0.147915
0.327073
0.292808
0.438353
0.432489
0.515699
0.52557
0.559925
0.58545
0.65214
0.794198
0.732017
0.776028
0.964141
0.914509
0.866939
0.832003
1.70029
0.883515
0.849965
0.811622
0.783994
0.787902
0.896782
1.23167
1.65619
0.396375
0.10398
0.100012
0.100028
0.100213
0.100021
0.100002
0.100001
0.100001
0.100001
0.100001
0.100002
0.100002
0.100002
0.100002
0.100003
0.100003
0.100003
0.100003
0.100003
0.100004
0.100004
0.100004
0.100004
0.100005
0.100005
0.100005
0.100007
0.100007
0.100007
0.100006
0.100007
0.100007
0.100006
0.100007
0.100007
0.100006
0.100007
0.100007
0.100006
0.100007
0.100007
0.100007
0.100007
0.100006
0.100007
0.100007
0.100007
0.100005
0.146058
0.100228
0.100007
0.100009
0.100013
0.100007
0.100028
0.100018
0.100007
0.100103
0.10008
0.100131
0.101137
0.102868
0.117779
0.24744
0.194975
0.41305
0.378113
0.527593
0.52477
0.606304
0.61737
0.675874
0.79906
0.747452
0.781651
0.963434
0.916039
0.869979
0.835178
1.6643
0.881397
0.848991
0.813159
0.800354
0.790892
0.79246
0.964509
1.48973
1.03809
0.170582
0.100532
0.100011
0.100013
0.100018
0.100002
0.100001
0.100001
0.100001
0.100001
0.100001
0.100002
0.100002
0.100002
0.100002
0.100003
0.100003
0.100003
0.100003
0.100003
0.100004
0.100004
0.100004
0.100004
0.100005
0.100005
0.100005
0.100007
0.100007
0.100007
0.100007
0.100006
0.100007
0.100007
0.100006
0.100007
0.100007
0.100006
0.100007
0.100007
0.100006
0.100007
0.100007
0.100007
0.100007
0.100006
0.100007
0.100007
0.100007
0.100005
0.199529
0.100516
0.100008
0.100007
0.100008
0.100012
0.10002
0.100007
0.100069
0.100035
0.100159
0.100112
0.100262
0.102779
0.106809
0.141947
0.328529
0.266397
0.506466
0.473591
0.62062
0.619311
0.695415
0.707371
0.80056
0.757694
0.784507
0.962763
0.917074
0.872435
0.837202
1.5083
0.880187
0.848617
0.814116
0.831485
0.795698
0.796216
1.10173
1.48386
0.506678
0.112203
0.100079
0.100011
0.100012
0.100001
0.1
0.100001
0.100001
0.100001
0.100001
0.100001
0.100002
0.100002
0.100002
0.100002
0.100003
0.100003
0.100003
0.100003
0.100003
0.100004
0.100004
0.100004
0.100004
0.100005
0.100005
0.100005
0.100007
0.100007
0.100007
0.100007
0.100007
0.100007
0.100006
0.100007
0.100007
0.100006
0.100007
0.100007
0.100006
0.100007
0.100007
0.100006
0.100007
0.100007
0.100007
0.100007
0.100006
0.100007
0.100007
0.100007
0.100005
0.282079
0.101251
0.100009
0.100007
0.100008
0.100008
0.100023
0.100053
0.100086
0.100069
0.100381
0.100232
0.100663
0.106836
0.117008
0.201823
0.424221
0.359517
0.605516
0.576574
0.711799
0.712129
0.762465
0.800614
0.785754
0.961839
0.917805
0.874127
0.838113
1.11357
0.87893
0.848135
0.815938
0.892724
0.808995
0.80445
0.799394
1.3372
1.39713
0.219672
0.101625
0.100019
0.100011
0.100011
0.1
0.1
0.100001
0.100001
0.100001
0.100001
0.100001
0.100002
0.100002
0.100002
0.100002
0.100003
0.100003
0.100003
0.100003
0.100003
0.100004
0.100004
0.100004
0.100004
0.100005
0.100005
0.100005
0.100007
0.100007
0.100007
0.100007
0.100007
0.100007
0.100007
0.100006
0.100007
0.100007
0.100006
0.100007
0.100007
0.100006
0.100007
0.100007
0.100006
0.100007
0.100007
0.100007
0.100007
0.100006
0.100007
0.100007
0.100007
0.100005
0.390653
0.103375
0.100013
0.100007
0.100008
0.100008
0.10001
0.100062
0.100077
0.100147
0.100099
0.101109
0.100637
0.101704
0.118887
0.142147
0.299537
0.530763
0.469104
0.70449
0.682298
0.76427
0.763999
0.800185
0.785901
0.960826
0.918092
0.874799
0.838495
0.578382
0.878216
0.847885
0.81727
1.0123
0.850656
0.80262
0.801967
1.36777
1.12618
0.123707
0.100211
0.100012
0.100011
0.100011
0.1
0.1
0.100001
0.100001
0.100001
0.100001
0.100001
0.100002
0.100002
0.100002
0.100002
0.100003
0.100003
0.100003
0.100003
0.100003
0.100004
0.100004
0.100004
0.100004
0.100005
0.100005
0.100005
0.100007
0.100007
0.100007
0.100007
0.100007
0.100007
0.100007
0.100007
0.100007
0.100006
0.100007
0.100007
0.100006
0.100007
0.100007
0.100006
0.100007
0.100007
0.100006
0.100007
0.100007
0.100007
0.100007
0.100006
0.100007
0.100007
0.100007
0.100005
0.517576
0.109509
0.100027
0.100008
0.100008
0.10001
0.100008
0.100017
0.100099
0.100114
0.100371
0.100216
0.10323
0.101977
0.104994
0.150988
0.209251
0.429004
0.645039
0.589739
0.759341
0.748957
0.784693
0.798135
0.959766
0.917918
0.875232
0.838223
0.259996
0.8775
0.847917
0.819763
1.23779
0.959597
0.840634
0.795772
0.805319
1.3091
0.601223
0.103462
0.100035
0.100011
0.100011
0.100011
0.1
0.1
0.100001
0.100001
0.100001
0.100001
0.100001
0.100002
0.100002
0.100002
0.100002
0.100003
0.100003
0.100003
0.100003
0.100003
0.100004
0.100004
0.100004
0.100004
0.100005
0.100005
0.100005
0.100007
0.100007
0.100007
0.100007
0.100007
0.100007
0.100007
0.100007
0.100007
0.100007
0.100006
0.100007
0.100007
0.100006
0.100007
0.100007
0.100006
0.100007
0.100007
0.100006
0.100007
0.100007
0.100007
0.100007
0.100006
0.100007
0.100007
0.100008
0.100005
0.652263
0.126793
0.100052
0.100008
0.100008
0.100017
0.100011
0.100041
0.100171
0.100253
0.10115
0.100693
0.109566
0.10611
0.114916
0.231622
0.325966
0.576978
0.730309
0.699252
0.781576
0.775768
0.7952
0.958759
0.917778
0.875264
0.837396
0.135702
0.877184
0.849251
0.821722
1.28265
1.17488
0.954381
0.843472
0.80585
0.81687
1.09914
0.278727
0.100454
0.100014
0.100011
0.100011
0.100011
0.1
0.1
0.100001
0.100001
0.100001
0.100001
0.100001
0.100002
0.100002
0.100002
0.100002
0.100003
0.100003
0.100003
0.100003
0.100003
0.100004
0.100004
0.100004
0.100004
0.100005
0.100005
0.100005
0.100008
0.100007
0.100007
0.100007
0.100007
0.100007
0.100007
0.100007
0.100007
0.100007
0.100007
0.100006
0.100007
0.100007
0.100006
0.100007
0.100007
0.100006
0.100007
0.100007
0.100006
0.100007
0.100007
0.100008
0.100008
0.100006
0.100008
0.100008
0.100008
0.100008
0.100005
0.729529
0.17094
0.100081
0.100008
0.100008
0.100041
0.100018
0.10007
0.100547
0.10085
0.103634
0.102222
0.127269
0.118198
0.141692
0.372506
0.47768
0.696702
0.765591
0.751679
0.793338
0.790762
0.957936
0.917664
0.87499
0.836214
0.105748
0.877368
0.849983
0.825546
1.23798
1.21946
1.14495
0.978597
0.85207
0.856123
0.822126
0.59975
0.142962
0.100065
0.100011
0.100011
0.100011
0.100011
0.1
0.1
0.100001
0.100001
0.100001
0.100001
0.100001
0.100002
0.100002
0.100002
0.100002
0.100003
0.100003
0.100003
0.100003
0.100003
0.100004
0.100004
0.100004
0.100004
0.100005
0.100005
0.100005
0.100008
0.100008
0.100008
0.100008
0.100007
0.100007
0.100008
0.100007
0.100008
0.100008
0.100007
0.100008
0.100008
0.100006
0.100008
0.100008
0.100006
0.100008
0.100008
0.100006
0.100008
0.100008
0.100006
0.100008
0.100008
0.100008
0.100008
0.100006
0.100008
0.100008
0.100008
0.100008
0.100005
0.762208
0.270469
0.100169
0.10001
0.100009
0.100054
0.100042
0.100107
0.101582
0.102742
0.11104
0.106991
0.168865
0.148325
0.204334
0.548973
0.640638
0.746607
0.783077
0.771069
0.833926
0.957365
0.917525
0.874766
0.100775
0.877714
0.851564
0.828504
1.05467
1.18005
1.17204
1.12586
0.983114
0.858832
0.837158
0.28114
0.10744
0.100017
0.100011
0.100011
0.100011
0.100011
0.1
0.1
0.100001
0.100001
0.100001
0.100001
0.100001
0.100002
0.100002
0.100002
0.100002
0.100003
0.100003
0.100003
0.100003
0.100003
0.100004
0.100004
0.100004
0.100004
0.100005
0.100005
0.100005
0.100008
0.100008
0.100008
0.100008
0.100008
0.100007
0.100007
0.100008
0.100007
0.100008
0.100008
0.100007
0.100008
0.100008
0.100006
0.100008
0.100008
0.100006
0.100008
0.100008
0.100006
0.100008
0.100008
0.100006
0.100008
0.100008
0.100008
0.100008
0.100006
0.100008
0.100008
0.100008
0.100008
0.100008
0.100005
0.778864
0.433875
0.100485
0.100017
0.10001
0.100085
0.100063
0.100273
0.104507
0.108893
0.130302
0.120576
0.25217
0.210714
0.331887
0.688656
0.724616
0.767458
0.79287
0.781752
0.874477
0.83024
0.957063
0.917672
0.100104
0.87856
0.853076
0.834484
0.595045
1.00466
1.13338
1.13392
1.10521
0.971763
0.914413
0.848357
0.144951
0.101073
0.100012
0.100011
0.100011
0.100011
0.100011
0.1
0.1
0.100001
0.100001
0.100001
0.100001
0.100001
0.100002
0.100002
0.100002
0.100002
0.100003
0.100003
0.100003
0.100003
0.100003
0.100004
0.100004
0.100004
0.100004
0.100005
0.100005
0.100005
0.100008
0.100008
0.100008
0.100008
0.100008
0.100008
0.100007
0.100007
0.100008
0.100007
0.100008
0.100008
0.100007
0.100008
0.100008
0.100006
0.100008
0.100008
0.100006
0.100008
0.100008
0.100006
0.100008
0.100008
0.100006
0.100008
0.100008
0.100008
0.100008
0.100006
0.100008
0.100008
0.100008
0.100008
0.100008
0.10001
0.100005
0.832383
0.623
0.101447
0.100038
0.100016
0.100185
0.100088
0.10072
0.112192
0.127573
0.172675
0.151384
0.402251
0.321083
0.522292
0.746351
0.755573
0.785716
0.832471
0.917832
0.872589
0.957091
0.100022
0.879542
0.855627
0.839156
0.278707
0.551101
0.957436
1.09026
1.10013
1.07895
0.994708
0.996448
0.869998
0.108003
0.100145
0.100011
0.100011
0.100011
0.100011
0.100011
0.1
0.1
0.100001
0.100001
0.100001
0.100001
0.100001
0.100002
0.100002
0.100002
0.100002
0.100003
0.100003
0.100003
0.100003
0.100003
0.100004
0.100004
0.100004
0.100004
0.100005
0.100005
0.100005
0.100008
0.100008
0.100008
0.100008
0.100008
0.100008
0.100008
0.100007
0.100007
0.100008
0.100007
0.100008
0.100008
0.100007
0.100008
0.100008
0.100006
0.100008
0.100008
0.100006
0.100008
0.100008
0.100006
0.100008
0.100008
0.100006
0.100008
0.100008
0.100008
0.100008
0.100008
0.100008
0.100006
0.100008
0.100008
0.100008
0.100009
0.100015
0.100005
0.876096
0.829262
0.718076
0.104282
0.100047
0.100035
0.1005
0.100197
0.101873
0.131292
0.169804
0.252046
0.209287
0.608264
0.496915
0.682854
0.768691
0.767534
0.874544
0.95777
0.918182
0.100012
0.881231
0.858005
0.848148
0.143977
0.256733
0.501025
0.889486
1.03677
1.06751
1.05485
0.963023
1.04831
0.889577
0.101175
0.100026
0.100011
0.100011
0.100011
0.100011
0.1
0.1
0.100001
0.100001
0.100001
0.100001
0.100001
0.100002
0.100002
0.100002
0.100002
0.100003
0.100003
0.100003
0.100003
0.100003
0.100004
0.100004
0.100004
0.100004
0.100005
0.100005
0.100005
0.100008
0.100008
0.100008
0.100008
0.100008
0.100008
0.100008
0.100008
0.100008
0.100008
0.100007
0.100007
0.100008
0.100007
0.100008
0.100008
0.100007
0.100008
0.100008
0.100006
0.100008
0.100008
0.100006
0.100008
0.100008
0.100006
0.100008
0.100008
0.100006
0.100008
0.100008
0.100008
0.100008
0.100008
0.100008
0.100006
0.100009
0.100008
0.100008
0.100013
0.100029
0.100005
0.922992
0.874413
0.833257
0.754203
0.11184
0.100068
0.100047
0.101361
0.100452
0.104669
0.176111
0.242232
0.382965
0.301818
0.716831
0.673239
0.74773
0.783287
0.919845
0.959607
0.100011
0.88288
0.862
0.858974
0.107769
0.137344
0.22936
0.438323
0.789167
0.969091
1.02959
1.02719
1.04061
1.00958
0.900967
0.10016
0.100013
0.100011
0.100011
0.100011
0.100011
0.100011
0.1
0.1
0.100001
0.100001
0.100001
0.100001
0.100001
0.100002
0.100002
0.100002
0.100002
0.100003
0.100003
0.100003
0.100003
0.100003
0.100004
0.100004
0.100004
0.100004
0.100005
0.100005
0.100005
0.100008
0.100008
0.100008
0.100008
0.100009
0.100009
0.100008
0.100008
0.100008
0.100008
0.100007
0.100007
0.100008
0.100007
0.100008
0.100008
0.100007
0.100008
0.100008
0.100006
0.100008
0.100008
0.100006
0.100008
0.100008
0.100006
0.100008
0.100008
0.100006
0.100008
0.100008
0.100008
0.100008
0.100008
0.100008
0.100008
0.100008
0.100006
0.10001
0.100008
0.100008
0.100024
0.100036
0.100005
0.966241
0.924258
0.87888
0.833711
0.767978
0.130118
0.100141
0.100061
0.103558
0.101093
0.111023
0.252641
0.346811
0.5779
0.44261
0.76243
0.74902
0.770298
0.961591
0.100011
0.885632
0.867175
0.865641
0.101118
0.10656
0.129104
0.199036
0.372934
0.642869
0.884291
1.04251
0.976435
1.03702
1.04189
0.922422
0.100028
0.100011
0.100011
0.100011
0.100011
0.100011
0.100011
0.100011
0.1
0.1
0.100001
0.100001
0.100001
0.100001
0.100001
0.100002
0.100002
0.100002
0.100002
0.100003
0.100003
0.100003
0.100003
0.100003
0.100004
0.100004
0.100004
0.100004
0.100005
0.100005
0.100005
0.100009
0.100008
0.100008
0.100008
0.100008
0.100009
0.100009
0.100009
0.100008
0.100008
0.100008
0.100007
0.100007
0.100008
0.100007
0.100008
0.100008
0.100007
0.100008
0.100008
0.100006
0.100008
0.100008
0.100006
0.100008
0.100008
0.100006
0.100008
0.100008
0.100006
0.100008
0.100008
0.100008
0.100008
0.100008
0.100008
0.100008
0.100006
0.100014
0.100009
0.100008
0.100033
0.100049
0.100005
0.970653
0.928008
0.882363
0.838641
0.172059
0.100338
0.1001
0.108411
0.102614
0.124709
0.364418
0.492691
0.709027
0.63588
0.77572
0.778862
0.78719
0.100011
0.889373
0.871162
0.877614
0.100152
0.100951
0.105143
0.120437
0.175022
0.288253
0.49003
1.02055
0.739121
1.02595
1.0305
1.03559
0.938775
0.100013
0.100011
0.100011
0.100011
0.100011
0.100011
0.100011
0.100011
0.1
0.1
0.100001
0.100001
0.100001
0.100001
0.100001
0.100002
0.100002
0.100002
0.100002
0.100003
0.100003
0.100003
0.100003
0.100004
0.100004
0.100004
0.100004
0.100004
0.100005
0.100005
0.100005
0.100009
0.100009
0.100009
0.100008
0.100008
0.100008
0.100009
0.100009
0.100009
0.100008
0.100008
0.100008
0.100007
0.100007
0.100008
0.100007
0.100008
0.100008
0.100007
0.100008
0.100008
0.100006
0.100008
0.100008
0.100006
0.100008
0.100008
0.100006
0.100008
0.100008
0.100006
0.100008
0.100008
0.100008
0.100008
0.100008
0.100008
0.100008
0.100006
0.100026
0.10001
0.100009
0.100038
0.100066
0.100005
0.973392
0.932631
0.885085
0.84116
0.243695
0.10079
0.100206
0.117922
0.105733
0.152787
0.515832
0.659656
0.763813
0.733584
0.84664
0.786866
0.100011
0.892456
0.877712
0.890636
0.100027
0.100129
0.100794
0.103358
0.114666
0.144676
0.216491
0.901067
0.357005
0.968254
1.03588
1.01109
1.0375
0.940368
0.100011
0.100011
0.100011
0.100011
0.100011
0.100011
0.100011
0.100011
0.100011
0.1
0.1
0.100001
0.100001
0.100001
0.100001
0.100001
0.100002
0.100002
0.100002
0.100002
0.100003
0.100003
0.100003
0.100003
0.100004
0.100004
0.100004
0.100004
0.100004
0.100005
0.100005
0.100005
0.100009
0.100009
0.100009
0.100009
0.100009
0.100008
0.100008
0.100009
0.100009
0.100009
0.100009
0.100008
0.100008
0.100008
0.100007
0.100007
0.100009
0.100007
0.100009
0.100009
0.100007
0.100009
0.100009
0.100006
0.100009
0.100009
0.100006
0.100008
0.100009
0.100006
0.100008
0.100008
0.100006
0.100008
0.100008
0.100008
0.100008
0.100008
0.100008
0.100008
0.100008
0.100006
0.100032
0.100013
0.10001
0.10005
0.100125
0.100005
0.979899
0.934824
0.889883
0.353634
0.101807
0.100456
0.136378
0.111409
0.204991
0.663041
0.742771
0.7865
0.777911
0.848166
0.892465
0.897595
0.885547
0.896664
0.100013
0.100024
0.100105
0.100477
0.102378
0.10794
0.125116
0.551556
0.164869
0.75174
1.02215
0.891629
1.02985
1.02908
0.947381
0.100011
0.100011
0.100011
0.100011
0.100011
0.100011
0.100011
0.100011
0.100011
0.1
0.1
0.100001
0.100001
0.100001
0.100001
0.100001
0.100002
0.100002
0.100002
0.100002
0.100003
0.100003
0.100003
0.100003
0.100004
0.100004
0.100004
0.100004
0.100004
0.100005
0.100005
0.100005
0.100009
0.100009
0.100009
0.100009
0.100009
0.100009
0.100009
0.100008
0.100008
0.100009
0.100009
0.100009
0.100008
0.100008
0.100008
0.100007
0.100007
0.100009
0.100007
0.100009
0.100009
0.100007
0.100009
0.100009
0.100006
0.100009
0.100009
0.100006
0.100009
0.100009
0.100006
0.100009
0.100009
0.100006
0.100009
0.100008
0.100009
0.100009
0.100009
0.100008
0.100008
0.100008
0.100006
0.100039
0.100016
0.100011
0.100069
0.100239
0.100005
0.981589
0.940093
0.505429
0.103744
0.100994
0.169028
0.121903
0.300797
0.740053
0.783661
0.794403
0.792679
0.896733
0.854199
0.942179
0.90407
0.890801
0.90341
0.100011
0.100012
0.100021
0.100066
0.100336
0.101158
0.104371
0.250287
0.111789
0.375934
0.959028
0.551374
0.994021
1.03048
1.0078
0.958285
0.100011
0.100011
0.100011
0.100011
0.100011
0.100011
0.100011
0.100011
0.100011
0.1
0.1
0.100001
0.100001
0.100001
0.100001
0.100001
0.100002
0.100002
0.100002
0.100002
0.100003
0.100003
0.100003
0.100003
0.100004
0.100004
0.100004
0.100004
0.100004
0.100005
0.100005
0.100005
0.10001
0.100009
0.100009
0.100009
0.100009
0.100009
0.100009
0.100009
0.100009
0.100009
0.100008
0.100008
0.100009
0.100009
0.100008
0.100008
0.100008
0.100007
0.100007
0.100009
0.100007
0.100009
0.100009
0.100007
0.100009
0.100009
0.100006
0.100009
0.100009
0.100006
0.100009
0.100009
0.100006
0.100009
0.100009
0.100006
0.100008
0.100009
0.100009
0.100009
0.100009
0.100009
0.100009
0.100009
0.100009
0.100009
0.100006
0.10005
0.10002
0.100011
0.100119
0.100466
0.100005
0.988117
0.647882
0.10701
0.102028
0.229458
0.140513
0.452206
0.78052
0.79782
0.80002
0.946826
0.899126
0.856495
0.9896
0.90892
0.896129
0.913729
0.100011
0.100011
0.100012
0.100017
0.100046
0.100153
0.100625
0.13281
0.101741
0.171205
0.726757
0.251272
0.853573
1.02238
1.01899
0.926121
0.958465
0.100011
0.100011
0.100011
0.100011
0.100011
0.100011
0.100011
0.100011
0.100011
0.100011
0.1
0.1
0.100001
0.100001
0.100001
0.100001
0.100001
0.100002
0.100002
0.100002
0.100002
0.100003
0.100003
0.100003
0.100003
0.100004
0.100004
0.100004
0.100004
0.100004
0.100005
0.100005
0.100005
0.10001
0.10001
0.10001
0.10001
0.100009
0.100009
0.100009
0.100009
0.100009
0.100009
0.100009
0.100009
0.100009
0.100008
0.100008
0.100009
0.100008
0.100008
0.100008
0.100007
0.100007
0.100009
0.100007
0.100009
0.100009
0.100007
0.100009
0.100009
0.100006
0.100009
0.100009
0.100006
0.100009
0.100009
0.100006
0.100009
0.100009
0.100009
0.100006
0.100009
0.100009
0.100009
0.100009
0.10001
0.100009
0.100009
0.100009
0.100006
0.100058
0.100032
0.100013
0.100199
0.10094
0.100005
0.728793
0.112359
0.103771
0.348302
0.174025
0.602127
0.798348
0.802193
0.995607
0.948536
0.90308
0.860077
0.913894
0.904581
0.918787
0.100011
0.100011
0.100011
0.100011
0.100014
0.100027
0.100067
0.105473
0.100234
0.113143
0.362242
0.130424
0.498059
1.02071
0.959834
0.647335
1.01777
0.960983
0.100011
0.100011
0.100011
0.100011
0.100011
0.100011
0.100011
0.100011
0.100011
0.100011
0.1
0.1
0.100001
0.100001
0.100001
0.100001
0.100001
0.100002
0.100002
0.100002
0.100002
0.100003
0.100003
0.100003
0.100003
0.100004
0.100004
0.100004
0.100004
0.100004
0.100005
0.100005
0.100005
0.10001
0.10001
0.10001
0.10001
0.10001
0.10001
0.10001
0.100009
0.100009
0.100009
0.100009
0.100009
0.100009
0.100009
0.100009
0.100009
0.100008
0.100008
0.100008
0.100008
0.100008
0.100007
0.100007
0.100009
0.100007
0.100009
0.100009
0.100007
0.100009
0.100009
0.100006
0.100009
0.100009
0.100006
0.100009
0.100009
0.100006
0.100009
0.100009
0.100009
0.100009
0.100006
0.100009
0.100009
0.100009
0.100009
0.10001
0.100009
0.100009
0.100009
0.100006
0.100099
0.100044
0.100017
0.100362
0.101803
0.100005
0.774026
0.121383
0.106435
0.505953
0.233015
0.69919
0.801852
0.996966
0.952828
0.903838
0.862745
0.922206
0.910098
0.923594
0.100011
0.100011
0.100011
0.100011
0.100012
0.100015
0.100742
0.100034
0.102019
0.167521
0.10449
0.22072
0.984748
0.759488
0.310819
1.01758
0.994021
0.967179
0.100011
0.100011
0.100011
0.100011
0.100011
0.100011
0.100011
0.100011
0.100011
0.100011
0.100011
0.1
0.1
0.100001
0.100001
0.100001
0.100001
0.100001
0.100002
0.100002
0.100002
0.100002
0.100003
0.100003
0.100003
0.100003
0.100004
0.100004
0.100004
0.100004
0.100004
0.100005
0.100005
0.100005
0.10001
0.10001
0.10001
0.10001
0.10001
0.10001
0.10001
0.10001
0.10001
0.10001
0.100009
0.100009
0.100009
0.100009
0.100009
0.100009
0.100009
0.100009
0.100008
0.100008
0.100008
0.100008
0.100008
0.100007
0.100007
0.100009
0.100007
0.100009
0.100009
0.100007
0.100009
0.100009
0.100006
0.100009
0.100009
0.100006
0.100009
0.100009
0.100006
0.100009
0.100009
0.100009
0.100009
0.100009
0.100009
0.100006
0.100009
0.100009
0.100009
0.100012
0.100009
0.100009
0.100009
0.100006
0.100155
0.10006
0.100018
0.100642
0.10319
0.100005
0.796612
0.13778
0.11068
0.631688
0.348603
0.761822
1.00199
0.952512
0.907613
0.866574
0.928065
0.915374
0.931118
0.100011
0.100011
0.100011
0.100011
0.100011
0.100092
0.100013
0.100258
0.111764
0.100573
0.123624
0.845116
0.406909
0.14722
1.0026
1.01073
0.902585
0.964321
0.100011
0.100011
0.100011
0.100011
0.100011
0.100011
0.100011
0.100011
0.100011
0.100011
0.100011
0.1
0.1
0.100001
0.100001
0.100001
0.100001
0.100001
0.100002
0.100002
0.100002
0.100002
0.100003
0.100003
0.100003
0.100003
0.100004
0.100004
0.100004
0.100004
0.100004
0.100005
0.100005
0.100005
0.100011
0.10001
0.10001
0.10001
0.10001
0.10001
0.10001
0.10001
0.10001
0.10001
0.10001
0.10001
0.10001
0.100009
0.100009
0.100009
0.100009
0.100009
0.100009
0.100009
0.100008
0.100008
0.100008
0.100008
0.100008
0.100007
0.100007
0.100007
0.100009
0.100009
0.100007
0.100009
0.100009
0.100006
0.100009
0.100009
0.100006
0.100009
0.100009
0.100006
0.100009
0.100009
0.100009
0.100009
0.100009
0.100009
0.100009
0.100006
0.100009
0.100009
0.100013
0.10001
0.100009
0.100009
0.100006
0.100262
0.10009
0.100027
0.101197
0.10546
0.100005
0.800686
0.166655
0.118291
0.719983
0.496185
0.7951
1.00239
0.956089
0.907739
0.870466
0.933783
0.923554
0.934551
0.100011
0.100011
0.100011
0.10001
0.100017
0.100011
0.100036
0.101662
0.100067
0.103492
0.506377
0.185203
0.107322
1.00391
0.932357
0.615529
1.00163
0.965357
0.100011
0.100011
0.100011
0.100011
0.100011
0.100011
0.100011
0.100011
0.100011
0.100011
0.100011
0.1
0.1
0.100001
0.100001
0.100001
0.100001
0.100001
0.100002
0.100002
0.100002
0.100002
0.100003
0.100003
0.100003
0.100003
0.100004
0.100004
0.100004
0.100004
0.100004
0.100005
0.100005
0.100005
0.100011
0.100011
0.10001
0.100011
0.10001
0.10001
0.10001
0.10001
0.10001
0.10001
0.10001
0.10001
0.10001
0.10001
0.10001
0.10001
0.100009
0.100009
0.100009
0.100009
0.100009
0.100009
0.100008
0.100008
0.100008
0.100008
0.100008
0.100007
0.100007
0.100007
0.100009
0.100009
0.100007
0.100009
0.100009
0.100006
0.100009
0.100009
0.100006
0.100009
0.100009
0.100006
0.100009
0.100009
0.100009
0.100009
0.100009
0.100009
0.100009
0.100009
0.100009
0.100006
0.100009
0.100015
0.100011
0.100009
0.100009
0.100006
0.100469
0.100122
0.100046
0.102391
0.109401
0.100005
0.21505
0.132831
0.774758
0.627267
0.802915
1.00642
0.954988
0.910464
0.870078
0.943046
0.928783
0.938026
0.100011
0.10001
0.100011
0.10001
0.100012
0.100199
0.100015
0.10043
0.235608
0.114566
0.100931
0.954606
0.700752
0.300786
0.997349
0.967339
0.962884
0.100011
0.100011
0.10001
0.10001
0.100011
0.100011
0.100011
0.100011
0.100011
0.100011
0.100011
0.100011
0.1
0.1
0.100001
0.100001
0.100001
0.100001
0.100001
0.100002
0.100002
0.100002
0.100002
0.100003
0.100003
0.100003
0.100003
0.100004
0.100004
0.100004
0.100004
0.100004
0.100005
0.100005
0.100005
0.100011
0.100011
0.100011
0.100011
0.10001
0.100011
0.10001
0.10001
0.10001
0.10001
0.10001
0.10001
0.10001
0.10001
0.10001
0.10001
0.10001
0.10001
0.100009
0.100009
0.100009
0.100009
0.100009
0.100008
0.100008
0.100008
0.100008
0.100008
0.100007
0.100007
0.100007
0.100009
0.100007
0.100009
0.100009
0.100006
0.100009
0.100009
0.100006
0.100009
0.100009
0.100006
0.100009
0.100009
0.100009
0.100009
0.100009
0.100009
0.100009
0.100009
0.100009
0.100009
0.100006
0.100024
0.100012
0.100009
0.100009
0.100006
0.100968
0.100257
0.100071
0.104854
0.117137
0.100005
0.302744
0.159463
0.803538
0.71566
0.808271
1.00609
0.957056
0.912522
0.880509
0.949392
0.933912
0.940625
0.10001
0.10001
0.10001
0.10001
0.100028
0.100011
0.100051
0.126043
0.10188
0.100107
0.77699
0.370384
0.146614
0.994359
0.968492
0.825118
0.963135
0.100011
0.10001
0.10001
0.10001
0.10001
0.100011
0.100011
0.10001
0.100011
0.100011
0.100011
0.100011
0.1
0.1
0.100001
0.100001
0.100001
0.100001
0.100001
0.100002
0.100002
0.100002
0.100002
0.100003
0.100003
0.100003
0.100003
0.100004
0.100004
0.100004
0.100004
0.100004
0.100005
0.100005
0.100005
0.100011
0.100011
0.100011
0.100011
0.100011
0.100011
0.100011
0.10001
0.100011
0.10001
0.10001
0.10001
0.10001
0.10001
0.10001
0.10001
0.10001
0.10001
0.10001
0.10001
0.10001
0.100009
0.100009
0.100009
0.100009
0.100008
0.100008
0.100008
0.100008
0.100008
0.100007
0.100007
0.100007
0.10001
0.100007
0.10001
0.10001
0.100006
0.10001
0.10001
0.100006
0.10001
0.10001
0.100006
0.100009
0.100009
0.100009
0.100009
0.100009
0.100009
0.100009
0.10001
0.100009
0.100009
0.100009
0.100006
0.100042
0.100016
0.10001
0.100009
0.100006
0.102155
0.100506
0.100186
0.110241
0.133071
0.100005
0.457467
0.206641
0.813557
0.78398
1.00866
0.959067
0.916588
0.882042
0.955736
0.938821
0.942901
0.10001
0.10001
0.10001
0.100012
0.10001
0.100013
0.103465
0.100213
0.100019
0.441744
0.172758
0.106716
0.987965
0.967739
0.851596
0.503961
0.959469
0.10001
0.100011
0.10001
0.10001
0.10001
0.10001
0.100011
0.100011
0.100011
0.100011
0.100011
0.100011
0.1
0.1
0.100001
0.100001
0.100001
0.100001
0.100001
0.100002
0.100002
0.100002
0.100002
0.100003
0.100003
0.100003
0.100003
0.100004
0.100004
0.100004
0.100004
0.100004
0.100005
0.100005
0.100005
0.100011
0.100011
0.100011
0.100011
0.100011
0.100011
0.100011
0.100011
0.100011
0.10001
0.100011
0.10001
0.10001
0.10001
0.10001
0.10001
0.10001
0.10001
0.10001
0.10001
0.10001
0.10001
0.100009
0.100009
0.100009
0.100009
0.100008
0.100008
0.100008
0.100008
0.100008
0.100007
0.100007
0.100007
0.100007
0.10001
0.10001
0.100006
0.10001
0.10001
0.100006
0.10001
0.10001
0.100006
0.100009
0.100009
0.100009
0.100009
0.100009
0.100009
0.10001
0.100009
0.10001
0.100009
0.100009
0.100009
0.100006
0.100069
0.100027
0.100011
0.100006
0.105126
0.101172
0.100449
0.121843
0.16466
0.100005
0.603864
0.289586
0.822866
0.821619
1.01102
0.959509
0.919454
0.892128
0.962126
0.943408
0.944423
0.10001
0.10001
0.10001
0.10001
0.10001
0.10039
0.100029
0.100011
0.206563
0.11164
0.100768
0.984139
0.963327
0.863054
0.550925
0.243014
0.957174
0.10001
0.10001
0.100011
0.10001
0.10001
0.10001
0.10001
0.10001
0.100011
0.100011
0.100011
0.100011
0.100011
0.100011
0.1
0.1
0.100001
0.100001
0.100001
0.100001
0.100001
0.100002
0.100002
0.100002
0.100002
0.100003
0.100003
0.100003
0.100003
0.100004
0.100004
0.100004
0.100004
0.100004
0.100005
0.100005
0.100005
0.100011
0.100011
0.100011
0.100011
0.100011
0.100011
0.100011
0.100011
0.100011
0.100011
0.10001
0.100011
0.10001
0.10001
0.10001
0.10001
0.10001
0.10001
0.10001
0.10001
0.10001
0.10001
0.100009
0.100009
0.100009
0.100009
0.100008
0.100008
0.100008
0.100008
0.100008
0.100007
0.100007
0.100007
0.100007
0.10001
0.10001
0.100006
0.10001
0.10001
0.100006
0.10001
0.10001
0.100006
0.100009
0.100009
0.100009
0.100009
0.100009
0.100014
0.10001
0.10001
0.10001
0.100009
0.10001
0.100009
0.100009
0.100009
0.100006
0.10012
0.10004
0.100006
0.112102
0.102805
0.101097
0.145054
0.221162
0.100005
0.728988
0.425108
0.834675
1.01033
0.962039
0.923666
0.901335
0.968304
0.947591
0.945463
0.10001
0.10001
0.10001
0.10001
0.100045
0.100011
0.10001
0.118778
0.101309
0.100083
0.976314
0.958009
0.862398
0.584409
0.275047
0.129804
0.957565
0.10001
0.10001
0.10001
0.100011
0.10001
0.10001
0.10001
0.10001
0.100011
0.100011
0.100011
0.100011
0.100011
0.100011
0.1
0.1
0.100001
0.100001
0.100001
0.100001
0.100001
0.100002
0.100002
0.100002
0.100002
0.100003
0.100003
0.100003
0.100003
0.100004
0.100004
0.100004
0.100004
0.100004
0.100005
0.100005
0.100005
0.100011
0.100011
0.100011
0.100011
0.100011
0.100011
0.100011
0.100011
0.100011
0.100011
0.10001
0.100011
0.10001
0.10001
0.10001
0.10001
0.10001
0.10001
0.10001
0.10001
0.10001
0.100009
0.100009
0.100009
0.100009
0.100008
0.100008
0.100008
0.100008
0.100008
0.100007
0.100007
0.100007
0.100007
0.10001
0.100006
0.10001
0.10001
0.100006
0.10001
0.10001
0.100006
0.100009
0.100009
0.100009
0.10001
0.100017
0.100058
0.10001
0.10001
0.10001
0.10001
0.10001
0.100009
0.10001
0.100009
0.100009
0.100009
0.100006
0.100325
0.100006
0.126703
0.106579
0.102634
0.186284
0.308869
0.100005
0.806406
0.600048
0.849679
1.01225
0.962246
0.929903
0.910345
0.974253
0.95134
0.946299
0.10001
0.10001
0.100013
0.10001
0.10001
0.102159
0.100129
0.100016
0.969669
0.950841
0.857426
0.599654
0.301786
0.140135
0.103729
0.95068
0.10001
0.10001
0.10001
0.10001
0.100011
0.10001
0.10001
0.10001
0.10001
0.100011
0.100011
0.100011
0.100011
0.100011
0.100011
0.1
0.1
0.100001
0.100001
0.100001
0.100001
0.100001
0.100002
0.100002
0.100002
0.100002
0.100003
0.100003
0.100003
0.100003
0.100004
0.100004
0.100004
0.100004
0.100004
0.100005
0.100005
0.100005
0.100011
0.100011
0.100011
0.100011
0.100011
0.100011
0.100011
0.100011
0.100011
0.100011
0.10001
0.100011
0.10001
0.10001
0.10001
0.10001
0.10001
0.10001
0.10001
0.10001
0.100009
0.100009
0.100009
0.100009
0.100008
0.100008
0.100008
0.100008
0.100008
0.100007
0.100007
0.100007
0.100007
0.10001
0.100006
0.10001
0.10001
0.100006
0.10001
0.10001
0.100006
0.100009
0.100009
0.100011
0.100024
0.100126
0.100686
0.10001
0.10001
0.10001
0.10001
0.10001
0.10001
0.10001
0.100009
0.10001
0.100009
0.100009
0.100009
0.100006
0.100006
0.153463
0.114485
0.105664
0.250629
0.433363
0.100005
0.852798
0.734276
1.01069
0.964968
0.933101
0.867366
0.921256
0.979853
0.954677
0.946187
0.10001
0.10001
0.10001
0.10001
0.100212
0.10002
0.10001
0.959189
0.941219
0.846715
0.598947
0.322575
0.150536
0.105255
0.100342
0.951032
0.10001
0.10001
0.10001
0.10001
0.10001
0.10001
0.100011
0.10001
0.10001
0.100011
0.100011
0.100011
0.100011
0.100011
0.1
0.1
0.100001
0.100001
0.100001
0.100001
0.100001
0.100002
0.100002
0.100002
0.100002
0.100003
0.100003
0.100003
0.100003
0.100004
0.100004
0.100004
0.100004
0.100004
0.100005
0.100005
0.100005
0.100011
0.100011
0.100011
0.100011
0.100011
0.100011
0.100011
0.10001
0.100011
0.10001
0.10001
0.10001
0.10001
0.10001
0.10001
0.10001
0.100009
0.100009
0.100009
0.100009
0.100008
0.100008
0.100008
0.100008
0.100008
0.100007
0.100007
0.100007
0.100007
0.100006
0.10001
0.10001
0.100006
0.10001
0.10001
0.100006
0.100009
0.100011
0.100034
0.100223
0.101397
0.10001
0.10001
0.10001
0.10001
0.10001
0.10001
0.100009
0.10001
0.100009
0.100009
0.10001
0.100006
0.100006
0.194808
0.128666
0.110978
0.337844
0.587423
0.100005
0.814389
1.01098
0.964581
0.93968
0.885837
0.924478
0.985019
0.957457
0.94603
0.10001
0.10001
0.10001
0.100026
0.10001
0.10001
0.945174
0.928754
0.829756
0.593427
0.330084
0.160441
0.107175
0.100493
0.100035
0.94107
0.10001
0.10001
0.10001
0.10001
0.10001
0.100011
0.10001
0.100011
0.1
0.1
0.100001
0.100001
0.100001
0.100001
0.100001
0.100002
0.100002
0.100002
0.100002
0.100003
0.100003
0.100003
0.100003
0.100004
0.100004
0.100004
0.100004
0.100004
0.100005
0.100005
0.100005
0.100011
0.100011
0.100011
0.100011
0.10001
0.100011
0.10001
0.10001
0.10001
0.10001
0.10001
0.10001
0.100009
0.100009
0.100009
0.100009
0.100008
0.100008
0.100008
0.100008
0.100008
0.100007
0.100007
0.100007
0.100007
0.100006
0.10001
0.10001
0.100006
0.100006
0.100012
0.100046
0.100368
0.102549
0.10001
0.10001
0.10001
0.10001
0.10001
0.10001
0.100009
0.10001
0.10001
0.10001
0.100013
0.100006
0.100006
0.250152
0.150408
0.118871
0.442869
0.694973
0.858649
1.00809
0.965144
0.940197
0.900721
0.93594
0.989666
0.959742
0.94472
0.10001
0.10001
0.100011
0.10001
0.10001
0.930586
0.907491
0.802858
0.579755
0.328647
0.166183
0.109265
0.100696
0.100047
0.100011
0.10001
0.10001
0.10001
0.1
0.1
0.100001
0.100001
0.100001
0.100001
0.100001
0.100002
0.100002
0.100002
0.100002
0.100003
0.100003
0.100003
0.100003
0.100004
0.100004
0.100004
0.100004
0.100004
0.100005
0.100005
0.100011
0.100011
0.100011
0.100011
0.10001
0.10001
0.10001
0.10001
0.100009
0.100009
0.100009
0.100009
0.100008
0.100008
0.100008
0.100008
0.100008
0.100007
0.100007
0.100007
0.100007
0.100006
0.100006
0.100006
0.100061
0.100547
0.104159
0.10001
0.10001
0.10001
0.10001
0.10001
0.10001
0.10001
0.10001
0.100014
0.100014
0.100076
0.100006
0.316383
0.178957
0.128979
0.555378
0.773258
0.896609
1.00669
0.964404
0.943436
0.914583
0.993758
0.961496
0.10001
0.10001
0.10001
0.10001
0.920022
0.87906
0.768098
0.552906
0.322115
0.166322
0.110742
0.100916
0.100063
0.100012
0.10001
0.1
0.1
0.100001
0.100001
0.100001
0.100001
0.100001
0.100002
0.100002
0.100002
0.100002
0.100003
0.100003
0.100003
0.100003
0.100004
0.100004
0.100004
0.100004
0.100004
0.100005
0.100011
0.100011
0.100011
0.100011
0.10001
0.10001
0.10001
0.10001
0.100009
0.100009
0.100009
0.100009
0.100008
0.100008
0.100008
0.100008
0.100008
0.100007
0.100007
0.100007
0.100007
0.100006
0.100006
0.100006
0.100753
0.106079
0.10001
0.10001
0.10001
0.10001
0.10001
0.100015
0.100014
0.100085
0.100089
0.100938
0.38958
0.212575
0.140244
0.648341
0.834936
1.00481
0.964429
0.997316
0.715019
0.514259
0.306705
0.164748
0.110872
0.101055
0.10008
0.100013
0.1
0.1
0.100001
0.100001
0.100001
0.100001
0.100001
0.100002
0.100002
0.100002
0.100002
0.100003
0.100003
0.100003
0.100003
0.100004
0.100004
0.100004
0.100004
0.100004
0.100011
0.100011
0.100011
0.100011
0.10001
0.10001
0.10001
0.10001
0.100009
0.100009
0.100009
0.100009
0.100008
0.100008
0.100008
0.100008
0.100008
0.100007
0.100007
0.100007
0.100007
0.100006
0.100006
0.108102
0.100089
0.101025
0.10106
0.109814
0.459981
0.247911
0.151222
1.0029
0.280511
0.160018
0.110643
0.1
0.1
0.100001
0.100001
0.100001
0.100001
0.100001
0.100002
0.100002
0.100002
0.100002
0.100003
0.100003
0.100003
0.100003
0.100004
0.100004
0.100004
0.100004
0.100011
0.100011
0.100011
0.100011
0.10001
0.10001
0.10001
0.10001
0.100009
0.100009
0.100009
0.100009
0.100008
0.100008
0.100008
0.100008
0.100008
0.100007
0.100007
0.100007
0.100007
0.100006
0.1
0.1
0.100001
0.100001
0.100001
0.100001
0.100001
0.100002
0.100002
0.100002
0.100002
0.100003
0.100003
0.100003
0.100003
0.100004
0.100004
0.100004
0.100011
0.100011
0.100011
0.100011
0.10001
0.10001
0.10001
0.10001
0.100009
0.100009
0.100009
0.100009
0.100008
0.100008
0.100008
0.100008
0.100008
0.100007
0.100007
0.100007
0.100007
0.1
0.1
0.100001
0.100001
0.100001
0.100001
0.100001
0.100002
0.100002
0.100002
0.100002
0.100003
0.100003
0.100003
0.100003
0.100004
0.100004
0.100011
0.100011
0.100011
0.100011
0.10001
0.10001
0.10001
0.10001
0.100009
0.100009
0.100009
0.100009
0.100008
0.100008
0.100008
0.100008
0.100008
0.100007
0.100007
0.100007
0.1
0.1
0.100001
0.100001
0.100001
0.100001
0.100001
0.100002
0.100002
0.100002
0.100002
0.100003
0.100003
0.100003
0.100003
0.100004
0.100011
0.100011
0.100011
0.100011
0.10001
0.10001
0.10001
0.10001
0.100009
0.100009
0.100009
0.100009
0.100009
0.100008
0.100008
0.100008
0.100008
0.100007
0.100007
0.1
0.1
0.100001
0.100001
0.100001
0.100001
0.100001
0.100002
0.100002
0.100002
0.100002
0.100003
0.100003
0.100003
0.100003
0.100011
0.100011
0.100011
0.100011
0.10001
0.10001
0.10001
0.10001
0.100009
0.100009
0.100009
0.100009
0.100009
0.100008
0.100008
0.100008
0.100008
0.100007
0.1
0.1
0.100001
0.100001
0.100001
0.100001
0.100001
0.100002
0.100002
0.100002
0.100002
0.100003
0.100003
0.100003
0.100011
0.100011
0.100011
0.100011
0.10001
0.10001
0.10001
0.10001
0.100009
0.100009
0.100009
0.100009
0.100009
0.100008
0.100008
0.100008
0.100008
0.1
0.1
0.100001
0.100001
0.100001
0.100001
0.100001
0.100002
0.100002
0.100002
0.100002
0.100003
0.100003
0.100011
0.100011
0.100011
0.100011
0.10001
0.10001
0.10001
0.10001
0.100009
0.100009
0.100009
0.100009
0.100009
0.100008
0.100008
0.100008
0.1
0.1
0.100001
0.100001
0.100001
0.100001
0.100001
0.100002
0.100002
0.100002
0.100002
0.100003
0.100011
0.100011
0.100011
0.100011
0.10001
0.10001
0.10001
0.10001
0.100009
0.100009
0.100009
0.100009
0.100009
0.100008
0.100008
0.1
0.1
0.100001
0.100001
0.100001
0.100001
0.100001
0.100002
0.100002
0.100002
0.100002
0.100011
0.100011
0.100011
0.100011
0.10001
0.10001
0.10001
0.10001
0.100009
0.100009
0.100009
0.100009
0.100009
0.100008
0.1
0.1
0.100001
0.100001
0.100001
0.100001
0.100001
0.100002
0.100002
0.100002
0.100011
0.100011
0.100011
0.100011
0.10001
0.10001
0.10001
0.10001
0.100009
0.100009
0.100009
0.100009
0.100009
0.1
0.1
0.100001
0.100001
0.100001
0.100001
0.100001
0.100002
0.100002
0.100011
0.100011
0.100011
0.100011
0.10001
0.10001
0.10001
0.10001
0.100009
0.100009
0.100009
0.100009
0.1
0.1
0.100001
0.100001
0.100001
0.100001
0.100001
0.100002
0.100011
0.100011
0.100011
0.100011
0.10001
0.10001
0.10001
0.10001
0.100009
0.100009
0.100009
0.1
0.1
0.100001
0.100001
0.100001
0.100001
0.100001
0.100011
0.100011
0.100011
0.100011
0.10001
0.10001
0.10001
0.10001
0.100009
0.100009
0.1
0.1
0.100001
0.100001
0.100001
0.100001
0.100011
0.100011
0.100011
0.100011
0.10001
0.10001
0.10001
0.10001
0.100009
0.1
0.1
0.100001
0.100001
0.100001
0.100011
0.100011
0.100011
0.100011
0.10001
0.10001
0.10001
0.10001
0.1
0.1
0.100001
0.100001
0.100011
0.100011
0.100011
0.100011
0.10001
0.10001
0.10001
0.1
0.1
0.100001
0.100011
0.100011
0.100011
0.100011
0.10001
0.10001
0.1
0.1
0.100011
0.100011
0.100011
0.100011
0.10001
0.1
0.100011
0.100011
0.100011
0.100011
0.100011
0.100011
0.100011
0.100011
0.100011
0.100011
)
;

boundaryField
{
    lowerOutlet
    {
        type            calculated;
        value           nonuniform List<scalar> 
144
(
0.100011
0.100011
0.100011
0.100011
0.100011
0.100011
0.100011
0.100011
0.100011
0.100011
0.100011
0.100011
0.100011
0.100011
0.100011
0.100011
0.100011
0.100011
0.100011
0.100011
0.100011
0.100011
0.100011
0.100011
0.100011
0.100011
0.100011
0.100011
0.100011
0.100011
0.100011
0.100011
0.100011
0.100011
0.100011
0.100011
0.100011
0.100011
0.100011
0.100016
0.100585
0.134466
0.122807
0.282326
0.128086
0.101209
0.138828
0.431262
2.41355
0.100129
0.100011
0.100011
0.100011
0.100011
0.100011
0.100011
0.100011
0.100011
0.100011
0.100011
0.100011
0.100011
0.100011
0.100011
0.100011
0.100011
0.100011
0.100011
0.100011
0.100011
0.100011
0.100011
0.100011
0.100011
0.100011
0.100011
0.100011
0.100011
0.100011
0.100011
0.100011
0.100011
0.100011
0.100011
0.100011
0.100011
0.100011
0.100011
0.100011
0.100011
0.100011
0.100011
0.100011
0.100011
0.100011
0.100011
0.100012
0.100064
0.105338
0.119776
0.149582
0.119585
0.103737
0.168119
0.170183
1.04751
0.100977
0.100012
0.100011
0.100011
0.100011
0.100011
0.100011
0.100011
0.100011
0.100011
0.100011
0.100011
0.122037
0.100754
0.110241
0.3544
0.111015
0.100029
0.100011
0.100011
0.100011
0.100011
0.100011
0.101303
0.110828
0.103045
0.108153
0.312727
0.102306
0.100015
0.100011
0.100011
0.100011
0.100011
0.100011
0.100011
0.100011
0.100011
)
;
    }
    top
    {
        type            calculated;
        value           nonuniform List<scalar> 
100
(
0.1
0.1
0.1
0.1
0.1
0.1
0.1
0.100001
0.100001
0.100001
0.100001
0.100001
0.1
0.1
0.1
0.1
0.1
0.1
0.1
0.1
0.1
0.1
0.1
0.1
0.1
0.1
0.1
0.1
0.1
0.1
0.100001
0.100001
0.100004
0.10001
0.100036
0.100185
0.100645
0.102147
0.109351
0.129616
0.149958
0.159283
0.15796
0.147345
0.128941
0.109353
0.101518
0.100213
0.100018
0.100001
0.1
0.1
0.1
0.1
0.1
0.1
0.1
0.1
0.1
0.1
0.1
0.1
0.1
0.1
0.1
0.1
0.1
0.1
0.1
0.1
0.1
0.1
0.1
0.1
0.1
0.1
0.1
0.1
0.1
0.1
0.1
0.1
0.1
0.1
0.1
0.1
0.1
0.1
0.1
0.1
0.1
0.1
0.1
0.1
0.1
0.1
0.1
0.1
0.1
0.1
)
;
    }
    sides
    {
        type            calculated;
        value           nonuniform List<scalar> 
100
(
0.100011
0.100011
0.100011
0.100011
0.10001
0.10001
0.10001
0.10001
0.100009
0.100009
0.100009
0.100009
0.100009
0.100008
0.100008
0.100008
0.100008
0.100007
0.100007
0.100007
0.100007
0.100006
0.100006
0.100006
0.100006
0.100006
0.100005
0.100005
0.100005
0.100005
0.100004
0.100004
0.100004
0.100004
0.100004
0.100003
0.100003
0.100003
0.100003
0.100002
0.100002
0.100002
0.100002
0.100001
0.100001
0.100001
0.100001
0.100001
0.1
0.1
0.100011
0.100011
0.100011
0.100011
0.10001
0.10001
0.10001
0.10001
0.100009
0.100009
0.100009
0.100009
0.100009
0.100008
0.100008
0.100008
0.100008
0.100007
0.100007
0.100007
0.100007
0.100006
0.100006
0.100006
0.100006
0.100006
0.100005
0.100005
0.100005
0.100005
0.100004
0.100004
0.100004
0.100004
0.100004
0.100003
0.100003
0.100003
0.100003
0.100002
0.100002
0.100002
0.100002
0.100001
0.100001
0.100001
0.100001
0.100001
0.1
0.1
)
;
    }
    front
    {
        type            empty;
    }
    back
    {
        type            empty;
    }
    roller
    {
        type            calculated;
        value           nonuniform List<scalar> 
144
(
0.881397
0.960616
0.953849
0.928065
1.00809
0.998501
0.98147
0.96389
0.966241
0.926566
0.892155
0.883515
0.943141
0.957686
0.877714
0.88288
0.885632
0.922206
1.00047
1.00481
0.987404
1.00642
0.995607
0.954041
0.950956
0.880187
0.87856
0.879542
0.889373
0.944353
0.940712
0.933783
1.0029
1.0102
0.996149
0.964114
0.931726
0.885202
0.9593
0.94763
0.878216
0.87893
0.877368
0.961537
0.96175
0.945026
0.938445
0.90407
0.90892
0.913894
0.996105
1.00931
1.00991
1.01098
1.01069
0.967565
0.967509
0.979899
0.973392
0.939495
0.922006
0.889595
0.937706
0.936479
0.955736
0.979853
0.997316
1.00385
1.00672
0.962763
0.958759
0.957091
0.906351
0.902743
0.956189
0.897595
0.935475
0.937705
0.949392
0.940289
0.952202
0.974253
0.958036
0.97808
0.993758
0.983729
1.00669
1.00609
0.996966
0.965272
0.964666
0.961591
0.970653
0.963434
0.959766
0.957063
0.935268
0.887255
0.952793
0.9354
0.962126
0.985019
0.991145
1.01102
1.01033
1.00199
0.979515
0.988117
0.981589
0.961839
0.957936
0.95777
0.914345
0.910177
0.899405
0.896138
0.95813
0.8775
0.877184
0.959474
0.881231
0.948587
0.892456
0.943046
0.94338
0.947419
0.968304
0.964211
0.971249
0.989666
1.00481
1.01225
1.00919
1.00684
1.00866
0.989916
1.00239
0.973161
0.972031
0.959607
0.9896
0.964141
0.960826
0.957365
)
;
    }
    burner
    {
        type            calculated;
        value           nonuniform List<scalar> 
16
(
2.73312
3.23012
3.25442
3.26326
3.21681
3.25117
3.26123
3.3532
3.02265
3.23968
3.25707
3.26656
3.19491
3.24639
3.2586
3.28229
)
;
    }
}


// ************************************************************************* //
