/*--------------------------------*- C++ -*----------------------------------*\
  =========                 |
  \\      /  F ield         | OpenFOAM: The Open Source CFD Toolbox
   \\    /   O peration     | Website:  https://openfoam.org
    \\  /    A nd           | Version:  dev
     \\/     M anipulation  |
\*---------------------------------------------------------------------------*/
FoamFile
{
    version     2.0;
    format      ascii;
    class       volScalarField;
    location    "2500";
    object      a;
}
// * * * * * * * * * * * * * * * * * * * * * * * * * * * * * * * * * * * * * //

dimensions      [0 -1 0 0 0 0 0];

internalField   nonuniform List<scalar> 
9842
(
0.100011
0.100011
0.100011
0.100011
0.100011
0.100011
0.100011
0.100011
0.100011
0.100011
0.10001
0.100011
0.100011
0.100011
0.100011
0.10001
0.10001
0.100011
0.100011
0.100011
0.100011
0.10001
0.10001
0.10001
0.100011
0.100011
0.100011
0.100011
0.10001
0.10001
0.10001
0.10001
0.100011
0.100011
0.100011
0.100011
0.100009
0.10001
0.10001
0.10001
0.10001
0.100011
0.100011
0.100011
0.100011
0.100009
0.100009
0.10001
0.10001
0.10001
0.10001
0.100011
0.100011
0.100011
0.100011
0.100009
0.100009
0.100009
0.10001
0.10001
0.10001
0.10001
0.100011
0.100011
0.100011
0.100011
0.100009
0.100009
0.100009
0.100009
0.10001
0.10001
0.10001
0.10001
0.100011
0.100011
0.100011
0.100011
0.100009
0.100009
0.100009
0.100009
0.100009
0.10001
0.10001
0.10001
0.10001
0.100011
0.100011
0.100011
0.100011
0.100008
0.100009
0.100009
0.100009
0.100009
0.100009
0.10001
0.10001
0.10001
0.10001
0.100011
0.100011
0.100011
0.100011
0.100008
0.100008
0.100009
0.100009
0.100009
0.100009
0.100009
0.10001
0.10001
0.10001
0.10001
0.100011
0.100011
0.100011
0.100011
0.100008
0.100008
0.100008
0.100009
0.100009
0.100009
0.100009
0.100009
0.10001
0.10001
0.10001
0.10001
0.100011
0.100011
0.100011
0.100011
0.100008
0.100008
0.100008
0.100008
0.100009
0.100009
0.100009
0.100009
0.100009
0.10001
0.10001
0.10001
0.10001
0.100011
0.100011
0.100011
0.100011
0.100007
0.100008
0.100008
0.100008
0.100008
0.100009
0.100009
0.100009
0.100009
0.100009
0.10001
0.10001
0.10001
0.10001
0.100011
0.100011
0.100011
0.100011
0.100007
0.100007
0.100008
0.100008
0.100008
0.100008
0.100009
0.100009
0.100009
0.100009
0.100009
0.10001
0.10001
0.10001
0.10001
0.100011
0.100011
0.100011
0.100011
0.100007
0.100007
0.100007
0.100008
0.100008
0.100008
0.100008
0.100009
0.100009
0.100009
0.100009
0.100009
0.10001
0.10001
0.10001
0.10001
0.100011
0.100011
0.100011
0.100011
0.100007
0.100007
0.100007
0.100007
0.100008
0.100008
0.100008
0.100008
0.100009
0.100009
0.100009
0.100009
0.100009
0.10001
0.10001
0.10001
0.10001
0.100011
0.100011
0.100011
0.100011
0.100006
0.100007
0.100007
0.100007
0.100007
0.100008
0.100008
0.100008
0.100008
0.100009
0.100009
0.100009
0.100009
0.100009
0.10001
0.10001
0.10001
0.10001
0.100011
0.100011
0.100011
0.100011
0.100006
0.100006
0.100007
0.100007
0.100007
0.100007
0.100008
0.100008
0.100008
0.100008
0.100009
0.100009
0.100009
0.100009
0.100009
0.10001
0.10001
0.10001
0.10001
0.100011
0.100011
0.100011
0.100011
0.100006
0.100006
0.100006
0.100007
0.100007
0.100007
0.100007
0.100008
0.100008
0.100008
0.100008
0.100009
0.100009
0.100009
0.100009
0.100009
0.10001
0.10001
0.10001
0.10001
0.100011
0.100011
0.100011
0.100011
0.100006
0.100006
0.100006
0.100006
0.100007
0.100007
0.100007
0.100007
0.100008
0.100008
0.100008
0.100008
0.100009
0.100009
0.100009
0.100009
0.100009
0.10001
0.10001
0.10001
0.10001
0.100011
0.100011
0.100011
0.100011
0.100006
0.100006
0.100006
0.100006
0.100006
0.100007
0.100007
0.100007
0.100007
0.100008
0.100008
0.100008
0.100008
0.100009
0.100009
0.100009
0.100009
0.100009
0.10001
0.10001
0.10001
0.10001
0.100011
0.100011
0.100011
0.100011
0.100005
0.100006
0.100006
0.100006
0.100006
0.100006
0.100007
0.100007
0.100007
0.100007
0.100008
0.100008
0.100008
0.100008
0.100009
0.100009
0.100009
0.100009
0.100009
0.10001
0.10001
0.10001
0.10001
0.100011
0.100011
0.100011
0.100011
0.100005
0.100005
0.100006
0.100006
0.100006
0.100006
0.100006
0.100007
0.100007
0.100007
0.100007
0.100008
0.100008
0.100008
0.100008
0.100009
0.100009
0.100009
0.100009
0.100009
0.10001
0.10001
0.10001
0.10001
0.100011
0.100011
0.100011
0.100011
0.100005
0.100005
0.100005
0.100006
0.100006
0.100006
0.100006
0.100006
0.100007
0.100007
0.100007
0.100007
0.100008
0.100008
0.100008
0.100008
0.100009
0.100009
0.100009
0.100009
0.100009
0.10001
0.10001
0.10001
0.10001
0.100011
0.100011
0.100011
0.100011
0.100005
0.100005
0.100005
0.100005
0.100006
0.100006
0.100006
0.100006
0.100006
0.100007
0.100007
0.100007
0.100007
0.100008
0.100008
0.100008
0.100008
0.100009
0.100009
0.100009
0.100009
0.100009
0.10001
0.10001
0.10001
0.10001
0.100011
0.100011
0.100011
0.100011
0.100004
0.100005
0.100005
0.100005
0.100005
0.100006
0.100006
0.100006
0.100006
0.100006
0.100007
0.100007
0.100007
0.100007
0.100008
0.100008
0.100008
0.100008
0.100009
0.100009
0.100009
0.100009
0.100009
0.10001
0.10001
0.10001
0.10001
0.100011
0.100011
0.100011
0.100011
0.100004
0.100004
0.100005
0.100005
0.100005
0.100005
0.100006
0.100006
0.100006
0.100006
0.100006
0.100007
0.100007
0.100007
0.100007
0.100008
0.100008
0.100008
0.100008
0.100009
0.100009
0.100009
0.100009
0.100009
0.10001
0.10001
0.10001
0.10001
0.100011
0.100011
0.100011
0.100011
0.100004
0.100004
0.100004
0.100005
0.100005
0.100005
0.100005
0.100006
0.100006
0.100006
0.100006
0.100006
0.100007
0.100007
0.100007
0.100007
0.100008
0.100008
0.100008
0.100008
0.100009
0.100009
0.100009
0.100009
0.100009
0.10001
0.10001
0.10001
0.10001
0.100011
0.100011
0.100011
0.100011
0.100004
0.100004
0.100004
0.100004
0.100005
0.100005
0.100005
0.100005
0.100006
0.100006
0.100006
0.100006
0.100006
0.100007
0.100007
0.100007
0.100007
0.100008
0.100008
0.100008
0.100008
0.100009
0.100009
0.100009
0.100009
0.100009
0.10001
0.10001
0.10001
0.10001
0.100011
0.100011
0.100011
0.100011
0.100011
0.100004
0.100004
0.100004
0.100004
0.100004
0.100005
0.100005
0.100005
0.100005
0.100006
0.100006
0.100006
0.100006
0.100006
0.100007
0.100007
0.100007
0.100007
0.100008
0.100008
0.100008
0.100008
0.100009
0.100009
0.100009
0.100009
0.100009
0.10001
0.10001
0.10001
0.10001
0.100011
0.100011
0.100011
0.100011
0.100011
0.100011
0.100003
0.100004
0.100004
0.100004
0.100004
0.100004
0.100005
0.100005
0.100005
0.100005
0.100006
0.100006
0.100006
0.100006
0.100006
0.100007
0.100007
0.100007
0.100007
0.100008
0.100008
0.100008
0.100008
0.100009
0.100009
0.100009
0.100009
0.100009
0.10001
0.10001
0.10001
0.10001
0.100011
0.10001
0.100011
0.100011
0.100011
0.100011
0.100011
0.100011
0.100011
0.100003
0.100003
0.100004
0.100004
0.100004
0.100004
0.100004
0.100005
0.100005
0.100005
0.100005
0.100006
0.100006
0.100006
0.100006
0.100006
0.100007
0.100007
0.100007
0.100007
0.100008
0.100008
0.100008
0.100008
0.100009
0.100009
0.100009
0.100009
0.100009
0.10001
0.10001
0.10001
0.10001
0.10001
0.10001
0.100011
0.100011
0.100011
0.100011
0.100011
0.100011
0.100011
0.100003
0.100003
0.100003
0.100004
0.100004
0.100004
0.100004
0.100004
0.100005
0.100005
0.100005
0.100005
0.100006
0.100006
0.100006
0.100006
0.100006
0.100007
0.100007
0.100007
0.100007
0.100008
0.100008
0.100008
0.100008
0.100009
0.100009
0.100009
0.100009
0.100009
0.10001
0.10001
0.10001
0.10001
0.10001
0.10001
0.10001
0.100011
0.100011
0.100011
0.100011
0.100011
0.100011
0.100011
0.100003
0.100003
0.100003
0.100003
0.100004
0.100004
0.100004
0.100004
0.100004
0.100005
0.100005
0.100005
0.100005
0.100006
0.100006
0.100006
0.100006
0.100006
0.100007
0.100007
0.100007
0.100007
0.100008
0.100008
0.100008
0.100008
0.100009
0.100009
0.100009
0.100009
0.100009
0.10001
0.10001
0.10001
0.10001
0.10001
0.10001
0.10001
0.10001
0.100011
0.100011
0.100011
0.100011
0.100011
0.100011
0.100011
0.100002
0.100003
0.100003
0.100003
0.100003
0.100004
0.100004
0.100004
0.100004
0.100004
0.100005
0.100005
0.100005
0.100005
0.100006
0.100006
0.100006
0.100006
0.100006
0.100007
0.100007
0.100007
0.100007
0.100008
0.100008
0.100008
0.100008
0.100009
0.100009
0.100009
0.100009
0.10001
0.10001
0.100011
0.10001
0.100011
0.10001
0.100011
0.10001
0.10001
0.100011
0.100011
0.100011
0.100011
0.100011
0.100011
0.100011
0.100011
0.100002
0.100002
0.100003
0.100003
0.100003
0.100003
0.100004
0.100004
0.100004
0.100004
0.100004
0.100005
0.100005
0.100005
0.100005
0.100006
0.100006
0.100006
0.100006
0.100006
0.100007
0.100007
0.100007
0.100007
0.100008
0.100008
0.100008
0.100008
0.100009
0.100009
0.10001
0.100014
0.100014
0.100024
0.100013
0.100021
0.100012
0.100017
0.100011
0.100014
0.100011
0.100012
0.100011
0.100011
0.100011
0.100011
0.100011
0.100011
0.100011
0.100011
0.100002
0.100002
0.100002
0.100003
0.100003
0.100003
0.100003
0.100004
0.100004
0.100004
0.100004
0.100004
0.100005
0.100005
0.100005
0.100005
0.100006
0.100006
0.100006
0.100006
0.100006
0.100007
0.100007
0.100007
0.100007
0.100008
0.100008
0.100008
0.100008
0.100009
0.100015
0.100039
0.100047
0.100106
0.100044
0.100106
0.100034
0.100083
0.100023
0.100055
0.100016
0.100032
0.100012
0.100018
0.100012
0.100011
0.100013
0.100012
0.100011
0.100011
0.100011
0.100011
0.100002
0.100002
0.100002
0.100002
0.100003
0.100003
0.100003
0.100003
0.100004
0.100004
0.100004
0.100004
0.100004
0.100005
0.100005
0.100005
0.100005
0.100006
0.100006
0.100006
0.100006
0.100006
0.100007
0.100007
0.100007
0.100007
0.100008
0.100008
0.100008
0.10001
0.100022
0.100139
0.100237
0.100545
0.100266
0.10065
0.100223
0.100596
0.100152
0.100437
0.100088
0.100267
0.100044
0.100136
0.100021
0.100058
0.100023
0.100012
0.100023
0.100021
0.100011
0.100012
0.100011
0.100011
0.100001
0.100002
0.100002
0.100002
0.100002
0.100003
0.100003
0.100003
0.100003
0.100004
0.100004
0.100004
0.100004
0.100004
0.100005
0.100005
0.100005
0.100005
0.100006
0.100006
0.100006
0.100006
0.100006
0.100007
0.100007
0.100007
0.100007
0.100008
0.100008
0.100011
0.10007
0.100273
0.100993
0.101809
0.101461
0.10312
0.101532
0.103693
0.101234
0.103323
0.100807
0.102366
0.100439
0.101398
0.100197
0.100679
0.100071
0.100267
0.10008
0.100017
0.100079
0.100068
0.100011
0.100015
0.100011
0.100011
0.100001
0.100001
0.100002
0.100002
0.100002
0.100002
0.100003
0.100003
0.100003
0.100003
0.100004
0.100004
0.100004
0.100004
0.100004
0.100005
0.100005
0.100005
0.100005
0.100006
0.100006
0.100006
0.100006
0.100006
0.100007
0.100007
0.100007
0.100007
0.100008
0.100012
0.10011
0.101248
0.103015
0.102463
0.105398
0.109126
0.107743
0.114109
0.108108
0.117191
0.106575
0.116067
0.104258
0.111759
0.102262
0.107118
0.100986
0.10342
0.100335
0.101326
0.100376
0.100049
0.100378
0.100324
0.100013
0.100032
0.100011
0.100012
0.100001
0.100001
0.100001
0.100002
0.100002
0.100002
0.100002
0.100003
0.100003
0.100003
0.100003
0.100004
0.100004
0.100004
0.100004
0.100004
0.100005
0.100005
0.100005
0.100005
0.100006
0.100006
0.100006
0.100006
0.100006
0.100007
0.100007
0.100007
0.100007
0.10001
0.100099
0.101828
0.11542
0.112617
0.120261
0.122187
0.132118
0.129585
0.144591
0.131991
0.15158
0.128084
0.151025
0.119322
0.143157
0.110947
0.12928
0.104837
0.115543
0.101643
0.106302
0.101827
0.100231
0.101847
0.101621
0.10002
0.100135
0.100011
0.100014
0.100001
0.100001
0.100001
0.100001
0.100002
0.100002
0.100002
0.100002
0.100003
0.100003
0.100003
0.100003
0.100004
0.100004
0.100004
0.100004
0.100004
0.100005
0.100005
0.100005
0.100005
0.100006
0.100006
0.100006
0.100006
0.100006
0.100007
0.100007
0.100007
0.100009
0.100078
0.101653
0.118442
0.160111
0.167635
0.142399
0.152375
0.160543
0.176876
0.172632
0.193717
0.176447
0.202128
0.171808
0.201634
0.159614
0.192789
0.140654
0.176495
0.120508
0.152623
0.107538
0.125032
0.108186
0.101186
0.108157
0.107205
0.100064
0.100697
0.100012
0.100027
0.100001
0.100001
0.100001
0.100001
0.100001
0.100002
0.100002
0.100002
0.100002
0.100003
0.100003
0.100003
0.100003
0.100004
0.100004
0.100004
0.100004
0.100004
0.100005
0.100005
0.100005
0.100005
0.100006
0.100006
0.100006
0.100006
0.100006
0.100007
0.100007
0.100007
0.100047
0.10148
0.116949
0.172503
0.175448
0.215009
0.223015
0.191806
0.204635
0.213546
0.231995
0.226457
0.248981
0.230474
0.257444
0.225974
0.257496
0.213844
0.249776
0.193713
0.234746
0.1643
0.210688
0.128454
0.17401
0.130172
0.105336
0.129769
0.12603
0.100301
0.103172
0.100014
0.100092
0.1
0.100001
0.100001
0.100001
0.100001
0.100001
0.100002
0.100002
0.100002
0.100002
0.100003
0.100003
0.100003
0.100003
0.100004
0.100004
0.100004
0.100004
0.100004
0.100005
0.100005
0.100005
0.100005
0.100006
0.100006
0.100006
0.100006
0.100006
0.100007
0.100007
0.100021
0.101017
0.116858
0.175058
0.168967
0.228544
0.230759
0.270262
0.277132
0.247719
0.260495
0.269009
0.286824
0.281746
0.303296
0.286423
0.312209
0.283436
0.313863
0.27365
0.308907
0.255847
0.297366
0.226727
0.276382
0.180992
0.240564
0.184401
0.11925
0.181875
0.170978
0.101387
0.11183
0.100022
0.100404
0.1
0.1
0.100001
0.100001
0.100001
0.100001
0.100001
0.100002
0.100002
0.100002
0.100002
0.100003
0.100003
0.100003
0.100003
0.100004
0.100004
0.100004
0.100004
0.100004
0.100005
0.100005
0.100005
0.100005
0.100006
0.100006
0.100006
0.100006
0.100006
0.100007
0.100011
0.100466
0.11431
0.197831
0.23072
0.235828
0.281335
0.281451
0.318971
0.319767
0.301106
0.311816
0.321317
0.336257
0.334188
0.352214
0.34039
0.362375
0.340246
0.366983
0.334499
0.366289
0.321145
0.359835
0.295661
0.343973
0.251348
0.3127
0.257244
0.153869
0.256235
0.244458
0.105452
0.135302
0.100059
0.101494
0.1
0.100001
0.100001
0.100001
0.100001
0.100001
0.100001
0.100002
0.100002
0.100002
0.100002
0.100003
0.100003
0.100003
0.100003
0.100004
0.100004
0.100004
0.100004
0.100004
0.100005
0.100005
0.100005
0.100005
0.100006
0.100006
0.100006
0.100006
0.100007
0.100009
0.100192
0.107854
0.180616
0.271621
0.264838
0.279972
0.276903
0.317437
0.31254
0.344188
0.33634
0.346607
0.34775
0.365574
0.372417
0.37936
0.391221
0.388471
0.404206
0.392667
0.413375
0.392229
0.418123
0.384747
0.417708
0.365217
0.408298
0.325805
0.383837
0.33348
0.219737
0.333282
0.321722
0.116786
0.180087
0.100189
0.104367
0.1
0.100001
0.100002
0.100003
0.100002
0.100001
0.100001
0.100002
0.100002
0.100002
0.100002
0.100003
0.100003
0.100003
0.100003
0.100004
0.100004
0.100004
0.100004
0.100004
0.100005
0.100005
0.100005
0.100005
0.100006
0.100006
0.100006
0.100006
0.100008
0.100085
0.103551
0.156542
0.25756
0.241593
0.294622
0.289683
0.306478
0.30064
0.327456
0.318591
0.348355
0.333965
0.369428
0.360983
0.393861
0.387914
0.414207
0.413761
0.427647
0.435265
0.437526
0.450024
0.44308
0.460976
0.442192
0.467024
0.429903
0.464643
0.398139
0.448516
0.406379
0.296234
0.406719
0.399551
0.352072
0.141435
0.247112
0.1003
0.107131
0.100001
0.100003
0.100004
0.100004
0.100002
0.100001
0.100001
0.100002
0.100002
0.100002
0.100002
0.100003
0.100003
0.100003
0.100003
0.100004
0.100004
0.100004
0.100004
0.100004
0.100005
0.100005
0.100005
0.100005
0.100006
0.100006
0.100006
0.100008
0.100054
0.101714
0.136797
0.25026
0.282029
0.280763
0.297227
0.292948
0.310258
0.303172
0.318559
0.304343
0.332107
0.307049
0.374821
0.35578
0.405822
0.388486
0.433324
0.423312
0.455217
0.452104
0.471498
0.474307
0.483475
0.492013
0.489443
0.504664
0.484708
0.509131
0.462338
0.497396
0.480445
0.439993
0.46893
0.387813
0.31765
0.375998
0.435731
0.471155
0.468245
0.43158
0.142276
0.199779
0.353846
0.329607
0.261252
0.100213
0.158096
0.104322
0.125436
0.100002
0.100006
0.100008
0.100004
0.100001
0.100001
0.100001
0.100002
0.100002
0.100002
0.100002
0.100003
0.100003
0.100003
0.100003
0.100004
0.100004
0.100004
0.100004
0.100004
0.100005
0.100005
0.100005
0.100005
0.100006
0.100006
0.100008
0.100042
0.100958
0.122348
0.22717
0.282391
0.27503
0.28863
0.286075
0.279573
0.277137
0.292805
0.284581
0.284006
0.265732
0.292341
0.258319
0.36171
0.328414
0.402045
0.369869
0.440774
0.417615
0.470187
0.457948
0.492887
0.487839
0.511694
0.511112
0.513258
0.51866
0.522458
0.524624
0.510073
0.520999
0.52553
0.534045
0.528534
0.501677
0.490405
0.509951
0.516763
0.494199
0.422305
0.407396
0.467645
0.496914
0.496868
0.462337
0.224455
0.387089
0.359139
0.293271
0.100613
0.106632
0.178815
0.135656
0.100004
0.100013
0.100009
0.100003
0.100001
0.100001
0.100001
0.100002
0.100002
0.100002
0.100002
0.100003
0.100003
0.100003
0.100003
0.100004
0.100004
0.100004
0.100004
0.100004
0.100005
0.100005
0.100005
0.100005
0.100006
0.100007
0.100033
0.100619
0.112704
0.197088
0.273329
0.277401
0.277296
0.276303
0.276674
0.244777
0.245688
0.253377
0.2467
0.230936
0.213039
0.237339
0.197917
0.329493
0.28337
0.383026
0.339074
0.434575
0.400659
0.474736
0.451906
0.504985
0.491151
0.525169
0.524038
0.521445
0.516282
0.53015
0.532411
0.532751
0.527567
0.534996
0.537135
0.541834
0.53947
0.523458
0.513675
0.5281
0.533289
0.517086
0.452678
0.438112
0.49464
0.518806
0.518789
0.489378
0.250834
0.417306
0.388541
0.322502
0.114649
0.110265
0.100162
0.102037
0.200423
0.149079
0.100009
0.100018
0.100007
0.100002
0.100001
0.100001
0.100001
0.100002
0.100002
0.100002
0.100002
0.100003
0.100003
0.100003
0.100003
0.100004
0.100004
0.100004
0.100004
0.100004
0.100005
0.100005
0.100005
0.100005
0.100007
0.100027
0.100365
0.107072
0.165568
0.262976
0.267638
0.270819
0.258605
0.264149
0.248557
0.253423
0.203741
0.208777
0.203983
0.201992
0.17196
0.160202
0.178057
0.145743
0.287228
0.229656
0.356916
0.304465
0.420023
0.379356
0.468881
0.438721
0.51038
0.501765
0.491886
0.479137
0.531508
0.528545
0.523708
0.517043
0.538651
0.538525
0.537019
0.539279
0.542555
0.542577
0.544323
0.544028
0.537056
0.531404
0.539263
0.541706
0.533527
0.480336
0.466299
0.516852
0.53454
0.534648
0.512409
0.276873
0.445686
0.416535
0.350538
0.163694
0.1187
0.100227
0.102358
0.222286
0.100017
0.100018
0.100005
0.100001
0.100001
0.100001
0.100001
0.100002
0.100002
0.100002
0.100002
0.100003
0.100003
0.100003
0.100003
0.100004
0.100004
0.100004
0.100004
0.100004
0.100005
0.100005
0.100005
0.100006
0.100023
0.100217
0.104025
0.142142
0.243836
0.270147
0.251891
0.258514
0.234479
0.243563
0.216524
0.225355
0.167684
0.177315
0.158421
0.160969
0.129971
0.124853
0.147343
0.126293
0.243695
0.186295
0.330336
0.273659
0.401178
0.357003
0.465625
0.449136
0.432504
0.412746
0.508612
0.497939
0.485336
0.470704
0.533964
0.529181
0.522425
0.513529
0.542101
0.540493
0.537342
0.543849
0.544401
0.543507
0.541982
0.543722
0.542708
0.540518
0.542864
0.543617
0.541168
0.504575
0.491759
0.533469
0.541689
0.542108
0.530511
0.302258
0.471914
0.442995
0.37745
0.243486
0.176951
0.122043
0.100469
0.104316
0.100026
0.100013
0.100003
0.100001
0.100001
0.100001
0.100001
0.100002
0.100002
0.100002
0.100002
0.100003
0.100003
0.100003
0.100003
0.100004
0.100004
0.100004
0.100004
0.100004
0.100005
0.100005
0.100006
0.10002
0.100179
0.102504
0.127517
0.218714
0.270123
0.252093
0.260411
0.233563
0.243548
0.21133
0.222736
0.188181
0.199685
0.142719
0.154019
0.126085
0.132667
0.115889
0.111463
0.141235
0.124164
0.217598
0.171839
0.306614
0.257266
0.376388
0.333488
0.454659
0.437125
0.418753
0.399462
0.502503
0.489334
0.474233
0.457543
0.532372
0.525346
0.516062
0.504462
0.541466
0.537954
0.532659
0.542577
0.540279
0.539256
0.533587
0.537301
0.541883
0.542342
0.538971
0.538527
0.541727
0.52477
0.514162
0.542428
0.541716
0.54278
0.54203
0.326693
0.495898
0.4679
0.403113
0.263077
0.188047
0.129473
0.101722
0.10987
0.100028
0.100007
0.100001
0.100001
0.100001
0.100001
0.100001
0.100002
0.100002
0.100002
0.100002
0.100003
0.100003
0.100003
0.100003
0.100004
0.100004
0.100004
0.100004
0.100004
0.100005
0.100006
0.100017
0.100128
0.101791
0.118846
0.193061
0.266607
0.264391
0.238432
0.247041
0.216245
0.227783
0.191532
0.204088
0.166172
0.178794
0.125664
0.136479
0.11153
0.116459
0.114113
0.108512
0.15238
0.135551
0.21124
0.174536
0.292627
0.256595
0.367257
0.348975
0.318292
0.33371
0.439823
0.421542
0.40302
0.384536
0.490678
0.475017
0.457994
0.440371
0.525233
0.515428
0.503182
0.488741
0.535249
0.529504
0.52156
0.534215
0.529479
0.528843
0.518667
0.524382
0.532957
0.535844
0.526701
0.525957
0.533571
0.539418
0.532665
0.544849
0.533216
0.535763
0.547251
0.349881
0.517688
0.491161
0.427495
0.281034
0.201798
0.142573
0.104248
0.117742
0.100019
0.100003
0.100001
0.100001
0.100001
0.100001
0.100001
0.100002
0.100002
0.100002
0.100002
0.100003
0.100003
0.100003
0.100003
0.100004
0.100004
0.100004
0.100004
0.100004
0.100005
0.100016
0.100128
0.101585
0.113901
0.170172
0.256105
0.272976
0.244141
0.253875
0.223827
0.234393
0.199862
0.212185
0.174085
0.187087
0.148431
0.161098
0.111943
0.120968
0.10596
0.106926
0.119848
0.109208
0.188742
0.164514
0.226447
0.206446
0.305438
0.293573
0.290737
0.362976
0.350564
0.331405
0.340233
0.422748
0.405971
0.390553
0.376326
0.47267
0.455783
0.439
0.423704
0.511144
0.49829
0.483461
0.467596
0.522531
0.514046
0.503112
0.518837
0.511947
0.511707
0.497605
0.505061
0.516383
0.520988
0.506734
0.506159
0.51734
0.548272
0.546082
0.541172
0.517328
0.522238
0.548175
0.371821
0.536321
0.512999
0.450648
0.299377
0.21898
0.157892
0.104129
0.119772
0.100009
0.100001
0.100001
0.100001
0.100001
0.100001
0.100001
0.100002
0.100002
0.100002
0.100002
0.100003
0.100003
0.100003
0.100003
0.100004
0.100004
0.100004
0.100004
0.100005
0.100017
0.10013
0.101164
0.110832
0.152951
0.240827
0.275635
0.260375
0.230287
0.239314
0.208042
0.21955
0.183066
0.195816
0.156904
0.170008
0.131912
0.144085
0.104313
0.10793
0.104711
0.10324
0.136614
0.115234
0.239764
0.204031
0.27909
0.263835
0.324106
0.317211
0.350078
0.343611
0.374315
0.369061
0.361187
0.364804
0.410661
0.399268
0.389261
0.380947
0.451919
0.437978
0.427016
0.418484
0.490008
0.475592
0.461309
0.448913
0.502872
0.491938
0.479535
0.496976
0.48895
0.488948
0.474008
0.481416
0.492768
0.498745
0.480477
0.480888
0.494503
0.553822
0.555713
0.532064
0.495951
0.504614
0.545146
0.393
0.551179
0.532944
0.47255
0.318409
0.23664
0.16596
0.101501
0.114343
0.100004
0.100001
0.100001
0.100001
0.100001
0.100001
0.100001
0.100002
0.100002
0.100002
0.100002
0.100003
0.100003
0.100003
0.100003
0.100004
0.100004
0.100004
0.100005
0.100017
0.100113
0.100997
0.108742
0.142466
0.22512
0.27498
0.271268
0.234407
0.245032
0.213793
0.224348
0.190164
0.202296
0.16457
0.177542
0.138598
0.1515
0.115582
0.126501
0.101767
0.102591
0.105165
0.102328
0.162481
0.127184
0.285157
0.241405
0.336902
0.326076
0.320151
0.357785
0.35412
0.383566
0.374547
0.405464
0.404763
0.400525
0.403222
0.412478
0.408797
0.406868
0.405943
0.439686
0.434302
0.432967
0.434151
0.467171
0.456539
0.449369
0.447577
0.47915
0.469276
0.460928
0.471694
0.464824
0.466896
0.456839
0.45948
0.465477
0.471539
0.452738
0.45507
0.468245
0.557169
0.563515
0.520403
0.473053
0.487534
0.540413
0.41341
0.56361
0.55078
0.493549
0.33657
0.2497
0.161847
0.100309
0.106613
0.100004
0.100002
0.100001
0.100001
0.100001
0.100001
0.100001
0.100002
0.100002
0.100002
0.100002
0.100003
0.100003
0.100003
0.100003
0.100004
0.100004
0.100006
0.100021
0.100125
0.100987
0.10801
0.135986
0.210545
0.272385
0.278706
0.249664
0.216241
0.225476
0.194178
0.205573
0.169537
0.182092
0.14383
0.156727
0.119375
0.131327
0.105054
0.110133
0.101149
0.100938
0.108275
0.102366
0.191333
0.143841
0.31712
0.293294
0.268577
0.363746
0.351481
0.333914
0.354424
0.396438
0.39079
0.410707
0.398303
0.449569
0.448689
0.439235
0.445117
0.437284
0.441551
0.445581
0.448518
0.449265
0.455751
0.464524
0.474222
0.457365
0.457569
0.462167
0.472232
0.46161
0.46092
0.462898
0.448771
0.446624
0.457003
0.45195
0.446957
0.440269
0.445212
0.429797
0.434782
0.445382
0.559317
0.570994
0.50986
0.455971
0.476217
0.536518
0.432825
0.574686
0.566372
0.513586
0.352994
0.255361
0.147326
0.100051
0.102165
0.100011
0.100006
0.100003
0.100002
0.100001
0.100001
0.100002
0.100002
0.100002
0.100002
0.100002
0.100003
0.100003
0.100003
0.100003
0.100004
0.100008
0.100031
0.10014
0.100985
0.107923
0.133509
0.198711
0.267435
0.284126
0.264003
0.214869
0.225526
0.194259
0.204717
0.171096
0.182976
0.146091
0.158675
0.121583
0.133582
0.106107
0.111851
0.101435
0.102963
0.101101
0.100567
0.114187
0.103393
0.216657
0.163057
0.333887
0.31236
0.31097
0.279853
0.384718
0.370011
0.353916
0.372106
0.431376
0.42178
0.432874
0.41886
0.494881
0.489536
0.471048
0.481372
0.483325
0.490713
0.495304
0.4964
0.485976
0.501272
0.516012
0.528572
0.470324
0.482663
0.500178
0.520856
0.462107
0.471679
0.485654
0.433715
0.436402
0.462913
0.459954
0.445632
0.423737
0.426369
0.418176
0.422803
0.432655
0.561969
0.578486
0.503937
0.448735
0.473182
0.536298
0.451331
0.585446
0.580542
0.532058
0.367919
0.2514
0.128561
0.100019
0.10081
0.10004
0.100019
0.100008
0.100003
0.100002
0.100002
0.100002
0.100002
0.100002
0.100002
0.100002
0.100003
0.100003
0.100003
0.100005
0.100013
0.100054
0.100182
0.101069
0.108073
0.133554
0.191923
0.261742
0.287782
0.274728
0.227491
0.189836
0.199333
0.168243
0.179337
0.144827
0.156637
0.121069
0.132473
0.10643
0.111957
0.101533
0.103227
0.100438
0.100726
0.101305
0.100535
0.122668
0.105741
0.254471
0.221135
0.186451
0.358586
0.335404
0.338542
0.308288
0.404275
0.388823
0.379454
0.397856
0.459234
0.446395
0.455796
0.442372
0.532753
0.522658
0.497139
0.51051
0.537567
0.542073
0.542603
0.539984
0.541019
0.558988
0.573168
0.582711
0.506694
0.532326
0.557903
0.581142
0.477643
0.50089
0.532172
0.42704
0.438203
0.480602
0.480096
0.454861
0.416683
0.420318
0.416687
0.42034
0.430953
0.56622
0.587623
0.505292
0.450459
0.479348
0.541627
0.468627
0.597341
0.594527
0.549267
0.378989
0.23592
0.11759
0.100016
0.100502
0.100134
0.100051
0.100017
0.100006
0.100003
0.100002
0.100002
0.100002
0.100002
0.100002
0.100002
0.100003
0.100004
0.100008
0.100032
0.100108
0.100292
0.10132
0.108584
0.134517
0.191149
0.257971
0.290083
0.28262
0.242477
0.172486
0.160758
0.17195
0.138626
0.149982
0.117617
0.127604
0.105785
0.11043
0.101455
0.102976
0.100324
0.10069
0.100234
0.100186
0.102064
0.100693
0.134864
0.10942
0.276353
0.244302
0.193801
0.234283
0.391951
0.366695
0.373517
0.340303
0.42867
0.414089
0.413976
0.432682
0.483268
0.469395
0.484928
0.473427
0.563899
0.551071
0.523124
0.537177
0.586572
0.586675
0.583605
0.574761
0.600491
0.615075
0.624447
0.627912
0.565569
0.595272
0.619741
0.639183
0.512027
0.551637
0.592184
0.430993
0.449059
0.51836
0.52083
0.478566
0.417408
0.422268
0.420278
0.424845
0.436961
0.575378
0.600306
0.518033
0.464707
0.508537
0.557024
0.484813
0.610534
0.607144
0.565526
0.384297
0.216371
0.113808
0.100395
0.10122
0.100375
0.100119
0.100034
0.100011
0.100004
0.100002
0.100002
0.100002
0.100002
0.100002
0.100003
0.100005
0.100016
0.100082
0.100237
0.100605
0.102013
0.10991
0.136923
0.192332
0.257726
0.292114
0.288374
0.254323
0.187491
0.118536
0.138655
0.126674
0.128332
0.112505
0.119269
0.104342
0.107652
0.101165
0.102301
0.10027
0.100569
0.100073
0.100128
0.100214
0.100089
0.10352
0.100809
0.154381
0.115494
0.305053
0.268957
0.217037
0.256187
0.431012
0.403932
0.408555
0.373577
0.461546
0.448365
0.454459
0.473947
0.509536
0.496796
0.521651
0.512226
0.593845
0.580501
0.553817
0.566846
0.628134
0.625528
0.616965
0.606153
0.653455
0.662613
0.666209
0.667012
0.62685
0.653718
0.673561
0.687539
0.56558
0.612437
0.652009
0.441552
0.470737
0.572924
0.569461
0.513955
0.424427
0.432722
0.434581
0.439852
0.460077
0.594854
0.615853
0.549837
0.508127
0.550251
0.587928
0.498468
0.622674
0.618017
0.578395
0.387412
0.212372
0.115597
0.115276
0.109616
0.100892
0.100232
0.100058
0.100018
0.100007
0.100004
0.100003
0.100002
0.100003
0.100003
0.100008
0.100042
0.10021
0.100605
0.101543
0.103923
0.113057
0.141502
0.196042
0.25877
0.294397
0.292667
0.263166
0.199967
0.125366
0.111924
0.104266
0.10796
0.107472
0.102589
0.104501
0.100759
0.101431
0.100191
0.100387
0.100047
0.100094
0.100035
0.100029
0.100343
0.100081
0.105544
0.101268
0.198723
0.155957
0.125095
0.335863
0.296298
0.238473
0.280717
0.46904
0.440421
0.437309
0.402179
0.501962
0.489672
0.49432
0.515463
0.541881
0.531285
0.56278
0.554622
0.626838
0.614169
0.589782
0.601446
0.665893
0.659492
0.650025
0.639211
0.696987
0.702203
0.704139
0.704175
0.680901
0.701356
0.715573
0.725339
0.625064
0.669646
0.701609
0.470797
0.521159
0.630914
0.665433
0.590567
0.450147
0.464785
0.48511
0.48612
0.513231
0.615954
0.630407
0.587423
0.557536
0.591147
0.613596
0.511148
0.633347
0.626882
0.589563
0.394503
0.222758
0.134786
0.124124
0.137118
0.101741
0.100374
0.10009
0.100028
0.100011
0.100007
0.100004
0.100003
0.100004
0.100015
0.100103
0.100521
0.101749
0.104293
0.1088
0.120159
0.150553
0.203291
0.261766
0.29682
0.295773
0.268714
0.209119
0.132677
0.102623
0.102302
0.100698
0.101598
0.101276
0.100394
0.100717
0.10011
0.10021
0.100031
0.100057
0.100014
0.100018
0.100032
0.100016
0.100475
0.100129
0.108212
0.102043
0.213472
0.170468
0.121672
0.149135
0.363948
0.323087
0.25749
0.301653
0.499147
0.469528
0.451374
0.418425
0.544891
0.532315
0.526781
0.550923
0.579539
0.570818
0.603141
0.595048
0.664909
0.6532
0.629794
0.641026
0.702551
0.695773
0.686787
0.676816
0.732099
0.73675
0.739081
0.739873
0.721465
0.734615
0.743048
0.748756
0.686936
0.724876
0.741121
0.55411
0.63236
0.716979
0.717417
0.685641
0.527186
0.529483
0.563332
0.588778
0.568275
0.631898
0.644451
0.615293
0.595386
0.613087
0.632549
0.523372
0.642899
0.637653
0.600292
0.411833
0.269855
0.225969
0.245734
0.297265
0.102747
0.10053
0.10013
0.100042
0.100022
0.10001
0.100007
0.100008
0.100026
0.100238
0.101303
0.104939
0.111595
0.120313
0.134726
0.165084
0.214238
0.267842
0.299649
0.297531
0.271006
0.214511
0.138551
0.103767
0.100119
0.100317
0.100332
0.100103
0.100172
0.100053
0.100094
0.100018
0.10003
0.10001
0.100012
0.10001
0.100009
0.10005
0.100016
0.100564
0.100241
0.12604
0.114381
0.106482
0.102785
0.22923
0.187202
0.156452
0.38309
0.344081
0.272766
0.314437
0.516057
0.483498
0.451776
0.420585
0.584466
0.570325
0.547856
0.576986
0.619658
0.611051
0.643554
0.632472
0.707991
0.697566
0.674688
0.68587
0.739176
0.733791
0.727537
0.719166
0.75257
0.755862
0.758224
0.760273
0.751362
0.759346
0.763529
0.768392
0.741056
0.75785
0.768428
0.649489
0.669214
0.730787
0.715022
0.695175
0.60322
0.583672
0.612002
0.631987
0.608147
0.649804
0.65863
0.63439
0.615403
0.635756
0.650827
0.540298
0.656124
0.646774
0.611618
0.456908
0.3839
0.38192
0.451722
0.470429
0.10375
0.100682
0.100177
0.100073
0.100031
0.100017
0.100016
0.100049
0.100459
0.103107
0.112015
0.125683
0.138181
0.154239
0.183814
0.229991
0.276931
0.302565
0.297784
0.270757
0.216111
0.142185
0.10467
0.100196
0.10001
0.100047
0.100009
0.100013
0.100045
0.100017
0.100024
0.100011
0.100015
0.100008
0.100009
0.100008
0.100007
0.10001
0.100008
0.100088
0.100022
0.100726
0.100318
0.133083
0.116057
0.107698
0.103695
0.23802
0.196506
0.165117
0.388085
0.352805
0.278282
0.316495
0.518737
0.483848
0.440532
0.411803
0.618188
0.600602
0.557893
0.594692
0.663726
0.653631
0.684997
0.669383
0.747853
0.742896
0.722381
0.733368
0.761239
0.76066
0.757345
0.755466
0.771057
0.774413
0.775868
0.776428
0.780489
0.788497
0.796523
0.798549
0.748424
0.759207
0.860204
0.646537
0.787149
0.826448
0.807981
0.795899
0.620717
0.613226
0.619536
0.636063
0.627752
0.663446
0.671379
0.641951
0.639731
0.641259
0.660474
0.563017
0.66674
0.659218
0.625349
0.507656
0.481239
0.5013
0.478778
0.55382
0.104611
0.100824
0.100247
0.100101
0.100047
0.100036
0.100087
0.10076
0.105921
0.12232
0.142142
0.15808
0.17599
0.205601
0.248372
0.286084
0.303246
0.296607
0.26823
0.214939
0.143093
0.105172
0.100243
0.100012
0.100006
0.100006
0.100007
0.100006
0.10001
0.100008
0.100007
0.100007
0.100007
0.100007
0.100007
0.100007
0.100012
0.100008
0.100163
0.100033
0.101178
0.100385
0.136345
0.118268
0.109075
0.109532
0.105205
0.102676
0.239546
0.201646
0.16711
0.382923
0.351605
0.276534
0.310441
0.514082
0.472662
0.417211
0.390975
0.649466
0.625447
0.560588
0.607519
0.710761
0.698201
0.722124
0.704041
0.769787
0.766115
0.754755
0.76324
0.775142
0.773642
0.771586
0.770299
0.79985
0.800401
0.800904
0.8008
0.865823
0.867363
0.87093
0.873146
0.838606
0.843846
0.919838
0.767046
0.866705
0.897175
0.885958
0.876918
0.74425
0.626149
0.735917
0.747233
0.731831
0.670763
0.68371
0.659549
0.734646
0.673529
0.738445
0.673656
0.586509
0.679345
0.664459
0.63817
0.555409
0.552275
0.578924
1.11628
0.625226
0.105275
0.100972
0.10033
0.100141
0.100086
0.100141
0.101193
0.109269
0.133607
0.158591
0.178043
0.198311
0.228515
0.264716
0.290896
0.302246
0.292202
0.261124
0.209759
0.141298
0.105152
0.100265
0.100014
0.100005
0.100006
0.100006
0.100006
0.100006
0.100006
0.100006
0.100006
0.100006
0.100007
0.100006
0.100008
0.100007
0.100016
0.100009
0.100223
0.100053
0.101348
0.10049
0.138867
0.119762
0.110287
0.105587
0.103087
0.235224
0.201139
0.166626
0.366624
0.340454
0.267095
0.295733
0.501752
0.451738
0.38861
0.362625
0.678175
0.646505
0.558488
0.613059
0.747126
0.734656
0.740089
0.721152
0.77974
0.776823
0.769822
0.773737
0.800201
0.795719
0.786144
0.785402
0.875996
0.877589
0.879344
0.880336
0.924827
0.926877
0.930199
0.932497
0.907226
0.911195
0.98267
0.852404
0.943009
0.966361
0.958426
0.951694
0.834104
0.727965
0.824221
0.840215
0.814062
0.689326
0.690566
0.682894
0.810926
0.738448
0.808382
0.691139
0.614351
0.688968
0.678524
0.655703
0.5973
0.599697
0.618118
2.74592
0.756966
0.105752
0.101122
0.100425
0.100215
0.100243
0.101475
0.11325
0.144009
0.173537
0.196362
0.219876
0.248427
0.275164
0.290961
0.29815
0.28214
0.24903
0.198151
0.135499
0.10458
0.100258
0.100014
0.100005
0.100005
0.100005
0.100006
0.100006
0.100006
0.100006
0.100006
0.100006
0.100006
0.100007
0.100006
0.100008
0.100007
0.100022
0.100011
0.100263
0.100087
0.101543
0.100584
0.139334
0.121009
0.110809
0.106023
0.103367
0.224835
0.196125
0.162794
0.34168
0.320355
0.251416
0.274788
0.484706
0.42768
0.36126
0.33355
0.694976
0.65808
0.550434
0.613641
0.764175
0.751687
0.749436
0.729697
0.797989
0.793694
0.778758
0.784097
0.880351
0.821447
0.804434
0.805608
0.93481
0.936012
0.93715
0.937766
0.986528
0.988661
0.991133
0.992974
0.972965
0.976585
1.03163
0.93216
0.997774
1.01696
1.01231
1.00489
0.914954
0.817972
0.900724
0.922186
0.885969
0.69255
0.701915
0.740258
0.880198
0.806085
0.872904
0.742876
0.64115
0.696431
0.683915
0.66861
0.632477
0.636694
0.653154
3.01676
1.01415
0.106043
0.101314
0.100549
0.100441
0.101901
0.115408
0.152909
0.186212
0.212306
0.237221
0.260801
0.277117
0.288662
0.287983
0.266892
0.232262
0.182118
0.127237
0.103422
0.100216
0.100014
0.100005
0.100005
0.100005
0.100005
0.100005
0.100006
0.100006
0.100006
0.100006
0.100006
0.100006
0.100006
0.100007
0.100006
0.100009
0.100007
0.100029
0.100013
0.100272
0.100114
0.103596
0.102285
0.10117
0.100642
0.137887
0.12125
0.111537
0.106527
0.210161
0.187002
0.156611
0.312596
0.29451
0.2311
0.249435
0.463878
0.400593
0.333635
0.307278
0.702351
0.662607
0.540831
0.612417
0.773964
0.761512
0.76104
0.742215
0.868312
0.810736
0.792136
0.792891
0.937637
0.870824
0.877496
0.876739
0.994484
0.995181
0.99556
0.995435
1.03477
1.03768
1.03922
1.04075
1.02391
1.02831
0.988512
0.964909
0.893236
0.95345
0.977863
0.930267
0.709815
0.746839
0.703718
0.803242
0.923703
0.867287
0.913384
0.800958
0.663285
0.709059
0.697502
0.682536
0.660722
0.656839
0.685239
3.20192
1.80671
0.106174
0.101457
0.100857
0.10224
0.117948
0.158582
0.196469
0.225103
0.248244
0.264708
0.275694
0.281584
0.270973
0.24631
0.210537
0.162606
0.118579
0.102255
0.100155
0.100012
0.100005
0.100005
0.100005
0.100005
0.100005
0.100005
0.100006
0.100006
0.100006
0.100006
0.100006
0.100006
0.100006
0.100007
0.100006
0.10001
0.100008
0.100036
0.100016
0.10029
0.100115
0.104059
0.102534
0.101399
0.10077
0.134782
0.12052
0.112297
0.107666
0.192951
0.17545
0.149137
0.285044
0.266019
0.208901
0.224526
0.441688
0.370079
0.305607
0.281931
0.710189
0.66628
0.531569
0.611766
0.78131
0.774277
0.766085
0.74979
0.91873
0.858685
0.800236
0.858751
0.994466
0.929647
0.932818
0.930301
1.04176
1.04217
1.0421
1.04155
0.943347
0.748359
0.8008
0.719986
0.752197
0.861624
0.906849
0.857141
0.678986
0.709658
0.709649
0.688846
0.672742
0.668861
0.762588
3.21796
2.57949
0.106079
0.10181
0.102926
0.118771
0.1632
0.203849
0.234503
0.253712
0.264164
0.27102
0.266357
0.24849
0.221255
0.184518
0.142391
0.111083
0.101311
0.1001
0.10001
0.100005
0.100005
0.100005
0.100005
0.100005
0.100005
0.100005
0.100006
0.100006
0.100006
0.100006
0.100006
0.100006
0.100006
0.100006
0.100007
0.100007
0.100011
0.100008
0.100038
0.100018
0.100338
0.100107
0.104942
0.103474
0.101741
0.102327
0.10156
0.100647
0.131207
0.120097
0.113573
0.109664
0.175818
0.162767
0.14142
0.260331
0.240887
0.189698
0.203725
0.423932
0.337558
0.277502
0.25677
0.719426
0.67201
0.529066
0.616052
0.780794
0.777937
0.761953
0.755254
0.976422
0.917179
0.844124
0.913031
1.03927
0.98783
0.988561
0.985221
0.799016
0.854961
0.751152
0.799936
0.898633
0.894481
0.682473
0.725409
0.759585
0.71624
0.695556
0.680642
0.681228
0.902707
3.22752
2.97718
0.106239
0.104146
0.120395
0.165138
0.209395
0.239906
0.255159
0.262178
0.260866
0.246974
0.22293
0.193524
0.157643
0.125106
0.105802
0.100678
0.100059
0.100007
0.100004
0.100004
0.100005
0.100005
0.100005
0.100005
0.100005
0.100005
0.100006
0.100006
0.100006
0.100006
0.100006
0.100006
0.100006
0.100006
0.100006
0.100007
0.100007
0.100011
0.100008
0.100038
0.100018
0.100452
0.100977
0.100097
0.10718
0.105356
0.103942
0.102544
0.129048
0.120944
0.116621
0.114294
0.162748
0.151254
0.137371
0.237765
0.21938
0.174847
0.187105
0.417512
0.311391
0.252151
0.23275
0.723424
0.679521
0.532193
0.622075
0.842786
0.783543
0.820235
0.755176
1.02437
0.975794
0.899135
0.970107
1.03559
1.03469
1.02794
0.851762
0.89203
0.799432
0.850862
0.689661
0.757466
0.801485
0.71921
0.766458
0.703056
0.685626
0.698768
1.13233
3.2361
3.17314
0.109358
0.121948
0.167216
0.212285
0.242949
0.255026
0.257885
0.248452
0.226673
0.19805
0.166667
0.135498
0.113053
0.102699
0.100347
0.100033
0.100006
0.100004
0.100004
0.100004
0.100005
0.100005
0.100005
0.100005
0.100005
0.100005
0.100006
0.100006
0.100006
0.100006
0.100006
0.100006
0.100006
0.100006
0.100006
0.100006
0.100007
0.100007
0.100011
0.100008
0.100037
0.100018
0.101487
0.100946
0.102632
0.100107
0.111976
0.109626
0.107005
0.104551
0.130568
0.127751
0.126176
0.124781
0.157346
0.146915
0.139428
0.217481
0.201948
0.167773
0.17908
0.423309
0.296476
0.241612
0.217975
0.726225
0.685057
0.546692
0.634988
0.898451
0.822304
0.796396
0.879931
1.02229
0.961109
1.01629
0.888813
0.849227
0.887361
0.693396
0.800152
0.849442
0.727802
0.769379
0.805082
0.709089
0.688412
0.732258
1.55664
3.24297
3.24745
0.128238
0.168473
0.214671
0.24443
0.254703
0.253153
0.236554
0.208823
0.176902
0.144847
0.12051
0.106279
0.101173
0.100174
0.100019
0.100005
0.100004
0.100004
0.100004
0.100004
0.100005
0.100005
0.100005
0.100005
0.100005
0.100005
0.100006
0.100006
0.100006
0.100006
0.100006
0.100006
0.100006
0.100006
0.100006
0.100006
0.100006
0.100007
0.100007
0.10001
0.100008
0.100041
0.100016
0.103139
0.106796
0.100724
0.104393
0.108
0.10016
0.121786
0.117615
0.112745
0.142157
0.14642
0.146856
0.144531
0.159759
0.149535
0.154514
0.203705
0.19167
0.169913
0.181285
0.457514
0.303142
0.250742
0.218631
0.736262
0.692638
0.581103
0.655642
0.960722
0.880282
0.792235
0.859278
0.950462
1.01134
0.88543
0.698841
0.848455
0.884987
0.727729
0.773415
0.808033
0.848941
0.713153
0.694148
0.794619
2.03447
3.24801
3.28607
0.17284
0.21586
0.245514
0.254209
0.248964
0.227133
0.195657
0.161907
0.130538
0.111782
0.103013
0.100499
0.100073
0.100011
0.100004
0.100004
0.100004
0.100004
0.100004
0.100004
0.100005
0.100005
0.100005
0.100005
0.100005
0.100005
0.100006
0.100006
0.100006
0.100006
0.100006
0.100006
0.100006
0.100006
0.100006
0.100006
0.100006
0.100007
0.100007
0.100009
0.100008
0.100054
0.100016
0.109534
0.103906
0.119137
0.101179
0.113051
0.121446
0.100237
0.138726
0.130624
0.16985
0.181148
0.181006
0.174318
0.178821
0.16766
0.189994
0.203838
0.192653
0.19072
0.203675
0.525488
0.361189
0.308418
0.247993
0.712532
0.619924
0.688492
1.01014
0.949467
0.859619
0.768509
0.937289
1.00468
0.702302
0.884078
0.742975
0.774269
0.81152
0.851885
0.884155
0.722638
0.700217
0.91685
2.4585
3.25196
3.31369
0.21905
0.246067
0.253981
0.245859
0.221023
0.187727
0.153516
0.122968
0.107376
0.101574
0.100316
0.100041
0.100007
0.100003
0.100003
0.100004
0.100004
0.100004
0.100004
0.100004
0.100005
0.100005
0.100005
0.100005
0.100005
0.100005
0.100006
0.100006
0.100006
0.100006
0.100006
0.100006
0.100006
0.100006
0.100006
0.100006
0.100006
0.100006
0.100007
0.100006
0.100009
0.100007
0.100059
0.100016
0.112123
0.125553
0.104745
0.144867
0.10138
0.132666
0.148077
0.100245
0.101467
0.162755
0.217005
0.230144
0.224814
0.210633
0.224072
0.209295
0.2457
0.226702
0.21456
0.241973
0.258789
0.609126
0.481688
0.444796
0.32984
0.654303
0.766351
1.00482
0.939647
0.844463
1.00074
0.708072
0.771625
0.813285
0.853191
0.885125
0.728665
0.714998
1.06057
2.82627
3.2546
3.33073
0.247486
0.253891
0.244092
0.21771
0.184271
0.15037
0.11969
0.105436
0.101
0.100172
0.100023
0.100005
0.100003
0.100003
0.100003
0.100004
0.100004
0.100004
0.100004
0.100004
0.100005
0.100005
0.100005
0.100006
0.100005
0.100006
0.100006
0.100006
0.100006
0.100006
0.100006
0.100006
0.100006
0.100006
0.100006
0.100006
0.100006
0.100007
0.100006
0.100008
0.100007
0.100055
0.100016
0.131018
0.113919
0.15638
0.104918
0.187065
0.167861
0.190834
0.100199
0.101463
0.101363
0.277156
0.284506
0.270846
0.247636
0.29402
0.272014
0.315333
0.289168
0.271445
0.321893
0.343861
0.66423
0.636725
0.639219
0.466851
0.760066
0.846113
1.00246
0.934129
0.710203
0.811439
0.778503
0.854733
0.886295
0.72993
0.735903
1.27948
3.04434
3.25723
3.34996
0.25405
0.243318
0.216824
0.183956
0.150149
0.11889
0.104601
0.100838
0.100117
0.100016
0.100004
0.100003
0.100003
0.100003
0.100003
0.100004
0.100004
0.100004
0.100004
0.100004
0.100005
0.100005
0.100005
0.100006
0.100006
0.100006
0.100005
0.100006
0.100006
0.100006
0.100006
0.100006
0.100006
0.100006
0.100006
0.100006
0.100006
0.100006
0.100007
0.100006
0.100008
0.100007
0.100037
0.100013
0.165268
0.134161
0.114216
0.203168
0.104832
0.243116
0.218792
0.100105
0.101132
0.100827
0.104329
0.339839
0.336428
0.312869
0.280545
0.382352
0.350245
0.385798
0.392782
0.361713
0.420444
0.4471
0.772024
0.696879
0.729355
0.649487
0.843253
0.936342
1.00307
0.712569
0.853704
0.817321
0.777477
0.887942
0.733063
0.783093
1.55842
3.21719
3.25846
3.35607
0.242617
0.216929
0.184586
0.15103
0.11888
0.104354
0.100698
0.100097
0.100015
0.100003
0.100003
0.100003
0.100003
0.100003
0.100003
0.100004
0.100004
0.100004
0.100004
0.100004
0.100005
0.100005
0.100005
0.100006
0.100006
0.100006
0.100006
0.100006
0.100005
0.100006
0.100006
0.100006
0.100006
0.100006
0.100006
0.100006
0.100006
0.100006
0.100007
0.100006
0.100007
0.100007
0.100021
0.10001
0.214173
0.169158
0.134528
0.113809
0.26144
0.30652
0.100051
0.100535
0.10028
0.103503
0.102523
0.11216
0.395443
0.379904
0.346942
0.470349
0.428793
0.446215
0.526847
0.473465
0.515171
0.54465
0.85132
0.789468
0.719357
0.754063
0.747458
0.937747
1.00582
0.715958
0.887891
0.858283
0.816708
0.780983
0.73357
0.867858
1.87935
3.27878
3.26209
3.38015
0.217121
0.186005
0.152588
0.119209
0.104208
0.100615
0.10008
0.100014
0.100003
0.100002
0.100002
0.100003
0.100003
0.100003
0.100003
0.100004
0.100004
0.100004
0.100004
0.100004
0.100005
0.100005
0.100005
0.100006
0.100006
0.100006
0.100006
0.100006
0.100006
0.100006
0.100005
0.100006
0.100006
0.100006
0.100006
0.100006
0.100006
0.100006
0.100006
0.100006
0.100006
0.100007
0.100007
0.100014
0.100009
0.271377
0.217163
0.169095
0.132907
0.324375
0.372096
0.100031
0.100147
0.100091
0.101585
0.100847
0.109688
0.106949
0.128983
0.440914
0.413385
0.544156
0.495153
0.495912
0.670837
0.586176
0.59356
0.628741
0.94407
0.869448
0.80845
0.779946
0.837438
0.788625
1.0089
0.726586
0.891443
0.858373
0.820962
0.780202
0.735605
0.981583
2.21199
3.35202
3.26534
3.39838
0.186344
0.15322
0.11927
0.104036
0.10057
0.100086
0.100013
0.100003
0.100002
0.100002
0.100002
0.100003
0.100003
0.100003
0.100003
0.100004
0.100004
0.100004
0.100004
0.100004
0.100005
0.100005
0.100005
0.100006
0.100006
0.100006
0.100006
0.100006
0.100006
0.100006
0.100006
0.100005
0.100006
0.100006
0.100006
0.100006
0.100006
0.100006
0.100006
0.100006
0.100007
0.100007
0.100011
0.100008
0.33158
0.272587
0.215877
0.165273
0.388079
0.437398
0.100019
0.100065
0.10005
0.100371
0.100183
0.104336
0.10233
0.123128
0.116687
0.157175
0.47524
0.603064
0.549782
0.533734
0.758619
0.691649
0.654313
0.698523
1.01677
0.95272
0.885517
0.850253
0.90018
0.802039
0.748738
0.892332
0.863047
0.820589
0.78605
0.738862
1.13662
2.48604
3.3752
3.27877
3.43586
0.151925
0.119043
0.103795
0.100529
0.100086
0.10001
0.100002
0.100002
0.100002
0.100002
0.100002
0.100003
0.100003
0.100003
0.100003
0.100004
0.100004
0.100004
0.100004
0.100004
0.100005
0.100005
0.100005
0.100006
0.100006
0.100006
0.100006
0.100006
0.100006
0.100006
0.100006
0.100006
0.100006
0.100005
0.100006
0.100006
0.100006
0.100006
0.100006
0.100006
0.100006
0.100007
0.100007
0.100009
0.100007
0.393134
0.331484
0.26913
0.208378
0.452233
0.500345
0.100013
0.100039
0.100033
0.100101
0.100066
0.101002
0.100445
0.110613
0.10576
0.146296
0.133999
0.194815
0.649487
0.591873
0.562676
0.803437
0.764426
0.702732
0.754008
1.02066
0.961328
0.909655
0.866627
0.968072
0.816633
0.797702
0.896712
0.864161
0.82541
0.78757
0.743579
1.30749
2.68094
3.38659
3.34313
3.52144
0.116893
0.103486
0.100488
0.10008
0.100008
0.100002
0.100002
0.100002
0.100002
0.100002
0.100002
0.100003
0.100003
0.100003
0.100003
0.100003
0.100004
0.100004
0.100004
0.100004
0.100005
0.100005
0.100005
0.100006
0.100006
0.100006
0.100006
0.100006
0.100006
0.100006
0.100006
0.100006
0.100006
0.100006
0.100006
0.100005
0.100006
0.100006
0.100006
0.100006
0.100006
0.100007
0.100007
0.100008
0.100007
0.457458
0.392016
0.323141
0.255778
0.517186
0.100027
0.10001
0.100044
0.100033
0.10021
0.10012
0.102529
0.101065
0.122272
0.112592
0.177497
0.158282
0.236754
0.686028
0.624954
0.583566
0.81917
0.805547
0.739741
0.789815
1.02374
0.972642
0.920219
0.877133
1.0266
0.871856
0.898644
0.866576
0.828342
0.784056
0.749889
0.758167
1.48494
2.69909
3.33308
2.4329
2.89769
0.102587
0.100436
0.100066
0.100006
0.100001
0.100001
0.100001
0.100002
0.100002
0.100002
0.100002
0.100003
0.100003
0.100003
0.100003
0.100003
0.100004
0.100004
0.100004
0.100004
0.100005
0.100005
0.100005
0.100006
0.100006
0.100006
0.100006
0.100006
0.100006
0.100006
0.100006
0.100006
0.100006
0.100006
0.100006
0.100006
0.100005
0.100006
0.100006
0.100006
0.100006
0.100007
0.100007
0.100007
0.100007
0.525566
0.457038
0.381417
0.305648
0.10004
0.100015
0.100031
0.100008
0.100082
0.100056
0.100457
0.100225
0.105747
0.102371
0.139413
0.123459
0.212447
0.1859
0.280235
0.714336
0.649947
0.596639
0.826872
0.822417
0.766932
0.810982
1.02825
0.9775
0.925935
0.884578
0.946033
0.900368
0.87138
0.825761
0.790577
0.755589
0.777491
1.5887
2.65988
3.26906
0.118724
1.09682
0.100319
0.100053
0.100005
0.100001
0.100001
0.100001
0.100001
0.100002
0.100002
0.100002
0.100002
0.100003
0.100003
0.100003
0.100003
0.100003
0.100004
0.100004
0.100004
0.100004
0.100005
0.100005
0.100005
0.100006
0.100006
0.100006
0.100006
0.100006
0.100006
0.100006
0.100006
0.100006
0.100006
0.100006
0.100006
0.100006
0.100006
0.100006
0.100005
0.100006
0.100006
0.100007
0.100007
0.100007
0.100007
0.526443
0.448405
0.360714
0.100071
0.100012
0.10002
0.100024
0.100055
0.100008
0.100133
0.100095
0.100969
0.100427
0.111533
0.104764
0.159739
0.137111
0.249307
0.214982
0.330445
0.73491
0.667472
0.600653
0.833753
0.828354
0.785282
0.819273
1.02956
0.979856
0.930086
0.88823
1.01949
0.90535
0.87059
0.834136
0.79466
0.761016
0.805998
1.68668
2.55662
2.93987
0.104549
0.401552
0.100028
0.100004
0.100001
0.100001
0.100001
0.100001
0.100001
0.100002
0.100002
0.100002
0.100002
0.100003
0.100003
0.100003
0.100003
0.100003
0.100004
0.100004
0.100004
0.100004
0.100005
0.100005
0.100005
0.100006
0.100006
0.100006
0.100006
0.100006
0.100006
0.100006
0.100006
0.100006
0.100006
0.100006
0.100006
0.100006
0.100006
0.100007
0.100007
0.100005
0.100007
0.100007
0.100007
0.100007
0.100007
0.523013
0.429316
0.100113
0.100017
0.100009
0.100015
0.10003
0.100041
0.100093
0.100007
0.100221
0.100143
0.101972
0.100826
0.119558
0.108382
0.181408
0.151923
0.292684
0.250002
0.399101
0.748777
0.677276
0.600139
0.836957
0.834263
0.795653
0.822733
1.03004
0.981067
0.932284
0.888468
1.09073
0.905975
0.876118
0.834764
0.796718
0.767123
0.842774
1.74713
2.502
2.19134
0.101729
0.193412
0.100002
0.100001
0.100001
0.100001
0.100001
0.100001
0.100001
0.100002
0.100002
0.100002
0.100002
0.100003
0.100003
0.100003
0.100003
0.100003
0.100004
0.100004
0.100004
0.100004
0.100005
0.100005
0.100005
0.100006
0.100006
0.100006
0.100006
0.100006
0.100006
0.100006
0.100006
0.100006
0.100006
0.100006
0.100006
0.100006
0.100006
0.100007
0.100007
0.100007
0.100007
0.100005
0.100007
0.100007
0.100007
0.507284
0.100171
0.100022
0.100008
0.100014
0.100017
0.100068
0.100081
0.100144
0.100007
0.100395
0.100234
0.103567
0.101518
0.128678
0.113172
0.207092
0.16906
0.357384
0.306812
0.482396
0.754638
0.679845
0.592169
0.842873
0.800016
0.824453
1.02965
0.981701
0.93202
0.89266
1.19262
0.909824
0.878294
0.838441
0.803598
0.776573
0.899066
1.8175
2.40877
1.08689
0.100161
0.109523
0.1
0.1
0.100001
0.100001
0.100001
0.100001
0.100001
0.100002
0.100002
0.100002
0.100002
0.100003
0.100003
0.100003
0.100003
0.100003
0.100004
0.100004
0.100004
0.100004
0.100005
0.100005
0.100005
0.100006
0.100006
0.100006
0.100006
0.100006
0.100006
0.100006
0.100006
0.100006
0.100006
0.100007
0.100007
0.100006
0.100007
0.100007
0.100007
0.100007
0.100007
0.100007
0.100005
0.100007
0.100372
0.10005
0.10001
0.100007
0.100027
0.100018
0.100036
0.100106
0.100126
0.100324
0.100007
0.100755
0.100478
0.105797
0.102681
0.13914
0.118926
0.251135
0.199615
0.445064
0.396709
0.574538
0.7562
0.678948
0.843772
0.801437
0.824997
1.02902
0.980866
0.932543
0.891162
1.28904
0.912136
0.880397
0.83925
0.807253
0.787356
0.989977
2.06995
2.02119
0.327627
0.10003
0.100996
0.1
0.1
0.100001
0.100001
0.100001
0.100001
0.100001
0.100002
0.100002
0.100002
0.100002
0.100003
0.100003
0.100003
0.100003
0.100003
0.100004
0.100004
0.100004
0.100004
0.100005
0.100005
0.100005
0.100006
0.100007
0.100007
0.100006
0.100007
0.100007
0.100006
0.100007
0.100007
0.100006
0.100007
0.100007
0.100007
0.100007
0.100006
0.100007
0.100007
0.100007
0.100007
0.100007
0.100005
0.101102
0.100096
0.100008
0.100015
0.100013
0.100007
0.100064
0.100037
0.100078
0.100228
0.100286
0.101053
0.100007
0.10157
0.101205
0.109178
0.105059
0.158729
0.13106
0.338588
0.27604
0.545991
0.507307
0.670416
0.755276
0.844633
0.801498
0.824692
1.0281
0.979805
0.931445
0.889946
1.44324
0.913744
0.882236
0.843098
0.7872
0.810003
0.826903
1.08768
2.03816
0.978528
0.131596
0.100014
0.100136
0.1
0.1
0.100001
0.100001
0.100001
0.100001
0.100001
0.100002
0.100002
0.100002
0.100002
0.100003
0.100003
0.100003
0.100003
0.100003
0.100004
0.100004
0.100004
0.100004
0.100005
0.100005
0.100005
0.100007
0.100006
0.100007
0.100007
0.100006
0.100007
0.100007
0.100006
0.100007
0.100007
0.100006
0.100007
0.100007
0.100007
0.100007
0.100006
0.100007
0.100007
0.100007
0.100007
0.100005
0.10354
0.10016
0.100012
0.100007
0.100028
0.100016
0.100007
0.100094
0.100079
0.10012
0.100751
0.100954
0.103512
0.100007
0.103804
0.103526
0.118001
0.112474
0.21789
0.172608
0.457377
0.399463
0.652525
0.626459
0.748068
0.844631
0.799317
0.82273
1.02661
0.978136
0.9299
0.888022
1.79806
0.915751
0.88366
0.843789
0.794998
0.814114
0.887593
1.28542
1.76658
0.411736
0.104396
0.100012
0.100029
0.1
0.1
0.100001
0.100001
0.100001
0.100001
0.100001
0.100002
0.100002
0.100002
0.100002
0.100003
0.100003
0.100003
0.100003
0.100003
0.100004
0.100004
0.100004
0.100004
0.100005
0.100005
0.100005
0.100007
0.100007
0.100007
0.100006
0.100007
0.100007
0.100006
0.100007
0.100007
0.100006
0.100007
0.100007
0.100006
0.100007
0.100007
0.100007
0.100007
0.100006
0.100007
0.100007
0.100007
0.100005
0.11124
0.100519
0.100008
0.100013
0.100026
0.100007
0.100064
0.100035
0.100007
0.100187
0.10012
0.100308
0.102579
0.103205
0.111
0.111203
0.111116
0.147729
0.136767
0.337201
0.278847
0.590739
0.547211
0.735667
0.841522
0.794591
0.820645
1.02432
0.976317
0.928203
0.885939
1.77584
0.916091
0.883957
0.845143
0.807147
0.806511
0.815951
0.979478
1.60119
1.04088
0.17259
0.100583
0.100011
0.100014
0.1
0.1
0.100001
0.100001
0.100001
0.100001
0.100001
0.100002
0.100002
0.100002
0.100002
0.100003
0.100003
0.100003
0.100003
0.100003
0.100004
0.100004
0.100004
0.100004
0.100005
0.100005
0.100005
0.100007
0.100007
0.100007
0.100007
0.100006
0.100007
0.100007
0.100006
0.100007
0.100007
0.100006
0.100007
0.100007
0.100006
0.100007
0.100007
0.100007
0.100007
0.100006
0.100007
0.100007
0.100007
0.100005
0.131243
0.10182
0.10001
0.100008
0.100009
0.100027
0.100055
0.100007
0.100097
0.100074
0.100577
0.100289
0.101076
0.108234
0.110006
0.129796
0.133425
0.132071
0.231538
0.201407
0.495587
0.439577
0.71783
0.694504
0.839152
0.788599
0.817622
1.02196
0.974302
0.926123
0.884184
1.59484
0.916532
0.884133
0.845327
0.844065
0.80952
0.819725
1.19438
1.58836
0.49837
0.112689
0.100086
0.100011
0.100012
0.1
0.1
0.100001
0.100001
0.100001
0.100001
0.100001
0.100002
0.100002
0.100002
0.100002
0.100003
0.100003
0.100003
0.100003
0.100003
0.100004
0.100004
0.100004
0.100004
0.100005
0.100005
0.100005
0.100007
0.100007
0.100007
0.100007
0.100007
0.100007
0.100006
0.100007
0.100007
0.100006
0.100007
0.100007
0.100006
0.100007
0.100007
0.100006
0.100007
0.100007
0.100007
0.100007
0.100006
0.100007
0.100007
0.100007
0.100005
0.172891
0.10606
0.100015
0.100007
0.100008
0.100012
0.100065
0.100082
0.100168
0.100105
0.102005
0.100939
0.103743
0.12271
0.127
0.167986
0.186159
0.178034
0.382458
0.331934
0.664074
0.626286
0.781161
0.836238
0.815206
1.01969
0.972053
0.924178
0.881987
1.09065
0.916315
0.883625
0.846029
0.922215
0.823914
0.822639
0.821429
1.45626
1.468
0.215757
0.101758
0.100021
0.100011
0.100011
0.1
0.1
0.100001
0.100001
0.100001
0.100001
0.100001
0.100002
0.100002
0.100002
0.100002
0.100003
0.100003
0.100003
0.100003
0.100003
0.100004
0.100004
0.100004
0.100004
0.100005
0.100005
0.100005
0.100007
0.100007
0.100007
0.100007
0.100007
0.100007
0.100007
0.100006
0.100007
0.100007
0.100006
0.100007
0.100007
0.100006
0.100007
0.100007
0.100006
0.100007
0.100007
0.100007
0.100007
0.100006
0.100007
0.100007
0.100007
0.100005
0.250213
0.117663
0.10003
0.100008
0.100011
0.100009
0.10002
0.100093
0.100136
0.100494
0.100228
0.1066
0.103158
0.111755
0.1531
0.161836
0.236395
0.293461
0.267586
0.579239
0.523995
0.772029
0.759739
0.833952
0.813049
1.01752
0.969772
0.921592
0.880489
0.559118
0.916115
0.883018
0.845741
1.12311
0.891785
0.824188
0.822884
1.45222
1.104
0.123458
0.100234
0.100012
0.100011
0.100011
0.1
0.1
0.100001
0.100001
0.100001
0.100001
0.100001
0.100002
0.100002
0.100002
0.100002
0.100003
0.100003
0.100003
0.100003
0.100003
0.100004
0.100004
0.100004
0.100004
0.100005
0.100005
0.100005
0.100007
0.100007
0.100007
0.100007
0.100007
0.100007
0.100007
0.100007
0.100007
0.100006
0.100007
0.100007
0.100006
0.100007
0.100007
0.100006
0.100007
0.100007
0.100006
0.100007
0.100007
0.100007
0.100007
0.100006
0.100007
0.100007
0.100007
0.100005
0.378385
0.143189
0.10006
0.100008
0.100008
0.100019
0.100011
0.100045
0.100144
0.100308
0.101484
0.100639
0.119217
0.110118
0.13128
0.208235
0.224047
0.345727
0.465925
0.418369
0.742472
0.717006
0.810844
0.830327
1.01538
0.967087
0.919563
0.877522
0.251307
0.915304
0.882104
0.845976
1.34005
1.05776
0.872544
0.817063
0.825273
1.36715
0.581589
0.103609
0.100039
0.100011
0.100011
0.100011
0.1
0.1
0.100001
0.100001
0.100001
0.100001
0.100001
0.100002
0.100002
0.100002
0.100002
0.100003
0.100003
0.100003
0.100003
0.100003
0.100004
0.100004
0.100004
0.100004
0.100005
0.100005
0.100005
0.100007
0.100007
0.100007
0.100007
0.100007
0.100007
0.100007
0.100007
0.100007
0.100007
0.100006
0.100007
0.100007
0.100006
0.100007
0.100007
0.100006
0.100007
0.100007
0.100006
0.100007
0.100007
0.100007
0.100007
0.100006
0.100007
0.100007
0.100008
0.100005
0.564483
0.190705
0.100085
0.100009
0.100008
0.100044
0.10002
0.100067
0.1004
0.100866
0.104473
0.101866
0.147458
0.128411
0.170574
0.294795
0.321146
0.505884
0.678042
0.621079
0.807147
0.800557
0.82866
1.01294
0.964638
0.917377
0.877261
0.13434
0.91453
0.881297
0.845443
1.34723
1.25269
1.03613
0.876944
0.83112
0.833445
1.0841
0.269178
0.10049
0.100015
0.100011
0.100011
0.100011
0.1
0.1
0.100001
0.100001
0.100001
0.100001
0.100001
0.100002
0.100002
0.100002
0.100002
0.100003
0.100003
0.100003
0.100003
0.100003
0.100004
0.100004
0.100004
0.100004
0.100005
0.100005
0.100005
0.100008
0.100007
0.100007
0.100007
0.100007
0.100007
0.100007
0.100007
0.100007
0.100007
0.100007
0.100006
0.100007
0.100007
0.100006
0.100007
0.100007
0.100006
0.100007
0.100007
0.100006
0.100007
0.100007
0.100008
0.100008
0.100006
0.100008
0.100008
0.100008
0.100008
0.100005
0.742719
0.266476
0.100163
0.100012
0.100009
0.100063
0.100047
0.100091
0.100981
0.102286
0.112546
0.105332
0.199654
0.166909
0.236804
0.417313
0.459583
0.704518
0.789109
0.769344
0.826675
0.826155
1.01032
0.962172
0.915606
0.875786
0.105753
0.913255
0.879731
0.845747
1.27925
1.26211
1.19262
1.02622
0.878322
0.863395
0.833623
0.57945
0.140619
0.100072
0.100012
0.100011
0.100011
0.100011
0.1
0.1
0.100001
0.100001
0.100001
0.100001
0.100001
0.100002
0.100002
0.100002
0.100002
0.100003
0.100003
0.100003
0.100003
0.100003
0.100004
0.100004
0.100004
0.100004
0.100005
0.100005
0.100005
0.100008
0.100008
0.100008
0.100008
0.100007
0.100007
0.100008
0.100007
0.100008
0.100008
0.100007
0.100008
0.100008
0.100006
0.100008
0.100008
0.100006
0.100008
0.100008
0.100006
0.100008
0.100008
0.100006
0.100008
0.100008
0.100008
0.100008
0.100006
0.100008
0.100008
0.100008
0.100009
0.100005
0.810851
0.372822
0.100383
0.10002
0.100011
0.100083
0.100063
0.100187
0.102462
0.105977
0.13371
0.114619
0.280246
0.231646
0.3323
0.581309
0.640567
0.801563
0.824822
0.819912
0.875343
1.00821
0.959686
0.913898
0.100803
0.911567
0.878108
0.844917
1.04161
1.20242
1.19117
1.13906
0.998862
0.863977
0.83814
0.272095
0.107183
0.100019
0.100011
0.100011
0.100011
0.100011
0.1
0.1
0.100001
0.100001
0.100001
0.100001
0.100001
0.100002
0.100002
0.100002
0.100002
0.100003
0.100003
0.100003
0.100003
0.100003
0.100004
0.100004
0.100004
0.100004
0.100005
0.100005
0.100005
0.100008
0.100008
0.100008
0.100008
0.100008
0.100007
0.100007
0.100008
0.100007
0.100008
0.100008
0.100007
0.100008
0.100008
0.100006
0.100008
0.100008
0.100006
0.100008
0.100008
0.100006
0.100008
0.100008
0.100006
0.100008
0.100008
0.100008
0.100008
0.100006
0.100008
0.100008
0.100008
0.100008
0.100011
0.100005
0.832508
0.514073
0.100959
0.100045
0.100019
0.100161
0.10008
0.100407
0.106076
0.115304
0.178873
0.137814
0.390036
0.325601
0.458978
0.746252
0.778258
0.832107
0.837999
0.833232
0.912353
0.871527
1.00531
0.95729
0.100114
0.909833
0.876326
0.845312
0.560045
0.9806
1.13508
1.13073
1.09085
0.962499
0.878922
0.839669
0.142391
0.101062
0.100012
0.100011
0.100011
0.100011
0.100011
0.1
0.1
0.100001
0.100001
0.100001
0.100001
0.100001
0.100002
0.100002
0.100002
0.100002
0.100003
0.100003
0.100003
0.100003
0.100003
0.100004
0.100004
0.100004
0.100004
0.100005
0.100005
0.100005
0.100008
0.100008
0.100008
0.100008
0.100008
0.100008
0.100007
0.100007
0.100008
0.100007
0.100008
0.100008
0.100007
0.100008
0.100008
0.100006
0.100008
0.100008
0.100006
0.100008
0.100008
0.100006
0.100008
0.100008
0.100006
0.100008
0.100008
0.100008
0.100008
0.100006
0.100008
0.100008
0.100008
0.100008
0.10001
0.100017
0.100005
0.878036
0.690555
0.102456
0.100063
0.100042
0.100386
0.100148
0.100977
0.114803
0.137499
0.25204
0.187536
0.533679
0.450221
0.619329
0.815247
0.827576
0.841838
0.876492
0.954743
0.906174
1.00271
0.100024
0.908019
0.874633
0.844206
0.263804
0.516277
0.915196
1.0741
1.0763
1.04772
0.95352
0.927503
0.840648
0.107674
0.100153
0.100011
0.100011
0.100011
0.100011
0.100011
0.1
0.1
0.100001
0.100001
0.100001
0.100001
0.100001
0.100002
0.100002
0.100002
0.100002
0.100003
0.100003
0.100003
0.100003
0.100003
0.100004
0.100004
0.100004
0.100004
0.100005
0.100005
0.100005
0.100008
0.100008
0.100008
0.100008
0.100008
0.100008
0.100008
0.100007
0.100007
0.100008
0.100007
0.100008
0.100008
0.100007
0.100008
0.100008
0.100006
0.100008
0.100008
0.100006
0.100008
0.100008
0.100006
0.100008
0.100008
0.100006
0.100008
0.100008
0.100008
0.100008
0.100008
0.100008
0.100006
0.100009
0.100008
0.100008
0.100014
0.100038
0.100005
0.908881
0.874357
0.79683
0.106161
0.100078
0.100057
0.100974
0.10036
0.102516
0.135118
0.187549
0.355889
0.265337
0.708961
0.610417
0.763952
0.839573
0.839414
0.909923
0.999462
0.951895
0.100013
0.906109
0.872605
0.843751
0.140131
0.242301
0.46511
0.845618
1.01401
1.02751
1.00853
0.866782
0.988399
0.841985
0.101164
0.100029
0.100011
0.100011
0.100011
0.100011
0.1
0.1
0.100001
0.100001
0.100001
0.100001
0.100001
0.100002
0.100002
0.100002
0.100002
0.100003
0.100003
0.100003
0.100003
0.100003
0.100004
0.100004
0.100004
0.100004
0.100005
0.100005
0.100005
0.100008
0.100008
0.100008
0.100008
0.100008
0.100008
0.100008
0.100008
0.100008
0.100008
0.100007
0.100007
0.100008
0.100007
0.100008
0.100008
0.100007
0.100008
0.100008
0.100006
0.100008
0.100008
0.100006
0.100008
0.100008
0.100006
0.100008
0.100008
0.100006
0.100008
0.100008
0.100008
0.100008
0.100008
0.100008
0.100006
0.100012
0.100009
0.100008
0.100024
0.100061
0.100005
0.948175
0.90666
0.880055
0.835568
0.11475
0.100152
0.100076
0.102597
0.100951
0.106349
0.176906
0.272058
0.497195
0.375684
0.802441
0.75964
0.822658
0.847125
0.950463
0.996671
0.100011
0.903887
0.870649
0.84448
0.107304
0.134264
0.217771
0.415505
0.7662
0.940312
0.984771
0.937491
0.984604
0.878787
0.837514
0.100172
0.100013
0.100011
0.100011
0.100011
0.100011
0.100011
0.1
0.1
0.100001
0.100001
0.100001
0.100001
0.100001
0.100002
0.100002
0.100002
0.100002
0.100003
0.100003
0.100003
0.100003
0.100003
0.100004
0.100004
0.100004
0.100004
0.100005
0.100005
0.100005
0.100008
0.100008
0.100008
0.100008
0.100009
0.100009
0.100008
0.100008
0.100008
0.100008
0.100007
0.100007
0.100008
0.100007
0.100008
0.100008
0.100007
0.100008
0.100008
0.100006
0.100008
0.100008
0.100006
0.100008
0.100008
0.100006
0.100008
0.100008
0.100006
0.100008
0.100008
0.100008
0.100008
0.100008
0.100008
0.100008
0.100008
0.100006
0.100021
0.100011
0.100009
0.100055
0.100081
0.100005
0.990381
0.945603
0.907848
0.878503
0.844353
0.133823
0.100363
0.100144
0.106528
0.102529
0.114856
0.258905
0.392603
0.675639
0.527624
0.839894
0.823954
0.844302
0.993969
0.100011
0.901694
0.870206
0.84031
0.101122
0.106365
0.127657
0.195692
0.365498
0.662225
0.867263
0.974172
0.949001
0.922643
0.906067
0.835297
0.100032
0.100011
0.100011
0.100011
0.100011
0.100011
0.100011
0.100011
0.1
0.1
0.100001
0.100001
0.100001
0.100001
0.100001
0.100002
0.100002
0.100002
0.100002
0.100003
0.100003
0.100003
0.100003
0.100004
0.100004
0.100004
0.100004
0.100004
0.100005
0.100005
0.100005
0.100009
0.100008
0.100008
0.100008
0.100008
0.100009
0.100009
0.100009
0.100008
0.100008
0.100008
0.100007
0.100007
0.100008
0.100007
0.100008
0.100008
0.100007
0.100008
0.100008
0.100006
0.100008
0.100008
0.100006
0.100008
0.100008
0.100006
0.100008
0.100008
0.100006
0.100008
0.100008
0.100009
0.100008
0.100008
0.100008
0.100008
0.100006
0.100046
0.100016
0.100012
0.100071
0.100122
0.100005
0.98783
0.943129
0.906168
0.882142
0.172731
0.100937
0.100317
0.11522
0.106602
0.133034
0.390359
0.551747
0.7894
0.71221
0.848218
0.847976
0.851004
0.100011
0.90009
0.865807
0.838462
0.100171
0.101028
0.105198
0.121732
0.176657
0.307343
0.550381
0.957848
0.796482
0.948218
0.856248
0.939558
0.835243
0.100014
0.100011
0.100011
0.100011
0.100011
0.100011
0.100011
0.100011
0.1
0.1
0.100001
0.100001
0.100001
0.100001
0.100001
0.100002
0.100002
0.100002
0.100002
0.100003
0.100003
0.100003
0.100003
0.100004
0.100004
0.100004
0.100004
0.100004
0.100005
0.100005
0.100005
0.100009
0.100009
0.100009
0.100008
0.100008
0.100008
0.100009
0.100009
0.100009
0.100008
0.100008
0.100008
0.100007
0.100007
0.100008
0.100007
0.100008
0.100008
0.100007
0.100008
0.100008
0.100006
0.100008
0.100008
0.100006
0.100008
0.100008
0.100006
0.100008
0.100008
0.100006
0.100008
0.100008
0.10001
0.100009
0.100008
0.100008
0.100008
0.100006
0.100066
0.100033
0.100018
0.100105
0.100297
0.100005
0.983349
0.940287
0.905558
0.879859
0.244532
0.102592
0.100859
0.133211
0.115527
0.170233
0.562788
0.725521
0.836101
0.805836
0.883039
0.853651
0.100011
0.897199
0.863476
0.836078
0.100033
0.100163
0.100872
0.104073
0.11682
0.157303
0.256972
0.903773
0.446635
0.928435
0.905283
0.928813
0.861413
0.829702
0.100011
0.100011
0.100011
0.100011
0.100011
0.100011
0.100011
0.100011
0.100011
0.1
0.1
0.100001
0.100001
0.100001
0.100001
0.100001
0.100002
0.100002
0.100002
0.100002
0.100003
0.100003
0.100003
0.100003
0.100004
0.100004
0.100004
0.100004
0.100004
0.100005
0.100005
0.100005
0.100009
0.100009
0.100009
0.100009
0.100009
0.100008
0.100008
0.100009
0.100009
0.100009
0.100009
0.100008
0.100008
0.100008
0.100007
0.100007
0.100009
0.100007
0.100009
0.100009
0.100007
0.100009
0.100009
0.100006
0.100009
0.100009
0.100006
0.100009
0.100009
0.100006
0.100008
0.100008
0.100006
0.100008
0.100008
0.100008
0.100008
0.100013
0.10001
0.100009
0.100008
0.100006
0.100092
0.100056
0.100035
0.100245
0.100758
0.100005
0.979842
0.936879
0.903446
0.375275
0.10675
0.102308
0.16937
0.13392
0.238044
0.732039
0.812327
0.852688
0.846264
0.880748
0.902211
0.894344
0.860678
0.835138
0.100014
0.100032
0.100143
0.100692
0.103125
0.1128
0.142667
0.711289
0.216236
0.839525
0.922804
0.897513
0.892327
0.873904
0.824215
0.100011
0.100011
0.100011
0.100011
0.100011
0.100011
0.100011
0.100011
0.100011
0.1
0.1
0.100001
0.100001
0.100001
0.100001
0.100001
0.100002
0.100002
0.100002
0.100002
0.100003
0.100003
0.100003
0.100003
0.100004
0.100004
0.100004
0.100004
0.100004
0.100005
0.100005
0.100005
0.100009
0.100009
0.100009
0.100009
0.100009
0.100009
0.100009
0.100008
0.100008
0.100009
0.100009
0.100009
0.100008
0.100008
0.100008
0.100007
0.100007
0.100009
0.100007
0.100009
0.100009
0.100007
0.100009
0.100009
0.100006
0.100009
0.100009
0.100006
0.100009
0.100009
0.100006
0.100009
0.100009
0.100006
0.100009
0.100008
0.100009
0.100009
0.100022
0.100014
0.10001
0.100009
0.100006
0.100218
0.100076
0.100049
0.100621
0.102012
0.100005
0.974722
0.933623
0.560559
0.116045
0.106019
0.234715
0.169694
0.356237
0.816533
0.851765
0.85886
0.858198
0.899934
0.882952
0.929658
0.891445
0.85906
0.827997
0.100011
0.100014
0.100029
0.100114
0.100526
0.102402
0.109072
0.364118
0.130301
0.597368
0.905594
0.764148
0.902001
0.865519
0.889114
0.824168
0.100011
0.100011
0.100011
0.100011
0.100011
0.100011
0.100011
0.100011
0.100011
0.1
0.1
0.100001
0.100001
0.100001
0.100001
0.100001
0.100002
0.100002
0.100002
0.100002
0.100003
0.100003
0.100003
0.100003
0.100004
0.100004
0.100004
0.100004
0.100004
0.100005
0.100005
0.100005
0.10001
0.100009
0.100009
0.100009
0.100009
0.100009
0.100009
0.100009
0.100009
0.100009
0.100008
0.100008
0.100009
0.100009
0.100008
0.100008
0.100008
0.100007
0.100007
0.100009
0.100007
0.100009
0.100009
0.100007
0.100009
0.100009
0.100006
0.100009
0.100009
0.100006
0.100009
0.100009
0.100006
0.100009
0.100009
0.100006
0.100009
0.100009
0.100009
0.100009
0.100009
0.100009
0.10003
0.10002
0.100012
0.100009
0.100006
0.100475
0.100132
0.100068
0.101582
0.105235
0.100005
0.970792
0.731985
0.134682
0.114811
0.344399
0.232207
0.546734
0.857263
0.863949
0.86421
0.926025
0.89816
0.88403
0.965084
0.889459
0.853989
0.82662
0.100011
0.100011
0.100013
0.100025
0.100087
0.100384
0.10159
0.182573
0.105971
0.306335
0.842613
0.468046
0.874544
0.840542
0.884821
0.875479
0.819158
0.100011
0.100011
0.100011
0.100011
0.100011
0.100011
0.100011
0.100011
0.100011
0.100011
0.1
0.1
0.100001
0.100001
0.100001
0.100001
0.100001
0.100002
0.100002
0.100002
0.100002
0.100003
0.100003
0.100003
0.100003
0.100004
0.100004
0.100004
0.100004
0.100004
0.100005
0.100005
0.100005
0.10001
0.10001
0.10001
0.10001
0.100009
0.100009
0.100009
0.100009
0.100009
0.100009
0.100009
0.100009
0.100009
0.100008
0.100008
0.100009
0.100008
0.100008
0.100008
0.100007
0.100007
0.100009
0.100007
0.100009
0.100009
0.100007
0.100009
0.100009
0.100006
0.100009
0.100009
0.100006
0.100009
0.100009
0.100006
0.100009
0.100009
0.100009
0.100006
0.100009
0.100009
0.100009
0.100009
0.100043
0.100026
0.100015
0.10001
0.100006
0.101145
0.100359
0.100164
0.103946
0.112852
0.100005
0.819894
0.168957
0.13271
0.525755
0.333039
0.727648
0.869891
0.869799
0.960728
0.921434
0.895559
0.88443
0.885023
0.850166
0.823723
0.100011
0.100011
0.100011
0.100012
0.100021
0.100063
0.100247
0.119275
0.100958
0.156343
0.645478
0.238663
0.758789
0.865791
0.873878
0.80975
0.854672
0.816995
0.100011
0.100011
0.100011
0.100011
0.100011
0.100011
0.100011
0.100011
0.100011
0.100011
0.1
0.1
0.100001
0.100001
0.100001
0.100001
0.100001
0.100002
0.100002
0.100002
0.100002
0.100003
0.100003
0.100003
0.100003
0.100004
0.100004
0.100004
0.100004
0.100004
0.100005
0.100005
0.100005
0.10001
0.10001
0.10001
0.10001
0.10001
0.10001
0.10001
0.100009
0.100009
0.100009
0.100009
0.100009
0.100009
0.100009
0.100009
0.100009
0.100008
0.100008
0.100008
0.100008
0.100008
0.100007
0.100007
0.100009
0.100007
0.100009
0.100009
0.100007
0.100009
0.100009
0.100006
0.100009
0.100009
0.100006
0.100009
0.100009
0.100006
0.100009
0.100009
0.100009
0.100009
0.100006
0.100009
0.100009
0.100009
0.100009
0.100063
0.100039
0.100017
0.100011
0.100006
0.102683
0.100769
0.100372
0.109221
0.12832
0.100005
0.862235
0.227457
0.1652
0.716865
0.494009
0.817985
0.876277
0.954345
0.916313
0.892686
0.885022
0.879629
0.848581
0.819317
0.100011
0.100011
0.100011
0.100012
0.100017
0.100041
0.103542
0.100139
0.111397
0.362206
0.1331
0.495966
0.868335
0.837509
0.610516
0.852413
0.860536
0.818628
0.100011
0.100011
0.100011
0.100011
0.100011
0.100011
0.100011
0.100011
0.100011
0.100011
0.100011
0.1
0.1
0.100001
0.100001
0.100001
0.100001
0.100001
0.100002
0.100002
0.100002
0.100002
0.100003
0.100003
0.100003
0.100003
0.100004
0.100004
0.100004
0.100004
0.100004
0.100005
0.100005
0.100005
0.10001
0.10001
0.10001
0.10001
0.10001
0.10001
0.10001
0.10001
0.10001
0.10001
0.100009
0.100009
0.100009
0.100009
0.100009
0.100009
0.100009
0.100009
0.100008
0.100008
0.100008
0.100008
0.100008
0.100007
0.100007
0.100009
0.100007
0.100009
0.100009
0.100007
0.100009
0.100009
0.100006
0.100009
0.100009
0.100006
0.100009
0.100009
0.100006
0.100009
0.100009
0.100009
0.100009
0.100009
0.100009
0.100006
0.100009
0.100009
0.100009
0.100143
0.100051
0.100021
0.100011
0.100006
0.106
0.101641
0.100821
0.120014
0.15621
0.100005
0.876596
0.317282
0.219101
0.814443
0.686661
0.862081
0.947693
0.910961
0.889635
0.884898
0.877527
0.84264
0.819135
0.100011
0.100011
0.100011
0.100011
0.100014
0.100527
0.100025
0.101769
0.183285
0.10566
0.262742
0.843051
0.696175
0.355628
0.856512
0.840246
0.842733
0.81654
0.100011
0.100011
0.100011
0.100011
0.100011
0.100011
0.100011
0.100011
0.100011
0.100011
0.100011
0.1
0.1
0.100001
0.100001
0.100001
0.100001
0.100001
0.100002
0.100002
0.100002
0.100002
0.100003
0.100003
0.100003
0.100003
0.100004
0.100004
0.100004
0.100004
0.100004
0.100005
0.100005
0.100005
0.100011
0.10001
0.10001
0.10001
0.10001
0.10001
0.10001
0.10001
0.10001
0.10001
0.10001
0.10001
0.10001
0.100009
0.100009
0.100009
0.100009
0.100009
0.100009
0.100009
0.100008
0.100008
0.100008
0.100008
0.100008
0.100007
0.100007
0.100007
0.100009
0.100009
0.100007
0.100009
0.100009
0.100006
0.100009
0.100009
0.100006
0.100009
0.100009
0.100006
0.100009
0.100009
0.100009
0.100009
0.100009
0.100009
0.100009
0.100006
0.100009
0.100009
0.100279
0.100081
0.100029
0.100013
0.100006
0.112378
0.103368
0.101659
0.139985
0.20067
0.100005
0.88095
0.455569
0.29748
0.861645
0.796615
0.881142
0.940782
0.90549
0.886052
0.884023
0.872475
0.841395
0.817508
0.100011
0.100011
0.100011
0.100011
0.10007
0.100012
0.100231
0.116264
0.100734
0.14032
0.746549
0.43725
0.18459
0.849825
0.843339
0.774851
0.849271
0.817931
0.100011
0.100011
0.100011
0.100011
0.100011
0.100011
0.100011
0.100011
0.100011
0.100011
0.100011
0.1
0.1
0.100001
0.100001
0.100001
0.100001
0.100001
0.100002
0.100002
0.100002
0.100002
0.100003
0.100003
0.100003
0.100003
0.100004
0.100004
0.100004
0.100004
0.100004
0.100005
0.100005
0.100005
0.100011
0.100011
0.10001
0.100011
0.10001
0.10001
0.10001
0.10001
0.10001
0.10001
0.10001
0.10001
0.10001
0.10001
0.10001
0.10001
0.100009
0.100009
0.100009
0.100009
0.100009
0.100009
0.100008
0.100008
0.100008
0.100008
0.100008
0.100007
0.100007
0.100007
0.100009
0.100009
0.100007
0.100009
0.100009
0.100006
0.100009
0.100009
0.100006
0.100009
0.100009
0.100006
0.100009
0.100009
0.100009
0.100009
0.100009
0.100009
0.100009
0.100009
0.100009
0.100006
0.100009
0.100549
0.100174
0.100047
0.100015
0.100006
0.123763
0.106698
0.103098
0.171957
0.264864
0.100005
0.633197
0.409838
0.881993
0.852476
0.884718
0.933607
0.899744
0.881925
0.882383
0.869727
0.838312
0.817317
0.100011
0.100011
0.100016
0.100011
0.100033
0.10226
0.10008
0.106059
0.511802
0.235583
0.115347
0.841217
0.790607
0.572298
0.849889
0.841725
0.81941
0.100011
0.100011
0.10001
0.10001
0.100011
0.100011
0.100011
0.100011
0.100011
0.100011
0.100011
0.100011
0.1
0.1
0.100001
0.100001
0.100001
0.100001
0.100001
0.100002
0.100002
0.100002
0.100002
0.100003
0.100003
0.100003
0.100003
0.100004
0.100004
0.100004
0.100004
0.100004
0.100005
0.100005
0.100005
0.100011
0.100011
0.100011
0.100011
0.10001
0.100011
0.10001
0.10001
0.10001
0.10001
0.10001
0.10001
0.10001
0.10001
0.10001
0.10001
0.10001
0.10001
0.100009
0.100009
0.100009
0.100009
0.100009
0.100008
0.100008
0.100008
0.100008
0.100008
0.100007
0.100007
0.100007
0.100009
0.100007
0.100009
0.100009
0.100006
0.100009
0.100009
0.100006
0.100009
0.100009
0.100006
0.100009
0.100009
0.100009
0.100009
0.100009
0.100009
0.10001
0.100009
0.100009
0.100009
0.100006
0.101048
0.100288
0.100066
0.100018
0.100006
0.142138
0.11228
0.105432
0.217222
0.353589
0.100005
0.755917
0.561138
0.887098
0.878875
0.887158
0.926232
0.893583
0.878373
0.880453
0.865332
0.83646
0.817783
0.10001
0.100011
0.10001
0.100012
0.100262
0.100016
0.100637
0.287614
0.13261
0.101794
0.801322
0.618821
0.335564
0.850652
0.842619
0.804337
0.821676
0.100011
0.10001
0.10001
0.10001
0.10001
0.100011
0.100011
0.10001
0.100011
0.100011
0.100011
0.100011
0.1
0.1
0.100001
0.100001
0.100001
0.100001
0.100001
0.100002
0.100002
0.100002
0.100002
0.100003
0.100003
0.100003
0.100003
0.100004
0.100004
0.100004
0.100004
0.100004
0.100005
0.100005
0.100005
0.100011
0.100011
0.100011
0.100011
0.100011
0.100011
0.100011
0.10001
0.100011
0.10001
0.10001
0.10001
0.10001
0.10001
0.10001
0.10001
0.10001
0.10001
0.10001
0.10001
0.10001
0.100009
0.100009
0.100009
0.100009
0.100008
0.100008
0.100008
0.100008
0.100008
0.100007
0.100007
0.100007
0.10001
0.100007
0.10001
0.10001
0.100006
0.10001
0.10001
0.100006
0.10001
0.10001
0.100006
0.100009
0.100009
0.100009
0.100009
0.100011
0.100009
0.10001
0.10001
0.100009
0.100009
0.100009
0.100006
0.101784
0.100473
0.100104
0.100023
0.100006
0.169179
0.121077
0.10884
0.277951
0.472144
0.100005
0.826723
0.690916
0.890253
0.886807
0.918703
0.888987
0.873524
0.876587
0.8625
0.835576
0.81881
0.10001
0.10001
0.10001
0.100033
0.100011
0.100064
0.15402
0.104351
0.100173
0.653287
0.375118
0.17746
0.852053
0.844848
0.809286
0.676742
0.824355
0.10001
0.100011
0.10001
0.10001
0.10001
0.10001
0.100011
0.100011
0.100011
0.100011
0.100011
0.100011
0.1
0.1
0.100001
0.100001
0.100001
0.100001
0.100001
0.100002
0.100002
0.100002
0.100002
0.100003
0.100003
0.100003
0.100003
0.100004
0.100004
0.100004
0.100004
0.100004
0.100005
0.100005
0.100005
0.100011
0.100011
0.100011
0.100011
0.100011
0.100011
0.100011
0.100011
0.100011
0.10001
0.100011
0.10001
0.10001
0.10001
0.10001
0.10001
0.10001
0.10001
0.10001
0.10001
0.10001
0.10001
0.100009
0.100009
0.100009
0.100009
0.100008
0.100008
0.100008
0.100008
0.100008
0.100007
0.100007
0.100007
0.100007
0.10001
0.10001
0.100006
0.10001
0.10001
0.100006
0.10001
0.10001
0.100006
0.100009
0.100009
0.100009
0.100009
0.100012
0.100028
0.10001
0.100009
0.10001
0.100009
0.100009
0.100009
0.100006
0.102885
0.100734
0.100143
0.100006
0.205005
0.133622
0.113576
0.35983
0.590928
0.100005
0.864696
0.781889
0.891497
0.891133
0.913169
0.882821
0.869354
0.87329
0.860567
0.835538
0.820397
0.10001
0.10001
0.100012
0.10001
0.100014
0.108604
0.100403
0.100023
0.405825
0.199012
0.114517
0.854109
0.846719
0.810358
0.688716
0.428119
0.827768
0.10001
0.10001
0.100011
0.10001
0.10001
0.10001
0.10001
0.10001
0.100011
0.100011
0.100011
0.100011
0.100011
0.100011
0.1
0.1
0.100001
0.100001
0.100001
0.100001
0.100001
0.100002
0.100002
0.100002
0.100002
0.100003
0.100003
0.100003
0.100003
0.100004
0.100004
0.100004
0.100004
0.100004
0.100005
0.100005
0.100005
0.100011
0.100011
0.100011
0.100011
0.100011
0.100011
0.100011
0.100011
0.100011
0.100011
0.10001
0.100011
0.10001
0.10001
0.10001
0.10001
0.10001
0.10001
0.10001
0.10001
0.10001
0.10001
0.100009
0.100009
0.100009
0.100009
0.100008
0.100008
0.100008
0.100008
0.100008
0.100007
0.100007
0.100007
0.100007
0.10001
0.10001
0.100006
0.10001
0.10001
0.100006
0.10001
0.10001
0.100006
0.100009
0.100009
0.100012
0.100009
0.100034
0.100196
0.10001
0.10001
0.10001
0.100009
0.10001
0.100009
0.100009
0.100009
0.100006
0.104352
0.101083
0.100006
0.24858
0.149798
0.119617
0.456294
0.688442
0.100005
0.881224
0.835515
0.892548
0.905783
0.878052
0.863868
0.87008
0.859558
0.836019
0.822523
0.10001
0.10001
0.10001
0.10001
0.100839
0.100038
0.100011
0.216295
0.120537
0.101594
0.856876
0.848394
0.812717
0.693844
0.439426
0.2295
0.830932
0.10001
0.10001
0.10001
0.100011
0.10001
0.10001
0.10001
0.10001
0.100011
0.100011
0.100011
0.100011
0.100011
0.100011
0.1
0.1
0.100001
0.100001
0.100001
0.100001
0.100001
0.100002
0.100002
0.100002
0.100002
0.100003
0.100003
0.100003
0.100003
0.100004
0.100004
0.100004
0.100004
0.100004
0.100005
0.100005
0.100005
0.100011
0.100011
0.100011
0.100011
0.100011
0.100011
0.100011
0.100011
0.100011
0.100011
0.10001
0.100011
0.10001
0.10001
0.10001
0.10001
0.10001
0.10001
0.10001
0.10001
0.10001
0.100009
0.100009
0.100009
0.100009
0.100008
0.100008
0.100008
0.100008
0.100008
0.100007
0.100007
0.100007
0.100007
0.10001
0.100006
0.10001
0.10001
0.100006
0.10001
0.10001
0.100006
0.100009
0.100012
0.100009
0.100038
0.100259
0.101452
0.10001
0.10001
0.10001
0.10001
0.10001
0.100009
0.10001
0.100009
0.100009
0.100009
0.100006
0.106159
0.100006
0.300318
0.16931
0.126773
0.546889
0.763041
0.100005
0.887902
0.863903
0.892846
0.900418
0.871989
0.859445
0.863805
0.85952
0.836975
0.825051
0.10001
0.10001
0.100073
0.100012
0.10001
0.125269
0.102356
0.100127
0.859109
0.852249
0.813344
0.691835
0.442588
0.236326
0.129483
0.834665
0.10001
0.10001
0.10001
0.10001
0.100011
0.10001
0.10001
0.10001
0.10001
0.100011
0.100011
0.100011
0.100011
0.100011
0.100011
0.1
0.1
0.100001
0.100001
0.100001
0.100001
0.100001
0.100002
0.100002
0.100002
0.100002
0.100003
0.100003
0.100003
0.100003
0.100004
0.100004
0.100004
0.100004
0.100004
0.100005
0.100005
0.100005
0.100011
0.100011
0.100011
0.100011
0.100011
0.100011
0.100011
0.100011
0.100011
0.100011
0.10001
0.100011
0.10001
0.10001
0.10001
0.10001
0.10001
0.10001
0.10001
0.10001
0.100009
0.100009
0.100009
0.100009
0.100008
0.100008
0.100008
0.100008
0.100008
0.100007
0.100007
0.100007
0.100007
0.10001
0.100006
0.10001
0.10001
0.100006
0.10001
0.10001
0.100006
0.100012
0.100009
0.10004
0.100287
0.10187
0.108152
0.10001
0.10001
0.10001
0.10001
0.10001
0.10001
0.10001
0.100009
0.10001
0.100009
0.100009
0.100009
0.100006
0.100006
0.363324
0.191546
0.134536
0.622684
0.812159
0.100005
0.891229
0.875552
0.893464
0.867332
0.853412
0.891948
0.859805
0.859966
0.838476
0.827983
0.10001
0.100014
0.10001
0.10001
0.103013
0.100194
0.100017
0.861941
0.857392
0.813886
0.684876
0.439214
0.235114
0.130407
0.10332
0.83818
0.10001
0.10001
0.10001
0.10001
0.10001
0.10001
0.100011
0.10001
0.10001
0.100011
0.100011
0.100011
0.100011
0.100011
0.1
0.1
0.100001
0.100001
0.100001
0.100001
0.100001
0.100002
0.100002
0.100002
0.100002
0.100003
0.100003
0.100003
0.100003
0.100004
0.100004
0.100004
0.100004
0.100004
0.100005
0.100005
0.100005
0.100011
0.100011
0.100011
0.100011
0.100011
0.100011
0.100011
0.10001
0.100011
0.10001
0.10001
0.10001
0.10001
0.10001
0.10001
0.10001
0.100009
0.100009
0.100009
0.100009
0.100008
0.100008
0.100008
0.100008
0.100008
0.100007
0.100007
0.100007
0.100007
0.100006
0.10001
0.10001
0.100006
0.10001
0.10001
0.100006
0.100012
0.100041
0.100314
0.102235
0.110333
0.10001
0.10001
0.10001
0.10001
0.10001
0.10001
0.100009
0.10001
0.10001
0.10001
0.100012
0.100006
0.100006
0.423575
0.214353
0.143
0.681234
0.838722
0.100005
0.88096
0.888581
0.861534
0.848821
0.888203
0.855197
0.860932
0.840385
0.831166
0.10001
0.10001
0.10001
0.10023
0.100021
0.10001
0.867682
0.861362
0.812423
0.676664
0.4274
0.230747
0.129853
0.103216
0.100228
0.842356
0.10001
0.10001
0.10001
0.10001
0.10001
0.100011
0.10001
0.100011
0.1
0.1
0.100001
0.100001
0.100001
0.100001
0.100001
0.100002
0.100002
0.100002
0.100002
0.100003
0.100003
0.100003
0.100003
0.100004
0.100004
0.100004
0.100004
0.100004
0.100005
0.100005
0.100005
0.100011
0.100011
0.100011
0.100011
0.10001
0.100011
0.10001
0.10001
0.10001
0.10001
0.10001
0.10001
0.100009
0.100009
0.100009
0.100009
0.100008
0.100008
0.100008
0.100008
0.100008
0.100007
0.100007
0.100007
0.100007
0.100006
0.10001
0.10001
0.100006
0.100006
0.100041
0.100334
0.102555
0.112455
0.10001
0.10001
0.10001
0.10001
0.10001
0.10001
0.10001
0.10001
0.100011
0.100011
0.100037
0.100006
0.100006
0.480272
0.238864
0.151583
0.72307
0.854012
0.881557
0.882314
0.857202
0.844327
0.884691
0.850209
0.862383
0.842728
0.834729
0.10001
0.10001
0.100022
0.10001
0.10001
0.872673
0.865692
0.809103
0.665721
0.412377
0.223208
0.127997
0.103075
0.100219
0.100022
0.10001
0.10001
0.10001
0.1
0.1
0.100001
0.100001
0.100001
0.100001
0.100001
0.100002
0.100002
0.100002
0.100002
0.100003
0.100003
0.100003
0.100003
0.100004
0.100004
0.100004
0.100004
0.100004
0.100005
0.100005
0.100011
0.100011
0.100011
0.100011
0.10001
0.10001
0.10001
0.10001
0.100009
0.100009
0.100009
0.100009
0.100008
0.100008
0.100008
0.100008
0.100008
0.100007
0.100007
0.100007
0.100007
0.100006
0.100006
0.100006
0.100338
0.102762
0.114487
0.10001
0.10001
0.10001
0.10001
0.10001
0.10001
0.10001
0.10001
0.100031
0.100026
0.100314
0.100006
0.528722
0.263676
0.160422
0.755147
0.859932
0.88203
0.877986
0.853248
0.840184
0.878775
0.864317
0.845481
0.10001
0.10001
0.10001
0.10001
0.878083
0.867392
0.804854
0.651719
0.392393
0.21143
0.126708
0.102974
0.100206
0.100022
0.10001
0.1
0.1
0.100001
0.100001
0.100001
0.100001
0.100001
0.100002
0.100002
0.100002
0.100002
0.100003
0.100003
0.100003
0.100003
0.100004
0.100004
0.100004
0.100004
0.100004
0.100005
0.100011
0.100011
0.100011
0.100011
0.10001
0.10001
0.10001
0.10001
0.100009
0.100009
0.100009
0.100009
0.100008
0.100008
0.100008
0.100008
0.100008
0.100007
0.100007
0.100007
0.100007
0.100006
0.100006
0.100006
0.102895
0.116373
0.10001
0.10001
0.10001
0.10001
0.10001
0.100024
0.100022
0.100268
0.100231
0.102976
0.571932
0.289759
0.169526
0.778639
0.865703
0.874165
0.849938
0.866735
0.795347
0.632731
0.369774
0.200165
0.124324
0.102938
0.100202
0.100022
0.1
0.1
0.100001
0.100001
0.100001
0.100001
0.100001
0.100002
0.100002
0.100002
0.100002
0.100003
0.100003
0.100003
0.100003
0.100004
0.100004
0.100004
0.100004
0.100004
0.100011
0.100011
0.100011
0.100011
0.10001
0.10001
0.10001
0.10001
0.100009
0.100009
0.100009
0.100009
0.100008
0.100008
0.100008
0.100008
0.100008
0.100007
0.100007
0.100007
0.100007
0.100006
0.100006
0.11837
0.100213
0.102923
0.102869
0.120256
0.606521
0.316718
0.179128
0.870937
0.343394
0.189372
0.122054
0.1
0.1
0.100001
0.100001
0.100001
0.100001
0.100001
0.100002
0.100002
0.100002
0.100002
0.100003
0.100003
0.100003
0.100003
0.100004
0.100004
0.100004
0.100004
0.100011
0.100011
0.100011
0.100011
0.10001
0.10001
0.10001
0.10001
0.100009
0.100009
0.100009
0.100009
0.100008
0.100008
0.100008
0.100008
0.100008
0.100007
0.100007
0.100007
0.100007
0.100006
0.1
0.1
0.100001
0.100001
0.100001
0.100001
0.100001
0.100002
0.100002
0.100002
0.100002
0.100003
0.100003
0.100003
0.100003
0.100004
0.100004
0.100004
0.100011
0.100011
0.100011
0.100011
0.10001
0.10001
0.10001
0.10001
0.100009
0.100009
0.100009
0.100009
0.100008
0.100008
0.100008
0.100008
0.100008
0.100007
0.100007
0.100007
0.100007
0.1
0.1
0.100001
0.100001
0.100001
0.100001
0.100001
0.100002
0.100002
0.100002
0.100002
0.100003
0.100003
0.100003
0.100003
0.100004
0.100004
0.100011
0.100011
0.100011
0.100011
0.10001
0.10001
0.10001
0.10001
0.100009
0.100009
0.100009
0.100009
0.100008
0.100008
0.100008
0.100008
0.100008
0.100007
0.100007
0.100007
0.1
0.1
0.100001
0.100001
0.100001
0.100001
0.100001
0.100002
0.100002
0.100002
0.100002
0.100003
0.100003
0.100003
0.100003
0.100004
0.100011
0.100011
0.100011
0.100011
0.10001
0.10001
0.10001
0.10001
0.100009
0.100009
0.100009
0.100009
0.100009
0.100008
0.100008
0.100008
0.100008
0.100007
0.100007
0.1
0.1
0.100001
0.100001
0.100001
0.100001
0.100001
0.100002
0.100002
0.100002
0.100002
0.100003
0.100003
0.100003
0.100003
0.100011
0.100011
0.100011
0.100011
0.10001
0.10001
0.10001
0.10001
0.100009
0.100009
0.100009
0.100009
0.100009
0.100008
0.100008
0.100008
0.100008
0.100007
0.1
0.1
0.100001
0.100001
0.100001
0.100001
0.100001
0.100002
0.100002
0.100002
0.100002
0.100003
0.100003
0.100003
0.100011
0.100011
0.100011
0.100011
0.10001
0.10001
0.10001
0.10001
0.100009
0.100009
0.100009
0.100009
0.100009
0.100008
0.100008
0.100008
0.100008
0.1
0.1
0.100001
0.100001
0.100001
0.100001
0.100001
0.100002
0.100002
0.100002
0.100002
0.100003
0.100003
0.100011
0.100011
0.100011
0.100011
0.10001
0.10001
0.10001
0.10001
0.100009
0.100009
0.100009
0.100009
0.100009
0.100008
0.100008
0.100008
0.1
0.1
0.100001
0.100001
0.100001
0.100001
0.100001
0.100002
0.100002
0.100002
0.100002
0.100003
0.100011
0.100011
0.100011
0.100011
0.10001
0.10001
0.10001
0.10001
0.100009
0.100009
0.100009
0.100009
0.100009
0.100008
0.100008
0.1
0.1
0.100001
0.100001
0.100001
0.100001
0.100001
0.100002
0.100002
0.100002
0.100002
0.100011
0.100011
0.100011
0.100011
0.10001
0.10001
0.10001
0.10001
0.100009
0.100009
0.100009
0.100009
0.100009
0.100008
0.1
0.1
0.100001
0.100001
0.100001
0.100001
0.100001
0.100002
0.100002
0.100002
0.100011
0.100011
0.100011
0.100011
0.10001
0.10001
0.10001
0.10001
0.100009
0.100009
0.100009
0.100009
0.100009
0.1
0.1
0.100001
0.100001
0.100001
0.100001
0.100001
0.100002
0.100002
0.100011
0.100011
0.100011
0.100011
0.10001
0.10001
0.10001
0.10001
0.100009
0.100009
0.100009
0.100009
0.1
0.1
0.100001
0.100001
0.100001
0.100001
0.100001
0.100002
0.100011
0.100011
0.100011
0.100011
0.10001
0.10001
0.10001
0.10001
0.100009
0.100009
0.100009
0.1
0.1
0.100001
0.100001
0.100001
0.100001
0.100001
0.100011
0.100011
0.100011
0.100011
0.10001
0.10001
0.10001
0.10001
0.100009
0.100009
0.1
0.1
0.100001
0.100001
0.100001
0.100001
0.100011
0.100011
0.100011
0.100011
0.10001
0.10001
0.10001
0.10001
0.100009
0.1
0.1
0.100001
0.100001
0.100001
0.100011
0.100011
0.100011
0.100011
0.10001
0.10001
0.10001
0.10001
0.1
0.1
0.100001
0.100001
0.100011
0.100011
0.100011
0.100011
0.10001
0.10001
0.10001
0.1
0.1
0.100001
0.100011
0.100011
0.100011
0.100011
0.10001
0.10001
0.1
0.1
0.100011
0.100011
0.100011
0.100011
0.10001
0.1
0.100011
0.100011
0.100011
0.100011
0.100011
0.100011
0.100011
0.100011
0.100011
0.100011
)
;

boundaryField
{
    lowerOutlet
    {
        type            calculated;
        value           nonuniform List<scalar> 
144
(
0.100011
0.100011
0.100011
0.100011
0.100011
0.100011
0.100011
0.100011
0.100011
0.100011
0.100011
0.100011
0.100011
0.100011
0.100011
0.100011
0.100011
0.100011
0.100011
0.100011
0.100011
0.100011
0.100011
0.100011
0.100011
0.100011
0.100011
0.100011
0.100011
0.100011
0.100011
0.100011
0.100011
0.100011
0.100011
0.100011
0.100011
0.100011
0.100011
0.100011
0.100014
0.100059
0.1003
0.100613
0.100469
0.101501
0.100016
0.245734
2.4329
0.100161
0.100011
0.100011
0.100011
0.100011
0.100011
0.100011
0.100011
0.100011
0.100011
0.100011
0.100011
0.100011
0.100011
0.100011
0.100011
0.100011
0.100011
0.100011
0.100011
0.100011
0.100011
0.100011
0.100011
0.100011
0.100011
0.100011
0.100011
0.100011
0.100011
0.100011
0.100011
0.100011
0.100011
0.100011
0.100011
0.100011
0.100011
0.100011
0.100011
0.100011
0.100011
0.100011
0.100011
0.100011
0.100011
0.100011
0.100011
0.100012
0.100022
0.100189
0.100213
0.100227
0.104129
0.100019
0.124124
1.11628
0.101729
0.100012
0.100011
0.100011
0.100011
0.100011
0.100011
0.100011
0.100011
0.100011
0.100011
0.100011
0.101722
0.100309
0.100395
0.451722
0.118724
0.10003
0.100011
0.100011
0.100011
0.100011
0.100011
0.100162
0.104248
0.100051
0.115276
0.478778
0.104549
0.100014
0.100011
0.100011
0.100011
0.100011
0.100011
0.100011
0.100011
0.100011
)
;
    }
    top
    {
        type            calculated;
        value           nonuniform List<scalar> 
100
(
0.1
0.1
0.1
0.100001
0.100002
0.100004
0.100009
0.100017
0.100026
0.100028
0.100019
0.100009
0.100004
0.100004
0.100011
0.10004
0.100134
0.100375
0.100892
0.101741
0.102747
0.10375
0.104611
0.105275
0.105752
0.106043
0.106174
0.106079
0.106239
0.109358
0.128238
0.17284
0.21905
0.247486
0.25405
0.242617
0.217121
0.186344
0.151925
0.116893
0.102587
0.100319
0.100028
0.100002
0.1
0.1
0.1
0.1
0.1
0.1
0.1
0.1
0.1
0.1
0.1
0.1
0.1
0.1
0.1
0.1
0.1
0.1
0.1
0.1
0.1
0.1
0.1
0.1
0.1
0.1
0.1
0.1
0.1
0.1
0.1
0.1
0.1
0.1
0.1
0.1
0.1
0.1
0.1
0.1
0.1
0.1
0.1
0.1
0.1
0.1
0.1
0.1
0.1
0.1
0.1
0.1
0.1
0.1
0.1
0.1
)
;
    }
    sides
    {
        type            calculated;
        value           nonuniform List<scalar> 
100
(
0.100011
0.100011
0.100011
0.100011
0.10001
0.10001
0.10001
0.10001
0.100009
0.100009
0.100009
0.100009
0.100009
0.100008
0.100008
0.100008
0.100008
0.100007
0.100007
0.100007
0.100007
0.100006
0.100006
0.100006
0.100006
0.100006
0.100005
0.100005
0.100005
0.100005
0.100004
0.100004
0.100004
0.100004
0.100004
0.100003
0.100003
0.100003
0.100003
0.100002
0.100002
0.100002
0.100002
0.100001
0.100001
0.100001
0.100001
0.100001
0.1
0.1
0.100011
0.100011
0.100011
0.100011
0.10001
0.10001
0.10001
0.10001
0.100009
0.100009
0.100009
0.100009
0.100009
0.100008
0.100008
0.100008
0.100008
0.100007
0.100007
0.100007
0.100007
0.100006
0.100006
0.100006
0.100006
0.100006
0.100005
0.100005
0.100005
0.100005
0.100004
0.100004
0.100004
0.100004
0.100004
0.100003
0.100003
0.100003
0.100003
0.100002
0.100002
0.100002
0.100002
0.100001
0.100001
0.100001
0.100001
0.100001
0.1
0.1
)
;
    }
    front
    {
        type            empty;
    }
    back
    {
        type            empty;
    }
    roller
    {
        type            calculated;
        value           nonuniform List<scalar> 
144
(
0.916091
0.898633
0.943347
0.877527
0.882314
1.00246
1.01677
1.02902
0.990381
0.887942
0.905975
0.915751
0.884078
0.930267
0.911567
0.903887
0.901694
0.879629
1.02794
1.00074
1.0089
0.933607
0.960728
0.887361
0.88543
0.916532
0.909833
0.908019
0.90009
0.988512
0.997774
0.872475
0.870937
1.01014
1.00307
1.0281
0.886295
0.913744
0.894481
0.884987
0.916115
0.916315
0.913255
0.906849
0.913384
0.977863
1.00489
0.891445
0.889459
0.885023
1.03469
1.01629
1.01134
0.888581
0.893464
1.02825
1.02956
0.979842
0.983349
0.884155
0.887891
0.909824
1.01231
1.01696
0.8625
0.859966
0.866735
1.02437
1.02229
1.02196
1.01294
1.00271
0.896712
0.898644
0.888813
0.894344
1.02831
1.03163
0.865332
1.03477
1.04075
0.85952
1.04176
1.04155
0.864317
1.03927
0.877986
0.926232
0.954345
1.02965
1.03004
0.993969
0.98783
1.02432
1.01538
1.00531
0.885125
0.912136
0.95345
1.02391
0.860567
0.860932
1.03559
0.913169
0.905783
0.947693
1.02066
0.970792
0.974722
1.01969
1.01032
0.999462
0.891443
0.892332
0.900368
0.90535
0.89203
0.915304
0.91453
0.923703
0.906109
0.964909
0.897199
0.869727
1.03768
1.03922
0.859558
1.04217
1.0421
0.862383
0.874165
0.900418
1.00482
1.00468
0.918703
1.00582
0.940782
1.02374
1.0266
0.996671
0.965084
1.02661
1.01752
1.00821
)
;
    }
    burner
    {
        type            calculated;
        value           nonuniform List<scalar> 
16
(
2.74592
3.22752
3.25196
3.26209
3.21796
3.24801
3.25846
3.34313
3.01676
3.2361
3.2546
3.26534
3.20192
3.24297
3.25723
3.27877
)
;
    }
}


// ************************************************************************* //
