/*--------------------------------*- C++ -*----------------------------------*\
  =========                 |
  \\      /  F ield         | OpenFOAM: The Open Source CFD Toolbox
   \\    /   O peration     | Website:  https://openfoam.org
    \\  /    A nd           | Version:  dev
     \\/     M anipulation  |
\*---------------------------------------------------------------------------*/
FoamFile
{
    version     2.0;
    format      ascii;
    class       volScalarField;
    location    "2500";
    object      omega;
}
// * * * * * * * * * * * * * * * * * * * * * * * * * * * * * * * * * * * * * //

dimensions      [0 0 -1 0 0 0 0];

internalField   nonuniform List<scalar> 
9838
(
1.24805
1.26752
1.21871
1.18416
1.37054
1.10815
1.08067
1.38155
1.3122
1.03506
1.03313
1.34215
1.38582
1.182
1.01619
1.01038
1.24228
1.4103
1.32198
1.0842
1.00941
1.00022
1.12727
1.39574
1.38903
1.19217
1.04379
1.00474
0.99215
1.06175
1.34671
1.41444
1.30639
1.09874
1.02499
1.00206
0.986799
1.02243
1.2468
1.41471
1.37795
1.18204
1.05522
1.01209
1.00032
0.98381
1.00018
1.13685
1.39397
1.40683
1.28018
1.09793
1.0318
1.00399
0.998517
0.98238
0.988135
1.06604
1.33956
1.41918
1.35627
1.16457
1.05601
1.01506
0.999039
0.996644
0.983717
0.981605
1.0225
1.24193
1.41566
1.39697
1.2473
1.0898
1.03185
1.00321
0.994922
0.995545
0.985414
0.975382
0.998015
1.1335
1.39088
1.41316
1.32685
1.14223
1.05111
1.01425
0.995961
0.990699
0.994954
0.986386
0.971053
0.983154
1.06422
1.33285
1.42143
1.37754
1.21361
1.07742
1.02761
1.00075
0.990283
0.987385
0.994413
0.986173
0.96883
0.973749
1.0208
1.23721
1.41607
1.40602
1.28909
1.11894
1.04255
1.0103
0.991673
0.984553
0.985302
0.993936
0.98566
0.969654
0.967137
0.994203
1.13248
1.38969
1.41794
1.35266
1.17979
1.06258
1.02031
0.996539
0.984681
0.979676
0.983584
0.993537
0.985302
0.970689
0.961075
0.977549
1.06333
1.33137
1.42613
1.39041
1.24864
1.09625
1.03129
1.00361
0.986196
0.978108
0.976351
0.982151
0.993212
0.985362
0.970775
0.956656
0.966166
1.01908
1.23745
1.42022
1.41425
1.31554
1.14564
1.04767
1.01075
0.990281
0.978405
0.972535
0.973638
0.980978
0.992938
0.985619
0.969755
0.95393
0.958262
0.990698
1.1349
1.39372
1.42681
1.3684
1.20881
1.07306
1.0195
0.995188
0.979845
0.971419
0.968242
0.971386
0.98003
0.992709
0.985861
0.968251
0.953411
0.95193
0.972469
1.06442
1.33584
1.43428
1.40214
1.27341
1.11422
1.03166
1.00049
0.982957
0.971713
0.965402
0.964769
0.969533
0.979218
0.99252
0.9861
0.966935
0.952897
0.945877
0.960288
1.01957
1.24436
1.4278
1.42419
1.33307
1.16821
1.05234
1.00688
0.986129
0.972919
0.964464
0.960602
0.961908
0.967984
0.978541
0.992358
0.98631
0.965902
0.952127
0.940646
0.950958
0.990514
1.14808
1.4016
1.43619
1.38095
1.2297
1.08427
1.01667
0.98954
0.974666
0.964615
0.958408
0.956646
0.959484
0.966689
0.97797
0.992225
0.986443
0.965161
0.951391
0.93611
0.943387
0.971028
1.07454
1.34626
1.44255
1.41215
1.28967
1.13043
1.03177
0.994177
0.976054
0.96508
0.957502
0.953379
0.953283
0.957453
0.965591
0.977494
0.992111
0.986497
0.964639
0.950294
0.932376
0.937085
0.957031
1.02861
1.26678
1.4367
1.43255
1.34401
1.18482
1.05731
1.0009
0.977764
0.965363
0.957229
0.951485
0.949042
0.950488
0.955742
0.964682
0.977129
0.992014
0.986487
0.964255
0.949099
0.930172
0.931547
0.94642
0.996988
1.17928
1.4148
1.44284
1.38878
1.24283
1.09347
1.01257
0.980421
0.965267
0.956784
0.950503
0.946237
0.945428
0.948156
0.954342
0.963945
0.976865
0.991951
0.986397
0.963939
0.947864
0.928445
0.925768
0.937986
0.974882
1.09987
1.36818
1.45012
1.41769
1.29667
1.14096
1.03124
0.985072
0.965482
0.955788
0.949536
0.944621
0.941891
0.942437
0.946203
0.953201
0.963359
0.976703
0.991917
0.986277
0.963698
0.946626
0.926956
0.920462
0.930514
0.958979
1.04886
1.30498
1.44672
1.43803
1.34638
1.19204
1.06031
0.993341
0.966652
0.954473
0.948192
0.943249
0.939651
0.938275
0.93986
0.944587
0.952306
0.962924
0.976635
0.991935
0.986151
0.963497
0.94544
0.925566
0.915695
0.92396
0.946782
1.01372
1.22553
1.43139
1.44694
1.38976
1.24494
1.09784
1.00792
0.969713
0.953317
0.946215
0.941709
0.937949
0.935403
0.935114
0.937745
0.943348
0.951628
0.962704
0.976722
0.992043
0.986034
0.963412
0.94421
0.924177
0.911362
0.91827
0.936927
0.988419
1.14994
1.39655
1.45542
1.41858
1.29214
1.14283
1.02956
0.976064
0.953938
0.943883
0.939465
0.936189
0.93331
0.931677
0.932518
0.936091
0.942433
0.951199
0.962773
0.976982
0.992291
0.985927
0.963397
0.942956
0.922719
0.907198
0.913124
0.928927
0.969597
1.08595
1.34318
1.45421
1.43866
1.33972
1.18906
1.05944
0.986531
0.955948
0.942003
0.936772
0.933832
0.931345
0.929186
0.928583
0.930392
0.934843
0.941839
0.951136
0.963119
0.977516
0.992781
0.985857
0.963344
0.941641
0.921056
0.90337
0.90827
0.922132
0.955323
1.04329
1.28059
1.44464
1.44961
1.38002
1.23619
1.09546
1.00289
0.960065
0.942025
0.93384
0.931068
0.928989
0.927048
0.925647
0.92604
0.92875
0.934013
0.941593
0.951536
0.963883
0.97856
0.993635
0.985839
0.963239
0.94025
0.919127
0.899918
0.903882
0.916177
0.944186
1.01325
1.21084
1.42125
1.45545
1.41176
1.27938
1.13591
1.02505
0.967743
0.94303
0.931589
0.92761
0.926174
0.924739
0.923281
0.922707
0.924042
0.927583
0.933555
0.941827
0.952417
0.965186
0.980369
0.995037
0.985853
0.963117
0.938899
0.916996
0.896769
0.899977
0.911072
0.935258
0.991061
1.14671
1.37925
1.45523
1.432
1.32161
1.17732
1.05308
0.979429
0.945717
0.93061
0.924409
0.922648
0.922001
0.921022
0.920087
0.920321
0.922527
0.926881
0.933553
0.942727
0.954054
0.967604
0.983418
0.99779
0.98591
0.962913
0.937439
0.914479
0.893964
0.896383
0.906588
0.928536
0.973945
1.0934
1.32703
1.44957
1.44382
1.35956
1.21794
1.08555
0.995554
0.951208
0.931234
0.921779
0.919073
0.918629
0.918543
0.91774
0.917315
0.918484
0.92157
0.926694
0.934342
0.944663
0.956732
0.971407
0.988005
1.00018
0.99978
0.986022
0.962524
0.935808
0.911515
0.89151
0.89314
0.902585
0.923572
0.961691
1.0516
1.27015
1.43369
1.44773
1.39385
1.2569
1.12097
1.01629
0.959371
0.933121
0.920374
0.915681
0.914934
0.915452
0.915297
0.914685
0.915132
0.917233
0.921118
0.927253
0.936316
0.947647
0.961565
0.977312
0.997594
0.991607
1.00182
1.00238
0.986143
0.961871
0.933967
0.908392
0.889745
0.890408
0.899025
0.919131
0.952398
1.02281
1.21297
1.40252
1.44743
1.41476
1.29212
1.15671
1.04134
0.970892
0.93695
0.920773
0.913031
0.911163
0.91174
0.912485
0.91229
0.912278
0.913623
0.916664
0.921632
0.929101
0.939614
0.952962
0.96844
0.964115
0.986057
0.970939
0.980902
1.00109
0.996519
1.0036
1.00636
0.986264
0.960952
0.9319
0.905237
0.888451
0.888014
0.89595
0.914766
0.944398
1.00129
1.15682
1.36306
1.44326
1.4269
1.32788
1.191
1.0693
0.985654
0.94275
0.922049
0.911537
0.90792
0.907774
0.90906
0.909806
0.909791
0.910427
0.912849
0.916978
0.923148
0.932525
0.945094
0.960694
0.957125
0.967733
0.990916
0.978296
0.986667
1.00603
1.00299
1.00581
1.01177
0.986356
0.959802
0.929693
0.902477
0.88746
0.886002
0.89307
0.910636
0.937358
0.983808
1.10772
1.31747
1.43268
1.43253
1.35839
1.22347
1.09927
1.00378
0.950327
0.924639
0.911766
0.905392
0.904237
0.905312
0.90689
0.907449
0.907824
0.909428
0.912811
0.918045
0.926558
0.938185
0.953762
0.95026
0.964764
0.962268
0.975708
0.997695
0.984253
0.994245
1.01246
1.01063
1.00876
1.01857
0.98639
0.958446
0.92736
0.90013
0.886563
0.88441
0.890444
0.906361
0.931086
0.96893
1.06626
1.26869
1.41231
1.43145
1.38347
1.25506
1.12858
1.02503
0.960491
0.928527
0.912646
0.904354
0.901222
0.901625
0.903551
0.90486
0.905375
0.90634
0.909084
0.913564
0.921235
0.932665
0.947107
0.944367
0.959682
0.956857
0.972867
0.97057
0.982601
1.00604
0.992859
1.00372
1.02061
1.0196
1.01268
1.02696
0.986319
0.956893
0.9249
0.89795
0.885412
0.882943
0.888204
0.902116
0.924997
0.956306
1.0331
1.2195
1.38499
1.42792
1.39913
1.28176
1.15711
1.04846
0.973226
0.933873
0.914543
0.90457
0.899503
0.898373
0.899937
0.902213
0.903065
0.903758
0.905851
0.910074
0.91733
0.928633
0.942088
0.940668
0.954729
0.952266
0.968268
0.966461
0.981016
0.979644
0.992411
1.01623
1.00395
1.01629
1.03065
1.03016
1.01777
1.03716
0.986115
0.955103
0.92224
0.896038
0.883998
0.881734
0.886179
0.898264
0.918975
0.945294
1.00723
1.16925
1.35131
1.41993
1.4071
1.31067
1.18319
1.07229
0.988067
0.940594
0.917375
0.905306
0.898928
0.896158
0.896686
0.898893
0.900698
0.901435
0.902869
0.906878
0.913995
0.925991
0.939534
0.93913
0.951466
0.950579
0.965144
0.964698
0.97838
0.978404
0.992449
0.99272
1.00509
1.02977
1.01769
1.03113
1.04275
1.04375
1.02432
1.04941
0.98579
0.953072
0.919453
0.89431
0.882832
0.880956
0.88445
0.894799
0.913178
0.935538
0.985889
1.11992
1.31243
1.40901
1.40845
1.33646
1.2074
1.09565
1.00521
0.948567
0.920855
0.906842
0.899257
0.895096
0.893974
0.895832
0.898074
0.89946
0.900641
0.904022
0.911454
0.923946
0.938591
0.938587
0.950661
0.950781
0.96487
0.965374
0.97891
0.980025
0.993547
0.995239
1.00759
1.01064
1.02164
1.04516
1.03506
1.0489
1.05702
1.0596
1.03257
1.06388
0.985404
0.950955
0.916738
0.892839
0.881944
0.880277
0.883128
0.891517
0.907645
0.927055
0.967716
1.07606
1.26869
1.39215
1.40668
1.35839
1.23198
1.11725
1.02354
0.95852
0.925017
0.908638
0.900117
0.895313
0.892501
0.892861
0.895347
0.897551
0.899183
0.902642
0.910061
0.92293
0.938564
0.939285
0.951546
0.953397
0.966598
0.96939
0.981991
0.985767
0.997745
1.0017
1.01422
1.01874
1.02824
1.03485
1.04426
1.06324
1.05764
1.07082
1.07343
1.0776
1.04293
1.08031
0.98488
0.948891
0.914118
0.89175
0.88122
0.879551
0.881826
0.888417
0.902212
0.919531
0.952609
1.03606
1.22147
1.36839
1.40239
1.37274
1.25503
1.13847
1.0415
0.970266
0.929874
0.910967
0.901505
0.896015
0.892664
0.891107
0.892448
0.895345
0.897975
0.901779
0.909882
0.922651
0.940321
0.942702
0.95589
0.961826
0.973739
0.982573
0.992106
1.00443
1.00932
1.02511
1.02624
1.0426
1.04245
1.05735
1.0552
1.06756
1.07329
1.0843
1.08712
1.09802
1.09111
1.09736
1.05557
1.09792
0.984623
0.946858
0.911374
0.890629
0.880873
0.878751
0.880557
0.885584
0.897058
0.912386
0.939855
1.00645
1.17396
1.33709
1.39552
1.38047
1.28169
1.15839
1.05902
0.983111
0.935725
0.913757
0.9033
0.897429
0.893437
0.891207
0.891042
0.893233
0.897003
0.901667
0.910553
0.92705
0.949494
0.932027
0.969557
0.987093
0.997148
1.03163
1.02948
1.08178
1.0606
1.14056
1.08231
1.1821
1.09284
1.19114
1.09463
1.16907
1.09195
1.13587
1.11208
1.10857
1.12636
1.13428
1.10946
1.11864
1.07071
1.11568
0.985106
0.944866
0.908248
0.889148
0.880719
0.878249
0.879498
0.883104
0.892156
0.905578
0.928687
0.982765
1.12453
1.30098
1.38552
1.38285
1.30806
1.17827
1.07651
0.995968
0.943027
0.9169
0.905691
0.899674
0.895202
0.891916
0.891259
0.892761
0.896307
0.902078
0.912832
0.941785
1.06357
1.01142
1.09309
1.07982
1.18665
1.18223
1.39713
1.31772
1.67392
1.42894
1.95204
1.45773
2.08447
1.39294
2.00063
1.2767
1.72423
1.17683
1.4072
1.20854
1.13904
1.22413
1.21999
1.1284
1.1429
1.08718
1.13506
0.987573
0.943284
0.904494
0.886861
0.880301
0.87812
0.878544
0.880946
0.887221
0.899085
0.918815
0.962763
1.07982
1.26031
1.36959
1.38149
1.33106
1.20128
1.09303
1.0091
0.951262
0.920625
0.908408
0.902474
0.897841
0.893557
0.892061
0.893186
0.896491
0.902566
0.918185
0.971475
1.24711
1.90634
2.51503
1.32101
1.60544
1.68371
2.21301
2.28829
3.1747
2.94668
4.33264
3.35739
5.28482
3.32197
5.64994
2.87539
5.22228
2.1764
4.06533
1.53993
2.677
1.63678
1.20331
1.67032
1.61817
1.14797
1.18669
1.10493
1.15158
0.99418
0.943554
0.899734
0.883024
0.879154
0.877789
0.877673
0.878876
0.882726
0.892566
0.909891
0.945937
1.03757
1.21663
1.3477
1.37765
1.34599
1.22537
1.11009
1.02275
0.959704
0.924866
0.911219
0.905591
0.901199
0.896945
0.893898
0.89421
0.897039
0.903838
0.93002
1.05956
1.66423
3.11208
4.19899
4.95597
6.28572
2.89651
3.86535
4.31088
5.68216
5.9919
7.75269
7.50047
9.6889
8.41445
11.0549
8.48925
11.6526
7.48561
11.3413
5.38044
9.78731
3.1248
6.59979
3.41787
1.50194
3.48132
3.25895
1.17437
1.36213
1.12269
1.16175
1.03291
0.954988
0.894499
0.876426
0.876172
0.876733
0.876508
0.876742
0.878255
0.886041
0.901494
0.931546
1.00376
1.17226
1.31962
1.37154
1.35544
1.25359
1.12787
1.03687
0.968918
0.929697
0.913999
0.908476
0.905177
0.901897
0.898215
0.896164
0.898114
0.906298
0.955238
1.29273
2.91645
5.1259
6.54854
7.59998
9.2066
9.97738
11.1131
7.18817
8.63951
9.44885
10.9052
11.5041
12.8026
13.0284
14.2271
13.8599
15.147
14.0971
15.6167
13.5698
15.6359
11.6063
14.9551
7.53613
12.9106
8.01534
2.80669
7.96589
7.32253
1.24967
2.21598
1.13672
1.19163
1.1328
1.00756
0.89475
0.866628
0.869247
0.873751
0.874427
0.874418
0.87384
0.879824
0.893104
0.918747
0.977144
1.12525
1.28732
1.36269
1.35921
1.28373
1.14855
1.05082
0.979364
0.934519
0.916578
0.911411
0.909499
0.908124
0.904846
0.900296
0.900176
0.90997
1.00023
1.70645
4.67707
10.7881
10.2131
12.0729
12.0129
12.6507
13.2664
13.5495
12.0235
12.7732
13.6481
14.1351
14.9218
15.2819
15.8676
16.245
16.4818
16.9546
16.7597
17.4176
16.655
17.6011
15.9067
17.3787
13.7066
16.5204
14.0036
6.17973
13.8753
13.1373
1.65641
4.6986
1.14509
1.30371
1.14396
0.918027
0.858909
0.856588
0.866512
0.870438
0.87145
0.870183
0.874111
0.885232
0.906997
0.954744
1.0789
1.2507
1.34908
1.35873
1.30873
1.17434
1.06486
0.990748
0.940325
0.918963
0.914356
0.914122
0.915865
0.913734
0.909376
0.905041
0.917641
1.06811
2.24669
6.224
11.7202
13.2582
13.353
13.0402
13.2682
13.6595
13.6424
14.3697
14.2222
14.3938
14.4248
15.4221
15.3896
16.371
16.342
17.2048
17.3049
17.8799
18.2642
18.3519
19.073
18.4518
19.5264
18.0365
19.4449
16.9162
18.6985
17.1609
11.6316
17.2252
17.0011
3.04856
9.23071
1.15029
1.71727
1.00877
0.865533
0.844508
0.852676
0.862194
0.867191
0.866737
0.868406
0.877692
0.896247
0.935426
1.03544
1.21007
1.32967
1.35678
1.32532
1.20328
1.08217
1.00179
0.947106
0.921246
0.91711
0.918731
0.92377
0.925418
0.921976
0.917065
0.936363
1.19467
2.88759
7.7029
12.2644
13.1714
13.3665
13.1783
13.5814
13.482
13.9988
13.7308
14.6878
14.3194
15.2668
15.0124
16.2353
15.9998
17.2729
17.1708
18.5304
18.7147
19.7777
20.433
20.6768
21.853
20.9661
22.5851
20.5029
22.4434
19.3311
21.5068
19.78
16.3034
19.9794
19.984
18.1438
6.02307
14.6654
1.18711
2.41225
0.898629
0.848279
0.839915
0.849716
0.859145
0.863
0.863306
0.870892
0.886207
0.918583
0.997205
1.16748
1.30427
1.35243
1.33651
1.23599
1.10279
1.0134
0.954064
0.924412
0.919644
0.922738
0.931932
0.938472
0.937822
0.936023
0.981834
1.44989
3.80585
9.16391
12.6655
12.9225
12.5595
12.4695
12.9252
12.7085
13.4566
13.1565
13.9411
13.5685
14.8312
14.3979
15.6629
15.2642
16.9561
16.634
18.6916
18.5938
20.9211
21.2573
22.9862
23.9789
24.289
26.0191
24.546
26.8062
23.7946
26.3456
22.2705
24.7728
23.3437
21.2272
22.7159
19.7418
17.3436
19.571
21.2637
22.9169
22.7998
21.2214
6.32744
12.4541
19.076
18.8278
16.0985
1.29891
9.65727
2.61558
6.83882
0.880432
0.843235
0.840164
0.848909
0.85659
0.858729
0.864973
0.87746
0.903725
0.967307
1.12254
1.27415
1.34524
1.34203
1.27
1.12835
1.02662
0.961034
0.928042
0.92202
0.92623
0.940628
0.95331
0.959042
0.967355
1.08214
1.97114
5.17303
10.4209
12.8179
12.7687
12.4047
12.4011
12.6044
12.6313
12.7611
12.6351
13.237
12.9569
13.9989
13.6548
15.3871
14.9815
16.241
15.8181
18.3738
18.0222
21.2536
21.1466
24.7026
25.0839
27.6542
28.9848
29.2419
31.7021
27.357
28.8425
30.2052
31.9359
26.02
27.714
29.9009
31.3024
29.2264
25.1571
23.948
25.6321
26.6768
24.2225
21.0279
20.7043
22.7315
24.305
24.3482
22.5734
15.2282
20.3433
19.8642
18.0374
1.30483
2.24959
3.99696
12.945
9.55432
0.875675
0.842899
0.841489
0.848872
0.853455
0.85974
0.870057
0.891248
0.942238
1.07571
1.2396
1.33251
1.34235
1.29587
1.15917
1.04343
0.970233
0.931992
0.924273
0.92919
0.948171
0.969466
0.98528
1.01851
1.28925
2.78724
6.77257
11.3416
12.7778
12.5445
12.5974
12.7032
12.913
13.3604
13.5423
13.2242
13.2615
13.4006
13.2459
14.6465
14.3892
16.6317
16.2043
17.5674
17.1013
20.8632
20.3647
25.033
24.8032
29.8083
30.094
33.7434
34.9762
33.3551
35.0167
36.124
37.3193
31.7211
33.5463
35.3099
28.3616
30.2156
33.2139
34.4858
32.2791
27.2014
25.8076
27.5502
29.0077
25.9953
22.3134
21.9585
24.1845
26.0526
25.9688
23.958
17.2112
21.5329
21.0252
19.3001
1.52625
2.97168
5.85465
15.6097
12.412
0.874461
0.843572
0.844599
0.848408
0.854317
0.863595
0.880958
0.921672
1.03087
1.20051
1.31323
1.34134
1.3132
1.19345
1.06636
0.982319
0.935913
0.926566
0.932239
0.954276
0.984837
1.01259
1.08516
1.62324
3.87184
8.40011
11.9278
12.6623
12.2546
12.6055
13.9819
14.0406
13.7238
13.872
14.6305
14.7938
14.2913
14.4525
14.2367
14.2312
15.8688
15.6301
18.403
17.8422
19.7239
19.0504
24.2671
23.4058
29.9422
29.4218
35.101
34.6429
37.7783
37.9644
37.8144
37.3735
36.8892
38.1913
39.0209
39.2642
35.2083
37.087
38.6798
31.0308
33.2894
36.7018
38.1406
35.7258
29.5073
27.8399
29.893
31.7112
27.9933
23.6221
23.1939
25.7682
27.9984
27.8442
25.4347
18.6153
22.695
22.1331
20.4538
1.78792
7.83917
3.78891
17.5208
14.8688
0.873373
0.846018
0.846438
0.849588
0.85764
0.872322
0.904948
0.990671
1.15744
1.28763
1.33775
1.32474
1.23114
1.09362
0.997835
0.940347
0.928837
0.934947
0.959809
0.999202
1.03847
1.15366
2.02225
5.06228
9.75176
12.248
12.4694
12.0584
12.6511
14.4353
14.8577
14.8753
14.8957
14.8905
15.7329
15.6817
15.6034
15.711
15.526
15.5382
17.4033
17.089
20.4555
19.6493
22.4112
21.3969
28.3795
27.0192
33.6216
32.3517
37.0238
36.3904
35.964
35.3504
39.121
38.784
38.27
37.6913
39.8566
40.3119
40.243
39.9092
38.7
40.2811
41.2337
34.1828
36.8476
40.2322
41.6838
39.4757
32.2426
30.1465
32.6138
34.9222
30.2517
24.9815
24.4389
27.5343
30.1783
29.9196
27.0642
19.8127
23.8373
23.2069
21.544
1.90796
9.71688
4.46171
18.979
16.8575
0.871771
0.847898
0.848615
0.853168
0.865076
0.891885
0.958142
1.11373
1.25568
1.32917
1.32955
1.26661
1.12741
1.01661
0.948304
0.931091
0.936817
0.964354
1.01117
1.0605
1.20906
2.38624
6.12695
10.6624
12.3927
12.2687
11.9149
12.7282
14.3595
14.8704
14.8661
15.1736
15.0471
15.5365
15.3298
16.3244
16.0202
16.7209
16.5762
16.8932
16.7891
18.9983
18.4866
22.6162
21.4179
25.5159
24.0062
31.0235
29.5582
34.2889
32.8946
37.1056
36.4802
35.8901
35.2921
39.4281
38.8284
38.0856
37.2778
41.3292
40.9878
40.4934
39.8282
41.7258
42.4206
42.2334
37.8332
40.6999
43.118
44.4979
43.0702
35.4624
32.8266
35.8178
38.6247
32.8495
26.4552
25.7561
29.4761
32.6455
32.2261
28.8501
20.9335
25.0031
24.2827
22.5976
1.87396
11.364
4.7471
20.2457
18.4746
0.869554
0.849965
0.852258
0.859923
0.881682
0.934302
1.06962
1.22056
1.31187
1.32895
1.29105
1.16433
1.04185
0.960523
0.934041
0.938448
0.966466
1.02022
1.07729
1.24667
2.62117
6.94612
11.2395
12.4023
12.0073
11.8
12.8089
14.2913
14.4748
14.5567
14.2714
15.0588
14.7799
15.6949
15.3615
16.4686
15.9245
17.3661
16.9319
18.0826
17.7474
20.4344
19.6157
24.4578
22.8498
27.9654
26.2147
31.5788
30.1667
33.7038
33.0313
31.923
32.5964
36.4885
35.7819
35.1176
34.3364
38.9333
37.8893
36.7795
35.7406
41.663
40.8808
39.8044
38.5486
43.5806
43.1478
42.2957
41.7853
44.3996
44.8108
46.1773
45.8993
39.195
35.9605
39.526
42.6717
35.848
28.0641
27.1753
31.5783
35.4575
34.7865
30.7313
22.0216
26.2548
25.4168
23.6424
1.5683
12.6116
4.55567
21.4512
19.906
0.868647
0.853361
0.858098
0.874154
0.916692
1.02849
1.18169
1.2893
1.32578
1.30739
1.20384
1.07389
0.977723
0.939601
0.940622
0.967197
1.02559
1.09021
1.27033
2.70268
7.41668
11.5963
12.3677
11.7632
11.7167
12.8873
14.1992
14.0277
11.7998
11.7899
12.9169
12.3986
13.9305
13.3529
15.2771
14.5805
16.0103
14.9265
17.5617
16.8492
18.9069
18.2303
21.4761
20.2931
25.3348
23.55
28.7067
27.0945
31.4781
30.8037
29.7237
32.4899
32.1472
31.4351
31.799
34.859
34.1429
33.5399
32.9635
37.1896
35.7991
34.4953
33.4716
41.1091
39.6412
38.0315
36.366
44.2052
43.0464
41.4848
45.6406
47.3465
45.5086
47.1114
47.7005
43.3072
39.5734
43.6419
46.7109
39.2812
29.7417
28.6804
33.8424
38.6157
37.573
32.6991
23.106
27.6197
26.6467
24.7147
1.44081
13.2634
4.0713
22.682
21.268
0.869546
0.858403
0.870528
0.903194
0.994551
1.14238
1.26021
1.31744
1.31397
1.2436
1.11109
1.00049
0.948763
0.944338
0.967776
1.02772
1.1005
1.27866
2.69377
7.55908
11.7981
12.3045
11.587
11.6472
12.9931
14.0233
13.2634
8.60743
7.23931
6.04954
8.64337
7.82817
10.5722
9.47305
13.4964
11.9398
14.6106
12.5386
17.2729
16.1553
19.2322
18.2437
21.9505
20.3492
25.298
23.5792
28.3536
26.8768
31.0337
30.6668
29.6201
28.9109
31.139
30.9709
30.6368
30.8216
32.6993
32.1356
31.7115
31.3805
34.8057
33.5289
32.5993
31.8537
39.67
37.7673
36.0022
34.6066
44.0999
42.2477
40.1934
48.8505
49.4054
45.6406
47.6707
49.0088
47.4835
43.6122
47.9275
50.2934
43.0936
31.4693
30.2247
36.2299
42.0481
40.505
34.7419
24.2336
29.0574
28.0173
25.8802
2.84279
12.8544
7.30724
24.0014
22.5149
0.872004
0.869327
0.895912
0.965694
1.10492
1.2273
1.30188
1.31351
1.27215
1.15114
1.02967
0.96343
0.951318
0.968899
1.02815
1.11119
1.27393
2.59344
7.51829
11.8832
12.2734
11.441
11.6198
12.9753
13.7598
12.4673
7.55758
3.88037
3.79158
4.29135
3.84855
5.10407
4.60636
6.84379
5.79664
10.3237
8.34893
13.1935
11.1241
16.5387
15.0443
19.0321
17.814
21.8947
20.1626
25.0896
23.5235
28.4412
27.5772
26.6013
30.374
30.0165
29.2407
28.9103
29.8976
29.8068
29.7159
29.7622
31.2553
30.7924
30.4088
30.0995
33.5392
32.7232
32.0049
31.3604
38.2058
36.5116
35.1725
34.1587
43.7291
41.5855
39.475
51.2643
51.2062
45.7399
48.5389
50.2177
51.4245
47.8679
52.0384
53.2261
47.1217
33.2399
31.8163
38.7163
45.5874
43.5519
36.86
25.4578
30.5941
29.5445
27.1992
8.42276
13.5273
14.4186
25.4605
23.3855
0.879709
0.892082
0.947297
1.06854
1.19534
1.27844
1.31014
1.28952
1.19007
1.06816
0.985519
0.963977
0.972308
1.02874
1.12343
1.2724
2.30351
7.26094
11.8885
12.2781
11.3239
11.5723
12.8932
13.4466
11.6864
6.5632
3.38599
3.30425
3.10799
3.66352
3.44576
4.33622
3.926
5.94874
4.96991
9.11813
7.34808
12.9026
11.5132
15.8022
14.3545
18.5842
17.1746
21.8867
20.171
25.9029
24.8481
23.9923
28.4763
27.9305
26.5376
27.4676
29.6129
29.4446
28.8574
28.703
29.3447
29.1388
28.9309
28.9963
30.8215
30.3759
29.9767
29.6266
33.4201
32.8099
32.2142
31.6327
37.6718
36.3973
35.6398
35.2314
43.5769
41.4756
39.7879
53.5669
53.1472
46.5396
50.3901
51.9775
54.8973
52.0319
55.8139
56.0905
51.0158
35.0455
33.5402
41.3675
49.0964
46.9233
39.0277
26.8198
32.3533
31.2527
28.6906
13.8019
17.3274
19.5801
26.9657
24.1909
0.899476
0.934703
1.04138
1.16018
1.255
1.29964
1.29962
1.22989
1.11536
1.02083
0.983412
0.981853
1.03174
1.13489
1.27807
1.99336
6.54117
11.8332
12.3198
11.2257
11.4737
12.7294
13.1078
11.0314
5.82616
3.19561
2.99636
2.81817
3.23963
3.0779
3.62188
3.41325
4.35835
3.90741
6.36009
5.12226
9.92427
8.0741
13.6321
12.5616
15.7567
14.5838
18.5476
17.063
22.4131
20.7366
26.4562
25.6691
25.2218
23.9693
28.429
28.0224
27.0915
27.6266
28.9081
28.9103
28.4059
28.3631
29.3052
29.0049
28.6099
28.7713
31.099
30.5989
30.1203
29.6717
34.924
34.5308
34.0446
33.5067
38.7333
38.2859
38.1996
38.2429
44.5878
43.0139
42.1098
56.2647
55.873
48.7324
53.9421
55.0031
58.177
55.7854
59.3046
59.4467
54.6129
37.0555
35.6806
44.1067
53.1582
50.4022
41.5502
28.2973
34.435
33.0699
30.2841
20.3043
21.7683
23.3005
28.2228
25.4418
0.938275
1.01621
1.13372
1.22328
1.2863
1.3006
1.26801
1.16903
1.06847
1.01551
1.00168
1.04232
1.14667
1.28711
1.75755
5.49993
11.6428
12.4161
11.1717
11.3287
12.52
12.8035
10.5693
5.42315
2.9797
2.64116
2.9234
2.78975
3.22663
3.07403
3.66768
3.42149
4.54552
4.01375
6.84467
5.42294
10.9408
8.83111
14.1861
12.9094
16.423
15.2848
19.1535
17.7179
22.9749
21.1934
26.7941
26.1272
25.6883
24.7489
28.2441
28.0029
27.3452
27.7325
28.5005
28.4353
28.2665
28.2158
30.3651
29.765
28.8189
29.2365
32.9337
32.326
31.6821
31.0155
38.2079
38.0101
37.6647
37.1963
41.9794
42.1537
42.6977
43.0976
47.3814
46.7085
46.729
60.0195
60.1753
53.0999
60.3589
60.2041
61.7832
59.2739
63.1517
63.7117
59.2349
39.9208
38.4865
47.4746
57.3896
54.9687
45.7674
29.7178
36.6788
35.0026
31.9003
23.3443
24.6662
26.4514
29.0066
26.6362
1.01386
1.10963
1.19817
1.26212
1.30302
1.29354
1.22619
1.12809
1.06025
1.03324
1.06748
1.16238
1.29497
1.62043
4.39572
11.1593
12.5184
11.1788
11.1588
12.302
12.5445
10.38
5.33559
2.82756
2.442
2.56569
2.89632
2.76752
3.22018
3.04412
3.67554
3.42035
4.56567
4.02954
6.87295
5.44334
11.1353
8.90905
14.2444
12.76
16.7618
15.4967
19.5288
18.0771
24.0193
22.5655
20.3126
21.6627
27.065
26.4554
26.17
25.1626
28.1348
27.9953
27.5885
27.93
28.5257
28.3616
28.849
28.5939
33.3011
32.3334
30.5355
31.3907
36.6319
35.9506
35.1553
34.2595
43.3628
43.4181
43.2756
42.8966
47.3562
48.3507
49.3486
50.1727
52.9062
53.179
54.3319
65.3758
66.988
61.0065
70.7323
68.8112
66.7039
64.779
70.187
70.1737
64.4284
44.0427
41.5005
53.7451
63.5888
63.2578
51.742
30.8486
39.1449
36.8464
33.3937
23.0735
27.0609
29.5686
29.4815
27.8998
1.10733
1.17911
1.24475
1.29982
1.31466
1.2789
1.1988
1.12134
1.07657
1.10097
1.1875
1.3055
1.54711
3.43965
10.1999
12.578
11.2622
10.9852
12.091
12.3394
10.4186
5.5064
2.77072
2.27631
2.34614
2.59827
2.72047
2.45699
2.87605
3.20133
3.02433
3.67012
3.41143
4.51933
4.01573
6.57468
5.308
10.7332
8.45959
13.2345
11.5166
15.8475
14.6027
18.8642
17.1718
25.1271
23.5596
20.7614
22.066
27.9193
27.1154
28.2728
26.6983
28.3763
28.2144
28.6859
29.1758
29.8064
29.2625
31.2123
30.6181
38.3079
36.9704
34.3002
35.6115
42.3539
41.6033
40.6666
39.5585
50.6922
50.9493
51.0022
50.6409
55.7212
57.4035
58.8564
60.0887
62.0676
63.7677
66.0377
73.7982
77.3754
73.1029
84.4735
80.8025
75.7834
71.5415
78.7557
81.5272
72.3285
48.2102
44.8033
61.2447
72.4293
70.7304
57.0382
31.8237
41.601
39.4502
35.0058
17.061
29.6628
32.0638
30.1707
29.671
1.17912
1.24137
1.30207
1.33534
1.3293
1.27307
1.1974
1.13845
1.14437
1.22264
1.32618
1.51483
2.74497
8.86033
12.5776
11.516
10.8062
11.8785
12.2003
10.6318
6.23503
2.81878
2.15233
2.16661
2.29164
2.69689
2.54532
2.42899
2.84276
3.18044
2.99996
3.64329
3.38953
4.40199
3.96502
5.99299
5.03347
9.41614
7.44516
11.0197
9.32704
14.2071
12.4987
19.8833
17.9731
16.2945
28.8431
26.4405
21.8117
24.0351
30.8763
29.7282
33.0796
31.0946
30.0537
29.683
31.8213
32.4178
33.0744
32.0926
35.397
34.5726
44.9547
43.228
39.7514
41.4566
50.027
49.1036
47.922
46.52
60.8147
61.1397
61.2021
60.6272
68.4828
70.8245
72.7489
74.157
75.9644
79.6376
83.7342
87.145
92.7943
88.563
107.353
99.1059
86.4821
80.6067
90.6199
95.1928
81.4101
52.8025
48.8972
67.415
80.9317
80.5524
64.0187
33.2137
46.5753
44.3625
37.6045
7.04356
32.8855
31.2044
31.2259
32.3725
1.27626
1.33466
1.38453
1.39461
1.35606
1.28519
1.22012
1.20809
1.27264
1.36093
1.51119
2.30589
7.27108
12.4764
11.776
10.6548
11.6425
12.0954
10.9619
7.45429
3.07237
2.08374
2.01853
2.1159
2.23125
2.67889
2.52126
2.40302
2.81723
3.15481
2.97628
3.6009
3.36026
4.26292
3.89399
5.4131
4.74806
7.65982
6.35316
9.15533
7.51558
14.5243
11.3576
22.6403
19.7539
16.9711
20.4939
34.5998
32.0074
25.8216
29.0188
35.587
34.5745
38.3553
36.7331
33.6636
33.1327
36.4246
36.9339
38.042
36.7278
40.3835
39.4379
52.9503
50.7259
46.2432
48.3621
59.7577
58.4586
56.8572
54.9502
74.849
75.1619
75.05
73.8642
87.6274
90.7233
93.0051
94.279
93.771
100.1
108.559
105.627
119.838
118.509
161.374
136.642
104.467
93.8109
112.74
125.921
95.8977
60.2841
59.6121
79.9905
98.4113
104.471
77.7292
34.6166
55.6733
48.5996
39.9747
2.51081
36.3492
19.671
33.2882
34.6191
1.52603
1.52933
1.5351
1.49283
1.41416
1.33442
1.29986
1.34069
1.41677
1.52886
2.05714
5.72053
12.0877
11.9531
10.5788
11.3461
12.0007
11.2709
8.57566
3.71598
2.08991
1.90257
1.96455
2.05983
2.1742
2.3681
2.64419
2.49071
2.79056
3.12524
2.94689
3.5553
3.32582
4.13853
3.82218
4.99596
4.52257
6.35063
5.58442
9.02804
7.04667
21.0674
21.9774
16.8881
13.1499
28.0642
24.1997
25.683
39.5223
37.3848
31.6479
34.7626
40.1759
39.3787
42.504
41.251
38.2609
37.6987
40.8334
41.2616
43.8667
42.2512
45.8249
44.5344
62.8211
60.0663
54.1375
56.678
72.4469
70.394
68.2627
65.5325
94.9445
95.2232
94.5382
92.4489
114.651
119.336
122.143
123.238
132.738
154.494
184.091
158.861
192.671
191.587
205.309
205.557
148.839
118.005
157.605
187.328
125.943
82.7241
73.4227
104.637
148.656
152.82
115.29
37.244
62.8545
58.2867
44.8276
2.42513
41.5105
16.6085
35.1452
39.5105
2.1364
1.90585
1.78945
1.65915
1.52817
1.44887
1.4421
1.49736
1.58832
1.95232
4.44976
11.0859
11.9883
10.5797
10.997
11.9059
11.5264
9.5469
5.06008
2.21111
1.82507
1.83911
1.91653
1.99523
2.18919
2.34187
2.30138
2.07227
2.61711
2.45842
2.75718
3.09044
2.91514
3.50825
3.28724
4.03744
3.75748
4.72177
4.35544
5.87345
5.16334
11.04
7.31274
26.5526
26.1506
21.4113
19.3528
33.3563
29.862
30.4924
43.2925
41.2421
36.2915
38.893
44.212
43.37
46.267
44.9952
42.8874
42.1334
44.8342
45.466
50.6392
48.592
52.5605
50.6444
75.2963
72.3193
64.3995
67.2549
89.7072
85.8599
83.0435
79.469
124.135
124.321
123.543
119.914
181.396
187.574
187.531
184.408
195.701
194.826
415.306
188.129
476.083
449.803
440.261
486.682
204.854
164.775
215.503
485.425
197.47
96.6837
84.5464
163.524
208.592
205.587
127.176
39.5919
81.3956
65.3194
48.822
19.0319
42.2131
33.3583
38.6889
43.9211
3.27548
2.5713
2.18658
1.91191
1.72004
1.62513
1.63553
1.69939
1.94641
3.56465
9.60786
11.9597
10.6328
10.6826
11.7725
11.7145
10.3288
6.71042
2.54986
1.79713
1.74142
1.79677
1.85198
1.93292
2.27019
2.12659
2.42568
2.04158
2.58417
2.72539
3.05346
2.88019
3.46043
3.24634
3.95303
3.69663
4.53747
4.23002
5.80086
4.99544
14.8357
8.55042
29.9673
28.7759
24.9477
27.1407
25.6289
20.4873
36.5063
33.7011
33.0311
46.9262
44.6392
39.2279
41.989
48.3559
47.2705
50.2324
48.8164
48.0086
46.8175
49.1499
50.3829
59.2749
56.7097
61.4258
58.6839
91.0494
87.761
77.3932
80.7709
115.381
106.586
100.873
98.0411
184.093
176.359
174.398
165.804
418.097
407.315
411.881
406.013
453.644
397.822
833.706
488.077
906.034
874.903
853.454
916.035
494.057
209.252
493.715
915.231
502.289
114.583
117.691
155.498
498.236
485.361
169.617
44.4793
92.2815
82.5873
57.9112
12.6283
45.7636
44.3276
42.2877
48.2362
4.50831
3.51366
2.82362
2.31284
1.99559
1.9032
1.92136
2.01892
3.04475
7.95041
11.821
10.795
10.4491
11.5399
11.8266
10.9189
8.16743
3.26528
1.82842
1.67222
1.69886
1.7366
1.79284
1.8677
2.38481
2.23743
2.09679
2.54989
2.01026
2.68931
3.01562
2.8441
3.41399
3.20598
3.8795
3.63942
4.44481
4.13573
5.99958
4.97398
18.0806
22.5362
10.2762
31.7585
30.0851
28.1965
25.8147
38.7106
35.8335
34.5559
50.6549
48.1555
41.8326
45.1115
53.0145
51.572
54.4307
52.7849
54.5753
52.7143
54.227
56.8514
70.5317
67.2561
72.5449
68.9823
111.668
106.412
92.7737
96.8262
161.353
145.915
124.467
122.823
410.51
407.985
410.332
411.577
843.179
818.785
828.118
814.017
888.6
806.923
2479.01
902.484
2542.11
2524.01
2484.6
2562.17
924.98
503.601
920.833
2521.94
952.115
175.78
129.465
269.741
500.606
944.698
937.236
234.94
47.7038
121.303
91.7929
63.5092
192.756
59.6418
97.7716
46.2553
50.4549
5.26869
4.21927
3.51224
2.8386
2.48096
2.31388
2.28958
2.88022
6.41047
11.4315
11.0249
10.3048
11.2488
11.8599
11.3487
9.35727
4.62586
1.97037
1.63413
1.62073
1.64547
1.67651
1.73543
1.79725
1.96517
2.51132
2.34528
2.18973
2.05572
2.64897
2.97134
2.80152
3.36454
3.15965
3.81896
3.58493
4.42759
4.0769
6.49507
5.0447
23.2439
23.5644
20.9327
16.4982
11.3664
32.8384
30.8419
28.5709
26.1517
40.7597
37.5014
35.7167
54.3411
51.6055
44.4063
48.2268
58.226
56.3113
58.8323
56.7318
62.9226
60.0925
60.3554
65.2279
83.9847
80.017
85.1444
81.1469
145.235
135.68
111.075
114.855
412.094
208.952
157.712
161.587
822.908
820.065
824.539
831.876
2513.84
2455.77
2481.67
2446.68
2556.63
2446.05
15602.7
2516.64
15618.5
15577.4
15629.7
15625.1
2545.57
929.75
2527.46
15592.3
2549.88
170.809
182.048
503.5
956.123
2537.27
2524.25
502.508
54.532
132
118.21
77.1982
349.577
62.841
154.214
48.246
49.6354
5.67174
4.66477
4.04026
3.36569
3.01581
2.80633
2.93571
5.29706
10.587
11.0327
10.2188
10.94
11.8427
11.6481
10.2623
6.34562
2.30718
1.63096
1.5609
1.57417
1.58418
1.62775
1.67191
1.72844
1.93756
1.8901
2.46799
2.30147
2.15271
2.01476
2.60456
2.92126
2.75475
3.30864
3.10646
3.77083
3.52917
4.44935
4.05182
7.01814
5.20919
26.1227
23.454
20.24
16.9735
11.6246
33.5434
31.0935
28.6092
42.5598
38.9083
36.5109
57.9059
54.9256
46.7953
51.2278
64.205
61.5206
63.6961
60.7676
73.5153
68.8618
68.0637
75.404
98.7139
94.1287
97.335
93.0705
398.167
178.162
138.292
135.93
835.806
382.139
402.816
404.354
2463.47
2454.3
2465.85
2496.11
15599.8
15583.1
15579.4
15582.3
15592.8
15616.8
15623.3
15613.4
2520.77
15623.2
15596.8
260.327
499.998
179.18
949.715
2559.8
15607.5
15608.8
949.682
58.3313
183.855
126.984
84.8097
295.505
64.8292
139.334
49.4758
50.0899
5.88089
4.95788
4.42847
3.81852
3.49975
3.23532
4.7264
9.56004
10.9186
10.1837
10.6648
11.7693
11.8495
10.9199
7.94573
2.9261
1.67073
1.52113
1.51667
1.51292
1.53973
1.57396
1.61258
1.65733
1.86128
1.81267
1.97841
2.42193
2.25635
2.10836
2.55552
2.86651
2.70311
3.25129
3.04946
3.73259
3.4765
4.48234
4.04284
7.15374
5.29404
28.3623
25.7167
22.8961
19.7816
16.7005
16.3348
12.9937
9.44476
33.7517
31.0099
44.0245
39.9198
36.7966
61.4978
58.1217
49.0051
54.1486
71.4986
67.4404
69.3508
65.2134
86.1336
78.784
78.6504
85.1498
114.811
110.003
109.707
103.171
379.277
802.693
173.039
395.789
2500.34
791.252
815.147
825.725
15591.9
15580.3
15604.3
15613.3
15607.5
500.432
941.276
265.067
500.018
2536.72
15599.8
2538.49
65.729
182.282
168.654
102.225
226.769
75.9777
152.565
51.6263
53.1615
5.9603
5.14534
4.72413
4.15652
3.83432
4.61958
8.57528
10.6011
10.1347
10.417
11.5996
11.9666
11.3922
9.14436
3.97755
1.79198
1.50255
1.4689
1.45771
1.46666
1.49542
1.51887
1.55262
1.58914
1.78263
1.73186
1.93399
1.89706
2.06701
2.37393
2.21216
2.50443
2.80787
2.64797
3.19281
2.98923
3.6978
3.42574
4.49409
4.03308
7.02429
5.30767
30.5677
27.7574
25.0287
22.2058
19.0543
15.5318
11.7911
9.57858
33.6155
45.1912
40.4992
36.7069
65.421
61.2768
51.1719
57.0495
80.9481
74.3807
75.9287
70.4144
98.4097
88.7982
88.6175
92.5894
133.912
136.006
134.922
115.568
792.002
2438.45
379.291
808.783
15580.6
2426.99
2466.23
2512.01
944.296
2522.14
497.07
937.099
15606.2
15608.7
70.9403
255.882
495.124
188.706
112.64
182.165
79.1008
155.503
56.5354
59.5689
5.99415
5.25259
4.89557
4.37605
4.73551
7.79803
10.1776
9.99155
10.2139
11.3636
11.9989
11.7195
10.0745
5.40894
2.0393
1.50472
1.43017
1.41384
1.40535
1.42875
1.441
1.46945
1.49678
1.52642
1.70173
1.65288
1.85067
1.81119
2.02461
1.98029
2.16641
2.32548
2.45293
2.75014
2.59367
3.13254
2.9293
3.64886
3.36858
4.4739
3.99828
6.80939
5.25836
33.0271
29.7798
26.8793
24.1351
21.2304
17.9456
14.381
11.2035
9.10015
46.1797
40.703
36.1814
69.9961
64.5994
53.4296
59.9593
89.9965
82.6361
83.26
76.4978
111.176
97.219
94.5512
98.7998
396.142
163.853
186.627
130.187
2436.61
15597.1
777.936
2476.58
15618.2
15633.5
15607
2532.32
15600
939.88
2515.22
83.589
475.572
931.804
209.006
495.364
134.444
187.158
84.6452
160.036
63.8533
64.4392
5.994
5.28861
5.02979
5.02714
7.37529
9.74484
9.77001
10.0417
11.1172
11.9841
11.9322
10.7745
6.83799
2.43771
1.52909
1.40384
1.37736
1.35432
1.37021
1.37425
1.39908
1.41948
1.44431
1.47063
1.62606
1.58174
1.76357
1.72503
1.93688
1.88837
2.12123
2.07541
2.27698
2.4013
2.69176
2.53893
3.06976
2.86783
3.58978
3.30677
4.41069
3.94232
6.43082
8.75353
5.11725
32.0936
28.6803
25.7756
22.9894
19.9674
16.696
13.3655
10.3265
47.2183
40.6101
35.3193
75.5194
68.4064
55.8861
62.9981
95.1609
90.3288
89.9512
83.2286
135.583
107.621
99.7056
109.944
796.55
389.738
397.017
401.795
15602.1
2413.02
15592.7
15608.7
2524.62
15597.5
90.0016
917.796
2509.86
205.786
486.934
937.877
137.081
197.007
89.3358
166.937
70.6378
67.6511
6.01525
5.39815
5.56923
7.28276
9.3536
9.53692
9.8876
10.9247
11.9208
12.0599
11.2698
8.1155
2.97953
1.58927
1.38982
1.34713
1.3122
1.31905
1.3162
1.33621
1.35121
1.37234
1.39613
1.41897
1.55755
1.51601
1.68105
1.64666
1.84291
1.79454
2.02774
1.9786
2.22773
2.17835
2.349
2.63258
2.48375
3.00534
2.80541
3.52504
3.24176
4.3386
3.87645
6.42733
7.61273
5.58212
8.04871
4.96639
30.82
27.3265
24.4521
21.5942
18.5659
15.3461
12.1095
9.37899
48.429
40.3852
34.2244
81.8235
73.036
58.5862
66.3013
100.305
95.0532
94.5181
89.5438
162.98
134.277
111.519
137.42
2445.71
786.147
782.481
384.994
798.23
15602.8
15608.7
103.345
2499.3
15599.4
280.842
481.419
929.303
2537.07
175.673
213.591
96.3912
179.019
77.2313
70.6305
6.20181
5.9666
7.36996
9.07509
9.30788
9.75983
10.8242
11.8445
12.1243
11.6028
9.11661
3.63351
1.68376
1.38892
1.32246
1.27786
1.27522
1.26602
1.27989
1.28956
1.30722
1.32727
1.34924
1.37132
1.49286
1.45535
1.60648
1.57381
1.75167
1.70739
1.92796
1.87891
2.12691
2.07356
2.29559
2.57244
2.4272
2.9388
2.74188
3.45244
3.17229
4.25305
3.8019
6.95775
5.9024
8.62094
5.61422
4.81582
29.281
25.7757
22.8995
20.0387
17.0045
13.8343
10.8822
49.8742
40.2847
33.0188
88.3368
78.7199
61.571
70.0837
112.721
100.436
99.7271
94.5135
171.56
139.233
172.369
15607
2439.13
2427.97
739.802
398.817
2491.37
116.971
15605.6
469.045
914.277
2537.33
15600.2
192.981
231.401
102.528
190.11
82.3448
73.206
6.94369
7.6312
8.92713
9.13751
9.7084
10.8126
11.8002
12.1592
11.8226
9.77912
4.32846
1.81724
1.39388
1.30516
1.25027
1.23858
1.22354
1.23068
1.23496
1.24894
1.26444
1.28311
1.303
1.32224
1.43675
1.40964
1.53496
1.5032
1.66806
1.6268
1.83009
1.78369
2.02017
1.96775
2.23974
2.18175
2.50973
2.36813
2.86788
2.67504
3.37466
3.09764
4.15884
3.72314
6.618
7.84726
5.72487
9.82513
5.3184
4.65037
5.18186
27.6606
24.0129
21.1682
18.3399
15.3267
12.3587
51.7138
40.3508
31.8406
94.1906
85.248
64.9559
74.6508
139.49
112.321
108.232
99.5598
171.736
395.362
15614.9
15612.7
2377.9
766.83
15615.1
124.618
908.953
477.542
2503.34
15602.6
199.615
235.62
108.242
199.411
84.2181
75.1538
8.23075
8.9117
9.09534
9.7253
10.8426
11.7937
12.1797
11.9605
10.2045
5.00508
1.97577
1.40849
1.29139
1.22983
1.20783
1.18842
1.18892
1.18829
1.19818
1.20918
1.22417
1.24054
1.25771
1.39159
1.27518
1.46608
1.43713
1.5903
1.5535
1.73598
1.68935
1.9178
1.86899
2.12286
2.06494
2.30751
2.44577
2.79636
2.60696
3.29921
3.02349
4.08867
3.64946
7.39579
6.34427
8.90629
5.49869
11.0447
4.56878
5.01558
4.93357
25.998
22.1526
19.2917
16.5414
13.6766
53.9322
40.5872
30.7055
99.9164
92.2143
68.769
80.193
168.517
137.676
122.04
106.04
392.357
757.627
15617
2420.66
125.828
2495.82
906.531
467.95
15598.5
205.968
233.373
115.941
204.922
84.0068
76.7862
8.96849
9.13881
9.8175
10.9502
11.8038
12.1946
12.0235
10.4254
5.47797
2.13596
1.42717
1.28412
1.21372
1.18263
1.15963
1.15358
1.14959
1.15511
1.16222
1.17387
1.18681
1.20158
1.21791
1.33843
1.45546
1.42596
1.23459
1.52098
1.4873
1.64242
1.59987
1.82037
1.77016
2.00867
1.95493
2.24463
2.18213
2.37862
2.71983
2.53487
3.21561
2.94332
4.00108
3.56327
8.27518
6.98289
6.19569
9.94312
5.41831
12.1632
4.47191
4.85044
4.81343
5.36416
24.3312
20.3001
17.3225
14.7138
56.549
41.0943
29.8251
105.417
99.2938
73.1664
86.8158
388.952
164
141.802
113.682
751.772
2411.36
15612.3
124.457
15607.5
2491.21
894.566
460.944
208.452
230.926
125.126
210.177
83.1237
78.8595
9.3923
10.0127
11.1036
11.8585
12.1996
12.0301
10.4619
5.69717
2.25607
1.44769
1.27677
1.20373
1.16125
1.1366
1.12379
1.11757
1.1189
1.12334
1.13174
1.14207
1.15459
1.16853
1.18255
1.29284
1.40692
1.37125
1.49291
1.46396
1.19414
1.55943
1.52497
1.71967
1.6695
1.90126
1.84831
2.12001
2.05998
2.31154
2.64078
2.46195
3.12464
2.85838
3.92624
3.47171
9.11408
7.79862
6.8275
6.14901
10.8517
12.9729
4.43571
4.7872
4.78498
5.35756
5.36525
6.14266
22.7798
18.4786
15.4082
59.4419
41.9721
29.1357
111.369
105.843
78.2528
94.4086
755.943
381.386
169.475
163.862
124.894
2408.09
15617.2
121.777
15599.1
2488.12
881.61
453.178
208.317
232.755
135.72
214.891
81.3351
81.3516
10.412
11.3492
11.9251
12.2021
11.9964
10.333
5.67818
2.30981
1.46278
1.27245
1.19394
1.14576
1.11709
1.09986
1.0911
1.08866
1.091
1.09664
1.10505
1.11578
1.12781
1.14007
1.15087
1.24754
1.3534
1.32521
1.43602
1.41224
1.53386
1.49864
1.16386
1.62072
1.57477
1.79496
1.7429
1.99927
1.93939
2.24401
2.17838
2.55822
2.38729
3.0252
2.76788
3.82146
3.36529
9.81651
8.51163
7.6436
6.78412
11.5215
13.7646
4.38832
4.79777
4.81069
5.39297
5.4339
6.18479
6.25589
6.80308
21.343
16.8079
62.4999
43.1074
28.9076
118.359
111.609
84.1808
102.494
2426.64
745.418
380.247
167.728
365.493
140.995
15607.1
116.077
15599.1
2472.34
871.542
456.582
209.364
244.217
143.739
220.67
79.5497
83.8554
11.4041
11.9689
12.173
11.8733
9.85554
5.37691
2.29443
1.4664
1.26845
1.18694
1.13192
1.10214
1.08047
1.06971
1.06398
1.06408
1.06741
1.07428
1.08331
1.09419
1.10603
1.11744
1.13087
1.30603
1.20644
1.37992
1.35298
1.46899
1.44325
1.58915
1.54349
1.14253
1.69026
1.63894
1.87969
1.82164
2.11146
2.04521
2.31396
2.47492
2.92227
2.67454
3.71777
3.25486
10.5002
9.19247
8.29592
7.61232
12.4977
15.4667
4.36902
4.86085
4.90229
5.47095
5.50251
6.381
6.51046
6.88938
7.03896
7.64739
20.2247
65.6027
44.3875
29.0285
127.919
117.047
90.7835
110.182
15580.8
2395.74
739.38
354.323
745.644
157.508
107.826
15602.7
2461.77
877.341
450.099
195.936
265.514
149.182
218.441
77.5155
86.4629
11.7756
12.0611
11.4569
8.96127
4.7553
2.19115
1.45093
1.2618
1.17757
1.12159
1.08762
1.06561
1.0519
1.04395
1.04182
1.04284
1.04853
1.0559
1.06572
1.07704
1.08929
1.10312
1.11504
1.2593
1.36326
1.33342
1.17491
1.42021
1.3934
1.50319
1.46963
1.65456
1.60379
1.12588
1.76429
1.70835
1.97854
1.91275
2.2391
2.16532
2.38872
2.81013
2.57644
3.56851
3.12436
11.8181
10.0557
9.03216
8.26286
14.7647
19.6566
4.23517
4.98806
5.06382
5.51889
5.52406
6.66755
6.81282
7.22127
7.44943
7.78421
7.98122
8.30873
68.817
45.6993
29.4116
140.645
123.595
97.7394
117.284
15579
2408.3
345.188
721.927
2436.75
156.82
98.6385
15600.4
2488.92
865.497
454.195
197.481
336.058
149.359
194.745
75.7332
88.9929
11.2111
10.7504
7.45509
4.02406
2.01828
1.41359
1.2443
1.16861
1.11001
1.07581
1.05077
1.03613
1.02655
1.02276
1.02159
1.02587
1.03182
1.0406
1.05121
1.06308
1.07648
1.08904
1.10172
1.21689
1.31612
1.2872
1.39319
1.36768
1.15073
1.44003
1.41724
1.55676
1.51569
1.71886
1.66106
1.11487
1.84682
1.7816
2.09176
2.01963
2.30306
2.69373
2.4769
3.4083
2.98624
14.6373
11.6766
9.99115
9.03743
19.535
5.30262
4.02596
5.49091
5.44395
6.93916
7.04473
7.71157
8.00744
8.24973
8.58455
8.51701
8.83133
9.2118
71.9003
46.7727
29.6796
153.284
129.981
104.637
123.714
15624.5
728.196
331.981
2416.75
15638.6
89.7211
15600.2
2465.73
874.988
442.049
160.488
499.466
136.513
225.241
74.1732
90.6415
8.197
6.20578
3.22546
1.82791
1.36706
1.22238
1.15573
1.10183
1.06245
1.0405
1.02094
1.01007
1.00382
1.00128
1.00429
1.00847
1.0161
1.02602
1.03752
1.04992
1.0626
1.07649
1.0897
1.26858
1.18077
1.34046
1.31103
1.41613
1.39187
1.13797
1.4751
1.44219
1.60781
1.56414
1.80018
1.73211
1.10078
1.94701
1.87335
2.21719
2.13477
2.56499
2.37339
3.18737
2.81626
19.801
14.8322
11.7784
10.0771
6.95606
4.99411
6.91285
3.79452
7.09065
7.07056
8.31957
8.64642
8.9837
9.4485
9.27487
9.83903
9.58429
10.1666
10.4769
74.9146
47.5393
29.6936
154.807
325.443
138.28
111.337
129.292
2431.16
702.005
15642.2
83.6631
15602
2490.27
865.501
467.858
230.893
133.149
353.465
136.957
487.497
73.8739
91.5917
4.07265
2.65282
1.64524
1.31838
1.194
1.14071
1.08903
1.05327
1.02832
1.01056
0.998644
0.991099
0.98715
0.986888
0.989638
0.994767
1.00216
1.01192
1.02388
1.03641
1.05009
1.06335
1.07556
1.22064
1.31987
1.29173
1.16062
1.37428
1.34822
1.44361
1.40831
1.12492
1.51862
1.47593
1.66711
1.61601
1.88813
1.81188
1.08737
2.05309
1.97122
2.27496
2.44417
2.94742
2.65699
19.8419
15.1855
12.2687
9.30446
4.73321
6.44776
6.75766
9.35736
3.39967
8.95428
9.19361
9.95745
10.5126
10.5348
11.3202
10.9573
11.9465
11.1506
12.1586
12.8228
77.951
48.2294
29.3945
159.634
320.614
709.672
148.331
117.617
135.415
15617.6
2394.62
80.0871
15598.1
2478.02
861.671
490.326
231.193
116.236
43.7299
166.157
278.822
74.5133
102.709
2.08086
1.51408
1.26299
1.16779
1.11777
1.08069
1.04399
1.02403
1.00671
0.995694
0.987819
0.982717
0.980175
0.980147
0.983096
0.988182
0.99536
1.00441
1.01534
1.02728
1.0397
1.05237
1.06533
1.26909
1.18769
1.34388
1.31944
1.14623
1.38977
1.36756
1.48307
1.44028
1.11122
1.56803
1.5156
1.73602
1.67227
1.98539
1.89745
1.0764
2.17744
2.08311
2.32321
2.72883
2.49801
19.9937
15.4075
12.103
6.1572
4.19322
5.88866
8.87059
9.2114
12.4333
3.06965
11.0718
11.6097
12.1673
13.045
13.1123
14.3417
13.4799
15.0458
13.941
15.467
16.3665
81.0147
49.2057
29.5409
292.375
693.481
2432.16
159.612
122.911
142.427
15619.8
77.6656
15597.6
2470.97
894.931
493.127
207.577
103.731
38.5691
239.985
127.053
76.6519
117.581
1.42378
1.21827
1.13511
1.10052
1.06644
1.04199
1.02177
1.00772
0.996812
0.98871
0.983274
0.979908
0.978278
0.978361
0.981097
0.986069
0.993005
1.00128
1.01153
1.02284
1.03467
1.04662
1.05804
1.22447
1.31744
1.28958
1.16547
1.36485
1.34859
1.13433
1.41187
1.38986
1.51538
1.47276
1.09708
1.62234
1.55504
1.81344
1.73465
2.10013
1.99166
1.06872
2.21311
2.51147
2.35666
20.4275
15.4348
8.1912
3.54695
5.73019
7.25027
12.6307
12.5975
16.0738
2.73958
13.9023
14.7013
15.579
16.7846
16.7115
18.3533
17.4114
19.6017
18.0572
20.3948
22.115
83.6255
50.8302
30.8982
669.07
305.7
2358.73
15602.3
158.957
126.696
148.519
77.3486
15609
2515.23
903.154
478.024
206.421
93.3938
12.8887
212.141
66.3553
79.6723
157.626
1.18767
1.11345
1.07802
1.06076
1.03758
1.02373
1.01053
1.00049
0.992738
0.986138
0.981753
0.979267
0.978643
0.979911
0.982566
0.986965
0.992978
1.00073
1.01047
1.02136
1.03281
1.04393
1.05474
1.26985
1.18797
1.34017
1.31056
1.15437
1.37778
1.36245
1.1188
1.43337
1.40853
1.55482
1.51142
1.08686
1.68705
1.6145
1.89535
1.79482
2.23597
2.10859
1.06483
2.3658
19.8532
12.2323
4.34213
3.10853
9.72844
8.11558
11.3124
16.6932
16.5133
20.6908
2.48799
17.9004
18.8989
19.8472
21.2229
21.5828
23.5131
23.0878
25.851
24.8604
28.4291
33.3662
85.7734
52.8656
2370.13
684.799
298.485
15596.1
163.948
128.793
152.47
77.3611
15599.4
2526.93
893.241
510.044
163.25
86.5348
2.95721
146.7
21.9415
91.0274
147.4
1.09483
1.06936
1.04974
1.03777
1.02467
1.01555
1.00656
0.99854
0.992442
0.986291
0.983095
0.981603
0.982164
0.984303
0.988208
0.993727
1.00084
1.00832
1.01624
1.02475
1.03353
1.04338
1.05369
1.21848
1.31211
1.28178
1.1706
1.35995
1.33584
1.14015
1.39954
1.37627
1.10547
1.46348
1.43643
1.60305
1.54812
1.07819
1.73704
1.68026
1.99556
1.87917
2.23496
1.06355
24.9066
16.7042
3.56854
6.53435
5.10313
2.68313
14.9408
12.7598
16.205
21.7545
21.3865
25.9293
2.3509
22.4858
23.7224
25.0237
26.5215
28.0711
29.979
32.0938
35.1892
37.4454
41.6767
56.0845
87.3249
15600.1
2389.25
678.089
297.728
162.981
129.281
154.037
78.0907
15600
2506.14
908.953
230.324
496.567
125.342
82.0138
1.29791
84.4833
6.29876
116.764
121.027
1.05675
1.04826
1.03517
1.02795
1.01859
1.01252
1.00585
0.998766
0.995501
0.991763
0.989657
0.988925
0.990279
0.993184
0.997658
1.00355
1.01007
1.01728
1.02526
1.03367
1.04248
1.051
1.05908
1.26011
1.1875
1.32657
1.30394
1.15888
1.36964
1.34807
1.1246
1.42458
1.38757
1.09519
1.48958
1.45776
1.66695
1.60204
1.07398
1.77979
1.73481
2.09863
2.00185
1.06671
30.4702
21.8618
4.26577
2.98042
9.89834
6.70586
2.48273
20.741
18.7964
21.741
27.4116
26.8225
31.505
2.1749
27.9425
29.2527
31.6309
33.1587
37.1947
39.0663
45.3852
48.2398
59.1792
62.0883
88.0264
15602.6
2370.28
679.139
295.954
163.344
129.141
154.247
82.9047
15598.1
2515.43
895.753
215.191
514.123
103.352
79.4088
1.03615
32.0887
2.09449
116.443
85.2672
1.04069
1.03776
1.02799
1.02487
1.01688
1.01223
1.00965
1.00626
1.0041
1.0031
1.00293
1.00345
1.00482
1.00723
1.01156
1.01679
1.02292
1.02977
1.03719
1.04512
1.05291
1.0605
1.06779
1.20936
1.30248
1.26885
1.17295
1.34111
1.31857
1.14364
1.38246
1.36419
1.11164
1.451
1.40936
1.08642
1.52823
1.48025
1.7083
1.65689
1.07243
1.83947
1.76354
2.09402
1.07451
36.6534
27.6359
3.27257
4.61601
7.01277
2.69851
15.6699
11.5405
2.23739
27.0953
25.3807
27.6483
33.1099
32.4245
37.4508
34.4868
35.6555
40.6126
41.877
49.8013
51.1947
64.2594
65.6264
89.0043
15609.5
2374.62
680.943
296.757
162.153
126.879
153.612
94.7797
15603.3
2485.11
910.136
168.403
233.441
504.638
89.8429
80.0359
1.01969
11.2724
1.23584
107.976
43.8006
1.03306
1.03248
1.02563
1.02505
1.02257
1.01926
1.0186
1.01783
1.01836
1.01912
1.02118
1.02373
1.02666
1.02955
1.03273
1.03785
1.04329
1.04896
1.05523
1.06159
1.06805
1.07438
1.08042
1.23927
1.18565
1.30685
1.29277
1.16029
1.35427
1.32618
1.12784
1.39082
1.37174
1.10188
1.46908
1.43017
1.08163
1.57864
1.5065
1.72991
1.68626
1.07358
1.9685
1.82349
2.12624
1.08609
44.0996
33.4166
3.74228
2.92844
3.3308
6.4719
11.7839
2.37201
22.297
17.6644
33.2407
32.047
33.4914
38.6324
38.1409
44.3923
42.8307
43.5636
52.2474
52.8326
66.4697
66.7937
89.175
89.1095
15601.6
2377.42
683.033
298.139
160.01
124.075
150.05
102.16
15594.7
2504.25
905.249
126.081
213.708
493.072
82.4845
84.2685
1.05751
3.85619
1.1905
87.0223
17.8633
1.0295
1.03308
1.02848
1.02977
1.03039
1.02949
1.03058
1.03349
1.0374
1.04216
1.0476
1.05327
1.05878
1.06427
1.06951
1.07392
1.07727
1.08051
1.08465
1.0892
1.09377
1.09826
1.10277
1.20103
1.27917
1.24425
1.17212
1.31699
1.30297
1.14438
1.36163
1.3419
1.11552
1.41054
1.37684
1.09307
1.49495
1.4567
1.07976
1.63303
1.551
1.78264
1.69917
1.08057
2.02983
1.93212
2.16243
1.10716
52.8579
38.8531
4.32648
2.57689
3.0589
3.5283
10.4192
18.1442
29.5385
25.0216
38.5973
37.7501
38.8521
44.6158
44.5891
52.4009
53.0553
53.0757
66.8243
66.2504
88.44
87.244
120.954
15603.6
2378.82
689.44
298.146
157.43
146.721
99.0357
15605.1
2492.13
897.526
100.057
163.166
205.751
489.673
79.1626
93.2651
1.05489
1.83581
1.3169
55.7266
6.57147
1.03218
1.03804
1.03582
1.03616
1.03964
1.04356
1.04957
1.05713
1.06622
1.07565
1.08528
1.0945
1.10342
1.11153
1.11849
1.12453
1.1292
1.13253
1.13516
1.13693
1.13869
1.14084
1.14341
1.22103
1.18124
1.28988
1.26255
1.15931
1.32352
1.30947
1.12822
1.36417
1.3482
1.10745
1.43626
1.38737
1.08729
1.52436
1.47469
1.07966
1.65903
1.59436
1.87343
1.74057
1.09125
2.05066
1.9748
2.28328
1.14668
62.9833
44.5573
5.58504
2.73916
3.29553
3.01952
3.9166
16.804
25.8238
35.8789
32.4368
43.685
42.7684
44.1466
51.1508
51.8267
61.5645
65.3945
64.3496
85.1849
82.7271
117.553
113.884
15590.7
2387.29
691.17
302.075
154.582
142.213
88.8319
15594.5
2476.3
913.084
85.7072
117.358
196.507
480.012
80.4415
92.6199
1.09936
1.57196
1.26096
24.9826
2.79326
1.03742
1.03997
1.04398
1.04701
1.0561
1.06607
1.07819
1.09143
1.10523
1.1189
1.13185
1.14402
1.15511
1.16527
1.1741
1.18102
1.18628
1.19059
1.19426
1.19701
1.19926
1.20121
1.20338
1.19064
1.24886
1.22028
1.16951
1.29941
1.27325
1.14161
1.32852
1.31234
1.11852
1.37059
1.35327
1.09688
1.45614
1.40807
1.08539
1.56139
1.49948
1.086
1.67164
1.61944
1.90967
1.81171
1.11137
2.07559
1.98773
2.46128
1.20604
74.5095
50.6432
8.06655
2.89429
2.70661
3.56112
3.11716
4.73573
24.275
32.9724
41.0926
38.5106
48.7942
47.7728
49.6146
58.2162
60.0592
71.7265
79.9717
77.3778
109.031
103.886
138.635
15586.3
2385.46
699.955
306.863
151.721
65.7919
15604.6
2509.21
897.535
80.3229
91.6628
145.872
203.119
471.657
85.7093
88.5487
1.06912
1.6346
1.29429
9.87678
2.04967
1.0442
1.04841
1.05929
1.06933
1.08353
1.09905
1.11586
1.13306
1.14988
1.16599
1.18091
1.19467
1.20748
1.21894
1.22862
1.23694
1.24411
1.24987
1.25411
1.25731
1.25967
1.26171
1.26372
1.2011
1.1758
1.25658
1.23283
1.15419
1.30266
1.28373
1.12779
1.33384
1.31286
1.11034
1.37792
1.35663
1.09159
1.4767
1.42585
1.08512
1.57913
1.52327
1.09569
1.70686
1.63222
1.92358
1.84559
1.1507
2.15474
2.00695
2.57515
1.2657
87.9119
57.2061
12.9251
2.9125
2.79137
4.01901
3.2768
6.23166
31.1418
39.0387
45.899
43.8158
53.9553
52.8161
55.4627
66.065
69.4484
82.7551
97.6269
92.5523
133.068
127.338
15586.2
2392.37
710.199
313.21
148.64
33.1646
15595.9
2489.91
893.123
79.5147
82.0856
102.178
152.996
199.615
469.536
88.243
72.5113
1.05218
1.61515
1.31874
4.01874
1.95706
1.05894
1.06669
1.08533
1.10158
1.12039
1.13888
1.15739
1.17577
1.19351
1.21065
1.22677
1.24199
1.25584
1.2681
1.279
1.2887
1.29677
1.30314
1.30832
1.31253
1.31599
1.3189
1.32136
1.20823
1.18023
1.16322
1.26766
1.24235
1.13658
1.30289
1.28819
1.12089
1.33806
1.31338
1.09928
1.38839
1.35914
1.08984
1.49718
1.44927
1.09046
1.58898
1.53529
1.11538
1.75877
1.66818
1.94569
1.86087
1.20898
2.33196
2.09014
2.55004
2.70557
1.32357
103.639
64.2122
19.4279
2.98022
2.83045
4.87467
3.55593
8.74645
37.5225
44.6373
50.5897
48.822
59.3824
58.0409
61.9182
75.1028
79.986
94.7704
118.374
109.354
145.403
15590.1
2401.96
722.226
320.249
13.5561
15604.6
2473.29
908.487
81.6456
79.1049
84.9143
110.044
178.265
458.452
87.0378
40.9541
1.0547
1.5258
1.27629
2.55445
1.95163
1.08464
1.09687
1.11911
1.13966
1.16014
1.17914
1.19685
1.21369
1.22964
1.24516
1.25988
1.27388
1.28683
1.29874
1.30963
1.31927
1.32747
1.33435
1.34008
1.34484
1.34863
1.35167
1.35417
1.18374
1.25006
1.23447
1.20354
1.16764
1.14553
1.27188
1.1278
1.29925
1.28914
1.10957
1.3408
1.31239
1.09471
1.40722
1.36208
1.08954
1.50521
1.46612
1.09934
1.61938
1.54123
1.15534
1.78591
1.71163
2.04208
1.87881
1.26735
2.43866
2.23921
2.64829
2.7655
1.35621
119.621
71.612
25.734
3.09779
2.88428
6.21276
4.02352
12.8505
43.7826
49.9004
55.2927
53.6081
65.4017
63.6775
69.1436
85.6499
90.5198
109.123
138.225
125.329
327.186
15602.7
2410.78
735.804
5.31652
15602.1
2524.16
890.844
86.0176
80.2666
80.2568
87.7456
130.568
172.574
452.28
74.7845
16.7118
1.07121
1.50598
1.21692
2.2684
1.81166
1.1174
1.13503
1.15292
1.16988
1.18592
1.20205
1.21728
1.23223
1.24682
1.26106
1.27471
1.28787
1.30037
1.31211
1.32286
1.33232
1.34046
1.34738
1.35321
1.35791
1.36159
1.36448
1.36671
1.18531
1.16939
1.25597
1.23455
1.2105
1.15315
1.13259
1.27365
1.12003
1.29522
1.28708
1.10043
1.34311
1.31261
1.09318
1.42588
1.36932
1.09383
1.50778
1.47384
1.11933
1.65943
1.56035
1.21171
1.79885
1.73494
2.16923
1.96859
1.3257
2.57822
2.43208
2.332
2.70963
2.83202
1.36833
138.217
79.6407
31.8439
3.30529
2.99625
7.98613
4.72371
17.7316
50.0632
55.136
60.4041
58.5612
71.9251
69.7604
76.9508
96.2406
100.299
125.624
158.306
141.055
749.208
314.485
15600.2
2425.25
3.0237
15595.7
2486.74
891.157
85.6616
84.5226
80.6618
81.3899
93.2396
126.834
164.144
446.446
46.2592
6.39117
1.0641
1.47412
1.19332
2.23532
1.7206
1.13801
1.1535
1.16754
1.18262
1.19589
1.21115
1.22547
1.23968
1.25352
1.26708
1.2802
1.29304
1.30535
1.31682
1.32715
1.33618
1.34397
1.35062
1.3561
1.36041
1.36375
1.36629
1.3681
1.18515
1.16962
1.15702
1.25789
1.24037
1.21662
1.13678
1.12633
1.27284
1.10706
1.28886
1.27951
1.09687
1.34451
1.31451
1.09279
1.43613
1.37757
1.10255
1.51208
1.47558
1.16016
1.68076
1.58974
1.26926
1.8103
1.74462
2.2531
2.08869
1.35798
2.66606
2.5376
2.34186
2.47856
2.79146
2.93747
1.36932
357.27
88.1834
38.6502
3.60588
3.16232
10.1929
5.75779
22.9395
56.576
60.5803
66.017
63.9016
78.8772
76.2117
84.9069
105.63
110.634
153.125
346.397
2442
735.383
15607.7
2.55208
15604.8
2498.38
882.249
75.2075
84.4853
83.813
81.6502
83.3324
92.5719
128.616
118.3
438.062
18.5864
3.3863
1.05443
1.42488
1.17731
2.03841
1.63696
1.14495
1.16088
1.17145
1.18555
1.19601
1.21036
1.22197
1.23446
1.24642
1.25908
1.27155
1.28425
1.29635
1.30758
1.3178
1.32682
1.33457
1.34104
1.34613
1.34987
1.35244
1.35394
1.35436
1.18641
1.16603
1.21911
1.15834
1.13971
1.25849
1.24051
1.12952
1.11433
1.26362
1.10115
1.28477
1.27147
1.09535
1.34581
1.31855
1.09645
1.44014
1.38759
1.12314
1.52133
1.47123
1.21494
1.68983
1.61432
1.32798
1.86261
1.74761
2.39833
2.26293
2.42365
2.16466
1.36965
2.75837
2.61328
2.55381
2.90915
3.08703
1.35378
778.034
342.783
96.0291
46.3444
4.01272
3.39477
13.415
6.98394
28.6715
63.1993
66.3046
72.0559
69.7791
85.6853
82.7112
92.3636
122.156
126.732
763.304
15601
2407.64
2.45197
15603.6
2478.64
878.9
47.8654
74.2496
82.9978
84.0569
83.4369
85.0107
96.71
188.396
101.686
432.908
6.92367
2.76917
1.05016
1.37123
1.1623
1.91485
1.54564
1.14003
1.15842
1.15994
1.17403
1.17566
1.18584
1.19143
1.20222
1.21046
1.22224
1.23297
1.24491
1.25673
1.26763
1.27771
1.28628
1.2934
1.29901
1.30285
1.30488
1.30521
1.30393
1.30064
1.16119
1.22183
1.22065
1.20222
1.17122
1.15687
1.14177
1.13094
1.24856
1.23574
1.11988
1.1056
1.25597
1.09772
1.28154
1.26499
1.09507
1.34615
1.32001
1.1054
1.43727
1.3917
1.16517
1.54156
1.4691
1.27182
1.69069
1.62592
1.35977
1.95267
1.76967
2.44083
2.50664
2.35054
2.27214
1.3702
2.88031
2.71399
2.6632
3.04137
3.26359
1.29554
2466.31
735.283
366.118
103.784
55.1363
4.55962
3.68321
17.5771
8.64076
36.876
69.748
72.583
78.15
76.053
91.4282
88.376
100.114
155.215
2443.3
15597.9
2.20356
15593
2483.99
868.656
18.7448
46.5766
71.0264
81.621
84.3161
84.8499
88.7318
125.527
90.7885
166.314
416.196
3.60665
2.58915
1.04213
1.3154
1.16004
1.81575
1.46106
1.11728
1.13536
1.12446
1.13396
1.12642
1.12931
1.1284
1.13376
1.13602
1.1418
1.147
1.15431
1.16349
1.17344
1.18221
1.1891
1.19437
1.19783
1.19873
1.19727
1.19347
1.1867
1.17703
1.15578
1.15036
1.22884
1.21445
1.19599
1.17321
1.14237
1.13127
1.12285
1.24387
1.10923
1.10117
1.24772
1.09626
1.28026
1.25673
1.09846
1.34415
1.32058
1.12676
1.42846
1.39267
1.21877
1.55369
1.4676
1.33036
1.68974
1.629
1.37089
2.03078
1.80319
2.58039
2.52633
2.39619
2.46195
2.4242
2.2712
1.35231
3.03101
2.85496
2.78276
3.22347
3.50869
1.16532
15598.5
2398.06
768.384
365.555
115.612
64.3374
5.28093
4.06692
24.5199
11.0662
47.7498
76.3583
79.2676
83.4273
81.6285
97.9719
94.865
116.134
15592.8
2.00771
15603.8
2470.37
858.677
6.89129
17.5575
41.4904
66.5857
79.735
82.664
86.9698
97.4069
89.6789
120.438
148.976
414.35
2.88653
2.327
1.03435
1.25398
1.12145
1.70189
1.41727
1.0691
1.08772
1.06145
1.06211
1.05185
1.05073
1.04571
1.04644
1.04491
1.0477
1.05138
1.05736
1.06351
1.06895
1.07281
1.0749
1.07575
1.07513
1.07288
1.06934
1.0646
1.05811
1.05104
1.14707
1.143
1.14051
1.22997
1.21651
1.2048
1.1946
1.17456
1.12983
1.12394
1.11165
1.10436
1.09725
1.23516
1.09647
1.28134
1.2505
1.10786
1.33846
1.31452
1.17021
1.41758
1.38673
1.27481
1.55823
1.46745
1.36174
1.69265
1.61602
1.37093
2.11696
1.86448
2.70888
2.60717
2.51222
2.40951
2.33684
1.28899
3.19576
2.9962
2.93892
3.42531
3.77842
1.04421
15615.6
2452.27
747.653
374.781
73.1283
6.25748
4.53811
35.4702
15.1388
60.5594
82.8876
84.7811
87.1821
85.4058
108.106
109.948
145.343
1.83877
15618.1
2461.37
860.712
3.6486
6.49328
15.1388
33.118
61.8741
73.8359
80.5643
91.3578
87.2386
96.6837
120.554
119.281
383.725
2.62824
2.14143
1.08868
1.21695
1.55036
1.39581
1.00127
1.01571
0.987332
0.983732
0.972275
0.970833
0.965747
0.967278
0.968452
0.974067
0.980029
0.985602
0.990672
0.994917
0.997307
0.99825
0.998316
0.997275
0.995622
0.993619
0.990947
0.988272
0.985953
1.1414
1.13373
1.1714
1.13516
1.12649
1.22054
1.20727
1.19491
1.18021
1.12395
1.11294
1.10594
1.09875
1.0963
1.22904
1.09967
1.27725
1.24818
1.13078
1.33312
1.30605
1.22269
1.40729
1.37829
1.33336
1.54763
1.46943
1.37239
1.70644
1.60682
1.34982
2.18242
1.92234
2.82021
2.68183
2.53485
2.45871
2.35668
1.15275
3.39242
3.17294
3.08596
3.6607
4.14264
0.983422
15612.9
2407.77
767.848
362.688
80.902
7.96383
5.1811
50.4305
22.8584
73.5524
88.0022
87.6948
91.9181
88.3017
371.965
127.416
1.71538
15608.5
2500.3
830.851
2.90462
3.56978
5.76261
12.0012
26.3064
50.3615
64.3616
89.5394
76.9003
92.2518
101.916
104.582
145.795
397.035
2.31102
1.88216
1.03035
1.15604
1.14341
1.49759
1.2543
0.927338
0.935253
0.916256
0.916336
0.910095
0.91443
0.915108
0.921177
0.927078
0.93514
0.941361
0.946676
0.951557
0.954841
0.956406
0.956829
0.95655
0.955908
0.955104
0.954179
0.953583
0.952788
0.951587
1.13203
1.12414
1.1675
1.15948
1.12719
1.12253
1.12023
1.20934
1.19263
1.17904
1.17392
1.11329
1.10654
1.10006
1.0964
1.09666
1.21723
1.11035
1.27067
1.24129
1.17428
1.32474
1.29535
1.27923
1.3944
1.36276
1.36352
1.53476
1.46184
1.37108
1.72665
1.59639
1.28076
2.28275
2.11087
2.36302
1.94888
2.96294
2.80032
2.64143
2.47661
1.03804
3.57398
3.33782
3.25786
3.92811
4.62524
0.950075
15637.2
2457.67
736.954
87.481
10.8608
6.29525
67.8017
36.7507
84.4098
90.3083
90.2018
106.691
93.043
356.408
758.606
1.67152
15589
2460.81
850.331
2.66104
2.90574
3.43537
4.93265
9.16095
19.9374
36.6729
84.6208
51.4958
87.4216
94.8937
116.929
99.2374
127.499
380.387
2.08259
1.77704
1.0201
1.17191
1.21462
1.31942
0.875585
0.883528
0.87383
0.879383
0.878549
0.886452
0.889892
0.897816
0.904333
0.910998
0.916654
0.921889
0.925394
0.927347
0.927825
0.927633
0.927261
0.926931
0.926589
0.926903
0.926543
0.926021
0.925308
1.11892
1.11335
1.14875
1.14052
1.1178
1.15804
1.11645
1.1163
1.11157
1.19581
1.18028
1.17041
1.10651
1.1006
1.09649
1.09567
1.10065
1.2098
1.13514
1.26124
1.23876
1.2273
1.31162
1.28352
1.33656
1.38067
1.34761
1.37353
1.51787
1.4487
1.34646
1.73734
1.58149
1.1399
2.24644
2.35924
2.14424
1.95284
3.1252
2.94343
2.68387
2.49593
0.980879
3.80262
3.51093
3.40601
4.32832
5.48195
0.925289
15633.4
2399.39
91.9596
15.9281
8.37541
84.6442
56.5196
92.354
92.4391
94.5261
129.067
106.398
359.257
727.926
2453.77
1.46654
15620.3
2487.7
830.909
2.27019
2.56549
2.79361
3.16315
4.0895
6.8221
14.2224
69.8467
22.6949
76.2867
84.0217
103.572
91.1735
125.305
111.769
356.202
1.98773
1.54719
1.08421
1.01059
1.22349
1.24126
1.28085
0.847432
0.857599
0.852667
0.860178
0.860159
0.867428
0.871076
0.877916
0.883416
0.889646
0.896024
0.90138
0.904492
0.90564
0.905421
0.905197
0.9048
0.904908
0.905492
0.905463
0.905301
0.905632
0.906174
1.10255
1.10164
1.12737
1.11947
1.10744
1.14837
1.13519
1.10915
1.15254
1.11026
1.10813
1.10438
1.18652
1.16908
1.10053
1.09609
1.09499
1.09644
1.11268
1.20492
1.17831
1.24678
1.22637
1.2851
1.29562
1.26954
1.3651
1.36316
1.33012
1.37071
1.48973
1.43289
1.26986
1.74044
1.56033
1.03205
2.34638
2.24463
2.14515
2.13148
2.01441
1.87856
3.26507
3.04688
2.8105
2.55547
0.949573
4.10651
3.67961
3.54471
4.99029
7.02649
0.908998
15619.1
93.8101
25.2308
12.3995
95.6521
78.5094
95.9357
96.4256
106.16
124.968
736.391
346.701
2382.64
15573.4
1.37847
15615.6
2476.54
806.965
2.10942
2.37277
2.53672
2.80902
3.04472
3.59501
5.2405
39.6535
8.25445
53.6118
62.8667
95.1891
74.0462
154.492
114.061
103.573
357.922
1.71827
1.4513
1.15535
1.05176
1.00602
1.27057
1.30497
0.830974
0.838189
0.83427
0.840962
0.841874
0.84927
0.855327
0.863932
0.871218
0.877472
0.88252
0.88712
0.889628
0.889658
0.889024
0.888191
0.887929
0.888411
0.888508
0.888628
0.88945
0.891019
0.894004
1.08603
1.08909
1.1056
1.09868
1.09639
1.12093
1.11051
1.10013
1.14425
1.12783
1.10354
1.15445
1.10341
1.10158
1.09878
1.17517
1.09549
1.09381
1.09459
1.10145
1.13913
1.19505
1.23321
1.23488
1.21788
1.33971
1.27705
1.25459
1.37437
1.34254
1.31123
1.34156
1.45702
1.40846
1.12538
1.8985
1.73995
1.54147
0.97904
2.35731
2.20597
2.09238
1.96164
3.38429
3.17372
2.89536
2.6172
0.927418
4.63021
3.90516
3.68588
6.28687
10.2255
0.897641
94.852
43.4718
19.9119
99.7133
94.899
97.4823
106.745
121.105
2398.99
739.501
335.734
15575.1
15612.9
2448.54
801.169
1.83352
1.98908
2.19315
2.37097
2.60506
2.79844
3.20685
14.4802
3.88696
26.0587
35.5537
79.2559
47.6424
124.358
107.398
87.3681
131.981
347.986
1.55409
1.36894
1.26237
1.08439
1.02334
1.00309
1.31773
0.815926
0.818602
0.816741
0.825918
0.831204
0.840941
0.849136
0.858721
0.866468
0.872277
0.875935
0.878175
0.878619
0.877185
0.875468
0.874574
0.874229
0.874564
0.874847
0.875754
0.878444
0.881536
0.885821
1.0696
1.0761
1.08417
1.07753
1.08471
1.09507
1.08625
1.09071
1.1198
1.10614
1.09537
1.14673
1.13299
1.09733
1.16632
1.09705
1.09596
1.09407
1.09208
1.09305
1.09592
1.11522
1.18335
1.19029
1.29171
1.21702
1.20313
1.36647
1.25792
1.2355
1.36947
1.31871
1.28878
1.25545
1.42775
1.38106
1.02568
1.89689
1.71584
1.84448
1.52109
0.950196
2.34817
2.18068
2.06465
1.94703
3.46242
3.20413
2.91272
2.64074
0.911797
5.64737
4.27711
3.89535
8.98088
16.8057
0.890785
98.5465
68.0649
33.8846
100.954
101.556
97.5521
118.836
15601.4
2419.25
714.416
336.652
15617.2
2434.32
791.153
1.65517
1.74901
1.89571
2.05723
2.20295
2.42621
2.62378
5.41678
2.90354
9.00327
13.985
56.4999
21.5419
112.781
94.3632
63.6443
129.895
121.957
324.381
1.44345
1.3183
1.35352
1.13169
1.29588
1.04597
1.00842
1.00019
0.809302
0.811143
0.811147
0.820844
0.82807
0.838598
0.847815
0.857595
0.86535
0.870779
0.872993
0.87246
0.870454
0.867003
0.864635
0.863654
0.863405
0.863811
0.864663
0.867905
0.871286
0.875896
0.88169
1.0549
1.06311
1.06392
1.05781
1.07301
1.07263
1.06539
1.08028
1.09718
1.08731
1.08646
1.12668
1.11494
1.09024
1.16061
1.14928
1.09181
1.09216
1.09126
1.09008
1.09075
1.09299
1.10235
1.14354
1.24003
1.17492
1.34325
1.20314
1.18862
1.37473
1.23848
1.218
1.33429
1.29584
1.26431
1.10932
1.39829
1.34937
0.976984
1.77789
1.71863
1.82192
1.63637
1.88864
1.50748
0.928795
2.36836
2.16147
2.02338
3.52305
3.19751
2.90094
2.64554
0.901236
7.86274
4.99781
4.31008
14.6869
28.9815
0.887848
108.1
89.782
57.2032
100.994
102.847
100.128
15611.5
2368.15
728.323
336.316
15575.2
2472.77
768.268
1.51222
1.59425
1.67146
1.79937
1.89746
2.0701
2.21423
3.22619
2.3947
3.96069
5.26844
28.8904
7.79157
99.2949
71.8917
36.5254
124.386
151.451
109.2
335.858
1.41715
1.36191
1.20322
1.06968
1.3153
1.02109
1.00136
0.999003
0.808501
0.810316
0.811212
0.82032
0.82918
0.841048
0.852515
0.862117
0.868625
0.871564
0.872066
0.869264
0.864416
0.859509
0.856357
0.854945
0.854759
0.855842
0.858561
0.862358
0.867281
0.873292
0.880136
1.04064
1.05062
1.04767
1.04305
1.06126
1.05562
1.05092
1.06974
1.07759
1.07199
1.07682
1.1092
1.09703
1.08214
1.14248
1.1269
1.08534
1.16506
1.08707
1.08768
1.08759
1.0881
1.09046
1.09555
1.1179
1.18958
1.29945
1.36792
1.18299
1.1743
1.36727
1.21568
1.19721
1.23677
1.26772
1.24046
1.01842
1.37036
1.32131
0.949705
1.73496
1.81194
1.66446
1.86716
1.64273
1.97415
1.48803
0.913719
2.36924
2.12889
3.71527
3.21811
2.85469
2.59265
0.896383
12.6184
6.60969
5.26111
25.5456
49.4662
0.88708
118.899
99.9466
80.5564
101.797
102.839
104.187
15606.7
2394.26
729.74
328.886
15584.5
2437.51
766.782
1.48598
1.55675
1.64718
1.73975
1.87151
1.98171
2.61329
2.1313
2.84277
3.13575
10.7935
3.78419
78.1182
44.1711
14.8973
132.936
114.272
85.4965
134.158
328.262
1.41301
1.09625
1.22634
1.26114
1.0307
1.35709
1.00483
0.997378
0.998605
0.816715
0.816957
0.82163
0.832318
0.846172
0.860274
0.871192
0.877072
0.878053
0.87627
0.871807
0.865656
0.85958
0.853149
0.848624
0.847033
0.848153
0.850414
0.854466
0.859637
0.865776
0.872588
0.8802
1.02641
1.03906
1.03618
1.03292
1.04983
1.04392
1.04061
1.05888
1.06402
1.06012
1.06687
1.09039
1.07913
1.07334
1.11872
1.10209
1.07811
1.14914
1.13539
1.08129
1.0831
1.08406
1.08503
1.08742
1.09136
1.10329
1.14874
1.24796
1.34811
1.37491
1.1669
1.15621
1.32519
1.1952
1.17861
1.09185
1.24438
1.21349
0.974182
1.33903
1.28991
0.929228
1.70428
1.7864
1.91304
1.64778
1.95135
1.60721
2.11504
1.45674
1.58925
0.905764
2.36027
4.08593
3.31528
2.83919
2.54407
0.894641
21.7209
10.0472
7.17244
43.2705
71.2447
0.889534
126.175
102.856
94.0786
104.474
102.55
113.049
15613.7
2402.96
719.221
337.555
15613.6
2432.81
753.165
1.46791
1.54082
1.62842
1.72189
2.28493
1.83124
2.45977
2.6298
4.47999
2.87062
50.242
19.3484
5.61522
122.518
92.5047
55.5875
136.142
127.687
324.265
1.14429
1.05167
1.24517
1.2884
1.01003
1.3871
0.998011
0.995303
0.998671
0.841804
0.84041
0.846461
0.865926
0.886478
0.903107
0.909402
0.905163
0.895047
0.883281
0.872269
0.862166
0.853413
0.846137
0.841294
0.841235
0.843744
0.847609
0.852773
0.858763
0.865786
0.875014
0.885273
1.02995
1.01837
1.02816
1.03878
1.03541
1.03284
1.04833
1.05285
1.04921
1.05668
1.07169
1.06254
1.06404
1.09403
1.07935
1.07
1.12066
1.10586
1.07445
1.14194
1.07764
1.0798
1.08136
1.08399
1.08756
1.09539
1.12073
1.1972
1.30904
1.37032
1.36489
1.14737
1.21396
1.17081
1.15752
1.01044
1.21831
1.18947
0.948701
1.30828
1.2592
0.916732
1.76098
1.67106
1.90479
2.0828
1.60412
2.10692
2.33327
1.42688
1.5579
1.54252
0.902342
4.92765
3.52711
2.83023
2.48221
0.894562
36.3863
16.4987
10.7727
62.8031
85.8745
0.896223
102.866
99.3729
113.087
103.33
124.831
15612
2374
731.029
336.926
15607
2420.41
744.804
1.44534
1.4984
1.57367
1.96078
1.6476
2.0992
2.23964
3.08607
2.39175
23.2664
7.09076
3.39277
100.757
61.6973
27.3754
136.383
131.595
108.696
321.664
1.21205
1.07073
1.02185
1.27253
1.33401
1.0006
0.995131
0.995302
0.998822
0.895308
0.898954
0.908142
0.945294
0.975474
0.991449
0.982928
0.956264
0.923217
0.894622
0.872753
0.857506
0.846917
0.839558
0.836256
0.838023
0.841775
0.846602
0.852502
0.860403
0.870497
0.880858
0.892146
1.01292
1.02955
1.02577
1.00485
1.01725
1.02845
1.03799
1.04211
1.03742
1.04662
1.05582
1.04845
1.05445
1.07224
1.06061
1.06139
1.09383
1.0801
1.06702
1.12365
1.10998
1.07141
1.0746
1.07711
1.08009
1.08378
1.09
1.1042
1.15489
1.25728
1.35458
1.37566
1.31394
1.13027
1.07385
1.15014
1.13953
0.97084
1.19245
1.16773
0.929966
1.27818
1.22863
0.911011
1.8763
1.73768
1.64519
2.06063
2.22098
1.58925
2.27098
1.38704
1.50981
1.49418
1.55466
0.901332
6.37652
3.93853
2.85886
2.4393
0.900268
52.4234
27.0535
16.1549
75.8129
92.9912
0.904877
102.172
100.535
125.125
107.273
15608
2405.94
727.409
341.311
15598.2
2412.06
739.114
1.37874
1.43473
1.75173
1.49605
1.85712
1.97298
2.55734
2.08883
8.52899
3.77435
2.72602
68.0326
30.4912
9.92553
139.254
132.185
114.24
73.3916
325.17
1.11844
1.29505
1.23206
1.24334
1.03458
1.00573
0.996465
0.995211
0.996456
0.999067
0.990036
1.0208
1.02297
1.08285
1.12293
1.13511
1.105
1.03605
0.963853
0.908215
0.872449
0.852263
0.840723
0.834897
0.833759
0.836745
0.841194
0.847186
0.855892
0.866022
0.876646
0.888709
0.902406
1.00502
1.01843
1.0145
1.0286
1.02459
1.00547
1.01757
1.02806
1.03682
1.04166
1.03526
1.04485
1.05468
1.04559
1.05235
1.07152
1.06002
1.05888
1.09443
1.08225
1.06431
1.11391
1.06874
1.07222
1.0756
1.07973
1.08491
1.09526
1.12389
1.2065
1.31955
1.37406
1.36214
1.18602
1.00216
1.12959
1.11964
0.947124
1.16728
1.14507
0.920728
1.24849
1.20216
0.908803
1.86761
2.01931
1.73078
1.63331
2.17051
2.39433
1.34587
1.45827
1.4417
1.54011
1.51104
1.61399
0.903958
8.51368
4.5589
2.9461
0.907916
64.0897
39.6712
23.1018
84.6599
96.2236
0.916866
101.967
100.378
134.047
118.273
15610.5
2376.22
734.315
343.386
15581.6
2407.47
739.142
1.33777
1.57089
1.39611
1.65657
1.74235
2.21538
1.84187
4.12679
2.90866
2.33874
32.6321
10.8349
4.46985
140.199
131.858
119.08
77.728
35.7375
323.423
1.06179
1.16152
1.25136
1.2732
1.01794
1.00023
0.996463
0.996583
0.998195
0.999704
1.12105
1.19668
1.19296
1.25992
1.29604
1.2908
1.24184
1.13907
1.01144
0.921461
0.870898
0.847009
0.836191
0.832462
0.832832
0.836613
0.843203
0.851842
0.861706
0.872937
0.885794
0.899955
0.914754
1.00657
1.00267
1.01719
1.01332
1.0281
1.02175
1.00572
1.01754
1.02721
1.03546
1.04054
1.03301
1.04318
1.05388
1.04416
1.0504
1.07095
1.061
1.0567
1.0977
1.08539
1.06208
1.06656
1.07065
1.07509
1.08027
1.08855
1.1055
1.16189
1.26772
1.36184
1.37747
1.29823
1.05706
0.967081
1.11214
1.10431
0.932138
1.14388
1.1254
0.916483
1.21776
1.1734
0.908641
2.00634
1.84792
2.14586
1.71157
2.36986
3.03886
1.29235
1.40646
1.39057
1.49625
1.4716
1.61071
1.59534
1.70741
0.911649
11.0333
5.30958
0.918917
71.7615
49.2523
30.4159
89.9518
97.8844
0.930668
103.674
100.074
131.684
15603
2394.61
740.825
339.318
15578
2416.19
733.089
1.45241
1.5277
1.59392
1.9315
1.68195
3.0878
2.46612
2.03898
11.4994
4.65318
3.23832
142.449
129.934
122.462
81.3329
39.2517
12.2164
329.493
1.09718
1.03239
1.22975
1.27752
1.3162
1.00951
0.999801
0.997922
0.998647
0.999776
1.00022
1.2827
1.396
1.39824
1.45165
1.46283
1.42331
1.34641
1.22759
1.05853
0.929536
0.868285
0.842727
0.833678
0.831593
0.833393
0.840115
0.848079
0.857801
0.86965
0.883
0.897417
0.912792
0.929365
1.00614
1.00298
1.01654
1.01082
1.02629
1.01933
1.0058
1.01704
1.0262
1.0341
1.03911
1.03093
1.04163
1.05239
1.04377
1.04857
1.07194
1.06218
1.05481
1.08821
1.06026
1.06504
1.07006
1.07531
1.0826
1.0951
1.12765
1.21681
1.33071
1.3783
1.3576
1.15583
0.994489
0.946181
1.09466
0.925161
1.12136
1.10442
0.915147
1.18117
1.14726
0.915187
1.98043
2.13212
1.84374
2.35488
3.13693
6.03081
1.24632
1.3631
1.35156
1.45492
1.43757
1.59495
1.5801
1.69467
1.69108
1.83422
0.920976
13.4342
0.932225
77.862
54.9413
35.0683
93.7263
98.6948
0.947614
109.315
100.838
134.225
15599.3
2411.44
731.727
347.973
15580.9
2406.5
736.082
1.36966
1.42282
1.75451
1.48782
2.58846
2.12202
1.84453
4.68651
3.32082
2.68075
142.814
127.084
123.915
84.9192
41.7798
12.7752
4.70103
328.268
1.14282
1.06373
1.0202
1.29819
1.25921
1.28506
1.007
1.00117
1.00031
1.00067
1.001
1.00072
1.45568
1.58813
1.59755
1.62561
1.58744
1.51085
1.41659
1.28206
1.08586
0.93228
0.86473
0.839857
0.832862
0.832519
0.83745
0.844848
0.854636
0.866653
0.880298
0.895102
0.911064
0.928251
0.946868
1.0059
1.00192
1.01498
1.00887
1.0233
1.01712
1.00575
1.01641
1.02514
1.03286
1.03662
1.02913
1.04022
1.0514
1.04313
1.04706
1.07523
1.0631
1.05321
1.05886
1.06442
1.07005
1.07712
1.08695
1.10744
1.169
1.27951
1.36913
1.37953
1.27598
1.04184
0.964299
0.935022
1.08004
0.922445
1.10003
1.08789
0.918306
1.15129
1.11559
0.92361
2.11948
1.97453
2.34382
3.16626
6.44862
15.4231
1.21182
1.3369
1.33039
1.4217
1.40915
1.57671
1.55221
1.67802
1.67037
1.83188
1.82363
1.95725
0.93389
0.948325
82.8451
59.2251
37.1557
96.4217
99.8132
0.966666
121.741
102.716
15589.4
2394.59
746.548
136.736
345.765
15590.5
2408.31
731.705
1.34513
1.55437
1.39335
2.21622
1.90879
1.6188
3.40992
2.76482
2.28817
144.144
123.425
123.827
88.6784
43.9236
13.7984
4.84693
3.44438
337.612
1.19439
1.08876
1.04265
1.01762
1.27053
1.30786
1.00833
1.0038
1.00334
1.00313
1.00224
1.00094
1.62412
1.76559
1.77015
1.7345
1.64696
1.55362
1.45509
1.30797
1.09655
0.931669
0.859581
0.83891
0.833984
0.83577
0.842093
0.85197
0.863886
0.877819
0.893155
0.90951
0.927188
0.946116
0.966298
1.00524
1.00128
1.01242
1.00721
1.01992
1.01467
1.00564
1.01576
1.02414
1.03172
1.03399
1.02714
1.03896
1.05176
1.04164
1.04576
1.06534
1.05207
1.0582
1.06438
1.07129
1.08015
1.09515
1.13185
1.22825
1.34233
1.38234
1.34916
1.12515
0.988595
0.947078
0.929981
0.922406
1.07765
1.07006
0.926895
1.12007
1.09477
0.935422
2.12491
2.33797
3.17593
6.58187
16.2855
1.32108
1.16748
1.38607
1.36737
1.54038
1.50236
1.65183
1.63432
1.81716
1.81055
1.95647
1.94886
2.13001
0.949073
0.96708
86.634
62.2017
37.7026
98.8485
101.526
0.988056
106.321
15599.3
2437.45
736.702
137.783
347.082
15578.9
2417.78
740.679
1.46051
1.98878
1.68165
1.5074
2.82104
2.36073
2.04204
139.409
120.161
122.865
92.3054
46.6414
15.4729
5.21395
3.43287
2.85842
339.043
1.2411
1.129
1.06172
1.03158
1.0168
1.29683
1.35489
1.01053
1.0074
1.0064
1.00551
1.00393
1.79865
1.90752
1.86173
1.7764
1.66825
1.57064
1.47154
1.31735
1.09791
0.921668
0.855148
0.839461
0.836235
0.840104
0.850016
0.8616
0.875662
0.891424
0.908094
0.926097
0.945377
0.965942
0.988015
1.00934
1.01676
1.01135
1.00546
1.01511
1.02325
1.03074
1.03211
1.02413
1.0379
1.05302
1.04048
1.04477
1.0515
1.05809
1.0653
1.07368
1.0856
1.10974
1.17668
1.29386
1.37533
1.37941
1.24715
1.02821
0.962766
0.938857
0.928656
0.929923
1.06138
1.05558
0.936981
1.09257
1.07088
0.950017
2.34633
3.15839
6.59272
16.4976
1.37762
1.35061
1.47597
1.41904
1.61009
1.57822
1.79705
1.7874
1.95154
1.94505
2.1533
2.16675
2.36008
0.967498
0.988074
89.7455
64.0057
37.6744
101.512
103.767
111.199
15594.4
2395.79
740.442
148.308
331.294
15602.8
2411.14
737.074
1.73756
1.56806
1.38664
2.39957
2.10003
1.79108
140.385
116.679
120.095
95.1388
50.0221
17.8128
5.89527
3.4337
2.87643
2.43433
1.3147
1.05016
1.02955
1.01823
1.01371
1.90541
1.95308
1.8835
1.78022
1.66756
1.57245
1.47532
1.31674
1.08034
0.904008
0.852918
0.840266
0.839769
0.848994
0.860192
0.874098
0.889778
0.906766
0.925081
0.944695
0.965625
0.987968
1.00525
1.01451
1.02246
1.02989
1.03037
1.0208
1.03711
1.04078
1.04427
1.05137
1.05878
1.06703
1.07787
1.09521
1.13708
1.24089
1.35307
1.38564
1.335
1.09501
0.983624
0.949071
0.935946
0.932487
0.939104
1.04344
0.951136
0.967793
3.08283
6.40534
16.3421
1.46525
1.42624
1.54479
1.49887
1.76082
1.74366
1.94213
1.92558
2.1805
2.18937
2.39302
2.41448
2.97508
0.988104
92.1227
64.4307
36.5798
104.743
106.517
118.155
15604.8
2403.03
734.146
147.669
15611.8
2410.09
1.60958
2.1337
1.8395
1.66691
127.994
113.178
116.409
96.6764
53.6637
20.6138
6.97665
3.49396
2.87456
2.46195
2.17004
1.02918
1.78176
1.88213
1.83314
1.7301
1.63194
1.55715
1.46805
1.2943
1.03965
0.888993
0.851909
0.842458
0.84917
0.859925
0.873091
0.888402
0.905597
0.924185
0.944106
0.965343
0.987924
1.00506
1.014
1.02181
1.02921
1.03669
1.04415
1.05186
1.06026
1.07026
1.08459
1.1121
1.18582
1.3105
1.38087
1.37614
1.20902
1.01611
0.961818
0.943259
0.935896
0.94172
0.952139
0.96804
0.988168
5.92768
15.4284
1.70113
1.90898
1.87744
2.19254
2.18407
2.44254
2.46149
2.86972
2.80915
5.28219
94.3208
64.3414
34.3453
108.362
109.688
15631.4
2414.52
15578.8
112.329
96.8404
57.3084
24.1533
8.41772
3.69773
2.84414
2.46777
1.48804
1.70617
1.71152
1.64181
1.57767
1.52924
1.44425
1.24913
0.995395
0.879949
0.851891
0.851189
0.860624
0.872459
0.887552
0.904684
0.923348
0.943572
0.965083
0.987888
1.00488
1.01355
1.02129
1.02883
1.03657
1.04456
1.053
1.06284
1.07556
1.09557
1.1432
1.25463
1.36432
1.38778
1.31383
1.07075
0.978986
0.95192
0.941686
0.944043
0.953046
0.968503
0.988241
13.7978
2.81207
4.64285
4.09389
11.9244
96.2212
63.2657
31.3338
15616.4
60.6673
27.8795
10.1261
1.21877
1.46772
1.54508
1.53675
1.52649
1.50092
1.40654
1.19021
0.959576
0.874418
0.856853
0.862739
0.872654
0.887167
0.904111
0.922675
0.943188
0.964867
0.987861
1.00473
1.0132
1.02094
1.02872
1.03684
1.04554
1.05518
1.06685
1.08392
1.11414
1.19747
1.32723
1.38695
1.36982
1.16731
1.00509
0.96208
0.948526
0.945809
0.954409
0.969073
0.988239
1.06273
1.23205
1.36662
1.43552
1.48533
1.46838
1.35685
1.12653
0.929477
0.872622
0.866589
0.874348
0.887268
0.90406
0.922389
0.94291
0.964686
0.98784
1.00461
1.01295
1.0208
1.02889
1.03763
1.04723
1.05857
1.07333
1.09594
1.14981
1.2704
1.37493
1.39006
1.28368
1.04913
0.975905
0.955332
0.948463
0.956338
0.969398
0.988132
1.01613
1.09348
1.22004
1.36702
1.45461
1.42939
1.29846
1.06219
0.908021
0.875021
0.878118
0.888397
0.904405
0.922581
0.942707
0.964557
0.987797
1.00452
1.01283
1.02086
1.02945
1.03907
1.04994
1.06357
1.08278
1.11612
1.21149
1.34385
1.39213
1.35803
1.12609
0.996734
0.963789
0.953687
0.958174
0.969587
0.988099
0.998984
1.03733
1.14328
1.33585
1.42679
1.38665
1.23177
0.999887
0.899955
0.884525
0.89121
0.905288
0.923137
0.942708
0.96453
0.987785
1.00446
1.01282
1.02123
1.03051
1.04124
1.05404
1.07066
1.09605
1.15712
1.28914
1.38409
1.38997
1.24277
1.03079
0.974839
0.959972
0.959504
0.970182
0.988171
0.989827
1.01562
1.12008
1.32419
1.39869
1.3389
1.15648
0.952154
0.898689
0.896125
0.90699
0.924067
0.943036
0.964597
0.98785
1.00446
1.01298
1.02198
1.03218
1.04435
1.05976
1.08071
1.11927
1.2265
1.35924
1.39665
1.33704
1.08888
0.99066
0.966735
0.961358
0.971434
0.988135
0.987371
1.01126
1.1225
1.32127
1.36851
1.28271
1.07659
0.930782
0.9036
0.910142
0.92545
0.943832
0.964924
0.987783
1.00451
1.01337
1.02309
1.03462
1.04878
1.06739
1.09616
1.16525
1.31044
1.39174
1.38376
1.19031
1.0158
0.975042
0.96517
0.972505
0.987975
0.989051
1.01542
1.14615
1.32043
1.33336
1.21539
1.00338
0.924147
0.915589
0.92739
0.945131
0.965395
0.988025
1.00463
1.01402
1.0247
1.03797
1.05493
1.07839
1.12304
1.24186
1.37435
1.39887
1.30159
1.05879
0.986405
0.970532
0.972725
0.987978
0.992379
1.02709
1.18438
1.31473
1.28959
1.13508
0.962033
0.924344
0.930241
0.946762
0.966146
0.988275
1.00482
1.01497
1.02704
1.04248
1.06346
1.09533
1.17536
1.33194
1.39934
1.37086
1.13324
1.00381
0.976438
0.972813
0.988202
0.996387
1.04933
1.22184
1.29754
1.23377
1.04887
0.946757
0.93452
0.948717
0.967298
0.988578
1.0051
1.01629
1.0303
1.04875
1.07548
1.12561
1.26069
1.38792
1.40066
1.24843
1.03334
0.984003
0.974947
0.988292
1.00139
1.08477
1.24151
1.26753
1.1625
0.988073
0.944374
0.95096
0.96877
0.988926
1.00553
1.01813
1.03463
1.05778
1.0932
1.18721
1.35285
1.40624
1.34487
1.08648
0.995275
0.979188
0.987702
1.00846
1.12717
1.24173
1.22383
1.07618
0.964958
0.952652
0.970288
0.989428
1.00615
1.02065
1.04064
1.0705
1.12705
1.28277
1.39819
1.39372
1.18201
1.01385
0.984799
0.98666
1.01637
1.16214
1.22317
1.16115
1.00371
0.961144
0.971622
0.990193
1.00693
1.02424
1.04921
1.08962
1.19762
1.36996
1.40916
1.2966
1.04885
0.990474
0.985647
1.03833
1.17486
1.18841
1.07761
0.977567
0.970595
0.991152
1.008
1.02921
1.06172
1.12713
1.30287
1.40637
1.37391
1.10964
1.00068
0.986982
1.06294
1.16281
1.13191
1.00578
0.975659
0.992095
1.00955
1.03628
1.08128
1.20605
1.38472
1.40816
1.2169
1.01975
0.989883
1.07455
1.12678
1.04998
0.983971
0.991345
1.01171
1.04702
1.12089
1.32068
1.41338
1.32908
1.05528
0.994924
1.0664
1.06728
0.997357
0.986303
1.01501
1.06327
1.20912
1.39292
1.38979
1.11634
1.00198
1.03142
1.00176
0.99172
1.02007
1.10095
1.33073
1.40965
1.23272
1.01135
0.974517
0.98617
1.02665
1.19453
1.38952
1.33833
1.03293
0.958888
1.04504
1.31861
1.38131
1.07986
1.11694
1.37425
1.18464
1.2256
1.27011
1.25554
)
;

boundaryField
{
    lowerOutlet
    {
        type            inletOutlet;
        inletValue      uniform 1;
        value           nonuniform List<scalar> 
146
(
1
1
1
1
1
1
1
1
1
1
1
1
1
1
1
1
1
1
1
1
1
1
1
1
1
1
1
1
1
1
1
1
1
1
1
1
1
1
1
1
1
1
1.18711
1.30483
1.87396
1
1
1
353.465
1
1
1
1
1
1
1
1
1
1
1
1
1
1
1
1
1
1
1
1
1
1
1
1
1
1
1
1
1
1
1
1
1
1
1
1
1
1
1
1
1
1
1
1
1
1
1
1
1
1
1
1.29891
1.90796
1
23.3443
1
192.756
1
1
1
1
1
1
1
1
1
1
1
1
1.52625
1
1
1
1
1
1
1
1
1
1
1
1.78792
1
20.3043
1
1
1
1
1
1
1
1
1
1
1
1
1
)
;
    }
    top
    {
        type            inletOutlet;
        inletValue      uniform 1;
        value           nonuniform List<scalar> 
100
(
1
1
1
0.898629
0.880432
0.875675
0.874461
0.873373
0.871771
0.869554
0.868647
0.869546
0.872004
0.879709
0.899476
0.938275
1.01386
1.10733
1.17912
1.27626
1.52603
2.1364
3.27548
4.50831
5.26869
5.67174
5.88089
5.9603
5.99415
5.994
6.01525
6.20181
6.94369
8.23075
8.96849
9.3923
10.412
11.4041
11.7756
11.2111
8.197
4.07265
2.08086
1.42378
1.18767
1.09483
1.05675
1.04069
1.03306
1.0295
1.03218
1.03742
1.0442
1.05894
1.08464
1.1174
1.13801
1.14495
1.14003
1.11728
1.0691
1.00127
0.927338
0.875585
0.847432
0.830974
0.815926
0.809302
0.808501
0.816715
0.841804
0.895308
0.990036
1.12105
1.2827
1.45568
1.62412
1.79865
1
1
1
1
1
1
1
1
1
1
1
1
1
1.00846
1.01637
1.03833
1.06294
1.07455
1.0664
1.03142
0.974517
0.958888
)
;
    }
    sides
    {
        type            inletOutlet;
        inletValue      uniform 1;
        value           uniform 1;
    }
    front
    {
        type            empty;
    }
    back
    {
        type            empty;
    }
    roller
    {
        Cmu             0.09;
        kappa           0.41;
        E               9.8;
        beta1           0.075;
        blended         false;
        type            omegaWallFunction;
        value           nonuniform List<scalar> 
144
(
15603.3
15606.2
15595.7
15607.5
15575.2
15594.4
15617
15580.8
15596.1
15598.5
15607.5
15598.1
15599.8
15596.8
15602.1
15593
15603.8
15617.2
15607
15615.1
15607.1
15601.4
15597.5
15608.7
15594.7
15618.1
15623.3
15618.5
15584.5
15616.4
15602.1
15607
15612.3
15600.1
15598.5
15600
15608.7
15608.7
15599.4
15594.5
15592.3
15625.1
15615.6
15612.9
15633.5
15592.7
15602.8
15589.4
15599.3
15617.6
15637.2
15612.9
15600.2
15605.6
15609
15629.7
15577.4
15598.2
15590.5
15578.8
15597.1
15601.6
15586.2
15607.7
15599.1
15600.4
15600.2
15597.6
15616.8
15602.7
15607
15599.8
15582.3
15580.9
15591.9
15613.3
15611.8
15580.6
15618.2
15604.8
15599.3
15612
15613.7
15575.1
15602.3
15619.8
15592.8
15615.6
15609.5
15586.3
15600.2
15602.6
15599.4
15605.1
15604.8
15623.2
15620.3
15592.8
15581.6
15578.9
15603
15610.5
15608
15611.5
15579
15642.2
15619.1
15633.4
15603.6
15590.1
15601
15599.1
15602.7
15602
15598.1
15600
15604.6
15595.9
15604.6
15608.8
15607.5
15603.6
15613.4
15608.5
15589
15613.6
15583.1
15579.4
15578
15580.3
15604.3
15602.8
15631.4
15614.9
15612.7
15617.2
15606.7
15624.5
15638.6
15597.9
15573.4
15602.6
15590.7
15602.7
)
;
    }
    burner
    {
        type            zeroGradient;
    }
}


// ************************************************************************* //
