/*--------------------------------*- C++ -*----------------------------------*\
  =========                 |
  \\      /  F ield         | OpenFOAM: The Open Source CFD Toolbox
   \\    /   O peration     | Website:  https://openfoam.org
    \\  /    A nd           | Version:  dev
     \\/     M anipulation  |
\*---------------------------------------------------------------------------*/
FoamFile
{
    version     2.0;
    format      ascii;
    class       volScalarField;
    location    "2500";
    object      rho;
}
// * * * * * * * * * * * * * * * * * * * * * * * * * * * * * * * * * * * * * //

dimensions      [1 -3 0 0 0 0 0];

internalField   nonuniform List<scalar> 
9838
(
1.17171
1.17154
1.17165
1.17153
1.17122
1.17166
1.17154
1.17105
1.17121
1.17173
1.17157
1.17103
1.17089
1.1713
1.1718
1.17167
1.171
1.1707
1.1709
1.17138
1.17183
1.17168
1.17102
1.17064
1.17062
1.17102
1.17149
1.17185
1.1717
1.17111
1.17062
1.17042
1.17068
1.17113
1.17155
1.17187
1.17172
1.17119
1.17072
1.17032
1.1704
1.17079
1.17125
1.1716
1.17188
1.17172
1.17126
1.17078
1.17027
1.1702
1.17048
1.17091
1.17132
1.17163
1.17189
1.17174
1.17132
1.17081
1.17037
1.17008
1.17022
1.17059
1.17104
1.17139
1.17166
1.1719
1.17178
1.17136
1.1709
1.17041
1.17001
1.17003
1.17031
1.17073
1.17112
1.17143
1.17169
1.17191
1.17177
1.17138
1.17099
1.17048
1.17004
1.16988
1.17006
1.17047
1.17086
1.1712
1.17148
1.1717
1.17191
1.17177
1.17146
1.17108
1.17054
1.17009
1.16982
1.16988
1.17015
1.17059
1.17096
1.17125
1.1715
1.17172
1.17192
1.17179
1.17146
1.1711
1.17063
1.17014
1.1698
1.16973
1.16993
1.17031
1.1707
1.17103
1.1713
1.17152
1.17173
1.17193
1.1718
1.17149
1.17118
1.17075
1.17022
1.16982
1.16963
1.16972
1.17005
1.17045
1.1708
1.17109
1.17133
1.17154
1.17173
1.17194
1.17179
1.17151
1.17119
1.17081
1.17036
1.16991
1.16958
1.16957
1.16979
1.17019
1.17056
1.17088
1.17114
1.17136
1.17156
1.17174
1.17193
1.1718
1.17151
1.1712
1.17089
1.17044
1.16993
1.16954
1.16946
1.1696
1.16995
1.17034
1.17067
1.17094
1.17118
1.17138
1.17157
1.17177
1.17194
1.1718
1.17154
1.17122
1.17097
1.17057
1.17
1.16959
1.16938
1.16943
1.16969
1.17007
1.17046
1.17074
1.17099
1.1712
1.1714
1.17159
1.17177
1.17195
1.17182
1.17155
1.17124
1.17096
1.17055
1.17009
1.16965
1.16936
1.16931
1.16948
1.16982
1.1702
1.17054
1.17081
1.17103
1.17123
1.17142
1.1716
1.17177
1.17194
1.1718
1.17152
1.17127
1.17097
1.17065
1.17019
1.16969
1.16938
1.16923
1.16932
1.1696
1.16995
1.17032
1.17062
1.17087
1.17107
1.17125
1.17144
1.1716
1.17177
1.17194
1.17181
1.17155
1.17127
1.17097
1.17066
1.17028
1.16974
1.16943
1.16919
1.1692
1.16939
1.16973
1.17011
1.17043
1.17067
1.1709
1.17108
1.17126
1.17144
1.1716
1.17177
1.17194
1.17181
1.17155
1.17132
1.171
1.17072
1.17032
1.1698
1.16945
1.16914
1.16909
1.16922
1.16949
1.16989
1.17021
1.17049
1.17074
1.17093
1.1711
1.17129
1.17145
1.17161
1.17177
1.17194
1.17182
1.17156
1.17131
1.17104
1.17072
1.17035
1.16993
1.16948
1.16917
1.16901
1.16907
1.1693
1.16964
1.16999
1.1703
1.17054
1.17078
1.17095
1.17113
1.17129
1.17146
1.17161
1.17177
1.17194
1.17183
1.17159
1.17135
1.17105
1.17071
1.17045
1.1701
1.16954
1.16919
1.16897
1.16895
1.16913
1.16942
1.16979
1.17012
1.17039
1.17059
1.17079
1.17097
1.17114
1.17129
1.17145
1.17161
1.17176
1.17194
1.17181
1.17156
1.17132
1.17105
1.17074
1.17046
1.17005
1.16958
1.16923
1.16897
1.16886
1.16897
1.16923
1.16957
1.16991
1.1702
1.17042
1.17064
1.17082
1.171
1.17115
1.1713
1.17146
1.17161
1.17177
1.17194
1.17183
1.17157
1.17132
1.17103
1.17076
1.17045
1.17008
1.16966
1.16925
1.16896
1.16879
1.16882
1.16904
1.16936
1.16969
1.17001
1.17027
1.17048
1.17068
1.17084
1.171
1.17116
1.17131
1.17145
1.1716
1.17177
1.17194
1.17182
1.17156
1.17134
1.17107
1.17077
1.17049
1.17021
1.16972
1.16929
1.16899
1.16876
1.16872
1.16887
1.16917
1.1695
1.16983
1.1701
1.17032
1.17053
1.1707
1.17086
1.17103
1.17117
1.17132
1.17146
1.1716
1.17176
1.17194
1.17182
1.17156
1.17131
1.17107
1.17077
1.17048
1.17019
1.16971
1.16934
1.16899
1.16872
1.16865
1.16872
1.16897
1.16932
1.16962
1.16991
1.17017
1.17035
1.17057
1.17072
1.17087
1.17102
1.17117
1.1713
1.17145
1.1716
1.17175
1.17194
1.17183
1.17158
1.17134
1.17105
1.17077
1.17052
1.17024
1.16977
1.16935
1.169
1.16873
1.1686
1.16862
1.16881
1.1691
1.16944
1.16973
1.17
1.1702
1.17039
1.17059
1.17073
1.17089
1.17102
1.17117
1.1713
1.17144
1.17159
1.17175
1.17193
1.1718
1.17158
1.17131
1.17104
1.17081
1.17052
1.17018
1.16986
1.16937
1.16903
1.16872
1.16855
1.16851
1.16866
1.16892
1.16924
1.16955
1.16982
1.17004
1.17025
1.17044
1.17059
1.17074
1.17088
1.17103
1.17116
1.17129
1.17143
1.17158
1.17174
1.17192
1.1718
1.17156
1.17129
1.17107
1.17077
1.17045
1.17017
1.16983
1.16937
1.16903
1.1687
1.16852
1.16844
1.16852
1.16875
1.16905
1.16937
1.16963
1.1699
1.17009
1.17029
1.17046
1.1706
1.17074
1.17089
1.17102
1.17116
1.17128
1.17142
1.17157
1.17173
1.17191
1.17181
1.17156
1.17132
1.17101
1.17072
1.17043
1.17021
1.16989
1.16943
1.16903
1.16873
1.16849
1.16838
1.1684
1.16856
1.16887
1.16919
1.16947
1.16973
1.16994
1.17013
1.17033
1.17049
1.17061
1.17075
1.17089
1.17101
1.17114
1.17128
1.17141
1.17155
1.17172
1.17191
1.1718
1.17155
1.17129
1.171
1.17071
1.1704
1.17016
1.16986
1.16942
1.16905
1.16872
1.16846
1.16833
1.16831
1.16842
1.16869
1.16898
1.1693
1.16955
1.16978
1.16998
1.17016
1.17034
1.17049
1.17062
1.17076
1.17088
1.17101
1.17113
1.17126
1.17139
1.17154
1.17171
1.17201
1.17189
1.17182
1.17153
1.17127
1.171
1.17069
1.17038
1.17008
1.16976
1.1694
1.16905
1.16872
1.16844
1.16828
1.16823
1.1683
1.16852
1.16881
1.16911
1.16938
1.16968
1.16983
1.17001
1.17018
1.17036
1.17049
1.17063
1.17075
1.17088
1.171
1.17112
1.17124
1.17138
1.17153
1.17178
1.17168
1.172
1.17189
1.17178
1.17155
1.17127
1.17102
1.17068
1.17036
1.17005
1.16976
1.16942
1.16904
1.1687
1.16842
1.16824
1.16814
1.1682
1.16838
1.16864
1.16894
1.16923
1.16948
1.16969
1.16988
1.17005
1.17023
1.17037
1.17049
1.17063
1.17075
1.17086
1.17098
1.17111
1.17123
1.17144
1.17136
1.17159
1.17144
1.17149
1.17178
1.17167
1.172
1.17188
1.17178
1.17152
1.17123
1.17096
1.17064
1.17036
1.17001
1.16977
1.16938
1.16905
1.16867
1.16839
1.16819
1.16809
1.1681
1.16825
1.16848
1.16877
1.16907
1.16929
1.16955
1.16972
1.16992
1.17007
1.17024
1.17038
1.17049
1.17062
1.17074
1.17086
1.17097
1.17109
1.17128
1.1712
1.17136
1.17157
1.17141
1.17148
1.17177
1.17166
1.172
1.17188
1.17178
1.17155
1.17126
1.17099
1.17063
1.17036
1.16996
1.16969
1.16933
1.16908
1.16866
1.16838
1.16815
1.16803
1.16801
1.16812
1.16833
1.1686
1.16888
1.16915
1.1694
1.16961
1.16976
1.16994
1.17011
1.17023
1.17037
1.1705
1.17062
1.17073
1.17084
1.17096
1.17113
1.17106
1.17127
1.17119
1.17132
1.17156
1.17139
1.17147
1.17176
1.17165
1.172
1.17186
1.17178
1.1715
1.17124
1.17096
1.17057
1.17029
1.16992
1.16962
1.16931
1.1691
1.16863
1.16835
1.1681
1.16797
1.16793
1.168
1.1682
1.16843
1.16872
1.169
1.16923
1.16944
1.16963
1.16981
1.16995
1.1701
1.17024
1.1704
1.1705
1.17061
1.17073
1.17083
1.17099
1.17092
1.17112
1.17105
1.17124
1.17117
1.17131
1.17155
1.17138
1.17145
1.17175
1.17163
1.17199
1.17185
1.17179
1.17149
1.1712
1.17089
1.1706
1.17025
1.16995
1.16959
1.16927
1.16906
1.16858
1.16831
1.16808
1.16792
1.16786
1.1679
1.16805
1.16827
1.16858
1.16882
1.16911
1.1693
1.16949
1.16966
1.16982
1.16997
1.17012
1.17024
1.17039
1.17049
1.17061
1.17071
1.17086
1.1708
1.17098
1.17091
1.17109
1.17102
1.17123
1.17115
1.17129
1.17153
1.17135
1.17143
1.17173
1.17161
1.17198
1.17184
1.17175
1.17147
1.17118
1.17085
1.17062
1.1702
1.16991
1.16954
1.16923
1.16901
1.1686
1.16827
1.16805
1.16786
1.16779
1.16781
1.16794
1.16814
1.16838
1.16867
1.16892
1.16916
1.16938
1.16954
1.16969
1.16989
1.17004
1.17012
1.17024
1.1704
1.17047
1.1706
1.17073
1.17068
1.17085
1.17078
1.17095
1.17089
1.17107
1.171
1.1712
1.17112
1.17126
1.1715
1.17133
1.1714
1.17171
1.17159
1.17197
1.17183
1.17174
1.17149
1.17115
1.17081
1.17059
1.17019
1.1698
1.16948
1.16917
1.16889
1.16858
1.16822
1.168
1.16782
1.16772
1.16774
1.16782
1.16802
1.16822
1.16853
1.1688
1.16901
1.16921
1.16939
1.16957
1.16972
1.16991
1.17004
1.17012
1.17023
1.1704
1.17047
1.17061
1.17056
1.17072
1.17066
1.17083
1.17076
1.17093
1.17087
1.17105
1.17098
1.17118
1.1711
1.17124
1.17148
1.1713
1.17137
1.17169
1.17157
1.17196
1.17181
1.17174
1.17144
1.17111
1.17077
1.17045
1.17013
1.16969
1.16944
1.16915
1.16884
1.16857
1.16821
1.16797
1.16776
1.16765
1.16765
1.16772
1.16787
1.16811
1.16836
1.16864
1.16888
1.16908
1.16926
1.16946
1.16959
1.16976
1.16991
1.17005
1.17011
1.17022
1.1704
1.1705
1.17045
1.1706
1.17055
1.1707
1.17064
1.1708
1.17074
1.17091
1.17084
1.17102
1.17095
1.17115
1.17107
1.17121
1.17145
1.17127
1.17134
1.17167
1.17154
1.17195
1.17179
1.17174
1.17146
1.17116
1.17076
1.1704
1.17008
1.16969
1.16941
1.16913
1.16882
1.16853
1.1682
1.16796
1.16769
1.16758
1.16755
1.16761
1.16774
1.16794
1.16823
1.16848
1.16873
1.16894
1.16914
1.16932
1.16949
1.16962
1.16977
1.16992
1.17005
1.1701
1.17021
1.17038
1.17034
1.17048
1.17044
1.17058
1.17053
1.17068
1.17062
1.17078
1.17071
1.17088
1.17081
1.17099
1.17091
1.17112
1.17103
1.17117
1.17142
1.17123
1.1713
1.17164
1.17151
1.17194
1.17176
1.17174
1.17145
1.17114
1.17077
1.17042
1.17005
1.16974
1.16936
1.16905
1.16879
1.16847
1.16824
1.16789
1.16763
1.16752
1.16747
1.16751
1.16762
1.16781
1.16804
1.16831
1.16858
1.16882
1.16902
1.16919
1.16936
1.16951
1.16965
1.16977
1.1699
1.17003
1.17011
1.17025
1.17021
1.17037
1.17032
1.17046
1.17041
1.17055
1.17049
1.17064
1.17056
1.17073
1.17064
1.17083
1.17074
1.17095
1.17085
1.17108
1.17098
1.17113
1.17138
1.17119
1.17125
1.17161
1.17147
1.17192
1.17174
1.17173
1.17143
1.17113
1.17082
1.17047
1.17012
1.16969
1.16932
1.16902
1.16874
1.16841
1.16818
1.16782
1.1676
1.16746
1.1674
1.16742
1.16752
1.16768
1.16791
1.16815
1.16844
1.16867
1.16891
1.16908
1.16925
1.1694
1.16954
1.16967
1.16976
1.16987
1.17003
1.17008
1.17024
1.17016
1.17033
1.17025
1.1704
1.1703
1.17046
1.17032
1.17052
1.17032
1.17059
1.17034
1.17071
1.17044
1.17085
1.17062
1.17101
1.17085
1.17106
1.17133
1.17111
1.17118
1.17158
1.17143
1.17191
1.17171
1.17171
1.1714
1.17107
1.17077
1.17041
1.1701
1.1696
1.1693
1.16899
1.16869
1.16843
1.16815
1.16781
1.16756
1.1674
1.16733
1.16733
1.16741
1.16758
1.16778
1.16801
1.16826
1.16854
1.16877
1.16896
1.16913
1.16928
1.16943
1.16956
1.16966
1.16976
1.16985
1.16997
1.16991
1.1697
1.17016
1.17004
1.17017
1.16998
1.17011
1.16978
1.16997
1.1694
1.16986
1.16896
1.16987
1.16874
1.17009
1.16891
1.17047
1.16951
1.17084
1.17028
1.17086
1.17127
1.1709
1.17099
1.17154
1.17137
1.17189
1.17167
1.17168
1.17135
1.17104
1.17075
1.17038
1.17006
1.16959
1.16929
1.16899
1.16867
1.1684
1.1681
1.16779
1.16752
1.16735
1.16727
1.16726
1.16733
1.16744
1.16764
1.16788
1.16815
1.16837
1.16862
1.16884
1.16901
1.16917
1.16932
1.16945
1.16956
1.16966
1.16972
1.16969
1.16943
1.16908
1.16887
1.16808
1.16975
1.16935
1.16933
1.16861
1.16853
1.16726
1.16747
1.16537
1.16664
1.16347
1.16652
1.16238
1.16728
1.16289
1.16871
1.16502
1.17009
1.16781
1.16998
1.17112
1.17001
1.17022
1.17149
1.17126
1.17186
1.17163
1.17162
1.17126
1.17097
1.17068
1.17032
1.16999
1.16953
1.16918
1.16893
1.16867
1.16836
1.16809
1.16776
1.1675
1.16731
1.16721
1.16718
1.16723
1.16734
1.16752
1.16775
1.16802
1.16828
1.1685
1.16872
1.1689
1.16905
1.1692
1.16935
1.16946
1.16956
1.16958
1.16924
1.16827
1.16855
1.16716
1.16568
1.16476
1.16286
1.16763
1.16633
1.16565
1.16362
1.16278
1.1599
1.15957
1.15545
1.15706
1.15128
1.15621
1.14867
1.15793
1.14872
1.16243
1.15241
1.16703
1.15986
1.16659
1.17056
1.16667
1.16737
1.17142
1.17094
1.17183
1.17159
1.17162
1.17111
1.17081
1.17056
1.17024
1.16995
1.16953
1.16917
1.16895
1.16868
1.16834
1.16809
1.16774
1.16747
1.16727
1.16715
1.16711
1.16713
1.16723
1.16738
1.16763
1.16785
1.16811
1.16837
1.1686
1.16879
1.16895
1.16908
1.16923
1.16936
1.16944
1.16936
1.16826
1.16285
1.16423
1.16083
1.16073
1.15819
1.15633
1.15363
1.16133
1.15889
1.1569
1.1538
1.15139
1.14756
1.14566
1.14056
1.14119
1.13425
1.13916
1.13019
1.14081
1.12957
1.14716
1.13351
1.15792
1.14279
1.15707
1.1685
1.15758
1.15951
1.17126
1.16978
1.1718
1.17151
1.17116
1.17053
1.17034
1.17012
1.16988
1.16946
1.16912
1.16895
1.16867
1.16838
1.16806
1.16774
1.16745
1.16724
1.1671
1.16703
1.16705
1.16712
1.16727
1.16747
1.16772
1.16799
1.16823
1.16847
1.16866
1.16883
1.16898
1.16911
1.16925
1.16933
1.1691
1.167
1.1587
1.14977
1.14898
1.15555
1.1529
1.15087
1.14783
1.14498
1.14212
1.15078
1.14785
1.14396
1.14063
1.13604
1.13207
1.12812
1.12292
1.1221
1.11502
1.11925
1.11014
1.1207
1.10924
1.12744
1.11332
1.14001
1.123
1.13918
1.16259
1.14068
1.14455
1.1708
1.16629
1.17176
1.17139
1.1704
1.16999
1.16991
1.16976
1.16937
1.16917
1.16891
1.16866
1.16838
1.168
1.16776
1.16743
1.16721
1.16705
1.16698
1.16696
1.16703
1.16716
1.16734
1.16758
1.16785
1.16809
1.16832
1.16854
1.16871
1.16887
1.16901
1.16913
1.1692
1.16882
1.16564
1.15518
1.13711
1.13946
1.13463
1.14491
1.1418
1.13925
1.13617
1.13205
1.12939
1.13759
1.13476
1.12854
1.1255
1.11856
1.11491
1.10905
1.10422
1.1022
1.09553
1.09923
1.0906
1.10075
1.08992
1.10773
1.09425
1.12056
1.10401
1.12031
1.15051
1.12224
1.12554
1.13757
1.16957
1.15831
1.17171
1.17127
1.1696
1.1696
1.16957
1.1693
1.16911
1.16881
1.16861
1.16838
1.16802
1.16773
1.16742
1.16719
1.16702
1.16692
1.1669
1.16694
1.16705
1.16722
1.16745
1.16771
1.16795
1.16819
1.1684
1.16859
1.16875
1.16891
1.16902
1.16905
1.16838
1.16413
1.15178
1.13337
1.12221
1.11997
1.12751
1.12469
1.1332
1.13024
1.12672
1.12388
1.11832
1.11621
1.12289
1.12053
1.1119
1.10955
1.10042
1.09747
1.09004
1.08594
1.08304
1.07735
1.08079
1.07279
1.08247
1.07281
1.08964
1.07703
1.10244
1.08716
1.09493
1.11215
1.10257
1.12885
1.14511
1.13207
1.11583
1.10492
1.10393
1.11776
1.16971
1.1647
1.13694
1.14161
1.15517
1.17164
1.16792
1.17125
1.16984
1.16922
1.16932
1.16919
1.16909
1.16881
1.16861
1.1684
1.16804
1.16772
1.16743
1.16718
1.16699
1.16687
1.16683
1.16686
1.16695
1.16711
1.16732
1.16756
1.16781
1.16805
1.16827
1.16847
1.16865
1.1688
1.16891
1.16884
1.16773
1.16219
1.1485
1.12927
1.1183
1.11794
1.1122
1.11196
1.11625
1.11416
1.12119
1.11862
1.11409
1.11187
1.10484
1.10363
1.10772
1.10618
1.09536
1.09405
1.08312
1.08138
1.07443
1.0733
1.06931
1.06928
1.06573
1.06477
1.07288
1.06785
1.06445
1.06155
1.08093
1.07395
1.06609
1.0631
1.06869
1.08694
1.09479
1.08608
1.07957
1.095
1.12088
1.12487
1.10748
1.09774
1.09597
1.11013
1.16022
1.1295
1.13508
1.14812
1.1717
1.17144
1.17094
1.16509
1.16852
1.16899
1.169
1.16901
1.1688
1.1686
1.16839
1.16806
1.16774
1.1674
1.16717
1.16697
1.16683
1.16677
1.16678
1.16685
1.16699
1.16718
1.16742
1.16767
1.1679
1.16813
1.16833
1.16852
1.16867
1.16876
1.1685
1.16653
1.15981
1.14555
1.1279
1.11726
1.11242
1.11353
1.10671
1.10846
1.10666
1.10615
1.1099
1.10826
1.10245
1.10128
1.09268
1.09263
1.09334
1.09281
1.08049
1.08053
1.07287
1.07278
1.06987
1.07111
1.06669
1.07086
1.06142
1.06238
1.06435
1.06805
1.06191
1.05991
1.06011
1.07286
1.06677
1.05955
1.05789
1.06164
1.07881
1.08671
1.0788
1.07184
1.08738
1.11355
1.11768
1.10007
1.08866
1.09059
1.10298
1.1546
1.12262
1.1285
1.14157
1.17167
1.17133
1.17043
1.16111
1.1665
1.16878
1.16887
1.16875
1.16857
1.16838
1.16807
1.16777
1.16737
1.16716
1.16696
1.16679
1.16671
1.1667
1.16677
1.16687
1.16705
1.16728
1.16752
1.16776
1.16798
1.16816
1.16835
1.16853
1.16855
1.1679
1.16484
1.15701
1.14286
1.12787
1.12054
1.1166
1.11935
1.11086
1.11356
1.10501
1.10869
1.10049
1.10211
1.10039
1.10019
1.09263
1.09279
1.08241
1.08346
1.08082
1.08148
1.07273
1.07278
1.07209
1.07244
1.07678
1.08129
1.07287
1.07916
1.08454
1.09031
1.06149
1.06495
1.07052
1.07754
1.05825
1.05894
1.0612
1.06551
1.06017
1.05684
1.0555
1.05639
1.0714
1.07919
1.07145
1.06468
1.08009
1.10659
1.11093
1.09308
1.08158
1.0837
1.09622
1.14879
1.11612
1.12232
1.13536
1.17164
1.16977
1.1712
1.15664
1.16407
1.16864
1.16867
1.16853
1.16835
1.16809
1.1678
1.16737
1.16715
1.16694
1.16676
1.16666
1.16663
1.16668
1.16677
1.16693
1.16714
1.16738
1.16763
1.16786
1.16807
1.16823
1.16839
1.16832
1.16709
1.16274
1.15403
1.14034
1.12818
1.12327
1.12742
1.12225
1.12767
1.11312
1.11792
1.10678
1.11311
1.09754
1.10147
1.09334
1.09464
1.08471
1.08633
1.0749
1.07661
1.07302
1.07369
1.07226
1.07188
1.0831
1.08245
1.09416
1.09754
1.09913
1.09941
1.08511
1.09245
1.09885
1.10386
1.06625
1.07348
1.08205
1.09108
1.05792
1.0613
1.06767
1.05906
1.05513
1.05694
1.05586
1.05421
1.06433
1.07198
1.06447
1.05832
1.07304
1.10004
1.10462
1.08642
1.07474
1.07708
1.0898
1.14325
1.11009
1.1166
1.12959
1.17167
1.16905
1.17114
1.15227
1.16163
1.16853
1.16847
1.16832
1.16809
1.16782
1.16738
1.16715
1.16693
1.16674
1.16662
1.16657
1.16659
1.16668
1.16681
1.167
1.16723
1.16749
1.16772
1.16798
1.16817
1.16828
1.1681
1.16622
1.16051
1.15094
1.13795
1.12872
1.1256
1.13177
1.14018
1.14238
1.13181
1.13654
1.11982
1.12625
1.11227
1.12113
1.09722
1.10403
1.08858
1.0922
1.07887
1.08184
1.07123
1.07244
1.07118
1.07098
1.08084
1.07784
1.10276
1.09855
1.10731
1.10924
1.10982
1.10945
1.09973
1.10723
1.11296
1.11668
1.07624
1.08606
1.09633
1.10622
1.06129
1.06869
1.07829
1.05412
1.05297
1.06089
1.05994
1.05467
1.05801
1.06509
1.05813
1.05337
1.06628
1.09387
1.09872
1.08005
1.06816
1.07069
1.08369
1.13818
1.1045
1.11133
1.12433
1.17176
1.16847
1.17122
1.14834
1.15956
1.16838
1.16828
1.16808
1.16783
1.16747
1.16715
1.16692
1.16672
1.16658
1.16651
1.16652
1.16659
1.1667
1.16687
1.16709
1.16735
1.16761
1.16784
1.16809
1.16821
1.16796
1.16546
1.15844
1.14813
1.13617
1.12945
1.1278
1.13553
1.15085
1.15056
1.15409
1.14311
1.14753
1.12972
1.13719
1.12041
1.13148
1.09963
1.10941
1.08599
1.09179
1.07508
1.07914
1.07114
1.07142
1.07467
1.07215
1.0925
1.0862
1.11306
1.10932
1.10212
1.10619
1.11854
1.11883
1.11784
1.11587
1.11479
1.12117
1.12509
1.12659
1.08911
1.1004
1.11136
1.12083
1.069
1.0793
1.09085
1.05182
1.05334
1.06844
1.06697
1.0585
1.05292
1.05874
1.05285
1.05081
1.05997
1.08806
1.09322
1.07393
1.06193
1.06461
1.07787
1.13365
1.09931
1.10653
1.11959
1.17187
1.16825
1.17142
1.14504
1.15826
1.16822
1.16807
1.16785
1.16755
1.16714
1.16692
1.1667
1.16654
1.16646
1.16645
1.1665
1.16659
1.16675
1.16695
1.1672
1.16747
1.16769
1.16795
1.16815
1.16789
1.16504
1.15675
1.14572
1.13517
1.1302
1.13013
1.13929
1.15451
1.16345
1.16444
1.16073
1.16253
1.15486
1.15847
1.14143
1.14933
1.12984
1.14271
1.10384
1.11635
1.08507
1.09327
1.07327
1.07804
1.07297
1.07259
1.08046
1.07582
1.09873
1.09475
1.09072
1.11669
1.11302
1.1052
1.10918
1.12652
1.12525
1.12296
1.12004
1.12784
1.13161
1.13269
1.13253
1.10289
1.11458
1.12465
1.13194
1.07916
1.09109
1.10354
1.05187
1.05665
1.07776
1.07515
1.06472
1.04996
1.05325
1.04939
1.05042
1.05433
1.08257
1.08807
1.06808
1.05621
1.05892
1.07234
1.12974
1.0945
1.10217
1.11535
1.17192
1.16853
1.1716
1.14248
1.15785
1.16804
1.16785
1.1676
1.16715
1.16691
1.16669
1.16652
1.16641
1.16638
1.16642
1.1665
1.16663
1.16682
1.16705
1.16732
1.16757
1.1678
1.16804
1.16785
1.16496
1.15585
1.14386
1.13462
1.13107
1.13279
1.14344
1.15791
1.16655
1.16765
1.16822
1.1666
1.16728
1.16342
1.16549
1.15288
1.15956
1.1376
1.14987
1.10856
1.12307
1.08556
1.09581
1.07391
1.07851
1.07601
1.0751
1.08427
1.07923
1.10134
1.09744
1.09675
1.0928
1.12003
1.11645
1.10866
1.11263
1.13109
1.12896
1.12634
1.12335
1.13526
1.13628
1.13625
1.1353
1.1156
1.12601
1.13343
1.13675
1.08976
1.10225
1.11441
1.05436
1.06189
1.0869
1.08269
1.0716
1.04903
1.04922
1.04785
1.05183
1.04972
1.07736
1.08323
1.06258
1.05117
1.05379
1.06709
1.12641
1.09003
1.09817
1.1116
1.17192
1.16933
1.17152
1.14073
1.15847
1.16785
1.16764
1.16718
1.16691
1.16669
1.1665
1.16637
1.16632
1.16634
1.16642
1.16652
1.16669
1.16691
1.16716
1.16746
1.16767
1.16791
1.16782
1.16501
1.1557
1.14287
1.1345
1.132
1.13557
1.14742
1.16041
1.16693
1.16887
1.16882
1.16883
1.16891
1.16845
1.16872
1.16645
1.16781
1.15849
1.16368
1.14091
1.15185
1.11219
1.12707
1.08698
1.09839
1.07621
1.08051
1.08132
1.08016
1.08943
1.08629
1.08436
1.10464
1.10067
1.10191
1.09791
1.12445
1.12133
1.11405
1.11783
1.13384
1.13195
1.12979
1.12729
1.13778
1.1378
1.13721
1.13611
1.12494
1.13254
1.13642
1.13779
1.09912
1.11107
1.12152
1.05857
1.06742
1.09432
1.08814
1.07752
1.04965
1.04714
1.04762
1.05504
1.04684
1.07246
1.07866
1.0575
1.04735
1.04932
1.0622
1.12365
1.08586
1.0945
1.10828
1.17175
1.16951
1.17092
1.13979
1.15904
1.16765
1.16723
1.16693
1.16668
1.16648
1.16634
1.16626
1.16626
1.16633
1.16643
1.16657
1.16677
1.16701
1.1673
1.16753
1.16778
1.16781
1.16528
1.15585
1.1428
1.13457
1.13295
1.13821
1.1508
1.16221
1.16736
1.16886
1.16908
1.16905
1.16908
1.16909
1.1688
1.16901
1.16693
1.16822
1.15949
1.16428
1.13767
1.14764
1.11266
1.12592
1.08884
1.09984
1.08113
1.08478
1.09031
1.08913
1.09069
1.09425
1.09072
1.09245
1.09534
1.11008
1.10599
1.11021
1.10616
1.12963
1.12748
1.12164
1.12484
1.13497
1.1338
1.13258
1.13124
1.13797
1.1375
1.13665
1.13574
1.12934
1.13428
1.13607
1.13623
1.10571
1.1159
1.12412
1.06287
1.07173
1.09861
1.09053
1.08102
1.0516
1.04616
1.04842
1.0582
1.04533
1.06785
1.07432
1.05292
1.04502
1.04597
1.05773
1.12138
1.08189
1.09106
1.10528
1.17149
1.16864
1.16982
1.13904
1.15818
1.1673
1.16697
1.16668
1.16646
1.16631
1.16621
1.16619
1.16623
1.16634
1.16646
1.16663
1.16686
1.16713
1.16743
1.16765
1.16778
1.16591
1.15647
1.14304
1.13477
1.13376
1.14039
1.1533
1.16339
1.16763
1.1688
1.1691
1.16904
1.16917
1.16913
1.16918
1.16919
1.1689
1.16912
1.1665
1.16824
1.15624
1.16271
1.13177
1.14331
1.11054
1.12102
1.09154
1.10037
1.09088
1.09304
1.09946
1.09671
1.10762
1.10654
1.10224
1.09861
1.10238
1.10595
1.11809
1.11425
1.12131
1.11744
1.13189
1.13135
1.12941
1.13057
1.1348
1.13395
1.13317
1.13248
1.13576
1.13461
1.13363
1.13271
1.12976
1.13201
1.13223
1.13159
1.10847
1.11685
1.12277
1.06573
1.0737
1.09962
1.08943
1.08178
1.05376
1.0459
1.04965
1.06007
1.04434
1.0635
1.07016
1.04893
1.04367
1.04393
1.05367
1.11934
1.07811
1.08779
1.1025
1.17072
1.16638
1.16804
1.13761
1.15553
1.167
1.1667
1.16646
1.16628
1.16617
1.16613
1.16614
1.16623
1.16635
1.16651
1.16671
1.16697
1.16729
1.16751
1.16772
1.16655
1.15799
1.14379
1.13504
1.13428
1.14183
1.15468
1.16398
1.16773
1.16872
1.16901
1.16917
1.16911
1.16928
1.16923
1.16931
1.16931
1.16898
1.16923
1.16637
1.16827
1.15418
1.16205
1.13092
1.14328
1.11105
1.12001
1.09735
1.10348
1.11009
1.10958
1.11309
1.11002
1.1227
1.11892
1.11357
1.10969
1.11649
1.12032
1.12743
1.12469
1.13133
1.12978
1.13168
1.13192
1.13225
1.13207
1.13205
1.13165
1.13146
1.13152
1.12986
1.12836
1.12688
1.12576
1.12545
1.12576
1.12503
1.12289
1.10738
1.11321
1.11643
1.06651
1.07283
1.09629
1.08411
1.07892
1.05496
1.04612
1.05026
1.05998
1.04389
1.05931
1.06614
1.04581
1.04295
1.04285
1.04978
1.11709
1.07448
1.08462
1.09975
1.17024
1.1627
1.16648
1.13514
1.15111
1.16672
1.16645
1.16626
1.16613
1.16607
1.16607
1.16613
1.16624
1.16639
1.16657
1.16681
1.16711
1.16739
1.16762
1.16704
1.16
1.14542
1.1354
1.13446
1.14221
1.15485
1.16402
1.16768
1.16865
1.16892
1.16911
1.16927
1.16917
1.16936
1.16932
1.16938
1.16938
1.16916
1.16934
1.16685
1.16856
1.15473
1.16271
1.13792
1.14945
1.12012
1.12773
1.11114
1.11485
1.1351
1.13236
1.12954
1.13042
1.12949
1.12627
1.13899
1.13755
1.12719
1.12399
1.13226
1.13401
1.13233
1.13208
1.13446
1.13487
1.12718
1.12862
1.13161
1.13015
1.12522
1.12506
1.12517
1.12596
1.12041
1.11811
1.116
1.11442
1.11682
1.11607
1.11358
1.11052
1.10163
1.10468
1.10526
1.06466
1.06867
1.08781
1.07402
1.07158
1.05451
1.04664
1.05054
1.0579
1.04378
1.05531
1.06232
1.04397
1.04267
1.04261
1.04659
1.11463
1.07096
1.08165
1.09706
1.17093
1.15926
1.16652
1.13189
1.14672
1.16645
1.16624
1.1661
1.16602
1.166
1.16603
1.16613
1.16627
1.16644
1.16666
1.16694
1.16728
1.1675
1.16731
1.1621
1.14769
1.13611
1.13442
1.14202
1.1544
1.16364
1.1675
1.16853
1.16884
1.16903
1.16927
1.16926
1.16919
1.16932
1.16941
1.16936
1.16946
1.16945
1.16939
1.16946
1.1681
1.16908
1.15929
1.16537
1.15158
1.15976
1.13846
1.14374
1.13466
1.13557
1.14587
1.14598
1.14263
1.14505
1.13935
1.13955
1.14369
1.14499
1.13512
1.13493
1.13885
1.13815
1.13281
1.13375
1.13289
1.13477
1.11661
1.11902
1.12485
1.12184
1.11368
1.11343
1.11352
1.11466
1.1072
1.10402
1.10124
1.09908
1.10465
1.10208
1.09851
1.09465
1.09038
1.09105
1.09055
1.06006
1.06173
1.0756
1.06353
1.06303
1.05331
1.04706
1.0504
1.05518
1.04438
1.05158
1.05872
1.04325
1.04309
1.04295
1.045
1.11204
1.0678
1.07892
1.09449
1.17164
1.15739
1.16828
1.12844
1.14323
1.16622
1.16606
1.16597
1.16594
1.16595
1.16602
1.16615
1.16632
1.16652
1.16677
1.16711
1.16735
1.16739
1.16394
1.15043
1.1374
1.13423
1.14135
1.15306
1.16242
1.16704
1.16836
1.16874
1.16895
1.16912
1.16933
1.16934
1.16926
1.16936
1.16944
1.16941
1.16952
1.16949
1.16953
1.16953
1.16915
1.16946
1.16549
1.16817
1.16415
1.16702
1.15854
1.1608
1.15341
1.15363
1.15714
1.14711
1.14956
1.15275
1.15142
1.14015
1.14202
1.14023
1.14408
1.13618
1.1373
1.13821
1.13605
1.12782
1.13054
1.12397
1.12757
1.10098
1.10391
1.11155
1.1075
1.09796
1.09756
1.09755
1.09868
1.09069
1.08702
1.08384
1.08145
1.08823
1.08472
1.08068
1.07656
1.07583
1.07527
1.07297
1.05664
1.05787
1.06344
1.05858
1.05842
1.05284
1.0478
1.05118
1.05472
1.04591
1.04869
1.05555
1.04337
1.04406
1.04382
1.04465
1.10943
1.06497
1.07608
1.09198
1.17195
1.15781
1.17047
1.12512
1.14114
1.16601
1.16591
1.16587
1.16588
1.16592
1.16602
1.16618
1.16637
1.16661
1.16692
1.16723
1.16737
1.16532
1.15357
1.13931
1.13413
1.13994
1.15085
1.16016
1.16611
1.1681
1.1686
1.16885
1.16904
1.16921
1.16937
1.16938
1.16932
1.16942
1.16951
1.16946
1.16959
1.16955
1.16963
1.16962
1.16957
1.16963
1.16864
1.16933
1.16842
1.16918
1.16506
1.16695
1.15636
1.15772
1.16294
1.16051
1.13949
1.14511
1.15366
1.14991
1.13269
1.1363
1.12795
1.13358
1.13077
1.13357
1.12917
1.1257
1.11579
1.11999
1.10945
1.11397
1.08323
1.08636
1.09481
1.09028
1.08018
1.07973
1.07969
1.08084
1.07246
1.06885
1.0657
1.06349
1.06966
1.06604
1.06232
1.05866
1.06289
1.06081
1.05838
1.05646
1.05776
1.05857
1.05947
1.05856
1.05407
1.05039
1.05346
1.05627
1.04754
1.04728
1.05261
1.04429
1.04554
1.04703
1.045
1.10686
1.06143
1.07354
1.0897
1.17202
1.16032
1.17155
1.12246
1.14131
1.1658
1.16577
1.16578
1.16582
1.1659
1.16603
1.16621
1.16643
1.16671
1.16709
1.16725
1.16618
1.15686
1.14181
1.13425
1.1382
1.14826
1.15749
1.16431
1.16771
1.16844
1.16872
1.16893
1.16911
1.16932
1.16936
1.16942
1.16942
1.16948
1.16957
1.16952
1.16966
1.16961
1.16974
1.16971
1.16975
1.16975
1.16955
1.1697
1.16895
1.16956
1.16144
1.16069
1.16469
1.16694
1.15281
1.15748
1.15658
1.1251
1.13235
1.14673
1.13972
1.11891
1.12314
1.11293
1.11843
1.1182
1.12205
1.11491
1.11111
1.09966
1.10462
1.09354
1.0984
1.0658
1.06902
1.07783
1.07311
1.06246
1.06212
1.06217
1.0634
1.05521
1.05233
1.0499
1.04821
1.05576
1.05334
1.05097
1.04898
1.05807
1.05691
1.05626
1.05864
1.06183
1.0603
1.06168
1.06168
1.05804
1.05262
1.05677
1.05986
1.05069
1.04715
1.05065
1.04594
1.05088
1.04928
1.04654
1.1043
1.05842
1.06996
1.08697
1.17204
1.16538
1.17181
1.1208
1.14323
1.16543
1.16558
1.16567
1.16576
1.16588
1.16603
1.16624
1.1665
1.16686
1.1671
1.16663
1.15988
1.14482
1.13477
1.1365
1.14548
1.15453
1.16187
1.16702
1.16825
1.16858
1.16881
1.169
1.16916
1.16942
1.1694
1.16944
1.16934
1.16947
1.16945
1.16952
1.16962
1.16957
1.16972
1.16967
1.1698
1.16976
1.16984
1.16983
1.16976
1.16982
1.16794
1.16948
1.15473
1.15393
1.16041
1.16175
1.14217
1.14994
1.14707
1.11045
1.11768
1.1339
1.1256
1.10422
1.10831
1.09933
1.10437
1.103
1.10714
1.10031
1.09663
1.083
1.08832
1.07837
1.08351
1.0497
1.0528
1.06181
1.05705
1.04751
1.04696
1.04698
1.04782
1.04708
1.04538
1.04389
1.04263
1.05498
1.05262
1.05067
1.04882
1.06001
1.0593
1.07453
1.06049
1.08239
1.07851
1.07701
1.08044
1.05877
1.05638
1.05823
1.08288
1.05483
1.04728
1.04965
1.04887
1.05218
1.0512
1.04721
1.10204
1.05539
1.06674
1.08433
1.17206
1.16798
1.17191
1.11987
1.14737
1.1646
1.16522
1.16548
1.16566
1.16583
1.16604
1.16629
1.16662
1.16698
1.1668
1.16234
1.14827
1.13616
1.13529
1.14262
1.15139
1.15908
1.16576
1.16798
1.16843
1.16867
1.16888
1.16905
1.16925
1.16947
1.16944
1.16949
1.16938
1.16951
1.16956
1.16967
1.16962
1.16977
1.16972
1.16984
1.16981
1.16988
1.16987
1.16981
1.16988
1.16537
1.16897
1.14579
1.1463
1.15443
1.1484
1.15127
1.15943
1.12974
1.13852
1.13695
1.09845
1.10525
1.12114
1.11292
1.09103
1.09501
1.08775
1.09275
1.08834
1.09262
1.08712
1.0834
1.06726
1.07281
1.0638
1.0694
1.04001
1.04096
1.04689
1.0431
1.04149
1.04079
1.04001
1.03989
1.04741
1.04515
1.04402
1.04262
1.07312
1.07175
1.0707
1.06918
1.07561
1.07416
1.09566
1.08118
1.10365
1.09979
1.09887
1.10267
1.08334
1.05942
1.08249
1.10443
1.08101
1.04778
1.05008
1.04936
1.08017
1.07841
1.04907
1.09962
1.05395
1.06293
1.08074
1.17237
1.16882
1.17195
1.11952
1.1476
1.16286
1.16455
1.16514
1.16547
1.16576
1.16602
1.16636
1.16677
1.1668
1.16411
1.15199
1.13838
1.13478
1.13986
1.14819
1.15601
1.16363
1.16756
1.16827
1.16853
1.16875
1.16894
1.16909
1.16933
1.16953
1.1695
1.16947
1.16955
1.1694
1.1696
1.16971
1.16966
1.16981
1.16977
1.16987
1.16984
1.16995
1.16991
1.16979
1.16994
1.16205
1.15571
1.16817
1.13746
1.13976
1.14336
1.14812
1.1194
1.12804
1.12862
1.08897
1.09565
1.11112
1.10315
1.07911
1.08331
1.07759
1.08296
1.07451
1.07915
1.075
1.07097
1.05219
1.05799
1.04958
1.05571
1.03735
1.03701
1.03817
1.03698
1.04165
1.03977
1.0382
1.03781
1.06873
1.06786
1.06744
1.06691
1.09496
1.09391
1.09334
1.09269
1.09874
1.09471
1.12557
1.10388
1.13017
1.12753
1.12708
1.12936
1.10549
1.08061
1.10533
1.13079
1.10459
1.04987
1.0503
1.05348
1.07915
1.10417
1.103
1.05236
1.09765
1.054
1.06103
1.07829
0.906764
1.16829
1.1675
1.11824
1.1452
1.16065
1.16355
1.16456
1.1652
1.16565
1.16605
1.1665
1.16669
1.16521
1.15564
1.14107
1.13481
1.13758
1.14506
1.15284
1.16083
1.16686
1.16809
1.16838
1.16861
1.16881
1.16898
1.16916
1.16936
1.16943
1.16959
1.16956
1.16953
1.1695
1.16964
1.16976
1.1697
1.16984
1.1698
1.16994
1.16989
1.17001
1.16999
1.16968
1.16998
1.1533
1.15189
1.15749
1.16352
1.16759
1.13106
1.13501
1.1401
1.14589
1.11195
1.12009
1.1228
1.08124
1.08851
1.10409
1.0962
1.06804
1.07273
1.06859
1.07456
1.06109
1.0662
1.06358
1.05888
1.04017
1.04398
1.03861
1.04255
1.03713
1.03674
1.03572
1.03557
1.06622
1.04456
1.03816
1.03893
1.09264
1.0924
1.09244
1.09254
1.1253
1.12468
1.12448
1.12419
1.12666
1.1257
1.15449
1.13059
1.1558
1.15502
1.15511
1.15539
1.1316
1.10467
1.1316
1.15616
1.13142
1.04983
1.05236
1.07739
1.10321
1.13131
1.13083
1.07716
1.095
1.0539
1.06001
1.07442
0.507424
1.16313
1.122
1.11607
1.13712
1.1586
1.16232
1.16369
1.16488
1.16555
1.16613
1.16655
1.16576
1.15876
1.14406
1.13518
1.136
1.14214
1.14969
1.1578
1.16565
1.16786
1.16824
1.16846
1.16867
1.16886
1.169
1.16924
1.1694
1.16945
1.16947
1.16962
1.16959
1.16956
1.16952
1.16968
1.16979
1.16974
1.16989
1.16984
1.17001
1.16995
1.17008
1.17006
1.16956
1.17
1.14526
1.15173
1.15801
1.16314
1.16749
1.12729
1.1328
1.1389
1.10768
1.11513
1.12035
1.07487
1.08312
1.09993
1.09166
1.05783
1.06308
1.06061
1.06735
1.04796
1.05351
1.05282
1.04712
1.03556
1.03677
1.03473
1.03588
1.06542
1.03956
1.03595
1.0354
1.09262
1.06371
1.06554
1.06601
1.12433
1.12436
1.12455
1.12482
1.15438
1.15422
1.15416
1.15412
1.15471
1.15462
1.15611
1.15644
1.13143
1.15651
1.15646
1.05405
1.07698
1.05213
1.10235
1.13085
1.15646
1.15634
1.1022
1.09302
1.05588
1.05966
1.07225
0.436247
1.14952
0.99287
1.11154
1.12446
1.15718
1.16122
1.16288
1.16458
1.1656
1.16628
1.16589
1.16096
1.14719
1.13628
1.13505
1.13951
1.14666
1.15478
1.16367
1.16751
1.16811
1.16832
1.16852
1.16873
1.16888
1.16905
1.16926
1.16942
1.16949
1.16951
1.16954
1.16965
1.16962
1.16958
1.16971
1.16983
1.16977
1.16995
1.16989
1.17007
1.17001
1.17011
1.1701
1.16955
1.17002
1.13902
1.14576
1.1525
1.15872
1.16331
1.16372
1.16702
1.16883
1.12627
1.13254
1.10659
1.11367
1.12016
1.06959
1.07899
1.09839
1.08889
1.04853
1.05435
1.05348
1.06111
1.03808
1.0415
1.04253
1.03792
1.03465
1.03486
1.03408
1.03398
1.06382
1.09311
1.03892
1.06515
1.12493
1.09196
1.09295
1.09343
1.15417
1.15419
1.15424
1.1543
1.15649
1.07598
1.10164
1.05725
1.07627
1.13047
1.15628
1.13033
1.08923
1.05659
1.06035
1.06888
0.367507
1.12307
0.711836
1.10548
1.11689
1.15675
1.16076
1.16254
1.16462
1.16578
1.16581
1.16226
1.15026
1.13805
1.1347
1.13744
1.1439
1.15183
1.16115
1.16695
1.16797
1.1682
1.16838
1.16858
1.16877
1.16889
1.1691
1.16928
1.16944
1.16952
1.16954
1.16956
1.16958
1.16961
1.16968
1.16965
1.16974
1.16985
1.1698
1.16998
1.16992
1.17009
1.17003
1.17013
1.17013
1.16966
1.17006
1.13374
1.14052
1.14734
1.15395
1.15996
1.16467
1.1678
1.16888
1.12694
1.10706
1.11402
1.1219
1.06508
1.07575
1.09827
1.08714
1.03994
1.04647
1.04697
1.05553
1.03458
1.03549
1.03614
1.03437
1.03459
1.03527
1.03505
1.03383
1.09264
1.12542
1.0644
1.09365
1.15432
1.12471
1.1253
1.12566
1.10115
1.12993
1.0757
1.10064
1.1562
1.15615
1.08533
1.06061
1.07662
1.06345
1.06843
0.35239
1.06083
0.526246
1.09984
1.10609
1.15699
1.16082
1.16266
1.16479
1.16551
1.16284
1.15272
1.14009
1.13474
1.13608
1.14153
1.14908
1.15845
1.16611
1.16781
1.16809
1.16825
1.16843
1.16862
1.1688
1.16892
1.16911
1.16929
1.16944
1.16955
1.16956
1.1696
1.16961
1.16963
1.16965
1.16967
1.16971
1.16977
1.16988
1.16983
1.17
1.16994
1.17011
1.17006
1.17017
1.17016
1.16984
1.17012
1.12941
1.13639
1.14314
1.1497
1.15604
1.16164
1.16585
1.16829
1.1692
1.10944
1.11654
1.1255
1.061
1.07306
1.09883
1.086
1.03556
1.03939
1.04103
1.05029
1.03392
1.03379
1.03395
1.03355
1.06551
1.03753
1.03914
1.03436
1.12531
1.15453
1.09338
1.12586
1.15435
1.15448
1.15454
1.12966
1.15601
1.10012
1.12925
1.08167
1.07543
1.0998
1.06521
1.0791
1.06858
0.344576
0.936387
0.448936
1.09562
1.08218
1.15784
1.16138
1.16329
1.16484
1.16284
1.15422
1.14201
1.13502
1.13527
1.13958
1.14668
1.15582
1.16497
1.16761
1.16798
1.16815
1.16831
1.16847
1.16865
1.16881
1.16898
1.16912
1.16928
1.16944
1.16956
1.16956
1.16962
1.16963
1.16966
1.16967
1.1697
1.16972
1.16973
1.1698
1.16992
1.16986
1.17003
1.16997
1.17015
1.17009
1.17022
1.1702
1.17011
1.16942
1.17022
1.13325
1.14013
1.14649
1.15265
1.15854
1.16345
1.16689
1.16885
1.11267
1.12065
1.13028
1.05694
1.07059
1.10018
1.08523
1.03402
1.03592
1.0374
1.04522
1.03489
1.03369
1.03352
1.03376
1.09407
1.06499
1.06507
1.0665
1.15455
1.12563
1.15464
1.15593
1.1289
1.15578
1.07931
1.09883
1.12856
1.06568
1.08035
1.09976
1.0687
0.339283
0.814157
0.402177
1.09042
1.04315
1.15909
1.16242
1.16371
1.16259
1.15456
1.14331
1.13571
1.13484
1.1381
1.1447
1.15352
1.16359
1.16735
1.16789
1.16804
1.16819
1.16835
1.16851
1.16866
1.16884
1.169
1.16913
1.16926
1.16943
1.16955
1.16955
1.16964
1.16964
1.16968
1.16969
1.16973
1.16975
1.16976
1.16978
1.16982
1.16995
1.16989
1.17006
1.17001
1.17018
1.17012
1.17027
1.17023
1.17021
1.16994
1.17029
1.16978
1.1703
1.13803
1.14447
1.15028
1.15593
1.16109
1.16519
1.16793
1.16937
1.11625
1.12561
1.1357
1.05276
1.06803
1.1016
1.08456
1.03372
1.03447
1.03552
1.04123
1.03704
1.03516
1.03398
1.03541
1.126
1.09404
1.0941
1.06563
1.09483
1.15465
1.15567
1.07675
1.12792
1.15554
1.07092
1.08099
1.10034
1.12819
1.06964
0.336068
0.719237
0.380346
1.08436
0.992349
1.16033
1.16272
1.16172
1.15441
1.14361
1.13628
1.13473
1.13716
1.14319
1.15168
1.16207
1.16703
1.16779
1.16795
1.16809
1.16823
1.16839
1.16853
1.16865
1.16885
1.16901
1.16914
1.16927
1.16942
1.16954
1.16954
1.16964
1.16964
1.1697
1.16971
1.16976
1.16977
1.1698
1.16982
1.16985
1.16998
1.16991
1.1701
1.17004
1.17021
1.17016
1.17032
1.17027
1.17019
1.17031
1.16974
1.1703
1.17035
1.14321
1.14906
1.15427
1.15918
1.16352
1.1668
1.16879
1.12005
1.13077
1.14114
1.04867
1.06504
1.1032
1.0838
1.03429
1.0341
1.03473
1.03835
1.03791
1.03561
1.03802
1.1547
1.12599
1.12588
1.09407
1.06599
1.1262
1.07567
1.15536
1.08079
1.10066
1.12839
1.15533
1.07186
0.3341
0.640742
0.367801
1.07383
0.942235
1.15983
1.16029
1.15359
1.14347
1.13644
1.13474
1.13678
1.14223
1.15035
1.16069
1.16666
1.16768
1.16786
1.16799
1.16813
1.16827
1.16843
1.16855
1.16868
1.16885
1.16903
1.16916
1.16928
1.16942
1.16955
1.16956
1.16963
1.16962
1.16972
1.16972
1.16977
1.16978
1.16983
1.16984
1.16986
1.16988
1.16999
1.16993
1.17012
1.17006
1.17023
1.17018
1.17034
1.17028
1.1703
1.1701
1.17037
1.16945
1.17036
1.17038
1.17038
1.14828
1.15364
1.15812
1.1622
1.16569
1.16811
1.12383
1.13589
1.14629
1.04504
1.06163
1.10439
1.08259
1.03573
1.03457
1.03462
1.03654
1.03794
1.0657
1.15471
1.15463
1.1257
1.09448
1.15466
1.07514
1.10097
1.08467
1.12835
1.15536
1.07252
0.332829
0.580078
0.359533
1.06304
0.888825
1.1555
1.15175
1.14282
1.13641
1.13481
1.13676
1.14187
1.14961
1.1597
1.1663
1.16758
1.16778
1.1679
1.16802
1.16816
1.1683
1.16845
1.16856
1.1687
1.16885
1.16902
1.16917
1.16927
1.16958
1.16941
1.1696
1.16959
1.16972
1.16972
1.16978
1.16979
1.16985
1.16986
1.1699
1.16991
1.16995
1.17001
1.17014
1.17008
1.17025
1.1702
1.17037
1.17031
1.17026
1.17037
1.16995
1.1704
1.1691
1.17043
1.1704
1.17043
1.15301
1.15786
1.16161
1.16483
1.16744
1.12731
1.14067
1.15097
1.04187
1.0579
1.10507
1.08083
1.03787
1.03563
1.03527
1.03574
1.06552
1.09401
1.15457
1.12587
1.07482
1.12841
1.10231
1.08593
1.15535
1.07408
0.331973
0.528267
0.353704
1.04306
0.83992
1.14653
1.14108
1.13629
1.13498
1.13695
1.14192
1.14946
1.15924
1.16603
1.16749
1.1677
1.16781
1.16792
1.16804
1.16819
1.16833
1.16846
1.16859
1.16874
1.16888
1.16901
1.16916
1.16927
1.16955
1.1697
1.16971
1.16938
1.16972
1.16971
1.16979
1.16979
1.16987
1.16987
1.16993
1.16993
1.16997
1.16998
1.17003
1.17016
1.1701
1.17028
1.17022
1.1704
1.17034
1.17023
1.17037
1.17041
1.16979
1.17042
1.16875
1.17046
1.17045
1.17047
1.17045
1.15726
1.16145
1.1646
1.16698
1.13036
1.14502
1.15513
1.03952
1.05395
1.10562
1.07846
1.06528
1.03727
1.03594
1.03551
1.09353
1.12547
1.15458
1.07304
1.15537
1.12895
1.10324
1.08706
1.07537
0.33144
0.486506
0.350072
1.02674
0.784744
1.13947
1.13634
1.13544
1.13755
1.14239
1.14973
1.15926
1.16592
1.1674
1.16762
1.16773
1.16783
1.16793
1.16805
1.1682
1.16836
1.16847
1.1686
1.16875
1.1689
1.16904
1.16915
1.16926
1.16956
1.16971
1.16969
1.16978
1.16978
1.16939
1.16979
1.16979
1.16987
1.16987
1.16994
1.16995
1.17
1.17001
1.17005
1.17018
1.17012
1.1703
1.17024
1.17043
1.17036
1.17019
1.17037
1.17042
1.17044
1.16967
1.1686
1.17048
1.17049
1.1705
1.17047
1.17049
1.17047
1.1608
1.16443
1.16693
1.13287
1.14881
1.15854
1.03809
1.05017
1.10543
1.07541
1.09304
1.06433
1.03714
1.03717
1.03571
1.12504
1.1544
1.07092
1.1555
1.12943
1.10412
1.08819
1.0762
0.331085
0.452271
0.347463
0.998099
0.737314
1.13718
1.13648
1.13906
1.14364
1.15077
1.15982
1.16593
1.16734
1.16753
1.16764
1.16774
1.16784
1.16795
1.16806
1.16819
1.16833
1.16847
1.16859
1.16873
1.16887
1.16901
1.16913
1.16924
1.16952
1.16966
1.16965
1.16978
1.16976
1.16986
1.16984
1.16937
1.16987
1.16987
1.16995
1.16995
1.17002
1.17002
1.17006
1.17007
1.17019
1.17013
1.17032
1.17025
1.17044
1.17038
1.17015
1.17036
1.17044
1.17046
1.16965
1.16855
1.17051
1.17052
1.17053
1.1705
1.17052
1.17049
1.17051
1.17049
1.16373
1.16671
1.13478
1.15181
1.16131
1.03738
1.04688
1.10469
1.07183
1.1246
1.092
1.06109
1.03709
1.06195
1.0363
1.15423
1.06639
1.15564
1.12983
1.10503
1.08965
1.07613
0.330946
0.429624
0.346647
0.973117
0.68675
1.13976
1.14115
1.14627
1.15297
1.16118
1.16611
1.16727
1.16747
1.16754
1.16764
1.16773
1.16783
1.16794
1.16804
1.16818
1.16834
1.16844
1.16855
1.1687
1.16882
1.16899
1.1691
1.16921
1.16966
1.1695
1.16972
1.16971
1.16984
1.16984
1.16994
1.16993
1.16935
1.16995
1.16994
1.17003
1.17003
1.17008
1.17009
1.17014
1.1702
1.17033
1.17027
1.17046
1.1704
1.17011
1.17035
1.17045
1.17049
1.16956
1.16829
1.17054
1.17055
1.17056
1.17053
1.17055
1.17053
1.17055
1.17051
1.17053
1.17051
1.1659
1.13629
1.15419
1.16331
1.03704
1.0442
1.10348
1.06812
1.15402
1.12371
1.09038
1.05764
1.08998
1.03738
1.06041
1.15574
1.1303
1.10632
1.09069
1.07585
0.331102
0.410043
0.348433
0.933516
0.652314
1.1465
1.1492
1.15622
1.16283
1.16639
1.16721
1.16738
1.16747
1.16754
1.16764
1.16772
1.16782
1.16793
1.16804
1.16814
1.16829
1.16841
1.16853
1.1687
1.16879
1.16894
1.16906
1.16917
1.16964
1.16981
1.1698
1.16948
1.16985
1.16982
1.16993
1.16992
1.17001
1.17
1.16928
1.17002
1.17002
1.1701
1.1701
1.17015
1.17016
1.17022
1.17035
1.17028
1.17049
1.17042
1.17002
1.17033
1.17045
1.1705
1.16925
1.16739
1.17055
1.17057
1.17057
1.17056
1.17056
1.17055
1.17056
1.17055
1.17055
1.17053
1.17055
1.17052
1.13739
1.15587
1.16466
1.03714
1.0422
1.10201
1.0647
1.15374
1.12322
1.05847
1.08583
1.12266
1.03741
1.04646
1.15592
1.13108
1.10728
1.09208
1.07376
0.332099
0.40854
0.352974
0.900805
0.616427
1.15583
1.15949
1.16444
1.16662
1.16715
1.16729
1.16739
1.16748
1.16753
1.16762
1.16772
1.1678
1.1679
1.16801
1.16813
1.16826
1.16842
1.1685
1.16865
1.16878
1.16891
1.16901
1.16913
1.16963
1.16978
1.16976
1.16989
1.16986
1.16947
1.16991
1.16991
1.16999
1.16999
1.1701
1.17009
1.16923
1.17011
1.1701
1.17016
1.17017
1.17023
1.17036
1.17029
1.1705
1.17043
1.1697
1.17023
1.17042
1.17049
1.16827
1.17057
1.17057
1.17056
1.17056
1.17055
1.17054
1.17055
1.17053
1.17055
1.17053
1.17053
1.17053
1.17051
1.13839
1.15706
1.16552
1.03766
1.04079
1.10065
1.06174
1.15359
1.08605
1.0551
1.12046
1.15331
1.03092
1.15611
1.13165
1.10857
1.09305
1.07151
0.341744
0.414641
0.383865
0.8584
0.616042
1.16336
1.16553
1.16677
1.16709
1.16719
1.16728
1.16737
1.16746
1.16753
1.16759
1.16769
1.16778
1.16787
1.16799
1.1681
1.16822
1.16834
1.16848
1.16861
1.16873
1.16885
1.16897
1.16907
1.16976
1.1696
1.16984
1.16981
1.16997
1.16993
1.16944
1.16999
1.16997
1.17008
1.17006
1.17017
1.17017
1.16917
1.17017
1.17017
1.17023
1.17024
1.17037
1.1703
1.17051
1.17044
1.16876
1.16992
1.17031
1.17045
1.17045
1.17058
1.17042
1.17058
1.17051
1.17048
1.17048
1.1704
1.17048
1.17038
1.1705
1.1704
1.1705
1.17045
1.17045
1.13941
1.15797
1.1661
1.03815
1.05555
1.03963
1.09963
1.05931
1.11992
1.08115
1.15262
1.00603
1.15635
1.13246
1.10955
1.0918
1.07452
1.06402
0.569411
0.441729
0.5262
0.833363
0.625846
1.16623
1.16679
1.167
1.1671
1.16717
1.16726
1.16734
1.16742
1.16749
1.16756
1.16765
1.16775
1.16783
1.16795
1.16804
1.16817
1.16829
1.16842
1.16856
1.16868
1.16878
1.16892
1.169
1.16974
1.16989
1.16987
1.16958
1.16992
1.1699
1.17005
1.17005
1.16937
1.17005
1.17006
1.17017
1.17016
1.17024
1.17023
1.16911
1.17024
1.17024
1.17031
1.17037
1.17052
1.17045
1.16901
1.17
1.17032
1.17007
1.17059
1.17041
1.17041
1.16996
1.17059
1.1703
1.17019
1.17023
1.17003
1.17024
1.16998
1.17032
1.17006
1.17039
1.17022
1.17028
1.14044
1.15878
1.1665
1.03856
1.05254
1.08161
1.03847
1.09859
1.05648
1.15234
1.11699
0.982948
1.15656
1.13311
1.11058
1.09401
1.0743
1.05488
1.16575
0.469624
0.858236
0.814607
0.643285
1.16675
1.1669
1.16699
1.16707
1.16714
1.16723
1.16731
1.16738
1.16744
1.16752
1.16762
1.1677
1.1678
1.1679
1.16801
1.16812
1.16822
1.16833
1.16846
1.16859
1.1687
1.16882
1.16893
1.16988
1.16971
1.16994
1.16992
1.16956
1.17
1.16997
1.17012
1.17011
1.16929
1.17014
1.17012
1.17022
1.17022
1.17031
1.17031
1.16904
1.17031
1.17031
1.17037
1.17052
1.17045
1.16914
1.16999
1.16919
1.17043
1.17061
1.17045
1.16989
1.1699
1.16891
1.17059
1.16977
1.16949
1.16963
1.16918
1.16966
1.16911
1.16987
1.1693
1.17008
1.16964
1.16981
1.14124
1.15958
1.16679
1.05197
1.07822
1.1171
1.03796
1.09749
1.05366
1.1515
0.958508
1.15685
1.1339
1.11187
1.09447
1.07249
1.04177
1.1699
0.538301
1.0611
0.801818
0.667828
1.1668
1.1669
1.16698
1.16705
1.16713
1.1672
1.16727
1.16734
1.16741
1.16748
1.16758
1.16766
1.16774
1.16785
1.16796
1.16805
1.16816
1.16828
1.16839
1.16851
1.16864
1.16875
1.16886
1.16985
1.16999
1.16997
1.16968
1.17005
1.17001
1.16951
1.1701
1.17009
1.17019
1.17018
1.16922
1.17021
1.1702
1.1703
1.17029
1.17037
1.17036
1.16898
1.17037
1.17052
1.17045
1.16912
1.16746
1.16993
1.17065
1.17047
1.17009
1.16864
1.16871
1.16687
1.17059
1.16865
1.16807
1.16841
1.16756
1.16848
1.16744
1.16887
1.16772
1.16935
1.16834
1.16871
1.1416
1.16017
1.16672
1.07693
1.05228
1.11457
1.15143
1.03706
1.09659
1.05193
0.934628
1.15708
1.13476
1.1128
1.09575
1.0693
1.02268
1.17007
0.625642
1.1061
0.790821
0.658263
1.16678
1.16686
1.16693
1.16701
1.16708
1.16715
1.16722
1.16728
1.16734
1.16745
1.16754
1.1676
1.1677
1.16779
1.1679
1.16801
1.16811
1.16822
1.16833
1.16844
1.16857
1.16866
1.16877
1.16997
1.16982
1.17007
1.17004
1.16964
1.17014
1.17011
1.16944
1.17017
1.17014
1.17026
1.17025
1.16915
1.17028
1.17027
1.17036
1.17035
1.17045
1.17044
1.16887
1.17052
1.16456
1.16865
1.17064
1.17067
1.16932
1.16986
1.16885
1.16614
1.16637
1.16352
1.17058
1.16662
1.16562
1.16621
1.16485
1.16624
1.16451
1.16681
1.16474
1.16774
1.16571
1.16619
1.1412
1.16003
1.11435
1.07633
1.04943
1.15073
1.03613
1.09606
1.05029
0.906297
1.15735
1.13549
1.11353
1.09507
1.06592
0.996653
1.17177
0.792057
1.15948
0.763243
0.681786
1.16674
1.1668
1.16687
1.16695
1.16702
1.16709
1.16716
1.16721
1.16729
1.16738
1.16747
1.16756
1.16764
1.16774
1.16784
1.16791
1.16803
1.16813
1.16825
1.16836
1.16844
1.16856
1.16866
1.16996
1.17011
1.17008
1.16979
1.17017
1.17013
1.1696
1.1702
1.17019
1.16932
1.17024
1.17024
1.17032
1.17031
1.16909
1.17035
1.17034
1.17044
1.17043
1.17051
1.16875
1.15999
1.16609
1.1707
1.17033
1.17054
1.17066
1.16696
1.16809
1.16628
1.16197
1.16259
1.15832
1.17058
1.16335
1.16171
1.16263
1.16051
1.16234
1.15978
1.16283
1.15943
1.16418
1.16071
1.15911
1.13978
1.1507
1.11325
1.07308
1.04927
1.03494
1.09482
1.04856
0.873305
1.15764
1.13602
1.11452
1.06867
1.09511
1.05155
0.96003
1.17198
1.02293
1.16975
0.713014
0.772958
1.16669
1.16675
1.16682
1.1669
1.16697
1.16703
1.16711
1.16715
1.16722
1.16733
1.1674
1.16748
1.16758
1.16767
1.16774
1.16784
1.16795
1.16806
1.16816
1.16825
1.16835
1.16845
1.16855
1.17008
1.16993
1.17019
1.17014
1.16974
1.17023
1.17021
1.16957
1.17029
1.17026
1.16925
1.1703
1.1703
1.1704
1.17039
1.16897
1.17042
1.17041
1.1705
1.17049
1.16867
1.15316
1.16177
1.17066
1.17072
1.16936
1.17024
1.17065
1.16262
1.16436
1.1618
1.15565
1.15681
1.15073
1.17057
1.15819
1.15571
1.15693
1.15379
1.156
1.15232
1.15603
1.1508
1.15581
1.15059
1.13543
1.15025
1.11171
1.07327
1.04694
1.0339
1.0929
1.04711
0.811434
1.15783
1.13681
1.11464
1.06702
1.09378
1.02955
0.916438
1.17203
1.13525
1.17157
0.723675
0.983976
1.16665
1.16671
1.16678
1.16685
1.16692
1.16698
1.16705
1.16711
1.16717
1.16726
1.16734
1.16741
1.1675
1.16758
1.16769
1.16777
1.16787
1.16796
1.16807
1.16815
1.16827
1.16835
1.16846
1.17006
1.1702
1.17018
1.1699
1.17026
1.17023
1.16969
1.17031
1.17028
1.16948
1.17034
1.17033
1.16919
1.17038
1.17036
1.17046
1.17044
1.16888
1.17048
1.17047
1.17056
1.16856
1.14355
1.15521
1.17075
1.17061
1.17018
1.17071
1.16665
1.16891
1.17064
1.15582
1.15808
1.15513
1.14678
1.14854
1.14031
1.15046
1.14701
1.14822
1.14393
1.14591
1.14093
1.14399
1.13687
1.12933
1.14989
1.11178
1.07105
1.04695
1.03179
1.08825
1.04424
0.750394
1.15817
1.13701
1.1149
1.05952
1.06945
1.09358
0.994502
0.838281
1.17204
1.16445
1.17189
0.778766
1.10745
1.1666
1.16666
1.16673
1.1668
1.16685
1.16693
1.16699
1.16707
1.16712
1.1672
1.16727
1.16736
1.16743
1.16752
1.1676
1.16769
1.16779
1.16789
1.16797
1.16808
1.16814
1.16826
1.16836
1.17018
1.17003
1.17027
1.17023
1.16984
1.17032
1.1703
1.16962
1.17037
1.17035
1.16939
1.17041
1.17039
1.16909
1.17042
1.17042
1.17052
1.17051
1.16878
1.17055
1.17054
1.17063
1.16845
1.13074
1.14604
1.17074
1.17077
1.17077
1.17021
1.16894
1.1707
1.16162
1.16566
1.14654
1.14916
1.14586
1.13509
1.13741
1.12677
1.13951
1.13509
1.13552
1.1301
1.13033
1.12415
1.12199
1.11361
1.14989
1.11073
1.07149
1.04574
1.02921
1.08291
1.0408
0.754152
1.15827
1.1374
1.11478
1.04372
1.06545
1.0894
0.943537
0.776846
1.17205
1.17057
1.17195
0.940927
1.15549
1.16656
1.16662
1.16669
1.16676
1.16681
1.16689
1.16694
1.16701
1.16707
1.16715
1.16723
1.16728
1.16738
1.16745
1.16754
1.16763
1.16771
1.1678
1.16789
1.16796
1.16807
1.16817
1.16825
1.17015
1.17029
1.17027
1.16999
1.17035
1.17031
1.16978
1.17039
1.17037
1.16955
1.17044
1.17041
1.16927
1.17047
1.17046
1.16899
1.1705
1.17049
1.17058
1.17057
1.16866
1.17061
1.1706
1.17068
1.16835
1.11444
1.13405
1.17064
1.17075
1.1708
1.17076
1.16924
1.16591
1.15366
1.15971
1.13459
1.13767
1.13379
1.12052
1.12327
1.10999
1.12465
1.11944
1.11765
1.11147
1.1064
1.09976
1.07691
1.14957
1.11103
1.07124
1.04432
1.02702
1.03722
0.791423
1.15848
1.13751
1.11334
1.01284
1.05575
1.05697
1.08934
0.856705
0.777893
1.17205
1.17168
1.17197
1.07926
1.16856
1.16652
1.16658
1.16665
1.16671
1.16678
1.16685
1.16691
1.16696
1.16703
1.1671
1.16718
1.16724
1.16733
1.16741
1.16748
1.16756
1.16765
1.16772
1.16781
1.1679
1.168
1.16809
1.16817
1.17027
1.17013
1.17036
1.17032
1.16994
1.17041
1.17039
1.16973
1.17046
1.17044
1.16948
1.17049
1.17047
1.16918
1.17053
1.17051
1.16886
1.17055
1.17053
1.17064
1.17063
1.16853
1.17067
1.17066
1.17074
1.16826
1.09459
1.11933
1.17035
1.17081
1.1708
1.17083
1.1707
1.16711
1.16007
1.1432
1.15088
1.12011
1.12381
1.11904
1.1033
1.1062
1.09007
1.10535
1.0998
1.09304
1.08716
1.07015
1.06477
1.14966
1.11102
1.0713
1.04366
1.02378
1.03327
0.910391
1.15859
1.13701
1.11313
0.962534
1.02979
1.05764
1.08728
0.798163
0.803433
1.17206
1.17186
1.17199
1.14456
1.17131
1.16648
1.16654
1.16661
1.16665
1.16674
1.16679
1.16687
1.16692
1.167
1.16705
1.16714
1.16721
1.16727
1.16736
1.16744
1.16752
1.1676
1.16768
1.16776
1.16785
1.16793
1.16801
1.16809
1.17025
1.17038
1.17036
1.17008
1.17042
1.1704
1.16987
1.17047
1.17045
1.16965
1.17052
1.1705
1.16937
1.17057
1.17053
1.16907
1.17058
1.17058
1.16876
1.17061
1.1706
1.1707
1.17069
1.16843
1.17073
1.17072
1.1708
1.16818
1.07151
1.10216
1.16968
1.17083
1.17084
1.17075
1.17083
1.17051
1.16291
1.15153
1.13047
1.1398
1.10344
1.10785
1.10194
1.08383
1.08637
1.06746
1.08136
1.0762
1.05933
1.05553
1.02969
1.14973
1.11129
1.072
1.04285
1.02119
1.05729
1.15854
1.13704
1.1121
0.87207
0.979737
1.03583
1.05465
1.0811
0.797997
0.893388
1.17206
1.17191
1.172
1.16574
1.17177
1.16645
1.1665
1.16656
1.16662
1.16668
1.16675
1.16682
1.16689
1.16696
1.16703
1.16711
1.16718
1.16725
1.16734
1.16741
1.16749
1.16757
1.16765
1.16773
1.16781
1.16789
1.16796
1.16805
1.17036
1.17021
1.17044
1.17041
1.17002
1.17048
1.17046
1.16981
1.17053
1.1705
1.16956
1.17056
1.17055
1.16928
1.17062
1.1706
1.16898
1.17065
1.17063
1.16861
1.17067
1.17066
1.17076
1.17074
1.16836
1.17078
1.17077
1.17084
1.16812
1.04558
1.08288
1.16833
1.17084
1.17084
1.17065
1.17082
1.17013
1.15624
1.14107
1.11564
1.12662
1.08512
1.09026
1.08285
1.06265
1.06432
1.04281
1.05225
1.04888
1.02599
1.02337
1.14991
1.11183
1.07285
1.04294
1.01747
1.13404
1.15854
1.13658
1.11021
0.816747
0.890717
0.989553
1.03719
1.04258
1.08135
0.816305
1.04381
1.17207
1.17193
1.17201
1.17076
1.17186
1.16642
1.16648
1.16654
1.1666
1.16667
1.16674
1.1668
1.16688
1.16695
1.16703
1.1671
1.16717
1.16725
1.16733
1.1674
1.16747
1.16756
1.16763
1.16771
1.16779
1.16787
1.16794
1.16802
1.17049
1.17033
1.17016
1.1705
1.17048
1.16997
1.17057
1.17054
1.16974
1.1706
1.17059
1.16947
1.17065
1.17062
1.16917
1.17067
1.17066
1.16884
1.17069
1.17068
1.16854
1.17073
1.17071
1.17081
1.1708
1.16825
1.17083
1.17082
1.17087
1.17087
1.1681
1.0185
1.06204
1.16605
1.17086
1.17087
1.17045
1.17078
1.1694
1.14752
1.12857
1.09911
1.11159
1.06551
1.07132
1.06236
1.0403
1.04107
1.0177
1.02091
1.02009
1.01449
1.15029
1.11309
1.07413
1.04265
1.16256
1.15848
1.13572
1.10955
0.816371
0.834976
0.904519
0.998604
1.04331
1.08013
0.888464
1.12658
1.17207
1.17195
1.17202
1.17166
1.17189
1.16639
1.16645
1.16651
1.16658
1.16665
1.16673
1.1668
1.16687
1.16695
1.16703
1.1671
1.16718
1.16725
1.16733
1.1674
1.16748
1.16756
1.16763
1.16771
1.16779
1.16786
1.16794
1.16801
1.17047
1.17054
1.17059
1.17057
1.17029
1.17011
1.17056
1.16991
1.17061
1.17059
1.16966
1.17066
1.17063
1.16938
1.1707
1.17068
1.16906
1.17072
1.17071
1.16873
1.17075
1.17073
1.16841
1.17078
1.17076
1.17086
1.17085
1.16821
1.17088
1.17087
1.17088
1.17088
1.16809
1.00444
1.04014
1.16268
1.17086
1.17088
1.17011
1.1707
1.16822
1.13659
1.11424
1.08122
1.09503
1.04538
1.05154
1.04133
1.01705
1.01713
1.0025
1.01054
1.00629
1.04282
1.15081
1.11474
1.07569
1.1701
1.15829
1.13563
1.10793
0.831613
0.834017
0.851946
0.917638
1.00461
1.04859
1.07943
1.03846
1.16017
1.17207
1.17196
1.17202
1.17181
1.17191
1.16637
1.16644
1.16651
1.16658
1.16665
1.16673
1.1668
1.16688
1.16696
1.16704
1.16712
1.1672
1.16728
1.16736
1.16743
1.16751
1.16758
1.16766
1.16774
1.16781
1.16789
1.16796
1.16805
1.17058
1.17044
1.17061
1.17064
1.17061
1.17024
1.17007
1.17063
1.16983
1.17067
1.17065
1.16958
1.17071
1.17068
1.16927
1.17074
1.17073
1.16895
1.17077
1.17076
1.1686
1.1708
1.17078
1.16835
1.17083
1.17082
1.1709
1.17089
1.16817
1.1709
1.1709
1.17091
1.17091
1.17091
1.16812
1.0029
1.01851
1.15813
1.17085
1.1709
1.1696
1.17055
1.16653
1.12377
1.09811
1.06229
1.07708
1.0252
1.03145
1.02034
1.00045
1.00105
0.998872
1.01258
1.00397
1.07791
1.04008
1.15139
1.11669
1.17154
1.15822
1.13493
1.10703
0.894307
0.84794
0.851182
0.867278
0.916387
0.99852
1.04789
1.0764
1.12346
1.16956
1.17207
1.17197
1.17203
1.17185
1.17192
1.16636
1.16643
1.16651
1.16658
1.16666
1.16675
1.16683
1.16691
1.16701
1.16708
1.16717
1.16725
1.16732
1.1674
1.1675
1.16756
1.16762
1.16771
1.16779
1.16786
1.16793
1.16802
1.1681
1.17069
1.17053
1.1704
1.17067
1.17071
1.17069
1.1702
1.16999
1.17068
1.16976
1.17071
1.1707
1.16948
1.17076
1.17075
1.16915
1.17079
1.17077
1.16883
1.17084
1.17081
1.16851
1.17086
1.17086
1.16828
1.17088
1.17087
1.17095
1.17094
1.16817
1.17093
1.17092
1.17094
1.17095
1.17092
1.17092
1.16818
1.04672
1.0006
1.151
1.17083
1.17091
1.16891
1.17034
1.16437
1.10826
1.08012
1.04273
1.058
1.00584
1.01196
1.00171
0.995693
0.996827
1.00199
1.04465
1.11856
1.07926
1.15204
1.17177
1.15801
1.13451
1.106
1.04005
0.908936
0.865838
0.867963
0.878934
0.907808
0.988413
1.00567
1.07282
1.15919
1.17143
1.17208
1.17198
1.17203
1.17187
1.17194
1.16636
1.16644
1.16652
1.16661
1.16669
1.16677
1.16687
1.16695
1.16705
1.16714
1.16723
1.16731
1.16739
1.16747
1.16755
1.16762
1.16771
1.16779
1.16785
1.16793
1.16802
1.16811
1.16818
1.17079
1.1707
1.17074
1.1705
1.17033
1.17073
1.17076
1.17015
1.16994
1.17076
1.16967
1.1708
1.17078
1.16936
1.17083
1.17082
1.16904
1.17086
1.17084
1.16869
1.17087
1.17085
1.16842
1.1709
1.17089
1.16825
1.17093
1.17091
1.17099
1.17098
1.17096
1.17099
1.1682
1.17095
1.17095
1.17097
1.17095
1.17094
1.16826
1.08705
1.04586
0.994691
1.14116
1.17078
1.17091
1.16797
1.17006
1.16154
1.09024
1.06074
1.02303
1.03849
0.995764
0.999133
0.994685
0.995969
0.995941
1.08413
1.15266
1.12003
1.17182
1.15791
1.134
1.10434
1.12472
1.04985
0.929974
0.886618
0.882503
0.888529
0.915134
1.03852
0.939314
1.06804
1.16934
1.17173
1.17208
1.17199
1.17204
1.17189
1.17195
1.16637
1.16645
1.16654
1.16663
1.16673
1.16682
1.16691
1.16702
1.16712
1.1672
1.1673
1.16738
1.16748
1.16756
1.16763
1.16772
1.16781
1.16787
1.16796
1.16802
1.16814
1.16821
1.1683
1.17078
1.17079
1.17084
1.17089
1.17087
1.17063
1.17045
1.17028
1.17078
1.17081
1.17008
1.16985
1.1708
1.16956
1.17084
1.17081
1.16927
1.17087
1.17085
1.16889
1.1709
1.17089
1.16859
1.17093
1.17092
1.16836
1.17095
1.17093
1.16825
1.17098
1.17096
1.171
1.17099
1.171
1.17103
1.16825
1.17097
1.17097
1.17099
1.17096
1.17095
1.16839
1.12444
1.08828
1.05098
0.993635
1.12728
1.1707
1.17089
1.16657
1.1697
1.15717
1.07012
1.04044
1.00523
1.019
0.993253
0.995457
0.993426
1.00067
1.12278
1.15324
1.17185
1.15777
1.13336
1.10221
1.15973
1.12938
1.06129
0.962122
0.910253
0.896548
0.901022
0.981248
0.910925
1.0185
1.06022
1.17137
1.1718
1.17208
1.172
1.17204
1.17191
1.17196
1.1664
1.16649
1.16659
1.16669
1.16679
1.16689
1.167
1.1671
1.16719
1.16729
1.16738
1.16751
1.16756
1.16764
1.16776
1.16785
1.16792
1.16803
1.16809
1.16818
1.16826
1.16835
1.16845
1.17088
1.17075
1.17086
1.17091
1.17093
1.17091
1.1706
1.17041
1.17023
1.17083
1.17002
1.16975
1.17085
1.16946
1.17089
1.17086
1.1691
1.17092
1.1709
1.16879
1.17095
1.17093
1.16851
1.17097
1.17096
1.16833
1.171
1.17099
1.16828
1.17102
1.17101
1.17101
1.17103
1.17102
1.17104
1.17107
1.17107
1.16836
1.17099
1.17099
1.17101
1.17098
1.17096
1.16854
1.15457
1.12537
1.09191
1.05165
0.994028
1.10881
1.1706
1.17087
1.16417
1.16914
1.15003
1.04867
1.02026
0.997954
1.00566
0.993276
0.995311
0.994766
1.15408
1.17187
1.15761
1.13248
1.09892
1.16949
1.16122
1.13567
1.08275
1.00052
0.93729
0.914287
0.926367
0.91379
0.968515
0.991901
1.057
1.17171
1.17182
1.17208
1.172
1.17204
1.17192
1.17197
1.16644
1.16655
1.16665
1.16677
1.16687
1.16698
1.16709
1.16718
1.16727
1.16737
1.16751
1.16759
1.1677
1.16783
1.16789
1.16797
1.16806
1.16815
1.16823
1.16837
1.1684
1.16851
1.16861
1.17099
1.17083
1.17071
1.17088
1.17092
1.17095
1.17098
1.17097
1.17055
1.17037
1.17017
1.16994
1.16966
1.1709
1.16933
1.17094
1.17093
1.169
1.17096
1.17095
1.16868
1.17099
1.17098
1.16844
1.17102
1.171
1.16832
1.17105
1.17104
1.16834
1.17107
1.17106
1.17103
1.17104
1.17107
1.17108
1.17108
1.16848
1.171
1.17101
1.17103
1.171
1.17096
1.16873
1.15499
1.12727
1.09311
1.05551
1.08762
1.17044
1.17083
1.16028
1.16802
1.1358
1.02765
1.00969
0.996168
1.00091
0.994134
0.997279
1.00044
1.17188
1.15737
1.13119
1.09733
1.17139
1.16975
1.16329
1.14479
1.1033
1.04269
0.976352
0.917439
0.940554
0.927272
0.961831
0.962227
1.04517
1.17177
1.17184
1.17205
1.17201
1.17193
1.17197
1.16651
1.16662
1.16674
1.16686
1.16698
1.1671
1.16719
1.1673
1.16741
1.16753
1.1676
1.16771
1.16785
1.16794
1.16802
1.16812
1.16821
1.1683
1.16841
1.16849
1.16861
1.16869
1.1688
1.17108
1.17099
1.17102
1.17082
1.17067
1.17094
1.17097
1.171
1.17104
1.1705
1.17031
1.1701
1.16985
1.16955
1.17095
1.16922
1.17098
1.17097
1.16888
1.17101
1.171
1.16859
1.17104
1.17102
1.16841
1.17106
1.17105
1.16836
1.17109
1.17108
1.16845
1.1711
1.1711
1.17104
1.17107
1.17108
1.1711
1.17109
1.16865
1.17103
1.17103
1.17105
1.17101
1.17094
1.1689
1.15553
1.12795
1.09527
1.05553
1.06408
1.17017
1.17076
1.15347
1.16581
1.11491
1.01695
1.00577
0.996669
0.999871
1.05858
1.0023
1.17189
1.15702
1.13055
1.0917
1.1717
1.1714
1.17021
1.16583
1.15291
1.12655
1.0776
0.927116
1.02608
0.928894
0.936775
0.942171
0.974922
1.04364
1.1718
1.17186
1.17205
1.17201
1.17202
1.17194
1.17198
1.16659
1.16672
1.16685
1.16697
1.1671
1.16721
1.16733
1.16744
1.16755
1.16764
1.16775
1.16786
1.16796
1.16807
1.16818
1.16827
1.16836
1.16847
1.16856
1.16866
1.16876
1.16889
1.16903
1.17118
1.17106
1.17108
1.17112
1.17092
1.17079
1.17063
1.17099
1.17102
1.17105
1.17109
1.17046
1.17025
1.17002
1.16975
1.16943
1.17101
1.16909
1.17103
1.17102
1.16875
1.17106
1.17105
1.16852
1.17107
1.17107
1.1684
1.1711
1.17109
1.16843
1.17112
1.1711
1.1686
1.17113
1.17113
1.1711
1.17113
1.17107
1.17108
1.17109
1.17111
1.16881
1.17104
1.17104
1.17107
1.17101
1.1709
1.16922
1.15581
1.12905
1.09552
1.0404
1.16962
1.17062
1.14153
1.16152
1.08797
1.01239
1.00487
1.00131
1.00063
1.05836
1.0967
1.17191
1.1568
1.12832
1.09021
1.17176
1.17168
1.17148
1.17071
1.1679
1.16048
1.14127
0.974477
1.1138
0.950884
0.944734
0.954107
0.945736
0.959762
1.03689
1.17182
1.17187
1.17206
1.17199
1.17198
1.17195
1.16669
1.16682
1.16696
1.1671
1.16722
1.16735
1.16746
1.16756
1.16768
1.16779
1.16789
1.16799
1.16811
1.16823
1.16832
1.16842
1.16852
1.16862
1.16872
1.16883
1.16896
1.16909
1.16925
1.17128
1.17116
1.17118
1.17122
1.17103
1.17114
1.17089
1.17075
1.17059
1.17103
1.17107
1.17111
1.17039
1.17019
1.16994
1.16965
1.16932
1.17105
1.16896
1.17108
1.17107
1.16867
1.1711
1.17108
1.16848
1.17113
1.17111
1.16844
1.17114
1.17113
1.16854
1.17115
1.17114
1.16877
1.17114
1.17113
1.17113
1.17115
1.17109
1.1711
1.17112
1.17114
1.16911
1.17105
1.17106
1.17109
1.17098
1.17082
1.16937
1.15609
1.12922
1.02678
1.16851
1.17032
1.11888
1.15386
1.05965
1.01108
1.00578
1.00821
1.00695
1.05939
1.0964
1.12976
1.17192
1.15624
1.12741
1.0868
1.17179
1.17174
1.17169
1.17156
1.17107
1.16957
1.16522
1.06975
1.15588
1.0276
0.992733
0.949016
0.973727
0.958698
0.954842
1.02741
1.17184
1.17189
1.172
1.17206
1.17196
1.17196
1.17195
1.16678
1.16693
1.16709
1.16722
1.16736
1.16747
1.16757
1.16771
1.16783
1.16793
1.16804
1.16816
1.16826
1.16838
1.16848
1.16858
1.16868
1.16877
1.16888
1.16901
1.16915
1.1693
1.16941
1.17138
1.17125
1.17127
1.17132
1.17114
1.17119
1.17123
1.17101
1.17116
1.17087
1.17072
1.17053
1.17108
1.17111
1.17034
1.17011
1.16985
1.16954
1.16917
1.17109
1.16884
1.17112
1.17111
1.16859
1.17114
1.17113
1.16848
1.17116
1.17116
1.16852
1.17117
1.17117
1.16869
1.17119
1.17119
1.16896
1.17115
1.17116
1.17115
1.17117
1.1712
1.17119
1.1711
1.17112
1.17114
1.17115
1.16931
1.17104
1.17108
1.1711
1.17092
1.17064
1.16954
1.15622
1.02016
1.16609
1.16964
1.08687
1.14042
1.04005
1.01177
1.01306
1.01442
1.09646
1.06023
1.12957
1.15633
1.17192
1.1559
1.12605
1.08061
1.1718
1.17177
1.17173
1.17169
1.1716
1.17133
1.17056
1.13751
1.16877
1.10903
1.08014
0.965383
1.05232
0.972249
0.95685
0.96376
1.0279
1.17185
1.17189
1.17195
1.17201
1.17206
1.17193
1.17193
1.16688
1.16705
1.16721
1.16735
1.16747
1.16758
1.16773
1.16785
1.16796
1.16807
1.1682
1.16831
1.16841
1.16851
1.16861
1.16871
1.16882
1.16894
1.16904
1.16919
1.16933
1.16947
1.16962
1.17147
1.17137
1.17137
1.17141
1.17125
1.17128
1.17133
1.17111
1.1712
1.17125
1.17098
1.17117
1.17083
1.17067
1.17048
1.17113
1.17028
1.17004
1.16976
1.16939
1.16904
1.17113
1.16875
1.17116
1.17115
1.16856
1.17118
1.17117
1.16852
1.1712
1.17119
1.16865
1.17123
1.17121
1.16886
1.1712
1.17124
1.17124
1.16916
1.17117
1.17118
1.1712
1.17121
1.17112
1.17114
1.17115
1.17117
1.16948
1.17099
1.17108
1.17111
1.17079
1.17018
1.16974
1.01787
1.16094
1.16809
1.05838
1.11642
1.02932
1.01928
1.02029
1.12953
1.09634
1.06049
1.15633
1.15552
1.12322
1.07839
1.17182
1.17179
1.17176
1.17173
1.17169
1.17163
1.1715
1.16387
1.17124
1.1543
1.14084
1.03108
1.12167
0.961971
0.964235
1.01263
0.966936
1.02499
1.17186
1.17191
1.1719
1.17195
1.17201
1.17206
1.17191
1.16698
1.16715
1.16733
1.16745
1.16758
1.16773
1.16786
1.16797
1.16809
1.16823
1.16834
1.16845
1.16856
1.16865
1.16875
1.16886
1.16897
1.16908
1.16927
1.16937
1.16949
1.16962
1.16976
1.17156
1.17146
1.17147
1.1715
1.17134
1.17139
1.17142
1.17122
1.17128
1.17134
1.17109
1.17122
1.17125
1.17094
1.17117
1.1708
1.17062
1.17043
1.1702
1.16995
1.16959
1.16926
1.16893
1.17119
1.16868
1.17121
1.1712
1.16856
1.17122
1.17121
1.16862
1.17124
1.17123
1.1688
1.17125
1.17124
1.16904
1.17123
1.17126
1.17124
1.17126
1.16942
1.17118
1.1712
1.17121
1.17123
1.17113
1.17115
1.17117
1.17118
1.16969
1.17088
1.17107
1.17111
1.17043
1.16901
1.16992
1.01777
1.15116
1.16452
1.04046
1.08245
1.02451
1.02542
1.15632
1.1294
1.09551
1.06103
1.15474
1.12171
1.07583
1.17183
1.1718
1.17177
1.17174
1.17171
1.17168
1.17164
1.17027
1.1716
1.1685
1.16497
1.10596
1.15838
0.965832
1.00395
1.09027
0.967402
0.96807
1.01844
1.17188
1.17187
1.17188
1.1719
1.17185
1.17196
1.17201
1.17206
1.16705
1.16725
1.16742
1.16756
1.16771
1.16785
1.16797
1.1681
1.16823
1.16835
1.16847
1.16858
1.16867
1.16877
1.16889
1.169
1.16914
1.16929
1.16939
1.16954
1.16966
1.1698
1.16993
1.17166
1.17155
1.17156
1.17161
1.17144
1.17148
1.17152
1.17134
1.1714
1.17142
1.17119
1.1713
1.17136
1.17106
1.17124
1.17127
1.17091
1.17076
1.17057
1.17036
1.17013
1.16981
1.16949
1.16914
1.16883
1.17125
1.16865
1.17125
1.17125
1.16862
1.17127
1.17126
1.16873
1.17128
1.17127
1.16899
1.17129
1.17128
1.16934
1.17127
1.17129
1.17126
1.17129
1.17125
1.17129
1.16964
1.1712
1.17121
1.17123
1.17114
1.17117
1.17118
1.1712
1.16989
1.17057
1.17099
1.17108
1.16946
1.16625
1.1701
1.02426
1.13486
1.15704
1.03124
1.05413
1.02299
1.15626
1.12881
1.09532
1.06089
1.1542
1.12043
1.07079
1.17185
1.17182
1.17179
1.17176
1.17173
1.17171
1.17168
1.17142
1.17166
1.17119
1.17052
1.15121
1.16935
0.996806
1.0784
1.14265
0.969411
0.976101
0.991551
1.02215
1.17185
1.17184
1.17186
1.17191
1.17183
1.17196
1.17202
1.17206
1.16712
1.16733
1.16753
1.16768
1.16782
1.16795
1.16809
1.16822
1.16834
1.16848
1.16858
1.16868
1.1688
1.16889
1.16903
1.16915
1.16928
1.16942
1.16955
1.1697
1.16986
1.17001
1.17017
1.17174
1.17164
1.17165
1.1717
1.17155
1.17156
1.17161
1.17143
1.17149
1.17152
1.1713
1.17139
1.17144
1.17116
1.17131
1.17136
1.17103
1.17127
1.17088
1.17071
1.17052
1.1703
1.17003
1.16971
1.16936
1.16901
1.16877
1.16866
1.17129
1.17129
1.16871
1.17131
1.17131
1.16889
1.17132
1.17133
1.16922
1.17133
1.17132
1.16961
1.17129
1.17128
1.1713
1.17126
1.1713
1.17125
1.17132
1.16986
1.17122
1.17124
1.17113
1.17117
1.1712
1.17122
1.17005
1.16979
1.17075
1.17097
1.16711
1.16027
1.17029
1.02791
1.1072
1.14344
1.02793
1.03816
1.02628
1.15614
1.12862
1.09474
1.05934
1.15377
1.11767
1.06978
1.17182
1.1718
1.17177
1.17174
1.17172
1.17169
1.17161
1.17167
1.17157
1.17146
1.16749
1.17129
1.07154
1.13485
1.16506
0.972213
0.98892
1.06369
0.974854
1.02177
1.17182
1.17186
1.17182
1.17183
1.17192
1.17181
1.17197
1.17202
1.17207
1.16717
1.16742
1.16763
1.16778
1.16792
1.16806
1.16819
1.16832
1.16846
1.16857
1.16869
1.1688
1.16891
1.16902
1.16917
1.16929
1.16945
1.16959
1.16971
1.16986
1.17002
1.17016
1.17031
1.17184
1.17174
1.17175
1.17179
1.17164
1.17166
1.17171
1.17154
1.17157
1.17162
1.17142
1.17148
1.17154
1.1713
1.1714
1.17144
1.17114
1.17133
1.17136
1.171
1.17084
1.17066
1.17046
1.17022
1.1699
1.16959
1.16921
1.16892
1.16874
1.16871
1.17135
1.17133
1.16883
1.17135
1.17134
1.16911
1.17136
1.17135
1.1695
1.17136
1.17137
1.16982
1.1713
1.17129
1.17128
1.17132
1.17126
1.17132
1.17125
1.17137
1.17133
1.17004
1.17123
1.17109
1.17117
1.17121
1.17123
1.1703
1.16791
1.17016
1.17067
1.16206
1.14877
1.17049
1.029
1.0714
1.12168
1.02686
1.0304
1.02778
1.15598
1.12793
1.09199
1.05999
1.15294
1.11653
1.06825
1.17179
1.17176
1.17174
1.17171
1.17164
1.17169
1.17162
1.17159
1.17099
1.17155
1.12977
1.16239
1.17056
0.986054
1.05779
1.12623
0.977281
0.984649
1.02167
1.17181
1.17187
1.1718
1.1718
1.17192
1.17179
1.17197
1.17202
1.17207
1.16721
1.16747
1.16768
1.16784
1.16799
1.16813
1.16827
1.16841
1.16854
1.16867
1.16879
1.16891
1.16901
1.16919
1.1693
1.16946
1.16957
1.16969
1.16991
1.17004
1.17017
1.17034
1.17053
1.17184
1.17193
1.17183
1.17173
1.17175
1.17179
1.17163
1.17166
1.1717
1.17151
1.17157
1.17162
1.1714
1.17148
1.17154
1.17125
1.17141
1.17145
1.17112
1.17137
1.17097
1.1708
1.17061
1.17039
1.17012
1.16981
1.16943
1.1691
1.16885
1.16875
1.1688
1.17138
1.16899
1.17138
1.17138
1.16944
1.1714
1.17139
1.16971
1.1714
1.1714
1.17
1.1713
1.17132
1.17129
1.17128
1.17133
1.17127
1.17125
1.17139
1.17136
1.17137
1.17022
1.17098
1.17114
1.17121
1.17124
1.17046
1.16396
1.16883
1.17
1.1527
1.1299
1.17065
1.04558
1.08826
1.02719
1.02624
1.02917
1.15568
1.12587
1.0923
1.05824
1.15251
1.11539
1.06713
1.17176
1.17174
1.17172
1.17167
1.17169
1.17165
1.17162
1.1715
1.1716
1.16031
1.17004
1.17143
1.04984
1.12447
1.15889
0.9801
0.985059
1.04071
1.02305
1.17177
1.17182
1.17187
1.17178
1.17178
1.17193
1.17197
1.17202
1.17207
1.16722
1.16749
1.16769
1.16786
1.16801
1.16817
1.16832
1.16846
1.16862
1.16876
1.16889
1.16901
1.16914
1.16929
1.16944
1.16957
1.16972
1.16991
1.17004
1.17019
1.17034
1.17052
1.17068
1.17194
1.17184
1.17188
1.17202
1.17193
1.17183
1.17172
1.17174
1.17179
1.17162
1.17166
1.17171
1.1715
1.17158
1.17163
1.17139
1.1715
1.17154
1.17124
1.17141
1.17146
1.17109
1.17093
1.17076
1.17055
1.1703
1.17002
1.16967
1.1693
1.169
1.16883
1.16881
1.16894
1.17142
1.16934
1.17143
1.17142
1.16966
1.17143
1.17143
1.16996
1.17143
1.17143
1.17019
1.17131
1.17132
1.17134
1.17129
1.17128
1.17136
1.17126
1.17143
1.1714
1.17141
1.17138
1.17045
1.17073
1.17108
1.17121
1.17126
1.17065
1.15694
1.16628
1.16878
1.13772
1.10305
1.17088
1.032
1.05487
1.02716
1.02491
1.155
1.12606
1.0897
1.05455
1.15211
1.11444
1.06736
1.17175
1.17173
1.17167
1.17171
1.17166
1.17163
1.17158
1.17161
1.16957
1.17135
1.17155
1.12285
1.15877
1.16937
0.982809
0.985581
1.03428
1.12065
1.02452
1.17178
1.17175
1.17175
1.17174
1.17184
1.17188
1.17193
1.17198
1.17202
1.17207
1.16721
1.1675
1.16769
1.16786
1.16802
1.16818
1.16834
1.16852
1.16868
1.16885
1.16898
1.1691
1.16925
1.16945
1.16958
1.16974
1.16993
1.17008
1.1702
1.17036
1.17056
1.17072
1.17087
1.17202
1.17193
1.17198
1.17184
1.17189
1.17202
1.17193
1.17182
1.17173
1.17175
1.1718
1.17161
1.17166
1.17172
1.17148
1.17158
1.17163
1.17135
1.1715
1.17154
1.17122
1.17146
1.17106
1.17089
1.1707
1.17048
1.17022
1.16989
1.16953
1.16918
1.16894
1.16885
1.16892
1.16921
1.16958
1.17147
1.17146
1.16987
1.17147
1.17147
1.17015
1.17147
1.17147
1.1704
1.17132
1.17131
1.17133
1.17136
1.17129
1.17127
1.17147
1.17143
1.17145
1.17139
1.17141
1.17137
1.17062
1.1703
1.17098
1.17121
1.17084
1.14604
1.16203
1.16687
1.11594
1.06881
1.17105
1.02496
1.03573
1.02633
1.02347
1.15507
1.12423
1.08811
1.05517
1.15177
1.11402
1.06709
1.17173
1.17168
1.17171
1.17167
1.17164
1.17159
1.17163
1.17127
1.17153
1.17157
1.1594
1.16942
1.17124
0.985591
0.986802
1.02998
1.11864
1.15996
1.02743
1.17178
1.17174
1.17173
1.17171
1.17184
1.17188
1.17193
1.17198
1.17202
1.17207
1.1672
1.16751
1.16769
1.16786
1.16802
1.16819
1.16836
1.16855
1.16874
1.16892
1.16906
1.16922
1.16947
1.16956
1.1697
1.16987
1.17004
1.1702
1.17036
1.17054
1.1707
1.17087
1.17107
1.17202
1.17206
1.17193
1.17198
1.17184
1.17189
1.17202
1.17192
1.17182
1.17171
1.17175
1.1718
1.17159
1.17167
1.17171
1.17147
1.17159
1.17163
1.17133
1.1715
1.17155
1.17118
1.17103
1.17085
1.17065
1.1704
1.17011
1.16977
1.16939
1.16909
1.16892
1.16892
1.16911
1.16947
1.16977
1.17151
1.17152
1.17011
1.17151
1.17151
1.17036
1.1715
1.17151
1.17062
1.17132
1.17134
1.1713
1.17136
1.17128
1.17119
1.17151
1.17146
1.17148
1.17143
1.17145
1.1714
1.17141
1.17137
1.17086
1.16968
1.17084
1.17106
1.13126
1.156
1.16431
1.08887
1.04543
1.17127
1.02188
1.02454
1.02269
1.15446
1.12359
1.08734
1.04996
1.15155
1.11361
1.06921
1.17169
1.17167
1.17165
1.1716
1.17163
1.17149
1.17155
1.17158
1.16961
1.17125
1.17148
0.988563
0.98813
1.02694
1.11669
1.16052
1.16995
1.02905
1.17175
1.1718
1.1717
1.17171
1.17169
1.17184
1.17189
1.17194
1.17198
1.17202
1.17207
1.16724
1.16754
1.16774
1.1679
1.16805
1.1682
1.16837
1.16858
1.16879
1.16899
1.16916
1.16943
1.16956
1.1697
1.16986
1.17
1.17021
1.17036
1.17054
1.1707
1.17087
1.1711
1.17125
1.17202
1.17207
1.17193
1.17198
1.17184
1.17189
1.17202
1.17192
1.17181
1.1717
1.17175
1.1718
1.17157
1.17168
1.17171
1.17145
1.17159
1.17163
1.17131
1.17154
1.17115
1.17099
1.1708
1.17057
1.17032
1.17
1.16961
1.16927
1.16903
1.16895
1.16905
1.16935
1.16971
1.17008
1.17155
1.17033
1.17155
1.17155
1.17061
1.17154
1.17155
1.1708
1.17133
1.17131
1.17135
1.17129
1.17118
1.17068
1.17155
1.1715
1.17151
1.17147
1.17148
1.17143
1.17145
1.1714
1.17141
1.17137
1.17102
1.16891
1.17125
1.11372
1.14859
1.16143
1.06509
1.03014
1.17144
1.01898
1.01876
1.02082
1.15427
1.12278
1.08409
1.05186
1.15138
1.11412
1.06922
1.17168
1.17165
1.17161
1.17164
1.17153
1.17156
1.17159
1.17127
1.17147
1.17151
0.991268
0.989544
1.02426
1.11302
1.16059
1.17003
1.17129
1.03351
1.17171
1.17175
1.17179
1.17169
1.17168
1.17166
1.17185
1.17189
1.17193
1.17198
1.17202
1.17207
1.16736
1.16768
1.16787
1.168
1.16812
1.16825
1.16841
1.16861
1.16884
1.16906
1.16937
1.16953
1.16968
1.16982
1.17004
1.17023
1.17036
1.17052
1.17069
1.17091
1.17106
1.17126
1.17146
1.17202
1.17207
1.17193
1.17198
1.17185
1.17189
1.17201
1.17191
1.1718
1.17168
1.17175
1.1718
1.17156
1.17167
1.17172
1.17142
1.17158
1.17163
1.17128
1.17112
1.17094
1.17074
1.1705
1.17022
1.16986
1.16949
1.16918
1.16902
1.16904
1.16926
1.16959
1.16996
1.17026
1.17159
1.17055
1.17159
1.17159
1.17078
1.17159
1.17159
1.17101
1.17132
1.17135
1.17129
1.17118
1.17053
1.16814
1.17159
1.17154
1.17155
1.1715
1.17152
1.17146
1.17149
1.17143
1.17145
1.17139
1.17141
1.17137
1.17123
1.17145
1.09653
1.14064
1.15881
1.04982
1.02085
1.17165
1.01699
1.01439
1.15388
1.12131
1.08498
1.01565
1.04569
1.15139
1.11382
1.07267
1.17166
1.17162
1.17165
1.17154
1.17157
1.1716
1.17145
1.17149
1.17152
0.994758
0.991063
1.02171
1.10688
1.15918
1.16993
1.17127
1.17144
1.03555
1.17165
1.1717
1.17175
1.1718
1.17165
1.17164
1.17185
1.17189
1.17194
1.17198
1.17203
1.17207
1.16754
1.16787
1.16807
1.16816
1.16823
1.16833
1.16846
1.16864
1.16889
1.16925
1.16946
1.16963
1.16981
1.17002
1.17018
1.17039
1.17052
1.17073
1.17093
1.17107
1.17127
1.17145
1.17166
1.17203
1.17207
1.17194
1.17198
1.17185
1.17189
1.17201
1.17191
1.1718
1.17167
1.17176
1.1718
1.17154
1.17168
1.17172
1.1714
1.17163
1.17125
1.17109
1.17089
1.17068
1.17042
1.1701
1.16972
1.16936
1.16912
1.16906
1.16918
1.16948
1.16982
1.17021
1.17055
1.17075
1.17163
1.17164
1.17098
1.17163
1.17163
1.17121
1.17134
1.1713
1.17118
1.17047
1.16752
1.17158
1.17162
1.17154
1.17155
1.1715
1.17152
1.17146
1.17148
1.17142
1.17144
1.17139
1.1714
1.17136
1.17144
1.17164
1.08453
1.13338
1.15711
1.03859
1.01401
1.17186
1.01101
1.15351
1.12163
1.08113
1.01348
1.04509
1.15126
1.11547
1.07298
1.17163
1.17155
1.17158
1.17161
1.17148
1.1715
1.17153
0.998291
0.992833
1.01957
1.09877
1.1558
1.16943
1.17121
1.17142
1.17146
1.04202
1.17161
1.17166
1.17171
1.17175
1.1718
1.17163
1.17162
1.17184
1.17189
1.17194
1.17198
1.17202
1.16798
1.16835
1.16835
1.16833
1.16836
1.16842
1.16852
1.16871
1.16906
1.16935
1.16956
1.16982
1.16995
1.17013
1.17034
1.17054
1.1707
1.1709
1.1711
1.17125
1.17147
1.17164
1.17185
1.17193
1.17185
1.17189
1.17201
1.1719
1.17178
1.17166
1.17176
1.1718
1.17153
1.17167
1.17171
1.17138
1.17123
1.17104
1.17085
1.17061
1.17032
1.16995
1.16958
1.16927
1.16912
1.16916
1.16939
1.16972
1.17023
1.17044
1.17074
1.17096
1.17167
1.17167
1.1712
1.17167
1.17167
1.17143
1.17133
1.17119
1.17046
1.16734
1.17157
1.17159
1.17153
1.17155
1.1715
1.17152
1.17146
1.17148
1.17142
1.17144
1.17138
1.1714
1.17135
1.17164
1.17184
1.07668
1.12905
1.15666
1.03147
1.00915
1.00807
1.15347
1.11936
1.08114
1.01127
1.03908
1.15168
1.11539
1.0774
1.17156
1.17158
1.1716
1.17149
1.17151
1.17154
1.00107
0.995088
1.01855
1.09011
1.15109
1.16824
1.17107
1.17139
1.17144
1.17147
1.17161
1.17171
1.17176
1.1718
1.17185
1.16951
1.16913
1.16886
1.16867
1.16863
1.16863
1.16867
1.16885
1.16916
1.16945
1.16976
1.16993
1.1701
1.17032
1.17052
1.17067
1.17088
1.17108
1.17126
1.17146
1.17166
1.17186
1.17201
1.17189
1.17177
1.17164
1.17176
1.17181
1.1715
1.17172
1.17136
1.17119
1.171
1.17079
1.17053
1.17019
1.16982
1.16946
1.16922
1.16916
1.16931
1.16968
1.1701
1.17041
1.17076
1.17094
1.17118
1.17171
1.17143
1.17163
1.17123
1.1705
1.16734
1.17157
1.17158
1.17153
1.17155
1.17149
1.17151
1.17145
1.17147
1.17141
1.17143
1.17137
1.17139
1.17127
1.17185
1.07272
1.1278
1.15671
1.02613
1.00502
1.00524
1.15288
1.11938
1.07682
1.00843
1.15167
1.11746
1.17156
1.17149
1.17152
1.17155
1.0024
0.997852
1.01858
1.08174
1.14547
1.16645
1.17075
1.17135
1.17142
1.17145
1.17148
1.17175
1.17076
1.16983
1.16934
1.16902
1.16892
1.16883
1.16879
1.16893
1.16926
1.16964
1.16991
1.17009
1.17027
1.17047
1.17068
1.17088
1.17106
1.17125
1.17145
1.17165
1.17184
1.172
1.17189
1.17176
1.17163
1.17148
1.17133
1.17115
1.17096
1.17072
1.17042
1.17006
1.16967
1.16937
1.16923
1.16928
1.16962
1.16997
1.17039
1.17064
1.17092
1.17116
1.1714
1.17164
1.17185
1.17062
1.16753
1.17153
1.17148
1.1715
1.17144
1.17146
1.1714
1.17142
1.17131
1.17135
1.17081
1.07141
1.1277
1.15754
1.02236
1.0012
1.15269
1.11727
1.1522
1.0196
1.0751
1.1396
1.16422
1.17025
1.17129
1.1714
1.17144
1.17133
1.17038
1.16977
1.16933
1.16914
1.16894
1.16885
1.16902
1.16943
1.16981
1.17003
1.17026
1.17042
1.17064
1.17085
1.17107
1.17124
1.17144
1.17164
1.17186
1.172
1.17188
1.17175
1.17161
1.17146
1.1713
1.17111
1.1709
1.17063
1.17029
1.16992
1.16956
1.16933
1.1693
1.16954
1.16986
1.17027
1.17057
1.1709
1.17113
1.17138
1.17164
1.17185
1.16806
1.17138
1.171
1.17117
1.16881
1.0716
1.12959
1.15932
1.15227
1.13418
1.16173
1.16958
1.17155
1.1708
1.17013
1.16959
1.16925
1.16899
1.1689
1.16916
1.16962
1.16993
1.17019
1.17039
1.17064
1.17085
1.17104
1.17123
1.17144
1.17164
1.17184
1.172
1.17187
1.17174
1.1716
1.17144
1.17126
1.17106
1.17083
1.17051
1.17016
1.16977
1.16947
1.16935
1.16946
1.16978
1.17015
1.17054
1.17089
1.17112
1.1714
1.17162
1.17184
1.17162
1.17107
1.17044
1.1698
1.16929
1.16901
1.16898
1.16934
1.16977
1.1701
1.17036
1.17056
1.17079
1.17106
1.17123
1.17144
1.17163
1.17184
1.17199
1.17187
1.17173
1.17158
1.17141
1.17122
1.17101
1.17072
1.17042
1.17001
1.16966
1.16944
1.16945
1.16971
1.17008
1.17047
1.17081
1.17112
1.17135
1.1716
1.17186
1.17164
1.17117
1.17062
1.16987
1.16929
1.16902
1.16909
1.16953
1.16996
1.1703
1.17053
1.17075
1.17098
1.1712
1.17143
1.17163
1.17184
1.17199
1.17186
1.17171
1.17155
1.17138
1.17118
1.17094
1.17064
1.17028
1.16988
1.16959
1.16948
1.16963
1.16996
1.17036
1.17078
1.17108
1.17134
1.17159
1.17185
1.17164
1.17119
1.17067
1.16986
1.16927
1.16904
1.16925
1.16975
1.17017
1.17049
1.17073
1.17094
1.1712
1.17141
1.17162
1.17183
1.17199
1.17185
1.17169
1.17153
1.17134
1.17112
1.17085
1.17054
1.17013
1.16978
1.16956
1.16961
1.16985
1.17027
1.17073
1.17104
1.17132
1.17158
1.17185
1.17163
1.17117
1.17064
1.16977
1.16923
1.1691
1.16947
1.16998
1.17038
1.17066
1.17091
1.17116
1.17142
1.17162
1.17182
1.17198
1.17184
1.17168
1.1715
1.1713
1.17106
1.17077
1.1704
1.17
1.1697
1.16963
1.16977
1.17019
1.17061
1.17098
1.17129
1.17157
1.17183
1.17161
1.17111
1.17052
1.16961
1.16918
1.16923
1.16972
1.17023
1.1706
1.17086
1.17111
1.17137
1.1716
1.17182
1.17198
1.17182
1.17166
1.17147
1.17125
1.17099
1.17065
1.17025
1.16989
1.16969
1.16976
1.1701
1.17052
1.17098
1.17127
1.17159
1.17183
1.17157
1.17102
1.17033
1.16947
1.16918
1.16944
1.17
1.17048
1.17083
1.17107
1.17133
1.17157
1.17181
1.17197
1.17181
1.17163
1.17144
1.1712
1.1709
1.17053
1.17011
1.16982
1.16978
1.17
1.17039
1.17087
1.17122
1.17156
1.17182
1.17152
1.17089
1.17008
1.16935
1.16927
1.16972
1.1703
1.17074
1.17102
1.17132
1.17155
1.17181
1.17197
1.1718
1.17161
1.1714
1.17113
1.1708
1.17039
1.17002
1.16984
1.16995
1.1703
1.1708
1.1712
1.17154
1.17182
1.17146
1.17071
1.16982
1.16931
1.16947
1.17005
1.1706
1.17099
1.17127
1.17153
1.17181
1.17196
1.17179
1.17159
1.17135
1.17105
1.17068
1.17024
1.16997
1.16994
1.17024
1.17075
1.17118
1.1715
1.17181
1.17137
1.17048
1.16961
1.16936
1.16977
1.1704
1.17089
1.17123
1.17153
1.1718
1.17195
1.17177
1.17155
1.17127
1.17096
1.17051
1.17016
1.17
1.1702
1.17063
1.17108
1.17152
1.1718
1.17123
1.17019
1.16951
1.16955
1.17014
1.17075
1.17118
1.17149
1.17177
1.17194
1.17174
1.17151
1.17121
1.17081
1.17039
1.17012
1.17019
1.17054
1.171
1.17142
1.17179
1.17089
1.1699
1.16952
1.16986
1.17054
1.17109
1.17147
1.17175
1.17194
1.17172
1.17145
1.17112
1.17068
1.1703
1.17021
1.17044
1.17095
1.17139
1.1718
1.17054
1.16974
1.16969
1.17028
1.17095
1.17142
1.17173
1.17192
1.17169
1.17139
1.17098
1.17055
1.1703
1.1704
1.17083
1.17135
1.17179
1.1702
1.16974
1.17002
1.17074
1.17134
1.17171
1.17191
1.17166
1.17129
1.17087
1.17048
1.17042
1.17074
1.17126
1.17175
1.16996
1.16988
1.17048
1.17122
1.1717
1.17189
1.1716
1.17118
1.17075
1.17051
1.17075
1.17126
1.17176
1.16993
1.17023
1.17103
1.17166
1.17188
1.17153
1.17106
1.1707
1.17074
1.17115
1.17169
1.17011
1.17079
1.1716
1.17186
1.17143
1.17098
1.17078
1.1711
1.17165
1.17057
1.1715
1.17182
1.17134
1.17096
1.17112
1.17162
1.17136
1.17175
1.17126
1.17112
1.17157
1.17169
1.17127
1.17155
1.17167
1.17157
1.17174
)
;

boundaryField
{
    lowerOutlet
    {
        type            calculated;
        value           nonuniform List<scalar> 
146
(
1.1721
1.1721
1.1721
1.1721
1.1721
1.1721
1.1721
1.1721
1.1721
1.1721
1.1721
1.1721
1.1721
1.1721
1.1721
1.1721
1.1721
1.1721
1.1721
1.1721
1.1721
1.1721
1.1721
1.1721
1.1721
1.1721
1.1721
1.1721
1.1721
1.1721
1.1721
1.1721
1.1721
1.1721
1.1721
1.1721
1.1721
1.1721
1.1721
1.1721
1.1721
1.1721
1.17173
1.17174
1.1718
1.1721
1.1721
1.1721
0.56746
1.1721
1.1721
1.1721
1.1721
1.1721
1.1721
1.1721
1.1721
1.1721
1.1721
1.1721
1.1721
1.1721
1.1721
1.1721
1.1721
1.1721
1.1721
1.1721
1.1721
1.1721
1.1721
1.1721
1.1721
1.1721
1.1721
1.1721
1.1721
1.1721
1.1721
1.1721
1.1721
1.1721
1.1721
1.1721
1.1721
1.1721
1.1721
1.1721
1.1721
1.1721
1.1721
1.1721
1.1721
1.1721
1.1721
1.1721
1.1721
1.1721
1.1721
1.1721
1.17167
1.17173
1.1721
1.17058
1.1721
0.906557
1.1721
1.1721
1.1721
1.1721
1.1721
1.1721
1.1721
1.1721
1.1721
1.1721
1.1721
1.1721
1.17172
1.1721
1.1721
1.1721
1.1721
1.1721
1.1721
1.1721
1.1721
1.1721
1.1721
1.1721
1.1717
1.1721
1.17094
1.1721
1.1721
1.1721
1.1721
1.1721
1.1721
1.1721
1.1721
1.1721
1.1721
1.1721
1.1721
1.1721
)
;
    }
    top
    {
        type            calculated;
        value           nonuniform List<scalar> 
100
(
1.17197
1.17197
1.17197
1.1696
1.16922
1.16899
1.16878
1.16864
1.16853
1.16838
1.16822
1.16804
1.16786
1.16765
1.1673
1.167
1.16672
1.16645
1.16622
1.16601
1.16579
1.1654
1.16448
1.16259
1.16022
1.15808
1.1567
1.15633
1.15664
1.15756
1.15887
1.16008
1.15941
1.15473
1.14565
1.13917
1.13725
1.14024
1.14731
1.15674
1.16377
1.1663
1.16675
1.1668
1.16678
1.16673
1.16669
1.16664
1.1666
1.16656
1.16652
1.16648
1.16645
1.16642
1.16639
1.16637
1.16636
1.16636
1.16637
1.16639
1.16644
1.1665
1.16659
1.16668
1.16678
1.16688
1.16698
1.16705
1.16712
1.16717
1.16721
1.16721
1.1672
1.16719
1.16723
1.16736
1.16754
1.16795
1.17197
1.17197
1.17197
1.17197
1.17197
1.17197
1.17197
1.17197
1.17197
1.17197
1.17197
1.17197
1.17197
1.17124
1.1709
1.17055
1.17021
1.16997
1.16993
1.17011
1.17057
1.17136
)
;
    }
    sides
    {
        type            calculated;
        value           nonuniform List<scalar> 
100
(
1.1721
1.1721
1.1721
1.17209
1.17209
1.17209
1.17209
1.17208
1.17208
1.17208
1.17208
1.17207
1.17207
1.17207
1.17207
1.17206
1.17206
1.17206
1.17205
1.17205
1.17205
1.17205
1.17204
1.17204
1.17204
1.17204
1.17203
1.17203
1.17203
1.17203
1.17202
1.17202
1.17202
1.17201
1.17201
1.17201
1.17201
1.172
1.172
1.172
1.172
1.17199
1.17199
1.17199
1.17199
1.17198
1.17198
1.17198
1.17197
1.17197
1.1721
1.1721
1.1721
1.17209
1.17209
1.17209
1.17209
1.17208
1.17208
1.17208
1.17208
1.17207
1.17207
1.17207
1.17207
1.17206
1.17206
1.17206
1.17205
1.17205
1.17205
1.17205
1.17204
1.17204
1.17204
1.17204
1.17203
1.17203
1.17203
1.17203
1.17202
1.17202
1.17202
1.17201
1.17201
1.17201
1.17201
1.172
1.172
1.172
1.172
1.17199
1.17199
1.17199
1.17199
1.17198
1.17198
1.17198
1.17197
1.17197
)
;
    }
    front
    {
        type            empty;
    }
    back
    {
        type            empty;
    }
    roller
    {
        type            calculated;
        value           nonuniform List<scalar> 
144
(
1.16847
1.1683
1.16862
1.16836
1.16854
1.16848
1.16821
1.16819
1.16822
1.16849
1.16823
1.16845
1.16832
1.16835
1.16861
1.16863
1.16863
1.16855
1.16828
1.16822
1.16819
1.16862
1.16825
1.16824
1.1685
1.16863
1.16838
1.16838
1.16852
1.16843
1.16827
1.16825
1.1682
1.16823
1.16822
1.16842
1.16829
1.16826
1.16823
1.16856
1.16837
1.16838
1.16859
1.16858
1.16829
1.16826
1.16825
1.16851
1.16852
1.16819
1.16856
1.16854
1.16822
1.16823
1.16837
1.16838
1.16837
1.16847
1.16843
1.16843
1.16827
1.16826
1.1683
1.16838
1.16824
1.16828
1.16829
1.16835
1.16836
1.16835
1.16848
1.16835
1.16833
1.16843
1.16832
1.1683
1.16842
1.1683
1.16829
1.16845
1.16848
1.16861
1.16862
1.16862
1.16821
1.1682
1.16847
1.16851
1.16825
1.1683
1.16836
1.16822
1.1684
1.16852
1.16863
1.16836
1.1686
1.16837
1.16845
1.16842
1.16854
1.16857
1.16858
1.16863
1.16819
1.16819
1.16859
1.16858
1.16827
1.16832
1.16841
1.16825
1.16826
1.16831
1.16832
1.16828
1.16858
1.16859
1.1686
1.16833
1.16834
1.16863
1.16837
1.16862
1.16861
1.1685
1.16834
1.16833
1.16844
1.16832
1.16831
1.16842
1.16844
1.16824
1.16823
1.1682
1.16863
1.16819
1.16819
1.16843
1.16861
1.16823
1.16828
1.16834
)
;
    }
    burner
    {
        type            calculated;
        value           nonuniform List<scalar> 
16
(
0.321203
0.321203
0.321203
0.321202
0.321203
0.321203
0.321202
0.321202
0.321203
0.321203
0.321202
0.321202
0.321203
0.321203
0.321202
0.321202
)
;
    }
}


// ************************************************************************* //
