/*--------------------------------*- C++ -*----------------------------------*\
  =========                 |
  \\      /  F ield         | OpenFOAM: The Open Source CFD Toolbox
   \\    /   O peration     | Website:  https://openfoam.org
    \\  /    A nd           | Version:  dev
     \\/     M anipulation  |
\*---------------------------------------------------------------------------*/
FoamFile
{
    version     2.0;
    format      ascii;
    class       volScalarField;
    location    "2500";
    object      G;
}
// * * * * * * * * * * * * * * * * * * * * * * * * * * * * * * * * * * * * * //

dimensions      [1 0 -3 0 0 0 0];

internalField   nonuniform List<scalar> 
9851
(
4136.83
4142.91
4144.47
4148.2
4150.58
4153.01
4152.69
4155.9
4159.14
4162.39
4156.37
4160.4
4164.46
4168.53
4172.63
4159.26
4164.09
4168.95
4173.85
4178.78
4183.75
4161.38
4166.98
4172.63
4178.33
4184.1
4189.91
4195.76
4162.75
4169.09
4175.5
4181.98
4188.56
4195.21
4201.93
4208.7
4163.38
4170.44
4177.57
4184.81
4192.17
4199.64
4207.22
4214.87
4222.59
4163.31
4171.05
4178.89
4186.85
4194.95
4203.2
4211.6
4220.13
4228.76
4237.47
4162.55
4170.95
4179.46
4188.1
4196.91
4205.91
4215.1
4224.47
4234
4243.64
4253.37
4161.14
4170.17
4179.31
4188.61
4198.09
4207.79
4217.72
4227.89
4238.27
4248.84
4259.54
4270.36
4159.1
4168.72
4178.47
4188.38
4198.5
4208.87
4219.5
4230.41
4241.59
4253.04
4264.7
4276.52
4288.48
4156.46
4166.65
4176.96
4187.45
4198.17
4209.16
4220.45
4232.05
4243.98
4256.24
4268.8
4281.62
4294.63
4307.79
4153.26
4163.97
4174.81
4185.85
4197.13
4208.7
4220.59
4232.84
4245.47
4258.48
4271.87
4285.62
4299.66
4313.93
4328.37
4149.53
4160.73
4172.07
4183.61
4195.4
4207.51
4219.97
4232.82
4246.08
4259.79
4273.94
4288.53
4303.52
4318.87
4334.48
4350.3
4145.3
4156.95
4168.75
4180.76
4193.03
4205.63
4218.61
4232
4245.85
4260.19
4275.03
4290.39
4306.25
4322.58
4339.33
4356.38
4373.67
4140.61
4152.67
4164.89
4177.33
4190.04
4203.09
4216.54
4230.43
4244.8
4259.71
4275.18
4291.23
4307.87
4325.09
4342.86
4361.11
4379.71
4398.59
4135.48
4147.93
4160.53
4173.36
4186.47
4199.93
4213.8
4228.14
4242.99
4258.4
4274.43
4291.1
4308.43
4326.44
4345.11
4364.43
4384.29
4404.58
4425.19
4129.94
4142.75
4155.71
4168.89
4182.36
4196.19
4210.44
4225.17
4240.44
4256.3
4272.82
4290.02
4307.97
4326.67
4346.14
4366.38
4387.36
4408.99
4431.12
4453.62
4124.04
4137.16
4150.44
4163.94
4177.74
4191.89
4206.47
4221.55
4237.19
4253.45
4270.39
4288.06
4306.53
4325.83
4346
4367.04
4388.97
4411.77
4435.31
4459.46
4484.04
4117.81
4131.2
4144.77
4158.56
4172.64
4187.08
4201.96
4217.34
4233.3
4249.89
4267.19
4285.27
4304.17
4323.97
4344.72
4366.46
4389.2
4412.97
4437.74
4463.4
4489.77
4516.65
4111.29
4124.91
4138.73
4152.77
4167.1
4181.79
4196.92
4212.57
4228.79
4245.67
4263.28
4281.68
4300.95
4321.16
4342.38
4364.69
4388.12
4412.7
4438.48
4465.42
4493.42
4522.25
4551.7
4104.51
4118.32
4132.36
4146.61
4161.15
4176.06
4191.4
4207.27
4223.72
4240.84
4258.69
4277.36
4296.92
4317.46
4339.06
4361.8
4385.77
4411.03
4437.63
4465.6
4494.94
4525.53
4557.13
4589.49
4097.5
4111.48
4125.69
4140.12
4154.84
4169.92
4185.44
4201.48
4218.12
4235.42
4253.48
4272.36
4292.15
4312.94
4334.82
4357.9
4382.26
4408.03
4435.28
4464.06
4494.46
4526.47
4559.97
4594.7
4630.41
4090.29
4104.41
4118.76
4133.33
4148.2
4163.42
4179.08
4195.25
4212.03
4229.48
4247.68
4266.72
4286.68
4307.66
4329.75
4353.05
4377.7
4403.81
4431.52
4460.93
4492.13
4525.21
4560.21
4596.99
4635.33
4674.84
4082.92
4097.14
4111.61
4126.29
4141.26
4156.59
4172.35
4188.62
4205.49
4223.04
4241.35
4260.49
4280.57
4301.67
4323.89
4347.35
4372.16
4398.49
4426.47
4456.29
4488.07
4521.93
4558.01
4596.37
4636.95
4679.43
4723.24
4075.41
4089.71
4104.26
4119.02
4134.07
4149.47
4165.29
4181.63
4198.55
4216.15
4234.52
4253.73
4273.87
4295.04
4317.33
4340.86
4365.76
4392.18
4420.29
4450.3
4482.41
4516.79
4553.61
4593.05
4635.29
4680.22
4727.39
4776.21
4067.8
4082.15
4096.75
4111.56
4126.65
4142.09
4157.95
4174.31
4191.25
4208.86
4227.24
4246.46
4266.63
4287.81
4310.12
4333.66
4358.56
4384.99
4413.11
4443.14
4475.33
4509.95
4547.2
4587.32
4630.62
4677.3
4727.17
4779.81
4834.48
4060.1
4074.48
4089.11
4103.95
4119.05
4134.49
4150.35
4166.7
4183.63
4201.22
4219.56
4238.75
4258.88
4280.04
4302.31
4325.81
4350.66
4377
4405.03
4434.95
4467.04
4501.6
4538.96
4579.41
4623.28
4670.98
4722.7
4778.32
4837.37
4898.97
4052.34
4066.73
4081.37
4096.2
4111.29
4126.72
4142.54
4158.85
4175.72
4193.25
4211.52
4230.64
4250.68
4271.76
4293.96
4317.37
4342.11
4368.32
4396.17
4425.89
4457.72
4492.01
4529.14
4569.53
4613.57
4661.71
4714.39
4771.94
4834.29
4900.96
4970.82
4044.55
4058.92
4073.54
4088.35
4103.41
4118.79
4134.56
4150.79
4167.57
4185
4203.17
4222.17
4242.1
4263.04
4285.11
4308.38
4332.98
4359.01
4386.63
4416.05
4447.53
4481.4
4518.06
4557.99
4601.74
4649.84
4702.79
4761.19
4825.54
4895.87
4971.64
5051.46
4036.75
4051.08
4065.67
4080.44
4095.44
4110.75
4126.43
4142.56
4159.23
4176.53
4194.55
4213.39
4233.15
4253.93
4275.82
4298.91
4323.32
4349.13
4376.49
4405.56
4436.61
4469.95
4505.97
4545.17
4588.18
4635.7
4688.33
4746.75
4811.78
4884.13
4964
5050.8
5142.73
4028.95
4043.23
4057.77
4072.47
4087.4
4102.62
4118.19
4134.2
4150.72
4167.85
4185.69
4204.34
4223.9
4244.47
4266.15
4289.02
4313.18
4338.75
4365.81
4394.51
4425.08
4457.8
4493.08
4531.38
4573.34
4619.76
4671.45
4729.17
4793.87
4866.65
4948.47
5039.95
5140.15
5219.6
5220.97
4021.18
4035.39
4049.85
4064.48
4079.32
4094.43
4109.88
4125.74
4142.09
4159.03
4176.65
4195.07
4214.38
4234.7
4256.12
4278.74
4302.64
4327.9
4354.64
4382.97
4413.03
4445.11
4479.57
4516.86
4557.58
4602.55
4652.7
4709
4772.51
4844.47
4926.37
5019.43
5125.56
5218.62
5212.55
5275.68
5276.68
4013.45
4027.58
4041.95
4056.49
4071.22
4086.21
4101.52
4117.21
4133.38
4150.1
4167.47
4185.62
4204.64
4224.66
4245.78
4268.1
4291.71
4316.67
4343.06
4370.98
4400.55
4431.99
4465.6
4501.82
4541.2
4584.53
4632.74
4686.92
4748.39
4818.49
4898.89
4991.66
5086.38
5071.37
5203.1
5128.38
5190.14
5273.47
5266.21
5336.03
5336.63
4005.77
4019.8
4034.08
4048.51
4063.13
4077.99
4093.14
4108.65
4124.61
4141.09
4158.2
4176.04
4194.74
4214.41
4235.18
4257.15
4280.42
4305.06
4331.1
4358.62
4387.7
4418.51
4451.3
4486.43
4524.43
4566.01
4612.08
4663.73
4722.35
4789.59
4867.26
4957.52
5054.54
5035.64
5112.1
5255.11
5174.01
5240.32
5332.48
5323.81
5401.18
5401.32
3998.15
4012.08
4026.26
4040.57
4055.07
4069.78
4084.76
4100.09
4115.82
4132.05
4148.86
4166.38
4184.71
4204
4224.36
4245.93
4268.81
4293.09
4318.79
4345.93
4374.56
4404.76
4436.75
4470.85
4507.47
4547.28
4591.13
4640.04
4695.35
4758.83
4832.56
4918.93
5015.56
4993.99
5093.15
5072.08
5155.28
5310.87
5222.14
5293.91
5396.1
5385.78
5471.72
5471.34
3990.61
4004.43
4018.49
4032.68
4047.04
4061.6
4076.41
4091.54
4107.04
4123
4139.52
4156.68
4174.63
4193.48
4213.39
4234.49
4256.93
4280.78
4306.11
4332.9
4361.14
4390.82
4422.07
4455.16
4490.48
4528.55
4570.17
4616.31
4668.15
4727.35
4796.12
4877.18
4971.6
4948.04
5049.57
5025.7
5133.84
5110.22
5200.9
5370.71
5273.25
5351.23
5464.87
5452.64
5548.34
5547.35
3983.16
3996.85
4010.8
4024.86
4039.07
4053.47
4068.11
4083.03
4098.3
4113.99
4130.19
4146.99
4164.52
4182.91
4202.32
4222.9
4244.81
4268.17
4293.07
4319.51
4347.4
4376.68
4407.33
4439.51
4473.57
4510
4549.46
4592.86
4641.24
4696.07
4759.36
4833.88
4924.04
4899.25
5000.77
4974.91
5085.05
5058.51
5176.74
5150.24
5249.22
5435.09
5327.69
5412.66
5539.43
5524.99
5631.8
5630.13
3975.8
3989.37
4003.18
4017.11
4031.18
4045.42
4059.87
4074.58
4089.61
4105.03
4120.91
4137.34
4154.45
4172.35
4191.22
4211.22
4232.52
4255.31
4279.7
4305.73
4333.31
4362.29
4392.51
4423.97
4456.9
4491.76
4529.18
4569.96
4615.01
4665.56
4723.35
4790.87
4874.64
4849.87
4948.4
4921.46
5030.87
5002.37
5122.06
5092.56
5222.07
5192.35
5300.49
5504.54
5385.77
5478.66
5620.53
5603.54
5723.05
5720.55
3968.54
3981.98
3995.66
4009.44
4023.36
4037.44
4051.71
4066.21
4081.01
4096.15
4111.71
4127.77
4144.45
4161.86
4180.15
4199.52
4220.15
4242.26
4266.03
4291.56
4318.8
4347.56
4377.53
4408.52
4440.57
4474.03
4509.51
4547.78
4589.69
4636.22
4688.76
4749.41
4825.83
4802.03
4894.58
4867.95
4973.34
4944.15
5062.03
5030.83
5160.82
5128.21
5269.99
5236.73
5354.95
5579.67
5447.94
5549.76
5708.99
5688.99
5823.09
5819.6
3961.38
3974.69
3988.23
4001.87
4015.64
4029.55
4043.63
4057.93
4072.49
4087.36
4102.61
4118.31
4134.56
4151.47
4169.18
4187.88
4207.78
4229.11
4252.12
4277.01
4303.82
4332.38
4362.27
4393.06
4424.54
4456.9
4490.65
4526.56
4565.47
4608.27
4655.99
4710.23
4779.18
4756.85
4841.97
4816.65
4915.14
4886.64
4999.41
4968.09
5094.89
5061.22
5201.8
5166.32
5320.77
5284.03
5413.16
5661.13
5514.82
5626.71
5805.76
5782.25
5933.31
5928.71
3954.34
3967.51
3980.91
3994.41
4008.01
4021.76
4035.66
4049.75
4064.08
4078.69
4093.63
4108.98
4124.81
4141.23
4158.36
4176.39
4195.51
4215.98
4238.09
4262.16
4288.35
4316.62
4346.53
4377.42
4408.73
4440.35
4472.69
4506.49
4542.59
4581.87
4625.19
4673.74
4735.56
4714.82
4792.21
4768.66
4858.91
4832.07
4937.09
4906.78
5027.56
4994.23
5130.56
5094.65
5246.15
5208.27
5375.41
5335.81
5476.3
5749.91
5587.76
5711.02
5912.15
5884.53
6055.33
6049.37
3947.42
3960.44
3973.7
3987.05
4000.5
4014.07
4027.79
4041.69
4055.79
4070.14
4084.79
4099.8
4115.22
4131.17
4147.74
4165.09
4183.42
4202.97
4224.08
4247.14
4272.49
4300.24
4330.06
4361.23
4392.85
4424.27
4455.61
4487.62
4521.23
4557.26
4596.55
4639.88
4695.14
4676.54
4746.08
4724.34
4806.22
4781.47
4877.46
4849.19
4961.38
4929.27
5058.93
5023.45
5170.43
5132.23
5295.76
5255.77
5435.82
5394.43
5546.61
5847.5
5669.36
5805.64
6029.55
5997.34
6190.97
6183.31
3940.61
3953.48
3966.6
3979.8
3993.09
4006.5
4020.04
4033.74
4047.63
4061.73
4076.1
4090.78
4105.82
4121.32
4137.35
4154.05
4171.6
4190.21
4210.24
4232.14
4256.4
4283.31
4312.75
4344.08
4376.28
4408.22
4439.26
4469.94
4501.37
4534.52
4570.2
4609.04
4652.54
4703.64
4683.84
4757.78
4735.06
4822.04
4796.14
4898.19
4868.23
4988.31
4953.81
5093.85
5055.28
5215.27
5173.62
5352.38
5309.18
5504.87
5461.74
5627.52
5956.91
5763.67
5915.17
6159.76
6123.51
6342.56
6332.79
3933.91
3946.65
3959.62
3972.67
3985.81
3999.05
4012.41
4025.92
4039.59
4053.46
4067.56
4081.92
4096.61
4111.68
4127.21
4143.31
4160.1
4177.81
4196.73
4217.37
4240.31
4266.02
4294.62
4325.74
4358.45
4391.35
4423.06
4453.25
4482.96
4513.58
4546.06
4581.06
4619.42
4673.64
4654.92
4713.43
4692.99
4771.39
4747.72
4839.53
4812.22
4920.29
4887.99
5016.74
4978.82
5131.04
5088.09
5264.06
5217.17
5415.74
5366.83
5584.48
5536.98
5721.23
6083.16
5873.71
6043.59
6305.3
6267.71
6513.08
6500.73
3927.34
3939.94
3952.76
3965.66
3978.65
3991.72
4004.91
4018.23
4031.69
4045.33
4059.17
4073.25
4087.6
4102.28
4117.35
4132.87
4148.97
4165.82
4183.67
4203.01
4224.5
4248.72
4276.01
4306.32
4339.02
4372.81
4405.92
4436.86
4465.78
4494.32
4523.98
4555.6
4589.8
4637.11
4620.13
4683.7
4664.2
4725.22
4703.95
4786.26
4761.58
4857.18
4828.11
4942.12
4906.97
5045.25
5003.3
5169.26
5121.11
5315.45
5262.18
5484.43
5427.99
5673.52
5618.88
5826.64
6230.96
5998.71
6190.9
6470.26
6436.12
6706.82
6691.87
3920.9
3933.34
3946.03
3958.78
3971.61
3984.52
3997.54
4010.67
4023.93
4037.35
4050.95
4064.75
4078.79
4093.11
4107.74
4122.76
4138.23
4154.29
4171.15
4189.24
4209.23
4231.81
4257.4
4286.25
4318.18
4352.28
4386.76
4419.49
4449.12
4476.51
4503.79
4532.4
4563.06
4604.16
4589.43
4645.49
4627.6
4695.25
4675.03
4738.23
4716.22
4800.75
4775
4873.73
4842.71
4962.94
4924.57
5073.37
5026.92
5208.13
5154.21
5369.1
5308.65
5557.91
5492.67
5771.01
5707.12
5943.25
6402.22
6138.25
6356.2
6661.45
6633.09
6929.45
6912.9
3914.65
3926.88
3939.41
3952.02
3964.69
3977.45
3990.29
4003.24
4016.31
4029.52
4042.89
4056.43
4070.18
4084.16
4098.4
4112.96
4127.88
4143.23
4159.18
4176.12
4194.7
4215.6
4239.28
4266.12
4296.45
4329.95
4365.22
4399.86
4431.54
4459.41
4485.17
4511.22
4538.78
4569.68
4610.68
4594.41
4655.55
4636.87
4706.88
4686.18
4750.91
4728.34
4813.88
4787.13
4888.65
4855.55
4982.5
4940.6
5101.04
5049.55
5247.75
5187.24
5425.27
5356.65
5636.45
5561.43
5877.23
5802.39
6071.62
6596.44
6292.73
6539.97
6886.54
6860
7187.61
7171.54
3920.62
3932.93
3945.38
3957.91
3970.5
3983.18
3995.96
4008.84
4021.84
4034.99
4048.28
4061.76
4075.43
4089.32
4103.47
4117.89
4132.65
4147.81
4163.71
4181.01
4200.36
4222.09
4246.6
4274.63
4306.47
4341.45
4377.51
4411.62
4441.6
4467.48
4491.7
4516.65
4543.76
4585.71
4570.42
4618.98
4601.89
4666.17
4646.87
4717.78
4696.77
4762.44
4739.53
4825.22
4797.6
4901.78
4866.46
5000.64
4954.94
5127.89
5070.84
5287.7
5219.54
5484.08
5405.52
5720.86
5634.4
5993.16
5905.7
6212.67
6814.24
6463.14
6743.48
7150.11
7117.46
7489.96
7476.14
3926.66
3938.88
3951.26
3963.7
3976.21
3988.81
4001.51
4014.32
4027.25
4040.32
4053.54
4066.93
4080.5
4094.27
4108.27
4122.51
4137.03
4152.03
4168.16
4186.19
4206.16
4228.25
4253.5
4282.82
4316.22
4352.49
4388.73
4421.55
4449.36
4473.23
4496.2
4520.49
4555.99
4542.8
4593.09
4576.71
4628.23
4610.28
4676.4
4656.63
4727.67
4706.46
4772.57
4749.55
4834.65
4806.44
4913.1
4875.51
5017.11
4967.43
5153.24
5090.12
5326.99
5249.96
5544.82
5453.97
5811.47
5710.88
6120.29
6017.9
6367.76
7057.79
6651.86
6889.25
6937.14
7453.34
7406.17
7845.53
7831.05
3932.61
3944.73
3957.02
3969.38
3981.81
3994.33
4006.94
4019.67
4032.52
4045.5
4058.63
4071.91
4085.36
4098.98
4112.79
4126.78
4141.05
4156.16
4173.03
4191.68
4211.67
4233.8
4259.9
4290.74
4325.69
4362.83
4398.45
4429.28
4454.67
4476.85
4499.02
4524.76
4561.24
4546.5
4600.73
4583.47
4637.4
4618.73
4685.81
4665.63
4736.68
4715.31
4781.45
4758.57
4842.48
4814.15
4922.51
4883.04
5031.48
4978
5176.2
5107.21
5364.25
5277.95
5606.22
5500.84
5908.09
5789.84
6261.03
6079.45
6139.6
6525.64
6468.52
7054.59
7282.1
7236.55
6835.33
6778.6
6616.12
7004.38
7795.26
7420.6
7623.52
7666.57
8248.16
8227.48
3938.45
3950.48
3962.68
3974.95
3987.29
3999.73
4012.26
4024.9
4037.65
4050.54
4063.55
4076.71
4090.01
4103.44
4116.99
4130.71
4144.96
4160.78
4178.52
4197.13
4216.54
4238.66
4266.01
4298.51
4334.75
4372.05
4406.3
4434.63
4457.67
4478.67
4501.26
4536.84
4523.31
4567.03
4551.45
4607.86
4589.84
4645.86
4626.57
4694.35
4673.71
4745.07
4723.47
4789.53
4766.94
4849.39
4821.3
4930.42
4889.56
5043.84
4986.75
5196.72
5121.73
5399.27
5302.96
5667.85
5563.9
5506.53
6016.57
5951.95
5816.66
5884.31
6205.08
6407.74
6343.56
6139.99
6555.67
7184.01
7373.69
6947.06
6885.12
6715.16
7127.27
7828.62
8095.45
8054.77
7574.06
7785.66
8680.87
8281.84
8528.44
8562.56
3944.19
3956.12
3968.23
3980.41
3992.67
4005.01
4017.45
4029.99
4042.64
4055.41
4068.3
4081.3
4094.41
4107.61
4120.88
4134.47
4149.33
4166.28
4184.19
4202.02
4220.6
4243.25
4272.11
4306.06
4343.04
4379.82
4412
4437.58
4458.71
4479.43
4504.56
4540.77
4526.01
4572.59
4556.23
4614.08
4595.38
4653.38
4633.46
4702.08
4680.86
4752.84
4730.89
4797.16
4774.79
4855.75
4828.16
4936.87
4895.3
5053.84
4993.74
5214.01
5133.62
5450.71
5396.05
5344.42
5293.93
5747.64
5679.6
5588.58
5526.78
6071.85
6001.29
5854.97
5928.44
6274.49
6490.3
6420.53
6202.69
6648.08
7318.16
7519.9
7064.89
6817.62
6997.34
7256.59
8008.86
8243.62
7733.09
7957.88
8767.35
9013.22
9009.67
8488.98
8741.07
3949.82
3961.66
3973.67
3985.76
3997.92
4010.16
4022.5
4034.93
4047.47
4060.11
4072.85
4085.68
4098.56
4111.49
4124.56
4138.55
4154.7
4172.23
4189.49
4206.02
4224.36
4247.87
4278.21
4313.06
4350.18
4385.78
4415.35
4438.25
4458.24
4480.15
4514.14
4500.35
4544.24
4528.78
4577.48
4560.44
4619.28
4599.96
4659.88
4639.31
4708.9
4686.97
4759.71
4737.19
4804.4
4782
4861.96
4834.79
4942.35
4900.98
5062.11
5000.05
5247.74
5202.41
5161.73
5121.58
5466.97
5409.49
5354.85
5302.93
5781.08
5707.6
5612.11
5546.2
6128.49
6051.88
5894.25
5973.36
6345.56
6576.39
6500.03
6267.12
6744.49
7459.3
7673.67
7188.88
6924.27
7115.18
7392.51
8194.4
8442.2
7899.8
8137.68
8993.3
9230.44
9231.24
8699.4
8961.49
3955.34
3967.08
3979
3990.98
4003.04
4015.18
4027.41
4039.73
4052.14
4064.63
4077.2
4089.82
4102.45
4115.14
4128.4
4143.61
4160.81
4178.03
4193.9
4209.57
4228.07
4252.62
4283.93
4319.13
4355.8
4389.49
4416.12
4436.85
4456.98
4480.49
4515.56
4500.96
4546.93
4530.83
4581.48
4563.81
4623.39
4603.52
4665.28
4644.03
4714.48
4691.8
4765.09
4741.76
4810.91
4788.06
4868.26
4840.82
4947.94
4907.36
5086.08
5051.11
5020.5
4991.48
5254.47
5208.82
5166.51
5126.72
5482.53
5421.94
5364.72
5310.99
5814.92
5635.41
5736.02
5565.18
6186.57
6103.85
5934.59
6019.46
6418.59
6665.81
6582.3
6333.52
6844.71
7607.76
7834.88
7319.08
7035.4
7238.64
7535.28
8387.12
8647.15
8073.96
8324.79
9217.56
9445.59
9448.16
8915.08
9184.34
3960.75
3972.39
3984.2
3996.08
4008.03
4020.06
4032.17
4044.36
4056.63
4068.96
4081.33
4093.72
4106.11
4118.81
4133.03
4149.71
4167.05
4183.05
4197.61
4212.98
4231.81
4257.16
4288.87
4323.89
4359.37
4390.54
4414.22
4433.99
4455.03
4487.01
4473.15
4516.39
4501.37
4548.73
4532.15
4584.45
4566.18
4626.33
4605.95
4669.39
4647.5
4718.3
4694.94
4768.07
4743.96
4815.96
4792.02
4874.4
4845.39
4955.29
4914.6
5090.12
5055.83
5024.39
4995.31
5261.02
5214.6
5171.58
5131.67
5497.6
5433.78
5374.06
5318.53
5849.55
5658.84
5765.12
5584.06
6246.43
6157.5
5976.41
6067.2
6494.19
6758.71
6667.58
6402.41
6948.69
7763.27
8003.3
7455.49
7150.97
7367.44
7684.54
8586.57
8857.8
8255.53
8518.96
9439.03
9659.48
9661.61
9134.69
9407.41
3966.04
3977.57
3989.27
4001.04
4012.87
4024.79
4036.77
4048.82
4060.93
4073.09
4085.25
4097.41
4109.69
4123
4138.82
4156.21
4172.66
4187.16
4201.11
4216.39
4235.53
4261.17
4292.72
4326.89
4360.39
4388.5
4410.08
4430.13
4451.89
4486.21
4471.76
4516.53
4501.07
4549.66
4532.69
4586.33
4567.53
4627.97
4607.13
4671.95
4649.58
4719.88
4696
4767.94
4743.13
4818.6
4793.04
4879.69
4847.74
4975.83
4951.69
4910.33
4930.89
5094.89
5060.86
5029.54
5001.11
5267.34
5220.25
5176.91
5137.03
5512.43
5445.29
5383.06
5325.82
5885.47
5682.76
5795.36
5603.21
6308.46
6213.14
6019.99
6116.82
6572.48
6854.76
6755.62
6473.71
7056.05
7925.69
8179.19
7597.64
7271.02
7501.42
7840.37
8792.37
9073.52
8444.52
8719.89
9655.95
9875.53
9876.07
9356.87
9629
3971.21
3982.62
3994.21
4005.86
4017.58
4029.36
4041.21
4053.12
4065.06
4077.02
4088.98
4100.96
4113.53
4128.24
4145.34
4162.37
4177.28
4190.95
4204.6
4219.86
4239.03
4264.4
4295.17
4327.74
4358.45
4383.62
4404.65
4425.19
4455.69
4441.54
4484.81
4470.04
4515.9
4500.06
4549.69
4532.41
4587.05
4567.87
4628
4606.84
4672.61
4649.93
4718.66
4694.57
4764.53
4739.11
4818.32
4790.8
4891.71
4874.02
4847.51
4981.3
4957.12
4913.49
4934.78
5100.41
5066.66
5035.57
5007.21
5273.62
5226.12
5182.79
5143.16
5527.36
5456.78
5392.03
5333.19
5923.09
5707.65
5827.26
5623.14
6372.76
6271
6065.54
6168.56
6653.19
6953.93
6846.8
6547.36
7167.27
8095.41
8362.59
7745.8
7395.93
7640.8
8002.94
9004.07
9293.76
8640.4
8927.44
9870.61
10102.4
10100.1
9581.05
9849.55
3976.25
3987.54
3999.01
4010.54
4022.14
4033.79
4045.49
4057.24
4069.01
4080.77
4092.53
4104.57
4118.15
4134.47
4151.89
4167.51
4181.42
4194.69
4208.18
4223.31
4242.17
4266.7
4296.03
4326.26
4353.84
4377.23
4398.22
4419.06
4453.02
4438.63
4482.74
4467.67
4514.43
4498.3
4548.75
4531.22
4586.5
4567.14
4626.18
4604.91
4671.07
4648.27
4714.43
4690.39
4758.18
4732.2
4815.38
4785.7
4893.49
4874.47
4854.53
4836.65
4987.22
4962.12
4915.92
4938.43
5106.86
5073.39
5042.39
5013.8
5280.21
5232.57
5189.48
5150.23
5542.9
5468.73
5401.4
5341.03
5962.72
5734.09
5861.31
5644.48
6439.55
6331.29
6113.27
6222.5
6736.76
7056.91
6941.74
6623.96
7282.9
8272.27
8552.84
7899.84
7525.84
7785.13
8171.89
9221.57
9518.33
8843.19
9141.56
10093.4
10346.9
10342.5
9807.94
10076.8
3981.17
3992.33
4003.68
4015.09
4026.55
4038.06
4049.62
4061.2
4072.78
4084.36
4096.04
4108.66
4123.8
4141.07
4157.62
4172.02
4185.46
4198.49
4211.81
4226.72
4244.99
4268.18
4295.39
4322.9
4347.95
4370.25
4391.28
4421.33
4407.32
4449.99
4435.52
4480.02
4464.79
4512.11
4495.78
4546.73
4529.06
4584.57
4565.19
4622.42
4601.37
4667.03
4644.35
4707.52
4683.75
4749.8
4723.41
4819.15
4803.43
4778.1
4894.58
4874.23
4852.9
4833.84
4993.01
4966.65
4917.67
4941.56
5114.26
5080.94
5049.78
5020.61
5287.45
5239.85
5197.11
5158.23
5559.7
5481.79
5411.74
5349.79
6004.68
5762.72
5897.92
5668
6509.26
6394.08
6163.4
6278.7
6823.7
7163.9
7040.34
6703.63
7402.99
8455.69
8749.96
8059.33
7660.22
7934.18
8346.88
9445.07
9748.29
9053.17
9362.56
10334.8
10623.2
10617.2
10041.7
10320.5
3985.95
3996.98
4008.21
4019.49
4030.81
4042.18
4053.58
4064.99
4076.4
4087.84
4099.76
4113.59
4130.14
4147.28
4162.52
4176.35
4189.51
4202.33
4215.47
4230.11
4247.62
4269.11
4293.75
4318.71
4341.92
4363.58
4384.77
4418.13
4404.28
4446.73
4432.27
4476.79
4461.54
4508.95
4492.57
4543.61
4525.94
4581.26
4562.03
4616.93
4596.38
4660.68
4638.37
4698.73
4675.16
4748.73
4735.37
4712.92
4816.01
4799.56
4763.32
4778.21
4894.97
4873.4
4850.08
4830.09
4998.39
4970.61
4918.69
4944.03
5122.47
5089.03
5057.31
5027.22
5295.63
5248.08
5205.64
5166.98
5578.69
5496.87
5423.8
5359.96
6049.21
5794.1
5937.21
5694.33
6581.86
6459.52
6216.21
6337.47
6913.96
7274.8
7142.78
6786.18
7527.52
8645.73
8954.41
8224.21
7799.06
8088.61
8527.93
9675.4
9986.32
9270.31
9591.25
10604.9
10944.3
10933.4
10288.7
10587.7
3990.59
4001.5
4012.59
4023.74
4034.92
4046.14
4057.38
4068.63
4079.89
4091.35
4104.04
4119.37
4136.45
4152.64
4167.09
4180.62
4193.54
4206.14
4219.13
4233.54
4250.27
4270.01
4292.14
4314.78
4336.73
4358.25
4387.96
4375.13
4415.01
4401.35
4443.36
4429.01
4473.21
4458.07
4505.1
4488.86
4539.46
4521.95
4576.67
4557.7
4610.23
4590.29
4652.56
4630.93
4688.72
4665.53
4743.01
4729.58
4710.15
4698
4811.65
4794.54
4757.35
4772.52
4894.56
4871.64
4846.24
4825.33
5003.13
4973.85
4918.94
4945.74
5131.12
5097.2
5064.63
5033.34
5304.96
5257.24
5214.8
5176
5600.6
5514.84
5438.35
5372.06
6096.44
5828.19
5979.06
5723.61
6657.21
6527.67
6271.6
6398.9
7008.02
7389.98
7249.28
6871.97
7656.93
8842.69
9166.13
8394.89
7943.62
8248.97
8715.32
9914.59
10235.9
9495.3
9829.08
10910.2
11283.2
11272.5
10554.3
10881.8
3995.09
4005.87
4016.83
4027.84
4038.88
4049.96
4061.04
4072.13
4083.31
4095.15
4109.08
4125.49
4142.21
4157.47
4171.54
4184.82
4197.46
4209.88
4222.85
4237.1
4253.25
4271.66
4291.85
4312.89
4334.29
4356.53
4386.49
4374.5
4412.34
4399.16
4440.1
4426.01
4469.52
4454.59
4500.87
4484.92
4534.59
4517.4
4571.05
4552.47
4602.52
4583.28
4643.5
4622.54
4686.05
4674.73
4654.93
4736.46
4723.07
4703.62
4691.63
4806.27
4788.8
4750.63
4765.75
4893.34
4869
4841.49
4819.62
5007.01
4976.23
4918.31
4946.61
5139.69
5104.93
5071.27
5038.68
5315.64
5267.24
5224.28
5184.75
5625.69
5535.96
5455.83
5386.49
6146.01
5864.99
6023.13
5756.01
6735.33
6598.48
6328.8
6462.76
7105.85
7509.98
7359.98
6961.15
7792.05
9046.68
9385.25
8572.04
8094.22
8415.92
8909.69
10164.9
10500.5
9729.63
10078.2
11240.1
11609.1
11606.3
10840.7
11197.8
3999.44
4010.1
4020.93
4031.8
4042.7
4053.62
4064.56
4075.53
4086.82
4099.49
4114.75
4131.38
4147.37
4162.08
4175.89
4188.87
4201.21
4213.58
4226.66
4240.93
4256.84
4274.56
4293.83
4314.3
4335.87
4358.8
4385.9
4374.36
4410.51
4397.93
4437.29
4423.65
4465.98
4451.39
4496.61
4481.04
4529.44
4512.73
4564.7
4546.76
4594.32
4575.77
4633.74
4613.6
4679.99
4668.7
4641.24
4651.52
4729.26
4716.15
4696.57
4684.88
4799.87
4782.07
4743.13
4758.02
4891.23
4865.48
4835.76
4812.93
5009.71
4977.49
4916.59
4946.39
5147.58
5111.82
5076.9
5042.83
5327.75
5277.77
5233.55
5192.76
5654.03
5560.23
5476.24
5403.29
6197.06
5904.21
6068.68
5791.11
6816.3
6671.94
6387.5
6528.77
7207.75
7635.22
7475.29
7054.19
7932.83
9257.76
9613.47
8756.5
8251.25
8590.36
9111.31
10428.2
10782.4
9975.17
10339.3
11575.8
11919.2
11921.7
11145.7
11525.5
4003.66
4014.19
4024.88
4035.61
4046.37
4057.15
4067.96
4078.9
4090.63
4104.49
4120.53
4136.82
4152.18
4166.55
4180.07
4192.65
4204.79
4217.28
4230.59
4245.07
4261.06
4278.65
4297.74
4318.12
4339.51
4365.35
4375.26
4355.82
4386.13
4409.56
4397.56
4435.17
4422.11
4462.79
4448.74
4492.36
4477.32
4523.97
4507.91
4557.88
4540.61
4585.63
4567.87
4623.28
4604.09
4673.51
4662.4
4635.34
4645.45
4721.39
4708.7
4689.08
4677.76
4792.48
4774.31
4734.85
4749.39
4888.01
4860.91
4828.98
4805.28
5010.79
4977.19
4913.49
4944.69
5154.35
5117.35
5081.02
5045.42
5341.27
5288.57
5242.18
5199.58
5685.18
5587.37
5499.34
5422.28
6249.14
5945.09
6114.92
5827.91
6900.59
6747.95
6447.24
6596.52
7313.62
7765.78
7595.19
7150.5
8079.41
9477.46
9852.76
8948.29
8415.23
8772.58
9321.43
10706.7
11080.4
10232.6
10614
11902.7
12223.4
12226.3
11464
11853.9
4007.74
4018.13
4028.69
4039.28
4049.9
4060.55
4071.27
4082.38
4094.95
4109.94
4126.07
4141.88
4156.79
4170.85
4183.95
4196.13
4208.26
4221
4234.64
4249.47
4265.69
4283.37
4302.33
4322.17
4342.08
4375.71
4365.94
4356.42
4386.35
4408.94
4397.41
4433.42
4420.95
4459.77
4446.36
4488.06
4473.66
4518.31
4502.93
4550.76
4534.25
4576.34
4559.47
4619.66
4610.46
4593.88
4666.73
4655.94
4629.33
4639.16
4712.95
4700.76
4681.22
4670.32
4784.16
4765.63
4725.89
4740.06
4883.49
4855.15
4821.12
4796.67
5009.74
4974.78
4908.64
4941.07
5159.45
5120.8
5082.99
5045.88
5356.11
5299.51
5249.85
5204.57
5717.96
5616.13
5523.95
5442.39
6301.39
5986.38
6160.18
5864.66
6987.33
6825.32
6506.56
6664.79
7423.03
7901.67
7719.64
7249.67
8232.43
9707.79
10103.7
9148.13
8586.75
8962.24
9541.19
10999.9
11391.5
10502.6
10903.1
12216.4
12527.3
12530.7
11789.1
12177.3
4011.67
4021.94
4032.36
4042.81
4053.3
4063.84
4074.57
4086.16
4099.82
4115.41
4131.32
4146.67
4161.21
4174.87
4187.43
4199.35
4211.66
4224.71
4238.72
4253.87
4270.28
4287.85
4306.26
4324.96
4343.33
4375.92
4366.06
4356.68
4386.27
4408.12
4397
4431.6
4419.66
4456.73
4443.95
4483.62
4469.94
4512.38
4497.75
4543.22
4527.54
4566.4
4550.47
4613.8
4604.66
4581.65
4589.96
4659.67
4649.27
4623.16
4632.68
4704.04
4692.42
4673.05
4662.59
4774.98
4756.17
4716.38
4730.12
4877.48
4848.12
4812.04
4787.08
5005.95
4969.75
4901.65
4935.03
5162.14
5121.51
5082.08
5043.51
5371.43
5309.98
5256
5207.13
5750.11
5643.88
5547.23
5460.88
6351.62
6025.47
6201.65
5897.96
7076.18
6903.77
6557.29
6732.72
7535.76
8042.96
7847.94
7351.39
8392.39
9949.7
10366.9
9356.91
8765.48
9159.43
9771.66
11306.1
11712.2
10786
11205
12525.3
12831.4
12839.4
12116.5
12498.5
4015.46
4025.6
4035.88
4046.21
4056.58
4067.07
4078.01
4090.4
4105.04
4120.72
4136.3
4151.25
4165.38
4178.47
4190.5
4202.43
4214.99
4228.36
4242.66
4257.99
4274.34
4291.5
4309.06
4326.53
4347.61
4356.71
4339.39
4375.78
4365.83
4385.83
4406.95
4396.22
4429.47
4418.03
4453.42
4441.26
4478.89
4465.95
4506.06
4492.25
4535.13
4520.34
4576.04
4562.28
4554.78
4540.9
4607.7
4598.76
4584.29
4652.37
4642.41
4616.8
4626.05
4694.74
4683.72
4664.64
4654.68
4765.02
4746.08
4706.49
4719.77
4869.66
4839.62
4801.73
4776.53
4998.85
4961.71
4892.3
4926.26
5161.74
5118.77
5077.53
5037.58
5384.8
5318.1
5259.16
5206.03
5777.74
5666.11
5564.44
5473.19
6389.79
6059.25
6234.33
5919.6
7166.24
6979.13
6629.81
6797.6
7650.97
8190.33
7976.69
7451.36
8558.85
10203.4
10642.1
9575.33
8950.91
9365.28
10013.8
11623.1
12040.9
11082.3
11518.2
12839.5
13134.6
13155.8
12448.4
12826.3
4019.11
4029.12
4039.27
4049.48
4059.77
4070.3
4081.74
4095.13
4110.3
4125.83
4141.05
4155.57
4169.14
4181.56
4193.3
4205.42
4218.23
4231.83
4246.29
4261.61
4277.67
4294.21
4310.83
4327.04
4356.36
4347.38
4339.2
4375.28
4365.3
4385.03
4405.41
4395.08
4426.99
4416.05
4449.78
4438.24
4473.83
4461.64
4499.33
4486.39
4526.54
4512.7
4570.31
4556.8
4549.39
4530.05
4536.74
4601.44
4592.77
4578.39
4644.94
4635.41
4610.28
4619.25
4685.2
4674.78
4656.19
4646.73
4754.37
4735.51
4696.37
4709.15
4859.92
4829.6
4790.27
4765.16
4987.84
4950.19
4880.38
4914.41
5157.2
5111.59
5068.48
5027.34
5392.11
5320.4
5256.7
5199.33
5790.83
5675.11
5569.86
5475.05
6391.16
6091.78
6240.08
5964.83
7252.97
7073.08
6605.75
6818.21
7763.72
8342.91
8123.46
7567.67
8731.37
10469
10930.4
9804.96
9144.36
9582.3
10268.7
11951.5
12379.1
11389.9
11844.1
13168
13426.6
13494.5
12791.9
13174.4
4022.61
4032.49
4042.53
4052.64
4062.9
4073.69
4085.9
4100.19
4115.46
4130.74
4145.54
4159.51
4172.37
4184.2
4195.97
4208.3
4221.31
4235.03
4249.49
4264.62
4280.24
4296.06
4311.71
4326.85
4355.85
4346.89
4338.8
4374.49
4364.55
4383.93
4403.55
4393.61
4424.19
4413.74
4445.84
4434.89
4468.47
4457.02
4492.26
4480.2
4517.48
4504.67
4564.5
4551.11
4543.88
4525
4531.55
4595.05
4586.63
4572.35
4637.47
4628.32
4603.63
4612.34
4675.63
4665.8
4647.79
4638.82
4743.14
4724.54
4686.2
4698.44
4848.17
4818.06
4777.61
4753.05
4972.5
4934.75
4865.65
4899.17
5147.14
5099.09
5054.31
5012.36
5390.42
5315.25
5248.49
5188.44
5782.22
5669.1
5565.48
5470.99
6387.2
6105.66
6236.45
5945.1
7284.32
7051.04
6600.87
6814.63
7806.37
8509.89
8102.94
7545.87
8919.13
10748.3
11231.2
10047.9
9353.13
9813.9
10544.1
12292.5
12733.8
11710.7
12184.7
13539.6
13821.2
13978
13159.6
13574.3
4025.97
4035.73
4045.66
4055.71
4066.07
4077.38
4090.54
4105.32
4120.47
4135.4
4149.66
4162.92
4175.02
4186.61
4198.54
4211.04
4224.15
4237.88
4252.21
4267.01
4282.07
4297.14
4311.88
4326.01
4338.35
4355.16
4346.23
4373.46
4363.61
4382.58
4401.43
4391.9
4421.13
4411.18
4441.62
4431.28
4462.82
4452.13
4484.87
4473.73
4508.05
4496.29
4558.53
4545.28
4538.33
4519.77
4526.13
4588.54
4580.35
4566.12
4629.95
4621.12
4596.88
4605.33
4666.16
4656.86
4639.45
4630.94
4731.53
4713.37
4676.13
4687.75
4834.17
4804.79
4763.69
4740.19
4953.37
4915.68
4848.22
4880.75
5134.32
5084.75
5037.39
4993.4
5385.77
5309.68
5242.14
5181.36
5779.05
5666.06
5562.51
5468.06
6383.6
6102.94
6233.03
5940.96
7280.63
7045.56
6596.77
6810.95
7802.36
8494.96
8096.6
7539.79
8907.22
11040.3
11545.3
10307.4
9344.48
9808.5
10831.8
12652.8
13115.7
12048.5
12545.9
14051.1
15742.5
14910.7
13576.5
14087.8
4029.19
4038.84
4048.68
4058.75
4069.42
4081.52
4095.5
4110.38
4125.27
4139.7
4153.26
4165.7
4177.28
4188.92
4201
4213.58
4226.7
4240.33
4254.41
4268.78
4283.25
4297.56
4311.45
4324.66
4337.64
4336.92
4354.29
4345.4
4372.25
4362.51
4381.05
4399.15
4390.02
4417.89
4408.44
4437.18
4427.47
4456.94
4447
4477.22
4467.01
4503.32
4514.56
4497.96
4487.57
4552.41
4539.29
4532.63
4520.58
4581.88
4573.9
4559.73
4622.41
4613.85
4590.02
4598.25
4656.78
4648
4631.23
4623.1
4719.57
4702.08
4666.18
4677.13
4817.89
4789.7
4748.33
4726.47
4933.09
4894.29
4828.11
4859.54
5126.65
5076.51
5011.86
4972.72
5382.82
5306.69
5239.07
5178.18
5775.98
5663.13
5559.69
5465.24
6380.48
6099.98
6229.97
5937.47
7276.66
7041.06
6593.32
6807.59
7798.06
8488.36
8091.23
7534.84
8900.24
11350.2
11878.4
10308.1
9337.04
9800.69
11114.6
10725.8
13042
13541.4
12407.2
12937.5
14815.9
17976.7
16179.3
14079
14756
4032.26
4041.8
4051.61
4061.85
4073.13
4086.15
4100.56
4115.27
4129.73
4143.49
4156.23
4167.94
4179.4
4191.14
4203.28
4215.87
4228.91
4242.35
4256.09
4269.98
4283.83
4297.43
4310.54
4323
4335.94
4335.06
4344.44
4353.26
4370.87
4361.26
4379.37
4396.74
4388
4414.54
4405.6
4432.64
4423.56
4450.95
4441.77
4469.43
4460.17
4509.08
4498.3
4493.17
4478.74
4546.14
4533.12
4526.76
4514.85
4575.07
4567.28
4553.2
4614.87
4606.54
4583.03
4591.09
4647.5
4639.28
4622.99
4615.24
4707.2
4690.7
4656.31
4666.51
4799.08
4772.53
4731.04
4711.47
4922.43
4870.29
4807.09
4838.62
5123.4
5073.24
5014.26
4961.51
5380.04
5303.93
5236.31
5175.38
5773.22
5660.54
5557.1
5462.77
6097.19
5934.56
7272.98
7037.28
7793.99
8482.69
8086.79
7530.79
8894.22
11678.6
12239.5
10299.8
9330.64
9793.96
11129.6
10715.4
13471
14031.6
12799.9
13364.6
15739.7
20138.6
17469
14682.6
15529.1
4035.17
4044.64
4054.54
4065.22
4077.35
4091.07
4105.5
4119.86
4133.7
4146.66
4158.57
4169.95
4181.43
4193.22
4205.36
4217.88
4230.76
4243.92
4257.27
4270.65
4283.9
4296.82
4309.26
4321.11
4333.97
4332.99
4343.37
4342.27
4352.1
4369.36
4359.88
4377.57
4394.25
4385.87
4411.15
4402.68
4428.12
4419.64
4444.99
4436.58
4461.61
4453.35
4503.6
4493.1
4488.18
4469.93
4483.35
4474.04
4539.67
4526.76
4520.72
4508.99
4568.07
4560.5
4546.47
4607.29
4599.19
4575.86
4583.77
4638.18
4630.57
4614.47
4607.16
4694.14
4679.08
4646.28
4655.47
4778.03
4753.02
4711.83
4694.72
4870.48
4919.24
4795.67
4827.52
5120.57
5070.44
5011.13
4958.1
5377.56
5301.51
5233.92
5172.97
8477.93
8889.14
11996.7
11572.9
12618
10292.6
9325.26
9788.33
11120.9
10707.1
13951.4
14592.4
13243.7
13838
16681.1
22516.9
18794.7
15359
16325.9
4037.9
4047.38
4057.61
4069.05
4082.02
4096.02
4110.18
4123.99
4137.06
4149.16
4160.55
4171.86
4183.35
4195.12
4207.2
4219.58
4232.22
4245.06
4257.98
4270.84
4283.51
4295.83
4307.7
4319.08
4331.8
4330.76
4341.11
4339.93
4350.86
4349.58
4367.73
4358.42
4375.66
4391.69
4383.65
4407.75
4399.73
4423.64
4415.73
4439.14
4431.45
4453.98
4465.71
4446.66
4498.05
4487.84
4478.32
4469.54
4533
4520.19
4514.51
4503.07
4560.83
4553.51
4539.48
4599.53
4591.68
4568.4
4576.08
4628.4
4621.52
4605.26
4598.5
4679.75
4666.64
4635.48
4643.24
4755.57
4732.2
4691.38
4676.03
4867.5
4916.54
4792.67
4754.3
4824.23
5118.21
5068.1
5008.43
4955.25
12025.6
11563.1
12994.7
12517
10286.6
11113.1
10700.5
14484.4
15203.9
13703.3
14358.5
17590.2
24687.2
20282.4
16061.1
17091.1
4040.44
4050.15
4061.06
4073.38
4086.87
4100.77
4114.45
4127.53
4139.75
4151.2
4162.4
4173.67
4185.12
4196.81
4208.76
4220.93
4233.3
4245.77
4258.25
4270.61
4282.74
4294.52
4305.93
4316.98
4329.54
4328.5
4338.7
4337.49
4348.27
4346.94
4356.95
4366.04
4373.71
4389.09
4381.4
4404.34
4396.75
4419.22
4411.85
4433.44
4426.43
4446.6
4457.23
4461.32
4440.19
4492.42
4482.52
4473.4
4464.96
4526.08
4513.44
4508.18
4497.06
4553.28
4546.24
4532.22
4591.29
4583.75
4560.54
4567.86
4617.41
4611.58
4594.8
4588.8
4663.48
4652.55
4622.84
4628.73
4720.23
4688.61
4657.91
4864.9
4914.28
4790.11
4751.43
4821.51
5006.14
4952.94
12016.2
11554.7
13047
12508.5
11106.4
15053.2
15838.1
14177.9
13628.7
14933.7
18505.1
26523.5
21749.3
16747.9
17808
4042.8
4053.17
4065.03
4078.04
4091.63
4105.13
4118.15
4130.41
4141.91
4153.05
4164.15
4175.35
4186.7
4198.26
4210.02
4221.94
4233.99
4246.08
4258.11
4269.99
4281.63
4292.96
4304.01
4314.84
4327.29
4326.26
4336.25
4335.07
4345.59
4344.25
4355.46
4353.97
4364.35
4371.76
4386.54
4379.17
4401.05
4393.84
4415
4408.12
4428.04
4421.66
4453.06
4449.23
4442.68
4439.92
4460.48
4434.07
4486.73
4477.24
4468.5
4518.92
4506.56
4501.75
4490.95
4545.31
4538.64
4524.66
4582.19
4575.15
4552.13
4558.95
4604.08
4600
4582.52
4577.65
4645.61
4636.27
4607.47
4611.26
4717.37
4654.93
4685.79
4862.73
4787.96
4748.94
4819.29
12007.7
11547.8
13037
12500.3
15642.1
16464.3
14666
14080.1
13620.2
15500.8
19417.3
28085.8
23081.9
17384.8
18470.5
4045.23
4056.72
4069.44
4082.75
4096.07
4108.97
4121.2
4132.73
4143.83
4154.79
4165.77
4176.84
4188.06
4199.44
4210.97
4222.61
4234.31
4246.01
4257.61
4269.03
4280.23
4291.2
4301.97
4312.65
4325.06
4324.05
4333.88
4332.74
4342.93
4341.66
4352.48
4351.02
4362.66
4361
4369.85
4384.1
4377.01
4397.95
4391.09
4411.08
4404.63
4423.07
4417.25
4456.11
4451.92
4445.36
4439.28
4436.76
4463.68
4428.47
4481.05
4471.99
4511.58
4499.56
4495.2
4484.83
4536.81
4530.64
4516.82
4571.92
4565.62
4543.04
4549.18
4587.8
4585.99
4568.12
4564.91
4629.31
4618.88
4589.35
4594.18
4714.9
4626.74
4652.08
4683.36
4746.83
12000.4
13027.8
12493
16227.7
17048.6
14738.6
14070.6
13611.6
16062.6
15457.2
20249.6
29424.1
24324.5
17945.6
19042
4048.22
4060.87
4074.08
4087.24
4100.03
4112.18
4123.69
4134.74
4145.6
4156.39
4167.22
4178.13
4189.17
4200.33
4211.6
4222.93
4234.28
4245.58
4256.76
4267.78
4278.6
4289.26
4299.8
4310.35
4322.86
4321.86
4331.59
4330.5
4340.43
4339.25
4349.6
4348.25
4359.35
4357.75
4367.99
4381.77
4374.92
4395.05
4388.49
4407.48
4401.39
4418.57
4413.23
4459.01
4454.5
4447.83
4441.68
4435.97
4433.57
4466.82
4423.42
4430.73
4475.42
4504.09
4492.49
4488.62
4478.78
4527.77
4522.24
4508.74
4560.35
4555.02
4533.26
4538.53
4568.96
4569.43
4551.92
4550.55
4607.47
4572.14
4589.31
4712.81
4623.86
4649.63
4681.29
13019.7
16777.5
17558.5
14726.3
14061.1
13603.8
16599.3
16006.9
15442.5
20966
30498.5
25402.3
18401.1
19477.5
4052.11
4065.48
4078.65
4091.32
4103.38
4114.84
4125.83
4136.58
4147.21
4157.82
4168.46
4179.19
4190.01
4200.93
4211.91
4222.92
4233.91
4244.82
4255.61
4266.26
4276.76
4287.14
4297.49
4307.89
4320.65
4319.61
4329.39
4328.32
4338.09
4336.98
4346.97
4345.74
4356.22
4354.79
4366.17
4364.42
4379.55
4372.91
4392.34
4386.04
4404.19
4398.41
4414.57
4409.6
4461.79
4456.95
4450.15
4443.92
4438.17
4432.86
4469.85
4419
4427.87
4425.41
4496.46
4485.45
4482.1
4472.79
4518.28
4513.52
4500.5
4547.51
4543.36
4522.88
4527.13
4551.85
4551.98
4534.71
4534.74
4604.64
4566.67
4586.34
4621.39
4647.58
17258.4
17961.5
14715.3
14052.6
17074.6
16533.8
15988.6
15430.3
21562.5
31232.4
26164.4
18718.2
19757.9
4056.79
4070.21
4082.89
4094.84
4106.22
4117.13
4127.76
4138.23
4148.64
4159.04
4169.49
4180
4190.58
4201.23
4211.91
4222.59
4233.21
4243.75
4254.18
4264.49
4274.7
4284.84
4295.01
4305.36
4318.37
4317.34
4327.22
4326.13
4335.89
4334.83
4344.57
4343.45
4353.45
4352.19
4362.78
4361.26
4371
4377.47
4389.87
4383.77
4401.26
4395.72
4411.1
4406.41
4464.43
4459.22
4452.28
4445.96
4440.18
4434.86
4429.93
4415.23
4422.93
4420.83
4427.24
4488.82
4478.51
4475.66
4466.94
4508.5
4504.57
4492.2
4533.52
4530.79
4512.13
4515.24
4537.77
4549.1
4534.43
4515.85
4518
4602.22
4563.64
4583.86
4619.34
17635
18225.4
14706.1
17446.5
17003.7
16511.6
15974.5
15420.6
21997.2
31553.2
26527.7
18873.1
19873
4061.9
4074.72
4086.62
4097.86
4108.66
4119.16
4129.48
4139.69
4149.87
4160.05
4170.27
4180.55
4190.87
4201.23
4211.6
4221.93
4232.21
4242.4
4252.5
4262.5
4272.43
4282.35
4292.35
4318.69
4302.53
4325
4323.89
4333.77
4332.71
4342.39
4341.36
4351.01
4349.9
4359.85
4358.56
4369.24
4367.62
4375.57
4387.68
4381.73
4398.74
4393.37
4408.23
4403.72
4461.33
4454.21
4447.8
4441.98
4436.66
4431.76
4412.18
4418.72
4417.01
4424.72
4422.44
4428.91
4481.28
4471.7
4469.36
4498.56
4495.5
4483.98
4518.57
4517.57
4501.16
4503.05
4533.61
4546.25
4517.66
4499.07
4501.29
4600.19
4561.14
4581.82
17872.8
18324.5
17676.2
17372.9
16977.6
16495.5
15963.8
22178.6
31360.4
26407.3
18850.1
19784.7
4066.89
4078.75
4089.83
4100.47
4110.82
4120.96
4130.99
4140.94
4150.88
4160.82
4170.8
4180.82
4190.87
4200.93
4210.98
4220.98
4230.92
4240.78
4250.56
4260.26
4269.94
4279.63
4289.44
4315.95
4329.36
4328.31
4299.41
4331.63
4330.53
4340.34
4339.33
4348.86
4347.87
4357.38
4356.29
4366.16
4364.85
4373.86
4385.78
4379.92
4396.64
4391.37
4405.96
4401.53
4463.3
4455.96
4449.43
4443.56
4438.25
4433.39
4409.84
4415.31
4414.02
4420.33
4418.48
4426.28
4423.89
4430.38
4473.92
4465.13
4488.61
4486.48
4475.96
4503.18
4503.87
4490.1
4490.66
4530.56
4512.26
4543.82
4484.95
4494.91
4484.3
4559.08
17943.6
18241.5
17733.3
17599.9
17343.3
16959.6
16483.9
22045.2
30525.7
25694.4
18637.3
19466.6
4071.31
4082.18
4092.6
4102.76
4112.71
4122.53
4132.27
4141.96
4151.65
4161.35
4171.07
4180.82
4190.59
4200.34
4210.06
4219.74
4229.36
4238.9
4248.37
4257.79
4267.2
4276.67
4286.23
4312.99
4326.98
4325.79
4336.23
4335.16
4295.92
4338.31
4337.28
4346.91
4345.97
4355.28
4354.36
4363.67
4362.61
4372.34
4371.01
4384.17
4378.36
4394.97
4389.72
4404.29
4399.85
4457.52
4450.83
4444.92
4439.61
4434.79
4408.21
4412.73
4411.85
4416.82
4415.41
4421.71
4419.77
4427.62
4425.11
4431.61
4466.79
4458.88
4478.82
4477.66
4468.19
4487.77
4489.88
4479.14
4478.27
4528.05
4509.22
4541.82
4480.19
4492.13
4469.11
17831
17974.9
17601.8
17652.5
17567.6
17323.6
16947.1
21473
28821.3
24229.3
18225
18876
4074.98
4085.11
4095.01
4104.74
4114.34
4123.85
4133.31
4142.74
4152.17
4161.62
4171.08
4180.55
4190.01
4199.46
4208.87
4218.23
4227.52
4236.75
4245.93
4255.07
4264.22
4273.42
4282.68
4327.03
4309.59
4333.98
4332.75
4343.13
4342.12
4292.03
4345.03
4344.09
4353.47
4352.61
4361.66
4360.8
4369.84
4368.83
4377.01
4382.82
4393.69
4388.4
4403.17
4398.63
4452.03
4446.03
4440.73
4435.95
4407.24
4410.97
4410.47
4414.2
4413.24
4418.08
4416.63
4422.85
4420.84
4428.71
4426.09
4432.59
4460.02
4452.99
4469.32
4469.12
4460.79
4472.55
4475.96
4468.42
4466.07
4526.02
4506.73
4464.75
4477.15
4489.75
4456.36
17534.8
17527.7
17283.1
17514.8
17618.7
17546.6
17310.4
20384.2
25870.3
21802.3
17617.1
17985.5
4078.04
4087.62
4097.08
4106.44
4115.71
4124.93
4134.11
4143.28
4152.45
4161.63
4170.81
4179.99
4189.16
4198.3
4207.4
4216.44
4225.42
4234.35
4243.23
4252.08
4260.95
4269.84
4278.75
4323.73
4338.49
4337.19
4305.78
4341.03
4339.83
4350.09
4349.17
4287.7
4351.77
4350.94
4360.01
4359.25
4367.96
4367.19
4375.87
4374.93
4381.73
4392.76
4387.37
4402.56
4397.84
4446.9
4441.58
4436.86
4406.85
4409.95
4409.83
4412.46
4411.92
4415.43
4414.46
4419.11
4417.63
4423.74
4421.67
4429.55
4426.81
4433.31
4453.66
4447.5
4460.13
4460.95
4453.82
4457.12
4462.28
4457.96
4454.15
4504.72
4461.97
4451.72
4474.68
4487.78
17066.9
16919.9
16794.6
17190.4
17480.9
17597
17532.9
18668.1
20900.3
18220
16817.2
16773.1
4080.62
4089.76
4098.84
4107.86
4116.82
4125.75
4134.66
4143.56
4152.46
4161.37
4170.27
4179.16
4188.03
4196.87
4205.65
4214.38
4223.06
4231.68
4240.26
4248.82
4257.37
4265.9
4274.42
4320.07
4335.6
4334.1
4345.86
4344.57
4301.48
4348.17
4347.07
4357.1
4356.29
4282.92
4358.53
4357.82
4366.51
4365.88
4374.15
4373.5
4380.87
4392.16
4386.63
4402.4
4397.44
4442.16
4437.48
4407.01
4409.66
4409.89
4411.55
4411.4
4413.73
4413.22
4416.42
4415.48
4419.89
4418.39
4424.37
4422.23
4430.11
4427.25
4433.75
4447.71
4442.42
4451.37
4453.2
4447.31
4443.75
4448.95
4447.92
4442.65
4459.61
4448.72
4438.65
4472.69
16453.6
16170.9
16167.3
16700.5
17157.8
17459.3
17583
16409.6
13104.2
13920.8
15843.6
15307.3
4082.8
4091.57
4100.31
4109.01
4117.67
4126.32
4134.95
4143.59
4152.22
4160.84
4169.46
4178.06
4186.63
4195.16
4203.64
4212.06
4220.43
4228.74
4237.01
4245.26
4253.45
4261.6
4269.68
4335.03
4315.84
4343.14
4341.63
4353.33
4352.13
4296.67
4355.41
4354.42
4364.16
4363.5
4277.67
4365.3
4364.74
4372.96
4372.49
4380.22
4379.72
4391.86
4386.13
4402.64
4397.37
4437.81
4411.2
4407.62
4411.41
4411.63
4412.92
4412.84
4414.78
4414.32
4417.18
4416.26
4420.4
4418.89
4424.71
4422.51
4430.39
4427.39
4433.86
4442.21
4437.77
4443.15
4445.94
4441.27
4432.26
4435.07
4438.53
4432.03
4457.65
4446.28
4435.84
4427.35
15725.1
15308.4
15436.4
16078.6
16670.4
17136.9
17445.5
13977.2
11233
11498.3
14730.9
13750.7
4084.63
4093.06
4101.48
4109.88
4118.26
4126.63
4134.99
4143.35
4151.71
4160.05
4168.38
4176.69
4184.96
4193.19
4201.36
4209.48
4217.53
4225.53
4233.48
4241.37
4249.19
4256.91
4264.52
4330.86
4347.66
4345.92
4311.01
4350.8
4349.34
4360.93
4359.85
4291.33
4362.75
4361.9
4371.28
4370.79
4271.93
4372.08
4371.7
4379.35
4379.07
4385.82
4391.78
4403.18
4397.57
4412.27
4414.34
4413.61
4408.58
4412.94
4413.22
4414.09
4414.1
4415.6
4415.2
4417.68
4416.78
4420.64
4419.11
4424.75
4422.47
4430.32
4427.18
4433.57
4437.19
4435.52
4439.21
4435.76
4423.74
4429.85
4422.41
4444.3
4433.49
4424.39
4416.3
14916.9
14360.9
14628.7
15358.9
16052.1
16650.9
17123.5
12104.2
10253.8
10315.1
13560.5
12380.8
4086.14
4094.26
4102.38
4110.49
4118.59
4126.68
4134.77
4142.86
4150.93
4159
4167.04
4175.06
4183.03
4190.95
4198.82
4206.62
4214.36
4222.03
4229.64
4237.16
4244.56
4251.83
4258.92
4346.59
4326
4355.67
4353.89
4305.57
4358.64
4357.27
4368.69
4367.75
4285.45
4370.2
4369.5
4378.47
4378.17
4265.73
4378.88
4378.7
4385.66
4385.63
4391.88
4403.97
4397.98
4414.99
4413.74
4415.99
4416.08
4415.29
4409.83
4414.31
4414.72
4415.06
4415.16
4416.17
4415.84
4417.91
4417.04
4420.56
4419.02
4424.43
4422.08
4429.82
4426.5
4432.67
4428.47
4433.04
4430.8
4414.81
4421.82
4413.57
4431.54
4421.98
4413.43
4408.98
14054.5
13374.1
13765.7
14234.7
14326.2
15337
16034.5
16638.1
10762.3
9343.4
9340.6
12453.3
11222.3
4087.35
4095.17
4103
4110.83
4118.65
4126.48
4134.29
4142.1
4149.9
4157.68
4165.44
4173.16
4180.83
4188.45
4196.01
4203.49
4210.91
4218.25
4225.49
4232.61
4239.58
4246.37
4252.89
4341.72
4360.05
4357.94
4320.45
4363.84
4362.07
4299.52
4366.67
4365.38
4376.62
4375.85
4279.04
4377.77
4377.25
4385.73
4385.65
4259.05
4385.67
4385.73
4392.13
4404.95
4398.57
4416.97
4415.55
4418.09
4416.88
4418.05
4417.71
4416.79
4411.27
4415.5
4416.04
4415.79
4416.01
4416.48
4416.24
4417.83
4417
4420.12
4418.56
4423.62
4421.18
4428.65
4425.11
4422.01
4427.46
4426.4
4406.87
4414.32
4404.47
4420.02
4411.06
4406.11
4402.75
13166.5
12415.1
13473.8
12925.5
13336.3
14312.1
15321.9
16022.8
9662.84
8672.14
8629.17
11445.3
10167.6
4088.27
4095.81
4103.36
4110.91
4118.46
4126.01
4133.55
4141.09
4148.61
4156.11
4163.57
4171
4178.37
4185.68
4192.93
4200.09
4207.18
4214.16
4221.02
4227.72
4234.24
4240.51
4246.45
4358.25
4336.05
4368.57
4366.42
4314.2
4372.22
4370.52
4292.87
4374.9
4373.69
4384.75
4384.16
4272.11
4385.47
4385.18
4393.06
4393.25
4251.94
4392.47
4392.79
4406.01
4399.24
4418.8
4421.12
4417.53
4420.48
4419.2
4420.04
4419.21
4418.11
4412.78
4416.48
4417.19
4416.29
4416.63
4416.51
4416.35
4417.39
4416.61
4419.18
4417.61
4422.06
4419.5
4422.55
4416.25
4422.49
4399.78
4407.64
4397.29
4409.12
4403.74
4399.94
4395.91
12296.1
11513
12688.2
12107.5
12596.5
13322.3
14300.7
15311.5
8780.56
8228.85
8172.25
10507
9208.09
4088.91
4096.17
4103.45
4110.73
4118.01
4125.29
4132.56
4139.82
4147.06
4154.27
4161.45
4168.58
4175.65
4182.65
4189.58
4196.42
4203.16
4209.77
4216.23
4222.5
4228.53
4234.27
4239.61
4352.48
4372.69
4370.09
4329.62
4377.31
4375.15
4307.31
4380.84
4379.21
4285.68
4383.33
4382.22
4393.1
4392.69
4264.72
4393.33
4393.29
4400.49
4400.99
4244.44
4399.89
4407.05
4420.5
4423.72
4424.28
4426.01
4419.59
4422.82
4421.4
4421.95
4420.55
4419.24
4414.28
4417.25
4418.13
4416.52
4417
4416.19
4416.14
4416.47
4415.75
4417.44
4415.88
4419.26
4416.55
4418.18
4411.3
4401.97
4391.89
4389.2
4401.81
4397.59
4392.95
11468
10666.2
11896.7
11334.6
12588.7
11610.3
13311.5
14291.8
8178.64
7887.7
7846.37
9607.61
8411.23
4089.28
4096.27
4103.28
4110.29
4117.3
4124.31
4131.31
4138.29
4145.25
4152.18
4159.07
4165.9
4172.67
4179.36
4185.96
4192.47
4198.85
4205.08
4211.12
4216.94
4222.48
4227.66
4232.38
4369.88
4345.85
4381.78
4379.12
4322.46
4386.32
4384.19
4299.82
4389.72
4388.16
4277.98
4391.99
4391
4401.67
4401.45
4256.9
4401.38
4401.61
4408.02
4408.9
4236.57
4422.07
4426.44
4427.52
4429.28
4426.9
4428.74
4421.62
4425.16
4423.51
4423.75
4421.73
4420.18
4415.7
4417.79
4418.86
4416.45
4417.09
4415.44
4415.53
4414.79
4414.18
4414.43
4412.87
4414.55
4411.62
4407.2
4397.39
4387.45
4384.8
4386.31
4395.67
4390.55
10689.3
9859.39
11530.7
11132.2
10608.9
12581.2
11606
10765.2
13303.2
7792.52
7614.36
7587.44
8775.15
7846.11
4089.38
4096.11
4102.85
4109.59
4116.33
4123.08
4129.8
4136.51
4143.19
4149.84
4156.43
4162.97
4169.43
4175.8
4182.08
4188.24
4194.25
4200.09
4205.7
4211.06
4216.09
4220.71
4224.82
4362.98
4385.38
4382.12
4338.38
4391.13
4388.42
4314.62
4395.63
4393.53
4291.77
4398.89
4397.42
4269.81
4400.91
4400.06
4410.49
4410.49
4248.69
4409.63
4410.18
4417
4228.38
4423.49
4433.41
4429.09
4430.54
4432.41
4429.44
4431.48
4423.55
4427.45
4425.55
4425.43
4422.73
4420.92
4418.07
4419.36
4416
4416.85
4414.02
4414.3
4411.89
4411.45
4409.39
4407.87
4403.97
4393.84
4383.9
4381
4381.9
4383.94
4388.6
9958.19
9078.31
10882.3
10448.4
9936.81
12574.6
11600.3
10760.5
9970.1
7527.82
7385.3
7366.83
8071.18
7494.26
4089.22
4095.69
4102.16
4108.64
4115.12
4121.59
4128.05
4134.48
4140.89
4147.24
4153.55
4159.78
4165.93
4171.99
4177.93
4183.74
4189.37
4194.8
4199.98
4204.86
4209.38
4213.43
4216.96
4381.13
4355.1
4395.02
4391.68
4330.09
4400.82
4398.08
4306.12
4405.29
4403.23
4283.17
4408.39
4407.01
4261.2
4410.13
4409.43
4419.61
4419.83
4240.12
4418.12
4419.02
4425.33
4219.88
4424.78
4437.59
4436.73
4439.78
4431.62
4433.52
4435.58
4431.93
4434.21
4429.67
4427.49
4427
4423.56
4421.43
4418.05
4419.59
4415
4416.12
4411.53
4412.1
4407.04
4406.88
4401.59
4400.09
4391.28
4381.2
4377.73
4378.09
4379.52
4382.01
9259.56
8355.82
10240.4
9825.79
9309.51
11594.4
10755.2
9968.42
9917.59
9307.44
7319.57
7188.05
7174.84
7557.04
7264.46
4088.81
4095.01
4101.22
4107.44
4113.65
4119.86
4126.05
4132.2
4138.33
4144.4
4150.41
4156.34
4162.18
4167.92
4173.52
4178.96
4184.21
4189.23
4193.97
4198.37
4202.36
4205.86
4208.82
4372.71
4397.68
4393.55
4346.28
4404.97
4401.51
4321.07
4410.87
4408.09
4297.02
4415.33
4413.29
4274.09
4418.26
4416.99
4252.18
4419.68
4419.15
4429.05
4429.54
4231.21
4426.88
4428.15
4433.93
4211.12
4425.92
4441.13
4439.94
4443.72
4441.65
4443.42
4436.5
4438.83
4434.37
4436.93
4431.82
4429.35
4428.45
4424.14
4421.65
4417.61
4419.47
4413.13
4414.61
4407.35
4408.36
4399.46
4399.7
4389.72
4379.37
4375.02
4374.81
4375.71
4377.59
8578.23
7742.01
9645.56
9251.14
8702.14
10750
9964.58
9304.28
9418.43
8686.12
7139.15
7015.07
7005.35
7238.37
7087.8
4088.13
4094.08
4100.03
4105.99
4111.94
4117.88
4123.8
4129.68
4135.52
4141.31
4147.03
4152.65
4158.18
4163.59
4168.84
4173.92
4178.78
4183.38
4187.67
4191.59
4195.06
4198.04
4200.44
4391.32
4363.27
4407.73
4403.44
4336.67
4415.29
4411.71
4311.4
4421.3
4418.49
4287.41
4425.78
4423.74
4264.59
4428.55
4427.39
4242.83
4429.61
4429.29
4438.89
4439.67
4222.04
4435.97
4437.64
4442.86
4202.13
4426.87
4444.66
4448.58
4447.78
4445.61
4447.16
4439.51
4442.1
4436.78
4439.65
4433.93
4431.14
4429.78
4424.36
4421.41
4416.5
4418.78
4409.88
4411.88
4400.72
4402.4
4389.23
4389.85
4378.45
4372.88
4372.09
4372.43
4373.78
7953.64
7289.61
9113.58
8713.07
8110.95
9960.01
9300.17
8684.99
8924.65
8651.9
8177.8
6977.53
6860.76
6853.3
7036.12
6934.97
4087.21
4092.9
4098.59
4104.29
4109.98
4115.65
4121.3
4126.91
4132.48
4137.98
4143.39
4148.72
4153.93
4159
4163.91
4168.62
4173.08
4177.26
4181.11
4184.55
4187.52
4189.98
4191.83
4381.15
4408.72
4403.57
4352.97
4418.07
4413.57
4326.37
4425.99
4422.23
4301.21
4432.18
4429.31
4277.38
4436.67
4434.64
4254.75
4439.3
4438.23
4233.21
4440.01
4439.89
4449.19
4450.32
4212.64
4445.43
4447.55
4452.17
4192.96
4427.55
4448.24
4454.13
4456.47
4451.93
4449.59
4450.99
4442.55
4445.42
4439.2
4442.41
4436.01
4432.85
4430.95
4423.98
4420.43
4414.33
4417.2
4404.62
4407.34
4391.47
4393.88
4378.48
4371.33
4369.95
4369.71
4370.5
7426.1
7008.69
8627.4
8188.01
7575.47
9295.95
8681.93
8175.42
8473.37
8276.31
7698.88
6830.82
6721.34
6715.58
6882.76
6795.76
4086.03
4091.47
4096.91
4102.35
4107.78
4113.19
4118.57
4123.91
4129.19
4134.4
4139.52
4144.55
4149.44
4154.18
4158.73
4163.06
4167.14
4170.9
4174.29
4177.26
4179.76
4181.72
4183.04
4400
4370.01
4419.01
4413.64
4341.92
4428.79
4424.09
4315.49
4437.06
4433.12
4290.55
4443.55
4440.55
4266.98
4448.08
4446.07
4244.62
4450.54
4449.57
4223.35
4450.93
4451
4460.02
4461.51
4203.05
4455.32
4457.94
4461.94
4183.64
4427.79
4451.89
4458.72
4461.17
4456.23
4453.66
4454.91
4445.62
4448.8
4441.63
4445.21
4438.04
4434.48
4431.81
4422.69
4418.33
4410.57
4414.26
4396.83
4400.39
4380.12
4383.65
4370.35
4368.39
4367.56
4367.77
7037.79
6832.2
8167.25
7677.6
7126.4
8678.2
8172.1
7697.54
8063.66
7910.25
7681.02
7192.02
6697.13
6594.88
6590.41
6750.27
6667.94
4084.61
4089.79
4094.98
4100.17
4105.34
4110.49
4115.6
4120.67
4125.67
4130.59
4135.42
4140.14
4144.71
4149.11
4153.31
4157.27
4160.95
4164.29
4167.25
4169.77
4171.8
4173.28
4174.1
4419.78
4387.85
4358.09
4429.59
4423.8
4330.26
4439.9
4434.95
4304.13
4448.56
4444.44
4279.52
4455.39
4452.22
4256.29
4460.06
4458.02
4234.26
4462.35
4461.49
4213.31
4462.38
4462.65
4471.42
4473.26
4193.32
4465.72
4468.89
4470.86
4468.42
4174.22
4427.32
4455.64
4463.41
4466.01
4460.67
4457.83
4458.93
4448.76
4452.25
4444.06
4448.05
4440.02
4435.92
4432.13
4420.04
4414.58
4404.61
4409.39
4387.08
4391.21
4373.41
4375.3
4369.9
4367.42
4365.99
4365.62
6799.11
6698.54
7713.75
7223.81
6804.02
8168.6
7694.8
7190.67
7669.75
7554.57
7388.24
7184.44
6780.26
6575.23
6479.64
6476.17
6629.14
6550.48
4082.95
4087.88
4092.82
4097.75
4102.66
4107.55
4112.4
4117.19
4121.92
4126.55
4131.09
4135.5
4139.75
4143.81
4147.66
4151.25
4154.54
4157.47
4160
4162.09
4163.68
4164.68
4165.04
4406.49
4434.61
4438.93
4431.99
4374.89
4345.53
4440.55
4318.11
4451.41
4446.18
4292.39
4460.55
4456.21
4268.22
4467.71
4464.4
4245.38
4472.6
4470.46
4223.74
4474.81
4474.05
4203.15
4474.42
4474.92
4483.47
4485.71
4183.51
4476.73
4480.47
4476.25
4473.7
4164.74
4425.73
4459.5
4468.22
4471.03
4465.24
4462.13
4463.09
4451.96
4455.78
4446.47
4450.95
4441.81
4436.99
4431.58
4415.54
4408.74
4396.29
4402.27
4377.6
4380.6
4370.43
4366.92
4365.03
4364.05
6647.71
6582.58
7282.1
6850.66
6607.46
7691.64
7188.16
6778.62
7285.34
7224.28
7107.69
6954.77
6778.1
6441.5
6463.33
6373.83
6371.01
6516.96
6441.91
4081.04
4085.73
4090.41
4095.09
4099.75
4104.38
4108.97
4113.49
4117.94
4122.29
4126.53
4130.63
4134.56
4138.29
4141.79
4145.01
4147.91
4150.45
4152.57
4154.25
4155.41
4155.97
4155.9
4426.02
4392.36
4445.54
4449.81
4442.56
4361.31
4332.49
4451.84
4305.59
4463.33
4457.78
4280.39
4473.05
4468.44
4256.7
4480.6
4477.12
4234.32
4485.72
4483.48
4213.09
4487.99
4487.25
4192.9
4487.19
4487.95
4496.32
4499.01
4173.64
4484.24
4486.68
4492.8
4481.79
4479.09
4155.22
4422.59
4463.48
4473.17
4476.21
4469.95
4466.58
4467.41
4455.26
4459.43
4448.72
4453.84
4443.19
4437.43
4429.74
4409.14
4401.1
4385.73
4393.54
4371.18
4372.52
4367.47
4364.5
4363.09
6530.93
6475.93
6905.89
6590.6
6478.97
7185.32
6776.09
6439.59
6928.38
6907.19
6839.54
6731.93
6597.12
6443.65
6162.88
6359.86
6275.98
6273.64
6412.62
6341.08
4078.9
4083.34
4087.78
4092.21
4096.62
4100.99
4105.31
4109.57
4113.74
4117.81
4121.76
4125.55
4129.16
4132.56
4135.71
4138.57
4141.1
4143.25
4144.98
4146.26
4147.01
4147.16
4146.73
4446.44
4410.5
4377.6
4456.81
4460.97
4453.18
4347.26
4319.09
4463.48
4292.81
4475.68
4469.79
4268.2
4486.04
4481.12
4245.04
4494.12
4490.4
4223.14
4499.53
4497.17
4202.37
4501.92
4501.14
4182.61
4500.84
4501.81
4510.16
4513.3
4163.74
4490.29
4492.82
4503.75
4501.48
4487.59
4484.68
4145.68
4417.56
4467.63
4478.31
4481.59
4474.84
4471.2
4471.9
4458.64
4463.21
4450.53
4456.61
4443.87
4436.88
4426.21
4401.56
4392.11
4379.68
4385.09
4368.19
4375.08
4369.54
4365.06
4362.55
6428.77
6376.48
6602.05
6432.67
6377.27
6773.36
6437.06
6160.72
6623.47
6620.51
6585.59
6518.5
6421.24
6300.98
6168.08
5931.25
6263.81
6185.29
6183.31
6315.36
6247.3
4076.52
4080.72
4084.91
4089.1
4093.26
4097.38
4101.44
4105.42
4109.33
4113.12
4116.77
4120.26
4123.56
4126.63
4129.44
4131.95
4134.11
4135.89
4137.26
4138.16
4138.51
4138.3
4137.54
4467.61
4429.29
4464.43
4394.38
4362.4
4468.41
4472.54
4332.87
4305.44
4475.5
4279.87
4488.5
4482.21
4255.88
4499.58
4494.3
4233.28
4508.29
4504.27
4211.9
4514.13
4511.59
4191.61
4516.66
4515.84
4172.29
4515.42
4516.52
4520.26
4522.35
4510.75
4528.62
4153.84
4496.49
4499.13
4508.32
4493.59
4490.48
4136.16
4411.03
4471.94
4483.63
4487.15
4479.9
4475.99
4476.55
4462.07
4467.12
4451.52
4458.97
4443.4
4434.89
4420.91
4394.35
4387.6
4378.77
4365.77
4372.06
4367.12
4363.1
6334.34
6283.36
6399.46
6324.65
6287.05
6434.44
6158.19
5928.84
6384.88
6379.46
6359.98
6317.62
6251.25
6162.95
6056.73
5940.1
5778.19
6174.5
6059.09
6224.54
6159.88
4073.91
4077.87
4081.83
4085.77
4089.68
4093.55
4097.35
4101.07
4104.71
4108.22
4111.58
4114.77
4117.76
4120.51
4122.99
4125.15
4126.97
4128.4
4129.41
4129.94
4129.94
4129.42
4128.35
4448.64
4475.63
4487.45
4489.23
4478.99
4411.64
4377.88
4346.9
4480.4
4484.39
4318.26
4291.66
4487.94
4266.82
4501.81
4495.1
4243.48
4513.71
4508.03
4221.48
4523.15
4518.77
4200.64
4529.56
4526.77
4180.86
4532.3
4531.43
4162
4530.97
4532.16
4528
4517.99
4530.15
4541.66
4540.03
4143.97
4502.89
4505.73
4515.44
4499.81
4496.48
4126.68
4403.15
4476.41
4489.14
4492.92
4485.13
4480.94
4481.37
4465.43
4471.14
4451.23
4460.44
4441.34
4431.08
4414.44
4388.59
4383.11
4375.77
4363.81
4369.62
4365.16
6245.69
6196.03
6274.32
6236.03
6203.04
6155.71
5926.29
5776.25
6230.28
6197.17
6172.1
6141.03
6093.35
6028.47
5948.05
5854.99
5751.93
5648.84
6091.17
5910.02
6013.54
6139.6
6078.17
4071.07
4074.8
4078.52
4082.22
4085.89
4089.5
4093.05
4096.52
4099.89
4103.12
4106.2
4109.1
4111.78
4114.22
4116.37
4118.21
4119.69
4120.79
4121.46
4121.66
4121.34
4120.53
4119.18
4468.42
4429.26
4496.58
4499.2
4500.58
4489.87
4393.66
4361.15
4331.24
4492.77
4303.57
4277.83
4500.82
4253.73
4515.68
4508.49
4231.07
4528.49
4522.36
4209.68
4538.75
4533.98
4189.41
4545.84
4542.74
4170.13
4548.97
4547.96
4151.74
4547.63
4548.86
4525.58
4535.95
4538.16
4550.17
4548.5
4134.15
4509.57
4512.64
4522.87
4506.26
4502.72
4117.26
4399.65
4481.04
4494.87
4498.92
4490.57
4486.08
4486.4
4468.45
4475.17
4449.24
4460.46
4437.56
4425.79
4408.01
4385.57
4394.93
4380.05
4373.34
4367.65
6162.3
6114.12
6183.18
6156.09
6123.86
5923.92
5773.93
5645.93
6130.44
6080.14
6035.83
5996.64
5956.18
5905.9
5843.52
5770.95
5659.52
5688.81
5533.88
5900
5779.51
6001.67
6060.05
4068.01
4071.51
4074.99
4078.46
4081.89
4085.26
4088.56
4091.77
4094.87
4097.83
4100.63
4103.24
4105.63
4107.76
4109.61
4111.13
4112.3
4113.07
4113.43
4113.32
4112.74
4111.66
4110.06
4488.49
4447.07
4409.64
4505.5
4508.97
4511.19
4512.11
4500.62
4375.55
4344.32
4315.54
4288.87
4263.99
4514.12
4240.66
4530.1
4522.34
4218.69
4544.01
4537.34
4197.93
4555.21
4549.99
4178.23
4563.09
4559.62
4159.48
4566.77
4565.51
4141.56
4565.37
4566.78
4533.42
4544.2
4546.52
4558.84
4557.25
4124.4
4516.56
4519.86
4530.56
4513
4509.21
4107.91
4485.7
4500.84
4505.16
4496.26
4491.45
4491.6
4470.56
4478.93
4445.74
4458.64
4432.75
4418.91
4402.32
4383.12
4391.83
4377.59
4371.38
6083.81
6037.18
6105.62
6081.16
6049.1
5771.63
5643.33
5531.51
6052.97
5999.83
5947.31
5897.02
5849.56
5802.07
5750.01
5690.69
5604.18
5624.45
5519.36
5434.06
5915.04
5772.09
5849.47
5663.92
5985.35
4064.74
4068
4071.26
4074.49
4077.68
4080.81
4083.87
4086.83
4089.67
4092.37
4094.89
4097.22
4099.33
4101.16
4102.71
4103.94
4104.8
4105.28
4105.36
4104.97
4104.14
4102.82
4101
4508.53
4464.88
4511.8
4425.63
4390
4518.51
4521.62
4523.42
4523.83
4357.45
4327.52
4299.89
4274.21
4250.21
4527.74
4227.66
4545.02
4536.6
4206.39
4560.21
4552.92
4186.26
4572.61
4566.8
4167.14
4581.47
4577.54
4148.91
4585.86
4584.27
4131.48
4568.22
4579.3
4580.37
4586.15
4541.55
4552.8
4555.23
4566.45
4114.75
4523.88
4527.38
4538.55
4520.06
4515.99
4098.66
4490.16
4507.07
4511.67
4502.2
4497.05
4496.89
4471.08
4481.87
4441.32
4455.38
4427.82
4416.15
4410.61
4399.27
4381.15
4389.35
4375.61
6009.87
5964.81
6034.69
6010.4
5978.5
5641.07
5529.1
5430.99
5985.28
5934.07
5881.83
5829.26
5776.73
5725.31
5673.73
5620.94
5554.67
5564.9
5481.99
5444.95
5344.52
5896.65
5750.04
5658.36
5832.47
5560.77
4061.25
4064.29
4067.33
4070.33
4073.28
4076.18
4078.99
4081.7
4084.29
4086.73
4088.99
4091.05
4092.88
4094.44
4095.7
4096.64
4097.23
4097.44
4097.25
4096.62
4095.56
4094.03
4092.02
4528.34
4482.51
4522.64
4533.86
4441.45
4404.32
4370.49
4531.82
4534.57
4535.84
4535.54
4339.46
4310.86
4284.36
4259.67
4236.53
4541.74
4214.77
4560.44
4551.3
4194.21
4577.06
4569.05
4174.71
4590.9
4584.38
4156.17
4601.02
4596.5
4138.46
4606.35
4604.35
4121.51
4577.9
4589.42
4590.46
4606.89
4550.01
4561.78
4564.31
4576.08
4105.22
4531.52
4535.21
4546.87
4527.47
4523.14
4089.53
4494.03
4513.58
4518.51
4508.37
4502.84
4502.13
4469.71
4483.17
4437.13
4450.51
4427.17
4422.81
4407.5
4396.81
4387.36
5940.17
5968.05
5943.38
5911.75
5526.9
5428.39
5341.78
5922.68
5874.95
5825.34
5774.34
5722.84
5671
5618.76
5567.01
5505.5
5514.62
5443.62
5408.57
5338.47
5263.83
5874.4
5640.49
5698.54
5753.55
5556.63
5812.25
5467.92
4057.55
4060.38
4063.19
4065.97
4068.7
4071.36
4073.94
4076.41
4078.75
4080.93
4082.94
4084.74
4086.3
4087.59
4088.59
4089.27
4089.6
4089.57
4089.12
4088.28
4087.01
4085.3
4083.13
4547.61
4499.72
4544.69
4555.84
4456.94
4547.35
4418.36
4383.3
4351.21
4545.51
4547.74
4548.33
4321.68
4294.38
4269
4245.28
4223.02
4556.18
4202.03
4576.43
4566.51
4182.17
4594.61
4585.81
4163.3
4610.08
4602.74
4145.33
4621.77
4616.48
4128.15
4628.39
4625.79
4111.67
4588.02
4599.85
4600.72
4629.31
4611.71
4558.86
4571.2
4573.84
4586.16
4095.82
4539.47
4543.36
4555.54
4535.21
4530.62
4080.52
4496.69
4520.41
4525.69
4514.81
4508.8
4507.07
4467.15
4482.76
4432.67
4449.38
4419.65
4405.01
4394.83
5904.8
5879.79
5848.61
5426.16
5339.3
5260.64
5863.28
5819.36
5773.34
5725.42
5676.45
5626.8
5576.97
5526.82
5461.39
5476.3
5381.16
5407.25
5275.72
5318.28
5189.17
5611.73
5542.09
5678.67
5732.25
5465.02
5788.84
5384.03
4053.65
4056.27
4058.86
4061.42
4063.92
4066.36
4068.7
4070.94
4073.04
4074.99
4076.75
4078.3
4079.61
4080.65
4081.4
4081.83
4081.93
4081.66
4081.01
4079.98
4078.53
4076.66
4074.36
4565.88
4516.25
4566.47
4577.34
4471.89
4559.13
4570.94
4431.95
4560.92
4395.73
4362.64
4332.25
4559.46
4561.03
4304.2
4278.15
4253.85
4231.1
4209.69
4570.95
4189.47
4592.94
4582.14
4170.3
4612.95
4603.23
4152.07
4630.3
4622.02
4134.66
4643.8
4637.62
4117.99
4652.1
4648.67
4101.98
4598.49
4610.77
4622.93
4635.06
4647.67
4647.34
4568.13
4581.09
4583.85
4596.64
4086.56
4547.74
4551.85
4564.65
4543.24
4538.39
4071.65
4497.86
4527.56
4533.18
4521.53
4514.89
4511.35
4464.13
4481.59
4429.55
4443.44
4417.14
4403.02
5844.58
5819.55
5337.16
5258.03
5186.04
5806.64
5766.37
5724
5679.78
5634.07
5587.24
5540.03
5492.77
5425.94
5445.22
5352.55
5376.11
5253.64
5297.38
5193.5
5137.47
5607.58
5518.26
5561.31
5453.29
5656.55
5708.11
5382.19
5762.4
5308.04
4049.56
4051.97
4054.35
4056.69
4058.97
4061.19
4063.31
4065.32
4067.2
4068.91
4070.44
4071.75
4072.82
4073.63
4074.14
4074.35
4074.23
4073.75
4072.92
4071.71
4070.11
4068.11
4065.72
4582.46
4531.68
4587.55
4597.79
4486.05
4582.59
4594.18
4444.92
4573.56
4586.23
4407.65
4574.46
4373.64
4342.44
4313.7
4573.6
4287.04
4262.2
4238.97
4217.15
4196.59
4585.97
4177.12
4609.86
4598.08
4158.63
4631.97
4621.18
4141.02
4651.49
4642.12
4124.17
4667.15
4659.9
4108.01
4659.84
4677.43
4673.06
4092.46
4609.4
4622.18
4647.48
4634.24
4660.3
4577.88
4591.48
4594.32
4607.54
4077.46
4556.42
4560.75
4574.22
4551.66
4546.53
4062.94
4498.5
4535.02
4540.99
4528.49
4520.99
4514.53
4464.53
4480.11
4427.07
4440.26
4458.84
4415.14
5787.45
5255.87
5183.49
5134.33
5752.74
5715.75
5676.72
5635.91
5593.59
5550.14
5506.01
5461.43
5397.79
5416.67
5326.2
5350.77
5242.5
5276.6
5139.63
5188.61
5091.82
5585.09
5485.86
5433.51
5540.25
5372.82
5632.06
5681.39
5307.08
5733.16
5238.86
4045.28
4047.47
4049.64
4051.78
4053.85
4055.86
4057.77
4059.56
4061.22
4062.71
4064.01
4065.1
4065.95
4066.53
4066.83
4066.83
4066.51
4065.86
4064.86
4063.5
4061.77
4059.67
4057.2
4596.79
4545.47
4607.16
4616.32
4499.09
4605.46
4616.45
4457.05
4598.84
4611.35
4418.89
4588.01
4601.63
4384.08
4587.92
4352.16
4322.78
4295.57
4270.25
4246.58
4224.38
4203.48
4183.73
4601.24
4165.01
4627.18
4614.36
4147.19
4651.58
4639.63
4130.17
4673.53
4662.93
4113.88
4691.78
4683.22
4098.22
4672.65
4704.53
4686.38
4698.97
4083.12
4620.84
4646.8
4660.31
4632.9
4673.45
4588.14
4602.33
4605.2
4618.97
4068.53
4565.55
4570.11
4584.31
4560.53
4555.08
4054.38
4499.67
4542.77
4549.18
4535.62
4526.8
4516.94
4482.48
4425.08
4437.75
4455.63
4471.4
5181.39
5131.79
5088.87
5701.42
5667.41
5631.39
5593.63
5554.48
5514.39
5473.5
5431.87
5372.48
5390.02
5303.91
5328.45
5227.34
5258.19
5136.55
5090.4
5178.81
5036.34
5560.57
5406.15
5437.76
5476.77
5356.41
5517.75
5299.62
5605.37
5652.32
5238.6
5175.51
4040.81
4042.79
4044.76
4046.7
4048.57
4050.38
4052.08
4053.67
4055.12
4056.4
4057.49
4058.36
4059
4059.38
4059.48
4059.31
4058.8
4057.99
4056.85
4055.36
4053.53
4051.35
4048.84
4608.5
4557.17
4624.51
4632.37
4510.54
4626.89
4636.81
4468.04
4623.64
4635.59
4429.25
4615.23
4628.78
4393.8
4602.44
4617.07
4361.27
4331.34
4303.66
4277.9
4253.85
4231.31
4210.11
4190.1
4171.15
4616.78
4153.14
4644.96
4630.98
4135.98
4671.84
4658.62
4119.55
4696.52
4684.52
4103.79
4717.74
4707.66
4088.62
4715.14
4727.73
4700.33
4724.72
4687.28
4726.54
4073.97
4659.79
4645.53
4673.69
4631.01
4598.91
4613.67
4616.6
4059.78
4575.16
4579.97
4594.93
4569.85
4564.06
4046
4501.67
4550.78
4557.76
4542.64
4531.89
4519.06
4487.82
4435.74
4453.1
4468.24
4484.24
5129.69
5086.42
5032.92
5621.12
5587.94
5553.01
5516.83
5479.82
5441.85
5403.14
5348.44
5364.26
5284.64
5306.92
5212.91
5241.65
5086.88
5131.56
5046.3
5168.37
4981.92
5534.18
5371.96
5333.34
5416.59
5454.23
5285.92
5493.37
5232.65
5576.7
5175.78
5117.19
4036.15
4037.94
4039.72
4041.46
4043.15
4044.76
4046.27
4047.66
4048.91
4049.99
4050.88
4051.56
4052
4052.19
4052.12
4051.76
4051.11
4050.16
4048.9
4047.3
4045.39
4043.16
4040.63
4616.88
4566.42
4639.19
4645.58
4520.03
4646.04
4654.63
4477.52
4647.06
4657.97
4438.49
4642.14
4655.15
4402.63
4631.75
4646.42
4369.66
4632.5
4339.29
4311.21
4285.09
4260.72
4237.88
4216.42
4196.17
4177.03
4158.86
4141.55
4663.09
4647.87
4125.02
4692.72
4678.08
4109.17
4720.46
4706.89
4093.93
4745.08
4733.26
4079.24
4730.16
4716.64
4742.88
4701.65
4739.56
4687.71
4755.66
4065.02
4658.7
4673.36
4643.71
4628.61
4610.16
4625.61
4051.23
4585.3
4590.39
4606.08
4579.66
4573.49
4037.8
4506.11
4558.98
4566.69
4549.3
4535.76
4521.04
4451.1
4465.73
4481
4501.71
5084.39
5030.3
4978.63
5546.1
5513.89
5480.59
5446.36
5411.01
5375.01
5325.37
5338.87
5265.82
5286.35
5199.37
5225.53
5037.24
5086.08
5124.98
5157.83
4992.02
4942.95
5505.92
5333.22
5304.4
5266.4
5394.85
5430.25
5221.17
5467.31
5171.04
5117.88
5063.29
4031.32
4032.92
4034.52
4036.08
4037.58
4039.01
4040.33
4041.54
4042.6
4043.49
4044.2
4044.69
4044.95
4044.97
4044.75
4044.23
4043.46
4042.39
4041.01
4039.34
4037.37
4035.11
4032.58
4621.93
4572.82
4650.76
4655.22
4527.28
4662.42
4669.49
4485.16
4668.21
4677.74
4446.28
4667.73
4679.76
4410.36
4660.95
4675.14
4377.15
4648.34
4664.24
4346.49
4318.12
4291.73
4267.09
4244.03
4222.35
4201.92
4182.6
4164.29
4146.87
4130.24
4681.52
4664.95
4114.32
4714.14
4697.95
4099.03
4745.31
4729.97
4084.3
4773.79
4759.99
4070.07
4745.76
4732.08
4717.63
4758.57
4702.35
4754.63
4687.57
4786.46
4770.53
4056.27
4672.42
4657
4641.32
4622
4638.26
4042.86
4596.04
4601.38
4617.8
4590.06
4583.43
4029.78
4567.14
4576
4555.2
4538.94
4525.31
4463.74
4478.45
4498.45
4520.53
5028.24
4976.05
4939.66
5476.22
5445.55
5413.84
5380.99
5347.53
5302.47
5313.86
5247.61
5265.94
5186.01
5209.56
5042.48
5083.09
5117.43
5147.11
4951.39
5000.57
4905.92
5270.61
5371.15
5286.08
5315.82
5241.71
5204.56
5405.01
5161.45
5439.98
5114.16
5064.32
5013.31
4026.33
4027.74
4029.17
4030.55
4031.89
4033.14
4034.29
4035.32
4036.21
4036.92
4037.45
4037.78
4037.88
4037.75
4037.37
4036.74
4035.84
4034.67
4033.21
4031.48
4029.48
4027.21
4024.7
4672.24
4622.55
4576.04
4531.99
4675.53
4680.45
4490.75
4686.49
4694.42
4452.38
4691.1
4701.7
4416.72
4688.93
4702.19
4383.59
4680.03
4695.54
4352.82
4682.17
4324.29
4297.73
4272.92
4249.68
4227.84
4207.27
4187.83
4169.4
4151.89
4135.19
4119.22
4700.17
4103.9
4736.02
4718.15
4089.15
4770.97
4753.67
4074.92
4803.77
4787.73
4061.13
4748.12
4761.96
4733.45
4718.04
4774.82
4702.46
4686.81
4818.85
4786.51
4803.42
4047.74
4670.85
4654.67
4634.55
4651.62
4034.7
4607.37
4612.93
4630.22
4601.07
4593.97
4021.96
4575.28
4585.78
4560.26
4541.67
4476.44
4495.9
4517.24
4536.08
4973.99
4937.1
4902.62
5411.62
5382.09
5351.58
5320.55
5279.74
5289.16
5229.72
5245.54
5172.13
5193.93
5042.82
5078.42
5109.16
5135.48
4913.34
4960.75
5004.03
4870.55
5212.53
5232.41
5346.74
5263.66
5292.03
5183.34
5147.31
5378.71
5106.15
5061.47
5014.62
4966.8
4021.18
4022.42
4023.68
4024.91
4026.07
4027.16
4028.15
4029.02
4029.73
4030.29
4030.66
4030.83
4030.78
4030.52
4030.01
4029.27
4028.28
4027.02
4025.5
4023.73
4021.71
4019.46
4016.99
4674.05
4711.32
4714.49
4618.76
4575.56
4533.82
4494.06
4701.3
4706.94
4456.59
4711.5
4720.42
4421.5
4714.75
4726.56
4388.72
4710.66
4725.26
4358.12
4699.35
4716.29
4329.6
4302.99
4278.11
4254.77
4232.84
4212.18
4192.65
4174.16
4156.58
4139.84
4123.84
4108.5
4718.86
4093.76
4758.15
4738.49
4079.54
4797.18
4777.76
4065.78
4834.79
4816.25
4052.43
4749.91
4764.8
4778.69
4734.23
4717.82
4791.51
4701.94
4685.39
4852.6
4820.38
4838.2
4808.86
4039.44
4668.61
4647.89
4665.66
4026.75
4619.36
4625.16
4643.47
4612.73
4605.11
4014.32
4583.39
4595.89
4566.1
4547.65
4493.9
4514.69
4532.88
4552.77
4935.09
4900.07
4867.23
5351.19
5322.85
5294.04
5257.24
5264.68
5211.69
5225.23
5158.52
5178.11
5040.87
5072.28
5099.77
5123.79
4877.59
4923.43
4966.9
5004.69
4836.91
5179.59
5158.13
5191.82
5321.17
5241.38
5267.76
5129.02
5094.1
5054.83
5012.51
4968.36
4923.34
4015.89
4016.96
4018.07
4019.14
4020.16
4021.09
4021.93
4022.64
4023.2
4023.6
4023.83
4023.86
4023.69
4023.3
4022.69
4021.85
4020.77
4019.45
4017.89
4016.1
4014.09
4011.87
4009.46
4670.86
4716.05
4716.34
4739.77
4743.46
4571.3
4532.45
4494.79
4458.73
4728.21
4734.67
4424.55
4737.56
4747.57
4392.39
4739.17
4752.32
4362.2
4732.89
4748.98
4333.91
4737.37
4307.41
4282.56
4259.24
4237.29
4216.59
4197.03
4178.51
4160.91
4144.15
4128.15
4112.82
4098.1
4083.91
4780.28
4758.72
4070.19
4823.66
4801.96
4056.9
4866.51
4845.23
4043.97
4767.06
4751.09
4782.05
4795.98
4734.35
4716.88
4700.73
4683.27
4887.33
4855.95
4874.55
4826.65
4844.99
4813.91
4031.35
4661.99
4680.45
4019.01
4632.15
4638.23
4657.53
4625.16
4616.93
4006.89
4591.5
4606.43
4572.7
4556.12
4512.68
4530.36
4549.46
4570.99
4898.05
4864.67
4833.59
5294.93
5268.12
5234.85
5240.61
5193.49
5204.98
5144.75
5161.95
5036.79
5064.94
5089.93
5111.89
4844.01
4888.57
4931.72
4969.88
5002.6
4805.18
5144.01
5129.65
5107.21
5149
5217.67
5242.72
5078.39
5044.57
5007.04
4966.89
4925.13
4882.66
4010.45
4011.37
4012.33
4013.27
4014.14
4014.94
4015.63
4016.19
4016.62
4016.88
4016.97
4016.87
4016.59
4016.09
4015.4
4014.48
4013.34
4011.97
4010.39
4008.6
4006.61
4004.45
4002.12
4715.03
4712.32
4745.61
4746.24
4769.63
4774
4527.8
4492.69
4458.55
4425.72
4756.35
4763.72
4394.46
4764.68
4775.93
4364.91
4764.38
4779.01
4337.08
4755.59
4773.33
4310.88
4286.21
4262.98
4241.1
4220.45
4200.92
4182.41
4164.83
4148.09
4132.11
4116.82
4102.14
4088
4074.35
4802.26
4778.72
4061.13
4850.23
4826.12
4048.28
4898.69
4874.47
4035.75
4768.7
4784.83
4751.6
4799.91
4733.74
4715.18
4698.8
4922.69
4892.94
4912.05
4863.7
4882.88
4832.41
4851.44
4818.47
4023.5
4676.84
4696.11
4011.48
4645.83
4652.16
4672.38
4638.48
4629.48
3999.66
4600.9
4617.56
4582.43
4528.37
4546.9
4567.74
4584.97
4862.68
4831.03
4801.86
5212.69
5217.05
5175.19
5184.81
5130.57
5145.51
5031.24
5056.9
5079.74
5099.52
4812.56
4855.99
4898.59
4936.61
4969.65
4998.75
4775.53
5106.36
5098.64
5082.55
5059.57
5106.15
5169.26
5194.01
5125.41
5031.07
4998.35
4962.42
4924.22
4884.64
4844.47
4004.89
4005.66
4006.5
4007.3
4008.05
4008.71
4009.27
4009.7
4009.99
4010.13
4010.1
4009.9
4009.51
4008.93
4008.15
4007.17
4005.98
4004.59
4003
4001.23
3999.29
3997.19
3994.96
4745.24
4742.65
4776.76
4777.84
4801.03
4806.22
4487.74
4455.86
4424.8
4394.81
4785.81
4794.2
4366.14
4792.85
4805.51
4338.97
4790.39
4806.69
4313.27
4798.31
4288.94
4265.94
4244.22
4223.69
4204.25
4185.82
4168.3
4151.62
4135.7
4120.47
4105.86
4091.8
4078.23
4065.1
4823.87
4052.34
4876.66
4850.01
4039.92
4931.18
4903.76
4027.78
4786.99
4769.66
4803.27
4751.38
4732.35
4712.65
4958.8
4930.88
4950.48
4902.31
4922.12
4870.96
4890.93
4837.66
4857.44
4822.47
4015.88
4692.58
4004.17
4660.42
4666.91
4688.11
4652.76
4642.91
3992.63
4611.79
4629.29
4594.61
4544.89
4565.22
4581.69
4605.11
4829.02
4799.31
4772.2
5190.88
5156.87
5164.82
5115.99
5128.9
5024.81
5048.41
5069.02
5086.69
4783.2
4825.54
4867.49
4905.08
4938
4967.39
4993.84
4747.74
5066.94
5065.61
5055.5
5038.16
5014.84
5083.92
5144.98
5102.15
4986.78
4955.08
4920.63
4884.22
4846.63
4808.54
3999.2
3999.84
4000.57
4001.25
4001.88
4002.42
4002.85
4003.15
4003.33
4003.35
4003.22
4002.93
4002.44
4001.8
4000.96
3999.93
3998.71
3997.31
3995.73
3993.99
3992.11
3990.11
3988
4777.13
4774.66
4809.66
4811.24
4834.13
4840.24
4450.68
4421.64
4393.27
4365.8
4816.67
4826.24
4339.49
4822.16
4836.41
4314.45
4817.21
4835.38
4290.64
4268.02
4246.58
4226.26
4206.98
4188.68
4171.28
4154.7
4138.88
4123.74
4109.23
4095.27
4081.81
4068.78
4056.15
4844.87
4043.84
4902.71
4873.38
4031.83
4963.66
4932.84
4020.06
4788.46
4806.01
4769.88
4750.36
4730.07
4709.23
4986.61
4995.02
4942.14
4962.49
4911.25
4931.96
4877.77
4898.59
4842.36
4862.91
4825.85
4008.49
3997.08
4675.98
4682.58
4704.84
4667.97
4657.21
3985.81
4623.8
4641.99
4607.14
4563.23
4579.15
4601.81
4627.97
4797.32
4769.66
4744.41
5138.57
5101.09
5112.2
5017.9
5039.29
5057.8
5073.45
4755.82
4797.14
4838.27
4875.33
4907.81
4937.18
4963.97
4988.35
4722.15
5026.88
5030.87
5026.45
5014.48
4996.21
4972.76
5062.21
5120.33
5078.8
4945.19
4914.49
4881.37
4846.64
4810.86
3993.39
3993.94
3994.56
3995.13
3995.64
3996.07
3996.38
3996.58
3996.65
3996.57
3996.35
3995.97
3995.42
3994.71
3993.83
3992.76
3991.53
3990.13
3988.59
3986.9
3985.1
3983.2
3981.22
4844.46
4869.08
4876.27
4416.27
4389.72
4363.75
4338.57
4849.04
4859.96
4314.38
4852.7
4868.74
4291.23
4865.16
4269.14
4248.09
4228.08
4209.05
4190.96
4173.73
4157.3
4141.62
4126.61
4112.22
4098.39
4085.05
4072.16
4059.66
4047.5
4035.63
4928.2
4896.11
4024.01
4995.66
4961.4
4012.59
4808.05
4789.18
4769.3
4748.47
4726.89
5018.15
4995.89
4953.04
4974.39
4919.82
4941.5
4884.07
4905.79
4846.46
4867.78
4828.54
4001.34
3990.22
4692.72
4699.34
4722.7
4684.29
4672.33
3979.28
4638.43
4656.09
4577.15
4599.26
4624.69
4645.44
4767.67
4741.86
4718.84
5085.98
5095.5
5010.32
5029.61
5046.12
5059.91
4730.82
4770.76
4810.9
4847.19
4879.19
4908.23
4935.14
4959.83
4982.13
4698.74
5039.82
4988.8
4975.4
4956.48
4933.05
5055.37
4906.04
3987.51
3987.96
3988.48
3988.95
3989.35
3989.67
3989.88
3989.98
3989.95
3989.8
3989.5
3989.04
3988.44
3987.68
3986.76
3985.68
3984.45
3983.07
3981.57
3979.95
3978.24
3976.46
3974.72
4384.21
4359.88
4336.08
4312.96
4883.04
4895.51
4290.63
4884.56
4902.6
4269.2
4248.69
4229.09
4210.4
4192.59
4175.59
4159.37
4143.87
4129.03
4114.8
4101.13
4087.95
4075.21
4062.87
4050.87
4039.17
4027.71
4952.63
4917.87
4016.46
4005.38
4809.35
4789.09
4767.84
4745.64
5032.15
5008.93
4963.66
4986.13
4927.97
4950.68
4889.8
4912.45
4849.88
4872
4830.49
3994.43
3983.65
4710.68
4717.31
4741.69
4701.79
4688.54
4654.78
4671.69
4597.27
4622.16
4642.12
4670.05
4739.86
4716.29
4695.44
5070.74
5002.09
5019.39
5034.05
5046.13
4708.3
4746.69
4785.36
4820.61
4851.95
4880.66
4907.39
4932.24
4954.87
4975.2
4938.12
4918.81
3981.55
3981.91
3982.34
3982.71
3983.02
3983.23
3983.36
3983.37
3983.26
3983.03
3982.66
3982.15
3981.5
3980.71
3979.77
3978.68
3977.47
3976.13
3974.69
3973.15
3971.55
3970
4354.25
4331.94
4310.1
4288.8
4268.16
4248.3
4229.24
4210.98
4193.52
4176.83
4160.88
4145.61
4130.98
4116.95
4103.46
4090.46
4077.91
4065.75
4053.93
4042.41
4031.14
4020.08
4009.18
3998.42
4809.82
4788.11
4765.4
5021.64
4973.94
4997.59
4935.63
4959.4
4894.9
4918.5
4852.55
4875.49
4831.62
3987.82
4729.75
4736.46
4761.75
4720.28
4705.87
4671.34
4688.62
4620.17
4639.55
4666.74
4714.31
4692.91
4993.23
5008.7
4725.07
4761.75
4795.58
4826.06
4854.33
4880.82
4905.59
4928.47
4949.14
4967.61
3975.54
3975.8
3976.14
3976.43
3976.64
3976.77
3976.81
3976.75
3976.57
3976.28
3975.84
3975.3
3974.62
3973.8
3972.85
3971.78
3970.6
3969.31
3967.94
3966.5
3965.12
4326.22
4305.74
4285.63
4265.97
4246.88
4228.46
4210.73
4193.72
4177.4
4161.77
4146.79
4132.42
4118.63
4105.36
4092.57
4080.22
4068.27
4056.66
4045.34
4034.28
4023.43
4012.74
4002.18
3991.78
4809.41
4786.14
4983.83
4942.71
4899.28
4923.86
4854.42
4878.17
4831.85
4750.13
4756.79
4782.95
4740.09
4637.56
4664.22
4690.92
4772.1
4801.56
4829.23
4855.4
4879.97
4902.87
3969.46
3969.64
3969.9
3970.1
3970.24
3970.29
3970.26
3970.13
3969.9
3969.54
3969.07
3968.49
3967.79
3966.96
3966.02
3964.98
3963.83
3962.61
3961.33
3960.11
4299.94
4281.09
4262.54
4244.37
4226.7
4209.61
4193.12
4177.26
4162.02
4147.38
4133.32
4119.8
4106.79
4094.25
4082.14
4070.41
4059.03
4047.94
4037.11
4026.48
4016.02
4005.69
3995.5
4808.01
4855.39
4831.11
4778.48
4805.42
4662.23
3963.32
3963.43
3963.62
3963.75
3963.81
3963.8
3963.71
3963.52
3963.24
3962.84
3962.35
3961.74
3961.02
3960.2
3959.28
3958.27
3957.18
3956.04
3954.97
4275.24
4257.85
4240.73
4223.93
4207.56
4191.69
4176.36
4161.58
4147.34
4133.64
4120.45
4107.74
4095.47
4083.63
4072.16
4061.02
4050.18
4039.6
4029.22
4019.02
4008.93
3998.97
3957.15
3957.18
3957.31
3957.37
3957.38
3957.31
3957.16
3956.94
3956.6
3956.18
3955.66
3955.04
3954.33
3953.52
3952.63
3951.67
3950.65
3949.71
4251.95
4235.91
4220.1
4204.56
4189.4
4174.67
4160.42
4146.64
4133.35
4120.53
4108.16
4096.21
4084.66
4073.48
4062.62
4052.05
4041.73
4031.63
4021.69
4011.88
4002.18
3950.93
3950.91
3950.97
3950.98
3950.93
3950.82
3950.63
3950.36
3950
3949.56
3949.03
3948.41
3947.7
3946.92
3946.07
3945.17
3944.35
4229.98
4215.17
4200.57
4186.2
4172.16
4158.5
4145.24
4132.42
4120.01
4108.03
4096.44
4085.22
4074.35
4063.8
4053.52
4043.5
4033.68
4024.03
4014.51
4005.09
3944.68
3944.61
3944.62
3944.58
3944.49
3944.34
3944.12
3943.81
3943.43
3942.98
3942.44
3941.83
3941.15
3940.4
3939.6
3938.9
4209.22
4195.55
4182.07
4168.79
4155.79
4143.12
4130.82
4118.88
4107.32
4096.13
4085.28
4074.75
4064.53
4054.58
4044.87
4035.36
4026.02
4016.81
4007.69
3938.42
3938.29
3938.26
3938.19
3938.06
3937.88
3937.63
3937.3
3936.91
3936.45
3935.92
3935.32
3934.67
3933.97
3933.37
4189.58
4176.98
4164.54
4152.28
4140.26
4128.52
4117.1
4106.01
4095.25
4084.81
4074.67
4064.8
4055.2
4045.83
4036.65
4027.64
4018.75
4009.96
3932.13
3931.96
3931.9
3931.8
3931.64
3931.44
3931.16
3930.82
3930.43
3929.98
3929.46
3928.89
3928.27
3927.76
4171
4159.39
4147.93
4136.62
4125.51
4114.66
4104.08
4093.79
4083.79
4074.06
4064.59
4055.36
4046.35
4037.53
4028.87
4020.33
4011.88
3925.83
3925.64
3925.55
3925.42
3925.24
3925.02
3924.73
3924.39
3924
3923.55
3923.06
3922.52
3922.09
4153.4
4142.73
4132.18
4121.76
4111.52
4101.5
4091.72
4082.19
4072.91
4063.87
4055.04
4046.42
4037.98
4029.69
4021.51
4013.43
3919.52
3919.32
3919.21
3919.06
3918.87
3918.62
3918.33
3918
3917.62
3917.19
3916.72
3916.37
4136.73
4126.94
4117.26
4107.68
4098.26
4089.04
4080.01
4071.21
4062.62
4054.22
4046.02
4037.98
4030.08
4022.29
4014.59
3913.23
3913.01
3912.88
3912.72
3912.52
3912.26
3911.98
3911.65
3911.28
3910.88
3910.6
4120.94
4111.98
4103.11
4094.34
4085.71
4077.23
4068.93
4060.82
4052.89
4045.12
4037.51
4030.02
4022.65
4015.35
3906.96
3906.72
3906.57
3906.4
3906.19
3905.94
3905.67
3905.35
3905.01
3904.78
4105.98
4097.81
4089.72
4081.72
4073.82
4066.07
4058.46
4051.01
4043.71
4036.55
4029.5
4022.56
4015.68
3900.69
3900.43
3900.29
3900.11
3899.9
3899.66
3899.39
3899.1
3898.93
4091.82
4084.4
4077.06
4069.78
4062.59
4055.53
4048.59
4041.78
4035.09
4028.5
4022.01
4015.58
3894.44
3894.17
3894.03
3893.84
3893.64
3893.42
3893.17
3893.05
4078.41
4071.72
4065.08
4058.5
4052
4045.6
4039.3
4033.1
4027
4020.98
4015.01
3888.19
3887.94
3887.79
3887.61
3887.43
3887.22
3887.14
4065.74
4059.73
4053.78
4047.88
4042.03
4036.27
4030.59
4024.99
4019.45
4013.97
3881.96
3881.73
3881.58
3881.42
3881.25
3881.22
4053.76
4048.42
4043.13
4037.88
4032.67
4027.53
4022.44
4017.42
4012.43
3875.76
3875.54
3875.4
3875.26
3875.27
4042.46
4037.77
4033.12
4028.49
4023.91
4019.36
4014.86
4010.39
3869.58
3869.38
3869.26
3869.3
4031.82
4027.76
4023.73
4019.71
4015.73
4011.77
4007.83
3863.43
3863.25
3863.32
4021.82
4018.37
4014.94
4011.52
4008.13
4004.74
3857.31
3857.33
4012.44
4009.58
4006.75
4003.92
4001.1
3851.4
4003.67
4001.4
3999.15
3996.91
3995.5
3993.81
3992.16
3987.92
3986.84
3980.98
)
;

boundaryField
{
    lowerOutlet
    {
        type            MarshakRadiation;
        refValue        nonuniform List<scalar> 
144
(
1837.21
1837.21
1837.21
1837.21
1837.21
1837.21
1837.21
1837.21
1837.21
1837.21
1837.21
1837.21
1837.21
1837.21
1837.21
1837.21
1837.21
1837.21
1837.21
1837.21
1837.21
1837.21
1837.21
1837.21
1837.21
1837.21
1837.21
1837.21
1837.21
1837.21
1837.21
1837.21
1837.21
1837.21
1837.21
1837.21
1837.21
1837.21
1837.21
1837.21
1841.73
1851.49
1876.07
1870.5
1837.21
1837.21
1837.21
1837.21
40169
1837.21
1837.21
1837.21
1837.21
1837.21
1837.21
1837.21
1837.21
1837.21
1837.21
1837.21
1837.21
1837.21
1837.21
1837.21
1837.21
1837.21
1837.21
1837.21
1837.21
1837.21
1837.21
1837.21
1837.21
1837.21
1837.21
1837.21
1837.21
1837.21
1837.21
1837.21
1837.21
1837.21
1837.21
1837.21
1837.21
1837.21
1837.21
1837.21
1837.21
1837.21
1837.21
1837.21
1837.21
1837.21
1837.21
1837.21
1837.21
1837.21
1845.07
1863.01
1877.9
1837.21
1845.91
1857.43
1837.21
4300.85
1837.21
1837.21
1837.21
1837.21
1837.21
1837.21
1837.21
1837.21
1837.21
1837.21
1837.21
1837.21
1869.51
1837.21
1837.21
1837.21
1837.21
1837.21
1837.21
1837.21
1837.21
1846.01
1837.21
1875.92
1837.21
1837.21
1837.21
1837.21
1837.21
1837.21
1837.21
1837.21
1837.21
1837.21
1837.21
1837.21
1837.21
1837.21
)
;
        refGradient     uniform 0;
        valueFraction   nonuniform List<scalar> 
144
(
0.00149112
0.00148975
0.00148879
0.00148758
0.00148615
0.00148459
0.00148293
0.00148121
0.00147941
0.0014776
0.00147573
0.00147386
0.00147199
0.00147007
0.00146814
0.00146624
0.0014643
0.00146238
0.00146043
0.0014585
0.00145656
0.00145461
0.00145269
0.00145093
0.00145025
0.00145013
0.00145002
0.00144988
0.00144975
0.0014496
0.0014493
0.0014481
0.00144588
0.000693343
0.000686469
0.000678692
0.000672638
0.000669068
0.000666996
0.000666451
0.000669631
0.000710547
0.000839846
0.000814469
0.000269184
0.000287744
0.000294687
0.000312069
0.00900161
0.000360213
0.000276548
0.000269377
0.000266915
0.000644495
0.000649526
0.000657149
0.000665278
0.000666515
0.000668019
0.000670231
0.000675273
0.000681597
0.000688673
0.00144514
0.0014481
0.0014493
0.0014496
0.00144975
0.00144988
0.00145002
0.00145013
0.00145025
0.00145093
0.00145269
0.00145461
0.00145656
0.0014585
0.00146043
0.00146238
0.0014643
0.00146624
0.00146814
0.00147007
0.00147199
0.00147386
0.00147573
0.0014776
0.00147941
0.00148121
0.00148293
0.00148459
0.00148615
0.00148758
0.00148879
0.00148975
0.00149112
0.00066656
0.000666706
0.000680749
0.000770588
0.000851221
0.00027382
0.000282451
0.000326804
0.000301132
0.00278814
0.000708369
0.000280272
0.00026957
0.000267069
0.000641947
0.000647115
0.000652449
0.000662333
0.000666177
0.00066699
0.00066802
0.000268547
0.000331168
0.000287814
0.000325601
0.00108014
0.000304275
0.000273793
0.000269086
0.000267167
0.000669065
0.000285264
0.000269838
0.000354499
0.000293079
0.000347393
0.000664858
0.000287194
0.000271129
0.000268038
0.000690362
0.000682408
0.000675417
0.000670243
0.000672562
0.000678273
0.000685196
0.000691561
)
;
        value           nonuniform List<scalar> 
144
(
4133.4
4141.03
4149.56
4158.94
4169.16
4180.27
4192.27
4205.19
4219.06
4233.92
4249.81
4266.77
4284.87
4304.16
4324.71
4346.61
4369.96
4394.85
4421.41
4449.8
4480.18
4512.76
4547.76
4585.5
4626.36
4670.73
4719.06
4771.95
4830.14
4894.53
4966.27
5046.8
5137.95
5217.25
5333.63
5469.25
5629.25
5820.42
6052.52
6339.55
6703.56
7183.82
7840.51
8675.33
9443.54
10344.5
11606.2
12828
13347.9
8669.68
7383.76
6720.03
6274.8
5907.4
5661.44
5465.54
5305.73
5173.28
5061.14
4964.7
4880.6
4806.52
4740.65
4666.76
4614.74
4567.34
4523.9
4483.9
4446.89
4412.53
4380.52
4350.6
4322.61
4296.37
4271.69
4248.44
4226.49
4205.75
4186.14
4167.58
4150
4133.35
4117.58
4102.64
4088.5
4075.11
4062.44
4050.48
4039.2
4028.57
4018.57
4009.2
4000.44
3992.28
3984.71
3977.78
6188.07
6509.96
6925.99
7485.62
8242.74
9228.41
10100.1
11280.1
12524
13794.6
9338.09
7612.75
6859.41
6372.62
6056.38
5776.96
5558.34
5381.68
5236.6
5115
5930.57
9657.38
10620.3
11916.3
13130.9
11222.9
8226.91
7186.59
6593.6
6184.13
5011.19
9011.17
9873.37
10941.1
12220.3
13422.6
10248.2
7885.96
7013.66
6478.4
5273.3
5398.75
5545.83
5720.44
4921.27
4842.43
4772.65
4710.33
)
;
        emissivityMode  lookup;
        emissivity      uniform 1;
    }
    top
    {
        type            MarshakRadiation;
        refValue        nonuniform List<scalar> 
100
(
1841.07
1844.44
1845.81
1846.48
1847
1847.78
1849
1850.87
1853.19
1855.29
1856.48
1857.09
1857.78
1858.51
1859.42
1860.57
1861.93
1863.68
1865.84
1867.96
1869.51
1870.65
1871.57
1872.08
1872.19
1871.92
1871.36
1871.19
1873.91
1886.3
1911.63
1936.53
1945.88
1939.45
1920.06
1894.7
1877.8
1872.85
1872.17
1872.15
1872.4
1872.66
1872.93
1873.14
1873.34
1873.52
1873.69
1873.85
1874
1874.13
1874.25
1874.34
1874.38
1874.38
1874.33
1874.24
1874.07
1873.88
1873.58
1873.22
1872.82
1872.39
1871.93
1871.47
1871.01
1870.57
1870.19
1869.85
1869.5
1869.13
1868.64
1868.3
1867.18
1865.74
1863.7
1858.14
1837.21
1837.21
1837.21
1837.21
1837.21
1837.21
1837.21
1837.21
1837.21
1837.21
1837.21
1837.21
1837.21
1843.53
1845.41
1847.76
1850.08
1851.95
1853.13
1853.21
1852.2
1850.07
1845.81
1837.21
)
;
        refGradient     uniform 0;
        valueFraction   nonuniform List<scalar> 
100
(
0.00145797
0.001457
0.00145632
0.00145331
0.00144779
0.00144282
0.00144046
0.00144041
0.00144133
0.00144233
0.00144239
0.00144017
0.00143625
0.00143335
0.00143348
0.0014351
0.00143711
0.00143924
0.00144148
0.00144388
0.00144646
0.00144919
0.00145207
0.00145515
0.00145851
0.00146242
0.00146828
0.00148092
0.00152006
0.00165373
0.0019066
0.00214673
0.00223677
0.00217602
0.00199005
0.0017396
0.00156116
0.00150429
0.00149336
0.00149111
0.00149074
0.00149065
0.00149059
0.00149054
0.0014905
0.0014905
0.0014905
0.00149047
0.00149047
0.00149052
0.00149052
0.00149047
0.00149047
0.0014905
0.0014905
0.0014905
0.00149054
0.00149058
0.00149061
0.00149064
0.00149069
0.00149076
0.00149084
0.00149088
0.00149091
0.00149105
0.00149132
0.00149018
0.00148708
0.00148269
0.00147814
0.00147374
0.00146956
0.00146561
0.00146186
0.00145838
0.00145512
0.00145207
0.00144919
0.00144646
0.00144388
0.00144148
0.00143924
0.00143711
0.00143509
0.00143338
0.00143269
0.00143383
0.00143554
0.00143621
0.00143562
0.00143475
0.00143497
0.00143866
0.00144704
0.00145484
0.00145751
0.00145747
0.00145712
0.00145771
)
;
        value           nonuniform List<scalar> 
100
(
3911.63
3917.59
3923.63
3929.57
3935.42
3941.17
3946.8
3952.31
3957.72
3963
3968.16
3973.2
3978.12
3982.9
3987.53
3992.02
3996.37
4000.58
4004.65
4008.58
4012.36
4016
4019.49
4022.84
4026.05
4029.1
4031.99
4034.7
4037.14
4039.23
4041.16
4043.69
4047.4
4052.19
4057.63
4063.11
4067.88
4071.67
4074.74
4077.32
4079.5
4081.33
4082.84
4084.05
4084.97
4085.61
4085.98
4086.08
4085.92
4085.5
4084.83
4083.91
4082.74
4081.32
4079.65
4077.75
4075.61
4073.23
4070.63
4067.79
4064.74
4061.47
4057.98
4054.29
4050.4
4046.31
4042.03
4037.57
4032.93
4028.11
4023.14
4018.01
4012.73
4007.31
4001.76
3996.07
3990.25
3984.38
3978.45
3972.44
3966.38
3960.26
3954.1
3947.89
3941.66
3935.4
3929.13
3922.83
3916.53
3910.26
3904
3897.74
3891.5
3885.26
3879.03
3872.82
3866.64
3860.5
3854.38
3848.47
)
;
        emissivityMode  lookup;
        emissivity      uniform 1;
    }
    sides
    {
        type            MarshakRadiation;
        refValue        uniform 1837.21;
        refGradient     uniform 0;
        valueFraction   nonuniform List<scalar> 
100
(
0.00147415
0.00147877
0.00148339
0.00148778
0.0014909
0.00149207
0.00149201
0.00149203
0.00149204
0.00149202
0.001492
0.00149201
0.00149205
0.00149204
0.00149204
0.00149204
0.00149208
0.00149219
0.00149114
0.00148831
0.00148426
0.00148
0.00147581
0.00147179
0.00146792
0.00146426
0.00146079
0.00145744
0.00145427
0.00145127
0.00144843
0.00144573
0.0014432
0.00144075
0.00143843
0.00143622
0.00143412
0.00143213
0.00143023
0.00142844
0.00142671
0.00142504
0.00142352
0.00142202
0.0014206
0.00141925
0.00141794
0.0014167
0.00141554
0.00141439
0.00147415
0.00147877
0.00148339
0.00148778
0.0014909
0.00149207
0.00149201
0.00149203
0.00149202
0.00149201
0.00149199
0.00149198
0.00149197
0.00149197
0.001492
0.00149204
0.00149211
0.00149167
0.00148971
0.00148627
0.0014821
0.00147787
0.00147373
0.00146976
0.00146602
0.00146242
0.001459
0.00145572
0.00145267
0.00144969
0.00144697
0.00144442
0.00144196
0.00143963
0.00143742
0.00143532
0.0014333
0.00143134
0.00142953
0.00142776
0.00142606
0.0014245
0.001423
0.00142153
0.00142015
0.00141884
0.00141756
0.00141632
0.00141515
0.00141421
)
;
        value           nonuniform List<scalar> 
100
(
4133.44
4139.5
4144.77
4149.24
4152.91
4155.8
4157.91
4159.28
4159.91
4159.84
4159.08
4157.67
4155.63
4153
4149.81
4146.08
4141.86
4137.17
4132.05
4126.53
4120.64
4114.43
4107.93
4101.17
4094.18
4086.99
4079.64
4072.15
4064.55
4056.87
4049.14
4041.36
4033.58
4025.8
4018.04
4010.32
4002.66
3995.05
3987.53
3980.09
3972.75
3965.5
3958.36
3951.33
3944.42
3937.62
3930.94
3924.38
3917.95
3911.71
3977.82
3983.66
3988.96
3993.7
3997.88
4001.51
4004.59
4007.15
4009.19
4010.72
4011.76
4012.33
4012.43
4012.1
4011.34
4010.18
4008.63
4006.72
4004.46
4001.87
3998.97
3995.78
3992.32
3988.61
3984.67
3980.51
3976.15
3971.61
3966.9
3962.04
3957.04
3951.91
3946.66
3941.32
3935.88
3930.36
3924.77
3919.11
3913.4
3907.64
3901.83
3896
3890.13
3884.23
3878.31
3872.38
3866.42
3860.46
3854.47
3848.55
)
;
        emissivityMode  lookup;
        emissivity      uniform 1;
    }
    front
    {
        type            empty;
    }
    back
    {
        type            empty;
    }
    roller
    {
        type            MarshakRadiation;
        refValue        uniform 1837.21;
        refGradient     uniform 0;
        valueFraction   nonuniform List<scalar> 
144
(
0.000326482
0.000303256
0.000328887
0.00032749
0.000287787
0.000317468
0.000332274
0.000335558
0.000343182
0.000346482
0.000322424
0.000316486
0.000310426
0.000327134
0.000304722
0.000294534
0.000289784
0.000326039
0.000287407
0.000326026
0.000330075
0.000330393
0.000324993
0.000331742
0.000336738
0.000336807
0.000346075
0.000344159
0.000328552
0.000324919
0.000293232
0.000288742
0.000326288
0.000326201
0.000288106
0.00033039
0.000330503
0.000330923
0.000332894
0.000344692
0.000346619
0.000323839
0.000318141
0.000311998
0.000329125
0.000327876
0.000328761
0.000306008
0.000300597
0.000295657
0.000326477
0.000287206
0.000325902
0.000330485
0.000322802
0.000338353
0.000337193
0.000321213
0.000315049
0.000309153
0.000326117
0.000290087
0.000291659
0.000298077
0.000307344
0.000330334
0.000337696
0.000329214
0.000299623
0.000297942
0.000297146
0.000326521
0.000287403
0.000326849
0.00032728
0.000296203
0.000327515
0.000329127
0.000305119
0.000329421
0.000314955
0.000320832
0.000335068
0.000335375
0.000334413
0.000341713
0.000337527
0.000345814
0.000319618
0.000313394
0.000307643
0.000302169
0.000329204
0.00032859
0.000327524
0.000327156
0.000286972
0.000287101
0.000325857
0.000292942
0.000300302
0.000309407
0.000312715
0.000329958
0.000333411
0.000335906
0.000344931
0.000345416
0.000338051
0.000338814
0.00033954
0.000339858
0.00034172
0.000341965
0.000344897
0.000328262
0.000292004
0.000290526
0.000326781
0.000288184
0.000288723
0.000326916
0.000326975
0.000294384
0.000328012
0.000328468
0.000302569
0.000329445
0.00032961
0.000328113
0.000330941
0.000332527
0.000340062
0.000336497
0.000336373
0.000337675
0.000346746
0.000346043
0.000338552
0.000340684
0.000340252
0.000344004
0.000343391
0.000345825
)
;
        value           nonuniform List<scalar> 
144
(
14048.6
12571.3
10283.8
8475.76
5180.43
4619.28
4618.41
4525.12
4424.19
4366.77
15959.2
17527.9
16633.5
13599.9
13299.7
7689.92
6154.46
6591.77
5254.89
5933.22
4951.91
4786.99
4562.35
4646.65
4475.55
4456.77
4380.27
4414.25
12489.5
14701.9
7183.75
5922.74
7271.21
7035.58
5128.74
4861.73
4745.87
4711.86
4599.27
4361.68
4370.5
15416.2
17305.4
17118.7
11103.4
13016.1
11997
14288
10747.3
8166.72
6805.97
5336.16
6095.8
4818.3
4576.26
4462.85
4443.43
16479.2
17578.1
16018.4
6379
5027.32
4973.08
4828.13
4713.42
4913.26
4408.25
11544.6
9957.57
9293.73
8676.17
7528.93
5639.98
5771.94
5461.58
4861.78
5376.4
5171.87
4738.98
5117.13
4636.68
4596.38
4493.01
4540.91
4558.17
4434.85
4419.15
4364.28
16942.3
17440.6
15307.4
11591.5
10697.6
9785.72
8886.83
8084.75
5525.84
5425.13
6228.54
4934.18
4796.43
4690.04
4661.35
4527.48
4580.9
4503.82
4402.14
4393.95
4400.94
4387.74
4381.15
4376.73
4366.9
4364.76
4362.23
9322.8
6771.91
6433.11
7792.05
5770.5
5083.46
5659.29
5555.89
4897.15
5300.37
5232.8
4766.78
5067.04
5005.1
4544
4680.35
4511.79
4450.21
4471.8
4486.89
4430.67
4374.73
4386.48
4394.81
4369.64
4372.91
4362.22
4363.18
4362.94
)
;
        emissivityMode  lookup;
        emissivity      uniform 1;
    }
    burner
    {
        type            MarshakRadiation;
        refValue        uniform 270452;
        refGradient     uniform 0;
        valueFraction   nonuniform List<scalar> 
16
(
0.00882022
0.0108553
0.0109662
0.011106
0.0107902
0.0109341
0.0110655
0.0113623
0.00982072
0.0108882
0.0109995
0.0111414
0.0106539
0.010909
0.0110381
0.0111923
)
;
        value           nonuniform List<scalar> 
16
(
17989.1
27355.1
33129.9
33190.3
25192.1
32059.5
34006.1
23735.8
20456.2
29179.5
33863.7
31513.4
22805.4
30729.7
34190.2
28607.8
)
;
        emissivityMode  lookup;
        emissivity      uniform 1;
    }
}


// ************************************************************************* //
