/*--------------------------------*- C++ -*----------------------------------*\
  =========                 |
  \\      /  F ield         | OpenFOAM: The Open Source CFD Toolbox
   \\    /   O peration     | Website:  https://openfoam.org
    \\  /    A nd           | Version:  dev
     \\/     M anipulation  |
\*---------------------------------------------------------------------------*/
FoamFile
{
    version     2.0;
    format      ascii;
    class       volScalarField;
    location    "2500";
    object      omega;
}
// * * * * * * * * * * * * * * * * * * * * * * * * * * * * * * * * * * * * * //

dimensions      [0 0 -1 0 0 0 0];

internalField   nonuniform List<scalar> 
9851
(
1.24591
1.25534
1.1965
1.18051
1.31909
1.08308
1.08892
1.32873
1.23874
1.02898
1.03874
1.30294
1.30339
1.10738
1.01389
1.01615
1.23756
1.31925
1.20454
1.0384
1.00662
1.00231
1.15071
1.31376
1.27083
1.08235
1.0116
1.00184
0.987786
1.07757
1.29154
1.29536
1.15723
1.02183
0.997
0.999518
0.977687
1.03451
1.24305
1.29637
1.22536
1.04857
0.992471
0.990895
0.998228
0.971233
1.00317
1.17552
1.29116
1.2617
1.10674
0.997019
0.97444
0.98707
0.997394
0.968584
0.981406
1.1025
1.27548
1.27534
1.17273
1.01609
0.969472
0.966812
0.984597
0.996901
0.968372
0.963354
1.04322
1.24242
1.27454
1.21988
1.06247
0.972771
0.952045
0.963469
0.983213
0.99654
0.967874
0.946328
1.00061
1.1888
1.27153
1.24461
1.12036
0.987379
0.9485
0.943847
0.96208
0.982541
0.996115
0.966979
0.933956
0.967838
1.12198
1.26215
1.25514
1.17036
1.0234
0.951074
0.932125
0.940298
0.961611
0.982307
0.995906
0.965898
0.925107
0.944052
1.05445
1.24099
1.25703
1.20383
1.07472
0.96228
0.929602
0.923598
0.939137
0.961624
0.982482
0.995783
0.964735
0.919159
0.92731
1.00277
1.20294
1.25615
1.22522
1.12102
0.990797
0.93155
0.914803
0.919818
0.938891
0.962268
0.982915
0.995644
0.963523
0.915524
0.914259
0.966031
1.14904
1.25202
1.23605
1.15668
1.03309
0.940259
0.913099
0.906549
0.918452
0.93939
0.963394
0.983336
0.995493
0.962196
0.912701
0.903575
0.939023
1.08721
1.24077
1.24241
1.18265
1.07513
0.962393
0.914628
0.89994
0.902483
0.91826
0.940596
0.964561
0.983743
0.99534
0.960802
0.910244
0.895659
0.919366
1.02859
1.21617
1.24444
1.20213
1.11019
0.996519
0.921312
0.898649
0.892105
0.900858
0.918829
0.942214
0.965863
0.98411
0.99514
0.959421
0.908098
0.88997
0.905386
0.983198
1.17605
1.24416
1.21986
1.13783
1.03254
0.938512
0.89977
0.88706
0.887929
0.900482
0.920199
0.944046
0.967104
0.98441
0.994867
0.958165
0.906331
0.886042
0.895625
0.951476
1.12419
1.23966
1.23017
1.16153
1.06609
0.964308
0.904849
0.88591
0.879825
0.886043
0.901139
0.92223
0.945955
0.96825
0.984556
0.994509
0.957037
0.905038
0.883532
0.889022
0.928441
1.06699
1.2255
1.23545
1.18331
1.09624
0.994151
0.91772
0.886631
0.875803
0.875816
0.885793
0.902663
0.924377
0.947851
0.969269
0.984498
0.994051
0.956175
0.904353
0.882187
0.884787
0.912262
1.01585
1.19477
1.23831
1.20495
1.12003
1.02655
0.937054
0.890329
0.874683
0.869599
0.874121
0.886608
0.904789
0.926667
0.949719
0.970047
0.984123
0.99353
0.955794
0.904409
0.881901
0.882219
0.901471
0.976206
1.14984
1.23584
1.21894
1.14263
1.0561
0.962116
0.899979
0.87514
0.866401
0.866159
0.87409
0.888197
0.907344
0.929184
0.951365
0.970432
0.983481
0.993
0.955767
0.905182
0.882582
0.880646
0.894379
0.94894
1.09907
1.22645
1.22663
1.16607
1.08259
0.991478
0.915321
0.877962
0.86532
0.861341
0.864819
0.875088
0.890622
0.910274
0.931606
0.952628
0.970439
0.982627
0.992553
0.956115
0.906442
0.884094
0.879693
0.889649
0.930017
1.04962
1.20495
1.22892
1.18766
1.10487
1.02153
0.936143
0.885559
0.865576
0.858741
0.858637
0.86517
0.877112
0.893776
0.913296
0.933769
0.953526
0.970154
0.981621
0.992288
0.957006
0.908174
0.886037
0.879583
0.886675
0.916862
1.00794
1.16904
1.22782
1.20502
1.12739
1.04878
0.962508
0.897968
0.867752
0.857728
0.854934
0.858061
0.866759
0.880206
0.897328
0.916367
0.935703
0.954121
0.969591
0.980729
0.992378
0.958466
0.910507
0.888273
0.880247
0.88509
0.908253
0.976486
1.12495
1.22238
1.21409
1.14891
1.0733
0.991725
0.915574
0.874037
0.857884
0.8529
0.853515
0.859354
0.869834
0.884111
0.9013
0.91952
0.937447
0.95436
0.969031
0.980502
0.993076
0.960426
0.9134
0.890868
0.881867
0.884882
0.902882
0.954572
1.0792
1.20917
1.21784
1.16906
1.09504
1.02045
0.939034
0.884463
0.859821
0.852195
0.850874
0.854511
0.862362
0.874116
0.888873
0.905703
0.922732
0.939018
0.954603
0.969006
0.981577
0.994901
0.96276
0.916809
0.893927
0.88402
0.885454
0.899844
0.93973
1.03849
1.1821
1.21817
1.18857
1.11543
1.04631
0.967403
0.899993
0.865512
0.852569
0.849821
0.851767
0.857434
0.867204
0.879643
0.8945
0.910573
0.926113
0.940814
0.955415
0.970319
0.984882
0.998548
0.965355
0.920605
0.897434
0.886753
0.886997
0.898442
0.929834
1.00633
1.14523
1.21555
1.20003
1.13412
1.06946
0.997549
0.92196
0.875635
0.855151
0.849925
0.851067
0.855102
0.862677
0.873527
0.886851
0.901269
0.916005
0.929959
0.943358
0.957747
0.974349
0.991876
1.00379
0.968053
0.92462
0.901289
0.890025
0.889063
0.898387
0.923846
0.982988
1.10528
1.20808
1.20567
1.15298
1.08981
1.02654
0.950126
0.890902
0.862206
0.851485
0.85141
0.855175
0.861919
0.870562
0.881544
0.895505
0.909552
0.922461
0.935026
0.948054
0.963445
0.983542
1.00432
1.01332
0.970821
0.928723
0.905257
0.893618
0.891467
0.898967
0.920712
0.967259
1.06824
1.19209
1.20894
1.17068
1.10861
1.05272
0.982571
0.913265
0.873758
0.856737
0.85319
0.856162
0.862885
0.871323
0.88177
0.893414
0.906471
0.91938
0.93102
0.942725
0.956313
0.975538
1.00195
1.02464
1.02855
0.973558
0.932854
0.909261
0.897141
0.894152
0.900222
0.91919
0.957515
1.03815
1.16525
1.20966
1.18617
1.12683
1.07559
1.01631
0.942912
0.891366
0.867076
0.85847
0.858932
0.865506
0.874074
0.883998
0.895249
0.908103
0.921058
0.932774
0.944313
0.957455
0.974258
0.999486
1.03147
1.05476
1.02537
1.06304
0.976411
0.936985
0.913399
0.900527
0.897029
0.901984
0.918755
0.951836
1.01628
1.13464
1.20791
1.19503
1.14363
1.09562
1.0486
0.978961
0.916433
0.882975
0.869667
0.865392
0.87063
0.879899
0.889556
0.900427
0.912903
0.92597
0.938299
0.94989
0.962666
0.979216
1.00448
1.04112
1.08079
1.08367
1.09648
1.03454
1.07959
0.978792
0.941139
0.917638
0.904057
0.900064
0.904237
0.919098
0.948497
1.00186
1.10477
1.20325
1.20182
1.15983
1.11365
1.07785
1.01952
0.950561
0.906655
0.887005
0.878748
0.880315
0.888654
0.899672
0.910983
0.922233
0.935314
0.949294
0.962418
0.975336
0.991986
1.01742
1.0541
1.07944
1.08292
1.11935
1.10233
1.13673
1.10285
1.12917
1.04255
1.09799
0.980809
0.944896
0.921686
0.907736
0.903232
0.906865
0.919991
0.946596
0.992744
1.07897
1.19279
1.21036
1.1759
1.13091
1.10359
1.06156
0.993646
0.940795
0.912899
0.899718
0.898091
0.904905
0.914557
0.926974
0.938675
0.951515
0.966774
0.981681
0.998088
1.01821
1.04201
1.08018
1.09357
1.10811
1.12121
1.15438
1.1725
1.18303
1.13416
1.16666
1.05345
1.12017
0.982453
0.948225
0.925263
0.91139
0.906367
0.909664
0.921514
0.94572
0.986688
1.05912
1.17402
1.21824
1.19092
1.14729
1.12734
1.10255
1.04406
0.987087
0.950574
0.931492
0.926363
0.927725
0.932271
0.945078
0.960632
0.975091
0.989686
1.00949
1.03281
1.05606
1.08424
1.1303
1.1382
1.16863
1.14588
1.17169
1.20027
1.20142
1.21392
1.24177
1.16658
1.21103
1.06663
1.14428
0.983453
0.951061
0.928277
0.914814
0.909385
0.912495
0.923434
0.945703
0.982681
1.04469
1.15349
1.22416
1.20577
1.16393
1.14819
1.13972
1.10069
1.046
1.003
0.979161
0.970687
0.961759
0.962233
0.970746
0.986129
1.00544
1.02533
1.0427
1.06662
1.09984
1.14202
1.19144
1.21002
1.27292
1.21667
1.25857
1.23184
1.26979
1.25022
1.25895
1.28691
1.31238
1.20282
1.26337
1.08202
1.16997
0.983739
0.95298
0.930731
0.917715
0.912372
0.915215
0.925517
0.946232
0.980205
1.0343
1.13375
1.22783
1.22311
1.18263
1.16637
1.1724
1.15703
1.11361
1.07211
1.0479
1.02574
1.00896
1.00194
1.00436
1.01656
1.03517
1.06109
1.08897
1.1142
1.14841
1.21164
1.32701
1.34914
1.51656
1.34455
1.50128
1.32677
1.45427
1.29571
1.37536
1.33876
1.32639
1.36946
1.39067
1.2437
1.32389
1.09838
1.19639
0.983425
0.953652
0.932496
0.919823
0.915213
0.917824
0.927668
0.947089
0.978755
1.02713
1.11536
1.22801
1.24338
1.20398
1.18338
1.20093
1.21166
1.18833
1.15756
1.13067
1.10589
1.08183
1.06092
1.04996
1.05136
1.06542
1.0931
1.13047
1.17358
1.23192
1.31169
1.57172
1.77647
2.31845
1.84554
2.52313
1.76192
2.45972
1.58167
2.13291
1.44269
1.74686
1.49373
1.39912
1.52518
1.52924
1.28989
1.38814
1.11428
1.22252
0.982172
0.953118
0.933275
0.921203
0.917574
0.920228
0.929772
0.948194
0.977768
1.0223
1.09937
1.22203
1.26332
1.22815
1.20128
1.22548
1.26157
1.26355
1.25317
1.25774
1.26018
1.23665
1.1887
1.14315
1.1156
1.10924
1.12563
1.16576
1.22381
1.30056
1.42184
1.93431
2.85199
3.81517
3.67354
5.1183
3.83646
5.8506
3.38225
5.67686
2.61806
4.56306
1.89896
3.11216
2.00685
1.50483
2.03841
1.97864
1.34092
1.45349
1.12753
1.25024
0.979501
0.951068
0.93289
0.922035
0.919371
0.922141
0.931606
0.949522
0.977137
1.01869
1.08654
1.20749
1.2814
1.2563
1.2223
1.24607
1.30443
1.33671
1.37479
1.47634
1.60098
1.63665
1.54449
1.3884
1.26725
1.20075
1.18173
1.20191
1.25818
1.34612
1.48887
2.3544
4.48334
5.54091
6.75776
8.3577
8.16176
10.4604
8.58455
11.4556
7.77167
11.3262
5.81217
9.88076
3.52978
6.88326
3.77412
1.83992
3.78495
3.53548
1.38121
1.65402
1.13489
1.27162
0.975707
0.947269
0.931008
0.92227
0.920761
0.923468
0.932953
0.950682
0.977173
1.0158
1.07654
1.18922
1.29579
1.28787
1.24743
1.26363
1.33966
1.4147
1.5463
1.86812
2.28268
2.55002
2.56418
2.20572
1.76807
1.45198
1.30566
1.26871
1.29517
1.37893
1.52925
2.3576
6.06684
6.90849
9.88249
11.1804
12.4139
13.8188
13.6355
14.9039
13.8982
15.2628
13.3828
15.1733
11.5696
14.533
7.63377
12.6343
7.95985
3.04483
7.80659
7.15806
1.45554
2.42445
1.13348
1.28121
0.971072
0.942183
0.927916
0.92187
0.921716
0.924344
0.933737
0.951515
0.977574
1.0139
1.06868
1.17004
1.30228
1.32041
1.27757
1.28084
1.36725
1.49626
1.7806
2.43096
3.33194
4.20045
4.55109
4.25312
3.39805
2.32633
1.6845
1.42649
1.36864
1.41989
1.55405
2.57541
7.31943
7.02611
12.1374
13.0197
14.7716
15.3531
15.6702
16.1453
16.0219
16.4965
16.1106
16.6516
15.9218
16.6416
15.1944
16.393
13.1585
15.5987
13.2664
6.02864
12.9655
12.1559
1.82513
4.62345
1.1144
1.37371
0.966431
0.938047
0.925348
0.92149
0.922587
0.925039
0.934117
0.952145
0.977887
1.01303
1.06266
1.15141
1.29886
1.35106
1.31319
1.30006
1.38627
1.5696
2.01745
3.04845
4.47526
5.62481
6.08267
5.9877
5.42697
4.4181
2.97268
1.90954
1.55087
1.49971
1.58492
2.57002
10.8811
13.3916
14.8953
15.7985
16.0505
16.4543
16.6514
16.7889
16.9995
17.0089
17.3115
17.1302
17.5442
17.0894
17.6357
16.7203
17.4854
15.7832
16.9905
15.7925
10.6651
15.644
15.2724
3.10642
8.49346
1.11659
1.89075
0.967833
0.942273
0.927296
0.922523
0.923646
0.925993
0.934733
0.952986
0.978657
1.01256
1.0586
1.13462
1.28054
1.37704
1.35294
1.32358
1.3965
1.61975
2.20924
3.5796
5.40189
6.61433
7.01699
7.0062
6.68897
6.03435
4.98322
3.4606
2.09838
1.69401
1.6541
2.42565
10.2513
16.4283
16.4208
16.2952
16.449
16.7934
16.8718
17.1616
17.28
17.5896
17.8601
17.9537
18.3085
18.1577
18.5874
18.1875
18.7178
17.9475
18.6697
17.1406
18.2854
17.2207
14.4427
17.1456
16.8818
5.88822
12.7111
1.25239
3.45105
0.983011
0.967059
0.943718
0.92949
0.926776
0.927769
0.935868
0.954303
0.980033
1.01299
1.05575
1.12129
1.25348
1.39329
1.39392
1.35291
1.40227
1.63482
2.32361
3.9531
6.04379
7.16416
7.49421
7.51357
7.35688
6.99305
6.30933
5.24673
3.7315
2.27632
1.83701
2.30221
8.46665
16.374
16.2944
16.9205
16.895
16.9214
16.9294
17.3692
17.4091
18.0752
18.2199
18.5842
18.7311
18.8424
18.9759
19.0016
19.1679
19.0729
19.29
19.0278
19.347
18.5051
19.2806
18.5725
16.4578
18.5283
18.3072
9.78923
15.6703
1.9653
6.32617
1.0058
1.02446
0.997464
0.958849
0.938919
0.932425
0.938222
0.956474
0.982222
1.01409
1.05334
1.11133
1.22464
1.39546
1.43281
1.38875
1.40706
1.62846
2.35238
4.15589
6.42186
7.42307
7.68075
7.70394
7.60066
7.40804
7.05476
6.36399
5.28606
3.83795
2.38822
2.33758
6.81661
16.0423
15.2735
16.8976
16.9015
17.3092
17.1864
17.4057
17.3756
18.3114
18.3407
18.8051
18.813
19.0408
19.0323
19.2512
19.2574
19.4259
19.5651
19.5281
19.7625
19.5809
19.7683
19.461
19.7899
19.5515
17.92
19.5259
19.3877
13.5738
17.4337
3.33135
10.0444
1.0142
1.09126
1.09845
1.04492
0.979451
0.94728
0.944127
0.960255
0.986166
1.01637
1.05165
1.10382
1.19741
1.3816
1.46563
1.43025
1.41669
1.59676
2.31884
4.19179
6.58294
7.52395
7.72319
7.69726
7.56918
7.42804
7.27158
6.98405
6.30475
5.23485
3.82586
2.71636
5.41725
15.6512
16.8696
17.0654
17.08
16.9319
18.1571
17.992
18.3244
18.2699
18.8002
18.7692
18.9872
18.9091
19.2271
19.1348
19.7082
19.7668
20.1752
20.7176
20.2313
21.1536
20.0197
20.7473
19.964
20.2491
20.0834
19.135
20.1366
20.1243
16.3175
18.7003
5.53434
13.8397
1.08505
1.15048
1.14523
1.07808
0.990236
0.959947
0.967742
0.991493
1.02042
1.05194
1.09831
1.17504
1.34446
1.48617
1.47415
1.43559
1.55011
2.18026
4.09289
6.5993
7.52231
7.68373
7.56599
7.34586
7.21862
7.21442
7.12502
6.85625
6.15481
5.09407
3.89648
4.85211
13.9021
16.5809
16.4862
16.7797
16.7085
17.7853
17.535
18.5741
18.4722
18.7213
18.6567
18.8331
18.7564
18.9685
18.7684
19.7184
19.5541
21.1773
21.3366
22.3674
23.3867
22.3272
24.3884
21.1982
23.4266
20.4222
21.4754
20.5368
20.0011
20.6003
20.6407
17.9825
19.6753
8.9005
16.638
1.11623
1.17784
1.17244
1.09171
0.999997
0.983405
0.998844
1.02543
1.05313
1.0949
1.15786
1.30268
1.49068
1.51568
1.46454
1.51414
1.98498
3.74451
6.50602
7.49009
7.59237
7.23362
6.93482
6.93796
7.02916
7.10537
7.03126
6.68963
5.94713
5.07908
5.0324
11.6456
16.2641
15.7089
16.7643
16.5757
17.2499
16.9827
18.347
18.1874
18.5275
18.473
18.6702
18.59
18.539
18.2577
19.2386
18.8986
21.2717
21.036
23.9304
23.968
26.0475
26.9238
26.3485
28.7285
24.2125
27.9698
21.5146
24.5294
21.3539
20.6446
21.1578
21.128
20.8474
19.1271
20.464
12.0474
18.335
1.11959
1.19312
1.1881
1.09505
1.01685
1.01155
1.03108
1.05577
1.09166
1.14627
1.26096
1.48007
1.54919
1.5013
1.49678
1.80556
3.25362
6.19857
7.4189
7.50721
6.91712
6.44848
6.67674
6.85096
7.02142
7.12885
6.97809
6.52481
5.8721
5.68082
10.0383
15.2542
16.312
16.1061
17.393
17.0548
17.9792
17.7063
18.4228
18.3682
17.8833
17.9095
18.0466
17.9093
18.5341
17.9406
20.5448
20.0008
23.8186
23.3402
27.0618
26.7447
29.943
30.0631
31.1266
32.8903
29.0954
33.1349
24.1525
29.6997
26.8528
21.9869
23.6595
21.1487
20.8508
21.1388
21.5724
22.6351
23.1238
21.4383
20.0457
21.1968
21.1646
20.7021
14.227
19.8443
1.12038
1.21264
1.19714
1.09593
1.03564
1.04056
1.05879
1.08945
1.13747
1.22535
1.43798
1.56951
1.54317
1.49797
1.66601
2.73704
5.61244
7.2995
7.44359
6.78247
5.88184
6.24344
6.67441
7.04353
7.33975
7.35383
7.04564
6.51258
6.27958
9.01899
14.2494
16.0918
15.622
16.6905
16.3964
18.0597
17.8562
18.306
18.2096
17.9951
18.1086
16.9493
17.0592
17.2748
16.9593
19.2185
17.969
22.5502
21.4494
25.863
24.7006
29.379
27.9769
33.17
32.035
35.7205
35.5605
35.674
31.865
34.4281
37.7852
35.973
29.5773
26.047
29.2634
32.1974
25.4178
21.3826
21.3733
22.1968
23.8003
24.65
21.8872
21.1624
20.4153
21.1145
21.4212
21.4738
16.3194
21.1619
21.4481
20.5058
1.14394
1.24398
1.19585
1.09002
1.0555
1.06374
1.08609
1.13234
1.19758
1.37971
1.57354
1.58361
1.51813
1.57696
2.27178
4.80372
7.11316
7.38747
6.76021
5.58921
5.61085
6.35555
7.04875
7.62047
7.86914
7.71285
7.27404
6.9803
8.81946
13.2808
15.4614
16.8327
16.5943
17.5553
17.2336
18.3141
18.3048
18.2093
18.2843
17.3224
17.5987
16.1205
16.3569
16.7167
16.1226
19.8523
17.9513
23.322
21.7936
26.489
24.9842
30.0801
28.1125
35.118
34.1735
33.1243
31.7502
38.537
39.0688
37.3384
36.8726
34.7279
36.9275
40.0686
38.7898
32.139
28.4793
31.7678
34.9735
27.6375
21.7069
21.6546
23.0859
26.556
25.3924
22.5104
21.5623
21.67
21.704
21.8336
22.2299
14.839
23.5817
21.9106
22.3882
1.19901
1.29369
1.18051
1.08399
1.07236
1.08479
1.12561
1.18014
1.32187
1.56489
1.61645
1.55228
1.5351
1.91818
3.86399
6.78163
7.32959
6.78726
5.60902
5.00704
5.70474
6.92538
7.7387
8.30281
8.44535
8.19262
7.91264
8.99302
12.2822
14.7157
17.3529
16.784
17.8764
17.613
18.235
18.0888
18.2686
18.4104
17.8563
18.0828
16.7629
17.1525
15.58
15.9918
16.1954
15.5015
19.7691
17.2194
23.2139
21.1234
26.1563
24.0231
30.4173
29.016
27.6579
26.3537
35.956
34.6299
33.0693
31.4097
40.6899
40.6463
38.6853
37.8397
37.5032
39.6841
42.3666
41.3518
34.9329
31.1074
34.5452
37.7941
30.1168
22.1481
22.0064
24.2943
28.8133
27.3367
23.369
22.0382
22.3485
22.0514
22.2512
23.605
12.1019
23.0083
22.8065
23.5951
1.29332
1.30294
1.13969
1.08583
1.08599
1.11707
1.16862
1.27402
1.5261
1.63517
1.59157
1.52832
1.69153
2.99622
6.13779
7.2418
6.86512
5.72345
4.75772
4.94913
6.33667
7.66308
8.46187
9.01405
9.1386
8.97773
9.48865
11.6903
13.8067
17.0088
18.235
18.2504
18.5047
18.4398
18.4964
18.5222
18.0971
18.3266
17.5088
17.8247
16.4714
16.9083
15.1431
15.7285
15.4746
14.9019
18.3219
15.3526
21.4805
18.5443
25.0073
23.7797
22.3205
20.9075
29.7565
28.1113
26.5755
25.0086
36.4101
34.6215
32.6433
30.6476
42.603
39.9098
42.1658
38.491
40.3237
42.3947
44.5196
43.8714
37.7689
33.8546
37.4007
40.6856
32.7802
22.7414
22.4485
25.8325
31.3251
29.5789
24.4946
22.5988
23.1117
22.4664
22.7413
24.843
8.08453
21.5772
23.8197
24.8502
1.38526
1.26271
1.10994
1.0908
1.10787
1.1607
1.23917
1.45707
1.63816
1.62978
1.54239
1.5724
2.30891
5.07766
7.06797
6.97205
5.94667
4.80558
4.45484
5.22334
7.12227
8.37517
9.22041
9.8618
10.066
10.2979
11.7012
13.2918
16.2693
18.5061
18.1901
18.7406
18.6795
18.7355
18.766
18.5101
18.6477
17.9265
18.1727
17.3003
17.6388
16.2618
16.7415
14.3079
15.0821
14.1139
13.8519
14.7832
12.4077
17.8391
13.7073
23.5612
22.0912
20.7687
19.4725
28.7281
26.9178
25.1679
23.4878
36.5246
34.2374
31.8521
29.5407
44.4693
40.9069
43.5975
38.911
43.1523
45.0744
46.6723
46.3407
40.6931
36.6884
40.3313
43.6039
35.5532
23.5221
23.0071
27.6807
34.0055
32.0428
25.9077
23.2324
23.9561
22.9513
23.2959
26.3012
3.96055
17.4125
24.9403
26.2537
1.39846
1.16974
1.09771
1.10475
1.14768
1.21586
1.3896
1.63161
1.66197
1.58157
1.52774
1.85999
3.85804
6.71784
7.02889
6.20189
5.04628
4.36732
4.4369
5.70623
7.77653
9.10716
10.1024
10.8768
11.3089
11.9596
13.3311
15.8158
18.154
18.7137
18.6827
18.8072
18.7958
18.6922
18.7755
18.3843
18.5603
17.7644
17.9849
17.1593
17.496
15.7343
16.3216
12.681
13.6815
11.8331
11.8437
10.3741
9.24117
15.8236
14.0337
10.3948
12.2575
21.9094
20.4221
18.975
17.4964
27.3936
25.3669
23.4631
21.7371
36.3836
33.5753
30.8052
28.1853
46.3837
41.7932
45.0431
39.2395
45.9746
47.7796
48.9854
48.8215
43.6546
39.597
43.3288
46.5235
38.4106
24.5205
23.6959
29.8008
36.7791
34.648
27.593
23.9574
24.9174
23.5099
23.8975
28.238
6.36869
16.7229
26.183
28.0954
1.33699
1.11427
1.10122
1.13807
1.19454
1.33401
1.60467
1.68283
1.62257
1.52446
1.6191
2.81539
5.91356
7.00375
6.4322
5.42752
4.48466
4.15987
4.55946
6.1285
8.35987
9.94451
11.1162
12.0605
12.7514
13.6972
15.8163
17.7106
18.3376
18.1957
18.5972
18.5242
18.607
18.6221
18.4433
18.5434
18.1686
18.318
17.4705
17.6787
16.8169
17.1932
14.5017
15.2947
10.1283
11.3172
8.88735
9.07957
9.5699
8.78269
8.25951
15.1781
13.8017
11.0643
12.3344
20.2097
18.8601
17.6409
16.4783
25.7958
23.6367
21.7742
20.2905
36.1512
32.856
29.6444
26.7546
48.3913
42.7896
46.7984
39.714
48.8264
50.546
51.4991
51.4274
46.6512
42.5697
46.3619
49.4855
41.3184
25.7322
24.5075
32.13
39.5852
37.3153
29.4937
24.7076
25.9326
24.09
24.4772
28.3919
20.0745
19.7234
27.5529
29.9048
1.20809
1.10219
1.12266
1.18086
1.28782
1.54781
1.68891
1.65766
1.54484
1.51639
2.08995
4.6309
6.82159
6.63671
5.74031
4.91389
4.20379
4.05337
4.6693
6.36923
8.86888
10.8438
12.1779
13.2979
14.4182
15.8985
17.3199
17.7103
17.9595
17.8342
18.151
18.0984
18.1309
18.1547
18.0205
18.0836
17.8288
17.9374
16.8202
17.0658
15.958
16.4629
12.3753
13.4152
7.76825
8.44864
7.65067
7.54168
9.90078
8.98898
9.0777
8.08083
16.047
15.2479
13.2861
14.3501
19.1711
18.2783
17.5081
16.7894
24.2477
22.2397
20.8029
19.8824
36.096
32.3673
28.8552
25.8074
50.8002
44.176
49.1066
40.6951
51.7622
53.4338
54.3734
54.299
49.6797
45.556
49.3887
52.5247
44.2222
27.1115
25.4177
34.5501
42.3677
39.9193
31.46
25.4201
26.9393
24.7433
25.0638
27.4983
25.0061
27.1903
28.9356
29.9062
1.12473
1.11309
1.16843
1.2537
1.47848
1.68616
1.68658
1.5898
1.4905
1.68253
3.33522
6.29988
6.72362
5.99599
5.33712
4.54766
4.02845
4.00081
4.70717
6.47081
9.1557
11.5923
13.2091
14.4763
15.8045
16.8517
17.0717
16.8839
16.7173
17.2505
17.0541
17.4306
17.3763
17.4484
17.4475
17.3973
17.4337
17.2266
17.3312
15.5842
15.9658
14.3366
15.0481
9.60782
10.7682
6.88817
6.98298
7.54076
7.27908
7.07758
11.971
10.4621
11.5505
9.49256
18.9543
18.5916
16.8603
17.9164
19.3729
19.1984
19.1672
19.1354
23.4324
21.8678
21.2338
21.2192
36.5967
32.4002
28.6238
25.6962
53.7589
46.4018
52.1892
42.6884
54.8296
56.5181
57.6867
57.5379
52.7417
48.4996
52.3745
55.6588
47.0591
28.5303
26.4074
36.8092
44.9751
42.1394
33.2754
26.0947
27.837
25.4357
25.6785
27.2797
37.1215
30.8226
29.5335
29.4965
1.10635
1.15685
1.22393
1.4127
1.67079
1.71269
1.63445
1.49725
1.49981
2.34928
5.12777
6.67516
6.24437
5.5973
5.09076
4.25857
3.92334
3.92612
4.63044
6.41782
9.1747
12.0149
13.8727
15.2777
16.1648
16.3119
15.6876
15.8627
15.6462
16.3171
16.1092
16.5116
16.4434
16.5737
16.5531
16.5147
16.5628
16.2352
16.4118
13.5984
14.2356
11.8321
12.8008
7.31681
7.97203
6.71467
6.60498
6.53581
7.97651
7.35219
6.86722
7.17994
15.4252
13.6189
15.3413
12.4816
23.3972
23.3076
21.6541
22.7303
21.5006
22.2838
22.8728
23.2751
23.8417
23.3359
23.4693
24.3923
38.3078
33.8058
29.9263
27.2401
57.412
49.56
56.0168
45.8943
58.0767
59.9201
61.7044
61.1928
55.8304
51.3499
55.2755
58.8935
49.6271
30.0231
27.5122
38.6474
46.9882
43.747
35.1286
26.6289
28.4115
26.2034
26.2135
28.316
44.867
39.4485
29.4697
29.0784
1.12056
1.2129
1.34628
1.64119
1.7291
1.67547
1.5336
1.44237
1.76117
3.74183
6.36089
6.41194
5.78458
5.43841
4.84478
4.12651
3.8184
3.75171
4.42262
6.15969
8.81923
11.6876
13.751
14.8111
15.1687
14.6973
14.0714
13.8463
14.7636
14.4553
15.2308
15.0272
15.423
15.3567
15.452
15.4575
15.2768
15.3988
14.7232
15.0581
11.001
11.8284
8.94424
10.0219
6.5284
6.714
6.74
6.60177
6.50532
6.43876
9.73342
7.92777
7.03708
7.74268
20.0416
17.9143
20.1851
16.6113
28.5735
28.5913
27.1422
28.1673
25.6513
26.8416
27.7785
28.3505
26.3289
26.3994
27.4781
29.1033
41.6059
37.1619
33.3658
30.9886
61.6774
53.7263
60.8656
50.4409
61.5185
63.6545
66.5387
65.3373
58.9047
53.8562
57.7988
62.2106
51.3843
31.6682
28.739
40.6233
48.3827
45.8199
37.1511
27.1889
28.6383
26.9996
26.9646
31.4384
51.8077
47.7345
29.2252
29.5185
1.16843
1.3207
1.57578
1.73337
1.70518
1.58465
1.44005
1.48484
2.58475
5.38691
6.41208
5.98517
5.5938
5.3013
4.70737
4.03859
3.6292
3.48921
4.12695
5.74097
8.06486
10.4239
12.1645
13.0804
13.0427
11.8736
12.6503
12.2388
13.458
13.1002
13.9397
13.7371
14.0942
14.0594
13.9663
14.0591
13.4937
13.7829
12.5348
13.0843
8.33331
9.17251
7.04744
7.57068
6.40813
6.39771
6.40644
6.9244
6.63771
6.59588
6.48014
12.8298
9.44811
7.50892
8.87833
25.4957
23.1878
25.6203
21.6025
34.2098
34.2812
32.943
33.9566
30.6705
32.0074
33.0542
33.8364
30.6124
30.9983
32.583
34.4996
46.5651
42.5506
39.1119
37.0045
66.9391
59.1274
66.8676
56.543
65.1845
67.8711
72.3176
70.2976
61.5901
55.445
59.5158
65.2214
52.8161
33.3785
30.1333
42.861
50.8326
48.3425
39.194
27.7236
28.7299
28.3323
27.7502
36.9868
50.6638
54.5479
29.3014
31.1386
1.25842
1.53902
1.72912
1.73145
1.6339
1.46192
1.3879
1.84427
3.99844
6.22482
6.13822
5.69754
5.54466
5.19823
4.6497
3.8906
3.34275
3.18385
3.77515
5.13203
6.90641
8.65023
9.90541
10.2313
9.30384
7.35763
10.6703
10.0523
11.6542
11.2278
12.171
11.9678
12.2587
12.2797
11.9401
12.1574
11.1611
11.608
9.96254
10.6199
6.88568
7.19707
6.50302
6.66162
6.42687
6.40678
6.40708
6.41639
7.30135
6.82252
6.79534
6.6149
17.0113
12.349
8.36214
11.0762
31.2565
28.8358
30.9615
26.709
40.1904
40.2572
38.7447
39.8671
36.2628
37.7439
38.8883
39.7622
36.6551
37.0832
38.8756
40.9216
53.4698
50.2226
47.4173
45.5599
73.8313
66.0785
74.7331
64.6426
68.8152
72.4579
79.3134
75.9871
63.7706
57.4327
62.5228
68.3294
56.0595
35.5311
32.3865
45.2261
54.0086
51.5804
42.1284
28.2179
28.9998
29.7269
28.7357
44.3575
24.4257
54.6481
29.8166
34.8198
1.44623
1.72006
1.74817
1.67744
1.51663
1.37213
1.47741
2.7623
5.48317
6.14344
5.82047
5.60369
5.51624
5.1587
4.57518
3.61654
2.99097
2.84078
3.39733
4.37925
5.56421
6.59193
6.99498
6.52268
5.46478
5.18365
7.60709
4.86381
8.15674
9.23934
8.76378
9.7941
9.58394
9.86344
9.9023
9.5243
9.74781
8.70936
9.1803
7.60325
8.18066
6.50656
6.54342
6.43703
6.48364
6.5153
6.45108
6.47218
6.53648
7.9621
7.16454
7.1126
6.83951
21.6735
16.2314
9.71676
14.3804
36.9369
34.3464
36.0562
31.5487
46.7221
46.7194
44.722
46.1255
42.7238
44.2558
45.4978
46.3826
45.1223
45.4623
47.2508
49.121
62.782
60.8141
59.0207
57.9336
82.2696
75.0062
84.7298
75.0812
73.1739
78.4282
88.7759
83.8261
68.3444
62.0367
69.3109
74.9996
60.5815
38.8294
34.8311
49.5161
59.1268
58.5878
47.0689
29.0365
29.5146
32.0157
30.5449
51
11.9531
48.5024
31.2769
39.6136
1.67622
1.77563
1.7158
1.56364
1.38659
1.33327
1.92183
4.1383
6.00351
5.90989
5.61556
5.62971
5.52407
5.13081
4.37842
3.19805
2.56779
2.55316
2.99885
3.62082
4.22751
4.53543
4.44921
4.09393
3.74186
5.59695
4.24887
3.9604
6.06164
6.95485
6.55045
7.44381
7.25738
7.51042
7.53832
7.28384
7.43345
6.85015
7.03675
6.57968
6.68019
6.46162
6.40867
6.56384
6.51694
6.5013
6.7042
6.61733
6.66207
6.75215
8.96007
7.67927
7.57817
7.13811
26.194
20.3651
12.0377
17.9743
42.6323
39.713
41.0972
36.2291
54.03
53.8644
51.122
52.8774
50.7018
52.0818
53.1796
53.8692
57.7058
57.9974
59.3117
60.6127
75.0614
74.9483
74.9618
75.2704
93.3883
86.8296
97.4381
88.8745
82.1434
89.0761
105.223
96.4614
77.5945
68.8615
78.8537
85.8968
68.7561
43.3206
39.5136
57.4852
70.4434
70.4015
55.0802
29.8047
30.6748
35.4665
32.0816
54.822
8.12662
43.6493
33.3682
44.7886
1.78219
1.74373
1.62547
1.42634
1.29974
1.47406
2.88328
5.43179
5.90303
5.65251
5.62457
5.71815
5.5456
5.02797
3.96889
2.6431
2.20839
2.33295
2.61271
2.93407
3.1448
3.23971
3.21607
3.14311
3.10608
4.522
3.76961
3.53495
4.83517
5.4235
5.14872
5.79975
5.64016
5.97328
5.909
6.04069
6.03649
6.10653
6.05817
6.29256
6.16186
6.53846
6.41436
6.78185
6.61889
6.60289
6.70246
6.93677
6.82404
6.86672
6.95437
10.4955
8.5003
8.37821
7.65432
30.4817
24.37
15.121
21.5278
48.6784
45.2216
46.4477
41.0056
62.6517
61.8344
58.178
60.54
61.5359
62.2951
62.6818
62.7852
75.568
76.4952
77.1984
77.5102
90.8158
92.6439
94.5589
96.5092
115.509
101.07
124.474
105.014
95.3806
108.024
154.864
126.275
89.5558
80.8479
95.318
103.083
83.8434
51.216
45.0726
68.6786
84.2061
83.0025
65.0501
31.472
31.8881
38.575
35.484
56.7021
5.96022
41.4716
36.1776
49.4331
1.78403
1.66044
1.49146
1.30367
1.2843
1.98446
4.19116
5.77747
5.67894
5.57088
5.7521
5.83233
5.52177
4.74878
3.22609
2.14967
2.01493
2.10788
2.28639
2.43312
2.56955
2.65037
2.69604
2.73392
2.95768
3.24975
2.78445
3.99083
3.46138
4.21928
4.64503
4.44124
5.00207
4.83304
5.27958
5.14507
5.51117
5.42421
5.82452
5.6666
6.26206
6.01327
6.70631
6.7083
6.58125
6.44747
7.02681
6.91281
6.93199
7.29152
7.07661
7.11713
7.32863
13.2246
9.84392
9.80966
8.63371
34.6462
28.1298
18.213
25.0761
55.4287
51.2919
52.6895
46.5779
73.2566
71.3899
66.3738
69.727
77.4239
76.5624
75.6226
74.506
98.5008
100.204
101.067
101.334
109.841
113.339
116.911
119.662
186.238
134.935
188.621
149.729
123.5
154.662
195.915
187.954
117.674
102.138
138.746
151.117
105.164
58.7884
51.0156
80.8623
105.983
106.457
77.1286
33.0381
34.3135
46.2296
38.618
57.8293
21.632
50.1463
39.2071
53.1043
1.73251
1.53036
1.34241
1.22529
1.47666
2.97032
5.30983
5.66081
5.5171
5.71371
5.96404
5.88085
5.36297
4.14599
2.31339
1.8859
1.84178
1.9402
2.04339
2.16579
2.26434
2.34559
2.4133
2.4536
3.04701
2.75965
2.60132
3.66543
3.24094
3.86547
4.25648
4.06436
4.6226
4.44404
4.96128
4.78606
5.27531
5.13629
5.71417
5.50392
6.2795
5.99463
6.90802
6.80216
6.65259
6.34075
6.54471
7.31976
7.15172
7.22241
8.02209
7.59084
7.55086
8.06262
16.3772
12.2981
12.2592
10.2655
39.2425
31.9061
21.4825
29.0132
63.3191
58.5021
60.3766
53.6294
87.5234
83.3264
76.5698
81.3174
100.169
97.1969
93.6563
90.0098
122.758
125.451
127.116
127.922
170.294
165.304
165.137
163.578
417.317
205.523
425.07
208.634
185.663
205.578
444.075
436.055
176.991
144.442
187.453
180.682
147.842
70.5645
68.1452
105.721
152.454
158.68
101.077
36.7846
36.4871
52.5142
46.1149
61.285
21.8616
74.9973
42.4297
53.6816
1.61699
1.38265
1.22417
1.2417
2.04681
4.20789
5.54721
5.4875
5.59885
5.97281
6.1266
5.82686
4.92218
3.02711
1.88131
1.70333
1.73332
1.8057
1.89758
1.98826
2.07059
2.14852
2.20676
2.2696
2.94207
2.64274
2.51754
3.42721
3.08396
3.61226
3.9831
3.79874
4.35018
4.1697
4.73616
4.53109
5.1301
4.91421
5.6521
5.39228
6.23759
5.99327
7.13905
7.01414
6.69462
6.35214
6.5518
7.84035
7.55755
7.66963
9.27929
8.53798
8.39071
9.32727
19.5665
15.721
16.1242
12.8544
45.1455
36.2404
25.3137
33.8774
72.7843
67.6742
70.5539
62.6259
106.017
98.3452
89.7555
95.1992
127.784
123.92
117.288
109.191
161
161.114
159.857
159.437
372.382
378.941
360.748
361.006
827.363
415.505
826.543
407.955
460.42
467.065
837.159
837.478
474.359
196.265
486.349
476.931
207.626
107.369
79.3264
160.477
222.984
232.115
171.191
39.3067
39.7345
67.7044
50.896
66.4816
198.258
137.206
44.1326
52.4794
1.47325
1.24262
1.15759
1.49524
3.06516
5.17117
5.43745
5.49637
5.90947
6.251
6.15777
5.5315
3.98924
2.02256
1.65105
1.60262
1.64913
1.7115
1.78673
1.85871
1.93319
1.99961
2.06521
2.11597
2.40508
2.77755
2.54116
3.24464
2.93525
3.41386
3.76785
3.58981
4.13668
3.95343
4.54455
4.33665
5.00399
4.75499
5.61507
5.29997
6.11051
5.92068
7.70875
7.50572
6.83805
6.36563
6.71094
8.67931
8.0943
8.31348
11.3194
10.0718
9.88979
11.3378
23.2446
19.447
20.7817
17.0497
53.584
41.9971
30.6062
40.4994
83.896
79.4144
84.3147
73.8236
128.438
115.992
105.979
110.371
158.25
155.777
150.073
131.114
347.631
350.626
347.88
348.948
789.001
790.889
774.078
768.376
2486.08
799.706
2493.69
808.642
863.192
864.855
2472.01
2466.55
889.859
489.518
909.094
882.499
488.343
120.813
108.357
227.656
494.878
492.579
166.91
44.9737
42.852
76.6146
63.9013
62.9178
345.334
155.891
44.1109
47.0147
1.31982
1.1469
1.22402
2.16882
4.25214
5.31426
5.41774
5.75363
6.26979
6.38238
5.98858
4.78585
2.50997
1.66136
1.52528
1.54045
1.58007
1.63686
1.69677
1.76135
1.82508
1.89046
1.93593
1.99103
2.32989
2.24081
2.679
2.4424
3.09023
2.81396
3.25145
3.59624
3.4213
3.96638
3.78004
4.39002
4.18308
4.90769
4.63244
5.54096
5.25354
6.2028
6.46396
5.91802
5.74495
8.30634
8.16303
7.22168
6.96835
10.2765
8.9488
9.00086
14.4655
12.5088
12.4574
14.3222
28.7105
23.6599
26.0311
22.7632
65.7182
50.7667
38.5767
50.2494
97.075
92.6922
100.66
87.5653
157.512
144.547
124.68
127.414
352.04
357.85
189.907
154.898
752.248
752.338
749.732
740.269
2464.24
2449.5
2467.67
2432.98
15578.5
2447.3
15599
2484.54
2488.56
2501.03
15574.9
15557.3
2486.82
909.354
2516.82
2487.68
909.041
174.931
119.608
494.578
920.639
914.278
253.005
490.717
50.2633
44.1727
102.497
71.214
61.6424
276.695
144.762
42.8675
45.2139
1.17909
1.12132
1.61422
3.31821
4.95985
5.29378
5.61363
6.23787
6.51988
6.31604
5.41847
3.31802
1.75195
1.49285
1.46241
1.48631
1.52285
1.57196
1.62489
1.68136
1.74083
1.78763
1.83611
1.88335
2.1748
2.09952
2.35917
2.56974
2.95964
2.70568
3.11427
3.45416
3.2803
3.83593
3.63867
4.28209
4.03948
4.84596
4.50887
5.33102
5.17294
6.79076
6.42378
5.98856
5.67211
8.91497
8.54664
7.73548
7.39376
13.1759
10.3879
10.3344
19.2991
16.1829
15.9796
18.4716
38.1045
29.7205
33.0944
29.4983
80.9255
64.9183
50.3681
65.8238
112.539
105.991
116.783
102.869
370.903
189.67
149.859
145.498
746.961
753.698
353.136
366.768
2435.65
2413.87
2426.95
2388.17
15552.3
15585.5
15602.8
15600.7
15599.2
15599.1
15599.3
15579.7
15586.4
2502.04
15595.9
15597.1
2494.81
172.268
170.374
923.335
2508.47
2491.79
491.289
914.937
54.4961
46.2299
110.708
82.7973
67.1133
222.181
142.742
43.1449
46.424
1.12342
1.36142
2.66897
4.47006
5.06957
5.4689
6.12917
6.58433
6.5412
5.8919
4.12615
1.97473
1.49507
1.40994
1.4168
1.43563
1.47358
1.51557
1.56374
1.6144
1.66016
1.70635
1.74433
1.79049
2.04489
1.97742
2.27568
2.20523
2.47986
2.84538
2.60721
2.99542
3.33276
3.15912
3.7163
3.51799
4.18235
3.91697
4.77486
4.41638
5.2345
4.98149
7.03786
6.67539
6.13629
5.45641
6.23645
5.89027
9.86454
9.25846
8.11111
7.59511
17.3938
13.3139
12.8051
26.0389
21.8014
20.775
24.8404
53.1929
39.0189
43.1864
37.4205
96.7766
84.52
67.3257
88.738
136.256
120.138
137.447
116.837
364.17
760.684
374.116
371.847
2398.85
2404.04
751.252
759.482
15610.4
15598.8
15593.5
15568.6
15595.6
15596.9
249.923
490.325
166.785
2517.21
15598.5
15597.2
918.87
2493.99
64.4869
49.745
149.558
107.208
72.3037
178.086
142.995
44.8355
50.1331
1.38075
2.42947
4.22975
4.90067
5.3299
6.01691
6.60057
6.69404
6.23271
4.78022
2.32942
1.53167
1.3817
1.36493
1.36802
1.39475
1.42685
1.46605
1.50887
1.54886
1.59278
1.62655
1.66608
1.70813
1.93167
1.87135
2.13498
2.07198
2.39335
2.31706
2.74226
2.51838
2.88814
3.22346
3.05061
3.60112
3.40844
4.05753
3.8247
4.6373
4.3493
5.14332
5.5424
4.88654
7.17539
6.75812
6.40068
6.017
11.8481
10.5755
8.49595
7.84129
22.5876
17.8998
17.4341
33.9904
29.5739
27.3755
33.0601
73.607
53.6444
57.2685
46.8954
110.758
104.044
91.0462
112.029
168.43
134.828
155.691
136.716
757.83
2397.74
773.164
345.893
767.278
15577.9
15606.8
2407.86
2425.04
483.021
914.203
235.83
485.287
15595.3
2500.66
15585.9
70.9252
55.2725
177.673
112.684
76.9626
177.53
146.996
49.3746
55.4147
2.60535
4.20862
4.87204
5.24995
5.95718
6.60036
6.79167
6.4738
5.26961
2.79552
1.61835
1.3747
1.32646
1.31682
1.32987
1.35462
1.38392
1.42018
1.45273
1.49202
1.52358
1.55844
1.59187
1.63288
1.83454
1.78095
2.0092
1.95378
2.24457
2.17511
2.43764
2.64796
2.78962
3.11985
2.94938
3.49481
3.30214
3.95768
3.71972
4.56439
4.24698
5.11185
5.63758
5.58967
4.75419
7.25087
6.83457
6.45596
6.09807
15.4406
13.0687
9.36783
8.31468
29.1937
23.4001
23.0364
42.0707
37.8972
35.3981
40.9997
98.75
73.5227
74.3344
58.1144
122.493
118.13
113.674
127.332
361.044
339.786
161.291
2409.74
15595.7
2429.02
740.982
2441.13
15615.8
15615.3
914.761
2487.64
461.207
913.277
15596.7
83.7425
64.8943
171.869
479.845
149.441
82.0147
203.894
159.943
55.2752
60.9462
4.45923
4.89564
5.24362
5.94702
6.59574
6.85362
6.63461
5.61732
3.26281
1.73884
1.38042
1.30111
1.27794
1.27706
1.29514
1.3148
1.345
1.37066
1.40402
1.43189
1.46368
1.49089
1.52447
1.56134
1.74972
1.7009
1.89873
1.85106
2.10957
2.04626
2.36173
2.28982
2.56257
2.69883
3.02036
2.85398
3.39524
3.20014
3.87155
3.61435
4.46009
4.15768
5.7453
5.78152
5.33699
4.88396
6.12442
4.67042
7.53116
6.90234
6.48035
20.8551
16.9052
10.827
9.12582
36.2704
29.5574
28.7006
50.1478
45.0567
42.3589
46.8667
117.309
98.3833
96.7103
71.4069
139.631
128.434
125.146
140.192
762.063
348.604
737.262
15593.5
15602.2
2402.89
15608.5
2490.93
15586.7
886.293
2496.52
100.387
72.8858
242.381
468.369
925.427
170.55
88.5853
230.25
166.881
60.4513
65.1659
5.08288
5.26434
5.95421
6.59629
6.88009
6.73496
5.84245
3.62591
1.87541
1.40071
1.28636
1.25019
1.23363
1.24631
1.25702
1.28114
1.30106
1.32863
1.35157
1.37936
1.40277
1.43134
1.46105
1.49412
1.6735
1.62698
1.80284
1.76292
1.98694
1.92824
2.22135
2.15627
2.48187
2.40619
2.61334
2.92915
2.76511
3.30251
3.10835
3.78502
3.52566
4.35176
4.07756
6.15829
6.17079
5.84294
5.3228
4.92223
6.50843
4.5858
7.86313
7.06851
26.0371
21.7122
13.1041
10.2262
42.0497
35.4336
33.4552
58.7755
51.1102
47.1717
51.447
124.64
113.522
110.488
89.9818
170.844
135.245
140.164
155.114
2436.23
341.39
748.731
2389.34
15589.7
15598.7
2455.08
15588.4
109.574
78.4014
450.192
905.14
2547.34
178.05
466.328
92.052
257.007
180.106
64.2781
66.9674
5.36714
5.98908
6.59429
6.8837
6.77175
5.96422
3.8552
1.99837
1.42885
1.27895
1.23012
1.20017
1.20512
1.20935
1.22731
1.24199
1.26473
1.28293
1.30624
1.32586
1.35069
1.37565
1.40401
1.4333
1.6001
1.55278
1.72228
1.68954
1.87375
1.82145
2.09294
2.0304
2.3348
2.26706
2.53262
2.84269
2.68071
3.21412
3.02159
3.69793
3.44016
4.2721
3.97899
6.59732
6.65425
6.18186
5.85844
5.36214
4.92598
7.26686
4.53803
4.91079
8.41943
30.3186
25.4799
16.1192
11.8047
46.1337
39.9533
37.1599
68.9427
57.4997
51.0389
56.2498
139.288
119.155
115.883
103.792
351.533
161.041
343.136
15585.6
747.797
2400.45
15594.1
15596.6
115.607
81.4717
886.042
2504.14
15590.6
189.456
461.001
898.206
97.2848
300.636
208.41
66.9806
69.078
6.01702
6.59025
6.86482
6.77056
5.98123
3.94348
2.09172
1.45381
1.278
1.21559
1.17391
1.17137
1.16972
1.18198
1.19243
1.21031
1.22495
1.24436
1.26045
1.28143
1.30191
1.3268
1.3533
1.38118
1.52463
1.48045
1.65239
1.62014
1.77587
1.73386
1.9686
1.90881
2.20179
2.13666
2.45685
2.38387
2.76177
2.60169
3.12924
2.9386
3.60558
3.35295
4.17833
3.88927
7.52562
7.78744
6.73308
6.18079
5.86454
5.3682
9.08153
4.45907
4.90856
4.87628
33.4124
28.3626
19.6162
13.6036
49.7803
43.4748
40.065
83.8357
65.2897
55.0367
62.0177
159.506
128.9
121.269
109.892
755.964
356.348
748.907
2399.17
15581.5
116.324
81.9571
2470.01
15591
192.989
456.04
889.065
2505.26
106.425
314.444
231.149
68.296
71.0939
6.53037
6.82187
6.71906
5.94428
3.90972
2.13689
1.47716
1.27666
1.20435
1.15445
1.14283
1.1376
1.14384
1.15093
1.16424
1.17578
1.19188
1.20546
1.22295
1.23954
1.26063
1.28321
1.3071
1.33059
1.4584
1.42853
1.57913
1.54201
1.69845
1.66489
1.85172
1.79826
2.07317
2.01076
2.31311
2.24199
2.52389
2.68008
3.04002
2.85346
3.50563
3.25831
4.07171
3.78267
9.85875
10.6509
8.0831
6.76871
6.18028
5.86199
5.37953
4.38545
4.86304
4.81418
5.36125
35.9574
30.6217
22.1659
15.6675
53.4407
46.6961
42.8292
97.729
76.4433
59.4628
69.8099
166.066
362.364
144.302
138.419
113.165
2412.34
758.89
2400.03
15591.9
115.512
81.5089
15598.9
201.159
451.569
875.32
2499.62
15586.6
118.609
312.336
240.001
68.3992
74.3035
6.64299
6.60972
5.72174
3.77372
2.13028
1.49063
1.27608
1.19365
1.13779
1.1196
1.11022
1.11208
1.11621
1.12547
1.13441
1.1473
1.15867
1.17358
1.18723
1.20559
1.22408
1.24442
1.26497
1.40863
1.28584
1.49763
1.46037
1.63504
1.60296
1.74847
1.70413
1.95117
1.8924
2.17304
2.10627
2.44688
2.36798
2.59722
2.9474
2.76596
3.39933
3.15928
3.97101
3.67415
17.1959
11.4622
8.29627
6.7953
6.1624
5.85173
4.27921
4.79076
4.71834
5.36046
5.31691
5.8323
38.2708
32.5706
24.1245
57.3167
50.0506
45.5065
104.17
89.9202
64.8807
79.9972
356.85
773.906
166.997
160.649
123.747
15600.9
2409.1
15614.9
114.004
80.8494
201.077
448.483
867.779
2471.9
15587.4
126.994
313.3
245.651
68.3308
77.7042
6.1832
5.45538
3.36114
2.09628
1.49102
1.2724
1.18367
1.12509
1.09829
1.08782
1.08427
1.08655
1.09269
1.09924
1.10965
1.11902
1.13169
1.14321
1.15934
1.17528
1.19282
1.21126
1.23097
1.35152
1.48844
1.45126
1.25084
1.57011
1.5317
1.66515
1.63307
1.83506
1.77893
2.04347
1.9825
2.29088
2.21597
2.51128
2.84867
2.67445
3.28868
3.05327
3.84477
3.55383
25.6519
18.4936
12.1381
8.49323
6.80011
6.13818
4.17091
4.68322
4.5885
5.29948
5.22692
5.8194
5.78452
6.10715
40.4523
34.2373
61.3932
53.3332
48.1943
107.107
98.0851
71.6733
89.4074
748.244
373.335
2446.15
164.35
373.699
141.758
15582.5
112.508
79.5483
205.044
443.448
859.249
2463.19
15590.2
134.781
325.867
245.611
68.1795
80.8307
4.60211
3.15164
1.97267
1.48934
1.26312
1.17096
1.11205
1.08058
1.06683
1.0604
1.06006
1.06373
1.06884
1.07672
1.08509
1.09592
1.10604
1.12001
1.13364
1.14986
1.16656
1.18467
1.20254
1.3075
1.42638
1.39491
1.54536
1.50588
1.21797
1.60467
1.57708
1.72651
1.67976
1.92273
1.86285
2.14573
2.0783
2.42578
2.34129
2.74811
2.58157
3.17145
2.94541
3.71725
3.43015
27.0198
19.2836
12.6542
8.59924
6.78679
4.03689
4.54216
4.4285
5.19093
5.08497
5.7666
5.71514
6.07234
6.03978
6.74021
42.4755
35.8382
65.986
56.7765
50.8304
113.146
102.237
79.2882
95.5107
2380.41
766.517
15559.9
370.404
767.839
163.698
111.09
77.656
204.054
446.244
854.37
2452.49
15591.2
138.336
347.444
240.167
67.4441
85.2081
2.65384
1.92395
1.46161
1.26245
1.1517
1.10106
1.06314
1.04813
1.03857
1.03591
1.03745
1.04053
1.0469
1.05384
1.06375
1.07327
1.08567
1.09754
1.11221
1.12793
1.14492
1.16178
1.17767
1.37414
1.26579
1.46523
1.42664
1.58328
1.5546
1.19541
1.64127
1.6096
1.80403
1.74671
2.01389
1.95022
2.26074
2.1835
2.48827
2.64522
3.047
2.83132
3.56856
3.2943
28.0238
20.0105
12.9768
8.66316
3.89219
4.37382
4.2548
5.01849
4.87912
5.68813
5.61695
6.00777
5.97554
6.69258
6.63647
8.67812
44.478
37.2155
71.1287
60.2822
53.5283
123.695
105.51
86.5614
99.6696
15580.2
2420.18
372.363
751.497
2424.79
169.25
109.023
75.2943
204.307
441.294
857.131
2447.98
15589.8
136.87
402.484
209.159
67.113
86.7285
1.7834
1.4447
1.24639
1.14506
1.08196
1.0492
1.0298
1.01785
1.01356
1.01222
1.01425
1.01756
1.02381
1.03178
1.04135
1.05303
1.06431
1.0783
1.09274
1.10929
1.12591
1.14249
1.16031
1.32206
1.44796
1.41054
1.23404
1.52362
1.48895
1.61157
1.57808
1.175
1.69463
1.64873
1.88895
1.82751
2.11025
2.03842
2.39805
2.3109
2.54414
2.91886
2.71654
3.40846
3.15413
29.032
20.4667
13.1907
3.7134
4.19763
4.08442
4.77633
4.61628
5.56158
5.46024
5.94407
5.90018
6.59255
6.54902
8.62336
8.54691
13.2708
46.4001
38.5984
76.6713
63.9316
56.2231
142.043
112.181
92.6184
103.324
15605
760.133
365.321
2397.8
15601
105.771
73.0374
202.678
445.858
849.852
2461.92
15588.2
127.885
487.238
218.722
66.6588
90.5721
1.40628
1.22989
1.1192
1.07655
1.03165
1.01744
1.00461
0.999163
0.996573
0.995992
0.997085
0.999523
1.00405
1.01096
1.02054
1.03127
1.04485
1.05916
1.07528
1.09202
1.1092
1.12697
1.14247
1.27965
1.38726
1.35471
1.49582
1.45851
1.20873
1.55025
1.52286
1.66727
1.62166
1.15791
1.76944
1.71499
1.97058
1.90253
2.22843
2.14754
2.44514
2.78781
2.60214
3.23925
3.00679
29.806
20.842
3.50883
4.03095
3.92631
4.48242
4.31903
5.3553
5.21021
5.84604
5.77545
6.52776
6.48417
8.46985
8.35374
13.2929
13.2297
21.1229
48.328
39.8228
82.1224
67.6805
58.9221
162.148
122.59
97.3326
108.928
2420.36
746.483
361.641
15612.7
100.447
70.5957
194.168
440.499
859.655
2447.24
15588
131.943
371.443
518.9
67.09
92.9412
1.18744
1.10916
1.0565
1.02919
1.00832
0.999936
0.993613
0.99054
0.989104
0.988556
0.989264
0.990911
0.99424
0.9991
1.00582
1.01513
1.02679
1.04194
1.05823
1.07561
1.09359
1.11043
1.127
1.33309
1.24554
1.42039
1.38577
1.52445
1.49881
1.189
1.58312
1.54909
1.72493
1.67372
1.14023
1.83778
1.7776
2.07171
1.99487
2.35191
2.26145
2.65734
2.49266
3.0772
2.858
30.5983
3.85143
3.31117
4.176
4.04709
5.04927
4.86542
5.68219
5.57153
6.42758
6.33862
8.29196
8.18917
13.157
12.9646
21.2684
21.3709
31.2074
50.1579
41.0671
87.1892
71.4776
61.541
166.757
139.446
101.228
115.18
15612.1
2405.48
742.846
361.842
93.9718
68.7203
198.115
453.594
850.725
2473.82
15589.2
161.673
95.6802
349.246
67.9717
101.462
1.08128
1.05242
1.02076
1.00836
0.99783
0.992808
0.989563
0.987785
0.986835
0.986445
0.986869
0.988111
0.990473
0.993985
0.999265
1.00705
1.01698
1.02947
1.04415
1.06079
1.07803
1.09556
1.11047
1.28985
1.3907
1.36174
1.21895
1.46782
1.43414
1.54708
1.51873
1.17103
1.62869
1.58276
1.786
1.72749
1.12402
1.91926
1.84767
2.17813
2.09516
2.38733
2.53049
2.90086
2.70662
3.57045
4.0667
4.2332
3.13162
4.65709
4.44503
5.43113
5.27626
6.22282
6.06583
8.07196
7.899
12.7945
12.5205
21.3789
21.2106
31.7377
32.1877
42.1516
51.9675
91.5556
75.1415
64.1075
157.569
104.584
121.227
15593.4
2393.58
747.02
349.09
85.9955
67.6568
159.761
448.077
875.826
2459.14
15590
176.78
104.038
179.153
71.8222
103.964
1.03357
1.02119
1.00482
0.99936
0.99357
0.990284
0.988486
0.987232
0.98663
0.986388
0.986777
0.987864
0.989849
0.992873
0.997354
1.00424
1.01262
1.02356
1.03663
1.05079
1.06614
1.08123
1.09725
1.34104
1.25055
1.42931
1.38704
1.20159
1.49076
1.46958
1.58556
1.55222
1.15067
1.68069
1.63268
1.85529
1.7828
1.11267
2.01211
1.92877
2.29142
2.20034
2.41344
2.73158
2.56684
3.91993
3.3936
3.73311
4.42082
4.65501
2.89328
5.08742
4.88376
5.88585
5.67956
7.67439
7.37577
12.217
11.8197
20.979
20.5746
32.3716
32.5065
43.2092
44.0632
53.6355
95.6193
78.6572
66.5329
156.507
107.86
128.261
15569.4
2408.65
732.588
353.742
80.0532
67.6843
128.951
231.937
462.956
870.979
2504.86
15588.7
203.028
41.0864
115.565
73.3334
114.642
1.0102
1.00601
0.997197
0.995651
0.992367
0.989817
0.988665
0.987805
0.98755
0.987864
0.988931
0.990735
0.99339
0.996789
1.00045
1.005
1.01178
1.02163
1.03359
1.04608
1.0595
1.07314
1.08711
1.29006
1.39734
1.36061
1.22907
1.46984
1.43425
1.17866
1.51313
1.49525
1.62014
1.588
1.13832
1.72344
1.67787
1.94185
1.86309
1.09848
2.11404
2.02419
2.30362
2.59562
2.43356
4.19252
3.11754
3.5052
3.64193
3.97414
4.77275
5.00513
2.76342
5.45897
5.22896
7.02726
6.6202
11.3203
10.7235
20.0178
19.2849
32.3242
31.9381
44.6366
44.9201
55.178
56.4322
99.2586
81.9961
68.7149
165.658
111.83
140.044
15598.9
2399.88
741.552
347.283
75.8559
67.9773
212.808
109.199
498.048
869.572
2486.34
15588.1
173.041
15.0716
68.4678
76.129
128.905
0.998144
0.998517
0.994049
0.994079
0.992456
0.990788
0.990737
0.990411
0.990879
0.991866
0.993599
0.995833
0.998574
1.00178
1.00595
1.012
1.01862
1.02564
1.03351
1.0446
1.0571
1.06916
1.08084
1.33667
1.25527
1.43121
1.39028
1.20679
1.48832
1.45617
1.16235
1.53642
1.50773
1.66117
1.62174
1.12297
1.7777
1.73098
2.02041
1.95305
1.09171
2.20751
2.11666
2.41806
2.30589
4.55119
3.40796
2.90094
3.60709
3.76255
4.31263
5.00718
5.37108
2.55816
6.198
5.75989
10.0195
9.20455
18.3573
17.2518
31.2555
30.2983
45.1565
44.8155
57.4309
57.969
70.4448
102.507
84.8888
165.079
116.995
154.229
15605.4
2419.27
729.766
334.337
73.0674
67.6234
206.066
94.3304
482.229
901.605
2493.73
15589
126.47
5.18474
31.9402
82.603
122.715
0.992503
0.995575
0.993271
0.993652
0.995025
0.994705
0.995432
0.99622
0.997695
0.999582
1.00163
1.0039
1.0066
1.01022
1.01508
1.02047
1.02654
1.03374
1.04226
1.05039
1.05869
1.06814
1.07887
1.28687
1.38674
1.35465
1.23124
1.45054
1.42786
1.18775
1.51138
1.47827
1.14581
1.58002
1.53275
1.71304
1.64401
1.11026
1.84446
1.78482
2.09551
2.03542
1.08885
2.21889
2.33018
4.73856
3.12341
3.62811
3.44627
2.72911
3.83315
4.08432
4.4846
5.78222
6.58995
2.42564
8.35289
7.4355
15.989
14.5188
29.0297
27.437
44.2095
43.2138
58.1902
58.1765
71.7392
72.4202
87.1322
105.07
120.429
151.335
338.988
15585.1
2379.45
720.963
70.1116
67.7957
163.159
84.1939
894.432
512.249
2490.98
15598.2
88.6899
1.73649
11.1428
95.1253
108.144
0.990806
0.994947
0.995901
0.997785
1.00111
1.00332
1.00661
1.0094
1.01224
1.01427
1.01659
1.01885
1.02138
1.02461
1.02814
1.03242
1.03803
1.04491
1.05175
1.05932
1.06788
1.07589
1.08303
1.3266
1.25204
1.41262
1.37808
1.21446
1.46268
1.44384
1.16584
1.52835
1.50155
1.13535
1.6109
1.55387
1.7892
1.69355
1.1006
1.9316
1.84348
2.18328
2.09361
1.08994
5.18333
2.91931
3.35912
3.21005
3.88616
3.64151
2.50548
4.06856
4.29805
4.69441
7.95308
9.60619
2.31359
12.9761
11.2745
25.6074
23.4583
41.8746
40.145
57.6026
56.7058
72.6597
72.641
88.689
89.4872
106.896
123.234
152.903
340.451
726.25
15574.7
2384.31
67.7969
70.4795
221.146
124.49
75.5733
2504.46
903.94
499.18
15587.9
46.6256
1.18503
3.45791
98.6813
85.8874
0.994988
0.99892
1.00462
1.00813
1.01567
1.02226
1.02898
1.03504
1.03991
1.04366
1.04617
1.04759
1.04774
1.04899
1.05063
1.05299
1.05658
1.06061
1.06591
1.07238
1.07889
1.08512
1.09149
1.2753
1.3764
1.33464
1.23538
1.43682
1.4027
1.18774
1.4859
1.45818
1.15535
1.54081
1.52111
1.11758
1.64756
1.58272
1.84077
1.75507
1.0973
2.01333
1.89447
2.16949
1.09785
6.57871
3.1277
2.66523
3.45938
3.26997
4.00645
3.80049
2.40054
4.16824
4.41065
5.46562
12.7622
15.6758
21.1028
18.4672
38.0755
35.5798
55.3909
53.7221
71.8293
70.7849
89.7263
89.5371
107.745
124.551
151.006
333.05
734.234
2389.53
15581.9
64.7204
76.6706
210.781
99.4218
68.4648
15587.1
2487.36
896.669
520.217
17.8769
1.24951
1.89123
93.5798
52.8143
1.0069
1.0109
1.02328
1.03182
1.04302
1.0535
1.06351
1.07241
1.07969
1.08571
1.09034
1.09318
1.0939
1.09294
1.09075
1.08797
1.08704
1.08785
1.0897
1.09262
1.09639
1.10078
1.10539
1.30438
1.25075
1.38833
1.36454
1.21265
1.44828
1.41666
1.17135
1.49884
1.46516
1.14178
1.55676
1.52888
1.10836
1.69046
1.62754
1.87779
1.80497
1.09676
2.10367
1.96172
2.23901
1.10988
10.0046
3.28955
2.86638
3.10969
2.49135
3.66596
3.44268
4.08522
3.85421
4.32406
4.77155
7.58254
21.4032
25.6015
32.6885
29.3615
51.6548
49.2035
69.1511
67.3146
88.2979
86.8072
107.983
107.815
125.012
148.166
337.375
723.265
2403.11
15556.1
65.0903
85.1883
164.835
83.565
64.081
15592.9
2477.18
908.608
225.948
511.103
5.80567
1.14291
1.88005
82.1903
22.2675
1.02854
1.034
1.05304
1.06581
1.07985
1.09283
1.10481
1.11559
1.12489
1.13265
1.13888
1.14343
1.14654
1.14783
1.14708
1.14406
1.13936
1.1339
1.12929
1.12798
1.12834
1.12913
1.13037
1.26616
1.34398
1.30633
1.23098
1.40197
1.37934
1.18927
1.4536
1.43411
1.15969
1.51416
1.47383
1.12522
1.58962
1.5418
1.10412
1.73627
1.68987
1.93743
1.83357
1.10379
2.16737
2.06154
2.29627
1.13178
16.9823
3.44839
2.67325
2.90241
3.03427
3.24708
3.74158
3.55387
4.36666
3.96651
4.86236
5.88967
12.4725
33.7784
38.6526
46.2325
42.7499
65.041
62.6196
84.4636
82.0361
106.263
104.295
125.124
147.31
328.376
734.529
2398.04
15578
68.2086
83.624
122.432
71.148
62.9894
15584.5
2483.52
905.918
203.993
505.925
2.82035
1.18576
1.64583
56.3995
7.75019
1.06064
1.06789
1.08848
1.10468
1.12002
1.1344
1.14756
1.15999
1.17064
1.17996
1.18783
1.19465
1.19969
1.20258
1.20305
1.20246
1.20075
1.19801
1.19397
1.18866
1.18333
1.17915
1.17565
1.28333
1.24269
1.36283
1.32382
1.21006
1.41154
1.39088
1.1726
1.4547
1.43993
1.14751
1.52431
1.48724
1.11412
1.65474
1.56247
1.10311
1.75798
1.72035
2.02754
1.90842
1.11384
2.20206
2.11076
2.4026
1.17389
28.3544
3.51002
2.83547
2.95303
3.10947
3.36028
3.78536
3.60294
5.02816
4.28123
6.18941
8.7945
21.785
47.6622
52.6088
59.7124
56.3649
79.0639
76.1381
101.202
98.2542
123.707
121.378
144.177
335.4
713.548
2420.2
15586.5
77.0334
77.1738
93.9269
64.6505
64.9493
15594.5
2479.62
906.626
163.604
191.194
502.487
2.41471
1.18327
1.48721
24.8866
3.59589
1.09827
1.10937
1.12718
1.14349
1.15922
1.17476
1.18899
1.20226
1.21419
1.2248
1.23425
1.24234
1.24903
1.25414
1.25761
1.2597
1.26006
1.25826
1.25509
1.25149
1.24812
1.24484
1.24211
1.25141
1.30935
1.27956
1.22538
1.37666
1.33903
1.18612
1.41599
1.39532
1.16341
1.46083
1.44207
1.12889
1.53757
1.5024
1.10973
1.69057
1.6079
1.10888
1.78638
1.73145
2.06688
1.98012
1.13368
2.26007
2.13277
2.61332
1.24005
42.5747
3.54667
2.93339
2.84538
3.06728
3.23563
3.41675
3.93824
3.68615
6.59931
4.9689
9.53433
15.7179
35.006
60.8141
66.0311
73.0332
69.1824
94.8383
90.6653
117.105
113.148
142.464
337.329
728.354
2376.59
15578.9
76.7744
57.4966
76.0011
62.4547
71.4715
15582.2
2470.87
918.586
114.068
193.39
499.029
2.27698
1.16262
1.42075
8.91358
2.8301
1.13206
1.14685
1.16348
1.17971
1.19513
1.20998
1.22377
1.23722
1.2499
1.26189
1.27292
1.28295
1.2917
1.29941
1.30487
1.30873
1.31105
1.31244
1.31299
1.31203
1.30968
1.30711
1.3044
1.25938
1.23322
1.31767
1.29176
1.20147
1.38197
1.3538
1.1737
1.41894
1.39555
1.14941
1.46584
1.44314
1.11861
1.5689
1.51224
1.10854
1.70122
1.64787
1.11741
1.84934
1.74245
2.0847
2.01131
1.17387
2.35533
2.18003
2.74842
1.3022
56.8817
3.66103
3.02089
2.92871
3.16872
3.29382
3.51107
4.24148
3.90347
10.6384
6.62796
17.9703
27.6407
49.5729
73.1639
79.3344
87.6094
82.1483
111.297
105.594
136.228
125.867
340.909
733.981
2398.2
15579.1
72.3581
25.4954
65.9371
63.5023
72.3078
15592.2
2495.88
911.901
82.9851
141.11
201.302
494.353
2.04925
1.13546
1.36737
4.08595
2.66847
1.1537
1.17012
1.18404
1.19908
1.21294
1.22713
1.24067
1.25417
1.26728
1.28003
1.29203
1.30323
1.31363
1.32347
1.33182
1.33885
1.34468
1.34934
1.35283
1.35498
1.3559
1.35621
1.35624
1.26371
1.23671
1.21404
1.33183
1.30036
1.18229
1.38255
1.36108
1.16399
1.42056
1.39431
1.13098
1.47395
1.44341
1.11434
1.60213
1.53908
1.11309
1.70209
1.66343
1.13608
1.92704
1.78344
2.11805
2.0247
1.23915
2.5753
2.26736
2.76222
2.83442
1.35631
69.8818
3.86923
3.08597
2.9849
3.23586
3.35059
3.67227
4.89958
4.21157
20.5494
10.7622
31.8252
42.6159
63.081
86.3299
93.2241
102.961
96.4144
125.355
119.395
166.595
140.204
323.579
739.802
2416.99
15586.8
55.6192
9.2707
62.8756
68.6577
68.7755
15581.2
2485.62
906.296
68.3052
90.7532
143.349
202.441
495.807
1.9119
1.1034
1.33997
3.05957
2.39042
1.16201
1.1799
1.19198
1.20684
1.22017
1.23412
1.24752
1.26097
1.27414
1.28732
1.30006
1.31211
1.32342
1.33431
1.34408
1.35257
1.35979
1.36584
1.37101
1.37506
1.37786
1.37999
1.38156
1.23783
1.30835
1.28764
1.25578
1.21993
1.1902
1.33779
1.17328
1.37626
1.36289
1.14693
1.4209
1.39049
1.12219
1.49122
1.44362
1.11294
1.61602
1.56506
1.12053
1.72678
1.66512
1.17556
1.9555
1.86273
2.18484
2.05288
1.3008
2.69262
2.4897
2.80766
2.91969
1.3828
82.5398
4.17358
3.164
3.07346
3.32566
3.47097
3.86885
6.57974
4.86261
35.9544
21.2445
47.7136
57.3298
75.7461
99.9556
106.598
115.849
110.02
143.072
137.354
344.781
721.181
2395.5
15578.6
24.3679
4.25603
63.441
70.1201
52.1963
15590.5
2480.35
908.769
63.9412
70.7204
91.8945
140.486
199.921
493.508
1.77941
1.06234
1.34946
2.8144
2.1565
1.16157
1.18115
1.18941
1.2058
1.21657
1.23175
1.24484
1.25914
1.27354
1.28798
1.30179
1.31492
1.32708
1.33821
1.34817
1.35683
1.36423
1.37056
1.3762
1.38093
1.38461
1.38747
1.38962
1.2371
1.22174
1.3168
1.28862
1.26072
1.19912
1.17785
1.34078
1.16098
1.37034
1.36138
1.13207
1.42055
1.38892
1.11798
1.51691
1.45041
1.11633
1.61934
1.57705
1.13903
1.78682
1.67334
1.23905
1.9635
1.89404
2.34637
2.10017
1.35659
2.78103
2.68314
2.62727
2.88456
3.0286
1.39131
95.8741
4.75575
3.26081
3.13021
3.46314
3.66546
4.13468
10.6963
6.3723
52.7042
37.85
62.3143
70.5168
88.7921
110.834
117.544
129.768
119.802
349.839
356.795
743.355
2385.69
15557.3
8.94217
3.14681
67.6002
65.6063
21.8393
15590.4
2478.32
907.78
64.2734
65.1433
71.2348
89.7573
135.977
194.149
485.19
1.62242
1.05398
1.32086
2.50712
1.9949
1.14319
1.1684
1.16804
1.18701
1.19338
1.21011
1.22222
1.23928
1.25481
1.27109
1.28677
1.30196
1.3161
1.32924
1.34117
1.35166
1.36065
1.36826
1.37444
1.37926
1.38305
1.38581
1.38772
1.23179
1.21939
1.20337
1.3199
1.29624
1.26553
1.18119
1.16936
1.34124
1.1423
1.36008
1.35051
1.1254
1.4202
1.3879
1.11618
1.53033
1.45924
1.1236
1.61938
1.57993
1.17827
1.8165
1.71215
1.30065
1.97917
1.8996
2.47536
2.23242
1.384
2.87099
2.72911
2.6045
2.74897
2.97278
3.07829
1.38924
108.139
6.04976
3.43966
3.19847
3.67514
3.86989
4.6282
20.6918
10.0917
67.6859
55.0351
75.4798
83.5968
101.355
118.418
130.456
152.222
131.815
753.321
328.136
765.565
2407.47
15583.3
4.21607
2.83597
68.3998
46.4468
8.03863
15591.6
2485.81
894.587
67.3172
65.4955
66.2438
70.9084
87.3
130.056
181.619
479.612
1.51396
1.06959
1.22821
2.21156
1.82841
1.10671
1.13432
1.12323
1.14039
1.14246
1.15619
1.16679
1.18369
1.20033
1.2198
1.23852
1.2585
1.27652
1.29334
1.30873
1.32204
1.33335
1.34278
1.35038
1.3564
1.36076
1.36326
1.36464
1.2298
1.21157
1.26778
1.20496
1.18299
1.32132
1.29696
1.173
1.1528
1.32937
1.13341
1.35343
1.33914
1.12032
1.42105
1.39034
1.11911
1.53569
1.47145
1.14212
1.62781
1.57257
1.24066
1.82673
1.74055
1.3573
2.01049
1.90108
2.65965
2.45203
2.70707
2.31001
1.39288
2.93696
2.84369
2.78565
3.01497
3.14394
1.36504
116.537
9.11485
3.70186
3.40818
3.88369
4.10708
5.67848
38.6011
18.3721
82.2199
70.1945
89.0002
97.184
110.741
128.017
154.293
357.887
2424.18
716.057
2461.47
15575.7
3.1464
2.55937
62.1861
18.4006
4.02503
15591.7
2457.97
907.103
66.8789
67.7604
67.0361
67.5588
71.0522
84.1986
120.972
163.851
470.982
1.48404
1.16851
1.97504
1.7333
1.04927
1.07829
1.05985
1.0698
1.07054
1.08114
1.08751
1.10074
1.11344
1.12915
1.14596
1.16595
1.18773
1.20916
1.22837
1.24506
1.25973
1.27206
1.28224
1.28975
1.29407
1.29549
1.29508
1.20249
1.2722
1.27228
1.24727
1.21152
1.20152
1.18346
1.17407
1.31021
1.29339
1.1599
1.13979
1.32013
1.12609
1.34759
1.33088
1.1187
1.42158
1.39102
1.12634
1.53246
1.47653
1.18244
1.64977
1.56779
1.30151
1.82728
1.75352
1.38531
2.1072
1.90966
2.69484
2.75016
2.57113
2.30411
2.47086
1.39043
2.96345
2.87935
2.85211
3.08946
3.37009
1.29266
128.827
15.6412
3.88055
3.70523
4.07151
4.48201
8.13833
56.6267
36.4857
97.1139
86.1475
101.64
108.396
116.81
363.18
343.817
757.138
15586.4
2381.8
15606.7
2.80011
2.25844
39.8265
6.89414
3.12261
15590.3
2494.98
900.242
57.8121
65.558
68.8246
68.8772
69.3639
71.7145
80.8551
120.077
111.478
458.671
1.40611
1.07957
1.2663
1.90504
1.49049
0.980926
1.00436
0.988512
0.994855
0.99282
0.999675
1.00486
1.01624
1.02795
1.04251
1.05771
1.07331
1.08852
1.10248
1.11449
1.12538
1.13518
1.14376
1.15047
1.15472
1.15642
1.15587
1.15352
1.19443
1.19047
1.28502
1.26613
1.242
1.21325
1.18201
1.17315
1.16317
1.30487
1.1455
1.13334
1.30889
1.12162
1.34393
1.31821
1.12133
1.42016
1.39193
1.14549
1.5205
1.47795
1.24375
1.66264
1.56362
1.35853
1.81947
1.75668
1.39436
2.18493
1.95307
2.79178
2.74285
2.62288
2.38812
2.52902
1.36451
3.05568
2.94653
2.88729
3.3025
3.68019
1.14892
152.84
29.3283
4.03901
3.8729
4.37715
5.3119
13.415
72.8635
57.4499
107.963
102.745
109.999
115.565
124.649
752.837
351.45
728.176
2448.49
15600.3
2.44878
2.10484
14.9247
3.80503
2.72577
15590.5
2475.38
892.969
31.5516
52.6621
63.9858
68.0945
70.6531
71.2094
73.0534
84.1226
163.922
88.4027
451.931
1.32596
1.06213
1.37387
1.66957
0.916382
0.931082
0.920706
0.926867
0.926481
0.935108
0.942435
0.954993
0.966856
0.979654
0.991447
1.00271
1.01404
1.02426
1.03234
1.03922
1.04536
1.04961
1.05123
1.05173
1.05049
1.04809
1.04417
1.18214
1.18001
1.1777
1.28618
1.26946
1.25455
1.24113
1.21428
1.16838
1.1642
1.14858
1.13816
1.12509
1.29189
1.12055
1.34403
1.30854
1.12865
1.41179
1.38405
1.18808
1.50604
1.46907
1.30356
1.66872
1.56195
1.38681
1.81881
1.73824
1.39129
2.23906
2.01344
2.82481
2.76117
2.67195
2.44042
2.57783
1.28772
3.16847
2.97212
2.90365
3.60461
3.85361
1.03956
50.7369
4.29406
4.00461
5.00075
7.1932
23.7922
89.38
77.1405
113.002
112.699
114.724
126.783
365.919
2430.01
734.045
2384.27
15570.9
2.31819
1.77831
5.84336
2.99141
2.50597
15581
2471.12
885.878
11.5341
23.0484
45.2983
58.9678
67.2335
70.9453
72.358
76.5315
115.66
78.5954
108.944
435.696
1.40733
1.18057
1.40772
1.02317
1.48969
0.870463
0.880098
0.874504
0.882738
0.886041
0.896399
0.905702
0.918016
0.929179
0.940846
0.951789
0.962026
0.971188
0.977662
0.981914
0.985661
0.988371
0.988928
0.989024
0.988394
0.987261
0.98546
0.983871
1.17485
1.1673
1.21068
1.16958
1.16195
1.27417
1.25782
1.24221
1.22341
1.16245
1.14993
1.14042
1.12923
1.12219
1.2837
1.12276
1.3375
1.30429
1.14944
1.40371
1.3731
1.24785
1.49213
1.45872
1.36063
1.65752
1.5623
1.39583
1.82903
1.7228
1.36276
2.47514
2.40782
2.23704
2.06814
2.83167
2.76591
2.69393
2.59871
1.14142
3.52995
3.08322
2.98635
3.84243
3.9883
0.983107
74.2049
4.76377
4.21913
6.34834
11.1805
43.0839
105.001
96.5813
116.369
117.236
126.912
144.798
355.251
750.641
15613.6
2396.54
15595
1.99578
1.6218
3.46469
2.7665
2.16195
15605.4
2461.96
876.322
4.82745
8.42908
17.1276
33.9801
51.8899
63.7625
68.5162
73.8819
86.4213
76.0576
89.2301
155.905
432.992
1.51756
1.31163
1.112
1.46338
1.02084
0.842895
0.848789
0.847361
0.856554
0.860995
0.871208
0.880101
0.891925
0.90332
0.914925
0.925979
0.934564
0.940419
0.94363
0.945782
0.947334
0.948195
0.948967
0.949103
0.949152
0.949321
0.949496
0.949946
1.16239
1.15496
1.20742
1.19675
1.1595
1.15477
1.15532
1.25961
1.23859
1.22186
1.21551
1.15007
1.14124
1.13226
1.12392
1.12148
1.26754
1.13098
1.32852
1.29417
1.19427
1.39076
1.36062
1.30751
1.47412
1.43798
1.38873
1.63996
1.55226
1.39189
1.8579
1.70382
1.2793
2.49429
2.37555
2.29001
2.12732
2.896
2.81276
2.70203
2.61632
1.0346
3.7778
3.37105
3.19634
3.94049
4.13272
0.950431
98.3739
5.7276
4.55798
9.17664
18.7394
67.9461
112.683
109.808
119.651
125.894
163.321
363.591
731.855
2426.78
15614.3
1.71392
3.01081
2.38056
1.89376
15608.1
2448.52
874.904
3.34046
4.15667
6.4439
12.3912
22.6784
41.0876
54.5792
64.6422
80.6584
69.8112
82.3874
112.204
110.241
399.931
1.58408
1.17032
1.39139
1.43781
1.05701
1.54404
1.01026
0.830031
0.832225
0.830288
0.838086
0.844629
0.855728
0.866292
0.877995
0.888287
0.897124
0.905791
0.91225
0.915907
0.917311
0.917691
0.917755
0.918786
0.919382
0.919844
0.92097
0.922179
0.922981
0.924295
1.14406
1.14098
1.18261
1.17134
1.14762
1.19489
1.14542
1.14834
1.14604
1.24163
1.22268
1.21084
1.14101
1.13328
1.12606
1.12172
1.12368
1.25681
1.15367
1.31671
1.29022
1.25301
1.3729
1.34396
1.36385
1.45873
1.42136
1.39748
1.6106
1.54277
1.35955
1.90676
1.69109
1.13
2.49833
2.3952
2.30671
2.14632
2.3103
3.02021
2.89058
2.74347
2.65815
0.981544
3.90128
3.65148
3.45088
4.0866
4.44948
0.926377
111.967
7.74574
5.31049
14.7987
33.392
96.4027
117.181
115.517
359.163
139.504
742.827
2393.73
15602.5
2.59521
2.01932
1.68797
15574.2
2485.51
849.513
2.87601
3.10966
3.62492
4.99791
8.2341
15.8345
26.8763
41.2663
75.8866
52.3153
88.653
78.5777
139.854
90.9382
419.122
1.26317
1.10576
1.4212
1.47939
1.02979
1.59634
1.00328
0.825723
0.825991
0.824454
0.83168
0.839346
0.850722
0.861699
0.872689
0.881807
0.888349
0.89332
0.896778
0.897566
0.896561
0.895771
0.895801
0.896648
0.897545
0.898253
0.900171
0.901565
0.903375
0.906775
1.12255
1.12512
1.15401
1.14373
1.13448
1.18203
1.16469
1.13585
1.18687
1.13908
1.13965
1.13734
1.22915
1.20742
1.13334
1.12695
1.12215
1.12139
1.13348
1.24888
1.20065
1.29828
1.27442
1.31334
1.35556
1.32464
1.39116
1.43531
1.39778
1.39217
1.58481
1.51793
1.26715
1.93059
1.68426
1.02846
2.53134
2.39186
2.30589
2.29721
2.2123
2.0764
3.22196
2.98671
2.77547
2.67977
0.950239
4.05637
3.80893
3.64209
4.34383
4.96381
0.909114
117.43
11.6248
6.67207
24.8962
56.5084
112.639
127.07
119.083
747.693
342.328
2418.62
15606.5
2.22054
1.81119
15551.8
2446.25
862.109
2.43076
2.6506
2.91247
3.22471
4.02971
5.75713
9.62244
17.3235
63.2041
25.8733
83.6249
68.9814
105.299
85.5334
114.526
409.813
1.35928
1.1455
1.3079
1.05888
1.4919
1.57187
1.015
1.70882
1.00138
0.826119
0.825466
0.824561
0.831384
0.839671
0.850792
0.861727
0.872031
0.880091
0.884501
0.885079
0.88445
0.881922
0.879827
0.879263
0.879504
0.880614
0.880506
0.882
0.884233
0.886242
0.890056
0.893358
1.10191
1.1082
1.12602
1.11735
1.11952
1.14559
1.13249
1.12539
1.1757
1.15403
1.12953
1.18862
1.13209
1.13236
1.13044
1.21374
1.12696
1.12237
1.12081
1.12437
1.15935
1.23557
1.2589
1.28289
1.2626
1.36829
1.33281
1.30563
1.39922
1.41345
1.37371
1.35458
1.55556
1.49763
1.11569
2.09593
1.94041
1.68128
0.978712
2.54159
2.39709
2.27649
2.4079
2.16364
3.41426
3.16247
2.83131
2.72294
0.927056
4.24739
4.00273
3.85189
4.69066
5.88525
0.896526
119.509
19.071
9.33934
43.3761
87.0509
118.623
141.655
129.062
2440.48
712.149
350.906
15581.6
1.90569
15569.4
2455.83
862.198
2.09757
2.21847
2.45929
2.63885
2.90473
3.28264
4.18367
6.23668
37.9111
9.32819
76.0808
46.7975
89.9292
78.9364
124.766
92.7059
400.268
1.39527
1.22423
1.08024
1.33435
1.02513
1.53344
1.62456
1.00421
1.77633
0.999596
0.837669
0.833083
0.835783
0.844855
0.855658
0.866552
0.875856
0.88192
0.883962
0.883479
0.880053
0.874813
0.869495
0.866882
0.866123
0.86666
0.866339
0.866932
0.869102
0.87169
0.875305
0.879394
0.884568
1.08158
1.09118
1.09954
1.09141
1.10391
1.11258
1.10232
1.11274
1.14349
1.12619
1.11956
1.17775
1.15936
1.12289
1.20138
1.12519
1.12572
1.1245
1.12196
1.12012
1.12078
1.13655
1.20675
1.22815
1.32145
1.25964
1.24389
1.39405
1.31076
1.28193
1.39183
1.38842
1.34699
1.2515
1.52917
1.4634
1.02143
2.0987
1.91626
2.04826
1.68149
0.949373
2.59224
2.41286
2.26789
2.6109
2.15506
3.62876
3.33294
2.91721
2.76766
0.910862
4.47567
4.14453
4.00191
5.28222
7.70073
0.890021
124.131
32.2954
14.526
71.5458
108.533
120.117
142.849
15561.1
2368.98
736.3
350.056
15565.3
2506.74
844.454
1.92369
2.02237
2.17142
2.34368
2.49096
2.72385
2.93978
3.39097
15.5991
4.11572
57.799
22.2228
84.296
63.8633
98.9262
124.351
86.2921
360.584
1.46933
1.12705
1.25043
1.27879
1.04355
1.38685
1.00875
1.6263
1.74056
0.998665
0.998882
0.870919
0.862469
0.865383
0.879756
0.891321
0.899601
0.901222
0.897345
0.891027
0.883214
0.87586
0.867967
0.861056
0.856131
0.854818
0.854526
0.854346
0.855558
0.858783
0.862765
0.867963
0.874251
0.880705
1.06247
1.07537
1.07468
1.06708
1.08815
1.08564
1.0774
1.09909
1.11489
1.10321
1.10804
1.1509
1.13565
1.11406
1.19222
1.17742
1.11695
1.11953
1.12055
1.11967
1.11899
1.11938
1.12539
1.16547
1.26612
1.20842
1.37413
1.24202
1.22488
1.40095
1.28552
1.26153
1.34779
1.36153
1.31862
1.09938
1.50151
1.4348
0.975942
1.98409
1.90598
2.02591
1.82913
2.11141
1.67109
0.927786
2.44411
2.64672
2.2655
2.78797
3.78028
3.50847
3.01593
0.900723
4.83385
4.29045
4.10917
6.43054
11.2437
0.887349
134.25
55.0387
24.0199
99.467
117.991
123.76
152.304
15583.7
2414.78
730.471
347.502
15584.7
2463.23
803.271
1.81802
1.95021
2.05887
2.20258
2.3567
2.50048
2.70628
5.70587
2.93374
31.1683
8.11719
71.1411
39.4645
99.4138
90.7066
154.216
75.6275
390.31
1.51934
1.16438
1.06052
1.2885
1.3224
1.01832
1.4339
0.999889
1.68285
0.996187
0.998615
0.940996
0.932733
0.936154
0.963262
0.97225
0.970508
0.953816
0.928645
0.903377
0.884891
0.871343
0.861499
0.8528
0.846366
0.844312
0.843628
0.843707
0.847368
0.852512
0.858215
0.864887
0.872283
0.87952
1.04438
1.05952
1.05426
1.04819
1.0736
1.06522
1.05931
1.08443
1.09123
1.08485
1.09577
1.12833
1.11394
1.10356
1.16857
1.14927
1.10817
1.19598
1.11168
1.11466
1.11592
1.11656
1.11783
1.12016
1.14034
1.21326
1.33186
1.39748
1.21752
1.207
1.39112
1.25866
1.23509
1.23149
1.33418
1.29036
1.01438
1.46571
1.39585
0.948814
1.94487
2.06716
1.84131
2.09841
1.82532
2.25781
1.65246
0.913542
2.67157
2.45433
2.87517
3.14781
3.90284
3.65053
0.896049
5.4854
4.50003
4.20618
8.67823
17.792
0.886761
149.593
84.0293
39.8582
113.255
120.533
132.628
15616
2388.55
732.759
345.495
15588.2
2417.15
837.891
1.80009
1.8754
1.99481
2.12064
2.23751
2.37933
3.24083
2.52986
11.9441
3.80659
47.1772
16.962
112.579
92.008
80.122
54.2303
121.872
380.246
1.60103
1.24143
1.09434
1.02789
1.30783
1.3627
1.00288
1.48907
0.995617
0.995529
0.998726
1.06003
1.07871
1.06752
1.11508
1.12498
1.1017
1.04575
0.980319
0.925505
0.889396
0.867662
0.853947
0.843716
0.836666
0.834624
0.834502
0.838046
0.843411
0.849673
0.856502
0.864066
0.871985
0.880289
1.02688
1.04433
1.03885
1.03431
1.05915
1.0497
1.04503
1.07086
1.074
1.06864
1.08226
1.10596
1.09205
1.09232
1.13969
1.11975
1.09879
1.17586
1.15954
1.10342
1.10751
1.11042
1.11278
1.11513
1.11763
1.12704
1.17129
1.27541
1.38077
1.40287
1.19772
1.18443
1.33877
1.23336
1.2138
1.08225
1.30005
1.262
0.973587
1.43391
1.35984
0.92922
1.92064
2.05558
2.26745
1.81577
2.26893
1.77765
2.47254
1.5966
1.73859
0.905796
2.68813
2.91559
3.29565
3.95377
3.71612
0.894449
6.74841
4.82754
4.36242
12.9317
28.8955
0.889984
103.837
64.5792
117.657
122.439
145.284
15601.8
2394.77
733.345
348.038
15609.4
2471.89
822.091
1.67829
1.75236
1.86983
1.95243
2.08216
2.70896
2.17965
4.7026
2.85913
22.5653
6.13735
94.8752
83.8385
59.7228
28.7134
126.558
98.5283
372.868
1.12506
1.34656
1.26729
1.28875
1.04915
1.01038
1.41911
0.996856
1.55475
0.993867
0.996031
0.99909
1.21511
1.279
1.26001
1.30403
1.31585
1.27801
1.18225
1.05564
0.956536
0.895353
0.862609
0.845404
0.834655
0.828147
0.827232
0.830255
0.835371
0.841817
0.848797
0.85633
0.865461
0.875238
0.885633
1.02867
1.01768
1.0301
1.04491
1.03752
1.03395
1.05747
1.0581
1.05283
1.06899
1.08212
1.07029
1.07981
1.11002
1.09161
1.08854
1.1419
1.12405
1.09438
1.1678
1.09939
1.10376
1.10754
1.11126
1.11468
1.1203
1.14396
1.22152
1.34264
1.40112
1.38956
1.1749
1.20622
1.20557
1.18703
1.00772
1.26905
1.2315
0.948568
1.38942
1.32089
0.917111
2.05185
1.89955
2.27738
2.47964
1.76727
2.4788
2.71863
1.53639
1.70261
1.66344
0.902392
3.00669
3.36838
4.00413
3.73658
0.894769
9.15681
5.45361
4.62059
20.215
46.0695
0.896822
112.227
87.8511
117.913
131.729
15592.6
2390.42
742.124
351.421
15568.6
2468.21
808.419
1.61058
1.6961
1.76832
1.86413
2.33625
1.94883
3.10941
2.4317
8.2025
3.4037
86.6657
65.1662
34.4702
10.7902
130.481
102.136
89.5898
364.812
1.06913
1.19154
1.37901
1.28673
1.31481
1.01939
1.00035
1.46159
0.994498
0.994541
0.996732
0.999348
1.39581
1.48967
1.47328
1.49761
1.48806
1.424
1.31165
1.14721
0.989513
0.899417
0.856387
0.836879
0.826614
0.821869
0.823771
0.828287
0.834436
0.841609
0.849934
0.859913
0.870575
0.881255
0.893003
1.0117
1.02807
1.02376
1.00432
1.01706
1.03138
1.04469
1.04284
1.03733
1.05604
1.06077
1.0511
1.06716
1.08253
1.06732
1.07724
1.10968
1.09218
1.08493
1.1454
1.12925
1.09087
1.09618
1.10094
1.10622
1.11066
1.11578
1.12882
1.17744
1.28583
1.38732
1.40452
1.32596
1.15365
1.06841
1.18066
1.16636
0.971125
1.23234
1.20278
0.930842
1.34775
1.2796
0.911366
2.26106
2.02834
1.87652
2.48051
2.74733
1.74685
2.73014
3.04938
1.46018
1.6313
1.59312
1.70363
0.901438
3.43725
4.09863
3.74774
0.900714
13.403
6.62676
5.08344
31.6865
65.9075
0.905945
113.536
101.457
122.936
145.387
15582.1
2405.66
749.284
342.879
15580.6
2440.78
794.082
1.52758
1.58377
1.66027
2.05898
1.72224
2.59422
2.15464
3.84338
2.73362
69.5009
40.0083
14.0181
4.41946
134.052
103.488
91.8889
73.1495
362.456
1.10262
1.03977
1.23919
1.44453
1.31645
1.35707
1.00683
0.997036
0.995101
0.996261
0.998192
0.999798
1.57899
1.68539
1.66162
1.66691
1.62448
1.52509
1.38999
1.21816
1.01872
0.900759
0.84995
0.829185
0.82027
0.818908
0.822418
0.827756
0.835252
0.844989
0.855079
0.865875
0.877264
0.889832
0.903727
1.00405
1.01626
1.01242
1.02659
1.02216
1.00523
1.01826
1.03173
1.04368
1.04184
1.03449
1.05467
1.05912
1.04686
1.06517
1.08116
1.06544
1.07451
1.11007
1.09453
1.08183
1.13451
1.08787
1.0935
1.09972
1.10569
1.11089
1.12095
1.14675
1.23159
1.35247
1.40463
1.38536
1.17862
1.00169
1.15377
1.14131
0.948477
1.20014
1.17181
0.921484
1.29052
1.24055
0.909206
2.2534
2.45953
2.01902
1.86578
2.75144
3.11103
3.09482
3.45479
1.39153
1.56012
1.53288
1.68492
1.64562
1.83605
0.904388
4.22038
3.75583
0.908849
20.142
8.69287
5.88147
47.6788
81.8633
0.91828
113.588
106.779
132.97
145.781
15594.4
2427.56
740.51
353.947
15598
2425.59
788.898
1.48523
1.55872
1.81067
1.59906
2.26328
1.88235
2.88879
2.38008
44.8598
17.1928
5.29469
3.04315
137.284
104.875
93.8653
75.9716
49.0051
356.421
1.15015
1.05733
1.01999
1.32137
1.34912
1.40705
1.00197
0.997153
0.996974
0.998402
0.999861
1.00031
1.75048
1.85689
1.82643
1.80159
1.70645
1.58032
1.43668
1.25736
1.04056
0.900652
0.843544
0.82268
0.81729
0.817886
0.822354
0.830043
0.840519
0.850528
0.861404
0.873895
0.887191
0.9015
0.916357
1.0057
1.00255
1.0148
1.01125
1.02523
1.01824
1.00565
1.01882
1.03147
1.04263
1.04008
1.03071
1.05314
1.05721
1.04391
1.06336
1.07975
1.06566
1.07213
1.11377
1.09803
1.07922
1.08541
1.09224
1.09931
1.10571
1.11463
1.12984
1.18477
1.29648
1.39339
1.40591
1.30668
1.05464
0.9692
1.13076
1.12177
0.933459
1.16502
1.1449
0.917236
1.24528
1.19495
0.90914
2.45105
2.2221
2.75247
1.98454
3.11521
3.44126
3.45807
1.32113
1.49987
1.47755
1.62802
1.59238
1.82349
1.78362
1.96819
0.912592
4.45843
3.81299
0.920238
29.7225
12.0098
7.21244
61.6859
92.4897
0.932531
116.841
107.939
148.125
15585.6
2389.16
755.067
359.626
15596.2
2422.82
776.997
1.68066
1.44751
1.97854
1.72807
2.48578
2.06107
20.7167
6.1775
3.23613
2.60091
139.862
104.877
94.9857
78.259
52.1936
23.6758
354.396
1.1903
1.09534
1.03565
1.01346
1.35426
1.41214
1.38683
1.38061
1.00171
0.999075
0.999463
1.00049
1.00104
1.00051
1.91607
2.01718
1.95986
1.87013
1.74237
1.60504
1.4578
1.27468
1.04957
0.898257
0.837097
0.819266
0.816234
0.818602
0.826011
0.835966
0.846334
0.857698
0.870993
0.88466
0.899224
0.914652
0.931436
1.00528
1.00261
1.01357
1.00862
1.02228
1.01501
1.00589
1.01879
1.03079
1.04144
1.03739
1.02724
1.05169
1.05405
1.04195
1.06157
1.07953
1.06579
1.07003
1.1002
1.07701
1.08402
1.09187
1.09938
1.10817
1.1207
1.15048
1.24287
1.36268
1.40771
1.37807
1.1502
0.995929
0.948347
1.10615
0.926385
1.13365
1.11658
0.916003
1.19571
1.15967
0.916175
2.41226
2.74146
2.2013
3.11162
3.42476
3.85332
1.2794
1.45001
1.43687
1.57454
1.53734
1.76639
1.71797
1.92186
1.89777
2.16344
0.92226
4.8439
0.933832
41.7976
16.8121
9.16248
72.9312
98.1086
0.949526
121.292
107.825
149.51
15589.5
2423.33
767.011
335.742
15606.1
2412
773.101
1.50389
1.82291
1.55175
2.16054
1.87467
7.36986
3.4232
2.70877
2.24045
141.49
105.665
96.0893
79.8614
54.7835
26.6294
8.40082
352.277
1.2654
1.12007
1.05873
1.02376
1.00957
1.3738
1.47098
1.40758
1.0041
1.00186
1.00208
1.00282
1.0027
1.00086
2.09623
2.11625
2.01347
1.89181
1.75206
1.6118
1.46428
1.27992
1.05169
0.891403
0.831625
0.817908
0.816838
0.823318
0.831749
0.842613
0.85476
0.868299
0.882262
0.897219
0.913172
0.930372
0.948789
1.00486
1.00158
1.01145
1.00649
1.0184
1.01199
1.006
1.01856
1.02999
1.04022
1.03338
1.02416
1.05043
1.05116
1.04005
1.06009
1.08222
1.06534
1.06817
1.07543
1.08362
1.09199
1.10139
1.11299
1.13125
1.19324
1.30907
1.39896
1.40596
1.28163
1.04128
0.967243
0.936799
1.08649
0.923754
1.10288
1.09329
0.919371
1.16227
1.12124
0.924847
2.7165
2.39595
3.0775
3.4207
3.95232
5.38464
1.41857
1.21003
1.51028
1.46851
1.69631
1.64076
1.84821
1.81505
2.12703
2.09016
2.34465
0.935327
0.950187
52.1946
23.1556
11.7499
81.7916
100.074
0.968226
132.743
108.922
157.124
15601.5
2437.42
727.065
354.482
15594.7
2413.44
768.61
1.61993
1.97423
1.67668
3.64474
2.8252
2.34077
2.02385
143.179
105.93
96.5914
80.9638
56.4044
28.6055
9.58562
3.84059
354.901
1.31363
1.17169
1.08702
1.04632
1.02114
1.0099
1.40137
1.51132
1.45848
1.00665
1.0054
1.00498
1.0046
1.00409
2.16045
2.123
2.01432
1.88284
1.73968
1.60431
1.46085
1.27659
1.04271
0.879615
0.827736
0.817917
0.821711
0.828771
0.839578
0.852362
0.865737
0.880086
0.895429
0.911848
0.929304
0.948109
0.967985
1.00861
1.01385
1.00932
1.006
1.01816
1.02906
1.03916
1.02907
1.02134
1.0494
1.05003
1.03714
1.05878
1.06618
1.06663
1.07489
1.08378
1.09351
1.10528
1.12004
1.15561
1.25561
1.37278
1.41065
1.36644
1.1211
0.990586
0.949427
0.931693
0.923729
1.07845
1.06891
0.928009
1.11788
1.09686
0.936774
2.69955
3.05967
3.41916
4.07256
6.1726
1.4686
1.50865
1.6128
1.54318
1.76942
1.72566
2.04139
2.01085
2.32029
2.25943
2.65058
0.950856
0.968613
60.598
31.1992
14.9041
88.0609
101.1
0.988829
146.63
112.018
15607.5
2383.99
763.546
359.282
15589.8
2409.58
770.743
1.74502
1.58627
2.92117
2.42068
2.1226
1.79968
139.204
106.341
97.239
81.4446
57.587
30.2161
10.3351
4.04648
3.02505
350.449
1.43868
1.06278
1.03636
1.02165
1.01334
1.49508
1.0103
1.92088
2.01948
1.94882
1.82596
1.6992
1.57684
1.44094
1.25643
1.01583
0.865727
0.826314
0.821953
0.827464
0.837241
0.850264
0.863594
0.878116
0.893827
0.910594
0.928353
0.94753
0.96777
0.988802
1.00594
1.01771
1.02822
1.03837
1.026
1.01718
1.04852
1.04984
1.03461
1.05751
1.06596
1.07492
1.08501
1.09692
1.11064
1.13388
1.20219
1.32469
1.40378
1.40362
1.24875
1.02876
0.965586
0.940883
0.930333
0.931018
1.05519
1.05149
0.93819
0.951753
3.01556
3.41554
4.20857
7.09529
1.54007
1.58326
1.67882
1.62589
1.94912
1.91586
2.22904
2.16148
2.62567
2.55986
2.97779
0.969057
0.988802
67.6082
38.8256
18.264
91.7558
101.37
147.778
116.443
15592.2
2434.77
774.299
328.403
15565.1
2434.45
761.286
1.62319
2.51151
2.17146
1.86775
1.69492
140.867
105.648
97.2554
81.308
57.5203
30.8139
11.0544
4.22647
3.1095
2.58714
1.033
1.02301
1.62549
1.84863
1.83649
1.7428
1.64172
1.5382
1.41099
1.22285
0.980556
0.853993
0.827024
0.827912
0.835819
0.848518
0.861943
0.876562
0.89246
0.909433
0.927589
0.947018
0.967477
0.988762
1.00583
1.01723
1.02753
1.03773
1.0477
1.05682
1.06584
1.07597
1.0876
1.10179
1.11974
1.1617
1.26943
1.38295
1.41265
1.34956
1.09344
0.985802
0.951512
0.937749
0.93375
0.940188
0.952845
0.969367
3.39705
4.33583
8.15949
1.73183
1.84398
1.8067
2.11968
2.0465
2.5258
2.44549
2.92631
2.8695
3.37645
0.988761
73.1368
45.0458
21.9622
94.4855
102.938
152.074
127.324
15593.9
2463.66
725.206
15574.7
2420.79
2.26913
1.92379
105.122
96.9866
80.7938
57.0567
30.5537
11.2655
4.37957
3.18769
2.67218
2.31419
1.33807
1.64655
1.69581
1.65047
1.57802
1.4947
1.37548
1.17872
0.944454
0.8486
0.831809
0.835974
0.847425
0.860658
0.875485
0.891386
0.908457
0.926915
0.946544
0.967169
0.988771
1.00574
1.01682
1.02696
1.03719
1.04722
1.05666
1.06652
1.07804
1.09186
1.10861
1.13642
1.21286
1.34172
1.40899
1.39875
1.20797
1.01725
0.964621
0.945377
0.937581
0.942855
0.953841
0.969615
0.988778
4.45367
9.19091
1.99605
2.40614
2.80678
2.73978
3.33369
3.29483
4.50515
77.1395
50.3591
25.5158
96.1202
15613.2
2378.89
15603.9
79.4303
55.9437
29.7644
11.1433
4.49626
3.24057
1.1381
1.41673
1.54532
1.55497
1.5166
1.45162
1.3344
1.12596
0.914304
0.847268
0.838967
0.847286
0.859901
0.874736
0.890734
0.907802
0.926315
0.946078
0.966924
0.988788
1.00564
1.01644
1.02657
1.03695
1.04713
1.05703
1.06811
1.08135
1.09805
1.11924
1.16923
1.28391
1.3942
1.41428
1.32472
1.06995
0.981745
0.95437
0.94366
0.945284
0.954816
0.970031
0.988826
10.1388
4.52609
10.7923
53.5671
28.1472
15613.4
1.0531
1.2312
1.40472
1.46535
1.46211
1.41094
1.28688
1.0674
0.891191
0.84848
0.848951
0.860089
0.874532
0.890388
0.907427
0.925875
0.94565
0.966783
0.98878
1.00556
1.01612
1.02636
1.03699
1.04737
1.05816
1.07088
1.08637
1.10644
1.13899
1.22583
1.35851
1.41479
1.39066
1.16412
1.00673
0.964911
0.950593
0.9473
0.956317
0.970616
0.988839
1.0187
1.12136
1.28933
1.39337
1.41861
1.37057
1.2317
1.00969
0.879351
0.855071
0.86182
0.875026
0.890387
0.907239
0.925658
0.945393
0.96673
0.988747
1.00549
1.01591
1.0264
1.03729
1.04819
1.06025
1.07497
1.09353
1.11917
1.17682
1.3005
1.40456
1.4162
1.28991
1.04842
0.97854
0.957618
0.950428
0.958274
0.971023
0.98883
1.00329
1.0697
1.21037
1.34579
1.38387
1.32699
1.17108
0.96013
0.87573
0.866089
0.876329
0.89101
0.907445
0.925625
0.945291
0.966727
0.988691
1.00543
1.01586
1.02665
1.03799
1.04978
1.06354
1.08054
1.10389
1.14121
1.24039
1.37566
1.42005
1.37536
1.12077
0.998338
0.966153
0.955754
0.959813
0.971305
0.988936
0.995471
1.04028
1.17273
1.32005
1.35139
1.27956
1.10737
0.924165
0.876485
0.87893
0.892354
0.908121
0.92586
0.945405
0.966667
0.988672
1.00541
1.01596
1.02724
1.03915
1.05225
1.06815
1.08859
1.11892
1.18364
1.3208
1.41309
1.41434
1.24312
1.03057
0.976785
0.962116
0.960902
0.972103
0.989049
0.989077
1.02687
1.16362
1.30399
1.3178
1.22878
1.04108
0.908217
0.884524
0.894472
0.909265
0.926488
0.94573
0.966814
0.988649
1.00542
1.01625
1.02818
1.04098
1.05571
1.07454
1.10047
1.14345
1.2558
1.38996
1.42395
1.35064
1.08708
0.99199
0.968641
0.962682
0.973443
0.988913
0.985692
1.02577
1.17038
1.28997
1.28296
1.17165
0.981108
0.903605
0.897968
0.911018
0.92755
0.946307
0.966979
0.988767
1.00549
1.0168
1.02945
1.04359
1.0607
1.08351
1.11745
1.19186
1.34236
1.42017
1.40635
1.18834
1.01594
0.977022
0.967036
0.974263
0.988619
0.98567
1.03432
1.18676
1.27406
1.24443
1.10626
0.943801
0.904753
0.913179
0.928961
0.94717
0.967263
0.988958
1.00563
1.01762
1.03126
1.04716
1.06779
1.09607
1.14625
1.2717
1.40375
1.42547
1.31079
1.05751
0.988064
0.972771
0.97426
0.988613
0.987367
1.05233
1.20487
1.25432
1.19827
1.03586
0.928991
0.916091
0.930794
0.948352
0.967847
0.989191
1.00584
1.01877
1.03382
1.05213
1.07741
1.11465
1.20227
1.36202
1.42656
1.39018
1.1306
1.00472
0.978847
0.974683
0.988954
0.98262
1.08051
1.21384
1.22985
1.14144
0.9765
0.926221
0.932438
0.949711
0.968707
0.989426
1.00618
1.0203
1.03726
1.05908
1.09067
1.14803
1.28952
1.41559
1.42529
1.25329
1.03345
0.986158
0.97738
0.989109
0.987001
1.11361
1.21028
1.19651
1.07151
0.950919
0.933468
0.950658
0.969857
0.98976
1.00672
1.02232
1.04183
1.06892
1.11063
1.21242
1.38087
1.43251
1.36008
1.08671
0.996904
0.98152
0.988386
1.00205
1.14219
1.19447
1.14772
0.999561
0.944431
0.951852
0.97148
0.990242
1.00741
1.0251
1.04815
1.08296
1.14711
1.31009
1.42487
1.4156
1.18374
1.01477
0.986953
0.98745
1.02718
1.15362
1.16716
1.08004
0.966197
0.950235
0.971688
0.99084
1.00827
1.02887
1.0573
1.1042
1.22011
1.39784
1.43419
1.30714
1.04887
0.992327
0.986946
1.05407
1.14455
1.12323
1.00578
0.959003
0.970378
0.992045
1.00947
1.034
1.07115
1.14374
1.32962
1.43263
1.39346
1.11085
1.00195
0.988677
1.0654
1.11509
1.05639
0.974282
0.970923
0.993847
1.01117
1.04161
1.092
1.22678
1.41121
1.43183
1.22243
1.02052
0.991631
1.05846
1.06514
0.994876
0.971187
0.993919
1.01359
1.05288
1.13436
1.34592
1.43809
1.34302
1.05629
0.996556
1.03034
1.00234
0.978065
0.987983
1.01701
1.0702
1.22799
1.4161
1.40942
1.11912
1.00271
0.979612
0.97793
0.991146
1.02226
1.11075
1.35123
1.43109
1.23871
1.0119
0.962438
0.998849
1.02905
1.20851
1.40945
1.3511
1.03297
1.05144
1.04767
1.33475
1.39674
1.07775
1.12294
1.39034
1.18413
1.23486
1.27586
1.26211
)
;

boundaryField
{
    lowerOutlet
    {
        type            inletOutlet;
        inletValue      uniform 1;
        value           nonuniform List<scalar> 
144
(
1
1
1
1
1
1
1
1
1
1
1
1
1
1
1
1
1
1
1
1
1
1
1
1
1
1
1
1
1
1
1
1
1
1
1
1
1
1
1
1
1.9653
5.53434
12.0474
16.3194
1
1
1
1
371.443
1
1
1
1
1
1
1
1
1
1
1
1
1
1
1
1
1
1
1
1
1
1
1
1
1
1
1
1
1
1
1
1
1
1
1
1
1
1
1
1
1
1
1
1
1
1
1
1
1
3.33135
8.9005
14.227
1
20.0745
51.8077
1
198.258
1
1
1
1
1
1
1
1
1
1
1
1
37.1215
1
1
1
1
1
1
1
1
14.839
1
44.867
1
1
1
1
1
1
1
1
1
1
1
1
1
1
)
;
    }
    top
    {
        type            inletOutlet;
        inletValue      uniform 1;
        value           nonuniform List<scalar> 
100
(
1.0142
1.08505
1.11623
1.11959
1.12038
1.14394
1.19901
1.29332
1.38526
1.39846
1.33699
1.20809
1.12473
1.10635
1.12056
1.16843
1.25842
1.44623
1.67622
1.78219
1.78403
1.73251
1.61699
1.47325
1.31982
1.17909
1.12342
1.38075
2.60535
4.45923
5.08288
5.36714
6.01702
6.53037
6.64299
6.1832
4.60211
2.65384
1.7834
1.40628
1.18744
1.08128
1.03357
1.0102
0.998144
0.992503
0.990806
0.994988
1.0069
1.02854
1.06064
1.09827
1.13206
1.1537
1.16201
1.16157
1.14319
1.10671
1.04927
0.980926
0.916382
0.870463
0.842895
0.830031
0.825723
0.826119
0.837669
0.870919
0.940996
1.06003
1.21511
1.39581
1.57899
1.75048
1.91607
2.09623
1
1
1
1
1
1
1
1
1
1
1
1
1
0.98262
0.987001
1.00205
1.02718
1.05407
1.0654
1.05846
1.03034
0.979612
0.962438
1
)
;
    }
    sides
    {
        type            inletOutlet;
        inletValue      uniform 1;
        value           uniform 1;
    }
    front
    {
        type            empty;
    }
    back
    {
        type            empty;
    }
    roller
    {
        Cmu             0.09;
        kappa           0.41;
        E               9.8;
        beta1           0.075;
        blended         false;
        type            omegaWallFunction;
        value           nonuniform List<scalar> 
144
(
15591
15587.1
15595.3
15595.6
15565.3
15593.9
15591.9
15580.2
15561.1
15600.3
15587.4
15588.2
15588.7
15590.6
15587.9
15590.5
15590.3
15574.9
15569.4
15599.1
15615.3
15602.2
15601.5
15581.5
15592.6
15612.1
15613.6
15581.6
15588.4
15598.9
15590.4
15590.5
15599.3
15579.7
15584.7
15593.5
15589.7
15585.6
15600.9
15583.3
15570.9
15586.6
15589.8
15590
15596.7
15596.6
15598.7
15598.2
15584.5
15581.2
15557.3
15551.8
15599.2
15608.5
15607.5
15601.8
15593.4
15590.2
15588
15588.1
15578.5
15609.4
15568.6
15606.1
15574.7
15595.7
15605.4
15586.7
15594.5
15582.2
15592.2
15597.1
15605.4
15552.3
15600.7
15596.2
15610.4
15568.6
15565.1
15577.9
15613.2
15592.2
15582.1
15559.9
15582.5
15583.7
15598.9
15606.7
15591.2
15589.2
15589
15592.9
15585.9
15597.2
15596.9
15595.9
15608.1
15574.2
15599
15580.6
15594.7
15603.9
15613.4
15585.6
15614.9
15605
15606.5
15602.5
15585.1
15581.9
15556.1
15578
15579.1
15586.8
15575.7
15598.5
15591.6
15591.7
15586.4
15581
15588.2
15585.5
15602.8
15598
15598.8
15593.5
15589.8
15606.8
15615.8
15589.5
15594.1
15594.4
15616
15612.7
15601
15569.4
15595
15614.3
15574.7
15578.9
15586.5
15557.3
15578.6
15586.4
)
;
    }
    burner
    {
        type            zeroGradient;
    }
}


// ************************************************************************* //
