/*--------------------------------*- C++ -*----------------------------------*\
  =========                 |
  \\      /  F ield         | OpenFOAM: The Open Source CFD Toolbox
   \\    /   O peration     | Website:  https://openfoam.org
    \\  /    A nd           | Version:  dev
     \\/     M anipulation  |
\*---------------------------------------------------------------------------*/
FoamFile
{
    version     2.0;
    format      ascii;
    class       cellSet;
    location    "constant/polyMesh/sets";
    object      protectedCells;
}
// * * * * * * * * * * * * * * * * * * * * * * * * * * * * * * * * * * * * * //


218
(
7181 
5137 
1041 
4121 
4123 
7206 
8231 
5160 
3112 
4137 
6191 
3129 
7230 
7233 
2114 
4169 
6221 
2133 
8280 
7260 
4193 
6248 
8299 
5247 
7296 
1156 
8326 
6287 
5270 
4261 
8360 
3240 
6317 
2229 
4287 
1215 
5313 
7373 
4305 
3282 
8411 
6385 
7410 
1276 
2301 
3327 
4352 
7430 
8459 
2320 
4379 
7454 
7457 
6443 
8492 
4397 
4399 
5425 
3389 
7487 
3391 
3396 
3397 
5456 
6484 
4442 
8542 
7520 
3437 
2415 
6514 
5490 
2419 
8565 
4470 
7548 
1405 
3454 
4488 
5513 
8591 
6545 
6568 
3505 
3508 
7606 
3512 
6585 
3513 
2494 
1470 
4558 
2515 
6615 
7642 
3547 
1500 
4573 
8673 
5602 
3564 
6642 
4616 
7694 
1564 
1565 
1566 
1567 
6688 
4643 
1571 
5669 
3621 
3624 
7726 
560 
4660 
2612 
6718 
1605 
3657 
593 
7764 
6749 
4701 
1629 
3678 
1630 
1631 
1632 
1644 
7789 
1649 
627 
6772 
628 
4728 
3707 
8828 
2695 
6793 
4747 
6796 
8850 
5782 
664 
2716 
1703 
1704 
1705 
7850 
5815 
3769 
1728 
705 
6856 
4814 
3790 
7894 
5849 
1762 
8934 
3815 
747 
7916 
2798 
5874 
1783 
1784 
3839 
7939 
7943 
5896 
4874 
6930 
8979 
791 
4899 
3878 
7976 
3895 
4925 
6974 
837 
1867 
1868 
8022 
3928 
4961 
7010 
8037 
7013 
5989 
3942 
2920 
6003 
885 
4986 
7040 
8069 
3980 
1934 
6033 
7070 
3998 
935 
6061 
7094 
3006 
3027 
8151 
987 
4075 
7150 
9206 
2044 
4093 
2045 
)

// ************************************************************************* //
