/*--------------------------------*- C++ -*----------------------------------*\
  =========                 |
  \\      /  F ield         | OpenFOAM: The Open Source CFD Toolbox
   \\    /   O peration     | Website:  https://openfoam.org
    \\  /    A nd           | Version:  dev
     \\/     M anipulation  |
\*---------------------------------------------------------------------------*/
FoamFile
{
    version     2.0;
    format      ascii;
    class       volScalarField;
    location    "2500";
    object      O2;
}
// * * * * * * * * * * * * * * * * * * * * * * * * * * * * * * * * * * * * * //

dimensions      [0 0 0 0 0 0 0];

internalField   nonuniform List<scalar> 
9842
(
0.23301
0.23301
0.23301
0.23301
0.23301
0.23301
0.23301
0.23301
0.23301
0.23301
0.23301
0.23301
0.23301
0.23301
0.23301
0.23301
0.23301
0.23301
0.23301
0.23301
0.23301
0.23301
0.23301
0.23301
0.23301
0.23301
0.23301
0.23301
0.23301
0.23301
0.23301
0.23301
0.23301
0.23301
0.23301
0.23301
0.23301
0.23301
0.23301
0.23301
0.23301
0.23301
0.23301
0.23301
0.23301
0.23301
0.23301
0.23301
0.23301
0.23301
0.23301
0.23301
0.23301
0.23301
0.23301
0.23301
0.23301
0.23301
0.23301
0.23301
0.23301
0.23301
0.23301
0.23301
0.23301
0.23301
0.23301
0.23301
0.23301
0.23301
0.23301
0.23301
0.23301
0.23301
0.23301
0.23301
0.23301
0.23301
0.23301
0.23301
0.23301
0.23301
0.23301
0.23301
0.23301
0.23301
0.23301
0.23301
0.23301
0.23301
0.23301
0.23301
0.23301
0.23301
0.23301
0.23301
0.23301
0.23301
0.23301
0.23301
0.23301
0.23301
0.23301
0.23301
0.23301
0.23301
0.23301
0.23301
0.23301
0.23301
0.23301
0.23301
0.23301
0.23301
0.23301
0.23301
0.23301
0.23301
0.23301
0.23301
0.23301
0.23301
0.23301
0.23301
0.23301
0.23301
0.23301
0.23301
0.23301
0.23301
0.23301
0.23301
0.23301
0.23301
0.23301
0.23301
0.23301
0.23301
0.23301
0.23301
0.23301
0.23301
0.23301
0.23301
0.23301
0.23301
0.23301
0.23301
0.23301
0.23301
0.23301
0.23301
0.23301
0.23301
0.23301
0.23301
0.23301
0.23301
0.23301
0.23301
0.23301
0.23301
0.23301
0.23301
0.23301
0.23301
0.23301
0.23301
0.23301
0.23301
0.23301
0.23301
0.23301
0.23301
0.23301
0.23301
0.23301
0.23301
0.23301
0.23301
0.23301
0.23301
0.23301
0.23301
0.23301
0.23301
0.23301
0.23301
0.23301
0.23301
0.23301
0.23301
0.23301
0.23301
0.23301
0.23301
0.23301
0.23301
0.23301
0.23301
0.23301
0.23301
0.23301
0.23301
0.23301
0.23301
0.23301
0.23301
0.23301
0.23301
0.23301
0.23301
0.23301
0.23301
0.23301
0.23301
0.23301
0.23301
0.23301
0.23301
0.23301
0.23301
0.23301
0.23301
0.23301
0.23301
0.23301
0.23301
0.23301
0.23301
0.23301
0.23301
0.23301
0.23301
0.23301
0.23301
0.23301
0.23301
0.23301
0.23301
0.23301
0.23301
0.23301
0.23301
0.23301
0.23301
0.23301
0.23301
0.23301
0.23301
0.23301
0.23301
0.23301
0.23301
0.23301
0.23301
0.23301
0.23301
0.23301
0.23301
0.23301
0.23301
0.23301
0.23301
0.23301
0.23301
0.23301
0.23301
0.23301
0.23301
0.23301
0.23301
0.23301
0.23301
0.23301
0.23301
0.23301
0.23301
0.23301
0.23301
0.23301
0.23301
0.23301
0.23301
0.23301
0.23301
0.23301
0.23301
0.23301
0.23301
0.23301
0.23301
0.23301
0.23301
0.23301
0.23301
0.23301
0.23301
0.23301
0.23301
0.23301
0.23301
0.23301
0.23301
0.23301
0.23301
0.23301
0.23301
0.23301
0.23301
0.23301
0.23301
0.23301
0.23301
0.23301
0.23301
0.23301
0.23301
0.23301
0.23301
0.23301
0.23301
0.23301
0.23301
0.23301
0.23301
0.23301
0.23301
0.23301
0.23301
0.23301
0.23301
0.23301
0.23301
0.23301
0.23301
0.23301
0.23301
0.23301
0.23301
0.23301
0.23301
0.23301
0.23301
0.23301
0.23301
0.23301
0.23301
0.23301
0.23301
0.23301
0.23301
0.23301
0.23301
0.23301
0.23301
0.23301
0.23301
0.23301
0.23301
0.23301
0.23301
0.23301
0.23301
0.23301
0.23301
0.23301
0.23301
0.23301
0.23301
0.23301
0.23301
0.23301
0.23301
0.23301
0.23301
0.23301
0.23301
0.23301
0.23301
0.23301
0.23301
0.23301
0.23301
0.23301
0.23301
0.23301
0.23301
0.23301
0.23301
0.23301
0.23301
0.23301
0.23301
0.23301
0.23301
0.23301
0.23301
0.23301
0.23301
0.23301
0.23301
0.23301
0.23301
0.23301
0.23301
0.23301
0.23301
0.23301
0.23301
0.23301
0.23301
0.23301
0.23301
0.23301
0.23301
0.23301
0.23301
0.23301
0.23301
0.23301
0.23301
0.23301
0.23301
0.23301
0.23301
0.23301
0.23301
0.23301
0.23301
0.23301
0.23301
0.23301
0.23301
0.23301
0.23301
0.23301
0.23301
0.23301
0.23301
0.23301
0.23301
0.23301
0.23301
0.23301
0.23301
0.23301
0.23301
0.23301
0.23301
0.23301
0.23301
0.23301
0.23301
0.23301
0.23301
0.23301
0.23301
0.23301
0.23301
0.23301
0.23301
0.23301
0.23301
0.23301
0.23301
0.23301
0.23301
0.23301
0.23301
0.23301
0.23301
0.23301
0.23301
0.23301
0.23301
0.23301
0.23301
0.23301
0.23301
0.23301
0.23301
0.23301
0.23301
0.23301
0.23301
0.23301
0.23301
0.23301
0.23301
0.23301
0.23301
0.23301
0.23301
0.23301
0.23301
0.23301
0.23301
0.23301
0.23301
0.23301
0.23301
0.23301
0.23301
0.23301
0.23301
0.23301
0.23301
0.23301
0.23301
0.23301
0.23301
0.23301
0.23301
0.23301
0.23301
0.23301
0.23301
0.23301
0.23301
0.23301
0.23301
0.23301
0.23301
0.23301
0.23301
0.23301
0.23301
0.23301
0.23301
0.23301
0.23301
0.23301
0.23301
0.23301
0.23301
0.23301
0.23301
0.23301
0.23301
0.23301
0.23301
0.23301
0.23301
0.23301
0.23301
0.23301
0.23301
0.23301
0.23301
0.23301
0.23301
0.23301
0.23301
0.23301
0.23301
0.23301
0.23301
0.23301
0.23301
0.23301
0.23301
0.23301
0.23301
0.23301
0.23301
0.23301
0.23301
0.23301
0.23301
0.23301
0.23301
0.23301
0.23301
0.23301
0.23301
0.23301
0.23301
0.23301
0.23301
0.23301
0.23301
0.23301
0.23301
0.23301
0.23301
0.23301
0.23301
0.23301
0.23301
0.23301
0.23301
0.23301
0.23301
0.23301
0.23301
0.23301
0.23301
0.23301
0.23301
0.23301
0.23301
0.23301
0.23301
0.23301
0.23301
0.23301
0.23301
0.23301
0.23301
0.23301
0.23301
0.23301
0.23301
0.23301
0.23301
0.23301
0.23301
0.23301
0.23301
0.23301
0.23301
0.23301
0.23301
0.23301
0.23301
0.23301
0.23301
0.23301
0.23301
0.23301
0.23301
0.23301
0.23301
0.23301
0.23301
0.23301
0.23301
0.23301
0.23301
0.23301
0.23301
0.23301
0.23301
0.23301
0.23301
0.23301
0.23301
0.23301
0.23301
0.23301
0.23301
0.23301
0.23301
0.23301
0.23301
0.23301
0.23301
0.23301
0.23301
0.23301
0.23301
0.23301
0.23301
0.23301
0.23301
0.23301
0.23301
0.23301
0.23301
0.23301
0.23301
0.23301
0.23301
0.23301
0.23301
0.23301
0.23301
0.23301
0.23301
0.23301
0.23301
0.23301
0.23301
0.23301
0.23301
0.23301
0.23301
0.23301
0.23301
0.23301
0.23301
0.23301
0.23301
0.23301
0.23301
0.23301
0.23301
0.23301
0.23301
0.23301
0.23301
0.23301
0.23301
0.23301
0.23301
0.23301
0.23301
0.23301
0.23301
0.23301
0.23301
0.23301
0.23301
0.23301
0.23301
0.23301
0.23301
0.23301
0.23301
0.23301
0.23301
0.23301
0.23301
0.23301
0.23301
0.23301
0.23301
0.23301
0.23301
0.23301
0.23301
0.23301
0.23301
0.23301
0.23301
0.23301
0.23301
0.23301
0.23301
0.23301
0.23301
0.233009
0.233009
0.233008
0.233008
0.233009
0.233009
0.23301
0.23301
0.23301
0.23301
0.23301
0.23301
0.23301
0.23301
0.23301
0.23301
0.23301
0.23301
0.23301
0.23301
0.23301
0.23301
0.23301
0.23301
0.23301
0.23301
0.23301
0.23301
0.23301
0.23301
0.23301
0.23301
0.23301
0.23301
0.23301
0.23301
0.23301
0.23301
0.23301
0.23301
0.23301
0.23301
0.23301
0.233009
0.233008
0.233005
0.233001
0.232997
0.232997
0.233002
0.233009
0.233006
0.23301
0.233009
0.23301
0.23301
0.23301
0.23301
0.23301
0.23301
0.23301
0.23301
0.23301
0.23301
0.23301
0.23301
0.23301
0.23301
0.23301
0.23301
0.23301
0.23301
0.23301
0.23301
0.23301
0.23301
0.23301
0.23301
0.23301
0.23301
0.23301
0.23301
0.23301
0.23301
0.23301
0.23301
0.23301
0.23301
0.233009
0.233008
0.233002
0.232989
0.23297
0.232947
0.232929
0.232931
0.232997
0.232962
0.233006
0.232996
0.233009
0.233006
0.23301
0.233009
0.23301
0.23301
0.23301
0.23301
0.23301
0.23301
0.23301
0.23301
0.23301
0.23301
0.23301
0.23301
0.23301
0.23301
0.23301
0.23301
0.23301
0.23301
0.23301
0.23301
0.23301
0.23301
0.23301
0.23301
0.23301
0.23301
0.23301
0.23301
0.23301
0.23301
0.23301
0.23301
0.233009
0.233004
0.232988
0.232949
0.232878
0.232785
0.232687
0.232616
0.232857
0.232574
0.23296
0.232846
0.232995
0.232958
0.233006
0.232995
0.233009
0.233006
0.233009
0.23301
0.233009
0.233009
0.23301
0.23301
0.23301
0.23301
0.23301
0.23301
0.23301
0.23301
0.23301
0.23301
0.23301
0.23301
0.23301
0.23301
0.23301
0.23301
0.23301
0.23301
0.23301
0.23301
0.23301
0.23301
0.23301
0.23301
0.23301
0.23301
0.23301
0.23301
0.233008
0.232999
0.232962
0.232866
0.232688
0.232424
0.232157
0.231912
0.232205
0.23172
0.232563
0.232127
0.232837
0.232537
0.232955
0.232826
0.232994
0.232951
0.233006
0.232994
0.233006
0.23301
0.233007
0.233008
0.23301
0.23301
0.23301
0.23301
0.23301
0.23301
0.23301
0.23301
0.23301
0.23301
0.23301
0.23301
0.23301
0.23301
0.23301
0.23301
0.23301
0.23301
0.23301
0.23301
0.23301
0.23301
0.23301
0.23301
0.23301
0.23301
0.23301
0.23301
0.233008
0.232995
0.232933
0.232761
0.232438
0.232011
0.231532
0.231147
0.231343
0.230885
0.231662
0.231208
0.232083
0.231597
0.23251
0.232033
0.232814
0.232477
0.232949
0.232802
0.232995
0.232949
0.232997
0.233009
0.232999
0.233002
0.23301
0.233009
0.23301
0.23301
0.23301
0.23301
0.23301
0.23301
0.23301
0.23301
0.23301
0.23301
0.23301
0.23301
0.23301
0.23301
0.23301
0.23301
0.23301
0.23301
0.23301
0.23301
0.23301
0.23301
0.23301
0.23301
0.23301
0.23301
0.233009
0.232995
0.232913
0.232656
0.23219
0.231635
0.231066
0.230548
0.230572
0.230254
0.23077
0.230388
0.231108
0.230639
0.231521
0.231001
0.231971
0.231427
0.23244
0.231897
0.232794
0.232407
0.232953
0.232795
0.23296
0.233005
0.232969
0.232979
0.23301
0.233007
0.23301
0.23301
0.23301
0.23301
0.23301
0.23301
0.23301
0.23301
0.23301
0.23301
0.23301
0.23301
0.23301
0.23301
0.23301
0.23301
0.23301
0.23301
0.23301
0.23301
0.23301
0.23301
0.23301
0.23301
0.23301
0.23301
0.233009
0.232996
0.23291
0.232592
0.231988
0.231321
0.230819
0.230342
0.230099
0.230015
0.230077
0.229871
0.230217
0.229871
0.230496
0.230035
0.230872
0.230329
0.231308
0.230711
0.231814
0.231172
0.232386
0.231733
0.232809
0.232391
0.232834
0.23299
0.232866
0.232902
0.233009
0.232999
0.23301
0.23301
0.23301
0.23301
0.23301
0.23301
0.23301
0.23301
0.23301
0.23301
0.23301
0.23301
0.23301
0.23301
0.23301
0.23301
0.23301
0.23301
0.23301
0.23301
0.23301
0.23301
0.23301
0.23301
0.23301
0.23301
0.233009
0.232998
0.232914
0.232585
0.231897
0.231351
0.230861
0.230381
0.229893
0.229774
0.229708
0.229624
0.229484
0.229649
0.229358
0.229828
0.229398
0.230127
0.229583
0.230518
0.229885
0.231024
0.230303
0.231668
0.230882
0.232433
0.23164
0.232493
0.232938
0.232572
0.232677
0.233005
0.232969
0.23301
0.233008
0.23301
0.23301
0.23301
0.23301
0.23301
0.23301
0.23301
0.23301
0.23301
0.23301
0.23301
0.23301
0.23301
0.23301
0.23301
0.23301
0.23301
0.23301
0.23301
0.23301
0.23301
0.23301
0.23301
0.23301
0.23301
0.233002
0.232927
0.232599
0.231923
0.231511
0.231158
0.23066
0.230048
0.229486
0.229558
0.229441
0.229449
0.229174
0.229092
0.229064
0.228836
0.229112
0.228736
0.229296
0.228786
0.229609
0.228974
0.230083
0.229316
0.230762
0.229876
0.23167
0.230691
0.231761
0.232784
0.231927
0.232168
0.232991
0.232876
0.23301
0.233003
0.23301
0.23301
0.23301
0.23301
0.23301
0.23301
0.23301
0.23301
0.23301
0.23301
0.23301
0.23301
0.23301
0.23301
0.23301
0.23301
0.23301
0.23301
0.23301
0.23301
0.23301
0.23301
0.23301
0.23301
0.23301
0.233006
0.232952
0.232643
0.231978
0.231671
0.231563
0.231451
0.230628
0.229619
0.229767
0.229171
0.229219
0.229085
0.229111
0.228711
0.228677
0.228471
0.22831
0.228373
0.228086
0.228421
0.228007
0.228629
0.228061
0.229033
0.22829
0.229703
0.228782
0.230681
0.229585
0.230748
0.232393
0.230911
0.231203
0.232943
0.232623
0.233009
0.232986
0.23301
0.23301
0.23301
0.23301
0.23301
0.23301
0.23301
0.23301
0.23301
0.23301
0.23301
0.23301
0.23301
0.23301
0.23301
0.23301
0.23301
0.23301
0.23301
0.23301
0.23301
0.23301
0.23301
0.23301
0.23301
0.233008
0.232976
0.232723
0.232051
0.231766
0.231825
0.232168
0.231989
0.230075
0.230948
0.22929
0.22948
0.228788
0.228853
0.228688
0.228737
0.228243
0.228246
0.227936
0.227892
0.227792
0.227708
0.227733
0.227599
0.22775
0.227524
0.227989
0.227521
0.228578
0.227745
0.22954
0.22844
0.229587
0.231616
0.229743
0.230028
0.23281
0.232079
0.233005
0.232931
0.23301
0.23301
0.23301
0.23301
0.23301
0.23301
0.23301
0.23301
0.23301
0.23301
0.23301
0.23301
0.23301
0.23301
0.23301
0.23301
0.23301
0.23301
0.23301
0.23301
0.23301
0.23301
0.23301
0.23301
0.23301
0.233009
0.232993
0.232813
0.232164
0.231817
0.231939
0.232499
0.232679
0.232186
0.229996
0.23096
0.229005
0.229351
0.228479
0.228642
0.228288
0.22837
0.227916
0.227986
0.227713
0.22775
0.227592
0.227619
0.22748
0.227508
0.227359
0.227377
0.227329
0.227226
0.227565
0.227168
0.22838
0.227444
0.228421
0.230481
0.228555
0.228835
0.232477
0.231111
0.232995
0.23279
0.23301
0.23301
0.23301
0.23301
0.23301
0.23301
0.23301
0.23301
0.23301
0.23301
0.23301
0.23301
0.23301
0.23301
0.23301
0.23301
0.23301
0.23301
0.23301
0.23301
0.23301
0.23301
0.23301
0.23301
0.23301
0.233002
0.232894
0.232333
0.23185
0.231952
0.232552
0.232868
0.232848
0.231979
0.232661
0.230093
0.231172
0.228914
0.22945
0.228394
0.228621
0.2281
0.228235
0.227834
0.22795
0.227689
0.227806
0.227591
0.227755
0.227461
0.227649
0.227274
0.227431
0.227103
0.227177
0.227032
0.22698
0.227397
0.226922
0.227437
0.229287
0.227546
0.227785
0.231846
0.22994
0.232964
0.232463
0.23301
0.23301
0.23301
0.23301
0.23301
0.23301
0.23301
0.23301
0.23301
0.23301
0.23301
0.23301
0.23301
0.23301
0.23301
0.23301
0.23301
0.23301
0.23301
0.23301
0.23301
0.23301
0.23301
0.23301
0.233006
0.232953
0.232535
0.231889
0.231932
0.232519
0.232871
0.232969
0.232878
0.232989
0.232402
0.232798
0.230452
0.231553
0.229049
0.2299
0.228498
0.228889
0.228092
0.228264
0.227956
0.228133
0.227954
0.228172
0.227924
0.228225
0.227742
0.228094
0.227405
0.227725
0.227075
0.227312
0.226855
0.226951
0.226848
0.226741
0.226821
0.228189
0.226849
0.226974
0.227481
0.23085
0.228835
0.232893
0.231888
0.23301
0.23301
0.23301
0.23301
0.23301
0.23301
0.23301
0.23301
0.23301
0.23301
0.23301
0.23301
0.23301
0.23301
0.23301
0.23301
0.23301
0.23301
0.23301
0.23301
0.23301
0.23301
0.23301
0.233009
0.232988
0.232725
0.231977
0.231875
0.232404
0.232807
0.232961
0.233003
0.232954
0.232996
0.232677
0.232918
0.23105
0.232076
0.229603
0.230673
0.228992
0.229617
0.22834
0.228607
0.228408
0.228665
0.22853
0.22884
0.228445
0.228792
0.228017
0.228317
0.22756
0.227782
0.22716
0.227328
0.226819
0.226967
0.226633
0.226736
0.226677
0.226653
0.226562
0.227109
0.227903
0.22723
0.226682
0.226509
0.22654
0.226717
0.22976
0.227466
0.22771
0.228571
0.232749
0.231029
0.23301
0.23301
0.23301
0.23301
0.23301
0.23301
0.23301
0.23301
0.23301
0.23301
0.23301
0.23301
0.23301
0.23301
0.23301
0.23301
0.23301
0.23301
0.23301
0.23301
0.23301
0.23301
0.23301
0.233
0.232866
0.232192
0.231835
0.232211
0.232651
0.232891
0.232992
0.233008
0.233008
0.232988
0.233005
0.232877
0.232976
0.231794
0.23256
0.230541
0.231643
0.229922
0.230722
0.228968
0.229364
0.229166
0.229518
0.22915
0.229532
0.228631
0.22897
0.227976
0.228162
0.227366
0.227279
0.227053
0.227043
0.226967
0.226824
0.226784
0.226806
0.22683
0.226621
0.226761
0.226672
0.226558
0.226603
0.226712
0.22651
0.22679
0.22691
0.226506
0.226427
0.226465
0.226519
0.228088
0.229561
0.228508
0.227082
0.227323
0.232458
0.229057
0.22961
0.230823
0.23301
0.23301
0.23301
0.23301
0.23301
0.23301
0.23301
0.23301
0.23301
0.23301
0.23301
0.23301
0.23301
0.23301
0.23301
0.23301
0.23301
0.23301
0.23301
0.23301
0.23301
0.23301
0.233005
0.232947
0.232466
0.23184
0.232012
0.232463
0.232735
0.232932
0.233006
0.233009
0.233009
0.233002
0.233008
0.232961
0.232997
0.232467
0.232836
0.231685
0.232422
0.231124
0.231846
0.229931
0.230453
0.229943
0.23038
0.229341
0.229753
0.228388
0.228687
0.22717
0.227158
0.226646
0.226428
0.226239
0.226059
0.22669
0.226463
0.226181
0.226706
0.226622
0.2264
0.226121
0.226429
0.226632
0.226533
0.226556
0.226608
0.226476
0.226562
0.226643
0.226401
0.226423
0.226376
0.22639
0.227648
0.228064
0.226776
0.226979
0.230189
0.231742
0.230616
0.22856
0.229037
0.233009
0.233008
0.233009
0.233009
0.23301
0.23301
0.23301
0.23301
0.23301
0.23301
0.23301
0.23301
0.23301
0.23301
0.23301
0.23301
0.23301
0.23301
0.23301
0.23301
0.23301
0.233008
0.232986
0.232708
0.231914
0.231852
0.23226
0.232548
0.232787
0.232985
0.23301
0.233008
0.233009
0.23301
0.233006
0.233009
0.232987
0.233003
0.232796
0.232939
0.232409
0.232736
0.231873
0.232297
0.230852
0.23136
0.2302
0.230667
0.229057
0.229492
0.227291
0.227602
0.225959
0.225909
0.225944
0.226042
0.225879
0.225598
0.225376
0.225236
0.226084
0.225707
0.225319
0.226488
0.226243
0.225713
0.225374
0.225865
0.226519
0.226489
0.226443
0.22637
0.22643
0.226401
0.226444
0.226337
0.226377
0.226329
0.226308
0.227264
0.22764
0.226532
0.226688
0.229385
0.232247
0.230247
0.228082
0.228489
0.233002
0.233
0.233004
0.233008
0.233009
0.23301
0.23301
0.23301
0.23301
0.23301
0.23301
0.23301
0.23301
0.23301
0.23301
0.23301
0.23301
0.23301
0.23301
0.23301
0.233009
0.232999
0.232868
0.23217
0.231796
0.232046
0.232345
0.232591
0.232894
0.233004
0.23301
0.233009
0.23301
0.23301
0.233008
0.233009
0.232993
0.233005
0.232892
0.232963
0.232599
0.232786
0.232004
0.232299
0.231144
0.231606
0.22996
0.23043
0.228018
0.22852
0.226208
0.226474
0.22671
0.227082
0.225193
0.225243
0.225403
0.225654
0.224974
0.224716
0.224572
0.22455
0.225248
0.224784
0.224386
0.226081
0.225641
0.224824
0.22445
0.225076
0.226275
0.226382
0.226204
0.22595
0.226333
0.226294
0.226302
0.226286
0.226294
0.226259
0.226247
0.226927
0.227252
0.226348
0.22645
0.229069
0.231722
0.23004
0.227647
0.228163
0.232972
0.232975
0.232993
0.233004
0.233008
0.233009
0.23301
0.23301
0.23301
0.23301
0.23301
0.23301
0.23301
0.23301
0.23301
0.23301
0.23301
0.23301
0.23301
0.23301
0.233004
0.232951
0.232506
0.231819
0.231853
0.232139
0.232377
0.232684
0.232974
0.23301
0.233007
0.23301
0.23301
0.23301
0.23301
0.233008
0.233009
0.232995
0.233005
0.232901
0.232966
0.232509
0.232703
0.231561
0.231856
0.230872
0.231252
0.229047
0.229574
0.2275
0.228134
0.225959
0.226291
0.226628
0.226983
0.224661
0.224908
0.225235
0.225595
0.224107
0.223975
0.223989
0.224166
0.224291
0.223849
0.223554
0.225459
0.224829
0.223851
0.223472
0.224133
0.225858
0.226157
0.225805
0.225326
0.226132
0.226217
0.226201
0.226224
0.226123
0.226124
0.226189
0.226632
0.226911
0.22621
0.226265
0.228917
0.232704
0.231147
0.227314
0.227916
0.232906
0.232924
0.232973
0.232999
0.233007
0.233009
0.23301
0.23301
0.23301
0.23301
0.23301
0.23301
0.23301
0.23301
0.23301
0.23301
0.23301
0.23301
0.23301
0.233008
0.232988
0.232752
0.231935
0.231751
0.231939
0.232163
0.232437
0.232839
0.233002
0.23301
0.233009
0.23301
0.23301
0.23301
0.23301
0.233008
0.233009
0.232997
0.233006
0.232878
0.232966
0.232224
0.232629
0.231018
0.231559
0.230064
0.230536
0.22873
0.229318
0.227635
0.228037
0.228703
0.228361
0.225988
0.226404
0.226823
0.227236
0.224484
0.22487
0.225312
0.225812
0.223442
0.223485
0.223715
0.22408
0.223369
0.223059
0.222962
0.224642
0.223882
0.222945
0.222585
0.22316
0.225252
0.225787
0.225232
0.224521
0.225804
0.226151
0.226123
0.226121
0.225845
0.2259
0.22611
0.226389
0.226632
0.226106
0.22612
0.229183
0.232813
0.23159
0.227069
0.227877
0.232818
0.232862
0.232951
0.232993
0.233006
0.233009
0.23301
0.23301
0.23301
0.23301
0.23301
0.23301
0.23301
0.23301
0.23301
0.23301
0.23301
0.23301
0.233009
0.232999
0.232895
0.232273
0.23175
0.231766
0.231958
0.232193
0.232572
0.232958
0.23301
0.233006
0.23301
0.23301
0.23301
0.23301
0.23301
0.23301
0.233009
0.23301
0.233001
0.233007
0.232877
0.232974
0.232143
0.232646
0.230969
0.231611
0.229856
0.230392
0.228982
0.229277
0.229832
0.228196
0.228581
0.22924
0.228925
0.226322
0.226827
0.227313
0.227771
0.224533
0.225073
0.225668
0.226282
0.223021
0.223275
0.223673
0.224184
0.222619
0.222522
0.222582
0.223701
0.222918
0.222229
0.221893
0.222289
0.224474
0.225261
0.224496
0.223599
0.225336
0.226081
0.226049
0.225952
0.225445
0.225573
0.225986
0.226201
0.226416
0.226019
0.226005
0.229577
0.23289
0.231971
0.226917
0.227937
0.232732
0.23281
0.232935
0.232989
0.233005
0.233009
0.23301
0.23301
0.23301
0.23301
0.23301
0.23301
0.23301
0.23301
0.23301
0.23301
0.23301
0.23301
0.233004
0.232965
0.232612
0.231822
0.231667
0.231774
0.231967
0.232294
0.232782
0.232999
0.23301
0.233009
0.23301
0.23301
0.23301
0.23301
0.23301
0.23301
0.233009
0.23301
0.233004
0.233008
0.23291
0.232988
0.232289
0.23278
0.231455
0.232097
0.230344
0.230862
0.229518
0.229737
0.230676
0.230892
0.228924
0.229308
0.229952
0.229648
0.226887
0.227466
0.228002
0.228488
0.224791
0.225464
0.226172
0.22688
0.222836
0.223236
0.223765
0.224401
0.22212
0.222162
0.22239
0.222748
0.22206
0.221757
0.221441
0.22161
0.223582
0.224582
0.223644
0.222663
0.22473
0.22599
0.225969
0.225699
0.224923
0.225141
0.225803
0.226054
0.226257
0.225938
0.225912
0.229924
0.232964
0.232362
0.226806
0.228016
0.232659
0.232774
0.232925
0.232987
0.233004
0.233009
0.23301
0.23301
0.23301
0.23301
0.23301
0.23301
0.23301
0.23301
0.23301
0.23301
0.23301
0.233008
0.232993
0.232821
0.232064
0.231662
0.231627
0.231765
0.232032
0.232493
0.232946
0.23301
0.233005
0.23301
0.23301
0.23301
0.23301
0.23301
0.23301
0.23301
0.23301
0.233009
0.23301
0.233006
0.233008
0.232961
0.232999
0.23268
0.232927
0.232317
0.232732
0.231086
0.231321
0.231851
0.23022
0.230456
0.231354
0.231516
0.229722
0.230108
0.230729
0.230441
0.227562
0.228198
0.228771
0.229277
0.225116
0.225887
0.226682
0.227466
0.222762
0.223254
0.223848
0.224539
0.221772
0.221954
0.222275
0.221899
0.221387
0.221425
0.221123
0.221171
0.222664
0.223788
0.222752
0.221818
0.224007
0.225866
0.225879
0.22536
0.224289
0.224612
0.225555
0.225937
0.226128
0.225853
0.225823
0.230346
0.232994
0.232629
0.2267
0.228078
0.232602
0.232755
0.232922
0.232986
0.233004
0.233009
0.23301
0.23301
0.23301
0.23301
0.23301
0.23301
0.23301
0.23301
0.23301
0.23301
0.233009
0.232999
0.232928
0.232455
0.231717
0.231548
0.231594
0.231795
0.232197
0.232777
0.232997
0.233009
0.233009
0.23301
0.23301
0.23301
0.23301
0.23301
0.23301
0.23301
0.23301
0.23301
0.23301
0.233007
0.233009
0.232991
0.233004
0.232922
0.232984
0.232709
0.232841
0.232938
0.231655
0.231771
0.232607
0.23247
0.230972
0.231177
0.23198
0.232114
0.230483
0.230864
0.23144
0.23118
0.228212
0.228896
0.229503
0.23003
0.225314
0.226147
0.227006
0.227855
0.222707
0.223238
0.223863
0.224578
0.22154
0.22179
0.222137
0.221227
0.220956
0.221179
0.220878
0.220875
0.221817
0.222935
0.221902
0.221135
0.223208
0.225697
0.225767
0.224944
0.22358
0.224013
0.22525
0.225829
0.225996
0.225763
0.225734
0.230747
0.233003
0.23273
0.226569
0.228053
0.232559
0.23275
0.232923
0.232987
0.233004
0.233009
0.23301
0.23301
0.23301
0.23301
0.23301
0.23301
0.23301
0.23301
0.23301
0.23301
0.233004
0.232978
0.232728
0.231897
0.231545
0.231467
0.231591
0.231918
0.23248
0.232949
0.23301
0.233004
0.23301
0.23301
0.23301
0.23301
0.23301
0.23301
0.23301
0.23301
0.23301
0.23301
0.23301
0.23301
0.233008
0.233009
0.233001
0.233006
0.232983
0.232997
0.232838
0.232899
0.232936
0.232965
0.23223
0.232349
0.232765
0.232681
0.231654
0.231829
0.232264
0.232379
0.230986
0.231332
0.231816
0.231603
0.228658
0.229386
0.230017
0.230549
0.225373
0.22623
0.227116
0.227994
0.222564
0.223072
0.223669
0.224353
0.221347
0.221597
0.221909
0.220795
0.220675
0.220973
0.220673
0.220652
0.221106
0.222087
0.22115
0.220683
0.222404
0.225489
0.225636
0.224473
0.222849
0.223394
0.224901
0.225719
0.22585
0.225671
0.225639
0.230753
0.233003
0.2327
0.226396
0.22784
0.232525
0.232755
0.232926
0.232987
0.233004
0.233008
0.23301
0.23301
0.23301
0.23301
0.23301
0.23301
0.23301
0.23301
0.23301
0.233008
0.232995
0.232877
0.232285
0.231591
0.231401
0.231426
0.231669
0.232168
0.232823
0.232997
0.233009
0.233009
0.23301
0.23301
0.23301
0.23301
0.23301
0.23301
0.23301
0.23301
0.23301
0.23301
0.23301
0.23301
0.233008
0.233009
0.233003
0.233007
0.232982
0.232992
0.232998
0.23284
0.232896
0.23288
0.232933
0.232486
0.232587
0.232769
0.232684
0.231988
0.232134
0.232249
0.232365
0.23113
0.231439
0.231851
0.231672
0.228823
0.229567
0.230201
0.230721
0.225125
0.225978
0.22688
0.227792
0.222276
0.222704
0.223221
0.223833
0.221134
0.221338
0.221573
0.220514
0.220465
0.220769
0.220485
0.220457
0.220609
0.221321
0.220616
0.220373
0.221665
0.225258
0.225488
0.223971
0.222166
0.22278
0.224544
0.2256
0.225686
0.225566
0.225528
0.230318
0.232958
0.232301
0.226166
0.227294
0.232496
0.232763
0.232928
0.232987
0.233004
0.233008
0.233009
0.23301
0.23301
0.23301
0.23301
0.23301
0.23301
0.23301
0.233009
0.233
0.232951
0.232606
0.231739
0.2314
0.231308
0.231457
0.231871
0.232548
0.232964
0.233008
0.23301
0.23301
0.23301
0.23301
0.23301
0.23301
0.23301
0.23301
0.23301
0.23301
0.23301
0.23301
0.23301
0.23301
0.233008
0.233009
0.233003
0.233006
0.232968
0.232987
0.232997
0.232988
0.232713
0.232808
0.232746
0.232853
0.232479
0.232586
0.232593
0.232452
0.231998
0.232128
0.23185
0.231989
0.230965
0.231224
0.231525
0.2314
0.228664
0.229446
0.23009
0.230593
0.224543
0.225341
0.226207
0.227103
0.221846
0.222188
0.222609
0.22312
0.220887
0.221017
0.221166
0.220285
0.220242
0.220545
0.22024
0.220221
0.220288
0.220728
0.22028
0.220146
0.221042
0.225022
0.225334
0.223505
0.221547
0.222279
0.22421
0.225464
0.225502
0.225441
0.22539
0.228958
0.231064
0.229909
0.225862
0.226542
0.23247
0.232769
0.232928
0.232986
0.233003
0.233008
0.233009
0.23301
0.23301
0.23301
0.23301
0.23301
0.23301
0.23301
0.233004
0.232985
0.232801
0.232073
0.231438
0.231241
0.231288
0.231606
0.232215
0.232877
0.233002
0.23301
0.23301
0.233009
0.23301
0.23301
0.23301
0.23301
0.23301
0.23301
0.23301
0.23301
0.23301
0.23301
0.23301
0.23301
0.23301
0.233007
0.233009
0.233001
0.233005
0.232926
0.232969
0.232991
0.232974
0.232417
0.232601
0.232527
0.232718
0.232139
0.232295
0.232197
0.231956
0.231632
0.231736
0.231091
0.231259
0.230352
0.230586
0.230814
0.230728
0.227981
0.228786
0.22946
0.229981
0.223726
0.224427
0.225209
0.226047
0.221348
0.22158
0.221875
0.222248
0.220618
0.220691
0.220773
0.22009
0.220067
0.220284
0.220079
0.220076
0.220067
0.220376
0.220048
0.220007
0.220597
0.22479
0.225154
0.223093
0.221068
0.221771
0.223891
0.225296
0.225278
0.225282
0.22521
0.226912
0.228858
0.226505
0.225478
0.225706
0.232444
0.232769
0.232924
0.232983
0.233002
0.233007
0.233009
0.23301
0.23301
0.23301
0.23301
0.23301
0.23301
0.233008
0.232994
0.232901
0.232426
0.231558
0.231234
0.231167
0.231381
0.231904
0.232672
0.232982
0.233009
0.23301
0.23301
0.23301
0.23301
0.23301
0.23301
0.23301
0.23301
0.23301
0.23301
0.23301
0.23301
0.23301
0.23301
0.23301
0.23301
0.233007
0.233009
0.232994
0.233001
0.233004
0.232854
0.232937
0.23298
0.232951
0.231989
0.232284
0.232259
0.232537
0.231468
0.231704
0.231654
0.2313
0.230884
0.230971
0.230138
0.230338
0.229352
0.229605
0.229847
0.229757
0.226896
0.227701
0.228399
0.228952
0.222704
0.223251
0.223894
0.224624
0.220867
0.220983
0.221128
0.221325
0.220333
0.220386
0.220448
0.219955
0.219909
0.220093
0.219885
0.219891
0.219962
0.220114
0.21998
0.219868
0.220279
0.224522
0.224925
0.222663
0.220597
0.221188
0.223474
0.225072
0.224996
0.225042
0.224938
0.225548
0.231846
0.226787
0.225014
0.225032
0.232418
0.232759
0.232917
0.23298
0.233
0.233007
0.233009
0.233009
0.23301
0.23301
0.23301
0.23301
0.233008
0.232998
0.232952
0.232658
0.231811
0.231257
0.231088
0.2312
0.231624
0.232357
0.23293
0.233006
0.23301
0.23301
0.23301
0.23301
0.23301
0.23301
0.23301
0.23301
0.23301
0.23301
0.23301
0.23301
0.23301
0.23301
0.23301
0.23301
0.23301
0.233006
0.233007
0.232989
0.232999
0.233004
0.233001
0.232748
0.232888
0.232968
0.232924
0.231535
0.231925
0.23202
0.232353
0.230615
0.230943
0.231097
0.230631
0.229915
0.230005
0.229104
0.229372
0.227996
0.228308
0.228654
0.228513
0.225412
0.226204
0.226927
0.227533
0.221578
0.221904
0.22232
0.222853
0.220514
0.22058
0.220646
0.220717
0.220111
0.220128
0.220148
0.219766
0.21971
0.219864
0.219598
0.219673
0.219829
0.220024
0.21987
0.219659
0.220155
0.224147
0.224522
0.221973
0.220405
0.220727
0.222839
0.224775
0.224644
0.224636
0.224565
0.225096
0.232499
0.227696
0.224559
0.224527
0.232393
0.232743
0.232904
0.232974
0.232998
0.233006
0.233008
0.233009
0.23301
0.23301
0.23301
0.233009
0.233003
0.232979
0.232797
0.232112
0.231337
0.231053
0.231063
0.231383
0.232034
0.232811
0.232996
0.23301
0.23301
0.23301
0.23301
0.23301
0.23301
0.23301
0.23301
0.23301
0.23301
0.23301
0.23301
0.23301
0.23301
0.23301
0.23301
0.23301
0.233009
0.23301
0.233003
0.233003
0.233004
0.233005
0.232981
0.232994
0.232998
0.232625
0.232826
0.232953
0.232895
0.231171
0.231631
0.231915
0.232262
0.229726
0.23016
0.230638
0.230041
0.228768
0.228911
0.227964
0.228357
0.226209
0.226643
0.227211
0.226961
0.22351
0.224263
0.224975
0.225638
0.22081
0.220926
0.221068
0.221276
0.220179
0.220228
0.220292
0.220354
0.21984
0.219785
0.219714
0.219511
0.219417
0.219545
0.219416
0.219427
0.21957
0.219933
0.219532
0.219434
0.220102
0.223515
0.223922
0.221325
0.220336
0.220576
0.222089
0.224397
0.22425
0.224091
0.22406
0.22515
0.23294
0.230512
0.224144
0.22422
0.232371
0.23272
0.232886
0.232966
0.232994
0.233004
0.233007
0.233009
0.233009
0.23301
0.233009
0.233005
0.232985
0.232876
0.232391
0.23151
0.231059
0.230966
0.23118
0.231744
0.232583
0.232971
0.233008
0.23301
0.23301
0.23301
0.23301
0.23301
0.23301
0.23301
0.23301
0.23301
0.23301
0.23301
0.23301
0.23301
0.23301
0.23301
0.23301
0.23301
0.233008
0.233009
0.233
0.233
0.233002
0.233001
0.232974
0.23299
0.232993
0.232542
0.23276
0.23294
0.232873
0.230953
0.231488
0.231916
0.232262
0.22885
0.229425
0.230298
0.229523
0.227419
0.227658
0.22668
0.227243
0.223867
0.224476
0.225429
0.224993
0.221575
0.222047
0.222623
0.223217
0.22039
0.220461
0.220479
0.220531
0.219736
0.21976
0.219806
0.219856
0.219555
0.21958
0.218971
0.219365
0.218883
0.218933
0.218966
0.218923
0.219346
0.219672
0.219404
0.219358
0.21992
0.222709
0.223135
0.22093
0.220229
0.22053
0.221292
0.223959
0.223841
0.22341
0.223507
0.225731
0.232953
0.23138
0.223788
0.224153
0.232356
0.232695
0.232859
0.232956
0.232989
0.233001
0.233006
0.233008
0.233009
0.233009
0.233005
0.23299
0.232917
0.232575
0.231709
0.231093
0.2309
0.231021
0.231486
0.232285
0.232913
0.233005
0.23301
0.23301
0.23301
0.23301
0.23301
0.23301
0.23301
0.23301
0.23301
0.23301
0.23301
0.23301
0.23301
0.23301
0.23301
0.23301
0.23301
0.23301
0.233005
0.233008
0.232993
0.23299
0.232996
0.232983
0.232976
0.232991
0.232965
0.232983
0.232983
0.232531
0.232736
0.232929
0.232862
0.230839
0.231464
0.231986
0.23233
0.227927
0.228703
0.230002
0.229004
0.225826
0.226208
0.225202
0.225992
0.221529
0.221963
0.223194
0.222581
0.220572
0.220772
0.220977
0.22119
0.219902
0.219982
0.220025
0.220128
0.219024
0.219069
0.219073
0.219131
0.218969
0.219033
0.218611
0.218893
0.218574
0.218583
0.218602
0.218579
0.218925
0.219579
0.21896
0.218939
0.219953
0.221725
0.222334
0.220851
0.220223
0.220512
0.221189
0.223487
0.223464
0.222759
0.222998
0.225814
0.213057
0.230077
0.223524
0.224067
0.232349
0.232676
0.232828
0.232945
0.232982
0.232999
0.233005
0.233008
0.233009
0.233005
0.232993
0.232931
0.232683
0.231925
0.231171
0.230862
0.230903
0.231266
0.231983
0.232803
0.232996
0.23301
0.23301
0.23301
0.23301
0.23301
0.23301
0.23301
0.23301
0.23301
0.23301
0.23301
0.23301
0.23301
0.23301
0.23301
0.23301
0.23301
0.233008
0.23301
0.232997
0.233005
0.232974
0.232965
0.232944
0.23293
0.232968
0.232951
0.232971
0.232958
0.232565
0.23274
0.232915
0.232853
0.230728
0.231491
0.232031
0.232405
0.226911
0.22793
0.229699
0.228435
0.223892
0.224493
0.223449
0.224545
0.220405
0.220625
0.22123
0.220882
0.220152
0.220179
0.220285
0.220381
0.21913
0.219185
0.219181
0.219223
0.218632
0.218662
0.218659
0.218693
0.218585
0.218648
0.218365
0.218588
0.218366
0.218357
0.218369
0.218364
0.218611
0.219024
0.218641
0.218606
0.219153
0.221516
0.221939
0.220902
0.219308
0.219475
0.221215
0.223098
0.223172
0.222491
0.222689
0.22526
0.13893
0.224319
0.223341
0.22391
0.23235
0.232664
0.232801
0.232931
0.232977
0.232996
0.233004
0.233007
0.233004
0.232993
0.232933
0.232725
0.232108
0.231281
0.230855
0.230811
0.231083
0.231726
0.232622
0.232976
0.233009
0.23301
0.23301
0.23301
0.23301
0.23301
0.23301
0.23301
0.23301
0.23301
0.23301
0.23301
0.23301
0.23301
0.23301
0.23301
0.23301
0.23301
0.23301
0.233006
0.233009
0.232961
0.232985
0.232995
0.232931
0.232904
0.232867
0.232841
0.232915
0.232916
0.232941
0.232902
0.23263
0.23276
0.232879
0.232828
0.230597
0.231486
0.232028
0.232412
0.225761
0.227066
0.229349
0.227752
0.221747
0.222497
0.221715
0.222813
0.220073
0.220075
0.220399
0.220197
0.219225
0.219839
0.220093
0.220045
0.218693
0.218731
0.21873
0.218763
0.218376
0.218391
0.218392
0.218414
0.218358
0.218384
0.218268
0.218381
0.218282
0.218268
0.218279
0.218279
0.218404
0.218678
0.218428
0.218397
0.21874
0.221636
0.221711
0.219676
0.218821
0.218915
0.219855
0.222878
0.222955
0.222068
0.222321
0.224904
0.109952
0.216526
0.223175
0.223668
0.23236
0.23266
0.232785
0.23292
0.232972
0.232995
0.233003
0.233002
0.232991
0.232931
0.232728
0.232202
0.231392
0.230863
0.230741
0.230937
0.231502
0.23238
0.232934
0.233006
0.23301
0.23301
0.23301
0.23301
0.23301
0.23301
0.23301
0.23301
0.23301
0.23301
0.23301
0.23301
0.23301
0.23301
0.23301
0.23301
0.23301
0.23301
0.23301
0.233
0.233008
0.232909
0.232959
0.232961
0.232838
0.232781
0.23272
0.232684
0.232822
0.232836
0.232873
0.232784
0.232649
0.232767
0.232795
0.232767
0.230421
0.231451
0.231959
0.232352
0.22438
0.226029
0.22887
0.226812
0.220639
0.221051
0.220789
0.221487
0.219245
0.219829
0.22005
0.220069
0.218768
0.219302
0.219223
0.219215
0.218421
0.218447
0.21846
0.21849
0.218277
0.218284
0.218288
0.218308
0.218269
0.218276
0.218296
0.21832
0.218457
0.218342
0.218311
0.218495
0.221374
0.219963
0.221749
0.219033
0.218544
0.2186
0.219156
0.222656
0.222783
0.221845
0.222071
0.224125
0.0703519
0.191484
0.223026
0.223524
0.232375
0.23266
0.232785
0.232914
0.23297
0.232994
0.232997
0.232987
0.232924
0.232718
0.232213
0.23145
0.230878
0.230688
0.230823
0.231311
0.232143
0.232863
0.233002
0.23301
0.23301
0.23301
0.23301
0.23301
0.23301
0.23301
0.23301
0.23301
0.23301
0.23301
0.23301
0.23301
0.23301
0.23301
0.23301
0.23301
0.23301
0.23301
0.233009
0.23301
0.23298
0.233005
0.232819
0.232909
0.232939
0.232831
0.232848
0.232662
0.232558
0.232472
0.232431
0.232664
0.232675
0.232731
0.23257
0.232602
0.232712
0.232641
0.232613
0.230122
0.231356
0.231785
0.232175
0.222733
0.224689
0.228046
0.225439
0.220201
0.220432
0.220367
0.220767
0.219303
0.218882
0.219856
0.21929
0.218513
0.218845
0.218799
0.218848
0.218319
0.218342
0.218363
0.218394
0.218369
0.218401
0.220131
0.219243
0.221481
0.220228
0.21867
0.218438
0.218483
0.218746
0.222407
0.222654
0.221715
0.221936
0.221378
0.0571222
0.150022
0.222904
0.223311
0.232393
0.232671
0.232804
0.232922
0.232972
0.232986
0.232976
0.232903
0.232685
0.232194
0.231452
0.230877
0.230644
0.230734
0.231152
0.231929
0.232765
0.232992
0.233009
0.23301
0.23301
0.23301
0.23301
0.23301
0.23301
0.23301
0.23301
0.23301
0.23301
0.23301
0.23301
0.23301
0.23301
0.23301
0.23301
0.23301
0.23301
0.23301
0.23301
0.233007
0.23301
0.23293
0.232878
0.232997
0.23267
0.232697
0.232747
0.232366
0.232204
0.232097
0.232067
0.232423
0.23241
0.232477
0.23222
0.232435
0.232557
0.232364
0.232327
0.229448
0.23109
0.231398
0.231836
0.221563
0.223094
0.22662
0.223771
0.220135
0.220155
0.220317
0.220404
0.218905
0.218651
0.219389
0.218938
0.218423
0.218569
0.218561
0.218632
0.219368
0.218809
0.220382
0.219455
0.218531
0.218579
0.222255
0.222535
0.221735
0.2204
0.221729
0.213715
0.0490128
0.115946
0.222826
0.222442
0.232402
0.23269
0.23283
0.232927
0.23296
0.232952
0.232862
0.232605
0.232133
0.231429
0.230858
0.2306
0.230663
0.231025
0.231749
0.23265
0.232977
0.233009
0.23301
0.23301
0.23301
0.23301
0.23301
0.23301
0.23301
0.23301
0.23301
0.23301
0.23301
0.23301
0.23301
0.23301
0.23301
0.23301
0.23301
0.23301
0.23301
0.23301
0.23301
0.233005
0.233009
0.232834
0.2327
0.232804
0.232981
0.232454
0.232519
0.232604
0.231926
0.231703
0.231591
0.231593
0.232091
0.231987
0.232088
0.231724
0.232099
0.232252
0.231916
0.23185
0.22801
0.230463
0.230621
0.23123
0.220861
0.221821
0.224735
0.222262
0.219373
0.219978
0.219482
0.220318
0.21868
0.218572
0.219022
0.21873
0.218474
0.218481
0.218552
0.218893
0.218644
0.219588
0.218972
0.222069
0.222455
0.221435
0.220476
0.219651
0.22161
0.200781
0.0430555
0.0881131
0.222746
0.220328
0.232386
0.232699
0.232828
0.2329
0.232895
0.232779
0.232471
0.231994
0.231364
0.230809
0.230553
0.230603
0.230929
0.231609
0.232529
0.232956
0.233007
0.23301
0.23301
0.23301
0.23301
0.23301
0.23301
0.23301
0.23301
0.23301
0.23301
0.23301
0.23301
0.23301
0.23301
0.23301
0.23301
0.23301
0.23301
0.23301
0.23301
0.23301
0.23301
0.23301
0.233002
0.233008
0.232573
0.232425
0.232603
0.232851
0.232424
0.232959
0.232169
0.232283
0.231339
0.231069
0.230971
0.231038
0.231677
0.231373
0.231524
0.231055
0.231537
0.231721
0.231244
0.231106
0.225741
0.229174
0.229293
0.230227
0.220498
0.221019
0.22279
0.221191
0.219008
0.219496
0.219607
0.219075
0.218602
0.218804
0.218654
0.218699
0.219074
0.218791
0.221992
0.2224
0.220608
0.219732
0.219151
0.221587
0.220573
0.185787
0.0392545
0.071435
0.222571
0.216192
0.23231
0.232658
0.232752
0.232765
0.232615
0.232275
0.231809
0.231232
0.230731
0.2305
0.230553
0.230862
0.231508
0.232415
0.232931
0.233006
0.23301
0.23301
0.23301
0.23301
0.23301
0.23301
0.23301
0.23301
0.23301
0.23301
0.23301
0.23301
0.23301
0.23301
0.23301
0.23301
0.23301
0.23301
0.23301
0.23301
0.23301
0.23301
0.23301
0.233009
0.23301
0.232997
0.233007
0.232212
0.231982
0.232272
0.232541
0.232781
0.232003
0.232932
0.231819
0.230614
0.230329
0.230281
0.230433
0.231199
0.230549
0.230771
0.230221
0.230667
0.2309
0.230316
0.23005
0.223186
0.226658
0.227084
0.228704
0.220445
0.220611
0.221267
0.220573
0.218802
0.219099
0.219574
0.219146
0.218867
0.218722
0.218873
0.221886
0.222356
0.21985
0.219231
0.218958
0.221462
0.22059
0.219899
0.168894
0.0369142
0.0607563
0.222025
0.21103
0.232129
0.232494
0.23246
0.232317
0.231998
0.231563
0.23105
0.230624
0.230441
0.230513
0.230824
0.231446
0.23233
0.232904
0.233003
0.23301
0.23301
0.23301
0.23301
0.23301
0.23301
0.23301
0.23301
0.23301
0.23301
0.23301
0.23301
0.23301
0.23301
0.23301
0.23301
0.23301
0.23301
0.23301
0.23301
0.23301
0.23301
0.23301
0.23301
0.233009
0.23301
0.232995
0.233007
0.231691
0.231368
0.231747
0.232117
0.232445
0.232747
0.231424
0.232925
0.232707
0.229777
0.229533
0.229563
0.229818
0.23069
0.229505
0.229832
0.229267
0.229431
0.229778
0.229118
0.228735
0.2212
0.22335
0.22349
0.226527
0.220439
0.220432
0.220383
0.218742
0.218877
0.219102
0.219541
0.218928
0.218809
0.221858
0.222267
0.219336
0.219065
0.221473
0.220633
0.219955
0.219409
0.152618
0.0354308
0.0533191
0.221144
0.205221
0.231784
0.232053
0.231889
0.23162
0.231244
0.23082
0.230499
0.23038
0.230487
0.230816
0.231426
0.232284
0.232884
0.233001
0.23301
0.23301
0.23301
0.23301
0.23301
0.23301
0.23301
0.23301
0.23301
0.23301
0.23301
0.23301
0.23301
0.23301
0.23301
0.23301
0.23301
0.23301
0.23301
0.23301
0.23301
0.23301
0.23301
0.23301
0.23301
0.23301
0.233009
0.23301
0.232996
0.233007
0.231009
0.2306
0.231054
0.231524
0.231982
0.232382
0.232933
0.232694
0.232693
0.228875
0.228733
0.228855
0.229227
0.23018
0.228283
0.228757
0.228236
0.227801
0.228372
0.227727
0.227243
0.220189
0.221019
0.220837
0.223333
0.220208
0.219463
0.218805
0.218913
0.219074
0.218866
0.221666
0.222148
0.219126
0.221216
0.220677
0.220015
0.21948
0.219217
0.135615
0.0344708
0.0480583
0.219639
0.198543
0.231306
0.231384
0.231171
0.230882
0.230591
0.230383
0.230335
0.230486
0.230831
0.231436
0.232278
0.232875
0.232999
0.233009
0.23301
0.23301
0.23301
0.23301
0.23301
0.23301
0.23301
0.23301
0.23301
0.23301
0.23301
0.23301
0.23301
0.23301
0.23301
0.23301
0.23301
0.23301
0.23301
0.23301
0.23301
0.23301
0.23301
0.23301
0.23301
0.23301
0.233009
0.23301
0.233001
0.233008
0.229698
0.230217
0.230767
0.231333
0.231875
0.23235
0.23296
0.23271
0.232745
0.232349
0.227965
0.227938
0.228194
0.228687
0.226959
0.227593
0.227194
0.225721
0.226736
0.226245
0.22565
0.219907
0.219819
0.219546
0.220651
0.219313
0.219029
0.218871
0.218933
0.22162
0.221972
0.220739
0.220067
0.219549
0.219308
0.119047
0.03383
0.0442828
0.2179
0.190173
0.230833
0.230751
0.230579
0.230413
0.230303
0.230328
0.230509
0.230883
0.231486
0.232306
0.232877
0.232998
0.233009
0.23301
0.23301
0.23301
0.23301
0.23301
0.23301
0.23301
0.23301
0.23301
0.23301
0.23301
0.23301
0.23301
0.23301
0.23301
0.23301
0.23301
0.23301
0.23301
0.23301
0.23301
0.23301
0.23301
0.23301
0.23301
0.23301
0.23301
0.23301
0.23301
0.233007
0.233009
0.229265
0.22988
0.230528
0.231187
0.231824
0.232993
0.232796
0.232854
0.232378
0.232441
0.231821
0.227062
0.227198
0.227599
0.228216
0.225605
0.226404
0.226171
0.223061
0.224841
0.224755
0.224008
0.219062
0.219515
0.219059
0.219298
0.218972
0.218928
0.218916
0.221604
0.220728
0.221754
0.220144
0.219612
0.219356
0.102907
0.0334282
0.0418336
0.214897
0.181387
0.23051
0.230401
0.230319
0.230286
0.230352
0.230581
0.230996
0.231604
0.232394
0.232891
0.232999
0.233009
0.23301
0.23301
0.23301
0.23301
0.23301
0.23301
0.23301
0.23301
0.23301
0.23301
0.23301
0.23301
0.23301
0.23301
0.23301
0.23301
0.23301
0.23301
0.23301
0.23301
0.23301
0.23301
0.23301
0.23301
0.23301
0.23301
0.23301
0.23301
0.23301
0.23301
0.233009
0.233009
0.228894
0.229606
0.23035
0.231117
0.233005
0.232908
0.232955
0.23254
0.232652
0.231865
0.231966
0.231113
0.226209
0.226519
0.22709
0.227824
0.224303
0.225251
0.225194
0.220407
0.22269
0.223323
0.222308
0.218898
0.218904
0.219177
0.218831
0.218698
0.218942
0.218931
0.221586
0.220772
0.22018
0.22111
0.219694
0.219438
0.0909906
0.0331361
0.0402213
0.211515
0.172245
0.230388
0.230317
0.230316
0.230435
0.230729
0.231164
0.231786
0.232517
0.232919
0.233
0.233009
0.23301
0.23301
0.23301
0.23301
0.23301
0.23301
0.23301
0.23301
0.23301
0.23301
0.23301
0.23301
0.23301
0.23301
0.23301
0.23301
0.23301
0.23301
0.23301
0.23301
0.23301
0.23301
0.23301
0.23301
0.23301
0.23301
0.23301
0.23301
0.23301
0.23301
0.23301
0.23301
0.233009
0.23301
0.2286
0.229404
0.230266
0.233009
0.232985
0.233
0.232768
0.232868
0.232125
0.232314
0.231175
0.231319
0.230262
0.225422
0.22592
0.226662
0.227506
0.22308
0.224151
0.224298
0.219102
0.220348
0.221995
0.220624
0.218946
0.218857
0.218791
0.21867
0.21853
0.218972
0.22152
0.220756
0.220227
0.219748
0.220171
0.219516
0.0809705
0.0331431
0.0408429
0.2071
0.165102
0.23045
0.23043
0.230644
0.23094
0.231403
0.232022
0.232655
0.232946
0.233003
0.233009
0.23301
0.23301
0.23301
0.23301
0.23301
0.23301
0.23301
0.23301
0.23301
0.23301
0.23301
0.23301
0.23301
0.23301
0.23301
0.23301
0.23301
0.23301
0.23301
0.23301
0.23301
0.23301
0.23301
0.23301
0.23301
0.23301
0.23301
0.23301
0.23301
0.23301
0.23301
0.23301
0.23301
0.23301
0.228385
0.229306
0.233009
0.233006
0.233008
0.232942
0.232983
0.232516
0.232701
0.231547
0.231827
0.230344
0.230532
0.229301
0.224721
0.225408
0.22629
0.227247
0.221961
0.223147
0.223494
0.218472
0.219077
0.220767
0.21928
0.218996
0.218971
0.218844
0.218582
0.218843
0.218379
0.221439
0.220775
0.220246
0.219799
0.219571
0.218527
0.0818172
0.0337551
0.044219
0.203584
0.161563
0.23082
0.230883
0.231264
0.231714
0.232299
0.23278
0.23297
0.233005
0.233009
0.23301
0.23301
0.23301
0.23301
0.23301
0.23301
0.23301
0.23301
0.23301
0.23301
0.23301
0.23301
0.23301
0.23301
0.23301
0.23301
0.23301
0.23301
0.23301
0.23301
0.23301
0.23301
0.23301
0.23301
0.23301
0.23301
0.23301
0.23301
0.23301
0.23301
0.23301
0.23301
0.23301
0.23301
0.23301
0.23301
0.228254
0.23301
0.233009
0.233009
0.232999
0.233006
0.232848
0.232943
0.232136
0.232431
0.230831
0.231209
0.229391
0.229615
0.228242
0.22411
0.224968
0.225988
0.227073
0.220984
0.222247
0.22279
0.218294
0.218397
0.219768
0.218533
0.219042
0.219001
0.218859
0.218574
0.219049
0.221159
0.221365
0.22028
0.220859
0.219838
0.219612
0.217073
0.0875829
0.0389407
0.0623569
0.200726
0.163105
0.231453
0.231595
0.232095
0.232558
0.232879
0.232987
0.233007
0.23301
0.23301
0.23301
0.23301
0.23301
0.23301
0.23301
0.23301
0.23301
0.23301
0.23301
0.23301
0.23301
0.23301
0.23301
0.23301
0.23301
0.23301
0.23301
0.23301
0.23301
0.23301
0.23301
0.23301
0.23301
0.23301
0.23301
0.23301
0.23301
0.23301
0.23301
0.23301
0.23301
0.23301
0.23301
0.23301
0.23301
0.23301
0.23301
0.233009
0.233009
0.233008
0.233009
0.232983
0.233
0.232681
0.232858
0.231634
0.232058
0.229977
0.23046
0.228295
0.228538
0.227034
0.223587
0.224626
0.225772
0.22017
0.221463
0.222188
0.218189
0.218204
0.219046
0.218194
0.219085
0.219098
0.218893
0.218578
0.219142
0.221275
0.22081
0.21988
0.220334
0.220828
0.21967
0.215693
0.105494
0.152128
0.130104
0.199422
0.167053
0.232209
0.232427
0.232764
0.232942
0.232997
0.233008
0.23301
0.23301
0.23301
0.23301
0.23301
0.23301
0.23301
0.23301
0.23301
0.23301
0.23301
0.23301
0.23301
0.23301
0.23301
0.23301
0.23301
0.23301
0.23301
0.23301
0.23301
0.23301
0.23301
0.23301
0.23301
0.23301
0.23301
0.23301
0.23301
0.23301
0.23301
0.23301
0.23301
0.23301
0.23301
0.23301
0.23301
0.23301
0.23301
0.23301
0.23301
0.233009
0.23301
0.233006
0.233008
0.23295
0.232987
0.232431
0.232714
0.231014
0.231584
0.228939
0.229513
0.227069
0.227272
0.225695
0.223184
0.224367
0.219546
0.220808
0.221714
0.218116
0.218092
0.218585
0.218065
0.219201
0.219144
0.21894
0.218591
0.221198
0.220375
0.219714
0.219937
0.220337
0.220803
0.214408
0.118524
0.232436
0.201463
0.198298
0.173057
0.232759
0.232889
0.232978
0.233003
0.233009
0.23301
0.23301
0.23301
0.23301
0.23301
0.23301
0.23301
0.23301
0.23301
0.23301
0.23301
0.23301
0.23301
0.23301
0.23301
0.23301
0.23301
0.23301
0.23301
0.23301
0.23301
0.23301
0.23301
0.23301
0.23301
0.23301
0.23301
0.23301
0.23301
0.23301
0.23301
0.23301
0.23301
0.23301
0.23301
0.23301
0.23301
0.23301
0.23301
0.23301
0.23301
0.23301
0.23301
0.23301
0.233009
0.233009
0.233001
0.233007
0.232892
0.232962
0.232101
0.232511
0.230221
0.230968
0.227682
0.228287
0.225707
0.225865
0.224242
0.222882
0.219103
0.220293
0.221358
0.218058
0.218007
0.218379
0.218017
0.219249
0.219202
0.218983
0.218609
0.221099
0.219832
0.219757
0.219961
0.22035
0.220785
0.212965
0.145392
0.232777
0.221837
0.198401
0.181243
0.232966
0.232997
0.233006
0.23301
0.23301
0.23301
0.23301
0.23301
0.23301
0.23301
0.23301
0.23301
0.23301
0.23301
0.23301
0.23301
0.23301
0.23301
0.23301
0.23301
0.23301
0.23301
0.23301
0.23301
0.23301
0.23301
0.23301
0.23301
0.23301
0.23301
0.23301
0.23301
0.23301
0.23301
0.23301
0.23301
0.23301
0.23301
0.23301
0.23301
0.23301
0.23301
0.23301
0.23301
0.23301
0.23301
0.23301
0.23301
0.23301
0.23301
0.23301
0.233008
0.233009
0.232992
0.233003
0.232792
0.232922
0.231671
0.232243
0.229098
0.230059
0.226229
0.226823
0.224228
0.224331
0.222701
0.218855
0.21992
0.221126
0.218015
0.218298
0.217997
0.219308
0.219246
0.219022
0.218681
0.220969
0.219062
0.219803
0.219988
0.220354
0.220722
0.211739
0.165129
0.232784
0.226451
0.198294
0.179608
0.233003
0.233009
0.23301
0.23301
0.23301
0.23301
0.23301
0.23301
0.23301
0.23301
0.23301
0.23301
0.23301
0.23301
0.23301
0.23301
0.23301
0.23301
0.23301
0.23301
0.23301
0.23301
0.23301
0.23301
0.23301
0.23301
0.23301
0.23301
0.23301
0.23301
0.23301
0.23301
0.23301
0.23301
0.23301
0.23301
0.23301
0.23301
0.23301
0.23301
0.23301
0.23301
0.23301
0.23301
0.23301
0.23301
0.23301
0.23301
0.23301
0.23301
0.233009
0.23301
0.233007
0.233009
0.232977
0.232997
0.232649
0.232864
0.231041
0.23186
0.227647
0.228703
0.22463
0.225159
0.222663
0.222691
0.218761
0.219683
0.221043
0.218054
0.218273
0.218014
0.219352
0.219287
0.219076
0.218715
0.220862
0.218076
0.21983
0.22001
0.220358
0.220704
0.210428
0.1887
0.232971
0.231533
0.196598
0.181506
0.233009
0.23301
0.23301
0.23301
0.23301
0.23301
0.23301
0.23301
0.23301
0.23301
0.23301
0.23301
0.23301
0.23301
0.23301
0.23301
0.23301
0.23301
0.23301
0.23301
0.23301
0.23301
0.23301
0.23301
0.23301
0.23301
0.23301
0.23301
0.23301
0.23301
0.23301
0.23301
0.23301
0.23301
0.23301
0.23301
0.23301
0.23301
0.23301
0.23301
0.23301
0.23301
0.23301
0.23301
0.23301
0.23301
0.23301
0.23301
0.23301
0.23301
0.23301
0.233009
0.233009
0.23301
0.233005
0.233008
0.232953
0.232989
0.232451
0.23278
0.229915
0.231125
0.225935
0.226966
0.222904
0.223345
0.221036
0.218733
0.219595
0.218131
0.218284
0.218088
0.219392
0.219337
0.219113
0.218753
0.220841
0.220508
0.217049
0.219868
0.220033
0.220369
0.220672
0.208577
0.216941
0.233003
0.23273
0.190261
0.189678
0.23301
0.23301
0.23301
0.23301
0.23301
0.23301
0.23301
0.23301
0.23301
0.23301
0.23301
0.23301
0.23301
0.23301
0.23301
0.23301
0.23301
0.23301
0.23301
0.23301
0.23301
0.23301
0.23301
0.23301
0.23301
0.23301
0.23301
0.23301
0.23301
0.23301
0.23301
0.23301
0.23301
0.23301
0.23301
0.23301
0.23301
0.23301
0.23301
0.23301
0.23301
0.23301
0.23301
0.23301
0.23301
0.23301
0.23301
0.23301
0.23301
0.23301
0.23301
0.23301
0.23301
0.233009
0.233008
0.23301
0.233002
0.233006
0.232918
0.232975
0.232104
0.232636
0.228239
0.229676
0.224009
0.224943
0.221148
0.221448
0.219577
0.21874
0.218208
0.218365
0.218174
0.219439
0.21937
0.219149
0.218796
0.220762
0.220104
0.215388
0.219893
0.220064
0.220351
0.220612
0.204879
0.228562
0.233009
0.232971
0.189962
0.209982
0.23301
0.23301
0.23301
0.23301
0.23301
0.23301
0.23301
0.23301
0.23301
0.23301
0.23301
0.23301
0.23301
0.23301
0.23301
0.23301
0.23301
0.23301
0.23301
0.23301
0.23301
0.23301
0.23301
0.23301
0.23301
0.23301
0.23301
0.23301
0.23301
0.23301
0.23301
0.23301
0.23301
0.23301
0.23301
0.23301
0.23301
0.23301
0.23301
0.23301
0.23301
0.23301
0.23301
0.23301
0.233009
0.23301
0.23301
0.23301
0.23301
0.23301
0.23301
0.23301
0.233009
0.233008
0.233007
0.23301
0.232997
0.233004
0.23286
0.232951
0.231114
0.23222
0.22614
0.227596
0.221972
0.22273
0.219616
0.219832
0.218825
0.218281
0.218469
0.218275
0.21947
0.219399
0.219181
0.218836
0.220677
0.219231
0.213178
0.219935
0.220075
0.220348
0.220595
0.196349
0.232171
0.23301
0.233006
0.194246
0.22612
0.23301
0.23301
0.23301
0.23301
0.23301
0.23301
0.23301
0.23301
0.23301
0.23301
0.23301
0.23301
0.23301
0.23301
0.23301
0.23301
0.23301
0.23301
0.23301
0.23301
0.23301
0.23301
0.23301
0.23301
0.23301
0.23301
0.23301
0.23301
0.23301
0.23301
0.23301
0.23301
0.23301
0.23301
0.23301
0.23301
0.23301
0.23301
0.23301
0.23301
0.23301
0.23301
0.23301
0.23301
0.23301
0.233009
0.23301
0.23301
0.23301
0.23301
0.23301
0.23301
0.23301
0.233009
0.233009
0.233009
0.233006
0.233004
0.232987
0.232999
0.232692
0.232897
0.229246
0.230844
0.223748
0.22504
0.220157
0.220646
0.218982
0.218351
0.218603
0.218394
0.219495
0.219422
0.219208
0.218864
0.220529
0.218044
0.208861
0.219955
0.22009
0.220358
0.220576
0.220517
0.194743
0.232891
0.23301
0.23301
0.208851
0.231489
0.23301
0.23301
0.23301
0.23301
0.23301
0.23301
0.23301
0.23301
0.23301
0.23301
0.23301
0.23301
0.23301
0.23301
0.23301
0.23301
0.23301
0.23301
0.23301
0.23301
0.23301
0.23301
0.23301
0.23301
0.23301
0.23301
0.23301
0.23301
0.23301
0.23301
0.23301
0.23301
0.23301
0.23301
0.23301
0.23301
0.23301
0.23301
0.23301
0.23301
0.23301
0.23301
0.23301
0.23301
0.23301
0.23301
0.233008
0.23301
0.23301
0.23301
0.23301
0.23301
0.23301
0.23301
0.23301
0.233009
0.233009
0.233008
0.232999
0.232993
0.232955
0.232984
0.232097
0.232622
0.226634
0.22842
0.221328
0.222277
0.219186
0.219467
0.218413
0.218757
0.218526
0.219515
0.219439
0.21922
0.218904
0.220094
0.215654
0.199391
0.219981
0.220111
0.220327
0.220476
0.220471
0.197873
0.232996
0.23301
0.23301
0.22495
0.232759
0.23301
0.23301
0.23301
0.23301
0.23301
0.23301
0.23301
0.23301
0.23301
0.23301
0.23301
0.23301
0.23301
0.23301
0.23301
0.23301
0.23301
0.23301
0.23301
0.23301
0.23301
0.23301
0.23301
0.23301
0.23301
0.23301
0.23301
0.23301
0.23301
0.23301
0.23301
0.23301
0.23301
0.23301
0.23301
0.23301
0.23301
0.23301
0.23301
0.23301
0.23301
0.23301
0.23301
0.23301
0.23301
0.23301
0.23301
0.23301
0.233002
0.23301
0.23301
0.23301
0.23301
0.23301
0.23301
0.233009
0.233009
0.233007
0.233008
0.233005
0.232968
0.232948
0.232833
0.232919
0.230188
0.231603
0.223534
0.225141
0.219828
0.220301
0.218944
0.21851
0.218676
0.219528
0.219446
0.219239
0.218952
0.219114
0.209911
0.197883
0.220001
0.220117
0.22033
0.220253
0.220214
0.220358
0.20938
0.233008
0.23301
0.23301
0.230981
0.232978
0.23301
0.23301
0.23301
0.23301
0.23301
0.23301
0.23301
0.23301
0.23301
0.23301
0.23301
0.23301
0.23301
0.23301
0.23301
0.23301
0.23301
0.23301
0.23301
0.23301
0.23301
0.23301
0.23301
0.23301
0.23301
0.23301
0.23301
0.23301
0.23301
0.23301
0.23301
0.23301
0.23301
0.23301
0.23301
0.23301
0.23301
0.23301
0.23301
0.23301
0.23301
0.23301
0.23301
0.23301
0.23301
0.23301
0.23301
0.23301
0.23301
0.232982
0.23301
0.23301
0.23301
0.23301
0.23301
0.23301
0.233009
0.233009
0.233009
0.232999
0.233004
0.232992
0.232851
0.232766
0.232287
0.232643
0.227031
0.228946
0.220936
0.221826
0.219149
0.219394
0.218613
0.218839
0.219534
0.219452
0.219253
0.218985
0.216762
0.2011
0.200353
0.220019
0.22013
0.220274
0.219476
0.220161
0.220286
0.224502
0.23301
0.23301
0.23301
0.232629
0.233006
0.23301
0.23301
0.23301
0.23301
0.23301
0.23301
0.23301
0.23301
0.23301
0.23301
0.23301
0.23301
0.23301
0.23301
0.23301
0.23301
0.23301
0.23301
0.23301
0.23301
0.23301
0.23301
0.23301
0.23301
0.23301
0.23301
0.23301
0.23301
0.23301
0.23301
0.23301
0.23301
0.23301
0.23301
0.23301
0.23301
0.23301
0.23301
0.23301
0.23301
0.23301
0.23301
0.23301
0.23301
0.23301
0.23301
0.23301
0.23301
0.23301
0.23301
0.23301
0.232902
0.23301
0.23301
0.23301
0.23301
0.23301
0.23301
0.233009
0.233009
0.233007
0.233008
0.232967
0.232988
0.232942
0.232461
0.232172
0.230604
0.231657
0.223107
0.224932
0.219692
0.220083
0.219011
0.218776
0.219535
0.21945
0.219256
0.219005
0.210035
0.199893
0.209796
0.220035
0.220123
0.220243
0.217081
0.219392
0.220105
0.220207
0.23064
0.23301
0.23301
0.23301
0.232956
0.23301
0.23301
0.23301
0.23301
0.23301
0.23301
0.23301
0.23301
0.23301
0.23301
0.23301
0.23301
0.23301
0.23301
0.23301
0.23301
0.23301
0.23301
0.23301
0.23301
0.23301
0.23301
0.23301
0.23301
0.23301
0.23301
0.23301
0.23301
0.23301
0.23301
0.23301
0.23301
0.23301
0.23301
0.23301
0.23301
0.23301
0.23301
0.23301
0.23301
0.23301
0.23301
0.23301
0.23301
0.23301
0.23301
0.23301
0.23301
0.23301
0.23301
0.23301
0.23301
0.23301
0.232633
0.233009
0.23301
0.23301
0.23301
0.23301
0.23301
0.233009
0.233008
0.232999
0.233004
0.232851
0.232931
0.23277
0.231404
0.230482
0.227067
0.229027
0.220638
0.221469
0.219202
0.219416
0.218852
0.219523
0.219431
0.219232
0.219024
0.202309
0.202042
0.224416
0.220043
0.220121
0.220205
0.209678
0.216427
0.218936
0.219954
0.220114
0.232521
0.23301
0.23301
0.23301
0.233004
0.23301
0.23301
0.23301
0.23301
0.23301
0.23301
0.23301
0.23301
0.23301
0.23301
0.23301
0.23301
0.23301
0.23301
0.23301
0.23301
0.23301
0.23301
0.23301
0.23301
0.23301
0.23301
0.23301
0.23301
0.23301
0.23301
0.23301
0.23301
0.23301
0.23301
0.23301
0.23301
0.23301
0.23301
0.23301
0.23301
0.23301
0.23301
0.23301
0.23301
0.23301
0.23301
0.23301
0.23301
0.23301
0.23301
0.23301
0.23301
0.23301
0.23301
0.23301
0.23301
0.23301
0.23301
0.23301
0.231882
0.233009
0.23301
0.23301
0.23301
0.23301
0.233009
0.233006
0.233002
0.23297
0.232991
0.232502
0.232738
0.232278
0.228897
0.226749
0.222723
0.224539
0.219665
0.220021
0.21898
0.219115
0.219495
0.21939
0.219215
0.219046
0.201416
0.210879
0.230508
0.220052
0.220114
0.22016
0.20307
0.208139
0.215208
0.218307
0.219769
0.22
0.232936
0.23301
0.23301
0.23301
0.233009
0.23301
0.23301
0.23301
0.23301
0.23301
0.23301
0.23301
0.23301
0.23301
0.23301
0.23301
0.23301
0.23301
0.23301
0.23301
0.23301
0.23301
0.23301
0.23301
0.23301
0.23301
0.23301
0.23301
0.23301
0.23301
0.23301
0.23301
0.23301
0.23301
0.23301
0.23301
0.23301
0.23301
0.23301
0.23301
0.23301
0.23301
0.23301
0.23301
0.23301
0.23301
0.23301
0.23301
0.23301
0.23301
0.23301
0.23301
0.23301
0.23301
0.23301
0.23301
0.23301
0.23301
0.23301
0.23301
0.23301
0.23301
0.230137
0.233009
0.23301
0.23301
0.23301
0.23301
0.233009
0.232998
0.232986
0.232869
0.232947
0.231668
0.232196
0.231121
0.224184
0.222361
0.220471
0.221256
0.219255
0.219522
0.219058
0.219453
0.219352
0.219187
0.203712
0.224859
0.232477
0.220057
0.2201
0.220105
0.202757
0.203614
0.206646
0.212659
0.217326
0.219517
0.219832
0.233001
0.23301
0.23301
0.23301
0.23301
0.23301
0.23301
0.23301
0.23301
0.23301
0.23301
0.23301
0.23301
0.23301
0.23301
0.23301
0.23301
0.23301
0.23301
0.23301
0.23301
0.23301
0.23301
0.23301
0.23301
0.23301
0.23301
0.23301
0.23301
0.23301
0.23301
0.23301
0.23301
0.23301
0.23301
0.23301
0.23301
0.23301
0.23301
0.23301
0.23301
0.23301
0.23301
0.23301
0.23301
0.23301
0.23301
0.23301
0.23301
0.23301
0.23301
0.23301
0.23301
0.23301
0.23301
0.23301
0.23301
0.23301
0.23301
0.23301
0.23301
0.23301
0.23301
0.23301
0.226624
0.233006
0.23301
0.23301
0.233009
0.233009
0.233008
0.232973
0.232936
0.232561
0.23281
0.230006
0.231022
0.228708
0.221094
0.220407
0.219761
0.219953
0.219064
0.219226
0.219136
0.219402
0.219298
0.212765
0.230624
0.232926
0.220055
0.220078
0.22003
0.205581
0.203865
0.204144
0.205763
0.209685
0.215799
0.219086
0.219469
0.233009
0.23301
0.23301
0.23301
0.23301
0.23301
0.23301
0.23301
0.23301
0.23301
0.23301
0.23301
0.23301
0.23301
0.23301
0.23301
0.23301
0.23301
0.23301
0.23301
0.23301
0.23301
0.23301
0.23301
0.23301
0.23301
0.23301
0.23301
0.23301
0.23301
0.23301
0.23301
0.23301
0.23301
0.23301
0.23301
0.23301
0.23301
0.23301
0.23301
0.23301
0.23301
0.23301
0.23301
0.23301
0.23301
0.23301
0.23301
0.23301
0.23301
0.23301
0.23301
0.23301
0.23301
0.23301
0.23301
0.23301
0.23301
0.23301
0.23301
0.23301
0.23301
0.23301
0.23301
0.23301
0.23301
0.222272
0.232999
0.23301
0.23301
0.233008
0.233009
0.233004
0.232909
0.232782
0.231818
0.232405
0.226968
0.228852
0.224284
0.219994
0.219747
0.219506
0.219558
0.219063
0.219092
0.219222
0.219336
0.225728
0.2325
0.232999
0.220047
0.220048
0.219916
0.215567
0.20761
0.204889
0.20488
0.2056
0.208041
0.21381
0.217443
0.218914
0.23301
0.23301
0.23301
0.23301
0.23301
0.23301
0.23301
0.23301
0.23301
0.23301
0.23301
0.23301
0.23301
0.23301
0.23301
0.23301
0.23301
0.23301
0.23301
0.23301
0.23301
0.23301
0.23301
0.23301
0.23301
0.23301
0.23301
0.23301
0.23301
0.23301
0.23301
0.23301
0.23301
0.23301
0.23301
0.23301
0.23301
0.23301
0.23301
0.23301
0.23301
0.23301
0.23301
0.23301
0.23301
0.23301
0.23301
0.23301
0.23301
0.23301
0.23301
0.23301
0.23301
0.23301
0.23301
0.23301
0.23301
0.23301
0.23301
0.23301
0.23301
0.23301
0.23301
0.23301
0.23301
0.23301
0.23301
0.23301
0.220325
0.232977
0.233009
0.23301
0.233006
0.233009
0.232995
0.232758
0.232386
0.2304
0.231439
0.222643
0.225097
0.221189
0.219706
0.219398
0.219038
0.218991
0.219018
0.219158
0.21926
0.23094
0.232928
0.233009
0.220033
0.220004
0.219731
0.227022
0.218969
0.209957
0.20642
0.205744
0.206052
0.207644
0.212326
0.214645
0.218412
0.23301
0.23301
0.23301
0.23301
0.23301
0.23301
0.23301
0.23301
0.23301
0.23301
0.23301
0.23301
0.23301
0.23301
0.23301
0.23301
0.23301
0.23301
0.23301
0.23301
0.23301
0.23301
0.23301
0.23301
0.23301
0.23301
0.23301
0.23301
0.23301
0.23301
0.23301
0.23301
0.23301
0.23301
0.23301
0.23301
0.23301
0.23301
0.23301
0.23301
0.23301
0.23301
0.23301
0.23301
0.23301
0.23301
0.23301
0.23301
0.23301
0.23301
0.23301
0.23301
0.23301
0.23301
0.23301
0.23301
0.23301
0.23301
0.23301
0.23301
0.23301
0.23301
0.23301
0.23301
0.23301
0.23301
0.23301
0.23301
0.23301
0.23301
0.219663
0.232921
0.233009
0.23301
0.233
0.233006
0.232975
0.232399
0.23143
0.227929
0.229714
0.220489
0.221612
0.219973
0.218884
0.218961
0.218991
0.218879
0.21906
0.219182
0.232579
0.232999
0.23301
0.22001
0.219938
0.219588
0.231384
0.228377
0.22236
0.213211
0.208411
0.206716
0.20685
0.207824
0.211476
0.211512
0.217682
0.23301
0.23301
0.23301
0.23301
0.23301
0.23301
0.23301
0.23301
0.23301
0.23301
0.23301
0.23301
0.23301
0.23301
0.23301
0.23301
0.23301
0.23301
0.23301
0.23301
0.23301
0.23301
0.23301
0.23301
0.23301
0.23301
0.23301
0.23301
0.23301
0.23301
0.23301
0.23301
0.23301
0.23301
0.23301
0.23301
0.23301
0.23301
0.23301
0.23301
0.23301
0.23301
0.23301
0.23301
0.23301
0.23301
0.23301
0.23301
0.23301
0.23301
0.23301
0.23301
0.23301
0.23301
0.23301
0.23301
0.23301
0.23301
0.23301
0.23301
0.23301
0.23301
0.23301
0.23301
0.23301
0.23301
0.23301
0.23301
0.23301
0.23301
0.23301
0.23301
0.23301
0.219481
0.232786
0.233009
0.23301
0.232983
0.233001
0.23293
0.23158
0.22953
0.223709
0.227021
0.219632
0.220036
0.219538
0.218745
0.218811
0.218811
0.219034
0.218898
0.219093
0.232941
0.233009
0.23301
0.219975
0.21988
0.219306
0.23268
0.231827
0.229656
0.225123
0.21775
0.211195
0.208238
0.208127
0.208842
0.213451
0.209369
0.217022
0.23301
0.23301
0.23301
0.23301
0.23301
0.23301
0.23301
0.23301
0.23301
0.23301
0.23301
0.23301
0.23301
0.23301
0.23301
0.23301
0.23301
0.23301
0.23301
0.23301
0.23301
0.23301
0.23301
0.23301
0.23301
0.23301
0.23301
0.23301
0.23301
0.23301
0.23301
0.23301
0.23301
0.23301
0.23301
0.23301
0.23301
0.23301
0.23301
0.23301
0.23301
0.23301
0.23301
0.23301
0.23301
0.23301
0.23301
0.23301
0.23301
0.23301
0.23301
0.23301
0.23301
0.23301
0.23301
0.23301
0.23301
0.23301
0.23301
0.23301
0.23301
0.23301
0.23301
0.23301
0.23301
0.23301
0.23301
0.23301
0.23301
0.23301
0.23301
0.23301
0.232469
0.233007
0.233009
0.232947
0.232989
0.232826
0.229802
0.22655
0.221019
0.22297
0.219427
0.219363
0.219216
0.218766
0.218626
0.218666
0.218828
0.219061
0.218924
0.233001
0.23301
0.23301
0.21994
0.219778
0.218968
0.232959
0.232783
0.232212
0.230689
0.227135
0.222367
0.214852
0.210958
0.209719
0.210671
0.209691
0.211988
0.216929
0.23301
0.23301
0.23301
0.23301
0.23301
0.23301
0.23301
0.23301
0.23301
0.23301
0.23301
0.23301
0.23301
0.23301
0.23301
0.23301
0.23301
0.23301
0.23301
0.23301
0.23301
0.23301
0.23301
0.23301
0.23301
0.23301
0.23301
0.23301
0.23301
0.23301
0.23301
0.23301
0.23301
0.23301
0.23301
0.23301
0.23301
0.23301
0.23301
0.23301
0.23301
0.23301
0.23301
0.23301
0.23301
0.23301
0.23301
0.23301
0.23301
0.23301
0.23301
0.23301
0.23301
0.23301
0.23301
0.23301
0.23301
0.23301
0.23301
0.23301
0.23301
0.23301
0.23301
0.23301
0.23301
0.23301
0.23301
0.23301
0.23301
0.23301
0.23301
0.23301
0.233009
0.23301
0.231809
0.233004
0.233009
0.232872
0.232964
0.232587
0.226635
0.22279
0.219748
0.220686
0.218563
0.219178
0.218794
0.218634
0.218531
0.218852
0.233009
0.23301
0.23301
0.219885
0.219641
0.218823
0.233003
0.232975
0.232861
0.232504
0.231428
0.229509
0.22569
0.220314
0.214708
0.209893
0.212132
0.210654
0.211099
0.216519
0.23301
0.23301
0.23301
0.23301
0.23301
0.23301
0.23301
0.23301
0.23301
0.23301
0.23301
0.23301
0.23301
0.23301
0.23301
0.23301
0.23301
0.23301
0.23301
0.23301
0.23301
0.23301
0.23301
0.23301
0.23301
0.23301
0.23301
0.23301
0.23301
0.23301
0.23301
0.23301
0.23301
0.23301
0.23301
0.23301
0.23301
0.23301
0.23301
0.23301
0.23301
0.23301
0.23301
0.23301
0.23301
0.23301
0.23301
0.23301
0.23301
0.23301
0.23301
0.23301
0.23301
0.23301
0.23301
0.23301
0.23301
0.23301
0.23301
0.23301
0.23301
0.23301
0.23301
0.23301
0.23301
0.23301
0.23301
0.23301
0.23301
0.23301
0.23301
0.23301
0.23301
0.23301
0.23301
0.233009
0.23301
0.230432
0.232995
0.233007
0.232708
0.232914
0.232082
0.22309
0.220645
0.219167
0.219575
0.218482
0.218406
0.218673
0.218595
0.23301
0.23301
0.23301
0.219809
0.219551
0.218631
0.233009
0.233005
0.232985
0.232924
0.232675
0.232153
0.230915
0.228461
0.225064
0.210884
0.22045
0.210888
0.211025
0.211056
0.215923
0.23301
0.23301
0.23301
0.23301
0.23301
0.23301
0.23301
0.23301
0.23301
0.23301
0.23301
0.23301
0.23301
0.23301
0.23301
0.23301
0.23301
0.23301
0.23301
0.23301
0.23301
0.23301
0.23301
0.23301
0.23301
0.23301
0.23301
0.23301
0.23301
0.23301
0.23301
0.23301
0.23301
0.23301
0.23301
0.23301
0.23301
0.23301
0.23301
0.23301
0.23301
0.23301
0.23301
0.23301
0.23301
0.23301
0.23301
0.23301
0.23301
0.23301
0.23301
0.23301
0.23301
0.23301
0.23301
0.23301
0.23301
0.23301
0.23301
0.23301
0.23301
0.23301
0.23301
0.23301
0.23301
0.23301
0.23301
0.23301
0.23301
0.23301
0.23301
0.23301
0.23301
0.23301
0.23301
0.23301
0.233009
0.233008
0.23301
0.227417
0.232978
0.233002
0.232367
0.232812
0.231052
0.220812
0.21952
0.21902
0.219045
0.218343
0.218303
0.218472
0.218619
0.23301
0.23301
0.219748
0.219455
0.218296
0.23301
0.233009
0.233007
0.232997
0.232953
0.232851
0.232574
0.231894
0.230702
0.215986
0.228423
0.213565
0.21206
0.211143
0.212612
0.215939
0.23301
0.23301
0.23301
0.23301
0.23301
0.23301
0.23301
0.23301
0.23301
0.23301
0.23301
0.23301
0.23301
0.23301
0.23301
0.23301
0.23301
0.23301
0.23301
0.23301
0.23301
0.23301
0.23301
0.23301
0.23301
0.23301
0.23301
0.23301
0.23301
0.23301
0.23301
0.23301
0.23301
0.23301
0.23301
0.23301
0.23301
0.23301
0.23301
0.23301
0.23301
0.23301
0.23301
0.23301
0.23301
0.23301
0.23301
0.23301
0.23301
0.23301
0.23301
0.23301
0.23301
0.23301
0.23301
0.23301
0.23301
0.23301
0.23301
0.23301
0.23301
0.23301
0.23301
0.23301
0.23301
0.23301
0.23301
0.23301
0.23301
0.23301
0.23301
0.23301
0.23301
0.23301
0.23301
0.23301
0.23301
0.23301
0.23301
0.23301
0.23301
0.233009
0.233006
0.23301
0.223824
0.232945
0.232991
0.231669
0.232601
0.228794
0.219558
0.218978
0.218932
0.218238
0.218233
0.218378
0.218518
0.23301
0.219684
0.21929
0.218155
0.23301
0.23301
0.23301
0.233008
0.233002
0.232986
0.232939
0.232806
0.232527
0.225736
0.231902
0.222019
0.211404
0.212057
0.218571
0.211769
0.215794
0.23301
0.23301
0.23301
0.23301
0.23301
0.23301
0.23301
0.23301
0.23301
0.23301
0.23301
0.23301
0.23301
0.23301
0.23301
0.23301
0.23301
0.23301
0.23301
0.23301
0.23301
0.23301
0.23301
0.23301
0.23301
0.23301
0.23301
0.23301
0.23301
0.23301
0.23301
0.23301
0.23301
0.23301
0.23301
0.23301
0.23301
0.23301
0.23301
0.23301
0.23301
0.23301
0.23301
0.23301
0.23301
0.23301
0.23301
0.23301
0.23301
0.23301
0.23301
0.23301
0.23301
0.23301
0.23301
0.23301
0.23301
0.23301
0.23301
0.23301
0.23301
0.23301
0.23301
0.23301
0.23301
0.23301
0.23301
0.23301
0.23301
0.23301
0.23301
0.23301
0.23301
0.23301
0.23301
0.23301
0.23301
0.23301
0.23301
0.23301
0.23301
0.233009
0.23301
0.23301
0.233008
0.233
0.23301
0.221186
0.232883
0.232971
0.230273
0.23217
0.225157
0.218917
0.218861
0.218342
0.218065
0.218084
0.218439
0.219578
0.219184
0.218016
0.23301
0.23301
0.23301
0.23301
0.233009
0.233007
0.233
0.232983
0.232929
0.230883
0.232828
0.229248
0.212014
0.216211
0.227123
0.211753
0.21205
0.215437
0.23301
0.23301
0.23301
0.23301
0.23301
0.23301
0.23301
0.23301
0.23301
0.23301
0.23301
0.23301
0.23301
0.23301
0.23301
0.23301
0.23301
0.23301
0.23301
0.23301
0.23301
0.23301
0.23301
0.23301
0.23301
0.23301
0.23301
0.23301
0.23301
0.23301
0.23301
0.23301
0.23301
0.23301
0.23301
0.23301
0.23301
0.23301
0.23301
0.23301
0.23301
0.23301
0.23301
0.23301
0.23301
0.23301
0.23301
0.23301
0.23301
0.23301
0.23301
0.23301
0.23301
0.23301
0.23301
0.23301
0.23301
0.23301
0.23301
0.23301
0.23301
0.23301
0.23301
0.23301
0.23301
0.23301
0.23301
0.23301
0.23301
0.23301
0.23301
0.23301
0.23301
0.23301
0.23301
0.23301
0.23301
0.23301
0.23301
0.23301
0.23301
0.23301
0.23301
0.23301
0.233009
0.23301
0.23301
0.233006
0.232988
0.23301
0.219632
0.232757
0.232932
0.227217
0.231292
0.221944
0.218775
0.21841
0.218197
0.217993
0.217923
0.2195
0.219088
0.217753
0.23301
0.23301
0.23301
0.23301
0.23301
0.233009
0.233007
0.232999
0.232583
0.232987
0.232181
0.214625
0.224958
0.231391
0.212117
0.212516
0.213889
0.215569
0.23301
0.23301
0.23301
0.23301
0.23301
0.23301
0.23301
0.23301
0.23301
0.23301
0.23301
0.23301
0.23301
0.23301
0.23301
0.23301
0.23301
0.23301
0.23301
0.23301
0.23301
0.23301
0.23301
0.23301
0.23301
0.23301
0.23301
0.23301
0.23301
0.23301
0.23301
0.23301
0.23301
0.23301
0.23301
0.23301
0.23301
0.23301
0.23301
0.23301
0.23301
0.23301
0.23301
0.23301
0.23301
0.23301
0.23301
0.23301
0.23301
0.23301
0.23301
0.23301
0.23301
0.23301
0.23301
0.23301
0.23301
0.23301
0.23301
0.23301
0.23301
0.23301
0.23301
0.23301
0.23301
0.23301
0.23301
0.23301
0.23301
0.23301
0.23301
0.23301
0.23301
0.23301
0.23301
0.23301
0.23301
0.23301
0.23301
0.23301
0.23301
0.23301
0.23301
0.23301
0.23301
0.23301
0.23301
0.23301
0.233008
0.233009
0.23301
0.233
0.232961
0.23301
0.218835
0.232489
0.232852
0.223464
0.22957
0.219839
0.218312
0.218198
0.21784
0.217739
0.219423
0.21892
0.217655
0.23301
0.23301
0.23301
0.23301
0.23301
0.23301
0.233009
0.232945
0.233007
0.232876
0.222254
0.23042
0.232736
0.212266
0.213268
0.220107
0.212447
0.215501
0.23301
0.23301
0.23301
0.23301
0.23301
0.23301
0.23301
0.23301
0.23301
0.23301
0.23301
0.23301
0.23301
0.23301
0.23301
0.23301
0.23301
0.23301
0.23301
0.23301
0.23301
0.23301
0.23301
0.23301
0.23301
0.23301
0.23301
0.23301
0.23301
0.23301
0.23301
0.23301
0.23301
0.23301
0.23301
0.23301
0.23301
0.23301
0.23301
0.23301
0.23301
0.23301
0.23301
0.23301
0.23301
0.23301
0.23301
0.23301
0.23301
0.23301
0.23301
0.23301
0.23301
0.23301
0.23301
0.23301
0.23301
0.23301
0.23301
0.23301
0.23301
0.23301
0.23301
0.23301
0.23301
0.23301
0.23301
0.23301
0.23301
0.23301
0.23301
0.23301
0.23301
0.23301
0.23301
0.23301
0.23301
0.23301
0.23301
0.23301
0.23301
0.23301
0.23301
0.23301
0.23301
0.23301
0.23301
0.23301
0.23301
0.233005
0.233009
0.23301
0.232986
0.232904
0.23301
0.218641
0.23194
0.232685
0.220683
0.226057
0.218681
0.21831
0.218084
0.217763
0.217556
0.219299
0.218819
0.217545
0.23301
0.23301
0.23301
0.23301
0.23301
0.23301
0.233002
0.23301
0.232993
0.229132
0.232461
0.232973
0.213145
0.218126
0.227625
0.212648
0.213115
0.215583
0.23301
0.23301
0.23301
0.23301
0.23301
0.23301
0.23301
0.23301
0.23301
0.23301
0.23301
0.23301
0.23301
0.23301
0.23301
0.23301
0.23301
0.23301
0.23301
0.23301
0.23301
0.23301
0.23301
0.23301
0.23301
0.23301
0.23301
0.23301
0.23301
0.23301
0.23301
0.23301
0.23301
0.23301
0.23301
0.23301
0.23301
0.23301
0.23301
0.23301
0.23301
0.23301
0.23301
0.23301
0.23301
0.23301
0.23301
0.23301
0.23301
0.23301
0.23301
0.23301
0.23301
0.23301
0.23301
0.23301
0.23301
0.23301
0.23301
0.23301
0.23301
0.23301
0.23301
0.23301
0.23301
0.23301
0.23301
0.23301
0.23301
0.23301
0.23301
0.23301
0.23301
0.23301
0.23301
0.23301
0.23301
0.23301
0.23301
0.23301
0.23301
0.23301
0.23301
0.23301
0.23301
0.23301
0.23301
0.23301
0.23301
0.23301
0.23301
0.23301
0.232997
0.233007
0.233009
0.232949
0.232783
0.23301
0.230903
0.23233
0.218969
0.222524
0.21839
0.218236
0.218087
0.217645
0.2174
0.219213
0.21872
0.217476
0.23301
0.23301
0.23301
0.23301
0.23301
0.233009
0.23301
0.233008
0.232096
0.232931
0.233006
0.216716
0.226249
0.231518
0.212824
0.213178
0.215964
0.215565
0.23301
0.23301
0.23301
0.23301
0.23301
0.23301
0.23301
0.23301
0.23301
0.23301
0.23301
0.23301
0.23301
0.23301
0.23301
0.23301
0.23301
0.23301
0.23301
0.23301
0.23301
0.23301
0.23301
0.23301
0.23301
0.23301
0.23301
0.23301
0.23301
0.23301
0.23301
0.23301
0.23301
0.23301
0.23301
0.23301
0.23301
0.23301
0.23301
0.23301
0.23301
0.23301
0.23301
0.23301
0.23301
0.23301
0.23301
0.23301
0.23301
0.23301
0.23301
0.23301
0.23301
0.23301
0.23301
0.23301
0.23301
0.23301
0.23301
0.23301
0.23301
0.23301
0.23301
0.23301
0.23301
0.23301
0.23301
0.23301
0.23301
0.23301
0.23301
0.23301
0.23301
0.23301
0.23301
0.23301
0.23301
0.23301
0.23301
0.23301
0.23301
0.23301
0.23301
0.23301
0.23301
0.23301
0.23301
0.23301
0.233009
0.23301
0.23301
0.23301
0.23301
0.232977
0.233002
0.233007
0.232862
0.232532
0.23301
0.228952
0.231639
0.218097
0.219953
0.218115
0.218245
0.218025
0.21751
0.217241
0.219126
0.218631
0.217392
0.23301
0.23301
0.23301
0.23301
0.23301
0.23301
0.23301
0.23287
0.233001
0.23301
0.224693
0.230882
0.232754
0.213067
0.213289
0.215523
0.223332
0.215581
0.23301
0.23301
0.23301
0.23301
0.23301
0.23301
0.23301
0.23301
0.23301
0.23301
0.23301
0.23301
0.23301
0.23301
0.23301
0.23301
0.23301
0.23301
0.23301
0.23301
0.23301
0.23301
0.23301
0.23301
0.23301
0.23301
0.23301
0.23301
0.23301
0.23301
0.23301
0.23301
0.23301
0.23301
0.23301
0.23301
0.23301
0.23301
0.23301
0.23301
0.23301
0.23301
0.23301
0.23301
0.23301
0.23301
0.23301
0.23301
0.23301
0.23301
0.23301
0.23301
0.23301
0.23301
0.23301
0.23301
0.23301
0.23301
0.23301
0.23301
0.23301
0.23301
0.23301
0.23301
0.23301
0.23301
0.23301
0.23301
0.23301
0.23301
0.23301
0.23301
0.23301
0.23301
0.23301
0.23301
0.23301
0.23301
0.23301
0.23301
0.23301
0.23301
0.23301
0.23301
0.23301
0.23301
0.23301
0.23301
0.23301
0.23301
0.23301
0.233009
0.23301
0.23301
0.23301
0.23301
0.232929
0.232991
0.233003
0.232672
0.232044
0.23301
0.225343
0.230378
0.217799
0.218288
0.218215
0.217967
0.217464
0.216942
0.219041
0.218538
0.217331
0.23301
0.23301
0.23301
0.23301
0.23301
0.23301
0.232993
0.233009
0.23301
0.230161
0.232585
0.232979
0.21324
0.213455
0.21549
0.222434
0.229407
0.215588
0.23301
0.23301
0.23301
0.23301
0.23301
0.23301
0.23301
0.23301
0.23301
0.23301
0.23301
0.23301
0.23301
0.23301
0.23301
0.23301
0.23301
0.23301
0.23301
0.23301
0.23301
0.23301
0.23301
0.23301
0.23301
0.23301
0.23301
0.23301
0.23301
0.23301
0.23301
0.23301
0.23301
0.23301
0.23301
0.23301
0.23301
0.23301
0.23301
0.23301
0.23301
0.23301
0.23301
0.23301
0.23301
0.23301
0.23301
0.23301
0.23301
0.23301
0.23301
0.23301
0.23301
0.23301
0.23301
0.23301
0.23301
0.23301
0.23301
0.23301
0.23301
0.23301
0.23301
0.23301
0.23301
0.23301
0.23301
0.23301
0.23301
0.23301
0.23301
0.23301
0.23301
0.23301
0.23301
0.23301
0.23301
0.23301
0.23301
0.23301
0.23301
0.23301
0.23301
0.23301
0.23301
0.23301
0.23301
0.23301
0.23301
0.23301
0.23301
0.23301
0.233008
0.233009
0.23301
0.23301
0.232817
0.232964
0.232992
0.2323
0.231163
0.23301
0.221804
0.22824
0.217455
0.217364
0.21819
0.217975
0.217275
0.21681
0.218956
0.218456
0.217271
0.23301
0.23301
0.23301
0.23301
0.23301
0.233008
0.23301
0.23301
0.232391
0.232954
0.233007
0.213492
0.213612
0.215564
0.221792
0.228798
0.232136
0.215647
0.23301
0.23301
0.23301
0.23301
0.23301
0.23301
0.23301
0.23301
0.23301
0.23301
0.23301
0.23301
0.23301
0.23301
0.23301
0.23301
0.23301
0.23301
0.23301
0.23301
0.23301
0.23301
0.23301
0.23301
0.23301
0.23301
0.23301
0.23301
0.23301
0.23301
0.23301
0.23301
0.23301
0.23301
0.23301
0.23301
0.23301
0.23301
0.23301
0.23301
0.23301
0.23301
0.23301
0.23301
0.23301
0.23301
0.23301
0.23301
0.23301
0.23301
0.23301
0.23301
0.23301
0.23301
0.23301
0.23301
0.23301
0.23301
0.23301
0.23301
0.23301
0.23301
0.23301
0.23301
0.23301
0.23301
0.23301
0.23301
0.23301
0.23301
0.23301
0.23301
0.23301
0.23301
0.23301
0.23301
0.23301
0.23301
0.23301
0.23301
0.23301
0.23301
0.23301
0.23301
0.23301
0.23301
0.23301
0.23301
0.23301
0.23301
0.23301
0.23301
0.23301
0.23301
0.23301
0.233005
0.233009
0.23301
0.232591
0.232904
0.232967
0.231649
0.229698
0.23301
0.219107
0.224701
0.217044
0.218211
0.217891
0.217292
0.216493
0.218874
0.218376
0.217229
0.23301
0.23301
0.23301
0.23301
0.23301
0.23301
0.232927
0.233004
0.23301
0.213693
0.21383
0.215758
0.221689
0.228333
0.231895
0.232882
0.215691
0.23301
0.23301
0.23301
0.23301
0.23301
0.23301
0.23301
0.23301
0.23301
0.23301
0.23301
0.23301
0.23301
0.23301
0.23301
0.23301
0.23301
0.23301
0.23301
0.23301
0.23301
0.23301
0.23301
0.23301
0.23301
0.23301
0.23301
0.23301
0.23301
0.23301
0.23301
0.23301
0.23301
0.23301
0.23301
0.23301
0.23301
0.23301
0.23301
0.23301
0.23301
0.23301
0.23301
0.23301
0.23301
0.23301
0.23301
0.23301
0.23301
0.23301
0.23301
0.23301
0.23301
0.23301
0.23301
0.23301
0.23301
0.23301
0.23301
0.23301
0.23301
0.23301
0.23301
0.23301
0.23301
0.23301
0.23301
0.23301
0.23301
0.23301
0.23301
0.23301
0.23301
0.23301
0.23301
0.23301
0.23301
0.23301
0.23301
0.23301
0.23301
0.23301
0.23301
0.233008
0.23301
0.23301
0.23301
0.23301
0.23301
0.23301
0.23301
0.23301
0.23301
0.23301
0.23301
0.232998
0.23301
0.23219
0.232785
0.23292
0.230627
0.227488
0.23301
0.217464
0.221182
0.216652
0.218201
0.217946
0.217099
0.216411
0.218794
0.218306
0.217191
0.23301
0.23301
0.23301
0.23301
0.23301
0.233002
0.23301
0.23301
0.214009
0.214052
0.216095
0.221784
0.227998
0.231702
0.232833
0.232997
0.215722
0.23301
0.23301
0.23301
0.23301
0.23301
0.23301
0.23301
0.23301
0.23301
0.23301
0.23301
0.23301
0.23301
0.23301
0.23301
0.23301
0.23301
0.23301
0.23301
0.23301
0.23301
0.23301
0.23301
0.23301
0.23301
0.23301
0.23301
0.23301
0.23301
0.23301
0.23301
0.23301
0.23301
0.23301
0.23301
0.23301
0.23301
0.23301
0.23301
0.23301
0.23301
0.23301
0.23301
0.23301
0.23301
0.23301
0.23301
0.23301
0.23301
0.23301
0.23301
0.23301
0.23301
0.23301
0.23301
0.23301
0.23301
0.23301
0.23301
0.23301
0.23301
0.23301
0.23301
0.23301
0.23301
0.23301
0.23301
0.23301
0.23301
0.23301
0.23301
0.23301
0.23301
0.23301
0.23301
0.23301
0.23301
0.23301
0.23301
0.23301
0.23301
0.233009
0.233006
0.232986
0.23301
0.23301
0.23301
0.23301
0.23301
0.23301
0.23301
0.23301
0.23301
0.23301
0.23301
0.23301
0.23301
0.23301
0.231556
0.232575
0.232838
0.229135
0.224283
0.23301
0.216496
0.218619
0.218247
0.217905
0.217166
0.216189
0.216115
0.21872
0.218242
0.217166
0.23301
0.23301
0.23301
0.23301
0.233009
0.23301
0.23301
0.214362
0.214416
0.216577
0.222006
0.227987
0.23153
0.232795
0.232993
0.233009
0.215911
0.23301
0.23301
0.23301
0.23301
0.23301
0.23301
0.23301
0.23301
0.23301
0.23301
0.23301
0.23301
0.23301
0.23301
0.23301
0.23301
0.23301
0.23301
0.23301
0.23301
0.23301
0.23301
0.23301
0.23301
0.23301
0.23301
0.23301
0.23301
0.23301
0.23301
0.23301
0.23301
0.23301
0.23301
0.23301
0.23301
0.23301
0.23301
0.23301
0.23301
0.23301
0.23301
0.23301
0.23301
0.23301
0.23301
0.23301
0.23301
0.23301
0.23301
0.23301
0.23301
0.23301
0.23301
0.23301
0.23301
0.23301
0.23301
0.23301
0.23301
0.23301
0.23301
0.23301
0.23301
0.23301
0.23301
0.23301
0.23301
0.23301
0.23301
0.23301
0.23301
0.23301
0.23301
0.233009
0.233003
0.232965
0.23301
0.23301
0.23301
0.23301
0.23301
0.23301
0.23301
0.23301
0.23301
0.23301
0.23301
0.23301
0.23301
0.230666
0.23225
0.232711
0.227127
0.221391
0.23301
0.217025
0.218262
0.217979
0.217123
0.215801
0.216066
0.218651
0.218185
0.217152
0.23301
0.23301
0.23301
0.23301
0.23301
0.214674
0.214778
0.217204
0.222446
0.228064
0.231476
0.232753
0.232988
0.233009
0.23301
0.215861
0.23301
0.23301
0.23301
0.23301
0.23301
0.23301
0.23301
0.23301
0.23301
0.23301
0.23301
0.23301
0.23301
0.23301
0.23301
0.23301
0.23301
0.23301
0.23301
0.23301
0.23301
0.23301
0.23301
0.23301
0.23301
0.23301
0.23301
0.23301
0.23301
0.23301
0.23301
0.23301
0.23301
0.23301
0.23301
0.23301
0.23301
0.23301
0.23301
0.23301
0.23301
0.23301
0.23301
0.23301
0.23301
0.23301
0.23301
0.23301
0.23301
0.23301
0.23301
0.23301
0.23301
0.23301
0.23301
0.23301
0.23301
0.23301
0.23301
0.23301
0.23301
0.23301
0.233009
0.232999
0.232935
0.23301
0.23301
0.23301
0.23301
0.23301
0.23301
0.23301
0.23301
0.23301
0.23301
0.23301
0.23301
0.23301
0.229513
0.231801
0.232539
0.224738
0.219423
0.216079
0.218326
0.217996
0.217106
0.215439
0.218588
0.218135
0.21711
0.23301
0.23301
0.23301
0.23301
0.214874
0.215429
0.218104
0.223136
0.228255
0.231496
0.23273
0.232983
0.233008
0.23301
0.23301
0.215136
0.23301
0.23301
0.23301
0.23301
0.23301
0.23301
0.23301
0.23301
0.23301
0.23301
0.23301
0.23301
0.23301
0.23301
0.23301
0.23301
0.23301
0.23301
0.23301
0.23301
0.23301
0.23301
0.23301
0.23301
0.23301
0.23301
0.23301
0.23301
0.23301
0.23301
0.23301
0.23301
0.23301
0.23301
0.23301
0.23301
0.23301
0.23301
0.23301
0.23301
0.23301
0.23301
0.23301
0.23301
0.23301
0.23301
0.23301
0.23301
0.23301
0.233008
0.232994
0.232895
0.23301
0.23301
0.23301
0.23301
0.23301
0.23301
0.23301
0.23301
0.23301
0.23301
0.233008
0.23301
0.228125
0.231237
0.232331
0.222662
0.217727
0.215413
0.218359
0.218018
0.21853
0.218056
0.23301
0.23301
0.216381
0.219263
0.224042
0.228657
0.231555
0.232731
0.232981
0.233008
0.23301
0.23301
0.23301
0.23301
0.23301
0.23301
0.23301
0.23301
0.23301
0.23301
0.23301
0.23301
0.23301
0.23301
0.23301
0.23301
0.23301
0.23301
0.23301
0.23301
0.23301
0.23301
0.23301
0.23301
0.23301
0.23301
0.23301
0.23301
0.23301
0.23301
0.23301
0.23301
0.23301
0.23301
0.23301
0.23301
0.23301
0.23301
0.23301
0.23301
0.23301
0.23301
0.23301
0.23301
0.23301
0.23301
0.23301
0.23301
0.232989
0.23285
0.23301
0.23301
0.23301
0.233008
0.233008
0.232984
0.226588
0.230582
0.232103
0.220834
0.218397
0.218439
0.225189
0.229215
0.231686
0.232741
0.232981
0.233008
0.23301
0.23301
0.23301
0.23301
0.23301
0.23301
0.23301
0.23301
0.23301
0.23301
0.23301
0.23301
0.23301
0.23301
0.23301
0.23301
0.23301
0.23301
0.23301
0.23301
0.23301
0.23301
0.23301
0.23301
0.23301
0.23301
0.23301
0.23301
0.23301
0.23301
0.23301
0.23301
0.23301
0.23301
0.23301
0.23301
0.23301
0.23301
0.23301
0.23301
0.23301
0.23301
0.23301
0.232803
0.232982
0.232764
0.229885
0.231877
0.23301
0.23301
0.23301
0.23301
0.23301
0.23301
0.23301
0.23301
0.23301
0.23301
0.23301
0.23301
0.23301
0.23301
0.23301
0.23301
0.23301
0.23301
0.23301
0.23301
0.23301
0.23301
0.23301
0.23301
0.23301
0.23301
0.23301
0.23301
0.23301
0.23301
0.23301
0.23301
0.23301
0.23301
0.23301
0.23301
0.23301
0.23301
0.23301
0.23301
0.23301
0.23301
0.23301
0.23301
0.23301
0.23301
0.23301
0.23301
0.23301
0.23301
0.23301
0.23301
0.23301
0.23301
0.23301
0.23301
0.23301
0.23301
0.23301
0.23301
0.23301
0.23301
0.23301
0.23301
0.23301
0.23301
0.23301
0.23301
0.23301
0.23301
0.23301
0.23301
0.23301
0.23301
0.23301
0.23301
0.23301
0.23301
0.23301
0.23301
0.23301
0.23301
0.23301
0.23301
0.23301
0.23301
0.23301
0.23301
0.23301
0.23301
0.23301
0.23301
0.23301
0.23301
0.23301
0.23301
0.23301
0.23301
0.23301
0.23301
0.23301
0.23301
0.23301
0.23301
0.23301
0.23301
0.23301
0.23301
0.23301
0.23301
0.23301
0.23301
0.23301
0.23301
0.23301
0.23301
0.23301
0.23301
0.23301
0.23301
0.23301
0.23301
0.23301
0.23301
0.23301
0.23301
0.23301
0.23301
0.23301
0.23301
0.23301
0.23301
0.23301
0.23301
0.23301
0.23301
0.23301
0.23301
0.23301
0.23301
0.23301
0.23301
0.23301
0.23301
0.23301
0.23301
0.23301
0.23301
0.23301
0.23301
0.23301
0.23301
0.23301
0.23301
0.23301
0.23301
0.23301
0.23301
0.23301
0.23301
0.23301
0.23301
0.23301
0.23301
0.23301
0.23301
0.23301
0.23301
0.23301
0.23301
0.23301
0.23301
0.23301
0.23301
0.23301
0.23301
0.23301
0.23301
0.23301
0.23301
0.23301
0.23301
0.23301
0.23301
0.23301
0.23301
0.23301
0.23301
0.23301
0.23301
0.23301
0.23301
0.23301
0.23301
0.23301
0.23301
0.23301
0.23301
0.23301
0.23301
0.23301
0.23301
0.23301
0.23301
0.23301
0.23301
0.23301
0.23301
0.23301
0.23301
0.23301
0.23301
0.23301
0.23301
0.23301
0.23301
0.23301
0.23301
0.23301
0.23301
0.23301
0.23301
0.23301
0.23301
0.23301
0.23301
0.23301
0.23301
0.23301
0.23301
0.23301
0.23301
0.23301
0.23301
0.23301
0.23301
0.23301
0.23301
0.23301
0.23301
0.23301
0.23301
0.23301
0.23301
0.23301
0.23301
0.23301
0.23301
0.23301
0.23301
0.23301
0.23301
0.23301
0.23301
0.23301
0.23301
0.23301
0.23301
0.23301
0.23301
0.23301
0.23301
0.23301
0.23301
0.23301
0.23301
0.23301
0.23301
0.23301
0.23301
0.23301
0.23301
0.23301
0.23301
0.23301
0.23301
0.23301
0.23301
0.23301
0.23301
0.23301
0.23301
0.23301
0.23301
0.23301
0.23301
0.23301
0.23301
0.23301
0.23301
0.23301
0.23301
0.23301
0.23301
0.23301
0.23301
0.23301
0.23301
0.23301
0.23301
0.23301
0.23301
0.23301
0.23301
0.23301
0.23301
0.23301
0.23301
0.23301
0.23301
0.23301
0.23301
0.23301
0.23301
0.23301
0.23301
0.23301
0.23301
0.23301
0.23301
0.23301
0.23301
0.23301
0.23301
0.23301
0.23301
0.23301
0.23301
0.23301
0.23301
0.23301
0.23301
0.23301
0.23301
0.23301
0.23301
0.23301
0.23301
0.23301
0.23301
0.23301
0.23301
0.23301
0.23301
0.23301
0.23301
0.23301
0.23301
0.23301
0.23301
0.23301
0.23301
0.23301
0.23301
0.23301
0.23301
0.23301
0.23301
0.23301
0.23301
0.23301
0.23301
0.23301
0.23301
0.23301
0.23301
0.23301
0.23301
0.23301
0.23301
0.23301
0.23301
0.23301
0.23301
0.23301
0.23301
0.23301
0.23301
0.23301
0.23301
0.23301
0.23301
0.23301
0.23301
0.23301
0.23301
0.23301
0.23301
0.23301
0.23301
0.23301
0.23301
0.23301
0.23301
0.23301
0.23301
0.23301
0.23301
0.23301
0.23301
0.23301
0.23301
0.23301
0.23301
0.23301
0.23301
0.23301
0.23301
0.23301
0.23301
0.23301
0.23301
0.23301
0.23301
0.23301
0.23301
0.23301
0.23301
0.23301
0.23301
0.23301
0.23301
0.23301
0.23301
0.23301
0.23301
0.23301
0.23301
0.23301
0.23301
0.23301
0.23301
0.23301
0.23301
0.23301
0.23301
0.23301
0.23301
0.23301
0.23301
0.23301
0.23301
0.23301
)
;

boundaryField
{
    lowerOutlet
    {
        type            inletOutlet;
        inletValue      uniform 0.23301;
        value           nonuniform List<scalar> 
144
(
0.23301
0.23301
0.23301
0.23301
0.23301
0.23301
0.23301
0.23301
0.23301
0.23301
0.23301
0.23301
0.23301
0.23301
0.23301
0.23301
0.23301
0.23301
0.23301
0.23301
0.23301
0.23301
0.23301
0.23301
0.23301
0.23301
0.23301
0.23301
0.23301
0.23301
0.23301
0.23301
0.23301
0.23301
0.23301
0.23301
0.23301
0.23301
0.23301
0.23301
0.23301
0.23301
0.23301
0.23301
0.231722
0.23301
0.23301
0.23301
0.152128
0.23301
0.23301
0.23301
0.23301
0.23301
0.23301
0.23301
0.23301
0.23301
0.23301
0.23301
0.23301
0.23301
0.23301
0.23301
0.23301
0.23301
0.23301
0.23301
0.23301
0.23301
0.23301
0.23301
0.23301
0.23301
0.23301
0.23301
0.23301
0.23301
0.23301
0.23301
0.23301
0.23301
0.23301
0.23301
0.23301
0.23301
0.23301
0.23301
0.23301
0.23301
0.23301
0.23301
0.23301
0.23301
0.23301
0.23301
0.23301
0.23301
0.23301
0.23301
0.23301
0.23301
0.23301
0.23301
0.23301
0.213057
0.23301
0.23301
0.23301
0.23301
0.23301
0.23301
0.23301
0.23301
0.23301
0.23301
0.23301
0.23301
0.23301
0.23301
0.231064
0.23301
0.23301
0.23301
0.23301
0.23301
0.23301
0.23301
0.23301
0.231742
0.23301
0.23301
0.228858
0.23301
0.23301
0.23301
0.23301
0.23301
0.23301
0.23301
0.23301
0.23301
0.23301
0.23301
)
;
    }
    top
    {
        type            inletOutlet;
        inletValue      uniform 0.23301;
        value           nonuniform List<scalar> 
100
(
0.23301
0.23301
0.23301
0.23301
0.23301
0.23301
0.233009
0.233002
0.232972
0.232906
0.232818
0.232732
0.232659
0.232602
0.232559
0.232525
0.232496
0.23247
0.232444
0.232418
0.232393
0.232371
0.232356
0.232349
0.23235
0.23236
0.232375
0.232393
0.232402
0.232386
0.23231
0.232129
0.231784
0.231306
0.230833
0.23051
0.230388
0.23045
0.23082
0.231453
0.232209
0.232759
0.232966
0.233003
0.233009
0.23301
0.23301
0.23301
0.23301
0.23301
0.23301
0.23301
0.23301
0.23301
0.23301
0.23301
0.23301
0.23301
0.23301
0.23301
0.23301
0.23301
0.23301
0.23301
0.23301
0.23301
0.23301
0.23301
0.23301
0.23301
0.23301
0.23301
0.23301
0.23301
0.23301
0.23301
0.23301
0.23301
0.23301
0.23301
0.23301
0.23301
0.23301
0.23301
0.23301
0.23301
0.23301
0.23301
0.23301
0.23301
0.23301
0.23301
0.23301
0.23301
0.23301
0.23301
0.23301
0.23301
0.23301
0.23301
)
;
    }
    sides
    {
        type            inletOutlet;
        inletValue      uniform 0.23301;
        value           uniform 0.23301;
    }
    front
    {
        type            empty;
    }
    back
    {
        type            empty;
    }
    roller
    {
        type            zeroGradient;
    }
    burner
    {
        type            fixedValue;
        value           uniform 0.032;
    }
}


// ************************************************************************* //
