/*--------------------------------*- C++ -*----------------------------------*\
  =========                 |
  \\      /  F ield         | OpenFOAM: The Open Source CFD Toolbox
   \\    /   O peration     | Website:  https://openfoam.org
    \\  /    A nd           | Version:  dev
     \\/     M anipulation  |
\*---------------------------------------------------------------------------*/
FoamFile
{
    version     2.0;
    format      ascii;
    class       volScalarField;
    location    "2500";
    object      omega;
}
// * * * * * * * * * * * * * * * * * * * * * * * * * * * * * * * * * * * * * //

dimensions      [0 0 -1 0 0 0 0];

internalField   nonuniform List<scalar> 
9842
(
1.2604
1.2814
1.23414
1.19451
1.39385
1.12019
1.08578
1.4046
1.33709
1.04115
1.03536
1.36297
1.41436
1.20372
1.0188
1.01185
1.25737
1.43995
1.34944
1.0998
1.01012
1.00158
1.13754
1.42486
1.41889
1.21406
1.05345
1.00481
0.996083
1.06969
1.37425
1.44425
1.33115
1.11629
1.02966
1.00155
0.991127
1.0298
1.27193
1.44508
1.40454
1.2005
1.06697
1.01365
0.999363
0.988212
1.00719
1.16148
1.42527
1.43534
1.29708
1.11297
1.03824
1.00354
0.996866
0.986699
0.994726
1.08474
1.37452
1.44862
1.37731
1.1771
1.06602
1.01771
0.997411
0.994525
0.986355
0.988184
1.03833
1.28329
1.44726
1.42088
1.25536
1.10055
1.03697
1.00301
0.99219
0.993164
0.987954
0.984622
1.01108
1.18024
1.42893
1.4408
1.33548
1.14732
1.05772
1.01616
0.993673
0.986816
0.992449
0.98975
0.980803
0.996443
1.09828
1.38322
1.452
1.39371
1.21246
1.08169
1.03055
0.99974
0.986468
0.982824
0.99173
0.991273
0.978051
0.987098
1.05011
1.30265
1.45119
1.4279
1.28608
1.11822
1.04491
1.00991
0.988141
0.979126
0.980088
0.991184
0.992037
0.976366
0.981066
1.01984
1.206
1.43631
1.44506
1.35355
1.17052
1.0634
1.02023
0.993337
0.979265
0.973462
0.977879
0.990782
0.991696
0.975326
0.977244
1.00156
1.11873
1.39698
1.4562
1.40173
1.2352
1.0905
1.0314
1.00084
0.980948
0.971036
0.969253
0.976156
0.990483
0.991036
0.975987
0.974502
0.990279
1.06846
1.32883
1.45647
1.4323
1.30177
1.13194
1.04521
1.00914
0.985366
0.971372
0.964467
0.965886
0.974838
0.990277
0.990657
0.97748
0.971368
0.983303
1.03622
1.24098
1.44607
1.44897
1.36032
1.18615
1.06602
1.01774
0.991455
0.973095
0.962832
0.959287
0.963187
0.97389
0.990173
0.990534
0.979055
0.968643
0.97797
1.01572
1.15897
1.41521
1.45945
1.40459
1.24691
1.0966
1.02822
0.997921
0.977099
0.963371
0.955776
0.955067
0.961098
0.973301
0.990143
0.990579
0.980009
0.966449
0.973478
1.0025
1.10001
1.35951
1.46308
1.43364
1.30564
1.14042
1.04278
1.00425
0.981992
0.965304
0.955019
0.950121
0.951757
0.959574
0.973034
0.990181
0.990665
0.980307
0.964519
0.969589
0.993167
1.06428
1.28547
1.45713
1.45222
1.35825
1.19213
1.06553
1.01163
0.986751
0.968941
0.955816
0.947708
0.945439
0.9493
0.958633
0.973051
0.990254
0.990715
0.980198
0.962816
0.966241
0.986049
1.04036
1.20865
1.43588
1.46239
1.40274
1.24797
1.09857
1.02215
0.991351
0.972925
0.958109
0.947984
0.941836
0.941899
0.94763
0.958268
0.973338
0.990406
0.990723
0.979605
0.961499
0.963438
0.980608
1.02499
1.14211
1.39051
1.46939
1.43302
1.29993
1.14237
1.03869
0.996871
0.976596
0.96154
0.949261
0.941212
0.93733
0.939366
0.946718
0.958541
0.973825
0.990599
0.990665
0.978955
0.961492
0.961202
0.976021
1.01629
1.10042
1.32882
1.46637
1.45397
1.3512
1.1908
1.06437
1.00478
0.980293
0.965061
0.952025
0.942035
0.935693
0.933943
0.937833
0.946582
0.959368
0.974479
0.990787
0.990607
0.97841
0.961526
0.958637
0.971886
1.00994
1.07399
1.25874
1.45168
1.46465
1.39612
1.24287
1.09896
1.0179
0.984786
0.968248
0.95537
0.944236
0.93628
0.93155
0.931719
0.937302
0.947376
0.960631
0.975308
0.990933
0.990581
0.978055
0.960995
0.956224
0.967742
1.00334
1.05659
1.1931
1.41764
1.4723
1.42934
1.29124
1.14137
1.03745
0.991481
0.971686
0.958891
0.947467
0.938072
0.932006
0.928725
0.93077
0.937957
0.949156
0.962326
0.976295
0.991011
0.990538
0.977817
0.960026
0.954269
0.964109
0.996648
1.04388
1.13872
1.36567
1.47149
1.45143
1.34022
1.18724
1.06448
1.00165
0.975967
0.96256
0.951446
0.941455
0.933704
0.929129
0.927435
0.931155
0.939974
0.951723
0.964502
0.977366
0.991004
0.990466
0.977518
0.959054
0.952631
0.9613
0.990646
1.03417
1.10451
1.30271
1.46266
1.46453
1.38309
1.23448
1.09859
1.01678
0.982111
0.96668
0.955844
0.945993
0.937289
0.930956
0.92788
0.927718
0.93305
0.943372
0.955177
0.967211
0.978384
0.990859
0.990382
0.977132
0.958018
0.951118
0.959069
0.98548
1.02612
1.07985
1.23519
1.43918
1.47138
1.42027
1.27971
1.13781
1.03749
0.990662
0.971585
0.960674
0.951287
0.942511
0.935013
0.930021
0.928263
0.929991
0.936571
0.948201
0.959904
0.970588
0.979496
0.990462
0.990317
0.976671
0.956963
0.949777
0.957136
0.980933
1.01863
1.06176
1.17158
1.39378
1.47217
1.44451
1.32351
1.18012
1.06414
1.00281
0.97761
0.965978
0.957218
0.948944
0.941079
0.934857
0.930822
0.930786
0.934614
0.942075
0.954399
0.966028
0.974673
0.981216
0.990325
0.990292
0.976076
0.955886
0.94854
0.955619
0.977048
1.01107
1.0474
1.12751
1.33778
1.46688
1.45956
1.36521
1.22203
1.09624
1.0189
0.985544
0.971703
0.963655
0.956577
0.948847
0.942184
0.936725
0.934056
0.935887
0.941792
0.950717
0.962237
0.972958
0.979754
0.983971
0.990629
0.990257
0.975226
0.954873
0.947385
0.954468
0.973877
1.00314
1.03503
1.09581
1.27096
1.45009
1.46576
1.40524
1.26377
1.13189
1.03908
0.99547
0.978294
0.970694
0.9646
0.958533
0.951824
0.945966
0.941561
0.940315
0.943826
0.95133
0.962226
0.97335
0.981011
0.984723
0.986737
0.991535
0.990182
0.973999
0.953993
0.946572
0.953474
0.970618
0.994595
1.02304
1.0706
1.20548
1.41346
1.46733
1.43224
1.3021
1.16958
1.06364
1.00768
0.985834
0.977933
0.973348
0.969184
0.963886
0.95825
0.953345
0.950355
0.950037
0.955004
0.964281
0.975299
0.985553
0.991189
0.990571
0.989949
0.996148
0.990807
0.990061
0.972321
0.953461
0.946631
0.95281
0.967508
0.985755
1.01054
1.04945
1.14706
1.3635
1.46395
1.44827
1.34322
1.2064
1.09164
1.02253
0.99443
0.985454
0.98242
0.980564
0.977727
0.973541
0.969032
0.966212
0.963993
0.96444
0.970649
0.980552
0.991811
1.00204
1.00661
0.999735
0.989849
0.992009
0.996669
0.991662
0.989519
0.97191
0.953922
0.948113
0.952826
0.963883
0.97646
0.997503
1.03041
1.10586
1.30614
1.45232
1.45713
1.38085
1.24277
1.12272
1.04017
1.0039
0.993189
0.991475
0.992255
0.992744
0.992083
0.989301
0.986991
0.98529
0.984464
0.985385
0.992046
1.00172
1.01266
1.02405
1.0149
1.02839
1.00044
1.02246
1.01856
0.991184
0.994091
0.996931
0.992828
0.991794
0.975369
0.954106
0.951062
0.953948
0.959747
0.966474
0.983554
1.01229
1.07269
1.24095
1.42634
1.4585
1.41277
1.27831
1.15426
1.06065
1.01443
1.0006
0.999731
1.00378
1.00845
1.01256
1.01435
1.01419
1.01384
1.01401
1.01485
1.01879
1.02439
1.03102
1.03992
1.03779
1.04973
1.03749
1.00585
1.03633
1.02696
0.992868
0.997085
0.997501
0.994631
0.992253
0.963261
0.955542
0.951767
0.955654
0.95627
0.956191
0.969506
0.994146
1.04382
1.17808
1.38695
1.45693
1.43226
1.31423
1.18616
1.08349
1.02596
1.00733
1.00681
1.01407
1.02354
1.03361
1.04255
1.04918
1.05506
1.06206
1.07559
1.09095
1.10133
1.09511
1.08245
1.06021
1.07877
1.05158
1.06609
1.0536
1.01221
1.0485
1.03773
0.995337
1.00136
0.99829
0.996951
0.992342
0.961426
0.947166
0.942387
0.953715
0.953293
0.945487
0.954904
0.976283
1.0178
1.12074
1.3384
1.45021
1.44396
1.35092
1.21636
1.10872
1.03865
1.01337
1.01268
1.02244
1.03733
1.05396
1.07192
1.09147
1.12212
1.16051
1.23403
1.33342
1.43217
1.47283
1.37323
1.11965
1.24536
1.08531
1.12876
1.07047
1.09042
1.06808
1.02089
1.06234
1.05013
0.998528
1.00691
0.999502
0.999716
0.992527
0.964008
0.943911
0.947764
0.935171
0.944672
0.933288
0.939266
0.958838
0.99409
1.07696
1.28401
1.43374
1.44778
1.38767
1.24903
1.13401
1.05332
1.0193
1.01705
1.02812
1.04855
1.07142
1.10011
1.14142
1.22156
1.38292
1.65157
2.09172
2.58628
3.00625
3.17818
1.63355
2.86176
1.25692
1.68298
1.13486
1.26729
1.08886
1.13438
1.08529
1.03198
1.07522
1.05987
1.00265
1.01442
1.00112
1.00305
0.992812
0.968755
0.943133
0.946849
0.942699
0.912211
0.918018
0.922672
0.941977
0.972584
1.04064
1.22212
1.40606
1.44762
1.41254
1.28046
1.1603
1.0704
1.02501
1.01998
1.03094
1.05333
1.08164
1.12196
1.19277
1.35805
1.77148
2.57379
3.79906
5.3028
6.57697
7.67665
5.5798
8.74992
2.9962
6.16742
1.71529
3.0954
1.27126
1.74184
1.13258
1.27299
1.12386
1.04095
1.10664
1.08334
1.00824
1.02309
1.00285
1.0072
0.992969
0.970762
0.940568
0.94317
0.952106
0.912085
0.886769
0.907085
0.924492
0.953306
1.00985
1.1614
1.3682
1.44487
1.42733
1.31833
1.18648
1.08908
1.03219
1.02091
1.03109
1.05393
1.08501
1.13578
1.23503
1.5184
2.27004
3.80791
6.01566
7.85387
8.77127
9.56275
9.74662
10.2234
8.98954
10.1443
6.41693
9.25857
3.19588
6.65881
1.76392
3.28802
1.26363
1.76132
1.2403
1.05689
1.20208
1.15336
1.01579
1.03623
1.0052
1.01287
0.993172
0.970661
0.939938
0.928471
0.945736
0.935249
0.878124
0.8816
0.909015
0.93449
0.983997
1.10607
1.32197
1.437
1.43646
1.35514
1.21533
1.1091
1.04099
1.02047
1.03023
1.0531
1.08493
1.13987
1.25779
1.65789
2.81334
5.07945
7.66265
8.77326
9.16986
9.50944
10.1821
10.0276
10.4797
10.438
10.4305
10.7584
9.53863
10.7439
6.88814
9.82653
3.34195
7.06221
1.72528
3.31357
1.65105
1.10243
1.53627
1.39774
1.02606
1.06509
1.00825
1.02061
0.992759
0.969667
0.938528
0.917281
0.920775
0.931425
0.892558
0.869853
0.885823
0.918423
0.961139
1.05908
1.27003
1.4197
1.43863
1.38866
1.24688
1.12998
1.05241
1.01984
1.02699
1.05003
1.08322
1.13876
1.25951
1.71233
3.2528
6.1272
8.55486
9.1523
9.15048
9.20962
9.68333
9.39544
10.2523
9.89731
10.7293
10.5518
11.0949
11.0845
11.0785
11.4676
10.0899
11.4038
7.11957
10.2896
3.19034
6.99569
2.95042
1.26287
2.59987
2.19292
1.04477
1.15863
1.01212
1.03198
0.992216
0.968394
0.93715
0.911216
0.896168
0.899626
0.893013
0.874461
0.873077
0.899586
0.941948
1.02272
1.21613
1.39129
1.43832
1.41051
1.2823
1.15424
1.06503
1.02037
1.02177
1.04232
1.07838
1.13371
1.25328
1.70587
3.41854
6.83659
9.00858
9.35724
9.20809
9.11043
9.19719
9.12595
9.59522
9.3635
10.2123
9.88305
10.9461
10.6242
11.4809
11.3891
11.853
11.91
11.6723
12.2006
10.4056
11.8844
6.64625
10.4029
6.02295
1.81262
5.11602
4.14165
1.09337
1.49289
1.01607
1.05529
0.992359
0.967174
0.936546
0.90745
0.88377
0.87135
0.877191
0.876412
0.874707
0.885904
0.925757
0.994034
1.16189
1.3546
1.43506
1.42332
1.32275
1.18046
1.08046
1.02248
1.01521
1.03316
1.06846
1.12171
1.23507
1.66537
3.39902
7.0923
9.25059
9.45964
9.31711
9.18403
9.18609
9.26133
9.25497
9.63469
9.52585
10.3018
10.0645
11.1368
10.8532
11.858
11.697
12.3485
12.342
12.4909
12.746
12.0519
12.7386
10.25
12.1538
9.90313
3.31083
9.18518
7.98683
1.26322
2.46066
1.02146
1.12499
0.993534
0.965609
0.936441
0.905894
0.877373
0.858742
0.857963
0.870413
0.876567
0.8831
0.913405
0.971196
1.11298
1.31174
1.42624
1.43041
1.36312
1.21302
1.09816
1.02778
1.00629
1.02332
1.05687
1.10592
1.20762
1.56598
3.27107
7.06098
9.36227
9.52476
9.31031
9.24303
9.31922
9.50829
9.52467
9.50097
9.50341
9.94512
9.9112
10.6511
10.54
11.4968
11.3659
12.2799
12.221
12.851
12.9226
13.1213
13.365
12.9791
13.4756
12.1771
13.1808
12.0678
6.32807
11.7408
11.1948
1.80398
4.49364
1.03519
1.36382
0.996876
0.964175
0.935855
0.906198
0.875589
0.854794
0.850392
0.858197
0.872797
0.883472
0.906151
0.953022
1.07018
1.26577
1.4078
1.43236
1.39201
1.24693
1.12123
1.03582
0.999665
1.0112
1.04272
1.09009
1.17828
1.44638
2.94967
6.86059
9.38945
9.57545
9.24831
9.02246
9.30939
9.56737
9.64286
9.88267
9.88633
9.909
9.90116
10.4977
10.4894
11.3214
11.3073
12.243
12.3122
13.0604
13.2872
13.6598
14.0565
13.9443
14.4882
13.8699
14.5548
13.3267
14.2507
13.4114
10.1511
13.4371
13.2715
3.17899
8.23032
1.08467
2.06192
1.01728
0.966393
0.934442
0.907509
0.878377
0.856865
0.849831
0.852515
0.864065
0.881631
0.903387
0.940837
1.03476
1.21903
1.38078
1.43158
1.41024
1.29007
1.14634
1.04852
0.998763
0.999125
1.02605
1.07284
1.14709
1.3416
2.49509
6.3534
9.37793
9.62609
9.2594
8.55412
8.50107
9.68683
9.55377
9.93777
10.1017
10.4087
10.4355
10.4729
10.4308
11.2975
11.279
12.3948
12.4177
13.5432
13.7539
14.5163
14.9372
15.164
15.8574
15.4005
16.3255
15.2286
16.3173
14.597
15.8599
14.9162
12.759
15.0994
15.1154
5.74051
11.7773
1.2875
3.70063
1.08746
0.981153
0.934868
0.909838
0.886271
0.866422
0.855004
0.852954
0.861049
0.878741
0.902574
0.93437
1.00836
1.17348
1.34682
1.42776
1.42097
1.3342
1.17793
1.06549
1.00026
0.985575
1.00823
1.05292
1.11663
1.26159
2.03498
5.50076
9.27765
9.70357
9.34304
8.53697
7.03123
8.40773
10.1704
10.1641
10.5774
10.8275
11.1714
11.2499
11.2223
11.1667
12.3992
12.3363
13.8386
13.8264
15.2629
15.4304
16.4202
16.7665
17.2168
17.836
17.4894
18.518
17.2579
18.6214
16.405
18.0888
16.8696
14.9299
17.1502
17.2366
9.73652
14.3225
1.90053
6.68145
1.04615
0.943263
0.916888
0.899946
0.882401
0.867524
0.859617
0.863243
0.879399
0.90276
0.931924
0.991004
1.13221
1.30866
1.41825
1.426
1.37111
1.2145
1.08745
1.00494
0.973507
0.990407
1.03033
1.09077
1.20014
1.66148
4.43733
8.98941
9.76542
9.56146
8.73757
6.90446
5.92361
9.68612
7.46246
10.8906
10.6313
11.5036
11.7203
12.2097
12.3392
12.2283
12.1848
13.761
13.6085
15.4227
15.3182
16.9282
16.813
18.1389
18.0911
19.1255
19.3082
19.7429
20.3277
19.6704
20.8848
18.7831
20.6128
19.299
17.0677
19.5976
19.6318
13.1375
16.6345
3.50171
10.6519
0.968765
0.933887
0.916782
0.902632
0.886772
0.875424
0.873483
0.884916
0.905498
0.932065
0.982794
1.09903
1.26951
1.39938
1.42738
1.39578
1.25829
1.11345
1.01583
0.969745
0.973497
1.00579
1.06545
1.15151
1.41943
3.33604
8.33816
9.75654
9.79081
9.32426
7.42985
5.23021
6.1921
5.15368
8.98638
7.13414
11.6152
10.9081
12.562
12.4709
13.3942
13.3643
13.4662
13.3892
15.0796
14.7796
16.5109
16.0862
17.8254
17.3261
19.1438
18.6959
20.4014
20.1625
21.4854
21.5205
21.9853
22.6888
21.4111
23.0175
21.9849
19.4133
22.3153
22.3963
20.8589
15.7326
18.8867
6.35827
14.088
0.957918
0.942071
0.927746
0.915942
0.901939
0.896215
0.900312
0.914871
0.935573
0.981909
1.07633
1.23172
1.3738
1.42609
1.41058
1.30495
1.14576
1.03312
0.970658
0.956535
0.981714
1.03598
1.11286
1.27905
2.39583
7.06605
9.75163
9.90455
9.83829
8.68218
5.80325
4.5786
5.81005
4.98535
8.25731
6.4953
11.9553
10.4714
13.2015
12.7575
14.0447
13.7712
14.4993
14.2598
15.6396
15.2075
16.7764
16.2238
18.0775
17.3841
19.6306
18.9717
21.2858
20.8884
22.7631
22.6728
23.9125
24.2185
23.9861
24.8605
24.3411
23.4144
24.5867
22.2682
20.4764
22.1259
23.6678
25.0935
24.8554
23.7084
18.0996
21.8153
21.5048
19.809
9.91642
17.2701
0.962318
0.974054
0.961
0.94733
0.933194
0.929065
0.93562
0.948948
0.984595
1.06705
1.19899
1.34408
1.42133
1.41923
1.35008
1.18455
1.05541
0.974642
0.943797
0.960103
1.00301
1.07727
1.19344
1.77567
5.36305
9.63449
9.91084
10.1719
9.64365
7.50953
4.78033
4.5065
4.26597
5.40429
4.78842
7.20037
5.82337
11.6087
9.32336
13.3099
12.3036
14.1306
13.5611
14.8299
14.4867
15.671
15.1264
16.6801
15.9423
18.2737
17.5337
20.5541
20.2683
22.7609
23.2281
23.8738
24.0269
24.298
24.8127
25.0642
25.3045
25.0089
25.9174
25.4725
25.4756
25.3247
26.0509
25.7585
25.7784
23.5895
23.3626
25.1105
26.3333
26.1118
25.0949
21.0627
18.9581
20.6363
23.0472
22.6488
13.8055
20.1751
20.0466
19.2423
1.00803
1.05805
1.03967
1.00699
0.981551
0.970549
0.976335
0.996645
1.0665
1.17859
1.31392
1.40962
1.42104
1.38012
1.22775
1.08283
0.983936
0.940126
0.940517
0.972051
1.03858
1.13517
1.43721
3.69642
9.15394
9.8411
10.2614
10.259
8.98499
6.17182
4.04305
4.36485
4.09019
5.08559
4.67398
6.25578
5.40068
10.135
7.80893
12.4672
10.4657
13.2214
12.0096
14.5765
13.9751
15.1721
14.3878
16.7616
15.956
19.9166
19.4016
23.8276
24.1428
25.443
26.2348
26.932
27.5927
25.4511
26.1916
27.1519
25.9779
26.243
26.589
27.6294
26.7544
26.4012
26.4937
26.973
26.6636
26.9471
24.9579
24.7034
26.4569
27.3132
27.5906
26.4569
22.1801
21.6688
24.3406
23.871
21.6937
24.2353
30.2265
21.1866
21.0941
1.18291
1.28194
1.21371
1.11164
1.04701
1.02252
1.02613
1.07191
1.17251
1.28872
1.39117
1.42035
1.39784
1.2779
1.11654
1.00157
0.941019
0.924468
0.946083
0.998021
1.08438
1.26168
2.47392
7.6442
9.80872
10.2212
10.6274
10.0112
8.07881
4.65598
3.84163
3.68627
4.27061
4.02126
4.90812
4.55058
5.80829
5.2034
8.3288
6.78524
10.4682
8.91197
11.9061
10.8449
13.6028
12.7949
15.1205
14.262
18.6641
17.8376
23.9524
23.3071
27.9725
28.1963
28.1435
27.9131
28.2118
29.2126
30.0191
30.5448
27.599
28.8548
30.2008
26.9856
27.5818
28.9209
30.1542
28.6332
27.2927
27.538
27.9085
27.6621
28.0369
26.3293
26.0632
27.7512
28.4564
28.7788
27.7718
23.3206
22.7155
25.6613
25.1277
23.5877
20.1995
24.7591
22.1435
22.1362
1.69807
1.83738
1.57486
1.28512
1.13559
1.08798
1.09459
1.17401
1.27537
1.37021
1.41697
1.40794
1.32315
1.15663
1.02655
0.945108
0.914939
0.925186
0.961532
1.03578
1.15616
1.75555
5.42799
9.74501
10.0754
10.7335
10.6475
9.50317
6.74317
3.58892
3.71412
3.51149
4.19023
3.94053
4.79253
4.47243
5.63707
5.11484
7.51949
6.40882
9.70962
8.55695
11.8038
10.994
13.4203
12.6029
16.9535
16.0313
22.2128
21.0727
27.5205
26.9435
26.335
25.5574
30.7669
30.7152
30.4211
29.9334
31.4476
32.4455
33.0974
33.3866
30.4883
32.1274
33.6267
28.3329
29.5202
32.0158
33.3957
31.2636
28.2839
28.484
28.8598
28.9892
29.0001
27.6525
27.3894
28.983
29.4502
29.8239
29.0317
24.477
23.7545
26.9739
26.3901
23.085
25.9323
33.1178
23.1109
23.0849
2.63906
2.80192
2.12534
1.50985
1.24427
1.16034
1.1884
1.27494
1.3551
1.40757
1.41082
1.35908
1.20153
1.05612
0.955419
0.912951
0.907467
0.931814
0.990287
1.0811
1.38232
3.53605
9.31287
9.84415
10.6644
11.0195
10.4385
8.68523
4.66197
3.29831
3.25735
3.61581
3.42856
4.10519
3.84476
4.72916
4.39525
5.59716
5.08335
7.37159
6.33712
10.1659
9.20774
13.6269
12.8867
15.1614
14.3612
19.9066
18.7517
25.0843
23.4603
29.2846
28.5318
27.7069
26.8876
33.338
33.0058
32.4301
31.6652
34.828
35.6448
36.017
36.0288
33.9473
35.7161
37.1502
30.2765
32.2054
35.6298
37.1292
34.6002
29.5509
29.3838
30.0308
30.8913
29.8659
28.9246
28.664
30.0881
30.302
30.6963
30.1951
25.6451
24.8358
28.24
27.6231
26.0022
19.6032
34.7777
24.2942
24.8443
3.55238
3.57534
2.66254
1.72182
1.34545
1.24615
1.28603
1.35346
1.39782
1.40798
1.37969
1.24923
1.09149
0.974759
0.914245
0.895743
0.909586
0.949532
1.02277
1.18895
2.28749
7.57822
9.70238
10.4041
11.1396
11.0202
9.9836
7.19256
3.3005
3.20523
3.07801
3.5386
3.35472
4.04007
3.76838
4.68371
4.34393
5.64445
5.07144
7.85975
6.53729
12.0726
10.6083
15.5744
14.5337
17.6386
16.5791
21.8769
20.3541
26.7471
25.6624
23.8415
24.8386
30.7673
29.7918
28.7807
27.7657
35.6786
35.0228
34.1278
33.0595
38.1643
38.6885
38.7755
38.4695
37.6769
39.377
40.6323
32.9657
35.5968
39.4819
41.0848
38.4215
31.3577
30.4516
31.7059
33.5314
30.8264
30.1249
29.8844
31.0113
31.1779
31.5278
31.2169
26.8366
26.0778
29.4667
28.8447
27.9131
19.3252
29.0499
25.8233
26.8279
4.15438
4.01722
3.04147
1.88306
1.42955
1.3346
1.36273
1.39754
1.40292
1.38865
1.29558
1.13421
1.00088
0.919526
0.891249
0.892723
0.917977
0.975872
1.07823
1.59831
4.94795
9.53946
10.0548
11.066
11.3697
10.8192
9.08369
4.8212
2.92168
2.97292
3.11763
2.99686
3.46115
3.27118
3.97492
3.69458
4.64835
4.2895
5.64047
5.03306
8.31419
6.62029
13.1999
11.006
16.365
15.0062
18.9528
17.6168
23.0447
22.1076
20.9334
27.1445
26.0663
24.0938
25.0701
31.8868
30.6706
29.4602
28.2792
37.7637
36.7484
35.5016
34.1037
41.3677
41.5757
41.4133
40.7364
41.464
43.0004
44.0291
36.3731
39.4844
43.3848
45.0969
42.4711
33.8949
31.9604
34.0883
36.906
32.1517
31.2344
31.0508
31.8579
32.3286
32.5367
32.1237
28.0997
27.5236
30.6594
30.0876
28.7334
14.4685
27.6824
27.6319
28.689
4.51973
4.26378
3.26009
1.98037
1.49605
1.40314
1.40696
1.40404
1.39023
1.32775
1.18189
1.03569
0.931398
0.891367
0.881578
0.895629
0.93642
1.00805
1.25589
3.07475
8.95433
9.7466
10.7573
11.4949
11.3626
10.3035
7.41996
3.13168
2.86206
2.79684
3.06875
2.94456
3.40504
3.21897
3.91713
3.63878
4.59647
4.23223
5.56474
4.95709
8.30085
6.54427
13.3174
10.6739
16.3174
14.5075
19.3367
17.793
23.1816
22.2943
20.9975
20.0084
27.2309
26.1071
24.0268
25.0517
32.6405
31.1818
29.777
28.4519
39.6586
38.265
36.6495
34.908
44.4459
44.4524
43.9772
42.9859
45.2251
46.5829
47.3682
40.3078
43.6168
47.2747
49.1197
46.5897
37.1786
34.1395
37.2293
40.8335
34.0822
32.2547
32.1624
32.7763
33.9987
33.9308
33.028
29.4706
29.1474
31.8353
31.3759
30.1428
10.4807
27.3843
29.4954
30.6375
4.75062
4.40102
3.35301
2.0169
1.54055
1.44314
1.41508
1.39448
1.34605
1.22229
1.07729
0.956663
0.894025
0.876742
0.880429
0.905124
0.960295
1.08817
1.97193
6.80407
9.57567
10.2912
11.432
11.6945
11.1201
9.26544
4.74691
2.69075
2.80968
2.79317
2.72333
3.01877
2.89069
3.36713
3.1749
3.86634
3.60042
4.52503
4.16765
5.43042
4.86309
7.84147
6.32028
12.3433
9.34474
14.8006
12.6347
19.1692
18.1708
16.6995
23.025
22.0203
20.4776
19.5068
27.0927
25.8799
23.6385
24.7385
33.1439
31.4414
29.8597
28.4145
41.5614
39.8118
37.8418
35.7585
47.5677
47.4441
46.7419
45.5102
48.971
50.2039
50.8552
44.5048
47.8293
51.1889
53.2001
50.7356
41.0633
37.0716
41.0194
45.0621
36.7593
33.2078
33.2049
33.9323
36.3146
35.8202
34.0045
30.937
30.8444
33.0488
32.7284
32.268
6.87254
27.4016
31.4025
32.9431
4.90521
4.47418
3.3585
2.01227
1.56451
1.45143
1.40835
1.36043
1.25279
1.11652
0.989766
0.903277
0.87661
0.872092
0.884041
0.924522
0.998432
1.40423
4.21175
9.23694
9.8555
11.1589
11.8207
11.6594
10.5214
7.26984
2.99057
2.65548
2.63336
2.76346
2.68593
2.99657
2.86619
3.35073
3.15518
3.84412
3.58566
4.45945
4.12099
5.28258
4.79811
7.13387
6.03518
10.2203
7.99065
14.0275
12.6679
11.1635
18.5818
17.7314
14.9928
16.1825
22.5629
21.5048
20.3709
19.3295
27.0328
25.7925
23.5488
24.647
33.6903
31.7414
29.9758
28.4103
43.8297
41.8047
39.5377
37.1496
50.9904
50.7844
50.0269
48.7297
52.8251
54.0379
54.7408
48.7859
52.079
55.2591
57.4602
54.9527
45.3165
40.7135
45.2763
49.4122
40.093
34.0849
34.2785
35.3549
39.146
38.0121
35.0034
32.4748
32.5785
34.2585
34.0915
35.1072
5.59141
29.5191
33.4838
35.6148
5.01853
4.51213
3.31865
1.99681
1.56911
1.44629
1.3827
1.28195
1.15149
1.02352
0.926555
0.879898
0.870299
0.872867
0.897554
0.943594
1.13151
2.60313
8.34565
9.5414
10.5724
11.7745
11.9846
11.3562
9.25193
4.20949
2.56123
2.68998
2.59792
2.5671
2.74703
2.66085
2.98849
2.85489
3.34633
3.14844
3.83773
3.58276
4.42406
4.10221
5.22787
4.78049
6.68695
5.843
8.97394
7.54178
14.1414
12.931
12.2684
10.6505
18.3058
17.2751
15.4647
16.7321
22.4781
21.4209
21.6637
20.5068
27.7405
26.5925
24.6391
25.5826
34.8051
32.6362
30.7379
29.1193
46.9543
44.7987
42.367
39.7875
54.9238
54.8419
54.2254
53.0951
56.9722
58.3094
59.2706
53.111
56.4116
59.6591
62.0702
59.3609
49.7633
44.7414
49.518
53.8593
43.6026
35.1662
35.3152
36.8992
42.0112
40.3115
36.5911
33.9971
34.3627
35.3654
35.3411
39.0487
6.02704
37.6604
35.6068
37.7285
5.11355
4.53538
3.26591
1.98535
1.56624
1.42897
1.31825
1.18686
1.05736
0.954126
0.89279
0.87188
0.869921
0.881281
0.908365
0.999314
1.71349
5.86425
9.34806
10.0614
11.5429
12.1164
11.8966
10.614
6.69631
2.83161
2.53139
2.52873
2.57925
2.5331
2.74193
2.65147
2.98949
2.85242
3.36504
3.15585
3.85088
3.60738
4.41422
4.09914
5.23164
4.80479
6.53172
5.79255
9.4916
8.3301
7.4678
15.6728
13.9102
14.2915
12.2276
19.2885
18.0314
17.5591
19.465
23.7034
22.7215
25.813
24.5458
30.3348
29.4758
28.2088
28.8086
37.2673
34.9808
33.0548
31.488
51.4715
49.4144
47.0229
44.4169
59.7288
59.839
59.6221
58.8651
61.6115
63.2422
64.5678
57.5595
60.9642
64.5886
67.2508
64.1554
53.9003
48.4048
52.9474
57.8203
46.7862
36.3302
36.3091
39.5557
45.0849
44.4006
38.4242
35.5469
36.0918
36.4281
36.7199
44.1464
13.2763
55.2297
37.1386
38.8518
5.20545
4.56091
3.2427
1.989
1.56278
1.38425
1.23176
1.09444
0.982999
0.913935
0.879677
0.87098
0.875495
0.890112
0.933264
1.26617
3.65116
8.89331
9.61197
10.9994
12.0885
12.2224
11.4909
8.95923
3.64631
2.45052
2.4761
2.46427
2.57269
2.51224
2.74331
2.64937
3.01527
2.86444
3.40928
3.19342
3.89614
3.65264
4.43297
4.12724
5.36546
4.92159
6.52456
5.85999
10.3778
8.87299
7.3861
8.38806
19.2096
16.6545
17.6806
14.7754
23.0368
21.3463
21.9004
24.4923
27.5607
26.7879
31.9874
30.6774
35.2415
34.6165
33.8957
34.2218
41.8301
39.4906
37.6126
36.225
57.5992
55.8865
53.7644
51.3427
65.5451
66.0482
66.1699
65.9937
66.9394
69.0457
70.9111
61.4542
65.0636
70.2991
72.6982
68.8022
57.1652
51.7463
56.8279
61.4075
50.708
37.7499
37.6297
42.4498
50.7817
48.5958
40.9376
37.0511
37.5552
37.8767
38.193
45.4097
66.6431
65.5664
38.3776
39.0422
5.30268
4.60246
3.26333
2.0188
1.55208
1.31748
1.14724
1.01875
0.937965
0.897662
0.87726
0.87571
0.885111
0.902575
1.05546
2.37266
7.72148
9.32374
10.3373
11.9086
12.3746
12.0498
10.4978
5.73886
2.60957
2.37231
2.42933
2.35495
2.45575
2.57226
2.50642
2.76235
2.65561
3.05408
2.89595
3.46459
3.23924
3.96129
3.72023
4.5131
4.19385
5.59219
5.08981
6.80417
6.14498
12.233
10.038
7.92698
9.50119
23.9965
20.8164
21.6447
18.1978
28.9605
26.9202
27.11
29.9369
33.4837
32.8897
38.0554
36.6343
41.9101
41.1647
40.2584
40.6706
48.8325
46.443
44.4601
42.9856
65.2662
64.0593
62.4063
60.393
72.4261
73.5657
74.2227
74.4774
73.2697
76.1012
78.7231
66.0952
71.1399
76.7507
82.2624
76.5707
62.4463
56.9737
64.1064
69.0177
58.5024
40.1371
39.8776
46.8471
57.0149
56.3573
45.5329
38.7528
39.8664
40.0343
40.7332
43.7709
86.2308
92.9914
39.0176
38.9435
5.40841
4.66756
3.34232
2.08095
1.53262
1.25426
1.0799
0.97426
0.921491
0.894273
0.881099
0.886625
0.893638
0.962247
1.67282
5.65409
9.08947
9.83334
11.4764
12.3723
12.3915
11.466
8.27527
3.15376
2.32546
2.40125
2.33982
2.31229
2.44623
2.58042
2.50603
2.79401
2.67697
3.09993
2.93383
3.54187
3.29998
4.04865
3.80522
4.63679
4.29092
5.91471
5.3423
7.66573
7.00662
6.57358
14.8887
11.8921
8.97019
11.2202
28.134
24.9866
24.7417
21.4321
34.7347
32.5391
31.1715
33.9985
39.7913
39.1072
43.5278
41.7326
50.005
48.8098
46.9943
47.8641
58.1233
55.7113
53.4253
51.4997
74.5034
74.0465
73.0709
71.6943
80.9125
82.6625
83.9744
84.8703
80.8651
85.0585
89.0148
76.3288
84.1016
88.2149
102.419
92.687
72.4884
67.7674
79.1562
82.4201
67.8631
44.4907
44.0258
55.5838
70.4556
70.9066
54.2255
42.4682
41.5903
44.7148
46.3525
45.8933
68.5783
101.269
40.1677
39.7549
5.52245
4.75793
3.47266
2.18618
1.52802
1.21288
1.04528
0.962032
0.920223
0.897452
0.895653
0.894748
0.927905
1.31294
3.84278
8.59143
9.41703
10.8612
12.2555
12.5675
12.0762
10.0159
4.45653
2.40904
2.22176
2.3898
2.32643
2.27752
2.44403
2.59794
2.51137
2.82957
2.70461
3.16014
2.97977
3.63011
3.37509
4.1539
3.90816
4.82212
4.42061
6.44967
5.71789
8.46353
7.55165
6.90565
7.57591
17.8678
14.3024
10.2804
13.138
30.5613
27.6916
26.119
23.323
39.3519
36.81
33.6156
36.7685
46.0889
45.0346
49.4244
46.9515
60.5019
58.5221
55.2101
56.8064
69.9191
67.6835
65.223
62.7241
85.3297
85.546
85.5662
84.8679
92.2977
94.7206
96.6267
97.8031
94.0038
100.141
107.507
94.135
110.261
115.563
156.657
128.693
93.0031
81.6278
99.2926
112.073
87.4148
53.1587
52.9375
69.4944
88.6323
87.6319
67.4556
45.3605
45.1498
52.7182
50.809
53.0608
68.8567
91.5352
42.4274
42.8373
5.64239
4.86865
3.63322
2.35737
1.55719
1.20863
1.04389
0.966108
0.928453
0.919436
0.90511
0.922761
1.14103
2.77619
7.74774
9.13188
10.2418
11.936
12.5944
12.4495
11.18
6.80511
2.70248
2.19581
2.20168
2.26014
2.16659
2.38154
2.31357
2.44501
2.62008
2.52303
2.87122
2.73588
3.2279
3.03445
3.73464
3.45792
4.27869
4.02418
5.09095
4.59241
7.52937
7.55948
6.9146
6.36343
9.50669
8.26157
8.17108
20.2944
16.7309
11.9181
15.1374
31.7611
28.8039
26.4918
23.8913
43.6511
40.2945
35.3139
39.3221
53.4935
51.7966
56.6718
53.3404
74.4162
71.3546
65.7692
68.3219
83.8793
82.2146
80.1362
77.2884
98.7318
99.2959
99.6015
99.4459
111.872
115.496
117.238
118.273
130.732
154.36
183.872
147.979
189.37
187.61
217.229
192.135
124.764
109.434
150.564
159.863
113.374
65.2455
62.7596
85.2066
114.668
113.686
81.9685
51.7528
48.7077
59.6037
61.3807
54.2466
49.143
99.4119
45.8691
47.49
5.76404
4.99279
3.804
2.57954
1.63678
1.23826
1.0627
0.987871
0.961374
0.935699
0.930516
1.07409
2.17374
6.58706
8.92522
9.76719
11.4674
12.532
12.6529
11.9045
8.98887
3.40341
2.22471
2.09677
2.23679
2.16759
2.13799
2.37785
2.30201
2.44917
2.6435
2.53699
2.91597
2.76956
3.30188
3.09208
3.85513
3.55461
4.43423
4.15635
5.5132
4.84239
8.23583
8.14161
7.65958
7.60741
10.8624
9.06506
9.03336
21.2911
18.3764
13.6156
16.423
32.6049
29.1694
26.5222
23.9507
48.7408
44.1949
37.161
42.5794
62.7435
60.2938
65.6464
61.3767
90.9744
87.6635
79.301
82.8824
98.7643
97.4072
96.3268
94.0363
118.888
119.124
119.319
117.683
180.57
180.498
181.185
173.379
191.005
195.293
422.271
198.11
478.214
458.304
450.003
484.357
194.582
158.984
208.039
194.297
165.666
78.4272
74.3179
111.296
168.272
168.583
107.476
56.4537
53.9567
77.6414
68.53
58.0825
22.0632
109.953
51.7496
52.4325
5.88318
5.12584
3.99206
2.83987
1.77918
1.30741
1.11752
1.04063
0.992233
0.961675
1.06558
1.87098
5.49524
8.68835
9.40465
10.9667
12.3413
12.7232
12.3485
10.4147
4.82317
2.34004
2.05528
2.04076
2.22392
2.14554
2.10799
2.37395
2.2935
2.45414
2.66748
2.55121
2.96172
2.80366
3.38283
3.15305
3.98758
3.66085
4.64232
4.30369
6.23214
5.24635
9.16207
9.24805
8.46716
9.59975
9.92914
8.50465
12.5261
10.2452
10.2019
21.5451
19.034
15.0097
17.2154
33.8406
29.4269
26.6445
23.95
55.2145
49.2757
39.9916
47.1031
74.2058
70.9181
76.6604
71.3503
106.852
104.885
95.4656
99.1203
116.361
112.437
110.79
110.287
171.614
161.066
160.02
150.678
424.44
400.13
408.577
397.932
465.207
404.654
836.484
479.773
902.153
879.317
854.676
905.124
489.993
225.313
484.267
477.948
232.664
101.398
108.75
167.368
236.101
238.162
162.458
66.1873
62.0081
88.3778
85.3833
66.2346
203.947
147.173
56.4114
53.9455
5.99792
5.26374
4.18537
3.1169
1.99679
1.42908
1.20461
1.09527
1.03009
1.08382
1.76592
4.72498
8.36819
9.12996
10.4529
12.0276
12.7042
12.5991
11.3896
6.88156
2.66438
2.05364
1.97032
1.96264
2.07586
2.19743
2.11525
2.37201
2.27889
2.45742
2.68898
2.56373
3.00713
2.836
3.46627
3.21516
4.12646
3.77185
4.96396
4.47593
7.51776
5.94291
10.6613
10.7963
11.4359
11.6478
10.0761
14.1345
11.9002
11.9828
21.6565
19.3805
16.2068
17.9311
36.1974
30.1854
27.5371
24.3665
63.4859
56.1307
44.1042
53.4687
88.1454
83.9593
89.6568
83.3516
121.569
119.368
110.761
113.348
149.132
139.464
125.679
125.985
398.732
387.19
389.031
384.623
847.089
798.691
817.161
808.408
895.486
801.588
2486.22
890.634
2530.54
2511.76
2473.61
2532.41
923.826
490.477
912.981
892.187
486.954
168.216
121.114
237.487
483.688
482.131
222.871
75.4742
66.5582
115.797
93.9858
65.7566
363.736
165.833
60.0757
55.2314
6.11069
5.3998
4.36962
3.36395
2.2604
1.57684
1.30293
1.14922
1.1503
1.76246
4.3809
8.00641
8.98456
10.04
11.6573
12.611
12.7239
11.971
8.83331
3.29504
2.09566
1.92198
1.88567
1.90863
2.05138
2.02238
2.1824
2.09312
2.3653
2.26837
2.45883
2.70928
2.57316
3.04935
2.86666
3.54734
3.27309
4.27557
3.88293
5.50918
4.70562
10.1543
8.3229
7.15297
12.7187
13.2266
13.9236
14.4371
11.9433
15.9687
13.8245
14.3117
21.9603
19.8207
17.7266
19.0428
39.958
32.1226
29.7531
26.052
73.7022
65.2796
50.054
62.6765
102.859
98.4938
102.694
96.7483
142.697
139.61
123.003
124.875
382.498
184.05
148.742
151.757
809.761
800.468
803.687
808.637
2531.59
2435.21
2462.97
2467.08
2570.61
2436.29
15613.2
2491.55
15595.6
15593.9
15599.7
15598.7
2548.95
916.881
2511.65
2480.98
911.228
161.572
171.266
477.675
906.717
913.828
472.82
81.3736
73.4785
123.713
106.022
68.8172
300.285
140.444
62.7653
57.3304
6.22108
5.52516
4.53105
3.58118
2.50322
1.76226
1.38654
1.29835
1.81707
4.3347
7.7931
8.8826
9.72223
11.2952
12.4296
12.7497
12.3242
10.1332
4.29468
2.20262
1.89645
1.8294
1.80195
1.84235
1.99861
1.96403
2.06254
2.15605
2.35947
2.24948
2.45786
2.72091
2.57683
3.08538
2.8899
3.626
3.32729
4.44092
3.99423
6.39785
5.03279
11.8625
9.92036
9.21271
15.638
16.5426
17.413
17.7169
14.5817
18.4185
16.3336
17.3831
23.1468
20.8173
19.8267
20.9415
45.6937
35.5277
33.37
29.2181
85.6958
77.1443
59.0255
75.9613
114.845
111.568
112.92
108.916
365.127
171.49
141.726
139.081
811.043
342.721
372.013
372.793
2467.75
2456.73
2464.15
2493.09
15619.7
15599.3
15602
15608
15617.4
15625
15602.5
15588.8
2511
15619.6
15591.8
2499.78
244.271
475.741
164.785
903.79
2494.13
2510.86
906.183
94.0987
78.2426
162.153
128.84
77.8013
238.65
152.616
64.9589
62.2255
6.32884
5.63815
4.6749
3.76661
2.71938
1.9131
1.59947
2.00682
4.40463
7.77678
8.86274
9.49484
10.9729
12.2132
12.7258
12.5406
10.9843
5.83479
2.41636
1.89883
1.79175
1.72642
1.74152
1.77573
1.93989
1.90569
2.03922
2.00625
2.13439
2.34621
2.23254
2.44943
2.72439
2.57681
3.10781
2.89996
3.69467
3.37036
4.62736
4.10064
7.82315
5.51732
14.4819
11.6417
10.0042
13.9328
13.414
19.2207
20.5461
21.3496
21.6278
17.7581
21.6251
19.7366
21.3539
25.9723
23.0676
22.7
24.1987
54.4619
40.9412
38.8534
33.7515
97.6085
90.7549
73.2591
91.9684
124.846
122.142
122.446
119.279
365.364
752.964
173.046
372.701
2500.52
747.453
785.067
792.857
15597.6
15597.3
15607.9
15598.7
15613.8
15615.4
473.921
906.935
246.694
479.447
2493
15614.4
15610.6
2506.44
98.7321
81.7416
189.011
133.04
80.0053
187.464
155.616
69.4449
67.7168
6.44139
5.75261
4.82092
3.94572
2.9445
2.27432
2.4593
4.68841
7.83367
8.88011
9.36274
10.701
11.991
12.6519
12.6537
11.5684
7.29967
2.81452
1.92225
1.76571
1.67606
1.66005
1.65717
1.70571
1.88315
1.84218
1.97863
1.94461
2.10674
2.07701
2.33219
2.2071
2.43841
2.72452
2.5696
3.11437
2.90273
3.73538
3.38617
4.84223
4.19307
9.99768
12.1678
6.21791
17.3347
16.6085
15.262
23.4389
24.898
25.6751
25.593
21.3517
25.3495
23.8517
25.8627
30.3535
27.1851
26.711
29.314
69.0558
49.3783
47.2497
39.7971
107.281
102.149
91.8433
104.498
138.058
140.406
134.635
137.606
770.781
2386.77
362.747
776.409
15595.8
2406.44
2462.84
2512.33
904.387
2508.13
468.267
904.833
15607.4
15607.9
108.226
89.2851
181.591
491.32
170.9
84.8793
193.058
162.352
73.1186
69.7242
6.57806
5.90204
5.02842
4.26482
3.53045
3.53757
5.45716
8.00935
8.93009
9.28423
10.4825
11.7843
12.5435
12.6839
11.965
8.50955
3.32967
1.97623
1.74429
1.64129
1.59646
1.57104
1.60006
1.63316
1.8207
1.77776
1.9156
1.88156
2.04407
2.00887
2.18105
2.31003
2.41841
2.71317
2.55305
3.11461
2.89887
3.74897
3.39039
5.09462
4.25461
12.7545
16.0502
13.852
7.10347
20.6541
19.4729
18.0386
27.9452
29.3106
29.7053
29.3535
24.9935
29.8743
28.2385
30.4591
35.8491
32.8034
32.1778
35.7268
90.0201
63.2657
59.4925
48.0456
116.05
109.64
106.638
111.92
373.201
170.322
366.842
157.61
2431.71
15612.4
765.758
2440.1
15613.7
15629.6
15622.4
2502.25
15599
889.371
2503.59
121.52
91.8306
268.201
487.672
928.661
183.727
91.9435
211.795
176.149
76.3468
70.5511
6.77448
6.16385
5.46541
5.07098
5.20641
6.68875
8.38377
9.00298
9.27151
10.3216
11.6071
12.4275
12.6759
12.2107
9.49304
3.92262
2.05866
1.72935
1.61979
1.54687
1.50823
1.51791
1.52586
1.56132
1.75655
1.71024
1.85153
1.81942
1.97191
1.9328
2.14659
2.11286
2.28538
2.39364
2.68804
2.52824
3.09821
2.87607
3.74827
3.38161
5.31014
4.27552
18.0783
20.166
17.8392
12.0533
20.4088
8.00208
23.867
22.3988
32.3083
33.2893
33.4152
32.6533
28.357
35.1937
32.9735
35.0106
42.1959
39.0636
38.5389
42.2325
108.29
85.2527
79.0057
59.1391
135.216
118.37
114.876
121.081
775.811
358.763
349.309
772.585
15632.1
2423.44
15611.3
15610.7
2482.71
15600.3
126.66
98.1614
480.17
916.846
2544.7
198.572
491.351
99.5976
226.785
186.235
77.1494
71.7836
7.06121
6.6754
6.39064
6.72126
7.7377
8.7825
9.07722
9.28537
10.2558
11.4678
12.3137
12.6422
12.351
10.1676
4.55388
2.16688
1.73355
1.60538
1.50663
1.45901
1.45088
1.44588
1.46932
1.49412
1.68489
1.6368
1.78951
1.76035
1.89495
1.85604
2.07089
2.02954
2.25172
2.21825
2.35937
2.65235
2.49298
3.0559
2.83767
3.71598
3.341
5.37222
4.26852
22.9345
25.0545
21.9433
18.0983
13.664
25.1383
8.53877
26.9769
36.3652
36.9366
36.5955
35.571
31.4098
40.6979
37.8224
39.3503
49.8466
45.3212
44.6069
48.189
117.811
107.069
101.946
74.1062
160.87
137.296
123.739
138.707
2444.16
764.533
351.673
760.759
2445.2
15616
15611.3
136.594
98.6327
897.581
2532.84
15600.8
210.395
490.195
928.023
105.995
240.341
197.53
77.2712
73.2005
7.49786
7.5301
7.75963
8.46909
9.04736
9.11677
9.32249
10.2604
11.3823
12.2121
12.5843
12.4133
10.5714
5.13645
2.29542
1.74358
1.59127
1.47496
1.4193
1.39634
1.38312
1.39649
1.41167
1.43582
1.60465
1.55491
1.72919
1.69907
1.82088
1.78559
1.98338
1.93806
2.17544
2.13385
2.32289
2.6076
2.45224
2.99864
2.78908
3.63123
3.26867
5.32089
4.18456
27.6519
29.8265
27.025
23.5804
19.658
14.3178
29.7111
8.547
14.8486
40.0829
40.0994
39.4435
38.1055
34.036
45.9399
42.5446
43.2609
59.117
51.971
50.1071
53.9429
125.151
118.386
113.036
95.2481
159.704
139.489
159.435
15605
2427.01
755.546
344.366
2430.16
15589.4
134.814
103.173
2489.56
15599.4
207.656
478.927
921.069
2542.86
112.894
238.953
204.266
77.383
74.5154
8.05251
8.43996
8.82216
9.11318
9.12013
9.3862
10.2986
11.3603
12.1315
12.5242
12.4195
10.7775
5.58658
2.42017
1.75759
1.5791
1.45228
1.38716
1.35166
1.33246
1.33582
1.34296
1.36246
1.38395
1.52612
1.48059
1.66752
1.63042
1.75544
1.72495
1.89134
1.84584
2.08579
2.03912
2.27722
2.23219
2.5518
2.40174
2.92373
2.72583
3.50124
3.17493
5.02982
4.00101
32.1433
34.2283
31.7108
28.5991
24.7262
20.2098
7.92372
14.9311
14.738
43.3953
42.9542
41.9713
40.3609
36.3517
50.5652
46.8299
46.8699
70.1213
59.3733
55.1565
59.8158
139.735
122.888
116.875
107.276
157.88
346.553
15608.3
2417.08
762.023
15616.2
170.547
109.442
15609.6
277.116
478.326
908.607
2536.47
15598.1
120.778
234.56
207.554
76.1082
76.0052
8.52628
8.87675
9.06331
9.12207
9.51458
10.3604
11.3686
12.0784
12.4647
12.4011
10.817
5.81608
2.51404
1.77002
1.56966
1.43584
1.36126
1.31526
1.29071
1.28583
1.28702
1.29953
1.31476
1.33233
1.45832
1.42694
1.58892
1.54569
1.69866
1.67134
1.80192
1.7613
1.98866
1.93858
2.18075
2.13151
2.34979
2.49163
2.83713
2.65566
3.34689
3.0622
4.50144
3.7479
38.3623
36.0287
33.2683
29.8676
25.6245
20.4637
6.56642
14.1705
13.1578
20.3456
46.4235
45.5956
44.2604
42.3693
54.8317
50.7316
50.1593
85.0328
67.6114
60.1643
66.0805
158.869
138.02
126.359
112.088
344.094
760.356
15632.3
2432.34
181.97
109.481
466.069
901.64
2507.28
15600.6
130.915
232.94
213.312
74.676
78.807
8.79907
8.99056
9.15803
9.70191
10.5077
11.3969
12.0405
12.4047
12.3465
10.7184
5.82036
2.55211
1.77646
1.56136
1.42317
1.34043
1.28641
1.256
1.24424
1.24116
1.24863
1.25865
1.27297
1.40509
1.28904
1.49718
1.4606
1.64255
1.61236
1.72461
1.6935
1.8868
1.83612
2.07858
2.02739
2.29102
2.23375
2.42397
2.7422
2.57748
3.17643
2.93919
3.93918
3.48219
40.1222
37.5479
34.4905
30.7298
25.8742
5.01526
11.8163
10.1101
19.7092
18.5815
25.7883
49.2738
48.021
46.3425
44.1519
58.9856
54.3478
53.2814
97.5303
77.5324
65.2734
73.115
352.738
157.271
142.287
116.744
759.652
2437.76
15630.8
183.79
465.492
104.381
899.33
2495.24
15599.8
140.102
234.92
219.57
73.4509
82.234
9.03867
9.30096
9.89522
10.7085
11.4573
12.0098
12.3287
12.2328
10.3381
5.59118
2.52966
1.77393
1.55281
1.41241
1.32357
1.26362
1.22751
1.20951
1.20273
1.20616
1.21402
1.22611
1.24129
1.34833
1.48537
1.44692
1.25724
1.57622
1.53173
1.66549
1.64049
1.78675
1.74146
1.974
1.92179
2.17324
2.11582
2.35614
2.64657
2.49828
3.01867
2.81915
3.53533
3.25175
41.6471
38.769
35.3728
31.0622
3.99047
8.42964
6.72448
16.8675
14.7222
25.1979
23.9749
31.0039
51.9552
50.3092
48.2174
45.7253
63.1406
57.8247
56.2872
103.217
88.1017
70.605
80.4071
766.357
358.251
163.777
166.835
134.255
2422.34
15604.9
182.822
448.439
893.167
96.254
2490.79
15596.6
152.121
249.034
224.793
71.9055
86.1713
9.60006
10.1743
10.8977
11.504
11.9624
12.2254
12.0062
9.64555
5.04635
2.43659
1.75881
1.54283
1.40257
1.30969
1.2453
1.20429
1.1809
1.17026
1.16993
1.17562
1.18663
1.19974
1.2132
1.30668
1.4195
1.38821
1.54961
1.50613
1.22402
1.61473
1.58601
1.70028
1.66579
1.86848
1.81649
2.0576
2.00297
2.28535
2.21747
2.55255
2.4174
2.8778
2.70571
3.28282
3.07161
42.9197
39.7024
35.772
3.56678
5.50403
4.52081
12.2398
9.71784
22.1574
19.7281
30.4441
29.2503
35.772
54.5162
52.4251
49.9236
47.0971
67.3149
61.2556
59.174
106.28
93.48
75.7451
85.4617
2434.6
776.199
354.223
373.769
156.069
15595.4
185.947
457.827
872.644
2484.15
86.7206
15607.7
154.501
271.302
222.066
71.2874
90.1731
10.3429
10.997
11.4938
11.8879
12.0569
11.5778
8.56677
4.40206
2.28161
1.73267
1.53019
1.3934
1.29798
1.23027
1.18506
1.15692
1.14247
1.13842
1.14132
1.15041
1.16244
1.17496
1.18708
1.36692
1.26716
1.45881
1.41867
1.58804
1.55969
1.20272
1.63663
1.61294
1.76413
1.71602
1.94856
1.89625
2.14951
2.08644
2.33947
2.46348
2.75782
2.60247
3.12186
2.93146
43.9454
40.2566
3.3715
4.10007
3.81941
7.42783
5.69112
16.7969
13.5841
27.3895
24.8321
35.3025
34.2085
40.3133
56.9274
54.3864
51.5045
48.3021
71.3766
64.5843
61.9366
117.765
96.2048
79.977
88.4754
15620.8
2466.1
757.86
368.414
774.834
154.984
151.225
447.89
898.399
2458.21
15601
80.3321
152.144
339.744
196.154
70.3891
90.9623
10.8606
11.4202
11.7213
11.747
10.6398
7.25189
3.6639
2.13232
1.68873
1.51481
1.38302
1.28815
1.21816
1.1694
1.13646
1.11725
1.1096
1.10976
1.11656
1.12729
1.14061
1.15461
1.17052
1.3175
1.43795
1.40054
1.23708
1.52575
1.48393
1.60768
1.58242
1.18141
1.67214
1.63715
1.84194
1.78902
2.02543
1.96879
2.26255
2.19055
2.3779
2.65017
2.50579
3.00597
2.81812
44.6994
3.25547
3.6876
3.57429
4.58697
4.12282
10.4082
7.67055
21.6406
17.9765
32.3795
29.81
40.0963
39.1126
45.0022
59.1921
56.2075
52.9061
49.2649
74.9687
67.7727
64.5422
137.238
101.547
83.1417
91.2675
15620.2
2410.43
759.194
370.974
2455.35
126.924
211.14
878.75
430.183
2539.32
15598.9
76.3146
138.71
497.158
222.053
70.0553
91.7307
10.9242
11.4092
10.9611
9.20052
5.69117
3.03777
1.96284
1.6404
1.49005
1.37208
1.27958
1.20885
1.15789
1.12133
1.09716
1.08357
1.08019
1.08465
1.09399
1.10705
1.12249
1.13856
1.15093
1.27845
1.37537
1.34635
1.49342
1.45106
1.21177
1.55593
1.5272
1.64744
1.61129
1.16622
1.73615
1.68924
1.91171
1.85664
2.12172
2.05776
2.29794
2.55011
2.41571
2.90163
2.71436
3.13397
3.52259
3.48553
3.8866
3.75602
5.66729
4.73609
14.1315
10.5008
26.4883
22.5486
37.454
34.9261
44.9605
44.3979
49.9145
61.2997
57.8184
54.0935
78.0406
70.7403
66.966
155.567
109.032
85.6858
94.3308
15614.1
2420.75
760.236
370.392
15614.8
212.295
113.832
2490.14
849.971
475.044
15598.7
73.8812
138.915
357.33
504.144
70.1812
92.4394
9.90726
9.83977
7.03138
4.34154
2.48438
1.82421
1.5776
1.46053
1.35803
1.27078
1.20271
1.15186
1.11412
1.08716
1.06937
1.06019
1.05885
1.06429
1.07527
1.08945
1.10547
1.1201
1.13722
1.32777
1.24402
1.40817
1.36987
1.52614
1.49728
1.19429
1.57916
1.54993
1.70174
1.65773
1.14866
1.80058
1.74876
1.99476
1.93312
2.22281
2.15341
2.45203
2.33107
2.78762
2.60438
3.47183
3.01452
3.65491
3.54626
4.32351
4.12611
7.48006
5.56511
18.2464
13.9578
31.5551
27.3838
43.0377
40.7197
50.054
49.9241
55.0071
63.1813
59.2447
80.5751
73.4022
69.1345
160.793
118.651
87.6853
97.3193
15616.5
2428.78
761.001
372.942
206.905
104.214
15600.8
2445.44
910.152
471.488
72.2956
163.45
48.554
293.21
70.992
101.434
6.51906
5.32608
3.14004
2.1174
1.68511
1.5267
1.4227
1.33956
1.26395
1.20068
1.15294
1.11579
1.08828
1.06846
1.05559
1.049
1.04833
1.05325
1.06281
1.07513
1.08976
1.10726
1.12013
1.28481
1.37712
1.35163
1.22119
1.4658
1.41835
1.54497
1.51815
1.17611
1.61696
1.57554
1.75721
1.70953
1.13371
1.86998
1.80943
2.08754
2.02148
2.25438
2.36339
2.66311
2.50061
3.3
3.64416
3.71269
2.86364
4.00174
3.86984
4.81808
4.46492
10.0628
7.09499
22.6928
17.8238
37.3567
33.0167
49.0743
47.3886
55.531
55.6333
60.4246
64.8672
82.6023
75.7077
71.045
172.346
135.323
89.6127
101.014
15614.9
2458.66
752.284
357.781
196.745
96.0878
15607
2555.9
901.486
480.246
71.9173
220.851
43.2303
137.674
74.0835
111.246
3.17945
2.47416
1.80673
1.5911
1.46798
1.39167
1.31989
1.25901
1.20331
1.15737
1.12086
1.09236
1.07097
1.05701
1.04873
1.04443
1.04413
1.04833
1.05682
1.06801
1.0813
1.09452
1.10853
1.33382
1.24832
1.41495
1.37353
1.2034
1.49494
1.46246
1.57854
1.544
1.15862
1.6683
1.62056
1.81429
1.75637
1.12152
1.952
1.87871
2.18582
2.11853
2.28573
2.5601
2.409
3.58094
3.14184
3.54092
3.83753
4.0033
2.74122
4.28918
4.15819
5.75928
5.17782
13.156
9.22224
27.8657
22.3007
44.5274
40.267
55.4557
54.4745
61.339
61.8811
66.3083
84.1776
77.6103
72.6802
155.217
91.0586
103.176
15591.7
2399.77
742.045
358.913
199.505
88.3827
15595.3
2534.18
911.473
473.305
72.2247
207.532
17.593
79.7121
76.9314
139.362
1.83371
1.65753
1.49228
1.4253
1.35812
1.3067
1.25705
1.20877
1.16663
1.13086
1.10187
1.07896
1.06237
1.0517
1.04579
1.04321
1.04339
1.04712
1.0549
1.06528
1.07653
1.08887
1.10064
1.28459
1.37856
1.35474
1.22789
1.45996
1.42866
1.18392
1.51635
1.49694
1.61541
1.57698
1.14487
1.71224
1.66672
1.89028
1.81924
1.11134
2.04853
1.9679
2.21272
2.45682
2.32216
3.68604
2.94042
3.51878
3.58924
4.36392
4.55019
2.62468
4.90621
4.72673
6.8966
5.96301
16.8032
11.9131
34.6036
28.199
52.5995
49.3943
62.0118
61.8997
67.5152
68.4775
85.4585
79.1856
74.0757
154.008
92.2036
105.31
15593.4
2417.4
750.5
358.883
161.288
83.0799
15595.4
2540.57
901.557
481.286
72.9324
154.701
4.42867
30.4292
83.3454
139.217
1.48039
1.44559
1.37764
1.33857
1.2955
1.2566
1.2155
1.17697
1.14247
1.1134
1.09057
1.07291
1.05916
1.05011
1.04541
1.04464
1.04737
1.05164
1.05764
1.06512
1.0753
1.08662
1.09718
1.33184
1.24965
1.41309
1.37661
1.21035
1.47975
1.45651
1.16569
1.53382
1.51348
1.65659
1.62273
1.13256
1.75861
1.71798
1.97196
1.89866
1.10663
2.14121
2.0615
2.33786
2.23549
4.15304
3.2378
2.80713
3.73109
3.62423
3.92339
4.79969
5.01476
2.48052
5.51676
5.25378
8.49959
7.12738
21.5086
15.3699
44.415
37.4763
61.0762
59.386
69.1855
69.5312
75.2659
86.4829
80.5458
161.37
92.9643
105.412
15615.1
2439.58
745.453
356.244
227.622
129.684
80.265
15595.9
2514.39
895.978
515.982
73.5074
99.183
1.553
9.86038
96.9585
125.269
1.37093
1.35747
1.31788
1.29034
1.25517
1.21636
1.1808
1.14819
1.12171
1.10185
1.0853
1.07072
1.05876
1.05239
1.05047
1.0515
1.05431
1.05913
1.06571
1.07365
1.08102
1.08853
1.09668
1.27728
1.38333
1.34188
1.2329
1.44823
1.41412
1.1874
1.50262
1.48371
1.15395
1.56692
1.5416
1.69245
1.65689
1.12071
1.8098
1.76619
2.05488
1.99485
1.10528
2.16148
2.26177
4.58528
3.06047
3.52933
3.41858
2.63925
4.10633
3.86279
4.35473
5.32894
5.63287
2.38094
6.38138
5.9773
10.5803
8.38395
29.1178
21.0748
56.3174
51.1664
69.6331
69.4602
76.3023
77.2336
81.7049
87.3854
161.129
93.5143
105.707
15591.3
2408.11
747.212
358.159
214.336
110.648
77.1793
15595.6
2504.17
931.829
500.222
75.432
47.1703
1.06892
2.82011
111.091
97.6271
1.31893
1.30788
1.27883
1.2514
1.21373
1.17908
1.14952
1.12837
1.1117
1.09764
1.08441
1.07513
1.06888
1.0652
1.06389
1.06434
1.06702
1.07138
1.0772
1.0831
1.08979
1.09725
1.10457
1.31738
1.25069
1.41254
1.36971
1.21105
1.46717
1.43062
1.1719
1.52076
1.49698
1.14018
1.59595
1.56761
1.74468
1.6985
1.11533
1.88578
1.83306
2.13248
2.06704
1.11052
5.08611
3.34201
2.81724
3.66208
3.50848
2.49701
4.5999
4.33199
4.83954
5.67292
6.05362
2.25057
7.23899
6.49341
14.2345
10.2261
43.2058
32.948
68.4028
66.0778
78.0893
78.9075
82.7877
83.9156
88.2904
156.898
94.0237
104.826
15589.7
2433.27
750.564
353.557
204.203
95.6994
74.6748
15606.6
2536.49
916.762
513.593
81.2188
16.2002
1.05284
1.40706
106.633
55.8385
1.28435
1.27089
1.23754
1.20787
1.17339
1.15014
1.13326
1.121
1.1092
1.10119
1.09899
1.09743
1.09567
1.09273
1.08985
1.089
1.08973
1.09147
1.09429
1.09851
1.10363
1.10884
1.11365
1.27024
1.36835
1.32459
1.23174
1.42724
1.39732
1.19007
1.49474
1.45149
1.15884
1.55191
1.51701
1.12845
1.62898
1.59721
1.81309
1.75231
1.11335
1.9599
1.89352
2.14334
1.1184
5.38441
3.06469
3.41566
3.55086
2.64549
4.04417
3.78618
2.381
4.86454
4.62532
5.12036
6.31352
6.78403
8.52672
7.48542
23.0941
16.1018
61.5848
54.0441
79.4937
79.7005
85.1078
86.4838
89.2516
148.127
94.5221
105.174
15598
2440.8
754.757
332.832
160.627
85.3837
73.5039
15596.1
2515.91
919.453
212.438
503.786
95.9175
4.88828
1.09484
1.32497
93.0214
21.6111
1.24846
1.22945
1.19019
1.16886
1.15089
1.1384
1.12845
1.12136
1.12225
1.12614
1.12929
1.13219
1.13397
1.13524
1.13509
1.1324
1.1286
1.12491
1.12458
1.12515
1.12617
1.12788
1.13061
1.29712
1.24725
1.38821
1.35284
1.20981
1.44527
1.40913
1.17363
1.50821
1.47603
1.14681
1.57397
1.52781
1.12218
1.66179
1.61652
1.87048
1.81469
1.11589
2.04356
1.94839
2.2431
1.13337
5.87885
3.3067
2.85474
3.16012
3.62784
3.87266
2.47323
4.37008
4.11774
5.1744
4.85262
5.52388
7.6439
8.54407
12.062
9.7569
43.8687
33.2335
79.2144
76.407
88.1547
90.114
90.2733
91.5719
148.938
95.1676
105.26
15594.5
2502.41
692.506
341.588
121.629
77.4969
76.5727
15595.8
2504.08
910.763
198.346
498.284
94.8315
2.15077
1.07656
1.47518
61.7283
7.28444
1.20907
1.18893
1.16583
1.15293
1.14355
1.13621
1.13756
1.14446
1.15183
1.15918
1.16709
1.17409
1.17993
1.18345
1.18478
1.18491
1.18361
1.18021
1.17503
1.16988
1.1659
1.16337
1.16279
1.26185
1.33411
1.30089
1.22627
1.40171
1.37563
1.18914
1.46212
1.43266
1.16177
1.51477
1.48923
1.13368
1.60977
1.54401
1.12002
1.73142
1.65208
1.91351
1.84557
1.12273
2.13994
2.02305
2.35507
1.16269
6.90996
3.42537
2.59441
3.06032
3.26019
3.87095
4.10395
4.58055
4.31391
5.70578
5.18796
6.23202
11.8064
14.4615
24.4923
18.296
70.5262
61.2506
92.2215
93.5174
93.2406
95.3522
95.9635
145.809
104.994
15582.4
2326.6
720.894
347.648
97.0974
74.2058
86.7517
15606
2493.54
916.257
157.81
190.281
493.521
87.8354
1.78685
1.12198
1.3466
26.2554
2.96943
1.1879
1.17051
1.15706
1.14945
1.14914
1.15578
1.16437
1.17366
1.18436
1.19588
1.20685
1.21693
1.2246
1.23042
1.23486
1.23714
1.2373
1.23582
1.23387
1.23147
1.22832
1.22374
1.21933
1.27886
1.23792
1.35362
1.31797
1.20623
1.41462
1.39244
1.17252
1.46816
1.44402
1.15088
1.52522
1.4957
1.12711
1.64346
1.57556
1.12058
1.78686
1.69979
2.00369
1.8799
1.13599
2.22204
2.13668
2.44549
1.21575
9.96352
3.69174
2.81716
3.26636
3.08697
3.46713
3.95057
4.20666
4.82092
4.44089
7.09137
5.99484
8.26427
23.6505
30.3559
50.1721
39.5769
93.6406
90.2592
97.9359
100.824
97.0352
98.5187
140.363
104.48
15522
2372.13
737.994
348.526
82.0769
75.3288
86.8283
15595.8
2496.14
914.076
114.211
188.177
487.426
66.1295
1.87727
1.09065
1.34353
9.44825
2.2648
1.18132
1.16691
1.16161
1.16606
1.1729
1.18133
1.19193
1.20403
1.21692
1.23004
1.24299
1.25498
1.26569
1.27464
1.28136
1.28605
1.28917
1.29032
1.28954
1.28773
1.28468
1.28169
1.27861
1.24741
1.30519
1.27613
1.22064
1.37615
1.3319
1.1834
1.42038
1.40307
1.16425
1.47293
1.45341
1.13661
1.54961
1.50976
1.12487
1.67741
1.6149
1.12652
1.82164
1.75343
2.10331
1.95896
1.16272
2.27693
2.19154
2.57733
1.27535
18.4154
3.80031
3.00825
2.85377
3.47638
3.28077
3.60634
4.07497
4.46711
5.38774
4.79896
10.9037
8.0832
14.165
47.3279
58.2807
81.7428
70.58
103.782
105.397
100.383
102.756
104.979
130.002
15429.4
2410.39
752.05
327.798
76.0658
80.275
84.3722
15605.7
2496.01
909.181
87.6788
139.044
191.866
484.398
30.3317
1.75036
1.07758
1.32435
3.81869
2.25018
1.18823
1.18571
1.18543
1.18894
1.19524
1.20401
1.21518
1.22771
1.24114
1.25502
1.26875
1.28207
1.29451
1.30541
1.3147
1.32234
1.32862
1.33328
1.33565
1.33672
1.33708
1.3362
1.33401
1.25685
1.22935
1.31237
1.28852
1.19649
1.38727
1.35196
1.17213
1.42421
1.40496
1.15046
1.47926
1.45848
1.13033
1.57622
1.52427
1.12462
1.7179
1.64302
1.13796
1.84066
1.78213
2.14751
2.05091
1.21347
2.36921
2.21602
2.75178
1.33091
37.0839
3.8702
3.09529
2.96145
3.53683
3.41641
3.65218
4.36554
4.83114
6.40719
5.3427
21.172
14.9649
28.8785
78.0383
90.9555
105.207
99.9472
105.589
108.894
105.22
105.995
127.758
15429.3
2485.41
709.659
329.818
75.492
83.7101
69.6336
15596.1
2497.51
901.474
77.956
94.909
139.554
194.238
481.479
11.4497
1.65589
1.08002
1.27394
2.69243
2.10714
1.1967
1.19492
1.19551
1.19939
1.20578
1.21475
1.22613
1.23906
1.25288
1.26712
1.28118
1.29476
1.30771
1.31957
1.33026
1.33971
1.34795
1.35493
1.36019
1.36418
1.36708
1.36887
1.36936
1.26326
1.23377
1.20987
1.33205
1.29497
1.17822
1.39089
1.36533
1.16314
1.43212
1.40431
1.13765
1.48666
1.46079
1.12805
1.60788
1.54731
1.12928
1.73813
1.67801
1.16312
1.91628
1.79474
2.16262
2.08979
1.27261
2.55079
2.28194
2.77336
2.87466
1.36874
64.725
4.0481
3.25392
3.10631
3.55122
3.45672
3.74993
4.74392
5.37086
9.72723
6.71871
40.985
30.4946
53.3316
105.751
111.448
112.061
112.942
106.58
108.139
123.158
120.042
15522.1
2388.54
716.181
332.067
77.9535
83.0707
34.474
15604.7
2487.46
902.715
76.0022
79.9887
95.9375
137.544
192.169
476.252
4.55771
1.6015
1.08667
1.22153
2.53175
1.91873
1.19885
1.19691
1.1981
1.20267
1.20948
1.21885
1.23004
1.24303
1.25701
1.2716
1.286
1.2998
1.31285
1.32503
1.33617
1.34649
1.35542
1.36336
1.36994
1.37529
1.37951
1.38267
1.3847
1.23597
1.30815
1.28601
1.25485
1.2168
1.18505
1.34138
1.16967
1.39002
1.37005
1.14734
1.43543
1.40409
1.13211
1.49805
1.46067
1.12753
1.63231
1.57789
1.13945
1.74553
1.6928
1.21267
1.99255
1.8548
2.21978
2.10297
1.32793
2.69652
2.46329
2.85367
3.06762
1.38542
95.4865
4.30431
3.31726
3.23882
3.6587
3.4946
4.01199
5.35635
7.07438
19.8476
11.4935
67.8732
53.7244
81.3532
116.909
116.473
111.219
114.995
118.244
114.37
326.296
15582.7
2388.24
729.929
82.5456
69.8827
12.8004
15601.7
2494.06
898.761
77.9797
77.4534
80.8567
94.9112
134.406
184.54
462.141
3.02559
1.53738
1.04335
1.25494
2.32455
1.77885
1.19228
1.19379
1.19341
1.19786
1.20153
1.21064
1.22003
1.23295
1.24683
1.2623
1.27769
1.29306
1.30827
1.3227
1.33611
1.34744
1.35703
1.36518
1.372
1.3776
1.38202
1.38547
1.38796
1.23665
1.21923
1.31981
1.29075
1.26133
1.19375
1.17328
1.34714
1.1578
1.38487
1.3718
1.13739
1.43703
1.40177
1.12975
1.52497
1.46406
1.13089
1.6427
1.59704
1.16429
1.79052
1.6986
1.27024
2.02501
1.92542
2.38132
2.14867
1.36776
2.84342
2.66457
2.56864
3.02773
3.17204
1.38917
114.33
4.55694
3.33967
3.26752
3.92629
3.64084
4.23965
7.44825
12.494
39.8791
24.924
95.3906
78.9094
106.502
117.828
114.856
110.084
113.24
328.787
131.998
728.394
15595
2427.05
81.9163
35.7925
5.03716
15604.7
2489.28
890.413
82.7543
79.5153
79.0176
81.4608
93.5892
129.94
173.254
451.235
2.69382
1.42146
1.03912
1.24122
2.11651
1.72048
1.17033
1.17715
1.16741
1.17308
1.16978
1.17658
1.18195
1.19444
1.20808
1.22656
1.24505
1.2636
1.28199
1.29954
1.31539
1.32955
1.34135
1.35149
1.36019
1.36745
1.37314
1.37703
1.37912
1.23443
1.21831
1.19975
1.32515
1.30032
1.26782
1.17554
1.16442
1.34911
1.14324
1.37486
1.36471
1.13268
1.43765
1.40089
1.12901
1.54737
1.47257
1.14096
1.64604
1.60488
1.2129
1.84911
1.7276
1.32571
2.03508
1.95609
2.45544
2.28061
1.38547
3.01581
2.81094
2.55367
2.75723
3.09707
3.20617
1.38007
119.235
5.17108
3.39898
3.26995
4.09965
3.86878
4.44066
13.3502
27.2437
65.0288
47.8548
113.73
103.967
117.53
114.056
114.995
116.726
118.826
291.294
736.477
2431.15
15598.6
68.4821
13.0695
3.21287
15608.5
2477.53
885.996
81.064
83.8678
81.7448
80.9667
82.6964
92.7579
124.053
163.564
433.153
2.44925
1.3645
1.05687
1.16186
1.89888
1.62379
1.12321
1.1359
1.11378
1.11484
1.10747
1.10972
1.11167
1.12077
1.13207
1.14924
1.16895
1.19059
1.21261
1.23465
1.25652
1.27624
1.29145
1.30494
1.31653
1.32632
1.33356
1.33813
1.34052
1.234
1.21342
1.27105
1.20225
1.17779
1.32829
1.30235
1.16737
1.14846
1.34189
1.13692
1.3683
1.35363
1.12985
1.4396
1.40461
1.13183
1.5588
1.48547
1.16588
1.65743
1.60617
1.26894
1.87939
1.76393
1.36687
2.06694
1.96669
2.64883
2.44766
2.69689
2.34016
1.38968
3.06404
2.97997
2.94335
3.12195
3.22193
1.34122
117.677
7.29441
3.63193
3.3491
4.28368
3.97685
5.04435
27.7564
51.5614
87.8802
73.4942
119.445
117.089
118.819
116.879
125.394
324.937
328.924
678.682
2447.17
15590.5
34.1701
5.15012
2.8003
15609.3
2485.29
872.545
65.5915
79.8561
84.7193
84.3011
83.246
84.4708
92.0164
117.898
146.695
428.619
2.25943
1.33615
1.10917
1.75872
1.54162
1.05241
1.0674
1.03931
1.03327
1.02404
1.02481
1.02601
1.03436
1.04463
1.05987
1.07475
1.09068
1.1083
1.12703
1.14662
1.16668
1.18569
1.2025
1.21719
1.22984
1.239
1.24465
1.24684
1.20643
1.27689
1.27797
1.25199
1.21626
1.20126
1.17922
1.16809
1.32059
1.30262
1.15427
1.13972
1.33222
1.13142
1.36275
1.34603
1.12929
1.44087
1.40615
1.14246
1.56249
1.49314
1.214
1.67139
1.60213
1.32436
1.89237
1.7947
1.38545
2.15919
1.97681
2.82889
2.89901
2.58343
2.44958
1.38045
3.07309
3.03088
3.00155
3.15369
3.32021
1.24586
117.309
12.9785
3.8208
3.57776
4.87568
4.17372
6.91081
52.0381
76.5802
108.685
95.886
117.756
119.998
115.598
328.804
295.984
730.87
737.208
2362.88
15592.3
12.2104
3.28349
2.48686
15607.7
2470.01
870.598
29.7193
60.7149
77.7218
83.8508
86.4975
85.959
86.8128
91.8068
116.495
109.777
413.555
2.03353
1.2748
1.04351
1.20006
1.72329
1.34227
0.969954
0.977693
0.956997
0.953433
0.947063
0.949951
0.953491
0.963246
0.973698
0.987169
1.00103
1.01561
1.03033
1.04555
1.06054
1.07306
1.08286
1.09094
1.09866
1.10497
1.10889
1.11049
1.10955
1.19942
1.19372
1.29616
1.27584
1.24864
1.21803
1.18004
1.16668
1.15714
1.31681
1.14181
1.13439
1.32433
1.12902
1.35897
1.33446
1.13228
1.44118
1.40856
1.16825
1.55846
1.49656
1.26871
1.693
1.60043
1.3666
1.89514
1.80968
1.39004
2.20404
2.02616
2.96205
2.90966
2.74548
2.82443
2.76234
2.49454
1.34067
3.11665
3.04351
3.01975
3.28392
3.54872
1.10625
128.779
25.3827
3.91582
3.77207
6.3453
4.6665
11.6376
75.7534
100.524
117.97
112.865
114.85
118.808
119.767
726.551
317.415
674.519
2452.19
2450.2
15616.3
4.94182
2.86218
2.236
15613.5
2469.62
857.299
10.6279
24.7444
53.2325
73.0428
82.5058
88.4445
88.7814
89.9287
96.0447
163.421
97.8352
390.419
1.90857
1.22937
1.04944
1.26387
1.51622
0.902952
0.906614
0.896039
0.897337
0.896406
0.902979
0.909547
0.921044
0.932741
0.946403
0.959381
0.97081
0.981627
0.991856
1.00032
1.00752
1.0128
1.01749
1.0213
1.02354
1.02396
1.02308
1.02043
1.18806
1.18383
1.17841
1.29996
1.28275
1.26516
1.25001
1.22006
1.16419
1.15821
1.1432
1.13596
1.12906
1.30751
1.12868
1.35895
1.32493
1.14347
1.43576
1.40611
1.21542
1.54966
1.49691
1.32411
1.70965
1.59702
1.38587
1.90283
1.8137
1.38061
2.31838
2.0475
2.99586
2.94738
2.87978
2.75643
2.61804
1.242
3.2135
3.08403
3.05871
3.48541
3.72304
1.01713
48.593
4.10596
3.87884
9.7905
5.78055
21.1438
101.544
115.68
119.375
119.372
115.73
121.206
143.456
2451.74
693.332
332.663
2364.31
15594.5
15593.2
3.27642
2.4899
2.15391
15582.8
2466.65
836.618
4.58127
8.86911
20.0325
43.7486
65.3228
80.4301
87.3733
89.673
95.1821
113.421
95.7034
136.016
401.135
1.62333
1.3738
1.1224
1.33573
1.02096
1.40731
0.863095
0.86782
0.863691
0.868895
0.87034
0.877394
0.88398
0.895315
0.907054
0.919748
0.931128
0.940926
0.949108
0.956352
0.962997
0.967757
0.97063
0.972474
0.973762
0.973854
0.973459
0.972187
0.970689
1.18079
1.17296
1.21764
1.17264
1.16069
1.28961
1.27241
1.2562
1.23476
1.15654
1.14376
1.13655
1.12928
1.12749
1.29969
1.13199
1.35471
1.32085
1.17087
1.42922
1.39901
1.26894
1.5356
1.49092
1.36742
1.71762
1.59542
1.39059
1.9035
1.80754
1.33893
2.44708
2.13868
3.00611
2.95978
2.89243
2.82579
2.66911
1.10067
3.39605
3.15681
3.08434
3.69144
3.89149
0.969652
71.5584
4.51038
4.09227
16.7663
8.12735
40.1331
117.559
121.005
118.619
120.225
339.421
131.942
15618
2362.36
719.017
15616.4
2.791
2.31112
1.85792
15572.6
2452.67
845.914
3.11173
4.07056
7.07027
15.229
31.8312
53.9315
74.3531
82.3047
91.4363
97.5717
95.8557
110.149
119.342
387.006
1.48659
1.42355
1.27882
1.07959
1.37478
1.01452
0.840938
0.842949
0.840632
0.845381
0.847305
0.854464
0.862237
0.87462
0.886767
0.898479
0.909882
0.919047
0.926276
0.932008
0.935762
0.937531
0.938254
0.9389
0.93939
0.939373
0.939183
0.938754
0.938793
1.17121
1.1605
1.21648
1.20835
1.16365
1.15544
1.15263
1.27524
1.25406
1.23574
1.22788
1.14373
1.13592
1.12939
1.12634
1.12728
1.28409
1.14429
1.34921
1.31154
1.21641
1.41803
1.38805
1.3258
1.5186
1.47935
1.38682
1.71831
1.59647
1.3807
1.92802
1.78439
1.23486
2.60652
2.40794
2.70048
2.22334
3.03647
2.99843
2.94436
2.85108
1.01315
3.64108
3.26867
3.2036
3.9081
4.09786
0.939018
99.7181
5.26111
4.40444
29.3606
12.8632
62.6901
123.359
122.193
124.055
119.959
325.555
733.931
15616.5
2404.65
2.60647
2.00101
1.64884
15583.6
2459.09
832.596
2.8425
3.10833
3.76272
5.69487
10.9992
21.1828
42.4018
60.1542
75.0206
97.2425
87.1929
99.8728
115.59
104.386
367.249
1.53197
1.13227
1.31931
1.35106
1.04287
1.4596
1.00663
0.823479
0.820078
0.816783
0.823102
0.82982
0.841289
0.852454
0.865509
0.877447
0.887867
0.896603
0.904047
0.909174
0.911652
0.912664
0.912825
0.912978
0.913529
0.913924
0.91412
0.914225
0.914993
0.916141
1.15637
1.14809
1.19474
1.18635
1.15249
1.20845
1.14824
1.14758
1.14101
1.25759
1.2381
1.22632
1.13431
1.12894
1.12487
1.12531
1.1313
1.27327
1.17294
1.34155
1.30835
1.27049
1.40626
1.37178
1.36906
1.50419
1.46344
1.39136
1.68831
1.59587
1.33607
1.97818
1.77399
1.0927
2.57291
2.72433
2.47373
2.27091
3.13359
3.05471
2.9598
2.8765
0.968077
3.92301
3.58367
3.43989
4.12483
4.3614
0.917618
118.58
6.79467
4.93462
49.2693
20.8987
92.2057
125.035
122.452
137.529
126.73
337.51
695.658
2455.68
15615.9
2.23304
1.76865
15590.2
2468.37
817.345
2.45613
2.71338
2.94585
3.39882
4.54626
7.51495
14.2487
27.9199
42.9023
93.8853
59.4982
96.9301
149.326
104.715
102.089
373.46
1.60146
1.24712
1.08205
1.38009
1.43235
1.02075
1.5325
1.00285
0.814814
0.810834
0.808284
0.815338
0.824326
0.837309
0.849587
0.862676
0.874078
0.883045
0.889041
0.893038
0.894647
0.894447
0.893499
0.893172
0.893336
0.894105
0.894313
0.894725
0.896238
0.898119
0.900088
1.13801
1.13405
1.16926
1.16018
1.14025
1.19738
1.18134
1.13973
1.2035
1.14049
1.13737
1.13185
1.24605
1.22503
1.12703
1.12305
1.12292
1.12526
1.14527
1.2668
1.21791
1.3236
1.29629
1.329
1.39091
1.35465
1.38789
1.48383
1.44104
1.38034
1.66706
1.5783
1.22526
2.01492
1.7629
1.00845
2.73287
2.58996
2.4903
2.48717
2.38632
2.19187
3.25852
3.12859
3.03936
2.9417
0.939449
4.08738
3.83094
3.6851
4.30465
4.72447
0.902261
126.158
9.80925
5.9319
77.9453
35.1032
116.968
125.757
129.841
138.886
725.193
329.398
2371.42
15622.2
1.95359
15593.5
2450.87
811.365
2.10671
2.36985
2.52585
2.82335
3.1348
3.7028
5.40914
8.8969
16.8647
76.5917
27.0093
84.9224
114.941
102.977
93.2092
122.148
367.262
1.75272
1.29636
1.12755
1.28545
1.04407
1.42211
1.48266
1.00786
1.6191
1.00017
0.812992
0.809212
0.807402
0.814274
0.823966
0.837291
0.850192
0.862875
0.873609
0.88147
0.884146
0.884072
0.882601
0.879679
0.877868
0.877566
0.878234
0.878432
0.878967
0.880742
0.883011
0.885332
0.888502
1.11807
1.11931
1.14285
1.13427
1.1274
1.16229
1.15063
1.12935
1.19278
1.17165
1.13224
1.2051
1.13164
1.12798
1.12429
1.23125
1.12148
1.11998
1.1224
1.13069
1.17501
1.25399
1.27343
1.31013
1.28438
1.37107
1.37043
1.33761
1.39192
1.46295
1.41885
1.3314
1.62903
1.56427
1.08231
2.23797
2.03634
1.75107
0.96696
2.79231
2.59008
2.46914
2.33167
3.49583
3.31045
3.12486
2.98882
0.918852
4.32676
4.06572
3.9711
4.67417
5.46584
0.892514
128.157
15.3525
7.88351
109.975
59.2675
128.334
132.834
141.056
2428.81
708.1
332.318
15621.1
15603.8
2428.79
809.363
1.84601
2.02508
2.19563
2.34456
2.62062
2.81094
3.1946
3.85917
5.75934
41.6652
9.33158
56.3147
104.633
98.4476
67.737
118.66
108.462
349.097
1.36394
1.19869
1.0655
1.31616
1.01982
1.51094
1.58991
1.00123
1.74694
0.999074
0.81961
0.813766
0.81543
0.824301
0.836428
0.850682
0.864032
0.874332
0.880678
0.882542
0.881635
0.878171
0.873092
0.868417
0.866052
0.86594
0.866215
0.866631
0.867881
0.870055
0.872694
0.876522
0.881431
1.09774
1.10377
1.11698
1.10894
1.11353
1.13064
1.12084
1.11834
1.16128
1.14485
1.12262
1.19531
1.17727
1.12464
1.21818
1.1233
1.12058
1.11846
1.11695
1.11892
1.1234
1.14651
1.22079
1.24802
1.33292
1.28841
1.26938
1.3888
1.34904
1.31464
1.37893
1.43893
1.39084
1.21158
1.5984
1.53085
1.00404
2.2481
2.03782
2.19982
1.74574
0.939754
2.81112
2.60292
2.45897
2.32282
3.7663
3.47126
3.21818
3.0422
0.905612
4.58953
4.30688
4.18761
5.15312
6.68188
0.887074
129.334
24.7345
11.4249
127.53
93.1648
131.459
142.724
15595.8
2382.54
714.861
333.227
15599
2489.52
791.808
1.83083
2.00942
2.10482
2.32263
2.44732
2.6662
2.88499
3.24187
14.8976
3.95517
24.9818
100.524
79.812
35.1101
108.677
149.72
104.876
357.258
1.41436
1.11012
1.23103
1.26676
1.03074
1.36606
1.00476
1.55919
1.65024
0.997482
0.998933
0.845187
0.835151
0.836895
0.850838
0.866686
0.881286
0.890594
0.893719
0.89143
0.886558
0.880093
0.873588
0.866711
0.860505
0.856824
0.856573
0.856963
0.857243
0.858827
0.861808
0.866383
0.87181
0.877981
1.07691
1.08841
1.09165
1.08355
1.09953
1.1038
1.09532
1.10636
1.1331
1.12247
1.11218
1.1692
1.15525
1.11617
1.21095
1.19715
1.117
1.11585
1.11472
1.11373
1.11495
1.11891
1.13052
1.17769
1.27749
1.23148
1.37336
1.27104
1.2503
1.39193
1.32527
1.2961
1.32388
1.41613
1.36379
1.07059
1.56629
1.49581
0.965685
2.12482
2.03747
2.17837
1.93042
2.2719
1.74372
0.921238
2.8803
2.62556
2.44168
3.95131
3.67899
3.35697
3.10977
0.897391
4.94853
4.4975
4.39181
6.00259
9.04146
0.88488
134.857
40.9455
17.9647
133.258
119.89
132.663
15607.3
2393.1
719.789
333.737
15613.1
2449.56
788.503
1.7889
1.86569
2.01707
2.1597
2.29475
2.45526
2.6606
5.31093
2.84476
8.02749
86.6407
46.6722
12.6009
118.96
105.806
93.3889
122.588
350.475
1.48615
1.14923
1.05796
1.26328
1.29639
1.01036
1.4092
0.998104
1.65961
0.995558
0.998851
0.899506
0.88896
0.891696
0.915101
0.934355
0.945403
0.943133
0.92918
0.910124
0.8925
0.87944
0.868861
0.860629
0.853103
0.84896
0.848815
0.848421
0.849562
0.85292
0.857709
0.863421
0.869824
0.876833
1.05511
1.07239
1.06843
1.06126
1.08518
1.08191
1.07522
1.09387
1.11001
1.10385
1.10106
1.14868
1.13604
1.10671
1.19033
1.17251
1.10974
1.21928
1.11023
1.11014
1.10996
1.11094
1.11438
1.12183
1.14766
1.22535
1.33792
1.38953
1.24919
1.23437
1.37621
1.29786
1.2704
1.19268
1.3846
1.33608
0.999599
1.52724
1.45502
0.940469
2.07481
2.20497
1.95899
2.25467
1.93506
2.43181
1.73016
0.90938
2.90213
2.63367
4.22393
3.8994
3.49029
3.13967
0.893515
5.54411
4.79228
4.62168
7.57016
13.4266
0.884589
142.92
69.0606
29.1927
133.465
131.353
137.588
15633.1
2400.98
720.718
335.827
15621.2
2440.16
778.896
1.73531
1.8299
1.94932
2.06422
2.17861
2.33054
3.14917
2.46203
3.62665
57.1689
18.8576
4.55544
108.639
97.5655
66.2888
126.46
110.451
352.363
1.5616
1.22908
1.07751
1.02568
1.29182
1.34968
1.00086
1.47265
0.994975
0.995936
0.999182
0.995776
1.00574
1.00058
1.04311
1.06467
1.0639
1.03515
0.988665
0.940536
0.904138
0.880158
0.864591
0.853622
0.845879
0.842332
0.84171
0.842239
0.845463
0.850219
0.856009
0.862466
0.869522
0.878407
1.03355
1.05532
1.04964
1.04409
1.07067
1.0634
1.05752
1.08103
1.09216
1.08612
1.08948
1.12751
1.11399
1.09648
1.1636
1.14366
1.10114
1.2015
1.18483
1.10353
1.10464
1.10548
1.10643
1.10982
1.11541
1.13004
1.18154
1.28298
1.37665
1.39148
1.22858
1.21212
1.31315
1.27337
1.24894
1.05998
1.35087
1.30644
0.964381
1.48981
1.41419
0.923741
2.03625
2.18215
2.42137
1.92887
2.43212
1.88368
2.65423
1.67383
1.83348
0.90289
2.92749
4.34954
4.05024
3.63567
3.23233
0.892261
6.53153
5.17453
4.77453
10.5197
21.3722
0.8891
101.668
47.5857
135.475
133.38
145.453
15634.7
2405.28
725.32
330.113
15609.7
2440.06
784.201
1.63362
1.7267
1.81887
1.92087
2.02505
2.63177
2.14668
2.78469
26.566
6.24374
3.00522
100.782
74.3092
34.7946
129.286
112.372
103.355
346.896
1.12555
1.32165
1.25485
1.26046
1.03812
1.00655
1.38777
0.996204
1.5223
0.99439
0.996641
0.999452
1.13169
1.19073
1.17364
1.22626
1.24795
1.23162
1.17169
1.07767
0.985537
0.920476
0.881467
0.859454
0.846986
0.839946
0.836982
0.836789
0.839316
0.843674
0.849339
0.855746
0.863471
0.873775
0.885056
1.035
1.02118
1.03663
1.055
1.0476
1.04283
1.06777
1.07328
1.06617
1.07741
1.10188
1.08907
1.08567
1.13368
1.1139
1.09184
1.16815
1.14917
1.09588
1.19573
1.09835
1.10024
1.10166
1.10482
1.10964
1.11988
1.14909
1.23184
1.3437
1.3912
1.37193
1.20741
1.17028
1.24418
1.2219
0.995025
1.31466
1.27342
0.941369
1.43986
1.36929
0.913243
2.16372
1.99365
2.42669
2.65109
1.86209
2.65577
2.9359
1.60546
1.79353
1.73951
0.900294
4.47965
4.1439
3.7448
3.27343
0.893704
8.44119
5.728
5.13542
16.1451
34.7207
0.896107
121.077
75.9837
140.603
132.476
151.14
15618.5
2402.73
725.122
334.626
15616.6
2457.6
771.927
1.59959
1.66236
1.7546
1.82707
2.25587
1.9309
2.39122
8.78378
3.29063
2.50946
80.4152
42.8547
12.5697
133.563
112.986
105.096
85.4929
344.475
1.06651
1.16169
1.36339
1.2701
1.28959
1.0204
0.999571
1.45052
0.995168
0.995799
0.997944
0.999791
1.29862
1.40258
1.39151
1.42731
1.43066
1.38522
1.30339
1.18283
1.03955
0.9387
0.881623
0.854638
0.841438
0.835393
0.833114
0.834535
0.838178
0.843307
0.849904
0.85884
0.869597
0.880784
0.89219
1.01463
1.03512
1.02975
1.00517
1.02004
1.03814
1.05368
1.05341
1.04646
1.06506
1.07632
1.06467
1.07437
1.10327
1.08586
1.08184
1.13462
1.11485
1.08727
1.17371
1.15665
1.09111
1.09419
1.09657
1.0995
1.10437
1.11199
1.12947
1.18636
1.29018
1.38053
1.39178
1.29698
1.18414
1.04856
1.21742
1.19961
0.962971
1.27446
1.24204
0.925363
1.39316
1.32466
0.908676
2.39894
2.13166
1.96009
2.63737
2.94053
1.83419
2.93549
1.5241
1.70128
1.6517
1.77428
0.899847
4.57882
4.16505
3.77486
3.33359
0.900105
12.183
6.90231
5.6292
25.7999
54.8011
0.905218
128.355
101.774
150.293
134.216
15591.6
2406.54
734.954
325.28
15596.5
2435.98
768.989
1.49899
1.57432
1.63245
2.01387
1.71294
2.12352
3.77552
2.65981
2.21557
50.0032
17.0673
4.5167
135.933
113.723
106.448
88.5266
56.4057
341.301
1.09079
1.03222
1.23789
1.41961
1.29968
1.3234
1.00792
0.997674
0.996551
0.998071
0.999869
1.00039
1.47998
1.60496
1.59592
1.61163
1.58014
1.49715
1.39104
1.26376
1.09548
0.95378
0.881203
0.850258
0.836931
0.832128
0.831421
0.833745
0.83818
0.845383
0.854833
0.865297
0.876521
0.888896
0.902593
1.0052
1.0202
1.0155
1.03365
1.02778
1.00635
1.02141
1.03812
1.05196
1.05255
1.04359
1.06255
1.07507
1.06032
1.07125
1.10245
1.08379
1.07805
1.13607
1.11841
1.08317
1.16427
1.08737
1.09076
1.09388
1.09871
1.10502
1.11776
1.15103
1.2394
1.35079
1.39346
1.36513
1.14636
0.990019
1.18699
1.17329
0.940939
1.23702
1.20623
0.917897
1.33096
1.27807
0.907222
2.37616
2.59646
2.11616
1.93511
2.93008
3.34886
1.44131
1.60949
1.57496
1.74759
1.6925
1.89087
0.903882
4.76749
4.16801
3.77907
0.908229
18.7795
9.00961
6.63785
40.5702
77.9691
0.917789
129.185
115.09
152.606
140.633
15610.6
2430.47
728.591
336.879
15599.5
2433.92
760.155
1.47024
1.53602
1.78236
1.58688
1.86692
2.81465
2.33239
1.94699
21.9696
5.6881
2.94811
138.886
113.639
107.246
90.7765
61.1915
26.9385
340.629
1.13571
1.06112
1.01721
1.32081
1.27007
1.2883
1.37594
1.00362
0.998912
0.999098
1.00047
1.00119
1.00087
1.65519
1.78529
1.7705
1.75614
1.67003
1.56149
1.44793
1.31151
1.13188
0.961763
0.879633
0.845696
0.833717
0.830641
0.830988
0.834558
0.841628
0.851022
0.861268
0.872857
0.886094
0.900065
0.915645
1.00728
1.00335
1.01876
1.01439
1.03183
1.02335
1.00676
1.02198
1.03751
1.05012
1.05075
1.03948
1.06006
1.07313
1.05687
1.06811
1.10127
1.08394
1.07455
1.14115
1.1228
1.07973
1.0842
1.08797
1.09266
1.09868
1.10863
1.1293
1.19125
1.299
1.38475
1.3915
1.27667
1.03736
0.960986
1.16017
1.14988
0.928714
1.19612
1.17627
0.914949
1.2764
1.22823
0.90824
2.57726
2.33364
2.91257
2.06579
3.3498
3.73095
1.35506
1.52831
1.5012
1.66667
1.61868
1.87098
1.81667
2.04143
0.911787
5.09181
4.23295
0.9199
29.3636
12.9707
8.43757
59.3481
95.1211
0.932169
127.71
120.336
151.228
15607
2412.74
744.179
320.359
15605.9
2424.09
759.712
1.66389
1.417
1.71917
2.43316
2.03423
1.80304
7.26001
3.18971
2.54321
140.823
113.921
107.606
92.4201
64.7178
31.5071
9.05569
337.647
1.19066
1.08168
1.03812
1.01277
1.36591
1.29047
1.32048
1.00465
1.00163
1.00201
1.00291
1.00273
1.00103
1.82452
1.94974
1.90862
1.82791
1.70965
1.59134
1.4773
1.33901
1.1481
0.964482
0.875761
0.841894
0.832174
0.830327
0.832867
0.838795
0.847493
0.857801
0.869841
0.883372
0.897742
0.913807
0.930853
1.00693
1.00349
1.01735
1.01146
1.02879
1.01963
1.00691
1.02195
1.03649
1.04817
1.0481
1.03527
1.05756
1.06997
1.05429
1.06529
1.10108
1.08441
1.07151
1.12558
1.07693
1.08161
1.08652
1.09234
1.10072
1.11583
1.15306
1.24759
1.35885
1.39576
1.35657
1.12257
0.985668
0.942003
1.1323
0.923501
1.15996
1.14136
0.914418
1.2134
1.18436
0.915494
2.51717
2.88874
2.2939
3.32874
3.69135
4.30312
1.28257
1.45384
1.43174
1.59044
1.54871
1.7935
1.73415
1.98256
1.94788
2.24673
0.921914
5.66333
0.933631
43.5021
19.2386
11.3653
73.9055
105.831
0.948627
130.151
120.981
149.778
15618
2462.9
720.991
336.327
15595.8
2433.21
752.22
1.47976
1.52932
2.12173
1.85971
1.59333
3.43185
2.65999
2.20786
142.251
114.018
107.843
93.2386
67.0937
35.4768
11.1918
3.76026
339.237
1.25196
1.13047
1.05641
1.02694
1.01187
1.40736
1.31876
1.36204
1.00719
1.00521
1.00507
1.00523
1.00459
1.00141
1.99925
2.05073
1.96489
1.85122
1.72083
1.60078
1.48914
1.35011
1.15344
0.963701
0.869639
0.839526
0.83176
0.832459
0.83703
0.844626
0.855031
0.867336
0.880826
0.895743
0.912162
0.929492
0.947791
1.00673
1.00229
1.01522
1.00909
1.02463
1.01627
1.00696
1.02168
1.03527
1.04625
1.04387
1.03163
1.0553
1.06623
1.05224
1.0627
1.10391
1.08347
1.06894
1.07461
1.08001
1.08598
1.09338
1.10527
1.12952
1.19593
1.31013
1.38852
1.39009
1.25251
1.02692
0.959572
0.933225
1.10737
0.921876
1.12295
1.1151
0.919015
1.17356
1.13913
0.924422
2.84995
2.48891
3.2826
3.67568
4.46766
6.61275
1.23235
1.39568
1.37519
1.51576
1.479
1.70831
1.6485
1.88852
1.84218
2.18949
2.14263
2.4176
0.935263
0.949494
56.9156
28.2146
15.4634
85.0228
110.736
0.967594
137.239
120.186
15612.8
2399.54
743.438
148.801
336.017
15595.9
2426.36
752.179
1.46275
1.95012
1.64686
1.50332
2.78524
2.30691
2.0079
139.897
114.273
107.885
93.1449
69.0169
38.1476
13.228
4.15938
2.89151
336.119
1.33591
1.16411
1.35658
1.09327
1.04859
1.02579
1.01411
1.40388
1.01037
1.00944
1.00836
1.0071
1.00606
2.05362
2.05859
1.96588
1.84113
1.71101
1.59788
1.49087
1.35218
1.15201
0.952591
0.862614
0.838615
0.833567
0.836533
0.842865
0.852933
0.865109
0.878611
0.893905
0.910533
0.928183
0.947081
0.967275
1.01223
1.01944
1.01333
1.0069
1.02114
1.03399
1.04449
1.03844
1.02833
1.05325
1.06437
1.04843
1.06043
1.08383
1.06688
1.073
1.07932
1.08615
1.09651
1.11402
1.15559
1.25668
1.36601
1.39737
1.34494
1.0985
0.981744
0.944715
0.929742
0.9232
1.09263
1.08455
0.927679
1.12742
1.10742
0.936871
2.81576
3.2432
3.65277
4.669
7.99621
1.43549
1.39934
1.62063
1.5603
1.79035
1.73897
2.07325
2.02794
2.3812
2.30313
2.75707
0.950393
0.967964
65.9101
38.7864
20.4804
92.898
112.488
0.988574
121.08
15633.3
2446.65
748.932
146.968
328.681
15606.9
2425.18
743.233
1.71329
1.56032
2.39456
2.10352
1.77329
142.535
113.961
107.701
92.8139
69.3905
40.4509
14.6737
4.60213
2.99839
2.49049
332.962
1.42284
1.38694
1.0731
1.04285
1.02747
1.01882
1.44061
1.01479
1.82724
1.95524
1.8952
1.78108
1.67106
1.5773
1.48238
1.34441
1.13209
0.932398
0.857155
0.838871
0.837717
0.842429
0.851404
0.863081
0.876698
0.892134
0.909069
0.927112
0.946466
0.966914
0.988524
1.00682
1.02054
1.03276
1.04292
1.03422
1.02368
1.0513
1.06269
1.04516
1.05862
1.06544
1.0722
1.0792
1.08828
1.10235
1.12963
1.202
1.3227
1.39176
1.38699
1.22156
1.0171
0.95921
0.938289
0.929014
0.930934
1.0657
1.06378
0.938415
0.951495
3.17681
3.6126
4.95032
9.70962
1.52677
1.45927
1.69408
1.63677
1.95707
1.91198
2.25654
2.17874
2.70979
2.62926
3.10713
0.968409
0.988608
73.2179
47.7754
26.0998
98.2866
112.814
121.961
15613.4
2454.77
725.673
153.591
15598
2424.11
745.758
1.60462
2.16528
1.84502
1.67011
131.731
113.577
107.072
91.9969
69.119
41.4897
16.1756
4.9895
3.10713
2.58583
2.26438
153.362
1.49175
1.04146
1.02987
1.54667
1.78078
1.7755
1.69596
1.61444
1.54448
1.46387
1.32118
1.09458
0.912346
0.85455
0.842277
0.84359
0.850908
0.861733
0.875315
0.890641
0.907856
0.926229
0.945861
0.966558
0.988488
1.00667
1.01993
1.03168
1.04142
1.04977
1.05732
1.06465
1.07195
1.08053
1.09261
1.11206
1.15903
1.26694
1.37364
1.39808
1.32866
1.07754
0.978899
0.948332
0.936175
0.933759
0.940372
0.952713
0.968781
3.57542
5.22408
11.6198
1.59254
1.52978
1.83903
1.79181
2.12275
2.04646
2.57529
2.48061
3.02922
2.95188
3.53207
0.988632
79.172
54.5547
31.7067
102.028
112.224
124.745
15623.2
2387.26
15595.4
2427.69
1.91041
1.72088
112.284
106.205
90.2657
68.3076
41.3459
16.6223
5.41263
3.20544
2.68598
2.3259
1.98322
1.27896
1.56592
1.62399
1.59795
1.55429
1.50951
1.43818
1.28487
1.05099
0.894841
0.85389
0.84742
0.851728
0.861452
0.874504
0.889654
0.906746
0.925383
0.945276
0.966292
0.988466
1.00652
1.01936
1.03064
1.04019
1.04869
1.05655
1.06437
1.07286
1.08348
1.09951
1.12936
1.2103
1.33574
1.39521
1.38131
1.18456
1.00848
0.960824
0.943765
0.937128
0.94304
0.953763
0.969157
0.98871
5.51467
13.4216
2.42253
2.86212
2.77083
3.47664
3.40539
5.65159
84.0286
59.4163
35.8381
104.811
15629.9
15613.9
87.8244
66.5869
40.578
16.4874
5.67119
3.30829
1.09674
1.32845
1.46239
1.49305
1.49716
1.47718
1.40611
1.23839
1.00541
0.882516
0.855818
0.854719
0.86237
0.874132
0.889081
0.905821
0.924655
0.944794
0.966097
0.988438
1.00636
1.01881
1.02976
1.03933
1.04798
1.05627
1.06486
1.07507
1.08858
1.11008
1.16329
1.27891
1.38204
1.39857
1.30369
1.0577
0.977156
0.952564
0.942641
0.945697
0.954692
0.969757
0.988784
15.0158
5.70379
15.996
63.483
38.8866
1.03259
1.15153
1.30066
1.39834
1.4497
1.44591
1.3677
1.18286
0.962152
0.877476
0.861551
0.864893
0.874527
0.888828
0.905342
0.924184
0.944421
0.965924
0.988409
1.00621
1.01831
1.02916
1.03877
1.04768
1.05661
1.06652
1.07871
1.09642
1.12935
1.22105
1.34879
1.39937
1.37205
1.14481
1.00067
0.962817
0.949701
0.947727
0.956004
0.970515
0.988767
1.00557
1.06264
1.17796
1.32532
1.41506
1.41453
1.32265
1.11916
0.927767
0.876341
0.869478
0.876422
0.88911
0.905335
0.923895
0.94413
0.965815
0.988391
1.00609
1.01797
1.02872
1.03854
1.04784
1.05784
1.06936
1.08444
1.10831
1.1685
1.29315
1.39038
1.39942
1.26916
1.03916
0.975817
0.956861
0.950355
0.95797
0.971048
0.988691
0.990965
1.01667
1.10727
1.28633
1.3914
1.38155
1.26864
1.05188
0.908931
0.878523
0.880254
0.890293
0.905797
0.923897
0.943995
0.965818
0.98835
1.00601
1.01775
1.02854
1.03865
1.04881
1.05993
1.07374
1.09318
1.1303
1.23292
1.36302
1.40403
1.3558
1.10616
0.994238
0.965276
0.955402
0.959955
0.97131
0.988726
0.980961
0.99625
1.08315
1.27476
1.37213
1.34476
1.20558
0.990817
0.901499
0.886805
0.892812
0.906762
0.924337
0.94412
0.965819
0.988345
1.00596
1.01768
1.02865
1.03927
1.05048
1.06331
1.08009
1.1072
1.17386
1.31078
1.39726
1.39609
1.22469
1.02431
0.975605
0.961728
0.961258
0.971944
0.98886
0.977624
0.989787
1.08113
1.27568
1.35256
1.30164
1.13407
0.947317
0.900158
0.897277
0.908378
0.92524
0.944444
0.966019
0.988374
1.00595
1.01777
1.02914
1.04049
1.05294
1.06851
1.0898
1.13221
1.24518
1.37552
1.40658
1.33189
1.07763
0.98986
0.968418
0.962927
0.973347
0.988826
0.977466
0.990133
1.09713
1.28369
1.32818
1.24899
1.05789
0.928089
0.904252
0.911055
0.92658
0.945061
0.966294
0.988527
1.00601
1.01805
1.02999
1.04243
1.05685
1.07571
1.10563
1.18036
1.32941
1.4031
1.38795
1.17319
1.0124
0.976454
0.966885
0.974572
0.988541
0.978473
0.997784
1.12985
1.28688
1.29674
1.18492
0.989583
0.922408
0.915636
0.928389
0.946078
0.966736
0.98873
1.00614
1.0186
1.03129
1.0454
1.06248
1.08637
1.1337
1.25864
1.38737
1.40731
1.29455
1.05188
0.987245
0.972273
0.974901
0.98844
0.981171
1.01245
1.17044
1.28252
1.25641
1.1086
0.954452
0.923009
0.930643
0.947446
0.96744
0.989016
1.00632
1.01944
1.03337
1.04947
1.07057
1.10305
1.18884
1.34677
1.40846
1.3718
1.12077
1.00368
0.978445
0.975093
0.988744
0.983822
1.03878
1.20681
1.26627
1.20326
1.02791
0.942231
0.93357
0.949137
0.968452
0.989331
1.00659
1.02071
1.0364
1.05513
1.0823
1.13413
1.27543
1.39699
1.40577
1.23983
1.03171
0.986152
0.97712
0.988946
0.985329
1.0791
1.22303
1.23854
1.134
0.976229
0.941071
0.950394
0.969717
0.989712
1.00705
1.02247
1.04032
1.06379
1.09962
1.19799
1.363
1.41265
1.34289
1.08285
0.997369
0.981571
0.988477
0.988914
1.12225
1.22006
1.19622
1.05016
0.958371
0.951452
0.971072
0.990268
1.00769
1.02484
1.04595
1.0762
1.13354
1.29432
1.40449
1.39572
1.1749
1.01496
0.987466
0.987693
1.00726
1.15311
1.19951
1.13312
0.989588
0.956767
0.971508
0.991049
1.00846
1.02827
1.05434
1.09441
1.20521
1.37795
1.41332
1.29317
1.04813
0.992836
0.987219
1.03438
1.16068
1.16364
1.05047
0.971208
0.969485
0.992109
1.00955
1.03326
1.06608
1.1312
1.31112
1.41155
1.37522
1.10817
1.00223
0.98889
1.05969
1.14402
1.10509
0.993025
0.972814
0.99319
1.01121
1.04007
1.08395
1.21141
1.39054
1.41192
1.21642
1.02048
0.991519
1.06635
1.10395
1.02642
0.979269
0.992154
1.01346
1.04994
1.12352
1.32613
1.41766
1.33197
1.05603
0.996134
1.05399
1.04244
0.99054
0.986729
1.01671
1.06571
1.21253
1.39668
1.39313
1.11789
1.00264
1.01297
0.990546
0.991329
1.02203
1.10282
1.33355
1.41297
1.23479
1.01206
0.962081
0.985268
1.02826
1.19627
1.39208
1.34022
1.03336
0.955838
1.04592
1.32066
1.3833
1.07923
1.11802
1.37624
1.18449
1.22663
1.27197
1.25756
)
;

boundaryField
{
    lowerOutlet
    {
        type            inletOutlet;
        inletValue      uniform 1;
        value           nonuniform List<scalar> 
144
(
1
1
1
1
1
1
1
1
1
1
1
1
1
1
1
1
1
1
1
1
1
1
1
1
1
1
1
1
1
1
1
1
1
1
1
1
1
1
1
1
1
1
1
1
25.9323
1
1
1
357.33
1
1
1
1
1
1
1
1
1
1
1
1
1
1
1
1
1
1
1
1
1
1
1
1
1
1
1
1
1
1
1
1
1
1
1
1
1
1
1
1
1
1
1
1
1
1
1
1
1
1
1
1
1
1
1
1
203.947
1
1
1
1
1
1
1
1
1
1
1
1
1
1
66.6431
1
1
1
1
1
1
1
1
24.2353
1
1
86.2308
1
1
1
1
1
1
1
1
1
1
1
)
;
    }
    top
    {
        type            inletOutlet;
        inletValue      uniform 1;
        value           nonuniform List<scalar> 
100
(
1
1
0.968765
0.957918
0.962318
1.00803
1.18291
1.69807
2.63906
3.55238
4.15438
4.51973
4.75062
4.90521
5.01853
5.11355
5.20545
5.30268
5.40841
5.52245
5.64239
5.76404
5.88318
5.99792
6.11069
6.22108
6.32884
6.44139
6.57806
6.77448
7.06121
7.49786
8.05251
8.52628
8.79907
9.03867
9.60006
10.3429
10.8606
10.9242
9.90726
6.51906
3.17945
1.83371
1.48039
1.37093
1.31893
1.28435
1.24846
1.20907
1.1879
1.18132
1.18823
1.1967
1.19885
1.19228
1.17033
1.12321
1.05241
0.969954
0.902952
0.863095
0.840938
0.823479
0.814814
0.812992
0.81961
0.845187
0.899506
0.995776
1.13169
1.29862
1.47998
1.65519
1.82452
1.99925
1
1
1
1
1
1
1
1
1
1
1
1
1
1
0.985329
0.988914
1.00726
1.03438
1.05969
1.06635
1.05399
1.01297
0.962081
0.955838
)
;
    }
    sides
    {
        type            inletOutlet;
        inletValue      uniform 1;
        value           uniform 1;
    }
    front
    {
        type            empty;
    }
    back
    {
        type            empty;
    }
    roller
    {
        Cmu             0.09;
        kappa           0.41;
        E               9.8;
        beta1           0.075;
        blended         false;
        type            omegaWallFunction;
        value           nonuniform List<scalar> 
142
(
15609.6
15596.1
15607.4
15613.8
15599
15613.4
15632.3
15620.8
15615.1
15594.5
15599.8
15595.3
15599.4
15606.6
15601.7
15607.7
15603.8
15622.4
15616.2
15595.4
15634.7
15616.5
15618
15600.3
15611.3
15595.8
15604.7
15613.5
15602.5
15595.6
15613.1
15613.9
15632.1
15605
15630.8
15593.2
15600.6
15607.7
15595.6
15607.9
15610.7
15600.8
15595.8
15606
15604.7
15615.4
15591.8
15598.7
15583.6
15590.2
15593.5
15625
15629.6
15611.3
15616
15633.3
15612.8
15618
15614.9
15596.6
15595.4
15599.7
15593.9
15616.6
15595.8
15595.4
15612.4
15594.5
15429.3
15598.6
15598.9
15598.7
15605.7
15613.2
15609.7
15619.7
15608
15605.9
15597.6
15598.7
15598
15595.8
15623.2
15618.5
15595.8
15621.1
15593.4
15616.3
15598
15429.4
15595
15598.1
15595.9
15610.6
15619.6
15572.6
15617.4
15596.5
15595.9
15613.7
15610.6
15607
15633.1
15607.3
15620.2
15615.9
15591.3
15582.4
15522.1
15590.5
15601
15600.8
15607
15599
15596.1
15614.4
15608.5
15609.3
15588.8
15582.8
15621.2
15599.3
15602
15599.5
15597.3
15607.9
15606.9
15629.9
15608.3
15589.4
15591.6
15604.9
15614.1
15614.8
15591.7
15616.4
15616.5
15622.2
15589.7
15522
15582.7
15592.3
)
;
    }
    burner
    {
        type            zeroGradient;
    }
}


// ************************************************************************* //
