/*--------------------------------*- C++ -*----------------------------------*\
  =========                 |
  \\      /  F ield         | OpenFOAM: The Open Source CFD Toolbox
   \\    /   O peration     | Website:  https://openfoam.org
    \\  /    A nd           | Version:  dev
     \\/     M anipulation  |
\*---------------------------------------------------------------------------*/
FoamFile
{
    version     2.0;
    format      ascii;
    class       volScalarField;
    location    "2500";
    object      G;
}
// * * * * * * * * * * * * * * * * * * * * * * * * * * * * * * * * * * * * * //

dimensions      [1 0 -3 0 0 0 0];

internalField   nonuniform List<scalar> 
9836
(
4050.39
4056.3
4057.74
4061.49
4063.66
4065.82
4065.97
4068.86
4071.76
4074.67
4069.74
4073.35
4076.97
4080.62
4084.28
4072.82
4077.12
4081.46
4085.83
4090.24
4094.68
4075.21
4080.19
4085.22
4090.3
4095.45
4100.65
4105.88
4076.94
4082.57
4088.27
4094.04
4099.91
4105.85
4111.86
4117.9
4078.02
4084.29
4090.63
4097.06
4103.61
4110.28
4117.04
4123.89
4130.79
4078.47
4085.35
4092.31
4099.38
4106.59
4113.94
4121.43
4129.05
4136.77
4144.56
4078.33
4085.79
4093.33
4101.01
4108.84
4116.85
4125.03
4133.4
4141.91
4150.55
4159.26
4077.61
4085.61
4093.72
4101.97
4110.4
4119.02
4127.86
4136.92
4146.2
4155.65
4165.25
4174.93
4076.33
4084.86
4093.5
4102.29
4111.28
4120.48
4129.94
4139.65
4149.63
4159.86
4170.31
4180.91
4191.63
4074.54
4083.56
4092.7
4101.99
4111.5
4121.25
4131.28
4141.61
4152.24
4163.19
4174.43
4185.92
4197.6
4209.41
4072.25
4081.73
4091.33
4101.11
4111.1
4121.36
4131.92
4142.81
4154.05
4165.66
4177.63
4189.93
4202.54
4215.37
4228.35
4069.5
4079.41
4089.44
4099.66
4110.1
4120.82
4131.87
4143.28
4155.08
4167.29
4179.93
4192.98
4206.43
4220.22
4234.28
4248.51
4066.31
4076.62
4087.05
4097.67
4108.53
4119.68
4131.18
4143.05
4155.36
4168.12
4181.36
4195.09
4209.3
4223.97
4239.04
4254.41
4269.99
4062.71
4073.39
4084.19
4095.19
4106.43
4117.97
4129.86
4142.17
4154.92
4168.17
4181.95
4196.29
4211.18
4226.63
4242.61
4259.05
4275.86
4292.9
4058.74
4069.75
4080.9
4092.23
4103.82
4115.71
4127.97
4140.65
4153.81
4167.49
4181.74
4196.61
4212.11
4228.25
4245.03
4262.43
4280.36
4298.71
4317.35
4054.41
4065.74
4077.19
4088.84
4100.74
4112.95
4125.53
4138.54
4152.05
4166.11
4180.77
4196.09
4212.11
4228.86
4246.35
4264.57
4283.49
4303.04
4323.09
4343.48
4049.77
4061.37
4073.11
4085.04
4097.22
4109.71
4122.57
4135.88
4149.69
4164.07
4179.09
4194.79
4211.25
4228.5
4246.59
4265.53
4285.31
4305.9
4327.23
4349.14
4371.45
4044.83
4056.69
4068.68
4080.85
4093.28
4106.02
4119.14
4132.7
4146.77
4161.43
4176.73
4192.76
4209.57
4227.24
4245.82
4265.35
4285.85
4307.33
4329.75
4353.03
4377.01
4401.46
4039.63
4051.71
4063.92
4076.32
4088.97
4101.93
4115.26
4129.04
4143.33
4158.21
4173.75
4190.03
4207.13
4225.13
4244.1
4264.1
4285.2
4307.4
4330.74
4355.17
4380.61
4406.88
4433.71
4034.19
4046.47
4058.88
4071.47
4084.31
4097.46
4110.98
4124.94
4139.41
4154.47
4170.2
4186.68
4204
4222.24
4241.49
4261.85
4283.4
4306.19
4330.25
4355.63
4382.29
4410.14
4438.97
4468.48
4028.53
4040.98
4053.57
4066.33
4079.34
4092.65
4106.32
4120.43
4135.04
4150.24
4166.11
4182.74
4200.21
4218.63
4238.08
4258.69
4280.55
4303.76
4328.39
4354.5
4382.13
4411.27
4441.81
4473.53
4506.14
4022.67
4035.28
4048.02
4060.93
4074.08
4087.52
4101.32
4115.54
4130.27
4145.57
4161.54
4178.26
4195.83
4214.36
4233.94
4254.69
4276.74
4300.21
4325.23
4351.89
4380.24
4410.38
4442.28
4475.86
4510.93
4547.1
4016.65
4029.39
4042.25
4055.29
4068.55
4082.11
4096.01
4110.32
4125.13
4140.5
4156.53
4173.31
4190.92
4209.49
4229.12
4249.94
4272.08
4295.68
4320.9
4347.89
4376.75
4407.6
4440.53
4475.55
4512.64
4551.56
4591.76
4010.48
4023.33
4036.3
4049.44
4062.8
4076.44
4090.41
4104.8
4119.66
4135.07
4151.13
4167.91
4185.53
4204.09
4223.71
4244.51
4266.65
4290.27
4315.54
4342.65
4371.78
4403.09
4436.7
4472.76
4511.37
4552.5
4595.8
4640.67
4004.18
4017.12
4030.17
4043.4
4056.83
4070.54
4084.57
4099
4113.89
4129.31
4145.36
4162.13
4179.71
4198.21
4217.75
4238.48
4260.53
4284.06
4309.27
4336.33
4365.5
4396.99
4430.99
4467.69
4507.33
4550.05
4595.77
4644.15
4694.49
3997.77
4010.78
4023.9
4037.19
4050.69
4064.44
4078.51
4092.96
4107.85
4123.27
4139.28
4156
4173.5
4191.91
4211.33
4231.92
4253.81
4277.17
4302.2
4329.09
4358.1
4389.5
4423.57
4460.57
4500.77
4544.5
4591.9
4642.93
4697.3
4754.1
3991.27
4004.33
4017.51
4030.84
4044.37
4058.16
4072.25
4086.7
4101.58
4116.96
4132.93
4149.56
4166.96
4185.23
4204.5
4224.89
4246.56
4269.68
4294.43
4321.04
4349.75
4380.85
4414.68
4451.61
4491.97
4536.15
4584.51
4637.29
4694.57
4756.05
4820.59
3984.68
3997.79
4011
4024.37
4037.92
4051.72
4065.81
4080.25
4095.1
4110.43
4126.32
4142.86
4160.13
4178.24
4197.31
4217.47
4238.87
4261.68
4286.09
4312.31
4340.6
4371.25
4404.61
4441.1
4481.2
4525.35
4574.01
4627.66
4686.72
4751.41
4821.43
4895.25
3978.02
3991.16
4004.41
4017.79
4031.35
4045.15
4059.22
4073.63
4088.43
4103.7
4119.5
4135.91
4153.04
4170.97
4189.82
4209.72
4230.81
4253.26
4277.25
4303.01
4330.78
4360.85
4393.58
4429.39
4468.79
4512.43
4560.82
4614.54
4674.32
4740.77
4814.36
4894.72
4979.78
3971.32
3984.47
3997.73
4011.12
4024.68
4038.46
4052.51
4066.87
4081.61
4096.8
4112.49
4128.77
4145.73
4163.46
4182.07
4201.68
4222.43
4244.48
4268.02
4293.24
4320.41
4349.81
4381.78
4416.73
4455.17
4497.81
4545.37
4598.49
4658.01
4724.93
4800.14
4884.65
4977.55
5050.89
5052.28
3964.59
3977.73
3991
4004.39
4017.93
4031.69
4045.69
4060
4074.67
4089.75
4105.32
4121.45
4138.23
4155.74
4174.09
4193.4
4213.79
4235.42
4258.46
4283.12
4309.62
4338.26
4369.37
4403.33
4440.65
4481.99
4528.16
4580.01
4638.48
4704.69
4779.99
4865.66
4964.06
5050.32
5044.74
5102.81
5103.89
3957.85
3970.96
3984.22
3997.59
4011.12
4024.83
4038.79
4053.03
4067.61
4082.59
4098.03
4114
4130.58
4147.86
4165.94
4184.92
4204.94
4226.13
4248.66
4272.71
4298.52
4326.35
4356.51
4389.4
4425.46
4465.33
4509.78
4559.75
4616.39
4680.92
4754.87
4840.19
4927.59
4913.61
5036.1
4966.53
5023.78
5101.12
5094.51
5158.79
5159.46
3951.1
3964.18
3977.41
3990.75
4004.25
4017.92
4031.82
4045.98
4060.47
4075.34
4090.64
4106.44
4122.82
4139.86
4157.65
4176.29
4195.91
4216.65
4238.65
4262.09
4287.18
4314.17
4343.36
4375.09
4409.82
4448.11
4490.68
4538.42
4592.53
4654.48
4725.92
4808.93
4898.24
4880.82
4951.36
5084.23
5008.68
5070.29
5155.78
5147.89
5219.32
5219.47
3944.35
3957.39
3970.58
3983.89
3997.34
4010.96
4024.79
4038.88
4053.27
4068.01
4083.16
4098.79
4114.96
4131.76
4149.26
4167.56
4186.79
4207.05
4228.5
4251.31
4275.68
4301.82
4330.01
4360.57
4393.91
4430.55
4471.15
4516.53
4567.75
4626.34
4694.2
4773.57
4862.45
4842.53
4933.88
4914.46
4991.25
5135.9
5053.19
5119.95
5214.74
5205.34
5284.9
5284.53
3937.62
3950.61
3963.75
3977.01
3990.41
4003.97
4017.73
4031.73
4046.01
4060.63
4075.63
4091.08
4107.04
4123.58
4140.79
4158.76
4177.58
4197.38
4218.29
4240.46
4264.08
4289.36
4316.54
4345.93
4377.89
4412.86
4451.46
4494.42
4542.67
4597.55
4660.96
4735.42
4822.04
4800.39
4893.71
4871.7
4971.42
4949.58
5033.36
5191.41
5100.49
5173.15
5278.54
5267.35
5356.2
5355.21
3930.92
3943.85
3956.93
3970.13
3983.46
3996.95
4010.64
4024.54
4038.72
4053.21
4068.06
4083.32
4099.07
4115.36
4132.28
4149.9
4168.33
4187.66
4208.04
4229.58
4252.47
4276.88
4303.06
4331.28
4361.85
4395.19
4431.82
4472.37
4517.65
4568.83
4627.52
4696.18
4778.57
4756.19
4848.82
4825.17
4926.32
4901.86
5010.93
4986.39
5077.97
5251.18
5150.96
5230.23
5347.78
5334.47
5433.84
5432.26
3924.24
3937.11
3950.13
3963.26
3976.52
3989.94
4003.53
4017.34
4031.4
4045.76
4060.45
4075.54
4091.07
4107.12
4123.75
4141.03
4159.06
4177.94
4197.78
4218.71
4240.89
4264.48
4289.68
4316.72
4345.93
4377.66
4412.37
4450.6
4493.02
4540.57
4594.78
4657.66
4734.33
4712.52
4801.21
4777.22
4876.58
4850.82
4960.39
4933.35
5052.65
5025.15
5125.38
5315.63
5204.9
5291.55
5423.2
5407.35
5518.77
5516.5
3917.61
3930.4
3943.36
3956.42
3969.6
3982.93
3996.43
4010.13
4024.07
4038.29
4052.83
4067.74
4083.06
4098.86
4115.2
4132.16
4149.81
4168.24
4187.57
4207.9
4229.37
4252.15
4276.42
4302.36
4330.25
4360.39
4393.23
4429.22
4468.92
4513.14
4563.07
4620.93
4691.64
4671.15
4753.69
4730.74
4824.95
4799.32
4905.76
4877.96
4996.31
4966.79
5096.93
5066.41
5175.94
5385.36
5262.68
5357.65
5505.52
5486.68
5611.99
5608.81
3911.02
3923.73
3936.62
3949.6
3962.69
3975.93
3989.33
4002.93
4016.75
4030.83
4045.21
4059.93
4075.05
4090.61
4106.67
4123.31
4140.59
4158.59
4177.42
4197.17
4217.97
4239.96
4263.31
4288.21
4314.86
4343.53
4374.55
4408.38
4445.5
4486.58
4532.74
4586.02
4651.71
4632.67
4708.7
4687.61
4774.37
4750.36
4850.25
4823.04
4936.99
4907.16
5034.85
5002.99
5144.32
5111.01
5230.24
5461.03
5325.07
5429.41
5595.59
5573.35
5714.8
5710.51
3904.48
3917.12
3929.92
3942.82
3955.82
3968.96
3982.26
3995.74
4009.44
4023.37
4037.59
4052.14
4067.05
4082.37
4098.16
4114.49
4131.41
4149
4167.34
4186.54
4206.7
4227.94
4250.42
4274.29
4299.77
4327.07
4356.43
4388.24
4422.92
4461.04
4503.75
4553.02
4614.59
4596.78
4667.47
4648.1
4727.41
4705.58
4796.66
4771.33
4877.53
4848.37
4970.96
4938.7
5077
5042.7
5195.76
5160.11
5289.58
5543.57
5393.59
5508.28
5694.75
5668.62
5828.77
5823.13
3898
3910.55
3923.27
3936.08
3948.99
3962.03
3975.22
3988.58
4002.15
4015.94
4030
4044.36
4059.07
4074.16
4089.69
4105.71
4122.28
4139.47
4157.36
4176.03
4195.58
4216.12
4237.77
4260.68
4285.02
4311.01
4338.85
4368.81
4401.27
4436.69
4476.08
4522.01
4579.67
4563.14
4629.47
4611.34
4684.78
4664.85
4747.19
4724.28
4820.01
4792.76
4906.4
4874.48
5007.8
4972.11
5123.53
5085.94
5252.88
5214.69
5355.97
5634.5
5470.42
5596.64
5804.34
5773.9
5955.74
5948.35
3891.58
3904.04
3916.68
3929.39
3942.21
3955.15
3968.22
3981.46
3994.89
4008.54
4022.44
4036.62
4051.13
4065.99
4081.26
4096.99
4113.23
4130.03
4147.48
4165.65
4184.62
4204.49
4225.37
4247.39
4270.68
4295.42
4321.82
4350.08
4380.51
4413.48
4449.89
4492.34
4544.45
4593.71
4576.42
4645.61
4626.9
4702.52
4681.75
4766.9
4742.51
4843.35
4813.52
4936.11
4900.5
5046.99
5006.77
5174.46
5132.25
5316.88
5274.81
5430.89
5736.36
5557.51
5697.43
5925.93
5891.69
6098.1
6088.49
3885.23
3897.6
3910.14
3922.77
3935.48
3948.31
3961.27
3974.39
3987.68
4001.18
4014.92
4028.92
4043.23
4057.87
4072.89
4088.33
4104.25
4120.69
4137.72
4155.41
4173.83
4193.07
4213.22
4234.4
4256.73
4280.33
4305.39
4332.08
4360.64
4391.35
4425.04
4464.2
4513.06
4573.67
4556.67
4608.69
4590.99
4661.75
4642.33
4719.54
4697.78
4785.45
4759.34
4865.81
4832.84
4966.13
4925.96
5088.12
5042.46
5229.47
5181.48
5387.85
5340.36
5514.44
5852.87
5655.51
5812.23
6061.98
6025.78
6258.86
6246.51
3878.94
3891.22
3903.67
3916.2
3928.82
3941.54
3954.38
3967.37
3980.53
3993.88
4007.45
4021.27
4035.38
4049.8
4064.58
4079.75
4095.36
4111.45
4128.08
4145.31
4163.21
4181.86
4201.33
4221.73
4243.15
4265.72
4289.56
4314.83
4341.7
4370.37
4401.44
4437.43
4482.95
4540.26
4524.07
4587.38
4569.94
4623.48
4605.21
4676.94
4656.76
4735.04
4712.21
4802.23
4774.19
4887.07
4850.47
4996.42
4951.19
5131.33
5079.65
5288.73
5234.11
5465.87
5411.75
5607.02
5986.94
5765.09
5941.72
6216.18
6180.29
6441.62
6426.12
3872.72
3884.91
3897.27
3909.7
3922.22
3934.83
3947.55
3960.41
3973.43
3986.63
4000.03
4013.68
4027.59
4041.8
4056.34
4071.25
4086.56
4102.31
4118.56
4135.36
4152.77
4170.86
4189.7
4209.36
4229.95
4251.56
4274.3
4298.28
4323.65
4350.55
4379.28
4412
4454.05
4508.37
4493.01
4552.93
4536.27
4599.93
4581.98
4637.21
4618.31
4690.46
4669.46
4748.49
4724.6
4816.99
4786.95
4907.65
4866.97
5027.77
4976.95
5177.33
5119.14
5352.96
5291.02
5551.43
5489.72
5709.39
6139.52
5887.26
6087.5
6394.01
6359
6650.31
6631.8
3866.64
3878.66
3890.93
3903.27
3915.69
3928.19
3940.79
3953.52
3966.4
3979.44
3992.69
4006.15
4019.87
4033.87
4048.18
4062.83
4077.85
4093.29
4109.18
4125.57
4142.52
4160.08
4178.32
4197.3
4217.11
4237.83
4259.55
4282.37
4306.39
4331.74
4358.56
4388.25
4426.35
4475.03
4519.98
4503.99
4564.47
4547.34
4610.7
4592.28
4649.18
4629.64
4701.93
4680.12
4759.9
4734.97
4830.26
4798.09
4928.25
4883.14
5061
5004.22
5227.23
5162.32
5423.19
5353.58
5645.58
5575.5
5822.9
6313.15
6023.9
6252.19
6601.73
6565.58
6888.87
6870.11
3872.57
3884.67
3896.91
3909.23
3921.62
3934.11
3946.71
3959.44
3972.33
3985.41
3998.7
4012.22
4026.01
4040.1
4054.5
4069.25
4084.38
4099.93
4115.94
4132.45
4149.52
4167.2
4185.55
4204.64
4224.54
4245.32
4267.07
4289.87
4313.83
4339.04
4366.25
4400.29
4445.3
4497.72
4481.88
4530.55
4514.01
4574.33
4556.81
4619.51
4600.65
4659.13
4638.97
4711.35
4688.71
4769.77
4743.8
4843
4808.64
4949.85
4899.75
5097.56
5034.27
5282.48
5210.44
5500.98
5423.55
5750
5671.03
5949.61
6512.05
6178.11
6439.32
6846.59
6807.08
7173.75
7162.13
3878.56
3890.63
3902.85
3915.13
3927.5
3939.97
3952.56
3965.3
3978.21
3991.32
4004.66
4018.24
4032.1
4046.26
4060.75
4075.59
4090.82
4106.47
4122.57
4139.17
4156.33
4174.09
4192.51
4211.65
4231.58
4252.35
4274.04
4296.73
4320.51
4345.77
4376.07
4417.11
4466.66
4451.91
4506.33
4490.36
4539.63
4522.78
4582.34
4564.49
4626.33
4607.09
4667.03
4646.28
4719.1
4695.46
4778.9
4751.63
4855.95
4819.35
4973.71
4918.15
5138.54
5068.09
5344.53
5264.58
5588.38
5502.57
5867.11
5778.37
6092.65
6743.06
6354.55
6577.58
6626.04
7144.07
7095.15
7554.63
7549.89
3884.5
3896.54
3908.73
3920.98
3933.32
3945.78
3958.36
3971.1
3984.03
3997.17
4010.55
4024.2
4038.12
4052.36
4066.92
4081.84
4097.15
4112.87
4129.04
4145.71
4162.92
4180.72
4199.16
4218.3
4238.19
4258.87
4280.41
4302.88
4326.54
4353.72
4390.6
4434.06
4474.9
4459.95
4513.45
4497.39
4547.02
4529.99
4588.45
4570.32
4631.22
4611.62
4673
4651.63
4725.61
4700.79
4787.89
4758.88
4870.3
4831.01
5001.05
4940.18
5184.76
5107.06
5414.14
5325.59
5687.05
5591.81
6000.9
5845.42
5896.13
6241.97
6190.36
6741.05
6969.13
6920.1
6530.87
6476.98
6327.98
6692.32
7519.16
7113.18
7329.83
7378.92
8084.3
8060.24
3890.4
3902.4
3914.55
3926.77
3939.08
3951.51
3964.09
3976.83
3989.78
4002.96
4016.38
4030.08
4044.07
4058.37
4073
4087.98
4103.35
4119.12
4135.33
4152.03
4169.26
4187.06
4205.47
4224.55
4244.32
4264.83
4286.1
4308.33
4333.05
4365.81
4406.36
4451.81
4437.52
4481.81
4466.65
4518.99
4502.93
4552.68
4535.57
4592.71
4574.37
4634.27
4614.33
4677.34
4655.21
4731.18
4704.91
4797.21
4765.8
4888.11
4844.96
5033.39
4966.74
5237.19
5151.19
5497.76
5449.05
5400.62
5352.24
5796.37
5744.34
5538.55
5638
5692.19
5960.57
6141.13
6086.32
5909.05
6276.17
6870.25
7064.61
6639.93
6583.84
6423.52
6816.33
7564.41
7893.01
7838.91
7278.89
7516.22
8731.9
8134.57
8485.38
8545.13
3896.25
3908.21
3920.3
3932.48
3944.76
3957.17
3969.74
3982.49
3995.46
4008.67
4022.14
4035.89
4049.94
4064.29
4078.97
4094
4109.4
4125.19
4141.42
4158.11
4175.32
4193.07
4211.41
4230.34
4249.91
4270.13
4291.08
4313.76
4342.8
4380.2
4419.47
4457.42
4443.18
4487.34
4472.17
4522.97
4506.96
4556.62
4539.51
4595.16
4576.68
4635.84
4615.47
4680.3
4657.35
4735.83
4707.7
4807.42
4772.45
4909.68
4861.36
5070.17
4997.46
5304.04
5257.05
5210.23
5165.47
5488.4
5437.34
5386.08
5856.14
5801.29
5583.77
5687.87
5745.15
6031.94
6222.27
6165.34
5976.05
6367.43
7009.75
7222.45
6758.63
6525.43
6697.47
6950.16
7782.81
8083.2
7458.21
7721.41
8844.6
9257.86
9240.22
8421.26
8792.71
3902.07
3913.94
3925.98
3938.11
3950.36
3962.74
3975.3
3988.06
4001.06
4014.3
4027.82
4041.62
4055.71
4070.11
4084.82
4099.87
4115.27
4131.06
4147.27
4163.94
4181.08
4198.73
4216.91
4235.63
4254.9
4274.74
4295.7
4321.47
4355.66
4392.94
4433.46
4420.04
4461.68
4447.42
4491.44
4476.35
4525.41
4509.51
4558.92
4541.86
4596
4577.42
4636.09
4615.35
4681.81
4658.09
4739.38
4708.88
4818.43
4778.48
4934.27
4879.12
5121.61
5080.59
5041.11
5004.54
5335.4
5285.62
5236.73
5189.43
5529.79
5475.54
5421.3
5919.01
5860.38
5630.3
5739.46
5800.33
6106.4
6308.94
6247.71
6045.86
6464.2
7160.44
7393.21
6886.34
6633.25
6818.28
7093.54
8017.62
8350.92
7652.81
7943.59
9190.98
9599.2
9585.79
8719.66
9120.5
3907.81
3919.59
3931.58
3943.66
3955.86
3968.22
3980.77
3993.55
4006.57
4019.85
4033.41
4047.25
4061.38
4075.8
4090.52
4105.57
4120.96
4136.73
4152.88
4169.46
4186.48
4203.96
4221.92
4240.34
4259.22
4278.81
4301.74
4332.71
4367.89
4402.29
4436.8
4423.54
4464.65
4450.54
4494.12
4479.17
4526.36
4510.61
4559.68
4542.69
4595.66
4576.97
4635
4614.09
4681.58
4657.26
4741.42
4708.15
4828.99
4782.92
4969.58
4937.15
4905.97
4877.13
5143.83
5100.38
5058.96
5019.79
5367.85
5315.44
5264.11
5214.36
5572.68
5515.06
5457.74
5984.41
5921.51
5678.15
5792.45
5857.3
6183.87
6400.26
6333.65
6118.46
6565.85
7322.42
7577.38
7022.06
6746.66
6945.66
7246.32
8270.89
8634.58
7862.38
8182.14
9534.47
9933.63
9921.97
9032.69
9455.24
3913.46
3925.17
3937.08
3949.11
3961.27
3973.61
3986.15
3998.93
4011.98
4025.31
4038.91
4052.78
4066.93
4081.36
4096.07
4111.1
4126.45
4142.14
4158.19
4174.63
4191.48
4208.74
4226.4
4244.44
4262.94
4283.64
4311.29
4344.32
4377.52
4412.81
4400.51
4438.83
4425.66
4466.3
4452.38
4495.38
4480.63
4525.94
4510.35
4559.17
4542.18
4594.31
4575.57
4632.56
4611.77
4679.45
4654.76
4741.44
4705.35
4836.48
4784.7
4982.59
4947.42
4913.99
4882.72
5166.39
5120.35
5076.28
5034.27
5401.44
5346.3
5292.27
5239.71
5616.83
5555.81
5495.37
6052.12
5984.61
5727.22
5847.01
5916.07
6264.53
6495.57
6422.83
6193.81
6672.07
7495.78
7774.41
7165.2
6865.43
7079.32
7408.25
8539.45
8931.81
8085.94
8435.06
9873.34
10259
10251.8
9355.2
9791
3919.02
3930.64
3942.49
3954.46
3966.58
3978.89
3991.43
4004.23
4017.31
4030.67
4044.31
4058.21
4072.37
4086.79
4101.47
4116.43
4131.68
4147.25
4163.16
4179.42
4196.04
4213.01
4230.3
4247.94
4266.96
4291.47
4322.19
4354.12
4383.68
4414.33
4402.33
4439.65
4426.78
4466.65
4452.94
4495.31
4480.76
4524.47
4508.93
4557.73
4540.71
4592.09
4573.36
4628.94
4608.52
4675.49
4650.77
4739.37
4700.88
4854.3
4824.78
4771.34
4796.95
4994.33
4956.43
4920.52
4886.6
5188.79
5139.63
5092.4
5047.3
5436.05
5377.84
5320.64
5264.66
5662.19
5597.79
5533.95
6122.16
6049.75
5777.74
5903.34
5976.76
6348.02
6594.72
6515.18
6271.65
6782.61
7679.79
7983.1
7315.72
6989.51
7219.08
7578.92
8820.5
9239.61
8322.29
8699.73
10208.3
10577.3
10575.2
9682.57
10126.2
3924.48
3936.01
3947.79
3959.69
3971.76
3984.06
3996.6
4009.44
4022.56
4035.97
4049.64
4063.55
4077.7
4092.07
4106.67
4121.52
4136.65
4152.06
4167.79
4183.82
4200.15
4216.77
4233.66
4251.42
4273.23
4301.52
4332.03
4361.06
4391.34
4380.27
4414.68
4402.89
4439.34
4426.82
4465.74
4452.31
4494
4479.63
4522.23
4506.7
4555.49
4538.47
4589.05
4570.38
4624.61
4604.67
4670.25
4645.8
4747.81
4726.36
4695.78
4855.7
4824.74
4769.77
4796.1
5004.39
4963.69
4925.37
4889.37
5210.19
5157.44
5106.71
5058.33
5471.24
5409.43
5348.36
5288.41
5708.9
5640.71
5573.09
6194.41
6116.97
5829.73
5961.26
6039.36
6434.18
6697.42
6610.62
6351.96
6897.29
7873.55
8202.66
7473.62
7118.8
7364.94
7758.24
9111.91
9554.85
8570.14
8974.07
10539.3
10886.4
10889.1
10012.5
10460.2
3929.82
3941.27
3952.96
3964.79
3976.82
3989.11
4001.68
4014.56
4027.74
4041.2
4054.89
4068.79
4082.88
4097.17
4111.65
4126.37
4141.33
4156.55
4172.05
4187.81
4203.81
4220.04
4236.82
4256.41
4282.23
4311.22
4339.58
4364.66
4391.48
4380.81
4414.02
4402.57
4438
4425.83
4463.79
4450.63
4491.81
4477.51
4519.25
4503.72
4552.53
4535.5
4585.38
4566.72
4620.28
4600.58
4665.11
4640.95
4745.76
4723.92
4702.38
4684.37
4855.55
4823.64
4767.77
4794.44
5012.36
4968.91
4928.32
4890.51
5229.93
5173.24
5118.77
5066.97
5506.3
5440.23
5374.74
5310.35
5756.75
5684.27
5612.04
6269.19
6186.53
5883.11
6020.8
6103.83
6523.11
6803.61
6709.35
6435.08
7016.59
8076.74
8433
7639.14
7253.64
7517.48
7946.18
9412.05
9874.99
8827.56
9257.21
10864.2
11183.6
11189.1
10343.7
10791.6
3935.06
3946.39
3957.99
3969.75
3981.75
3994.04
4006.67
4019.62
4032.87
4046.36
4060.05
4073.9
4087.9
4102.06
4116.4
4130.94
4145.7
4160.7
4175.93
4191.37
4207.01
4223
4240.88
4264.22
4291.63
4319.18
4344.22
4370.07
4360.23
4390.66
4380.28
4412.44
4401.36
4435.86
4423.94
4461.17
4448.25
4488.88
4474.7
4515.49
4499.99
4548.83
4531.76
4581.25
4562.43
4616.75
4596.62
4669.52
4656.06
4637.32
4743.66
4721.93
4700.46
4683.01
4854
4821.52
4765.44
4792.11
5017.97
4971.9
4929.22
4889.93
5247.54
5186.71
5128.41
5073.18
5540.48
5469.55
5399.22
5330.12
5805.36
5727.7
5650.06
6346.77
6258.61
5937.53
6081.51
6170.35
6615.23
6914.16
6812.36
6521.29
7141.29
8289.98
8673.45
7812.43
7394.52
7676.99
8143.26
9719.08
10198.4
9093.6
9548.72
11177
11472.5
11478.1
10674.9
11115.9
3940.16
3951.36
3962.86
3974.56
3986.55
3998.88
4011.59
4024.63
4037.94
4051.45
4065.1
4078.86
4092.73
4106.73
4120.88
4135.21
4149.75
4164.49
4179.42
4194.52
4209.84
4226.44
4247.46
4273.19
4299.83
4324.64
4345.8
4369.32
4359.87
4389.12
4379.07
4410.27
4399.5
4433.15
4421.48
4457.99
4445.31
4485.25
4471.27
4510.86
4495.45
4544.37
4527.17
4576.8
4557.49
4620.2
4609.96
4592.77
4667.83
4654.13
4630.61
4642.02
4741.47
4719.93
4699.13
4682.16
4851.17
4818.43
4762.86
4789.15
5021.19
4972.69
4928.24
4887.77
5262.83
5197.85
5135.74
5077.1
5573.12
5496.91
5421.51
5347.64
5854.06
5770.18
5686.46
6427.29
6333.14
5992.06
6142.63
6238.43
6711.39
7029.73
6919.86
6611.22
7271.59
8513.47
8923.16
7994.42
7541.8
7844.94
8350.26
10031.3
10523.9
9368.5
9847.72
11476.5
11757.2
11761.4
11003.3
11429.9
3945.1
3956.17
3967.56
3979.21
3991.22
4003.64
4016.45
4029.59
4042.95
4056.45
4070.02
4083.64
4097.34
4111.14
4125.07
4139.18
4153.46
4167.91
4182.51
4197.28
4212.88
4231.89
4255.85
4281.46
4305.94
4327.27
4349.5
4340.65
4367.87
4358.62
4387.15
4377.36
4407.71
4397.25
4429.95
4418.6
4454.22
4441.82
4480.93
4467.22
4505.29
4490.08
4539.03
4521.6
4571.99
4551.7
4619.14
4607.93
4595.11
4584.33
4667.23
4653.85
4630.21
4641.68
4739.32
4718.2
4698.32
4681.89
4847.21
4814.6
4760.2
4785.8
5022.25
4971.54
4925.51
4884.12
5275.95
5206.91
5141.06
5079.09
5603.74
5522.06
5441.57
5363.06
5901.82
5811.03
5720.87
6510.86
6409.8
6045.77
6203.66
6307.55
6811.71
7150.39
7031.88
6704.36
7408.11
8747.18
9182.38
8186.33
7697
8022.8
8568.18
10347.8
10849.8
9652.98
10153.2
11763.1
12039.8
12042.8
11325.6
11731
3949.88
3960.79
3972.08
3983.7
3995.78
4008.34
4021.29
4034.53
4047.91
4061.35
4074.78
4088.22
4101.7
4115.26
4128.96
4142.81
4156.81
4170.96
4185.24
4200.05
4217.41
4239.54
4264.06
4288.07
4309.49
4327.15
4348.26
4339.68
4366.08
4357.07
4384.85
4375.33
4404.81
4394.66
4426.29
4415.33
4449.82
4437.77
4475.87
4462.5
4498.72
4483.82
4532.61
4514.94
4572.98
4562.65
4544.59
4618.3
4606.65
4593.32
4581.71
4667.21
4653.86
4629.96
4641.8
4737.34
4716.8
4698.09
4682.17
4842.37
4810.29
4757.63
4782.28
5021.53
4968.74
4921.27
4879.23
5287.15
5214.25
5144.9
5079.81
5632.17
5544.97
5459.52
5376.59
5947.9
5849.9
5753.23
6596.55
6487.41
6098.29
6263.41
6376.48
6915.53
7276.8
7148.55
6799.81
7551.71
8991.79
9452.58
8389.31
7861.38
8211.73
8798.75
10666.9
11173.7
9946.7
10463.9
12044.7
12323.2
12325.1
11639.8
12024.4
3954.45
3965.19
3976.38
3988.03
4000.26
4013.01
4026.14
4039.46
4052.82
4066.13
4079.37
4092.57
4105.79
4119.09
4132.52
4146.1
4159.81
4173.66
4187.85
4203.86
4224.23
4247.57
4271
4292.4
4310.43
4325.19
4346.64
4338.21
4364.03
4355.24
4382.26
4373.03
4401.56
4391.76
4422.22
4411.69
4444.8
4433.22
4469.99
4457.02
4490.96
4476.52
4524.78
4506.93
4570.1
4558.87
4533.01
4543.19
4617.38
4605.24
4590.97
4578.75
4667.66
4654.25
4629.63
4642
4735.67
4715.88
4698.41
4682.87
4836.93
4805.72
4755.36
4778.82
5019.65
4964.81
4915.9
4873.39
5296.69
5220.25
5147.76
5079.86
5658.45
5565.7
5475.45
5388.26
5992.1
5886.69
5783.39
6683.18
6564.57
6148.77
6320.32
6443.58
7022.39
7409.08
7269.37
6896.66
7703.19
9248.93
9734.46
8605.78
8036.66
8414.15
9043.29
10987.2
11493.6
10248.4
10778.1
12325.2
12609.3
12610.4
11946.5
12310.9
3958.77
3969.31
3980.44
3992.23
4004.71
4017.73
4031.03
4044.38
4057.65
4070.75
4083.72
4096.63
4109.56
4122.59
4135.75
4149.05
4162.49
4176.18
4191.14
4209.86
4231.95
4254.69
4275.96
4294.29
4309.3
4326.99
4336.62
4319.31
4344.82
4361.73
4353.18
4379.4
4370.46
4397.98
4388.56
4417.73
4407.69
4439.18
4428.2
4463.21
4450.81
4481.8
4468.07
4515.12
4497.3
4566.64
4554.8
4527.83
4538.62
4616.04
4603.38
4587.84
4575.1
4668.38
4654.79
4628.86
4641.83
4734.47
4715.52
4698.95
4683.56
4831.19
4801.12
4753.49
4775.63
5017.29
4960.55
4910.23
4867.18
5304.63
5225
5149.76
5079.45
5682.39
5584.09
5489.04
5397.78
6033.92
5920.86
5810.68
6769.57
6639.99
6196.06
6373.77
6507.79
7131.76
7547.83
7395.4
6994.2
7864.67
9518.99
10026.6
8837.15
8225.17
8631.45
9301.16
11307.5
11809.8
10556
11095.8
12607.6
12898.8
12900
12247.6
12593.8
3962.76
3973.1
3984.29
3996.37
4009.22
4022.52
4035.95
4049.27
4062.34
4075.16
4087.81
4100.39
4113.01
4125.76
4138.65
4151.69
4164.97
4179.14
4196.35
4217.17
4239.12
4260.14
4278.65
4293.98
4307.16
4334.86
4325.38
4317.83
4342.84
4359.22
4350.95
4376.27
4367.66
4394.09
4385.08
4412.87
4403.34
4433.04
4422.74
4455.53
4443.91
4471.13
4458.44
4511.14
4501.91
4485.81
4562.55
4550.33
4521.89
4533.15
4613.91
4600.76
4583.65
4570.5
4668.97
4655.1
4627.26
4640.82
4733.65
4715.52
4699.14
4683.7
4825.63
4796.66
4751.78
4772.65
5014.81
4956.47
4905.04
4861.39
5310.77
5228.32
5150.77
5078.57
5703.4
5599.49
5499.69
5404.55
6072.5
5951.62
5834.37
6854.67
6712.38
6239.71
6422.96
6567.93
7244.46
7695.35
7527.86
7092.51
8038.39
9800.22
10326.6
9081.65
8427.16
8860.9
9570.29
11628.6
12123.6
10869.6
11418.5
12895.6
13192.1
13195.3
12542.9
12880.4
3966.31
3976.53
3988
4000.55
4013.82
4027.37
4040.86
4054.04
4066.83
4079.29
4091.56
4103.79
4116.12
4128.6
4141.24
4154.12
4167.69
4183.63
4203.17
4224.27
4244.91
4263.5
4279.15
4292.52
4304.69
4333.03
4323.67
4316.29
4340.78
4356.59
4348.62
4372.94
4364.69
4389.91
4381.34
4407.64
4398.68
4426.41
4416.86
4447
4436.4
4459.11
4447.81
4504.99
4495.69
4472.3
4479.8
4557.59
4545.09
4515.49
4526.8
4610.65
4597.04
4578.12
4564.66
4668.89
4654.65
4624.47
4638.57
4732.86
4715.4
4698.4
4682.74
4820.78
4792.61
4749.81
4769.73
5012.36
4952.88
4900.66
4856.48
5314.42
5229.56
5150.19
5076.7
5720.62
5610.99
5506.4
5407.45
6107.62
5978.46
5853.72
6937.71
6780.56
6279.09
6464
6623.66
7360.42
7852.78
7666.57
7191.69
8223.93
10090.7
10634.1
9336.8
8639.22
9098.79
9849.16
11952.1
12436.5
11191.8
11749.1
13190.1
13492.3
13499.9
12840.4
13173.4
3969.28
3979.64
3991.65
4004.75
4018.39
4032.13
4045.59
4058.56
4071
4083.05
4094.92
4106.83
4118.88
4131.13
4143.61
4156.69
4171.6
4189.88
4210.12
4230.28
4248.83
4264.75
4278.27
4290.6
4301.97
4314.69
4331.11
4321.86
4338.62
4353.88
4346.21
4369.49
4361.63
4385.53
4377.45
4402.1
4393.75
4419.35
4410.62
4437.76
4428.36
4465.75
4452.19
4446.66
4436.5
4497.94
4488.53
4472.8
4551.53
4538.85
4508.27
4519.48
4605.86
4591.87
4571
4557.39
4667.61
4652.95
4620.11
4634.66
4731.55
4714.55
4696.06
4680.14
4816.63
4788.84
4747.12
4766.57
5009.61
4949.58
4897.03
4852.53
5314.36
5227.38
5146.71
5072.53
5733.25
5617.63
5508.09
5405.36
6138.79
5996.02
5861.87
7012.41
6838.94
6310.07
6525.97
6676.21
7479.11
8018.86
7805.6
7293.32
8417.41
10389.5
10951.8
9602.24
8857.34
9347.3
10136.1
12281.5
12755.7
11525.3
12090.7
13494.9
13807.6
13825.3
13148.3
13482.6
3971.51
3982.44
3995.15
4008.78
4022.75
4036.61
4049.99
4062.71
4074.77
4086.38
4097.88
4109.5
4121.34
4133.43
4146.05
4160.16
4177.26
4196.59
4216.22
4234.63
4250.73
4264.4
4276.82
4288.4
4303.14
4313.05
4311.4
4296.61
4329.09
4320.02
4336.37
4351.09
4343.71
4365.98
4358.51
4381.07
4373.5
4396.38
4388.69
4412
4404.14
4428.04
4419.96
4458.38
4445.3
4440.45
4424.96
4490.12
4481
4465.21
4544.18
4531.49
4500.17
4511.12
4599.21
4584.94
4562.15
4548.56
4664.65
4649.51
4613.78
4628.69
4729.21
4712.36
4691.57
4675.36
4812.68
4784.64
4742.97
4762.32
5005.21
4945.3
4893.15
4848.83
5309.33
5220.18
5138.26
5063.8
5736.75
5616.95
5503.9
5398.47
6168.01
6036.21
5848.87
7106.62
6849.22
6309.05
6503.67
6694.36
7595.56
8190.59
7961.61
7410.35
8617.03
10698.9
11283.1
9876.09
9075.96
9614.18
10433.6
12623.7
13092.9
11873.4
12449.8
13828.3
14154.5
14220.6
13484.6
13842.5
3973.03
3984.93
3998.43
4012.57
4026.79
4040.7
4053.96
4066.38
4078.03
4089.24
4100.44
4111.85
4123.55
4135.75
4149.2
4165.26
4183.66
4202.69
4220.87
4237.08
4250.88
4263.35
4275.07
4286.03
4309.73
4301.6
4318.17
4295.16
4327.03
4334.07
4348.22
4341.14
4362.43
4355.32
4376.6
4369.52
4390.66
4383.65
4404.56
4397.63
4418.12
4411.4
4450.86
4438.23
4433.82
4427.38
4417.92
4414.87
4481.61
4472.95
4457.21
4535.45
4522.93
4491.2
4501.73
4590.51
4576.14
4551.58
4538.2
4659.52
4643.96
4605.25
4620.36
4725.12
4708.14
4684.29
4667.83
4807.23
4778.63
4736.39
4755.92
4996.91
4937.95
4887.01
4843.39
5300.11
5209.21
5126.34
5051.86
5727.17
5609.31
5496.85
5391.38
6176.15
6015.52
5843.91
7080.37
6843.61
6303.75
6497.3
6689.66
7643.12
8376.34
7940.28
7390.92
8825.74
11023.5
11632.2
10159.6
9173.21
9889.27
9481.96
10748.7
12991
13468.8
12241.1
12836.3
14265.9
14697.2
14883.7
13890.3
14340.8
3974.21
3987.33
4001.58
4016.11
4030.48
4044.35
4057.42
4069.52
4080.78
4091.65
4102.65
4113.95
4125.74
4138.63
4153.77
4171.27
4189.66
4207.55
4223.78
4237.72
4250.18
4261.98
4273.17
4283.69
4316.33
4308.04
4300.07
4324.97
4293.77
4331.77
4345.36
4338.57
4358.87
4352.13
4372.15
4365.54
4385.04
4378.66
4397.28
4391.25
4408.43
4403.03
4443.23
4431.16
4420.89
4412.09
4409.68
4472.49
4464.41
4448.97
4525.37
4513.18
4481.5
4491.49
4579.65
4565.41
4539.42
4526.48
4651.7
4635.86
4594.31
4609.36
4718.36
4701.1
4673.48
4656.96
4797.6
4768.91
4726.14
4745.98
4985.81
4927.3
4876.12
4833.42
5292.65
5201.5
5118.74
5044.7
5722.43
5604.73
5492.41
5387.07
6171.82
6009.69
5839.51
7074.28
6838.38
6298.95
6491.95
6684.96
7638.57
8360.84
7933.56
7384.33
8809.77
11376.1
12001.9
10463.3
9168.16
9889.2
9470.88
11084.9
13400
13914.4
12634.6
13264.1
14992.2
17217.8
16259
14430.9
15084.1
3975.56
3989.82
4004.66
4019.44
4033.83
4047.56
4060.38
4072.13
4083.02
4093.68
4104.59
4116
4128.39
4142.74
4159.37
4177.1
4194.63
4210.82
4224.9
4237.33
4249.14
4260.44
4271.19
4281.35
4292.41
4322.92
4314.47
4306.37
4298.6
4329.5
4342.56
4336.05
4355.37
4349
4367.79
4361.64
4379.57
4373.79
4390.32
4385.1
4399.43
4395.13
4435.55
4424.18
4414.58
4406.62
4404.69
4462.91
4455.51
4440.61
4514.11
4502.41
4471.26
4480.6
4566.68
4552.83
4525.88
4513.62
4640.74
4624.84
4580.94
4595.61
4707.9
4690.44
4658.53
4642.25
4783.47
4754.85
4710.81
4731.08
4979.13
4900.73
4857.6
4817.91
5288.47
5197.48
5114.86
5040.99
5718.22
5600.67
5488.42
5383.22
6167.58
6004.84
5835.75
7068.71
6833.81
6294.82
6487.45
6680.71
7633.48
8353.94
7927.27
7378.48
8801.78
11745.7
12402.1
10462.4
9161.99
9880.15
9461.95
11091.4
13870.7
14469.5
13068.1
13745.1
16130.4
20165
18019.3
15148.3
16079
3977.41
3992.53
4007.74
4022.57
4036.86
4050.36
4062.83
4074.22
4084.83
4095.44
4106.48
4118.43
4132.1
4147.91
4164.97
4182.09
4198.16
4212.38
4224.79
4236.54
4247.88
4258.78
4269.18
4279.07
4291.1
4289.81
4320.88
4312.65
4304.77
4297.18
4327.26
4339.83
4333.59
4352.01
4345.98
4363.64
4357.91
4374.37
4369.14
4383.8
4379.29
4399.79
4394.04
4392.33
4387.8
4427.96
4417.36
4408.63
4401.43
4453.1
4446.43
4432.33
4501.91
4490.86
4460.7
4469.27
4551.72
4538.59
4511.21
4499.86
4626.31
4610.73
4565.22
4579.09
4692.56
4675.29
4638.9
4623.33
4772.11
4733.01
4690.15
4711.01
4975.65
4904.31
4846.02
4807.18
5284.69
5193.83
5111.3
5037.55
5714.63
5597.13
5485.01
5379.88
6163.74
6000.8
7063.89
7628.62
8347.44
7921.64
7373.35
8794.64
12110
11615.3
12829.9
10452.3
9155.89
9871.81
9454.68
11080.2
14426.9
15152.8
13560.3
14298.6
17467.2
23098.7
19816.4
16032.1
17215
3979.84
3995.49
4010.79
4025.51
4039.55
4052.72
4064.82
4075.86
4086.4
4097.13
4108.69
4121.77
4136.83
4153.23
4169.9
4185.8
4200.11
4212.55
4224.2
4235.52
4246.48
4257.02
4267.15
4276.91
4288.56
4287.35
4295.8
4318.88
4310.9
4303.23
4325.07
4337.18
4331.18
4348.8
4343.06
4359.73
4354.37
4369.57
4364.81
4377.86
4373.94
4395.35
4389.95
4388.48
4381.22
4420.55
4410.86
4403.05
4396.62
4443.27
4437.39
4424.25
4489
4478.76
4450.04
4457.74
4534.99
4522.94
4495.66
4485.43
4608.14
4593.39
4547.33
4559.95
4672.06
4655.04
4614.99
4600.3
4732.54
4768.55
4667.74
4697.67
4972.34
4900.72
4842.38
4803.66
5281.47
5190.64
5108.2
5034.52
8341.69
8788.45
12134.9
11602.7
13255
12703.1
10443.3
9864.56
11070.4
15075.3
15950.4
14088.4
14959.2
18798.8
25925.9
21731.7
17015.4
18353.2
3982.78
3998.63
4013.79
4028.23
4041.92
4054.69
4066.4
4077.26
4087.87
4099.1
4111.69
4126.07
4141.83
4158.02
4173.71
4188.05
4200.56
4212.12
4223.37
4234.32
4244.95
4255.21
4265.15
4274.89
4286.19
4285.1
4294.46
4293.19
4301.74
4316.98
4309.23
4322.98
4334.67
4328.89
4345.78
4340.31
4356.08
4351.05
4365.17
4360.81
4372.54
4369.11
4391.14
4386.18
4384.98
4381.51
4377.44
4376.12
4413.45
4404.81
4397.88
4392.17
4433.59
4428.54
4416.46
4475.61
4466.32
4439.46
4446.21
4516.79
4506.15
4479.48
4470.57
4586.27
4572.9
4527.57
4538.52
4649.09
4630.37
4589.83
4573.64
4728.65
4765.24
4665.29
4693.77
4969.38
4897.35
4839.03
4800.35
12123.1
11592
13301.4
12691.4
10435.6
11062
15812.4
16822.2
14639.4
13971.1
15666.2
20100.4
28323.2
23644.4
18015
19421.3
3986.11
4001.85
4016.67
4030.71
4043.97
4056.31
4067.74
4078.57
4089.59
4101.77
4115.58
4130.73
4146.44
4161.86
4176.19
4188.81
4200.28
4211.43
4222.34
4232.98
4243.32
4253.37
4263.23
4273.04
4284.05
4283.08
4291.99
4290.85
4300.32
4298.99
4307.63
4315.17
4321.01
4332.34
4326.74
4343.01
4337.77
4352.76
4348.02
4361.21
4357.17
4367.86
4373.39
4364.79
4387.2
4382.65
4378.51
4374.64
4406.82
4399.22
4393.13
4388.05
4424.23
4420.02
4409.18
4461.96
4453.78
4429.17
4434.93
4497.45
4488.47
4462.9
4455.57
4561.36
4549.73
4506.43
4515.54
4635.18
4607.18
4575.03
4548.49
4725.2
4762.32
4661.24
4690.32
4894.38
4836.07
4797.46
12112.4
11583.1
13289.5
12680.7
16614.3
17716.2
14721.6
13961.1
16419.1
15605
21351.2
30334.7
25382.7
18957.8
20383.5
3989.65
4005.01
4019.37
4032.92
4045.71
4057.72
4069.01
4080.07
4091.95
4105.28
4119.88
4135.12
4150.25
4164.5
4177.24
4188.66
4199.7
4210.55
4221.16
4231.51
4241.62
4251.54
4261.4
4271.32
4282.15
4281.3
4289.79
4288.81
4297.73
4296.55
4306.12
4304.71
4313.44
4319.15
4330.18
4324.74
4340.48
4335.43
4349.8
4345.28
4357.72
4353.96
4370.96
4363.8
4368.58
4361.02
4383.54
4379.45
4375.67
4372.07
4400.74
4394.11
4388.79
4384.24
4415.36
4411.99
4402.52
4448.34
4441.4
4419.38
4424.11
4477.32
4470.17
4446.16
4440.64
4534.88
4524.94
4484.47
4491.81
4630.93
4603.45
4542.66
4570.6
4722.24
4657.72
4687.38
12103.1
13278.1
12671.2
17446.5
18570.9
14708.9
13950.4
17208.4
16338.3
15593
22485.5
31988.7
26918.9
19792.2
21208.2
3993.18
4008
4021.78
4034.82
4047.24
4059.04
4070.38
4082.12
4095.08
4109.22
4124.02
4138.84
4152.99
4165.82
4177.25
4188.18
4198.94
4209.5
4219.83
4229.94
4239.88
4249.73
4259.61
4269.65
4280.47
4279.69
4287.9
4287.05
4295.47
4294.49
4303.4
4302.19
4311.83
4310.34
4317.43
4328.21
4322.9
4338.22
4333.33
4347.19
4342.86
4354.73
4351.17
4361.72
4364.48
4360.59
4366.49
4369.65
4357.81
4380.2
4376.51
4373.01
4395.21
4389.49
4384.8
4380.76
4407.17
4404.64
4396.49
4434.99
4429.4
4410.25
4413.9
4456.68
4451.48
4429.47
4425.98
4511.19
4499.62
4461.99
4467.65
4627.35
4599.37
4505.52
4538.61
4566.99
4654.78
13268
18255.4
19331.1
14696.5
13940.4
17979.7
17100.8
16322.2
15580.7
23467.3
33289.1
28195.8
20483.1
21866.3
3996.48
4010.64
4023.81
4036.45
4048.62
4060.36
4072.18
4084.91
4098.68
4113.11
4127.63
4141.64
4154.52
4166
4176.86
4187.52
4198.01
4208.29
4218.37
4228.29
4238.12
4247.92
4257.83
4267.98
4278.92
4278.2
4286.27
4285.53
4293.59
4292.78
4301.09
4300.11
4308.97
4307.72
4315.86
4326.44
4321.23
4336.23
4331.45
4344.95
4340.75
4352.21
4348.79
4362.72
4360.14
4365.41
4359.01
4367.44
4370.53
4355.16
4377.15
4373.77
4390.23
4385.3
4381.18
4377.61
4399.75
4397.99
4391.07
4422.08
4417.95
4401.9
4404.44
4435.65
4432.6
4412.97
4411.72
4477.13
4438.99
4446.24
4624.41
4595.88
4501.49
4471.44
4535.18
4564.07
19003.5
19956
14685.2
18665.4
17837.4
17078.9
16307.6
15569.4
24278.3
34210.9
29140.1
21004.3
22342.2
3999.28
4012.75
4025.4
4037.82
4049.89
4061.95
4074.64
4088.19
4102.32
4116.59
4130.44
4143.33
4154.89
4165.71
4176.3
4186.7
4196.92
4206.94
4216.81
4226.58
4236.3
4246.07
4256.01
4266.31
4277.47
4276.82
4284.82
4284.15
4292.03
4291.34
4299.23
4298.45
4306.61
4305.63
4314.43
4313.14
4324.87
4319.73
4334.53
4329.82
4343.09
4338.96
4350.19
4346.85
4361.1
4363.58
4358.71
4366.16
4357.64
4368.24
4371.22
4353.06
4356.38
4374.34
4385.77
4381.49
4377.9
4374.72
4393.08
4392
4386.22
4409.74
4407.19
4394.38
4395.85
4414.18
4413.66
4396.83
4397.96
4418.85
4440.41
4592.98
4498.1
4467.46
4532.33
19609.8
20423.8
18720.7
17806.6
17061.1
16294.9
24889.9
34704.5
29682.5
21339.9
22621.5
4001.24
4014.07
4026.51
4038.89
4051.3
4064.15
4077.65
4091.61
4105.68
4119.39
4132.26
4143.9
4154.72
4165.25
4175.58
4185.72
4195.67
4205.47
4215.16
4224.79
4234.41
4244.15
4254.12
4278.7
4264.49
4283.5
4282.87
4290.7
4290.1
4297.75
4297.13
4304.78
4304.05
4312.01
4311.05
4318.42
4323.52
4333.11
4328.43
4341.61
4337.52
4348.68
4345.35
4361.91
4359.64
4364.28
4357.44
4366.75
4368.88
4371.73
4351.53
4355.31
4354.38
4381.74
4378.07
4374.93
4372.06
4387.14
4386.66
4381.89
4398.09
4397.27
4387.69
4388.18
4395.44
4394.11
4381.46
4384.85
4412.78
4436.5
4495.29
4464.1
20072.7
19507.6
20708.5
18690.9
17784.3
17046.8
25256.7
34704.6
29758.7
21474.4
22687.6
4001.95
4014.55
4027.18
4040.05
4053.26
4066.93
4080.9
4094.87
4108.48
4121.32
4133.04
4143.88
4154.37
4164.63
4174.7
4184.57
4194.29
4203.88
4213.4
4222.89
4232.43
4242.12
4252.1
4277.14
4288.38
4287.8
4262.46
4289.53
4288.97
4296.56
4296.05
4303.41
4302.87
4310.23
4309.55
4317.28
4316.33
4322.39
4331.98
4327.3
4340.52
4336.41
4347.66
4344.29
4362.57
4360.41
4358.34
4364.81
4356.34
4367.16
4369.34
4350.57
4353.6
4352.99
4355.4
4378.11
4374.98
4372.21
4369.62
4381.94
4381.94
4378.01
4387.23
4388.26
4381.83
4381.42
4388.71
4378.24
4367.13
4372.44
4408.93
4433.21
4461.33
20351.7
19954.4
19467.5
20785.4
18668.9
17767.9
25305.2
34104.7
29271.1
21393.9
22508.6
4001.4
4014.49
4027.94
4041.78
4055.89
4070.09
4084.11
4097.69
4110.52
4122.3
4133.19
4143.66
4153.87
4163.86
4173.65
4183.27
4192.77
4202.17
4211.51
4220.86
4230.31
4239.95
4249.87
4275.34
4287.15
4286.5
4294.64
4294.15
4260.14
4295.57
4295.11
4302.39
4301.98
4308.99
4308.54
4315.56
4314.95
4321.46
4331.14
4326.41
4339.81
4335.62
4347.14
4343.67
4363.05
4361.03
4359.08
4357.21
4365.18
4367.39
4350.17
4352.52
4352.23
4354.61
4354
4356.26
4374.87
4372.18
4369.71
4377.39
4377.77
4374.58
4377.16
4380.17
4376.77
4375.57
4384.96
4373.77
4366.8
4355.28
4359.58
4405.69
4430.47
20408.7
20223
19910.1
19440.3
20641.1
18652.4
24932
32751.1
28083.2
21086.6
22033.4
4000.23
4014.63
4029.44
4044.36
4059.07
4073.34
4087
4099.85
4111.69
4122.64
4133.12
4143.29
4153.21
4162.92
4172.44
4181.83
4191.1
4200.3
4209.48
4218.69
4228.03
4237.58
4247.37
4273.3
4285.75
4285
4293.64
4293.08
4300.92
4300.56
4257.46
4301.61
4301.27
4308.17
4307.88
4314.47
4314.13
4320.75
4320.21
4330.57
4325.76
4339.46
4335.15
4347.1
4343.46
4363.37
4361.47
4359.66
4357.93
4365.36
4367.44
4350.32
4352.08
4352.1
4353.55
4353.28
4355.47
4354.86
4356.95
4371.97
4369.63
4373.45
4374.12
4371.56
4367.88
4372.96
4372.4
4370.48
4381.77
4370.15
4361.73
4348.68
4350.16
4402.99
20225.6
20273.9
20175.6
19880.7
19421.7
20277.1
24010.7
30381.3
26000.8
20534.4
21199.3
3999.67
4015.9
4032.07
4047.7
4062.51
4076.4
4089.33
4101.23
4112.26
4122.76
4132.9
4142.76
4152.38
4161.81
4171.08
4180.23
4189.28
4198.28
4207.28
4216.35
4225.55
4234.94
4244.53
4286.95
4270.83
4292.44
4291.72
4300.18
4299.74
4307.23
4307.02
4254.38
4307.64
4307.43
4313.88
4313.74
4319.84
4319.62
4325.32
4330.25
4339.44
4334.97
4347.49
4343.63
4363.52
4361.74
4360.06
4358.48
4365.37
4367.3
4350.98
4352.25
4352.58
4353.18
4353.24
4354.42
4354.18
4356.15
4355.54
4357.48
4369.35
4370.03
4370.94
4368.86
4359.53
4366.54
4368.58
4365.96
4379.12
4367.04
4358.04
4342.03
4345.08
4343.88
19811.4
20088.9
20224.7
20144.6
19861
19696.5
22406
26553.3
22775.3
19714.7
19935
4000.77
4018.73
4035.79
4051.51
4065.85
4078.96
4090.95
4102.07
4112.59
4122.71
4132.51
4142.04
4151.37
4160.53
4169.55
4178.45
4187.28
4196.09
4204.91
4213.81
4222.83
4232
4241.33
4284.7
4297.9
4297.11
4267.91
4299.22
4298.61
4306.78
4306.48
4313.56
4313.52
4250.86
4313.65
4313.6
4319.52
4319.54
4325.07
4325
4330.15
4339.72
4335.04
4348.28
4344.14
4363.49
4361.84
4360.29
4358.85
4365.2
4366.97
4352.09
4353.01
4353.64
4353.46
4353.85
4354.11
4354.23
4355.13
4354.91
4356.66
4356.05
4357.82
4366.99
4368.12
4366.41
4352.02
4360.73
4365.13
4361.75
4364.42
4354.91
4338.44
4338.27
4342
4338.58
19193.5
19678.7
20039.6
20192.9
20124.2
18885.3
20035.7
20353.7
18138.8
18612.6
18235.1
4003.97
4023.08
4040.25
4055.35
4068.74
4080.85
4092.07
4102.62
4112.72
4122.46
4131.92
4141.15
4150.19
4159.07
4167.83
4176.5
4185.11
4193.7
4202.33
4211.03
4219.82
4228.72
4237.74
4282
4296.15
4295.11
4305.04
4304.36
4264.49
4306.1
4305.62
4313.45
4313.31
4319.91
4320.06
4246.86
4319.63
4319.76
4325.08
4325.28
4330.25
4340.26
4335.34
4349.42
4344.96
4363.27
4361.76
4360.35
4359.04
4364.82
4355.52
4353.61
4354.38
4355.06
4354.52
4354.98
4354.88
4355.05
4355.64
4355.45
4356.99
4356.36
4357.97
4364.15
4365.54
4364.17
4344.3
4355.12
4361.81
4357.46
4352.3
4335.37
4334.66
4333.78
4339.42
18781.2
18349.1
18842.7
19630.9
20008
20172.2
17858.4
17004.6
11419.8
12854.4
17264.8
16226.4
4009.29
4028.54
4044.88
4058.72
4071.01
4082.32
4092.89
4102.96
4112.65
4122.02
4131.14
4140.06
4148.81
4157.42
4165.93
4174.35
4182.74
4191.12
4199.53
4207.98
4216.49
4225.08
4233.72
4296.75
4278.71
4303.51
4302.49
4312.33
4311.77
4260.53
4313.08
4312.75
4320.18
4320.22
4326.28
4326.66
4242.35
4325.57
4325.91
4330.52
4330.94
4341.03
4335.85
4350.87
4346.05
4362.82
4361.48
4360.21
4359.04
4357.25
4357.49
4358.33
4355.47
4355.6
4356.36
4355.41
4355.96
4355.47
4355.7
4355.96
4355.8
4357.11
4356.47
4357.92
4361.35
4363.11
4362.03
4338.41
4349.35
4358.31
4352.7
4332.8
4331.6
4330.16
4329.91
17966.1
17342.4
18806.1
17780.1
19600.3
19987.4
16674.6
13829
10480.8
10642.2
15764.3
14169
4016.33
4034.36
4048.98
4061.48
4072.85
4083.42
4093.46
4103.07
4112.35
4121.37
4130.17
4138.78
4147.24
4155.58
4163.82
4172.01
4180.16
4188.3
4196.46
4204.63
4212.83
4221.05
4229.25
4293.62
4309
4307.76
4274.8
4311.03
4310.1
4319.76
4319.34
4256
4320.17
4320.03
4326.98
4327.23
4332.67
4333.3
4237.34
4331.46
4332.05
4336.52
4342
4352.55
4347.35
4360.93
4359.84
4358.83
4358.58
4359.83
4360.82
4359.49
4359.77
4357.61
4356.68
4357.55
4356.14
4356.78
4355.86
4356.15
4356.07
4355.93
4357.02
4356.35
4357.64
4358.4
4360.7
4359.94
4333.52
4343.13
4354.4
4347.24
4329.03
4327.09
4326.3
4327.28
16978.5
16227.8
18780.9
17740.5
16832.1
19580.4
15413
11509.8
9897.24
9883.65
14234.6
12389.8
4024.05
4039.56
4052.37
4063.74
4074.27
4084.23
4093.76
4102.94
4111.84
4120.5
4128.98
4137.29
4145.46
4153.53
4161.52
4169.45
4177.35
4185.23
4193.1
4200.97
4208.82
4216.62
4224.32
4309.29
4289.77
4316.89
4315.66
4270.24
4318.72
4317.9
4327.36
4327.08
4250.89
4327.39
4327.45
4333.86
4334.35
4339.08
4339.99
4231.82
4337.3
4338.17
4343.09
4354.4
4348.79
4359.13
4358.35
4359.77
4362.18
4362.49
4363.72
4362.55
4361.09
4361.09
4359.94
4357.6
4358.6
4356.67
4357.42
4356.03
4356.4
4355.94
4355.81
4356.67
4355.95
4357.04
4355.25
4358.21
4357.86
4328.59
4335.55
4350.15
4341.53
4324.53
4323.25
4323.71
4324.04
15898.9
15077.8
18763.5
17714.3
16803.5
15786.9
14143.8
10155.9
9354.88
9287.05
12813.8
10952.1
4030.84
4043.76
4055.05
4065.48
4075.33
4084.74
4093.8
4102.56
4111.09
4119.41
4127.57
4135.58
4143.47
4151.27
4158.99
4166.67
4174.3
4181.9
4189.46
4196.98
4204.44
4211.79
4218.95
4305.55
4322.5
4320.96
4285.18
4324.99
4323.86
4265.03
4326.59
4325.9
4335.13
4335.01
4245.22
4334.75
4335.02
4340.83
4341.59
4345.51
4346.73
4225.82
4344.27
4356.39
4350.35
4357.45
4360.81
4364.09
4365.37
4367.19
4365.72
4364.18
4362.57
4362.29
4362.4
4358.36
4359.5
4357.01
4357.86
4355.97
4356.4
4355.52
4355.4
4355.96
4355.16
4355.95
4351.98
4355.67
4355.88
4329.33
4345.83
4336.21
4320.7
4320.68
4320.35
4319.44
14801.4
13942.5
17696.6
16782.9
15766.5
14720.6
12930
9336.8
8892.82
8835.48
11529
9793.69
4035.91
4046.91
4057.12
4066.8
4076.05
4084.95
4093.56
4101.94
4110.1
4118.1
4125.94
4133.66
4141.27
4148.79
4156.25
4163.65
4170.99
4178.28
4185.51
4192.66
4199.69
4206.54
4213.13
4322.25
4300.94
4331.02
4329.48
4279.85
4333.33
4332.3
4259.19
4334.68
4334.13
4343.08
4343.16
4239.01
4342.26
4342.78
4347.88
4348.96
4351.96
4353.54
4219.38
4358.42
4361.71
4365.89
4370.69
4368.4
4369.53
4371.57
4367.68
4365.72
4363.94
4363.36
4364.91
4358.95
4360.23
4357.12
4358.1
4355.6
4356.12
4354.69
4354.57
4354.7
4353.77
4354.06
4348.81
4353.2
4324.49
4341.84
4331.62
4318.14
4317.27
4315.81
4315.92
13710.4
12857.3
16767.9
15750.5
14707.3
13362.4
11809.7
8796.36
8516.64
8480.11
10365.7
8966.64
4039.48
4049.29
4058.69
4067.71
4076.42
4084.86
4093.06
4101.06
4108.88
4116.55
4124.09
4131.51
4138.84
4146.09
4153.27
4160.38
4167.41
4174.37
4181.24
4187.99
4194.56
4200.89
4206.91
4317.61
4336.61
4334.59
4295.47
4339.83
4338.36
4273.82
4341.94
4341.02
4252.75
4343.01
4342.6
4351.25
4351.55
4232.32
4349.93
4350.71
4355.05
4356.48
4360.41
4212.5
4362.44
4367.6
4374.37
4373.59
4375.73
4371.45
4371.65
4373.84
4369.57
4367.15
4365.18
4364.28
4367.38
4359.33
4360.78
4356.95
4358.09
4354.82
4355.44
4353.21
4353.07
4352.54
4351.4
4350.93
4345.96
4320.2
4338.39
4327.8
4314.71
4312.77
4312.29
4312.47
13245.9
12649.9
11845.3
15737.7
14695.2
13354.5
12215.9
10762.6
8414.56
8196.76
8171.38
9387.42
8437.29
4042.09
4051.07
4059.79
4068.25
4076.47
4084.48
4092.29
4099.93
4107.41
4114.77
4122.01
4129.15
4136.19
4143.16
4150.04
4156.84
4163.56
4170.17
4176.66
4182.98
4189.07
4194.86
4200.29
4335.33
4311.97
4345.78
4343.7
4289.2
4348.95
4347.53
4267.11
4350.84
4350.05
4245.76
4351.58
4351.35
4359.66
4360.2
4225.13
4357.78
4358.85
4362.34
4364.17
4205.19
4362.99
4369.22
4380.33
4378.05
4376.08
4378.36
4374.48
4373.69
4376.08
4371.39
4368.46
4366.3
4365.05
4369.78
4359.49
4361.14
4356.41
4357.73
4353.37
4354.11
4350.72
4350.53
4349.03
4347.6
4343.59
4316.58
4335.58
4324.75
4310.23
4309.25
4308.84
4309.31
12353.8
11714.4
10911.5
14684.6
13345.1
12209.3
11156
9798.55
8110.84
7918.07
7898.99
8646.47
8071.66
4043.99
4052.31
4060.46
4068.43
4076.2
4083.81
4091.25
4098.54
4105.71
4112.76
4119.7
4126.55
4133.31
4139.98
4146.56
4153.05
4159.43
4165.68
4171.76
4177.63
4183.22
4188.47
4193.29
4329.44
4350.87
4348.18
4305.39
4355.28
4353.22
4282.15
4358.4
4357.01
4259.76
4360.08
4359.42
4238.22
4360.46
4360.42
4368.34
4369.15
4217.48
4365.83
4367.23
4372.05
4197.49
4363.34
4370.73
4384.69
4386.04
4383.47
4381.72
4378.52
4380.98
4377.42
4375.65
4378.26
4373.13
4369.66
4367.28
4365.65
4359.36
4361.24
4355.27
4356.83
4350.87
4351.74
4346.72
4346.45
4341.81
4313.64
4333.45
4322.41
4306.72
4305.81
4305.68
4306.56
11484.5
10862.4
10036.9
13335.7
12201.5
11153.3
11079.4
10281.8
8981.16
7849.63
7672.24
7657.41
8130.97
7790.11
4045.31
4053.08
4060.74
4068.26
4075.63
4082.85
4089.95
4096.91
4103.77
4110.51
4117.16
4123.72
4130.19
4136.56
4142.83
4148.99
4155.01
4160.88
4166.54
4171.95
4177.03
4181.74
4185.92
4347.99
4322.47
4360.67
4357.84
4297.93
4365.15
4363.1
4274.38
4368.18
4366.85
4251.81
4369.69
4369.14
4230.17
4369.67
4369.85
4377.33
4378.47
4209.41
4374.11
4375.88
4380.17
4189.46
4363.4
4372.16
4388.51
4389.09
4391.06
4389.1
4386.34
4385.25
4380.92
4383.61
4377.55
4380.39
4374.79
4370.73
4368.12
4366.02
4358.75
4360.96
4353.15
4355.03
4346.81
4347.83
4340.68
4340.27
4311.35
4332.05
4320.82
4303.29
4302.65
4302.93
4304.34
10676.3
10073.3
9241.76
12193.6
11147.4
10277.9
10410.6
9472.92
8334.88
7616.83
7452.87
7440.83
7772.86
7557.35
4046.15
4053.44
4060.66
4067.77
4074.76
4081.63
4088.39
4095.04
4101.59
4108.04
4114.39
4120.66
4126.83
4132.89
4138.84
4144.66
4150.32
4155.79
4161.02
4165.95
4170.53
4174.68
4178.24
4340.52
4364.63
4361.02
4314.51
4370.82
4367.9
4289.67
4375.43
4373.34
4265.95
4378.37
4377.1
4243.32
4379.68
4379.23
4221.7
4379.26
4379.68
4386.7
4388.19
4200.99
4382.67
4384.85
4388.55
4181.14
4362.91
4373.48
4391.83
4393.29
4396.69
4394.57
4392.19
4389.2
4383.29
4386.23
4379.38
4382.47
4376.37
4371.67
4368.79
4365.99
4357.34
4360
4349.51
4351.79
4340.61
4341.75
4331.44
4309.7
4320.02
4300.14
4299.9
4300.7
4302.69
9957.25
9353.28
8563.45
11140.5
10272.2
9471.3
9754.19
9422.96
8823.34
7851.81
7406.57
7255.26
7245.39
7504.71
7353.77
4046.55
4053.42
4060.24
4066.97
4073.6
4080.14
4086.58
4092.92
4099.17
4105.33
4111.39
4117.36
4123.22
4128.97
4134.59
4140.06
4145.35
4150.41
4155.2
4159.66
4163.73
4167.31
4170.28
4359.67
4331.96
4374.9
4371.1
4305.67
4381.34
4378.31
4280.7
4386.11
4383.95
4256.96
4389.01
4387.8
4234.38
4390.08
4389.77
4212.85
4389.29
4389.92
4396.5
4398.38
4192.28
4391.55
4394.21
4397.22
4172.59
4361.47
4374.69
4395.18
4401.61
4401.08
4404.01
4398.16
4395.3
4392.05
4385.62
4388.82
4381.13
4384.48
4377.85
4372.42
4369.17
4365.22
4354.62
4357.89
4343.72
4346.49
4331.69
4332.89
4308.77
4320.11
4297.4
4297.68
4299.05
4301.66
9310.95
8705.7
8010.32
10266.1
9466.85
8820.87
9157.58
8935.59
8226.95
7501.25
7216.19
7077.08
7068.91
7291.11
7170.6
4046.56
4053.05
4059.5
4065.88
4072.17
4078.39
4084.52
4090.56
4096.51
4102.38
4108.15
4113.82
4119.37
4124.8
4130.09
4135.2
4140.11
4144.76
4149.1
4153.09
4156.66
4159.68
4162.08
4350.4
4377.29
4372.66
4322.45
4385.55
4381.59
4296.07
4392.27
4389.12
4271.13
4397.22
4394.98
4247.49
4400.15
4398.95
4225.06
4400.96
4400.81
4203.71
4399.76
4400.62
4406.8
4409.05
4183.33
4400.82
4404.04
4406.28
4163.85
4358.45
4375.77
4398.55
4406.78
4409.55
4404.96
4408.09
4401.79
4398.43
4394.9
4387.91
4391.39
4382.8
4386.45
4379.24
4372.82
4369.02
4363.12
4349.96
4354
4335.11
4338.4
4321.26
4308.63
4295.18
4296.03
4298.02
4301.31
8724.6
8142.92
7575.35
9461.39
8816.53
8225.11
8629.41
8465.97
8198.95
7616.53
7245.12
7043.96
6915.99
6909.13
7110.93
7004.34
4046.22
4052.35
4058.45
4064.5
4070.48
4076.38
4082.21
4087.96
4093.63
4099.2
4104.67
4110.04
4115.28
4120.39
4125.34
4130.09
4134.61
4138.84
4142.75
4146.27
4149.33
4151.81
4153.71
4369.96
4340.08
4387.9
4383
4312.12
4396.6
4392.44
4285.83
4403.64
4400.34
4261.04
4408.79
4406.46
4237.62
4411.79
4410.57
4215.43
4412.41
4412.4
4194.32
4410.73
4411.85
4417.61
4420.25
4174.19
4410.55
4414.36
4415.8
4154.94
4353.17
4376.63
4401.97
4411.12
4414.07
4408.89
4412.26
4405.46
4401.59
4397.76
4390.18
4393.95
4384.36
4388.35
4380.46
4372.5
4367.84
4358.99
4342.64
4347.65
4323.64
4327.38
4309.43
4293.54
4295.01
4297.67
4301.64
8196.98
7676.35
7245.76
8811.63
8221.27
7614.34
8153.12
8024.44
7837.03
7603.44
7137.47
7048.53
6887.5
6769.42
6763.66
6951.03
6852.69
4045.54
4051.34
4057.12
4062.85
4068.52
4074.13
4079.67
4085.13
4090.5
4095.78
4100.96
4106.03
4110.96
4115.74
4120.34
4124.73
4128.85
4132.67
4136.15
4139.21
4141.77
4143.76
4145.18
4390.7
4358.65
4328.89
4398.9
4393.68
4301.11
4408.09
4403.7
4275.06
4415.5
4412.03
4250.56
4420.88
4418.46
4227.44
4423.97
4422.73
4205.54
4424.46
4424.56
4184.72
4422.28
4423.69
4429
4432.1
4164.87
4420.78
4425.21
4424.76
4421.79
4145.91
4345.02
4377.04
4405.42
4415.55
4418.73
4412.9
4416.55
4409.19
4404.79
4400.63
4392.4
4396.49
4385.79
4390.17
4381.44
4370.81
4364.93
4352.09
4332.39
4338.43
4311.28
4314.28
4292.52
4294.66
4298
4302.65
7735.92
7297.06
7005.55
8216.74
7610.68
7134.76
7728.25
7646.1
7505.3
7327.11
7129.48
6832.27
6887.55
6744.77
6635.4
6630.61
6805.51
6714.18
4044.55
4050.04
4055.51
4060.94
4066.32
4071.64
4076.89
4082.06
4087.15
4092.14
4097.02
4101.78
4106.4
4110.85
4115.11
4119.13
4122.86
4126.28
4129.33
4131.93
4134.02
4135.57
4136.51
4378.23
4404.93
4410.49
4404.05
4346.44
4316.98
4410.37
4289.54
4420.06
4415.43
4263.86
4427.89
4424.22
4239.75
4433.56
4431.01
4216.99
4436.76
4435.49
4195.44
4437.17
4437.34
4174.95
4434.52
4436.23
4441.11
4444.73
4155.43
4431.59
4436.72
4429.97
4426.82
4136.77
4334.45
4376.48
4408.92
4420.09
4423.52
4417
4420.94
4412.99
4408.02
4403.51
4394.58
4399.02
4386.9
4391.83
4381.82
4366.88
4359.45
4342.41
4319.48
4327.13
4304.32
4292.18
4295
4299.01
7345.87
7000.65
6825.92
7606.6
7131.01
6829.46
7353.78
7308.84
7211.14
7075.16
6917.96
6634.82
6747.38
6614.22
6512.61
6508.64
6672.52
6587.33
4043.27
4048.46
4053.63
4058.77
4063.86
4068.9
4073.87
4078.76
4083.56
4088.26
4092.85
4097.31
4101.62
4105.74
4109.65
4113.3
4116.65
4119.67
4122.31
4124.46
4126.12
4127.24
4127.74
4398.8
4364.78
4416.54
4421.94
4415.06
4333.5
4304.52
4422.29
4277.55
4432.55
4427.64
4252.35
4440.87
4436.97
4228.68
4446.89
4444.19
4206.34
4450.25
4448.93
4185.18
4450.58
4450.81
4165.07
4447.54
4449.5
4454.07
4458.22
4145.9
4438.65
4441.74
4449.02
4435.41
4432.01
4127.58
4322.91
4374.13
4412.48
4424.76
4428.46
4421.2
4425.44
4416.88
4411.28
4406.42
4396.7
4401.55
4387.24
4393.09
4380.95
4359.84
4350.92
4330.48
4312.01
4317.23
4300.7
4307.36
4292.53
4296.02
7023.45
6781.43
6682.72
7127.1
6825.83
6632.37
7032.04
7006.75
6943.44
6843.02
6720.59
6559.42
6399.47
6620.64
6494.29
6399.86
6396.46
6550.47
6470.54
4041.7
4046.61
4051.5
4056.36
4061.17
4065.93
4070.62
4075.23
4079.75
4084.17
4088.47
4092.63
4096.62
4100.41
4103.97
4107.26
4110.24
4112.87
4115.09
4116.84
4118.1
4118.8
4118.9
4420.23
4383.86
4350.62
4428.48
4433.69
4426.29
4319.99
4291.63
4434.63
4265.25
4445.59
4440.35
4240.6
4454.49
4450.32
4217.42
4460.96
4458.05
4195.54
4464.52
4463.13
4174.81
4464.8
4465.09
4155.11
4461.39
4463.58
4467.98
4472.65
4136.32
4444.5
4447.76
4460.43
4457.36
4441.03
4437.38
4118.35
4314.07
4368.98
4416.11
4429.56
4433.55
4425.52
4430.07
4420.86
4414.61
4409.35
4398.65
4404.04
4386.07
4393.43
4377.87
4350.04
4340.31
4324.28
4310.76
4297.72
4303.68
4293.55
6765.19
6620.36
6560.14
6822.09
6629.03
6395.94
6761.47
6742.85
6699.25
6627.93
6529.89
6409.36
6407.35
6137.8
6504.35
6383.61
6296.15
6292.98
6437.87
6362.57
4039.87
4044.5
4049.11
4053.7
4058.24
4062.72
4067.14
4071.48
4075.72
4079.86
4083.87
4087.73
4091.4
4094.87
4098.09
4101.03
4103.64
4105.9
4107.72
4109.1
4109.97
4110.29
4110.01
4442.5
4403.61
4437.98
4368.25
4335.9
4440.71
4445.8
4306.08
4278.45
4447.34
4252.73
4459.19
4453.52
4228.66
4468.81
4464.3
4206.02
4475.81
4472.66
4184.65
4479.69
4478.17
4164.38
4479.96
4480.31
4145.11
4476.18
4478.6
4477.72
4480.6
4467.31
4488.21
4126.71
4450.56
4454.06
4464.09
4446.84
4442.92
4109.11
4310.45
4319.43
4360.6
4419.82
4434.5
4438.79
4429.96
4434.85
4424.94
4417.98
4412.23
4400.14
4406.34
4382.34
4392.01
4371.7
4338.63
4331.06
4307.17
4295.27
4300.67
6571.28
6494.91
6449.81
6625.55
6392.31
6134.43
6541.67
6518.32
6483.69
6430.19
6356.64
6278.86
6263.43
6145.84
5912.82
6396.84
6281.02
6152.2
6333.63
6262.43
4037.77
4042.14
4046.48
4050.8
4055.07
4059.29
4063.44
4067.51
4071.48
4075.34
4079.06
4082.62
4085.99
4089.14
4092.03
4094.61
4096.88
4098.77
4100.23
4101.25
4101.76
4101.72
4101.11
4424
4449.81
4462.15
4464.94
4455
4386.38
4352.17
4320.81
4453.3
4458.23
4291.89
4265.07
4460.42
4240.06
4473.28
4467.1
4216.62
4483.82
4478.88
4194.56
4491.51
4488.05
4173.71
4495.84
4494.13
4153.93
4496.21
4496.55
4135.1
4492.08
4494.74
4485.4
4474.55
4488.36
4504.9
4117.11
4456.85
4460.59
4471.11
4452.87
4448.66
4099.89
4307.48
4315.72
4324.76
4349.21
4423.63
4439.61
4444.22
4434.55
4439.81
4429.16
4421.33
4414.89
4400.55
4408.09
4375.7
4387.84
4363.19
4329.38
4304.21
4298.22
6431.49
6388.6
6348.24
6388.91
6130.95
5909.11
6377.38
6336.07
6299.7
6255.3
6197.32
6157.72
6125.29
6042.88
5924.64
5765.15
6297.21
6185.63
5987.21
6098.09
6236.95
6169.68
4035.43
4039.53
4043.61
4047.67
4051.68
4055.64
4059.53
4063.34
4067.04
4070.62
4074.06
4077.32
4080.39
4083.22
4085.78
4088.04
4089.97
4091.51
4092.64
4093.32
4093.49
4093.13
4092.21
4444.97
4404.97
4471.03
4474.64
4477.01
4466.46
4368.78
4335.79
4305.5
4466.27
4277.54
4251.58
4473.92
4227.3
4487.86
4481.14
4204.53
4499.48
4494
4183.06
4508.11
4504.22
4162.76
4513.06
4511.09
4143.48
4513.67
4513.95
4125.11
4509.27
4512.14
4482.08
4493.39
4496.49
4505
4517.22
4519.98
4107.55
4463.38
4467.38
4478.43
4459.13
4454.62
4090.71
4305.06
4312.72
4321.16
4343.03
4427.51
4444.92
4449.87
4439.29
4444.94
4433.49
4424.49
4417.03
4399
4408.72
4367.6
4381.13
4354.41
4325.74
4336.32
4301.79
6324.35
6293.24
6254.17
6127.71
5905.53
5762.02
6261.1
6202.87
6153.03
6106.53
6056.82
6041.4
5998.34
5947.32
5844.74
5740.99
5640.3
6204.86
5841.86
5942.62
6017.21
6084.15
6147.41
4032.83
4036.67
4040.5
4044.31
4048.07
4051.78
4055.41
4058.96
4062.4
4065.71
4068.86
4071.84
4074.61
4077.13
4079.38
4081.32
4082.92
4084.15
4084.96
4085.32
4085.18
4084.53
4083.34
4466.3
4423.85
4385.66
4479.63
4484.14
4487.39
4489.32
4478
4350.98
4319.27
4290.1
4263.14
4238.03
4487.87
4214.53
4502.98
4495.67
4192.44
4515.79
4509.71
4171.59
4525.57
4521.11
4151.85
4531.43
4529.05
4133.08
4532.49
4532.62
4115.18
4528.01
4530.96
4489.91
4501.73
4514.05
4526.76
4529.51
4098.04
4470.19
4474.46
4486.05
4465.64
4460.81
4081.6
4310.29
4318.21
4431.41
4450.42
4455.72
4444.2
4450.26
4437.94
4427.17
4418.07
4394.68
4407.27
4359.98
4372.5
4351.03
4322.78
4332.65
4345.96
6233.45
6205.33
6166.81
5902.27
5758.82
5636.31
6171.03
6108.33
6047.77
5992
5940.19
5930.89
5886.93
5854.89
5772.6
5651.13
5684.74
5494.77
6119.13
5714.85
5831.93
5930.89
6004.84
6064.46
4030
4033.58
4037.17
4040.73
4044.25
4047.71
4051.09
4054.39
4057.57
4060.61
4063.49
4066.19
4068.67
4070.89
4072.83
4074.47
4075.77
4076.7
4077.21
4077.27
4076.86
4075.94
4074.51
4487.66
4442.8
4489.82
4402.6
4366.25
4493.37
4497.58
4500.44
4501.8
4333.12
4302.73
4274.71
4248.74
4224.51
4502.25
4201.79
4518.68
4510.72
4180.4
4532.81
4526.08
4160.18
4543.87
4538.78
4141.01
4550.93
4547.97
4122.76
4552.73
4552.58
4105.32
4548.26
4551.33
4498.07
4510.53
4523.52
4536.72
4539.53
4088.62
4477.29
4481.83
4494
4472.43
4467.27
4072.56
4315.8
4435.2
4456.13
4461.82
4449.27
4455.8
4442.47
4428.8
4417.12
4388.59
4403.39
4353.44
4368.56
4320.36
4329.68
4342.25
6151.28
6123.23
6085.22
5755.89
5632.8
5490.97
6092.97
6032.55
5971.71
5911.89
5854.16
5830.31
5798.41
5767.65
5699.72
5596.33
5626.61
5509.13
5393.6
6039.18
5707.44
5602.66
5782.59
5846.11
5914.64
5987.13
4026.93
4030.27
4033.62
4036.95
4040.23
4043.45
4046.59
4049.63
4052.55
4055.34
4057.95
4060.37
4062.57
4064.5
4066.16
4067.52
4068.54
4069.19
4069.41
4069.2
4068.54
4067.39
4065.76
4508.82
4461.6
4501.46
4513.33
4419.42
4381.42
4346.9
4507.5
4511.38
4513.69
4514.29
4315.32
4286.27
4259.41
4234.43
4211.07
4517.1
4189.14
4535
4526.3
4168.45
4550.61
4543.13
4148.87
4563.14
4557.32
4130.26
4571.57
4567.94
4112.53
4574.49
4573.83
4095.57
4563.89
4565.9
4550.11
4573.51
4506.63
4519.83
4533.41
4547.19
4079.3
4484.7
4489.54
4502.33
4479.52
4474.01
4063.63
4438.54
4462.11
4468.19
4454.45
4461.56
4446.9
4428.55
4414.13
4382.11
4398.51
4361.85
4349.82
4327.28
4339.26
6074.55
6046.03
6008.63
5629.74
5487.57
5389.85
6021.59
5965.69
5908.23
5850.52
5792.45
5744.41
5735.07
5689.03
5631.3
5550.57
5569.95
5469.53
5391.58
5327.8
5964.27
5685.46
5597.22
5502.56
5765.9
5827.95
5894.02
4023.64
4026.74
4029.87
4032.96
4036.01
4038.99
4041.89
4044.69
4047.37
4049.9
4052.25
4054.41
4056.33
4057.99
4059.38
4060.48
4061.24
4061.61
4061.58
4061.13
4060.24
4058.89
4057.09
4529.47
4480
4524.95
4536.77
4435.94
4526.86
4396.35
4360.47
4327.73
4522.07
4525.44
4527.01
4297.7
4269.98
4244.25
4220.25
4197.77
4532.46
4176.61
4551.96
4542.45
4156.62
4569.23
4560.91
4137.67
4583.46
4576.79
4119.64
4593.52
4589.09
4102.43
4597.91
4596.54
4085.94
4575.44
4561.32
4577.32
4597.38
4515.69
4529.6
4543.77
4558.3
4070.09
4492.47
4497.61
4511.09
4486.94
4481.07
4054.82
4440.86
4468.35
4474.86
4459.64
4467.51
4450.97
4426.55
4410.45
4380.12
4393.68
4374.06
4358.17
4346.88
4336.85
6002.22
5973.36
5936.69
5484.64
5386.51
5324.27
5954.63
5903.99
5851.08
5796.88
5741.92
5679.75
5687.3
5625.78
5572.02
5505.46
5517.74
5438.86
5321.91
5371.21
5247.47
5652.53
5579.84
5498.66
5412.59
5746.36
5805.91
5869.23
4020.14
4023.01
4025.91
4028.78
4031.6
4034.36
4037.03
4039.59
4042.02
4044.3
4046.41
4048.31
4049.97
4051.37
4052.52
4053.37
4053.87
4054
4053.74
4053.07
4051.98
4050.46
4048.51
4549.14
4497.73
4548.25
4559.84
4451.95
4539.41
4552.01
4410.87
4540.42
4373.71
4339.86
4308.87
4536.98
4539.63
4280.34
4253.9
4229.29
4206.26
4184.63
4548.24
4164.25
4569.57
4559.14
4144.96
4588.75
4579.47
4126.63
4604.94
4597.28
4109.17
4616.97
4611.57
4092.47
4623.3
4620.95
4076.44
4572.99
4587.59
4589.41
4602.17
4616.63
4617.16
4525.25
4539.81
4554.73
4569.98
4061.02
4500.62
4506.07
4520.37
4494.74
4488.46
4046.13
4441.48
4474.85
4481.82
4464.62
4473.56
4454.23
4423.94
4406.82
4392.98
4370.36
4387.16
4355.2
4344.48
5934.1
5905.06
5383.67
5321.1
5243.31
5891.4
5845.64
5797.43
5747.58
5696.6
5633
5645.14
5579.34
5526.7
5462.02
5475.53
5404.57
5259.69
5304.57
5346.04
5171.76
5644.58
5723.04
5552.18
5595.8
5484.69
5409.96
5331.38
5780.35
5840.86
4016.43
4019.07
4021.76
4024.42
4027.02
4029.55
4031.99
4034.32
4036.52
4038.57
4040.43
4042.08
4043.49
4044.67
4045.6
4046.2
4046.46
4046.37
4045.9
4045.04
4043.78
4042.12
4040.05
4567.09
4514.37
4570.89
4581.88
4467.17
4564.51
4576.93
4424.77
4553.89
4567.4
4386.45
4553.94
4351.59
4319.7
4290.39
4552.07
4263.29
4238.09
4214.55
4192.49
4171.71
4564.29
4152.08
4587.7
4576.2
4133.47
4609.12
4598.72
4115.77
4627.64
4618.81
4098.86
4642.01
4635.44
4082.67
4630.45
4650.51
4647.12
4067.1
4585.21
4600.46
4615.56
4630.21
4535.3
4550.6
4566.34
4582.21
4052.1
4509.21
4515.01
4530.2
4502.95
4496.24
4037.59
4440.58
4481.6
4489.13
4469.01
4479.54
4456.05
4421.41
4407.06
4367.39
4383.47
4401.38
4352.8
5869.84
5318.37
5239.91
5167.87
5831.34
5789.9
5746.04
5700.51
5653.74
5593.74
5605.96
5542.84
5492.71
5424.27
5443.37
5372.7
5237.89
5287.42
5320.97
5176.2
5121.44
5696.76
5618.51
5514.78
5461.72
5571.41
5398.81
5329.79
5257.71
5751.48
5809.06
4012.53
4014.95
4017.43
4019.87
4022.26
4024.58
4026.8
4028.91
4030.88
4032.7
4034.33
4035.74
4036.93
4037.91
4038.6
4038.98
4039.03
4038.74
4038.08
4037.06
4035.65
4033.87
4031.72
4582.69
4529.33
4592.09
4601.98
4481.25
4589.07
4600.92
4437.83
4580.91
4594.33
4398.52
4568.36
4582.88
4362.77
4567.35
4330.08
4300.06
4272.33
4246.58
4222.57
4200.09
4178.96
4159.02
4580.58
4140.13
4606.24
4593.58
4122.19
4630.17
4618.48
4105.09
4651.38
4641.19
4088.74
4668.56
4660.58
4073.04
4644.4
4679.82
4659.03
4675.09
4057.93
4598.14
4613.97
4629.41
4644.46
4545.91
4562.09
4578.56
4595.15
4043.33
4518.35
4524.54
4540.6
4511.66
4504.46
4029.2
4439.22
4488.58
4496.8
4472.34
4485.23
4456.56
4422.61
4364.99
4380.49
4397.67
4416.94
5237.07
5164.59
5117.71
5774.15
5736.56
5696.7
5655.16
5612.27
5557.81
5568.2
5509.85
5462.62
5394.46
5416.23
5346.19
5229.71
5269.14
5298.75
5121.53
5173.1
5059.59
5667.95
5590.09
5430.43
5461.55
5502.27
5379.85
5545.29
5320.96
5256.96
5190.51
5719.74
4008.43
4010.65
4012.92
4015.16
4017.34
4019.45
4021.46
4023.35
4025.11
4026.71
4028.12
4029.31
4030.3
4031.07
4031.55
4031.73
4031.58
4031.11
4030.3
4029.13
4027.61
4025.73
4023.52
4595.48
4542.09
4610.92
4619.42
4493.71
4612.23
4622.97
4449.73
4607.55
4620.45
4409.71
4597.46
4611.99
4373.23
4582.79
4598.4
4339.86
4309.22
4280.95
4254.71
4230.26
4207.4
4185.94
4165.71
4146.58
4597.12
4128.43
4625.17
4611.27
4111.14
4651.79
4638.72
4094.63
4676
4664.28
4078.81
4696.47
4686.8
4063.6
4690.09
4704.6
4674.19
4702.15
4659.39
4704.8
4048.94
4611.76
4628.03
4643.93
4557.22
4574.26
4591.46
4608.83
4034.74
4528.09
4534.65
4551.65
4520.95
4513.22
4020.97
4437.91
4495.72
4504.85
4474.72
4490.35
4456.84
4378.1
4394.69
4413.22
4434.11
5161.88
5114.56
5055.41
5685.56
5649.28
5611.33
5571.88
5523.58
5531.3
5478.89
5434.49
5370.15
5390.55
5324.44
5217.68
5251.69
5279.73
5118.1
5071.58
5166.93
5000.24
5636.8
5559.77
5391.89
5353.55
5437.73
5476.76
5305.3
5517.42
5249.98
5190.42
5128.88
4004.15
4006.17
4008.25
4010.29
4012.27
4014.17
4015.98
4017.67
4019.22
4020.61
4021.8
4022.8
4023.62
4024.18
4024.46
4024.45
4024.14
4023.51
4022.56
4021.27
4019.66
4017.72
4015.46
4604.79
4552.28
4626.9
4633.83
4504.12
4632.99
4642.31
4460.08
4632.86
4644.65
4419.75
4626.35
4640.42
4382.79
4614.11
4629.85
4348.9
4613.88
4317.77
4289.04
4262.39
4237.56
4214.36
4192.6
4172.11
4152.76
4134.42
4116.97
4644.5
4629.28
4100.33
4674.05
4659.47
4084.4
4701.57
4688.14
4069.1
4725.73
4714.17
4054.37
4706.57
4691.18
4720.94
4674.94
4717.91
4659.17
4735.99
4040.13
4625.99
4642.78
4569.24
4587.08
4605.17
4623.23
4026.33
4538.44
4545.38
4563.43
4530.84
4522.52
4012.91
4440.03
4502.9
4513.29
4477.24
4495.08
4457.05
4392.29
4410.23
4430.38
4449.18
5111.92
5052.08
4996.19
5603.69
5568.92
5532.6
5490.18
5495.25
5448.77
5407.33
5347.02
5366.09
5304.12
5205.29
5235.75
5262.08
5062.32
5117.27
5159.56
5012.14
4957.23
5527.8
5348.8
5321.06
5283.07
5413.19
5449.78
5236.94
5488.01
5184.86
5129.3
5072.08
3999.7
4001.52
4003.41
4005.26
4007.05
4008.76
4010.37
4011.87
4013.22
4014.41
4015.41
4016.25
4016.88
4017.25
4017.35
4017.18
4016.71
4015.95
4014.88
4013.5
4011.81
4009.83
4007.57
4610.64
4559.45
4639.56
4644.54
4512.17
4650.79
4658.47
4468.53
4655.73
4666.06
4428.3
4654.01
4666.98
4391.23
4645.46
4660.79
4357.04
4630.84
4647.87
4325.56
4296.5
4269.52
4244.39
4220.91
4198.89
4178.18
4158.63
4140.13
4122.55
4105.79
4664.22
4647.56
4089.77
4696.96
4680.72
4074.4
4728.13
4712.81
4059.62
4756.43
4742.74
4045.35
4723.49
4708.08
4691.68
4737.81
4675.06
4734.15
4658.29
4768.97
4751.1
4031.53
4640.94
4581.95
4600.77
4619.69
4638.36
4018.11
4549.51
4556.85
4575.96
4541.39
4532.38
4005.03
4510.02
4522.09
4480.98
4500.2
4461.44
4407.83
4427.39
4445.47
4464.81
5049.37
4992.93
4953.18
5494.44
5457.38
5460.1
5419.03
5380.46
5325.07
5341.92
5284.41
5193.06
5220.87
5244.47
5069.14
5114.57
5151.32
4967.07
5022.81
4915.49
5283.88
5386.99
5298.21
5328.53
5255.37
5218.14
5421.61
5173.91
5457.4
5124.87
5072.88
5019.53
3995.08
3996.71
3998.42
4000.08
4001.69
4003.22
4004.65
4005.96
4007.13
4008.13
4008.97
4009.64
4010.09
4010.29
4010.23
4009.91
4009.32
4008.43
4007.27
4005.81
4004.08
4002.08
3999.83
4662.69
4611.88
4563.32
4517.53
4665.08
4670.5
4474.81
4675.56
4684.18
4435.09
4679.23
4690.69
4398.26
4675.69
4689.97
4364.1
4664.83
4681.54
4332.47
4666.01
4303.2
4276.01
4250.67
4226.98
4204.76
4183.87
4164.17
4145.52
4127.83
4110.98
4094.89
4684.19
4079.48
4720.37
4702.35
4064.66
4755.55
4738.15
4050.37
4788.49
4772.4
4036.55
4725.51
4740.94
4709.02
4691.53
4755.26
4674.52
4656.69
4803.6
4768.34
4786.37
4023.14
4595.52
4615.33
4634.97
4654.32
4010.08
4561.41
4569.12
4589.35
4552.76
4542.84
3997.34
4517.21
4531.21
4485.79
4506.24
4469
4424.98
4442.49
4461.04
4482.43
4990.29
4949.94
4911.42
5425.1
5425.85
5389.54
5353.64
5303.45
5317.62
5265.15
5180.74
5205.55
5227.45
5070.78
5110.22
5141.67
4924.17
4978.5
5028.29
4875.29
5223.46
5242.4
5360.03
5273.85
5302.68
5194.49
5158
5392.48
5115.68
5069.38
5020.66
4970.73
3990.3
3991.75
3993.28
3994.77
3996.2
3997.56
3998.81
3999.95
4000.94
4001.78
4002.47
4002.98
4003.26
4003.31
4003.12
4002.67
4001.96
4000.98
3999.74
3998.23
3996.48
3994.48
3992.26
4665.15
4703
4706.7
4608.44
4563.39
4519.91
4478.67
4691.7
4697.96
4439.9
4701.3
4710.98
4403.65
4703.51
4716.25
4369.83
4697.87
4713.61
4338.33
4684.43
4702.64
4309.03
4281.76
4256.3
4232.49
4210.14
4189.13
4169.31
4150.57
4132.79
4115.88
4099.74
4084.29
4704.23
4069.45
4744.07
4724.13
4055.16
4783.58
4763.92
4041.36
4821.63
4802.88
4027.97
4726.96
4743.54
4758.98
4709.32
4690.65
4773.21
4673.23
4839.62
4804.58
4823.54
4791.79
4014.95
4610.04
4630.72
4651.14
4671.17
4002.26
4574.2
4582.26
4603.75
4564.98
4553.97
3989.83
4524.82
4540.79
4494.12
4513.58
4440.1
4458.03
4478.68
4500.83
4947.34
4908.2
4871.23
5393.45
5360.43
5327
5281.51
5293.28
5245.58
5167.66
5190.56
5210.2
5070.13
5103.46
5130.86
4883.59
4936.48
4987.17
5031.09
4837.1
5187.81
5167.05
5198.32
5332.18
5249.46
5276.22
5137.88
5102.21
5362.47
5061.73
5017.95
4972.13
4925.23
3985.36
3986.64
3988.01
3989.33
3990.6
3991.79
3992.88
3993.86
3994.69
3995.38
3995.93
3996.28
3996.42
3996.33
3996.01
3995.45
3994.65
3993.6
3992.3
3990.77
3989
3987.03
3984.86
4662.3
4708.63
4709.13
4732.45
4736.74
4559.44
4519
4479.85
4442.52
4719.49
4726.65
4407.22
4728.11
4738.96
4374.03
4728.6
4742.77
4342.93
4720.54
4737.91
4313.85
4724.1
4286.65
4261.2
4237.36
4214.97
4193.89
4174.02
4155.22
4137.39
4120.44
4104.28
4088.82
4073.99
4059.72
4767.79
4745.84
4045.94
4811.92
4789.85
4032.59
4855.51
4833.86
4019.63
4745.56
4727.76
4762.21
4777.58
4708.9
4688.98
4876.65
4842.53
4862.27
4810.84
4830.41
4796.81
4006.99
4625.51
4647.07
4668.29
3994.63
4588.03
4596.46
4619.22
4578.02
4565.8
3982.52
4533.31
4550.96
4504.47
4522
4455.62
4475.68
4497.06
4521.91
4905.59
4868
4833.05
5331.82
5300.66
5259.39
5269.03
5225.72
5154.43
5175.38
5192.54
5066.21
5094.95
5119.27
4845.42
4896.92
4947.74
4993.03
5030.04
4800.74
5149.12
5136.19
5114.23
5223.73
5152.18
5174.76
5303.71
5249.02
5085.09
5050.39
5011.6
4970.14
4926.83
4882.7
3980.28
3981.39
3982.6
3983.77
3984.89
3985.93
3986.87
3987.69
3988.38
3988.95
3989.35
3989.56
3989.56
3989.36
3988.93
3988.28
3987.4
3986.29
3984.96
3983.41
3981.67
3979.73
3977.64
4707.96
4705.32
4739.29
4740.16
4763.42
4768.43
4514.62
4478.15
4442.74
4408.81
4748.57
4756.74
4376.57
4756.05
4768.23
4346.12
4754.5
4770.28
4317.48
4743.73
4762.87
4290.57
4265.27
4241.5
4219.16
4198.1
4178.23
4159.42
4141.59
4124.64
4108.49
4093.04
4078.24
4064
4050.27
4791.43
4767.38
4036.98
4840.42
4815.8
4024.08
4889.91
4865.18
4011.52
4746.92
4764.86
4727.85
4781.46
4707.68
4686.46
4914.44
4881.89
4902.15
4850.35
4870.77
4816.6
4836.93
4801.36
3999.25
4642
4664.5
3987.22
4603
4611.82
4635.81
4592.02
4578.42
3975.4
4542.87
4561.94
4533.73
4473.27
4494.04
4518.11
4544.05
4865.43
4829.85
4796.7
5274.63
5237.27
5244.99
5205.74
5141.06
5159.7
5174.54
5059.8
5085
5107.47
4809.32
4859.74
4910.25
4956.2
4994.76
5025.61
4766.43
5108.1
5102.43
5087.37
5064.69
5197.92
5129.1
5150.41
5221.32
5035.78
5002.08
4964.95
4925.48
4884.47
4842.79
3975.07
3976.02
3977.08
3978.11
3979.08
3979.98
3980.78
3981.46
3982.03
3982.47
3982.74
3982.82
3982.71
3982.4
3981.88
3981.15
3980.21
3979.07
3977.72
3976.19
3974.47
3972.6
3970.6
4739.28
4736.75
4771.62
4772.94
4796.06
4801.91
4473.44
4440.4
4408.23
4377.28
4779.06
4788.38
4347.76
4785.16
4798.85
4319.8
4781.25
4798.8
4293.37
4788.48
4268.4
4244.85
4222.64
4201.69
4181.88
4163.13
4145.35
4128.44
4112.32
4096.92
4082.17
4067.99
4054.33
4041.12
4814.7
4028.3
4868.78
4841.49
4015.83
4924.51
4896.5
4003.66
4766.86
4747.58
4784.78
4727.16
4705.59
4683
4952.56
4922.19
4942.96
4891.45
4912.44
4857.73
4878.99
4821.89
4843.01
4805.36
3991.74
4659.64
3980.02
4619.03
4628.33
4653.59
4607.06
4592.06
3968.48
4553.88
4574.09
4547.3
4491.62
4515.09
4540.25
4570.24
4827.28
4793.51
4762.4
5215.24
5185.72
5127.13
5143.54
5156.34
5051.54
5074.72
5095.13
4775.34
4824.71
4874.71
4920.79
4960.35
4992.4
5019.06
4734.31
5066.4
5066.54
5057.82
5041.23
5018.12
5171.86
5106.5
5126.07
5193.45
4989.58
4956.92
4921.32
4883.67
4844.78
4805.32
3969.72
3970.52
3971.45
3972.35
3973.19
3973.95
3974.62
3975.19
3975.64
3975.96
3976.1
3976.08
3975.87
3975.47
3974.87
3974.09
3973.11
3971.94
3970.6
3969.09
3967.43
3965.64
3963.74
4772.4
4770.03
4805.79
4807.65
4830.5
4837.31
4435.42
4405.37
4376.05
4347.75
4811.05
4821.68
4320.69
4815.45
4830.84
4294.94
4808.83
4828.37
4270.49
4247.3
4225.35
4204.59
4184.93
4166.3
4148.61
4131.78
4115.75
4100.43
4085.76
4071.66
4058.09
4044.97
4032.26
4837.26
4019.9
4896.61
4866.52
4007.85
4959.04
4927.47
3996.04
4768.16
4787.46
4747.49
4725.61
4702.52
4678.43
4991.16
4963.32
4984.29
4933.64
4955.23
4900.62
4922.54
4864.67
4886.82
4826.66
4848.6
4808.76
3984.46
3973.04
4636.18
4646.04
4672.6
4623.22
4606.95
3961.75
4566.26
4587.69
4512.66
4537.22
4566.4
4582.49
4591.22
4790.97
4759.23
4730.31
5165.77
5112.71
5127.03
5138.07
5042.72
5063.93
5082.33
4743.61
4791.76
4841.06
4886.91
4927.01
4960.03
4987.58
5011.57
4704.37
5023.71
5029.34
5083.01
5026.24
5015.28
4997.62
4974.25
5145.87
5101.42
4946.18
4914.59
4880.42
4844.49
4807.49
3964.24
3964.92
3965.72
3966.5
3967.22
3967.86
3968.42
3968.88
3969.22
3969.42
3969.46
3969.34
3969.04
3968.57
3967.92
3967.09
3966.08
3964.92
3963.59
3962.12
3960.53
3958.84
3957.06
4841.99
4866.87
4874.8
4400.16
4372.77
4345.96
4320.06
4844.62
4856.72
4295.19
4847
4864.31
4271.41
4859.03
4248.75
4227.2
4206.73
4187.31
4168.86
4151.33
4134.64
4118.73
4103.53
4088.97
4074.99
4061.53
4048.53
4035.95
4023.71
4011.79
4923.81
4890.82
4000.13
4993.14
4957.94
3988.68
4789.46
4768.71
4746.55
4723.06
4698.34
4976.83
4998.56
4944.77
4967.38
4909.41
4932.32
4871.14
4894.23
4830.85
4853.65
4811.51
3977.41
3966.27
4654.61
4665.01
4692.84
4640.73
4623.44
3955.23
4603.38
4534.79
4563.35
4587.34
4601.95
4612.44
4756.69
4727.15
4700.39
5097.89
5110.35
5119.76
5033.43
5052.65
5069.1
4714.2
4761
4809.27
4854.62
4894.84
4928.46
4956.83
4981.36
5003.6
4676.32
5036.03
5059.86
4987.39
4974.76
4956.31
4932.82
5076.67
4905.35
3958.65
3959.21
3959.91
3960.58
3961.19
3961.72
3962.19
3962.54
3962.78
3962.87
3962.82
3962.61
3962.25
3961.71
3961.02
3960.16
3959.15
3957.99
3956.7
3955.3
3953.79
3952.21
3950.57
4367.39
4342.33
4317.81
4294.04
4879.91
4893.7
4271.12
4879.88
4899.39
4249.13
4228.11
4208.05
4188.95
4170.78
4153.47
4136.97
4121.23
4106.19
4091.77
4077.94
4064.62
4051.77
4039.33
4027.24
4015.47
4003.96
4950.02
4914.19
3992.67
3981.56
4790.71
4768.41
4744.66
4719.41
4990.12
5012.98
4955.61
4979.32
4917.8
4941.73
4877.09
4901.14
4834.42
4858.1
4813.55
3970.59
3959.72
4674.36
4685.25
4714.34
4659.68
4641.72
4621.4
4560.91
4584.27
4608.44
4622.49
4641.32
4724.63
4697.25
4672.39
5082.78
5093.56
5023.57
5040.89
5055.51
4687.07
4732.55
4779.43
4823.93
4863.86
4897.81
4926.69
4951.89
4974.57
4995.02
5051.84
4936.17
4917.11
3952.94
3953.42
3954.03
3954.59
3955.1
3955.55
3955.91
3956.17
3956.31
3956.32
3956.19
3955.91
3955.48
3954.91
3954.18
3953.31
3952.31
3951.18
3949.94
3948.61
3947.2
3945.74
4336.82
4313.89
4291.42
4269.52
4248.36
4228
4208.48
4189.82
4171.99
4154.97
4138.73
4123.21
4108.37
4094.14
4080.48
4067.34
4054.65
4042.38
4030.47
4018.87
4007.53
3996.42
3985.49
3974.7
4791.14
4767.22
4741.66
5003.25
5027.38
4966.11
4990.97
4925.72
4950.72
4882.48
4907.51
4837.31
4861.9
4814.83
3964.01
4695.46
4706.79
4737.04
4680.09
4661.58
4641.17
4581.82
4605.32
4637.44
4642.77
4694.75
4669.29
5067.44
5013.16
5028.69
5041.59
4662.44
4706.57
4751.57
4794.88
4834.19
4868.14
4897.34
4923.01
4946.24
4967.2
4985.88
3947.17
3947.56
3948.08
3948.55
3948.98
3949.35
3949.61
3949.78
3949.84
3949.77
3949.57
3949.24
3948.76
3948.15
3947.41
3946.54
3945.56
3944.48
3943.3
3942.06
3940.77
4308.27
4287.25
4266.57
4246.39
4226.82
4207.96
4189.83
4172.44
4155.8
4139.87
4124.63
4110.03
4096.04
4082.59
4069.65
4057.16
4045.08
4033.37
4021.96
4010.82
3999.91
3989.17
3978.58
3968.09
4790.71
4764.93
5016.13
4976.22
5002.27
4933.14
4959.23
4887.25
4913.3
4839.5
4865.04
4815.27
4717.89
4729.55
4760.86
4702
4682.97
4602.84
4634.35
4666.8
4725.76
4767.51
4805.94
4839.48
4868.82
4894.86
4918.47
4939.99
3941.34
3941.65
3942.08
3942.47
3942.83
3943.1
3943.29
3943.39
3943.37
3943.24
3942.98
3942.6
3942.09
3941.46
3940.72
3939.87
3938.92
3937.89
3936.79
3935.66
4281.56
4262.22
4243.16
4224.53
4206.43
4188.94
4172.09
4155.89
4140.36
4125.45
4111.15
4097.43
4084.23
4071.53
4059.27
4047.41
4035.91
4024.72
4013.8
4003.11
3992.59
3982.21
3971.94
4789.21
4891.38
4840.91
4867.48
4814.61
4741.84
4753.58
4785.85
4631.88
4779.07
4812.03
4841.19
3935.45
3935.68
3936.03
3936.36
3936.64
3936.84
3936.96
3936.98
3936.9
3936.72
3936.41
3936
3935.47
3934.84
3934.1
3933.28
3932.37
3931.41
3930.42
4256.46
4238.64
4221.07
4203.85
4187.1
4170.88
4155.22
4140.14
4125.63
4111.69
4098.28
4085.38
4072.95
4060.95
4049.34
4038.09
4027.14
4016.46
4006
3995.72
3985.58
3975.55
3929.51
3929.66
3929.96
3930.23
3930.43
3930.56
3930.62
3930.58
3930.45
3930.22
3929.88
3929.44
3928.91
3928.28
3927.56
3926.78
3925.93
3925.07
4232.83
4216.4
4200.19
4184.28
4168.78
4153.73
4139.18
4125.14
4111.6
4098.57
4086
4073.88
4062.17
4050.85
4039.86
4029.18
4018.76
4008.56
3998.54
3988.66
3978.88
3923.52
3923.61
3923.86
3924.06
3924.2
3924.28
3924.28
3924.19
3924.02
3923.75
3923.39
3922.94
3922.4
3921.79
3921.11
3920.37
3919.63
4210.56
4195.41
4180.45
4165.75
4151.4
4137.45
4123.93
4110.87
4098.25
4086.06
4074.29
4062.91
4051.9
4041.22
4030.83
4020.69
4010.78
4001.04
3991.44
3981.93
3917.49
3917.54
3917.73
3917.88
3917.96
3917.99
3917.95
3917.82
3917.61
3917.32
3916.94
3916.49
3915.97
3915.38
3914.74
3914.1
4189.54
4175.58
4161.77
4148.19
4134.92
4121.99
4109.45
4097.3
4085.54
4074.16
4063.15
4052.48
4042.13
4032.05
4022.23
4012.62
4003.18
3993.88
3984.68
3911.43
3911.45
3911.59
3911.68
3911.72
3911.71
3911.62
3911.47
3911.23
3910.92
3910.54
3910.1
3909.59
3909.04
3908.5
4169.68
4156.82
4144.09
4131.56
4119.29
4107.32
4095.69
4084.4
4073.46
4062.86
4052.56
4042.57
4032.84
4023.36
4014.07
4004.96
3995.98
3987.1
3905.36
3905.33
3905.43
3905.47
3905.49
3905.44
3905.32
3905.14
3904.89
3904.57
3904.2
3903.76
3903.29
3902.83
4150.91
4139.07
4127.35
4115.79
4104.46
4093.4
4082.63
4072.17
4062
4052.12
4042.52
4033.17
4024.04
4015.12
4006.35
3997.72
3989.18
3899.27
3899.21
3899.26
3899.28
3899.26
3899.18
3899.04
3898.84
3898.58
3898.26
3897.9
3897.49
3897.11
4133.15
4122.27
4111.49
4100.85
4090.41
4080.21
4070.26
4060.57
4051.14
4041.96
4033.01
4024.27
4015.72
4007.33
3999.06
3990.88
3893.16
3893.07
3893.09
3893.09
3893.04
3892.93
3892.78
3892.57
3892.31
3892
3891.65
3891.34
4116.35
4106.37
4096.48
4086.71
4077.11
4067.71
4058.53
4049.59
4040.86
4032.35
4024.03
4015.88
4007.88
4000
3992.2
3887.05
3886.93
3886.93
3886.91
3886.84
3886.71
3886.55
3886.33
3886.08
3885.79
3885.54
4100.44
4091.32
4082.26
4073.32
4064.51
4055.89
4047.45
4039.21
4031.16
4023.28
4015.56
4007.98
4000.51
3993.12
3880.93
3880.8
3880.79
3880.74
3880.65
3880.52
3880.35
3880.14
3879.89
3879.7
4085.39
4077.07
4068.82
4060.65
4052.61
4044.72
4036.99
4029.42
4022.02
4014.75
4007.61
4000.57
3993.61
3874.82
3874.68
3874.65
3874.59
3874.49
3874.35
3874.18
3873.98
3873.83
4071.16
4063.61
4056.11
4048.69
4041.37
4034.18
4027.13
4020.22
4013.43
4006.75
4000.17
3993.65
3868.71
3868.58
3868.53
3868.46
3868.35
3868.21
3868.05
3867.94
4057.69
4050.88
4044.11
4037.4
4030.78
4024.27
4017.87
4011.58
4005.39
3999.28
3993.23
3862.61
3862.48
3862.43
3862.34
3862.24
3862.1
3862.04
4044.97
4038.86
4032.79
4026.77
4020.82
4014.96
4009.19
4003.51
3997.89
3992.33
3856.53
3856.4
3856.34
3856.26
3856.15
3856.12
4032.97
4027.54
4022.14
4016.78
4011.48
4006.25
4001.09
3995.99
3990.93
3850.47
3850.34
3850.28
3850.19
3850.19
4021.65
4016.88
4012.13
4007.41
4002.74
3998.12
3993.55
3989.02
3844.43
3844.3
3844.23
3844.26
4011.01
4006.88
4002.76
3998.66
3994.6
3990.58
3986.58
3838.4
3838.27
3838.32
4001.02
3997.5
3994
3990.51
3987.05
3983.6
3832.39
3832.38
3991.66
3988.75
3985.85
3982.96
3980.08
3826.51
3982.92
3980.61
3978.3
3976
3974.79
3973.07
3971.35
3967.27
3966.13
3960.34
)
;

boundaryField
{
    lowerOutlet
    {
        type            MarshakRadiation;
        refValue        nonuniform List<scalar> 
144
(
1837.21
1837.21
1837.21
1837.21
1837.21
1837.21
1837.21
1837.21
1837.21
1837.21
1837.21
1837.21
1837.21
1837.21
1837.21
1837.21
1837.21
1837.21
1837.21
1837.21
1837.21
1837.21
1837.21
1837.21
1837.21
1837.21
1837.21
1837.21
1837.21
1837.21
1837.21
1837.21
1837.21
1837.21
1837.21
1837.21
1837.21
1837.21
1837.21
1837.21
1837.21
1837.21
1932.44
1983.13
1875.85
1837.21
1837.21
1837.21
30408.1
1837.21
1837.21
1837.21
1837.21
1837.21
1837.21
1837.21
1837.21
1837.21
1837.21
1837.21
1837.21
1837.21
1837.21
1837.21
1837.21
1837.21
1837.21
1837.21
1837.21
1837.21
1837.21
1837.21
1837.21
1837.21
1837.21
1837.21
1837.21
1837.21
1837.21
1837.21
1837.21
1837.21
1837.21
1837.21
1837.21
1837.21
1837.21
1837.21
1837.21
1837.21
1837.21
1837.21
1837.21
1837.21
1837.21
1837.21
1837.21
1837.21
1837.21
1868.21
1980.28
1897.79
1842.95
1837.21
1837.21
4742.83
1837.21
1837.21
1837.21
1837.21
1837.21
1837.21
1837.21
1837.21
1837.21
1837.21
1837.21
1837.21
1859.63
1837.21
1837.21
1837.21
1837.21
1837.21
1837.21
1837.21
1837.21
1837.21
1837.21
1914.86
1849.94
1837.21
1837.21
1837.21
1837.21
1837.21
1837.21
1837.21
1837.21
1837.21
1837.21
1837.21
1837.21
1837.21
)
;
        refGradient     uniform 0;
        valueFraction   nonuniform List<scalar> 
144
(
0.00149742
0.00149642
0.00149543
0.00149444
0.00149343
0.00149245
0.00149146
0.00149047
0.00148946
0.00148848
0.00148748
0.0014865
0.0014855
0.00148453
0.00148353
0.00148256
0.00148155
0.0014806
0.00147961
0.00147863
0.00147766
0.00147668
0.00147571
0.00147473
0.00147408
0.00147291
0.00146982
0.00146639
0.00146306
0.00145661
0.00144949
0.00144405
0.00144007
0.000690512
0.000687137
0.000679012
0.00067084
0.000667709
0.000666773
0.000666322
0.000663589
0.000670385
0.00106939
0.00135104
0.000344389
0.000268302
0.000273699
0.00030269
0.00808196
0.000292976
0.000269891
0.000264551
0.000264127
0.000644963
0.000649167
0.000654968
0.000663614
0.00066647
0.000667232
0.00066856
0.000674268
0.000683624
0.000689594
0.0014402
0.00144417
0.00144951
0.00145661
0.00146306
0.00146639
0.00146982
0.00147291
0.00147408
0.00147473
0.00147571
0.00147668
0.00147766
0.00147863
0.00147961
0.0014806
0.00148155
0.00148256
0.00148353
0.00148453
0.0014855
0.0014865
0.00148748
0.00148848
0.00148946
0.00149047
0.00149146
0.00149245
0.00149343
0.00149444
0.00149543
0.00149642
0.00149742
0.000666634
0.000665293
0.000663611
0.000763386
0.00132788
0.000388308
0.000276846
0.000269897
0.000291297
0.00295466
0.000312502
0.000273759
0.00026568
0.000263638
0.000643396
0.000646605
0.000651638
0.000659571
0.000665722
0.000666737
0.00066856
0.000667239
0.000313656
0.00026699
0.000277915
0.000340628
0.000387924
0.00028384
0.000267489
0.000263828
0.000264936
0.000667707
0.00067084
0.000426466
0.000292965
0.000267554
0.000283314
0.000425654
0.000330117
0.000278102
0.000266524
0.000263627
0.000689594
0.000683624
0.000674268
0.000679011
0.000687137
0.000690511
)
;
        value           nonuniform List<scalar> 
144
(
4047.08
4054.41
4062.49
4071.33
4080.93
4091.31
4102.49
4114.5
4127.37
4141.12
4155.8
4171.46
4188.13
4205.89
4224.8
4244.94
4266.39
4289.27
4313.68
4339.77
4367.71
4397.67
4429.88
4464.6
4502.21
4543.11
4587.71
4636.56
4690.31
4749.85
4816.26
4890.83
4975.25
5048.67
5156.51
5282.56
5431.43
5609.47
5826.11
6095.26
6438.57
6885.48
7548.62
8722.78
9930.85
11181.1
12320.3
13488.7
11573.3
8890.76
7670.66
6914.64
6398.66
5984.53
5712.33
5500.16
5329.06
5188.28
5069.92
4968.63
4880.64
4803.29
4734.75
4658.23
4604.44
4555.5
4510.72
4469.58
4431.61
4396.4
4363.66
4333.13
4304.63
4277.95
4252.88
4229.29
4207.05
4186.06
4166.23
4147.48
4129.75
4112.97
4097.08
4082.05
4067.83
4054.39
4041.69
4029.7
4018.4
4007.77
3997.79
3988.44
3979.71
3971.6
3964.08
3957.16
5952.99
6255.92
6647.11
7169.7
8076.19
9596.21
10883.9
12037.1
13188.8
14667.8
9352.54
7916.41
7075.68
6511.37
6149.42
5839.27
5600.21
5410.23
5255.43
5126.69
5516.31
5712.22
10256.4
11469.9
12606.3
13803.6
10477.4
8514.74
7451.36
6768.12
6294.96
5017.41
4923.16
9254.73
10574.8
11754.6
12895.6
14149.2
9894.58
8194.99
7253.81
6634.14
5100.56
5217.01
5353.82
4840.75
4768.01
4703.34
)
;
        emissivityMode  lookup;
        emissivity      uniform 1;
    }
    top
    {
        type            MarshakRadiation;
        refValue        nonuniform List<scalar> 
100
(
1837.21
1837.21
1837.21
1837.21
1837.21
1837.21
1856.83
1857.77
1858.3
1858.88
1859.51
1860.41
1861.55
1862.88
1864.87
1867.18
1869.45
1871.57
1873.38
1875.53
1882.65
1908.48
1958.51
2013.19
2055.54
2076.85
2083.09
2080.51
2067.29
2048.67
2029.18
2013.29
2004.27
2010.67
2043.97
2101.31
2164.21
2201.33
2211.94
2195.46
2148.79
2072.97
1975.97
1897.56
1872.07
1869.16
1869.44
1869.96
1870.5
1871.02
1871.49
1871.86
1872.09
1872.29
1872.58
1872.76
1872.89
1872.95
1872.95
1872.84
1872.59
1872.27
1871.84
1871.28
1870.61
1869.94
1869.34
1868.78
1868.37
1868.01
1867.79
1867.71
1867.68
1867.65
1867.32
1866.38
1865.19
1861.82
1837.21
1837.21
1837.21
1837.21
1837.21
1837.21
1837.21
1837.21
1837.21
1837.21
1837.21
1837.21
1837.21
1837.21
1842.55
1845.16
1847.43
1849.2
1849.61
1848.65
1845.9
1841.02
)
;
        refGradient     uniform 0;
        valueFraction   nonuniform List<scalar> 
100
(
0.00146082
0.00146012
0.00145957
0.00145896
0.00145808
0.00145592
0.00145075
0.00144318
0.00143607
0.00143131
0.00142857
0.00142633
0.00142435
0.00142241
0.00142038
0.00141906
0.00141976
0.00142139
0.00142411
0.00143588
0.00150683
0.00177775
0.00227945
0.0028019
0.00319539
0.00339622
0.00346261
0.00345032
0.00334352
0.00318354
0.0030118
0.00286368
0.0027773
0.0028321
0.00314621
0.00368794
0.00429455
0.00466116
0.00477986
0.00466304
0.00428418
0.00362485
0.00270586
0.0018522
0.00153709
0.00149546
0.00149088
0.00149061
0.00149059
0.00149055
0.00149055
0.00149059
0.0014906
0.00149062
0.00149066
0.00149064
0.00149069
0.00149073
0.00149078
0.00149094
0.00148969
0.0014864
0.00148172
0.00147684
0.0014721
0.00146758
0.00146332
0.00145932
0.00145554
0.00145199
0.00144868
0.00144555
0.00144264
0.00143988
0.00143726
0.00143483
0.00143255
0.00143038
0.00142836
0.00142645
0.00142461
0.0014229
0.00142129
0.00141976
0.00141906
0.00142038
0.00142241
0.00142435
0.00142633
0.00142856
0.0014313
0.00143607
0.00144317
0.00145074
0.00145591
0.00145807
0.00145896
0.00145957
0.00146012
0.00146082
)
;
        value           nonuniform List<scalar> 
100
(
3863.68
3869.59
3875.58
3881.51
3887.4
3893.25
3899.1
3904.85
3910.51
3916.07
3921.53
3926.87
3932.1
3937.2
3942.15
3946.92
3951.49
3955.81
3959.79
3963.31
3966.13
3967.85
3968.44
3968.72
3969.43
3970.96
3973.27
3976.21
3979.7
3983.47
3987.27
3990.8
3993.74
3995.61
3995.79
3994.39
3992.34
3991.28
3992.22
3995.54
4001.32
4009.29
4018.5
4026.89
4032.59
4036.24
4038.85
4040.75
4042.07
4042.91
4043.31
4043.32
4042.98
4042.3
4041.31
4040.03
4038.47
4036.64
4034.54
4032.2
4029.61
4026.79
4023.74
4020.46
4016.97
4013.28
4009.39
4005.31
4001.04
3996.6
3992
3987.23
3982.31
3977.24
3972.04
3966.7
3961.24
3955.65
3949.92
3944.16
3938.34
3932.46
3926.53
3920.55
3914.54
3908.49
3902.42
3896.33
3890.23
3884.12
3878.01
3871.89
3865.79
3859.68
3853.61
3847.55
3841.52
3835.49
3829.49
3823.61
)
;
        emissivityMode  lookup;
        emissivity      uniform 1;
    }
    sides
    {
        type            MarshakRadiation;
        refValue        uniform 1837.21;
        refGradient     uniform 0;
        valueFraction   nonuniform List<scalar> 
100
(
0.00149192
0.00149205
0.00149201
0.001492
0.001492
0.001492
0.00149199
0.00149203
0.00149202
0.00149195
0.00149194
0.00149198
0.00149197
0.00149197
0.00149197
0.00149196
0.001492
0.00149203
0.00149206
0.0014921
0.0014921
0.00149213
0.00149216
0.0014922
0.00149223
0.00149225
0.00149235
0.00149238
0.00149248
0.00149263
0.00149161
0.00148922
0.001486
0.00148274
0.00147937
0.00147608
0.0014729
0.00146987
0.00146701
0.0014643
0.00146167
0.0014592
0.00145686
0.00145467
0.00145254
0.00145051
0.00144859
0.00144676
0.001445
0.00144329
0.00149192
0.00149205
0.00149201
0.001492
0.001492
0.001492
0.00149199
0.00149203
0.00149202
0.00149195
0.00149194
0.00149198
0.00149197
0.00149197
0.00149197
0.00149196
0.001492
0.00149203
0.00149206
0.0014921
0.0014921
0.00149213
0.00149216
0.0014922
0.00149223
0.00149225
0.00149235
0.00149238
0.00149248
0.00149263
0.00149161
0.00148922
0.001486
0.00148274
0.00147937
0.00147608
0.0014729
0.00146987
0.00146701
0.0014643
0.00146167
0.0014592
0.00145686
0.00145467
0.00145254
0.00145051
0.00144859
0.00144676
0.001445
0.00144329
)
;
        value           nonuniform List<scalar> 
100
(
4047.09
4052.99
4058.18
4062.65
4066.41
4069.48
4071.87
4073.6
4074.68
4075.13
4074.99
4074.26
4072.99
4071.2
4068.92
4066.17
4062.98
4059.39
4055.42
4051.11
4046.47
4041.54
4036.34
4030.91
4025.26
4019.41
4013.4
4007.24
4000.95
3994.55
3988.05
3981.48
3974.84
3968.16
3961.45
3954.72
3947.98
3941.25
3934.54
3927.85
3921.19
3914.57
3908
3901.48
3895.01
3888.6
3882.26
3875.98
3869.78
3863.71
3957.18
3962.95
3968.16
3972.8
3976.88
3980.4
3983.37
3985.81
3987.72
3989.12
3990.02
3990.43
3990.39
3989.9
3988.99
3987.67
3985.96
3983.89
3981.48
3978.73
3975.69
3972.35
3968.76
3964.91
3960.84
3956.55
3952.07
3947.42
3942.6
3937.63
3932.53
3927.31
3921.97
3916.54
3911.03
3905.44
3899.79
3894.08
3888.33
3882.54
3876.71
3870.86
3864.98
3859.09
3853.18
3847.27
3841.35
3835.42
3829.49
3823.63
)
;
        emissivityMode  lookup;
        emissivity      uniform 1;
    }
    front
    {
        type            empty;
    }
    back
    {
        type            empty;
    }
    roller
    {
        type            MarshakRadiation;
        refValue        uniform 1837.21;
        refGradient     uniform 0;
        valueFraction   nonuniform List<scalar> 
144
(
0.0003982
0.000416833
0.000421231
0.000373116
0.00040026
0.000475635
0.000472691
0.000462619
0.000440771
0.000411721
0.000405394
0.00039984
0.000412546
0.000381173
0.0003735
0.000427649
0.000372135
0.000458892
0.000475392
0.000413684
0.000474123
0.000422545
0.000466905
0.000433335
0.00041441
0.000413554
0.000395666
0.000379813
0.00037822
0.000372714
0.000425432
0.000426309
0.000374011
0.000395422
0.000465338
0.000472646
0.000462351
0.00041199
0.000401965
0.000414629
0.000413424
0.000391184
0.000418833
0.000420073
0.000419714
0.000426824
0.000371063
0.000371119
0.000371287
0.000429683
0.000454961
0.000468483
0.000470483
0.000402254
0.000404289
0.000406531
0.000466053
0.000435932
0.00041244
0.00041079
0.000404518
0.000428806
0.00037834
0.000385457
0.000393169
0.000461499
0.000460466
0.000456539
0.000449345
0.000409312
0.000408691
0.000389268
0.000424406
0.000430776
0.000376873
0.000431522
0.000435328
0.000383696
0.000436974
0.000444179
0.000391315
0.0004471
0.000451039
0.000398979
0.000415715
0.00042488
0.000464301
0.000464551
0.000442988
0.00043851
0.000460557
0.000457823
0.000451395
0.000412269
0.000402995
0.000393897
0.00041595
0.000417805
0.000422371
0.0003714
0.000429228
0.000380102
0.000387469
0.000408197
0.000409929
0.000475537
0.000417691
0.00047153
0.00042894
0.000431167
0.000460004
0.000455379
0.000447395
0.000445348
0.000410464
0.000409958
0.000407966
0.000406777
0.000415609
0.000386522
0.000384815
0.000375133
0.000376398
0.000423829
0.000372058
0.000375399
0.000432625
0.000433971
0.000381884
0.000439104
0.000441777
0.000389626
0.000397223
0.000473447
0.00047472
0.000411395
0.000475029
0.000419998
0.000469503
0.000468576
0.00042671
0.000461875
0.000459263
0.000453543
)
;
        value           nonuniform List<scalar> 
144
(
13331.1
10432
8338.95
5160.64
4559.81
4494.02
4377.92
4316.99
4303.97
17761.3
18756.6
14679.5
14679.9
7604.4
6126.11
6485.46
5235.81
4796.1
4531.05
4423.91
4401.77
4363.92
4331.63
4319.29
12666.8
13263.3
12189.5
7125.09
6820.2
5900.75
7061.66
6831.68
5110.69
4630.77
4720.9
4623.09
4313.57
17040.6
15732.2
12098.9
13935.4
10262.8
9451.49
8785.53
9152.81
6678.64
5483.29
5382.36
5317.07
5999.01
4834.7
4686.05
4653.46
4533.7
4511.58
4490.54
4327.87
4314.72
15563.7
18645.5
17690.2
6292.91
4946.16
4789.83
4665.69
4760.97
4302.15
4292.41
4292.45
20116.7
20164.7
9458.43
7371
5834.03
4989.1
5712.95
5378.34
4826.14
5279.96
5033.1
4693.63
4967.98
4893
4580.73
4406.76
4351.74
4319.54
4323.38
4300.69
4309.21
4305.58
4294.05
4291.42
16288.9
16761.9
11136.8
11058.2
9861.21
7919.07
5628.33
6161.88
4904.42
4755.56
4472.19
4454.55
4460.08
4391.23
4363.23
4335.78
4326.2
4299
4291.4
4294.17
4297.12
19414.4
19853.6
19980
19573.2
11579.1
8808.93
8214.29
6387.2
6623.75
7626.16
5754.43
5048.16
5595.51
5483.43
4864.27
5189.16
5106.75
4723.5
4601.74
4591.67
4562.77
4439.03
4429.24
4377.03
4351.12
4338.24
4343.41
4309.09
4296.27
4291.07
)
;
        emissivityMode  lookup;
        emissivity      uniform 1;
    }
    burner
    {
        type            MarshakRadiation;
        refValue        uniform 270462;
        refGradient     uniform 0;
        valueFraction   nonuniform List<scalar> 
16
(
0.00904721
0.0109275
0.0111153
0.0110935
0.010853
0.0110938
0.0110916
0.0113541
0.010027
0.0109961
0.0111176
0.0111057
0.0107206
0.0110539
0.0111087
0.0111571
)
;
        value           nonuniform List<scalar> 
16
(
19509
30969.2
36836.9
35388.1
28579.8
35920.3
36726.3
23193.5
22674.8
32975.2
37325.6
33047.5
25750.5
34624.7
37323.5
29274.7
)
;
        emissivityMode  lookup;
        emissivity      uniform 1;
    }
}


// ************************************************************************* //
