/*--------------------------------*- C++ -*----------------------------------*\
  =========                 |
  \\      /  F ield         | OpenFOAM: The Open Source CFD Toolbox
   \\    /   O peration     | Website:  https://openfoam.org
    \\  /    A nd           | Version:  dev
     \\/     M anipulation  |
\*---------------------------------------------------------------------------*/
FoamFile
{
    version     2.0;
    format      ascii;
    class       volScalarField;
    location    "2500";
    object      rho;
}
// * * * * * * * * * * * * * * * * * * * * * * * * * * * * * * * * * * * * * //

dimensions      [1 -3 0 0 0 0 0];

internalField   nonuniform List<scalar> 
9836
(
1.17174
1.17157
1.17166
1.17159
1.1713
1.17173
1.17164
1.1711
1.17126
1.17179
1.17168
1.171
1.17089
1.17135
1.1718
1.17166
1.17105
1.17072
1.17092
1.17147
1.17184
1.17169
1.17119
1.17066
1.17063
1.17104
1.17154
1.17187
1.1717
1.17127
1.17063
1.17042
1.17069
1.17123
1.1716
1.17188
1.17173
1.17126
1.17068
1.17033
1.1704
1.17085
1.17131
1.17163
1.17189
1.17178
1.1713
1.17073
1.17027
1.1702
1.17051
1.17097
1.17137
1.17167
1.17191
1.17176
1.1713
1.17078
1.17031
1.17006
1.17019
1.17064
1.17107
1.17143
1.17171
1.17192
1.1718
1.17138
1.17085
1.17032
1.16997
1.16999
1.17031
1.17079
1.17119
1.17149
1.17172
1.17192
1.17179
1.1714
1.17098
1.17039
1.16999
1.16985
1.17004
1.17048
1.17094
1.17124
1.17153
1.17174
1.17193
1.17182
1.17147
1.1711
1.17046
1.17
1.16974
1.16984
1.17019
1.17063
1.171
1.1713
1.17154
1.17175
1.17194
1.1718
1.17145
1.17108
1.17051
1.17006
1.16973
1.16966
1.1699
1.17035
1.17074
1.17109
1.17135
1.17156
1.17176
1.17195
1.17182
1.17148
1.17113
1.17069
1.1701
1.16969
1.16958
1.16969
1.17004
1.17048
1.17085
1.17113
1.17138
1.17158
1.17177
1.17195
1.17183
1.17149
1.17121
1.17074
1.17029
1.16973
1.1695
1.16949
1.16979
1.17022
1.17058
1.17094
1.17119
1.1714
1.1716
1.17178
1.17195
1.17184
1.17152
1.17121
1.17077
1.17035
1.16976
1.16949
1.16939
1.16954
1.16994
1.17032
1.1707
1.17098
1.17122
1.17143
1.17162
1.17179
1.17195
1.17182
1.17153
1.17125
1.17081
1.17039
1.16985
1.16946
1.1693
1.16938
1.16971
1.17007
1.17045
1.17078
1.17103
1.17126
1.17145
1.17162
1.17179
1.17195
1.17182
1.17156
1.17128
1.17084
1.17044
1.16995
1.16948
1.16927
1.16924
1.16946
1.16981
1.17021
1.17056
1.17083
1.17106
1.17127
1.17147
1.17163
1.17179
1.17196
1.17184
1.17156
1.17126
1.17088
1.17051
1.17006
1.16955
1.16925
1.16914
1.16925
1.16957
1.16999
1.17032
1.17062
1.17088
1.1711
1.1713
1.17148
1.17164
1.1718
1.17196
1.17183
1.17157
1.17128
1.17095
1.17056
1.17013
1.16961
1.16926
1.16908
1.16911
1.16932
1.16976
1.17008
1.17041
1.17068
1.17092
1.17113
1.17132
1.17148
1.17165
1.1718
1.17195
1.17183
1.17157
1.1713
1.17098
1.17062
1.17024
1.16972
1.16931
1.16904
1.16898
1.16914
1.16952
1.16988
1.1702
1.17048
1.17073
1.17096
1.17115
1.17133
1.17149
1.17164
1.1718
1.17195
1.17184
1.17159
1.1713
1.17098
1.17065
1.17025
1.16982
1.16935
1.16902
1.16891
1.16897
1.16924
1.16963
1.16998
1.17029
1.17054
1.17078
1.17098
1.17117
1.17134
1.1715
1.17165
1.17179
1.17195
1.17185
1.17161
1.17131
1.171
1.1707
1.17032
1.16986
1.16936
1.16905
1.16886
1.16886
1.16903
1.16942
1.16975
1.17007
1.17036
1.17061
1.17083
1.17101
1.17119
1.17135
1.1715
1.17165
1.17179
1.17195
1.17183
1.1716
1.17133
1.17102
1.17077
1.17032
1.1699
1.16947
1.16908
1.16884
1.16878
1.16887
1.16919
1.16956
1.16987
1.17016
1.17044
1.17065
1.17084
1.17103
1.1712
1.17136
1.1715
1.17164
1.17179
1.17195
1.17185
1.1716
1.17133
1.17104
1.17073
1.17037
1.17005
1.16956
1.16914
1.16885
1.16871
1.16876
1.16896
1.16933
1.16967
1.16996
1.17022
1.17047
1.17069
1.17087
1.17104
1.17122
1.17135
1.1715
1.17164
1.17178
1.17194
1.17183
1.17159
1.17134
1.17108
1.17072
1.17047
1.17003
1.16963
1.16921
1.1689
1.16867
1.16864
1.1688
1.16914
1.16946
1.16978
1.17003
1.17028
1.1705
1.17071
1.17088
1.17105
1.17121
1.17136
1.1715
1.17163
1.17177
1.17193
1.17184
1.1716
1.17134
1.17106
1.17078
1.17048
1.17011
1.16968
1.16925
1.16895
1.16865
1.16857
1.16867
1.16894
1.16925
1.16957
1.16986
1.17012
1.17034
1.17057
1.17073
1.17091
1.17108
1.17122
1.17135
1.17148
1.17162
1.17176
1.17193
1.17183
1.1716
1.17135
1.17105
1.17077
1.17046
1.17012
1.16968
1.1693
1.16896
1.16864
1.16849
1.16854
1.16873
1.16908
1.16938
1.16968
1.16994
1.17016
1.17037
1.17057
1.17074
1.17091
1.17107
1.1712
1.17134
1.17147
1.1716
1.17175
1.17191
1.17183
1.17162
1.17135
1.17107
1.17078
1.17047
1.17017
1.16972
1.16938
1.16899
1.16867
1.16848
1.16845
1.16856
1.16888
1.16919
1.16949
1.16976
1.17003
1.17022
1.17041
1.17061
1.17076
1.17091
1.17106
1.1712
1.17133
1.17145
1.17159
1.17173
1.1719
1.17183
1.17163
1.17136
1.17107
1.17078
1.17046
1.17014
1.16982
1.16942
1.16902
1.1687
1.16847
1.16837
1.16846
1.16866
1.16899
1.16929
1.16959
1.16984
1.17005
1.17026
1.17044
1.17061
1.17077
1.17093
1.17106
1.17119
1.17131
1.17144
1.17156
1.17171
1.17189
1.17184
1.17159
1.17133
1.17105
1.17075
1.17045
1.17015
1.16992
1.16941
1.16907
1.16876
1.16846
1.16831
1.16833
1.16851
1.16881
1.16911
1.1694
1.16965
1.16988
1.1701
1.1703
1.17045
1.17063
1.17078
1.17092
1.17105
1.17117
1.17129
1.17141
1.17153
1.17168
1.17187
1.17184
1.17158
1.17135
1.17108
1.17078
1.17045
1.17016
1.16991
1.16951
1.16913
1.16878
1.16844
1.16829
1.16825
1.16837
1.16859
1.16894
1.16925
1.16949
1.16973
1.16994
1.17012
1.1703
1.17048
1.17065
1.17078
1.17091
1.17103
1.17115
1.17126
1.17137
1.1715
1.17165
1.17197
1.17183
1.17182
1.17157
1.17137
1.17104
1.17073
1.17046
1.17017
1.16989
1.16958
1.16912
1.16878
1.1685
1.16827
1.16819
1.16826
1.16843
1.16877
1.16909
1.16936
1.16959
1.16978
1.16997
1.17015
1.17034
1.17048
1.17066
1.17078
1.1709
1.17101
1.17111
1.17122
1.17134
1.1715
1.17171
1.17159
1.17197
1.17182
1.17182
1.17157
1.17131
1.17105
1.17075
1.17044
1.17013
1.16987
1.16957
1.1692
1.16882
1.16854
1.16827
1.16814
1.16816
1.1683
1.16862
1.16886
1.16919
1.16943
1.16964
1.16984
1.17001
1.17018
1.17036
1.17049
1.17066
1.17076
1.17087
1.17097
1.17107
1.17118
1.17135
1.17128
1.17149
1.17139
1.17139
1.17169
1.17157
1.17196
1.1718
1.17183
1.17157
1.17133
1.17105
1.17072
1.17049
1.17015
1.16987
1.16957
1.16935
1.16886
1.16856
1.16831
1.1681
1.16808
1.16817
1.16842
1.16875
1.16903
1.16925
1.16949
1.16969
1.16987
1.17008
1.17021
1.17037
1.17049
1.17065
1.17074
1.17083
1.17093
1.17103
1.1712
1.17112
1.17129
1.17146
1.1713
1.17136
1.17166
1.17154
1.17195
1.17178
1.17182
1.17161
1.17133
1.171
1.17073
1.17042
1.17011
1.16987
1.16958
1.16933
1.16887
1.16856
1.16835
1.16809
1.16801
1.16808
1.16826
1.16852
1.16883
1.16912
1.16934
1.16956
1.16978
1.1699
1.1701
1.1702
1.17035
1.17048
1.17063
1.1707
1.17078
1.17088
1.17105
1.17095
1.17119
1.17109
1.1712
1.17142
1.17126
1.17132
1.17163
1.1715
1.17194
1.17175
1.17181
1.1716
1.17133
1.17099
1.17072
1.17041
1.17012
1.16989
1.16956
1.16928
1.16896
1.16857
1.16834
1.16809
1.16794
1.16798
1.16814
1.16835
1.16864
1.16895
1.16922
1.16941
1.16959
1.16978
1.16997
1.17012
1.17025
1.17034
1.17047
1.17058
1.17061
1.17064
1.17084
1.17064
1.17098
1.17083
1.1711
1.17099
1.17116
1.17138
1.17121
1.17126
1.1716
1.17146
1.17193
1.17172
1.17181
1.17154
1.17131
1.17095
1.17068
1.1704
1.17018
1.16984
1.16956
1.16928
1.16898
1.16866
1.16833
1.16813
1.16791
1.16789
1.168
1.16822
1.16851
1.16877
1.16905
1.16927
1.16945
1.16964
1.1698
1.17
1.17013
1.17023
1.17037
1.1704
1.17037
1.17008
1.17029
1.16956
1.17054
1.16993
1.1708
1.1704
1.17103
1.17081
1.17107
1.17133
1.17113
1.17119
1.17156
1.17141
1.17191
1.17169
1.17181
1.17157
1.17125
1.17093
1.17065
1.17043
1.17013
1.16979
1.16956
1.1693
1.16905
1.16867
1.16831
1.16812
1.16787
1.16781
1.16788
1.16809
1.16834
1.16861
1.16886
1.16914
1.16932
1.16949
1.16967
1.16986
1.17001
1.17016
1.17019
1.17027
1.16993
1.1688
1.16831
1.1661
1.16866
1.16624
1.16945
1.16738
1.17027
1.1689
1.17082
1.17017
1.17087
1.17127
1.17094
1.17104
1.17152
1.17136
1.17189
1.17166
1.17178
1.17151
1.17126
1.17101
1.17063
1.17038
1.17008
1.16981
1.16954
1.16928
1.16898
1.16864
1.16836
1.1681
1.1679
1.16777
1.16779
1.16793
1.16814
1.16844
1.16871
1.16896
1.16919
1.16938
1.16954
1.16973
1.16988
1.16997
1.17011
1.17008
1.1693
1.16658
1.1637
1.16047
1.1627
1.15849
1.16352
1.15836
1.1658
1.16033
1.16834
1.16412
1.17014
1.16795
1.17021
1.17115
1.17038
1.1706
1.17147
1.17127
1.17187
1.17162
1.17178
1.17152
1.17127
1.17093
1.17064
1.17041
1.17007
1.1698
1.16954
1.16929
1.16898
1.16868
1.16837
1.16809
1.16789
1.16771
1.16771
1.1678
1.168
1.16827
1.16855
1.1688
1.16907
1.16926
1.16942
1.1696
1.16979
1.16991
1.16993
1.1699
1.16881
1.16376
1.1578
1.15474
1.15426
1.15028
1.15296
1.14778
1.15378
1.14743
1.15706
1.14955
1.16269
1.15427
1.16784
1.16183
1.16804
1.17085
1.16854
1.16922
1.1714
1.17109
1.17185
1.17157
1.17177
1.17149
1.17126
1.17093
1.17064
1.17034
1.17002
1.16978
1.16951
1.16928
1.16896
1.16869
1.16839
1.16811
1.16787
1.1677
1.16764
1.1677
1.16786
1.16811
1.1684
1.16867
1.16895
1.16916
1.16931
1.16948
1.16965
1.1698
1.16987
1.16965
1.16822
1.16207
1.15247
1.1502
1.14707
1.14473
1.14392
1.14173
1.14255
1.14003
1.14299
1.13923
1.14602
1.13984
1.15227
1.14352
1.1617
1.15122
1.16234
1.16994
1.16361
1.16538
1.17129
1.17056
1.17183
1.17151
1.17177
1.17151
1.17125
1.17095
1.17059
1.17027
1.17002
1.16984
1.1695
1.16927
1.16895
1.16866
1.16841
1.16809
1.16785
1.16769
1.1676
1.16761
1.16774
1.16798
1.16823
1.16852
1.16873
1.16901
1.1692
1.16936
1.16952
1.16969
1.1698
1.1696
1.16778
1.15979
1.14858
1.14799
1.14337
1.14256
1.1407
1.1403
1.139
1.13893
1.13774
1.13766
1.13705
1.13633
1.13776
1.13546
1.14196
1.13628
1.15118
1.14132
1.15224
1.16734
1.15446
1.15774
1.17104
1.16909
1.1718
1.17139
1.17175
1.17149
1.17122
1.17096
1.17062
1.17034
1.17001
1.16981
1.16943
1.16923
1.16901
1.16865
1.16838
1.16809
1.16785
1.16767
1.16755
1.16754
1.16763
1.16782
1.16808
1.16834
1.16859
1.16881
1.16912
1.16925
1.1694
1.16956
1.1697
1.16958
1.1678
1.15901
1.14395
1.14223
1.14149
1.14033
1.14042
1.13914
1.13965
1.13802
1.13896
1.13666
1.13776
1.13531
1.13602
1.13422
1.13432
1.13528
1.13313
1.14149
1.13472
1.14247
1.16169
1.14443
1.14766
1.17035
1.16548
1.17177
1.17113
1.17173
1.17146
1.17119
1.17095
1.17064
1.17034
1.1701
1.16976
1.16941
1.16918
1.16896
1.16864
1.16839
1.1681
1.16784
1.16765
1.16752
1.16748
1.16753
1.16769
1.16793
1.16819
1.16844
1.16867
1.16895
1.16916
1.16929
1.16944
1.16959
1.16957
1.16793
1.15927
1.14399
1.14103
1.14129
1.14062
1.14074
1.14036
1.14118
1.14053
1.14234
1.13998
1.1428
1.13806
1.14146
1.13545
1.13836
1.1333
1.13478
1.13217
1.13219
1.13467
1.13125
1.13527
1.15268
1.1368
1.1395
1.16858
1.15897
1.17171
1.17051
1.17168
1.1714
1.17113
1.17089
1.17059
1.17031
1.17009
1.16965
1.16945
1.16915
1.16892
1.16865
1.16837
1.16808
1.16784
1.16764
1.16748
1.16742
1.16745
1.16756
1.16778
1.16804
1.1683
1.16853
1.1687
1.16904
1.1692
1.16932
1.16947
1.16955
1.16824
1.15993
1.14428
1.14143
1.1415
1.14302
1.14323
1.14197
1.14259
1.1441
1.14565
1.14573
1.14843
1.14534
1.14925
1.14248
1.14693
1.13801
1.14182
1.13357
1.1364
1.13082
1.13186
1.13068
1.12941
1.13063
1.14374
1.13134
1.1332
1.16477
1.15024
1.17162
1.16914
1.17162
1.17129
1.17105
1.17083
1.17057
1.17028
1.17007
1.16969
1.1694
1.16912
1.16889
1.16863
1.16843
1.16804
1.16784
1.16762
1.16746
1.16737
1.16737
1.16746
1.16764
1.16789
1.16814
1.16843
1.16861
1.16877
1.16909
1.16925
1.16935
1.16947
1.16874
1.16136
1.14498
1.1415
1.14153
1.14323
1.14314
1.14791
1.14791
1.14682
1.14756
1.15064
1.15227
1.1528
1.15568
1.15148
1.1558
1.14579
1.15011
1.13951
1.14289
1.13407
1.13652
1.12987
1.13126
1.12815
1.1277
1.12729
1.13668
1.12716
1.12813
1.1585
1.14213
1.17148
1.16649
1.17163
1.17119
1.1709
1.17071
1.17049
1.17023
1.17003
1.16966
1.16932
1.16913
1.16894
1.16862
1.16839
1.16802
1.16781
1.16761
1.16743
1.16733
1.16731
1.16737
1.16753
1.16774
1.168
1.16827
1.16853
1.16868
1.16884
1.16913
1.16929
1.16938
1.1691
1.16349
1.14643
1.14138
1.14289
1.14262
1.14774
1.14731
1.15369
1.15344
1.15327
1.15371
1.15769
1.15889
1.15955
1.16221
1.15498
1.16015
1.14654
1.15083
1.1388
1.14098
1.13247
1.13283
1.12784
1.12739
1.12553
1.12423
1.12377
1.13063
1.12278
1.12298
1.15053
1.13509
1.17125
1.16181
1.1714
1.17084
1.17052
1.17036
1.17019
1.16997
1.1696
1.16931
1.16914
1.16893
1.16866
1.16836
1.16806
1.16779
1.16759
1.1674
1.16729
1.16725
1.16728
1.1674
1.1676
1.16785
1.16807
1.16839
1.16861
1.16875
1.16893
1.16918
1.16932
1.16923
1.16561
1.14912
1.14073
1.14514
1.14422
1.14667
1.14589
1.15287
1.15205
1.15903
1.15836
1.15939
1.15935
1.16367
1.16426
1.16419
1.16622
1.15604
1.16203
1.14378
1.1484
1.13256
1.13293
1.1256
1.12276
1.12191
1.11781
1.12085
1.11657
1.11814
1.12465
1.11647
1.1162
1.1421
1.12791
1.16811
1.15044
1.17125
1.17046
1.17014
1.17007
1.1698
1.16957
1.16931
1.16913
1.16893
1.1687
1.16828
1.16806
1.16779
1.16756
1.16737
1.16725
1.16719
1.16721
1.1673
1.16747
1.1677
1.16795
1.16817
1.16848
1.16868
1.1688
1.16899
1.16921
1.16924
1.16714
1.15268
1.14061
1.14337
1.14221
1.14874
1.14746
1.15106
1.14994
1.15745
1.15637
1.16315
1.16227
1.16422
1.16383
1.167
1.16724
1.16612
1.16766
1.15517
1.16252
1.13561
1.14248
1.1207
1.12281
1.11295
1.10993
1.11044
1.10378
1.11194
1.10391
1.10858
1.11727
1.10658
1.10572
1.11155
1.13208
1.11926
1.15595
1.13456
1.17099
1.16994
1.16985
1.16966
1.16956
1.16929
1.16914
1.16893
1.16866
1.16834
1.16802
1.16778
1.16753
1.16735
1.16722
1.16715
1.16714
1.16721
1.16735
1.16756
1.16781
1.168
1.16828
1.16856
1.16873
1.16886
1.16905
1.16919
1.16804
1.15674
1.14085
1.14189
1.14616
1.14509
1.15235
1.15084
1.15514
1.15379
1.16121
1.16001
1.16621
1.16532
1.16719
1.16688
1.16813
1.16828
1.16659
1.16793
1.1528
1.16231
1.12999
1.14051
1.11284
1.11984
1.1018
1.10521
1.09676
1.09553
1.09868
1.09229
1.09557
1.10133
1.09563
1.10591
1.11274
1.10636
1.09982
1.09334
1.09432
1.09954
1.12155
1.1071
1.1081
1.11467
1.14395
1.12255
1.17041
1.16953
1.16947
1.16949
1.16928
1.16912
1.16889
1.16863
1.16836
1.16794
1.16775
1.16752
1.16732
1.16718
1.1671
1.16708
1.16712
1.16724
1.16743
1.16767
1.1679
1.16809
1.16838
1.16862
1.16878
1.16891
1.16907
1.16849
1.16028
1.14181
1.13988
1.14632
1.14454
1.1493
1.14779
1.15567
1.15405
1.15867
1.15722
1.1643
1.16312
1.16811
1.16766
1.16837
1.16833
1.1683
1.16847
1.16642
1.16751
1.15259
1.1618
1.12982
1.14233
1.11249
1.12316
1.09827
1.10124
1.10493
1.1101
1.09113
1.09194
1.09907
1.09749
1.09383
1.0899
1.09113
1.08768
1.08866
1.08927
1.09973
1.10023
1.09298
1.08699
1.08794
1.0928
1.10906
1.11753
1.11058
1.10106
1.10218
1.14263
1.11258
1.11626
1.12247
1.16943
1.16919
1.16933
1.16924
1.16909
1.16885
1.1686
1.16835
1.16791
1.16771
1.16749
1.16729
1.16714
1.16705
1.16701
1.16704
1.16713
1.1673
1.16752
1.16777
1.16796
1.16819
1.16847
1.16868
1.16882
1.16894
1.16868
1.16289
1.14421
1.13861
1.14362
1.14904
1.14754
1.15239
1.1507
1.1588
1.15716
1.16179
1.16035
1.16691
1.16591
1.16886
1.16875
1.16867
1.16884
1.1678
1.16811
1.16499
1.16553
1.15416
1.15996
1.1357
1.14716
1.11544
1.12185
1.12762
1.1339
1.10321
1.10842
1.11439
1.08951
1.09191
1.10191
1.1008
1.09576
1.08658
1.08584
1.08467
1.08755
1.08419
1.09298
1.09352
1.08638
1.08279
1.08161
1.08608
1.10361
1.10567
1.09445
1.09586
1.12302
1.15559
1.13954
1.10905
1.11477
1.16887
1.16907
1.16915
1.16902
1.16882
1.16857
1.16832
1.16791
1.16765
1.16746
1.16726
1.1671
1.167
1.16695
1.16697
1.16704
1.16718
1.16737
1.16761
1.16786
1.16802
1.16829
1.16855
1.16873
1.16885
1.16874
1.16487
1.14779
1.13842
1.14086
1.14847
1.1465
1.15194
1.1502
1.15545
1.1537
1.1619
1.16031
1.16471
1.16338
1.16849
1.16806
1.16911
1.16914
1.16863
1.16897
1.16576
1.1666
1.16068
1.16043
1.1528
1.15259
1.13852
1.14272
1.14493
1.14546
1.12065
1.12685
1.13235
1.1365
1.10739
1.11355
1.11996
1.09023
1.09445
1.10665
1.10614
1.09984
1.08571
1.08292
1.08394
1.08866
1.08125
1.08615
1.08667
1.08068
1.07968
1.07821
1.08007
1.09792
1.10114
1.08773
1.08952
1.1261
1.15935
1.14664
1.1061
1.11435
1.16871
1.16893
1.16891
1.16877
1.16853
1.16828
1.16795
1.1676
1.16742
1.16722
1.16706
1.16695
1.16689
1.16689
1.16695
1.16707
1.16724
1.16747
1.16771
1.16792
1.16811
1.16838
1.16861
1.16876
1.16875
1.16638
1.15233
1.13875
1.13859
1.14539
1.15147
1.14979
1.15508
1.15327
1.15863
1.15688
1.16506
1.1636
1.16737
1.16635
1.16909
1.16895
1.16919
1.16928
1.16803
1.16891
1.16101
1.16323
1.15009
1.14974
1.14434
1.14222
1.13967
1.13732
1.13933
1.14018
1.13918
1.13662
1.126
1.13082
1.13412
1.13529
1.1131
1.11963
1.12535
1.09321
1.09902
1.11297
1.11295
1.10579
1.08706
1.08215
1.08533
1.09192
1.08034
1.07984
1.08021
1.07683
1.07844
1.07653
1.07564
1.0924
1.09699
1.08135
1.08355
1.12931
1.16354
1.15089
1.10389
1.11502
1.16863
1.16875
1.1687
1.1685
1.16826
1.16799
1.16756
1.16737
1.16717
1.16701
1.16689
1.16683
1.16682
1.16687
1.16696
1.16712
1.16732
1.16756
1.16781
1.16797
1.16821
1.16847
1.16866
1.16872
1.16741
1.15718
1.13981
1.13688
1.14219
1.15124
1.14916
1.15491
1.15308
1.15856
1.15674
1.16202
1.16033
1.16774
1.16683
1.1687
1.16833
1.1693
1.16927
1.16919
1.16935
1.16648
1.16855
1.1521
1.15724
1.13067
1.1326
1.13316
1.12969
1.12694
1.12589
1.1346
1.13183
1.12769
1.12307
1.12931
1.13115
1.13087
1.12816
1.11957
1.12478
1.12756
1.09815
1.10539
1.11944
1.11918
1.11282
1.09041
1.08346
1.08862
1.09703
1.08138
1.07479
1.07465
1.07466
1.07907
1.07653
1.07294
1.08735
1.09339
1.07563
1.07821
1.13277
1.16629
1.15521
1.10246
1.11637
1.16854
1.16859
1.16846
1.16824
1.168
1.16754
1.16732
1.16712
1.16695
1.16684
1.16677
1.16676
1.16679
1.16687
1.167
1.16719
1.16741
1.16766
1.16788
1.16804
1.1683
1.16853
1.16864
1.16798
1.16094
1.14234
1.13603
1.13932
1.14831
1.1551
1.15331
1.15879
1.15695
1.16235
1.16061
1.16555
1.16401
1.16885
1.16853
1.16919
1.16906
1.16939
1.1694
1.16911
1.16944
1.16366
1.1678
1.139
1.14878
1.11258
1.11419
1.12144
1.11708
1.11875
1.11531
1.11304
1.11222
1.12359
1.11806
1.11248
1.10765
1.12791
1.12582
1.12118
1.11496
1.12397
1.12527
1.12442
1.10469
1.11229
1.1225
1.12057
1.11837
1.09547
1.08653
1.09342
1.10345
1.08406
1.07145
1.07052
1.07387
1.08119
1.0779
1.07131
1.08288
1.09041
1.07087
1.07354
1.1366
1.16836
1.15908
1.1017
1.11822
1.16844
1.16839
1.16821
1.16799
1.16752
1.16728
1.16707
1.1669
1.16678
1.16671
1.16669
1.16671
1.16678
1.16689
1.16706
1.16727
1.16751
1.16775
1.16792
1.16814
1.16839
1.16853
1.16822
1.16351
1.14612
1.13607
1.13705
1.14484
1.15573
1.15363
1.15943
1.15759
1.16301
1.16124
1.16618
1.16471
1.16805
1.16731
1.16924
1.16912
1.16938
1.16932
1.16949
1.16948
1.16892
1.1695
1.15964
1.16664
1.1263
1.13318
1.14169
1.10356
1.10671
1.11644
1.11104
1.10401
1.10179
1.10112
1.10167
1.10824
1.10199
1.09688
1.09332
1.12034
1.11397
1.10642
1.09883
1.12285
1.12043
1.11475
1.11128
1.11692
1.1202
1.11763
1.11844
1.10152
1.09087
1.09892
1.10952
1.0878
1.06917
1.06762
1.07431
1.08418
1.07997
1.07064
1.079
1.08799
1.06721
1.06951
1.14068
1.17027
1.16345
1.10138
1.12061
1.1683
1.16817
1.16797
1.16752
1.16725
1.16701
1.16683
1.16671
1.16664
1.16661
1.16663
1.1667
1.16679
1.16694
1.16713
1.16736
1.1676
1.16783
1.16798
1.16823
1.16843
1.1683
1.16521
1.15052
1.13662
1.13541
1.14163
1.15299
1.16048
1.15862
1.16404
1.16229
1.16688
1.16561
1.16831
1.16773
1.16895
1.1687
1.1694
1.16934
1.16947
1.16945
1.16961
1.16962
1.16879
1.1695
1.15641
1.16585
1.12266
1.12961
1.13673
1.14537
1.09859
1.10339
1.11521
1.10899
1.09144
1.0911
1.09217
1.09474
1.09217
1.08703
1.0837
1.0824
1.10696
1.09839
1.09026
1.0834
1.11641
1.10941
1.10047
1.11497
1.11631
1.11281
1.10965
1.11499
1.10695
1.09564
1.10363
1.11245
1.09174
1.0675
1.0654
1.07533
1.08725
1.08209
1.07054
1.07567
1.08601
1.06439
1.06613
1.1458
1.1715
1.1677
1.10151
1.1239
1.16812
1.16794
1.16754
1.16724
1.16697
1.16678
1.16664
1.16657
1.16654
1.16655
1.16661
1.1667
1.16682
1.167
1.16721
1.16745
1.1677
1.16787
1.16807
1.16831
1.1683
1.16634
1.15515
1.13802
1.13423
1.13878
1.14922
1.16164
1.15947
1.16524
1.16357
1.16747
1.16656
1.16853
1.1681
1.16901
1.16882
1.16926
1.16915
1.16949
1.16946
1.16957
1.16952
1.16966
1.1697
1.16875
1.16932
1.15218
1.16029
1.16596
1.12203
1.12927
1.13944
1.1471
1.09775
1.10347
1.11671
1.10979
1.08265
1.08462
1.08815
1.09266
1.07837
1.07543
1.07474
1.07558
1.09118
1.08271
1.07584
1.07097
1.10466
1.09478
1.08492
1.11382
1.11284
1.10058
1.09728
1.10686
1.10953
1.09955
1.10604
1.11127
1.09491
1.06622
1.0634
1.07639
1.0896
1.08351
1.0705
1.07279
1.08439
1.062
1.0633
1.15243
1.17185
1.17017
1.10231
1.12859
1.16791
1.16756
1.16724
1.16694
1.16672
1.16658
1.16649
1.16646
1.16647
1.16652
1.16661
1.16672
1.16687
1.16707
1.1673
1.16754
1.16778
1.16793
1.16815
1.16827
1.16707
1.15893
1.14061
1.13382
1.13645
1.14582
1.1589
1.16617
1.1645
1.16793
1.16724
1.1687
1.16839
1.16904
1.1689
1.16925
1.16915
1.1694
1.16933
1.16959
1.16953
1.16972
1.16968
1.1695
1.1696
1.1684
1.16864
1.16828
1.15415
1.16049
1.16781
1.16567
1.12405
1.13165
1.14376
1.15079
1.10032
1.10702
1.1212
1.11397
1.07866
1.08308
1.08813
1.09392
1.06844
1.06807
1.06963
1.07333
1.07627
1.06944
1.06474
1.0625
1.08997
1.07968
1.07085
1.11054
1.10471
1.08609
1.08314
1.09473
1.10844
1.10166
1.10514
1.1082
1.0965
1.06524
1.06159
1.07679
1.09047
1.08363
1.07017
1.07023
1.0831
1.0599
1.06096
1.15901
1.17196
1.17145
1.10402
1.13447
1.16759
1.16724
1.16691
1.16667
1.16651
1.16642
1.16638
1.16639
1.16643
1.1665
1.16662
1.16676
1.16693
1.16715
1.16738
1.16765
1.16782
1.16801
1.16817
1.16752
1.16158
1.14406
1.13396
1.13479
1.14277
1.15528
1.16673
1.16505
1.1682
1.16761
1.16878
1.16856
1.16905
1.16893
1.16923
1.16914
1.16938
1.1693
1.1695
1.16945
1.16976
1.16966
1.16972
1.16977
1.16854
1.16889
1.16747
1.16765
1.16489
1.16502
1.15691
1.16192
1.16709
1.166
1.12866
1.13624
1.14935
1.15534
1.10667
1.11381
1.12812
1.12091
1.07853
1.0848
1.09202
1.09935
1.06232
1.06407
1.06798
1.07387
1.0641
1.05954
1.05744
1.05722
1.07538
1.06641
1.05966
1.10293
1.09323
1.07202
1.06978
1.08132
1.10565
1.10114
1.10255
1.10163
1.0961
1.06413
1.05985
1.07641
1.0898
1.08244
1.06916
1.06793
1.0823
1.05801
1.05888
1.16519
1.172
1.17175
1.10658
1.14199
1.16724
1.16689
1.16662
1.16644
1.16634
1.1663
1.1663
1.16634
1.16641
1.16651
1.16664
1.1668
1.16701
1.16723
1.16749
1.16774
1.16789
1.16803
1.16772
1.16348
1.14792
1.13455
1.13358
1.14003
1.15175
1.16448
1.16823
1.16749
1.16879
1.16859
1.16903
1.16893
1.16919
1.16911
1.16934
1.16927
1.16948
1.16941
1.16957
1.16954
1.16982
1.16982
1.16943
1.16974
1.16552
1.16604
1.16619
1.16514
1.16492
1.15975
1.15988
1.16021
1.16385
1.16532
1.16529
1.13538
1.14255
1.15508
1.15943
1.11563
1.12297
1.13682
1.13
1.08151
1.09003
1.09894
1.10762
1.05882
1.06237
1.06793
1.07526
1.05524
1.0532
1.05296
1.05376
1.0628
1.05604
1.05169
1.09314
1.08172
1.06016
1.05963
1.06986
1.1003
1.09847
1.09791
1.09349
1.09324
1.06257
1.05812
1.07472
1.08634
1.07826
1.06703
1.06581
1.08205
1.0562
1.05705
1.16799
1.17203
1.17191
1.11027
1.14773
1.16688
1.16658
1.16638
1.16627
1.16621
1.1662
1.16623
1.16629
1.16638
1.16651
1.16667
1.16687
1.16709
1.16734
1.16761
1.16777
1.16792
1.16776
1.16483
1.15178
1.13599
1.13269
1.13763
1.14856
1.1619
1.1681
1.16873
1.16844
1.16898
1.16888
1.16914
1.16907
1.16929
1.16922
1.16943
1.16936
1.16956
1.1695
1.16971
1.16961
1.16979
1.16988
1.16804
1.16933
1.16077
1.1624
1.16134
1.1583
1.16054
1.15993
1.15195
1.15211
1.16246
1.16435
1.16148
1.16231
1.1434
1.14961
1.15929
1.16129
1.12602
1.13343
1.14592
1.14001
1.08461
1.09574
1.1071
1.11735
1.05678
1.06113
1.06745
1.07579
1.04969
1.04933
1.04978
1.05175
1.05319
1.04885
1.04695
1.08321
1.07163
1.05202
1.0522
1.06079
1.09309
1.09362
1.09086
1.08465
1.0873
1.06054
1.05641
1.0701
1.07927
1.07107
1.06334
1.0641
1.0825
1.05456
1.05561
1.17038
1.17205
1.17196
1.11386
1.15553
1.16655
1.16633
1.16618
1.1661
1.16606
1.16606
1.16611
1.16621
1.16634
1.1665
1.16669
1.16692
1.16717
1.16744
1.16769
1.1678
1.16774
1.1657
1.15544
1.13812
1.1324
1.13567
1.14563
1.15885
1.16718
1.16882
1.16878
1.16866
1.16891
1.16908
1.169
1.16924
1.16916
1.16938
1.16931
1.16952
1.16945
1.16965
1.16958
1.16987
1.16977
1.16947
1.16988
1.1635
1.16775
1.15325
1.15539
1.15465
1.14964
1.15315
1.15223
1.14112
1.14132
1.16251
1.16265
1.15477
1.15647
1.15124
1.15587
1.16013
1.16027
1.13597
1.14358
1.15361
1.14928
1.08628
1.09891
1.11271
1.12557
1.05517
1.05985
1.06644
1.07513
1.04654
1.0468
1.04818
1.05057
1.04718
1.04509
1.04456
1.07386
1.06264
1.04637
1.04635
1.0529
1.08431
1.08568
1.08079
1.07465
1.07843
1.05801
1.05458
1.06451
1.07105
1.06506
1.0597
1.06307
1.08317
1.05337
1.05456
1.17106
1.17206
1.17199
1.11842
1.15981
1.16627
1.16609
1.16592
1.16575
1.16563
1.16564
1.16578
1.166
1.16623
1.16647
1.16672
1.16698
1.16726
1.16757
1.1677
1.1677
1.16621
1.15828
1.14054
1.13247
1.13424
1.14299
1.1557
1.16603
1.16855
1.16892
1.16893
1.16883
1.16901
1.16917
1.16909
1.16932
1.16925
1.16946
1.16939
1.16958
1.16953
1.1698
1.16967
1.16994
1.1699
1.16839
1.16975
1.15122
1.15813
1.16299
1.14282
1.14573
1.14444
1.13853
1.14284
1.14152
1.12802
1.12819
1.15969
1.15816
1.14512
1.14781
1.15686
1.15897
1.15752
1.15565
1.14162
1.15
1.15714
1.15472
1.08623
1.09968
1.11464
1.12927
1.05399
1.05855
1.06484
1.07312
1.04473
1.04582
1.04758
1.04998
1.0439
1.04324
1.04339
1.06325
1.05298
1.04391
1.04554
1.04752
1.0724
1.07478
1.06857
1.06226
1.069
1.05598
1.05349
1.0609
1.06461
1.0613
1.05743
1.06209
1.08425
1.05256
1.05358
1.17142
1.17208
1.17198
1.12252
1.16245
1.16592
1.16558
1.16505
1.16445
1.16425
1.16443
1.16495
1.16552
1.166
1.1664
1.16673
1.16705
1.1674
1.16762
1.1676
1.16648
1.1602
1.14333
1.13279
1.13324
1.14068
1.15262
1.16451
1.16824
1.16883
1.16902
1.16901
1.16892
1.16909
1.16925
1.16917
1.1694
1.16933
1.16953
1.16947
1.1697
1.16959
1.16991
1.16982
1.16996
1.16996
1.16566
1.16936
1.14153
1.15056
1.15998
1.15061
1.12998
1.13359
1.13338
1.12614
1.13058
1.12864
1.11388
1.11402
1.15327
1.15054
1.13363
1.137
1.15827
1.15821
1.15122
1.14798
1.14261
1.15142
1.15611
1.15504
1.08392
1.09743
1.11312
1.12901
1.05303
1.05692
1.06225
1.06935
1.04399
1.04584
1.04761
1.04974
1.04324
1.04333
1.04381
1.05347
1.0498
1.04501
1.04783
1.04821
1.06139
1.06524
1.06102
1.05577
1.06316
1.05502
1.053
1.05845
1.0615
1.05996
1.05625
1.06159
1.08461
1.05178
1.05287
1.17148
1.17203
1.17188
1.12465
1.16295
1.16477
1.16345
1.16186
1.16062
1.16054
1.16152
1.16317
1.16461
1.16565
1.16628
1.16677
1.16716
1.16747
1.1675
1.16658
1.16144
1.14619
1.13355
1.13251
1.13867
1.14989
1.16257
1.16782
1.16868
1.16896
1.169
1.16909
1.16909
1.16917
1.16932
1.16925
1.16947
1.1694
1.16959
1.16953
1.16983
1.16972
1.16996
1.1699
1.16996
1.17001
1.15447
1.15819
1.16548
1.16857
1.13106
1.14067
1.14339
1.11607
1.12023
1.12184
1.11369
1.11735
1.11487
1.09995
1.10014
1.14448
1.14069
1.12067
1.12438
1.15581
1.15389
1.14166
1.13738
1.13802
1.14753
1.15035
1.15019
1.07881
1.09117
1.10632
1.12273
1.05238
1.05541
1.05899
1.06372
1.04527
1.04722
1.0489
1.05067
1.0454
1.04731
1.05082
1.05317
1.05242
1.04956
1.05179
1.05189
1.05782
1.06146
1.06009
1.0559
1.06169
1.05434
1.05219
1.05866
1.06137
1.06103
1.05637
1.06077
1.08444
1.05121
1.05245
1.17122
1.17093
1.17115
1.12453
1.16087
1.16069
1.15765
1.15538
1.15467
1.15557
1.15774
1.16074
1.16355
1.16521
1.16626
1.16685
1.16729
1.16742
1.16664
1.16224
1.14875
1.13474
1.13199
1.13695
1.14743
1.16019
1.16722
1.16851
1.16883
1.16911
1.16907
1.16913
1.16903
1.16916
1.16915
1.16924
1.16939
1.16931
1.16953
1.16947
1.16973
1.1696
1.16989
1.16982
1.17002
1.16995
1.16991
1.17006
1.14767
1.15454
1.1633
1.16741
1.12153
1.13236
1.13635
1.1025
1.10711
1.11152
1.10272
1.10276
1.10077
1.08615
1.08741
1.13293
1.1286
1.10581
1.10945
1.14918
1.14551
1.12837
1.12344
1.12387
1.1363
1.13952
1.13933
1.07073
1.08055
1.09357
1.10856
1.05263
1.05481
1.05724
1.05992
1.05169
1.05394
1.05488
1.05567
1.05032
1.05029
1.07594
1.05526
1.07394
1.07395
1.07144
1.07301
1.05951
1.06165
1.06158
1.0589
1.0624
1.05445
1.05221
1.05817
1.06301
1.05945
1.05653
1.06014
1.08311
1.05132
1.05211
1.16926
1.17039
1.16713
1.12026
1.15239
1.15318
1.15015
1.14888
1.14944
1.1515
1.15474
1.15864
1.1624
1.16507
1.16634
1.16701
1.16726
1.16665
1.16277
1.15085
1.1361
1.13172
1.13551
1.14515
1.15762
1.16638
1.16833
1.16868
1.16894
1.16918
1.16916
1.16921
1.16908
1.16923
1.1693
1.16946
1.16938
1.16959
1.16952
1.1698
1.16972
1.16994
1.16987
1.17009
1.17002
1.16979
1.17008
1.14316
1.15094
1.16082
1.15946
1.16514
1.16852
1.11367
1.12474
1.13104
1.09034
1.0955
1.10337
1.09404
1.08737
1.08626
1.07298
1.07574
1.1184
1.11377
1.08981
1.09303
1.13723
1.13323
1.11152
1.10654
1.09884
1.11379
1.12152
1.12032
1.06287
1.06775
1.07549
1.08692
1.05633
1.05711
1.058
1.05894
1.07607
1.07492
1.07551
1.07508
1.07431
1.0721
1.09803
1.0743
1.09673
1.09753
1.09639
1.09674
1.07625
1.06334
1.07785
1.07444
1.06357
1.05522
1.05337
1.05994
1.0814
1.06432
1.0825
1.05812
1.05883
1.07953
1.05128
1.05191
1.15723
0.930998
1.14087
1.10966
1.13024
1.14533
1.14382
1.14406
1.14583
1.14882
1.15285
1.15753
1.16216
1.1652
1.16649
1.16702
1.1666
1.16311
1.15246
1.13747
1.13163
1.13433
1.14308
1.15496
1.16527
1.16811
1.16855
1.16878
1.16903
1.16926
1.16923
1.16921
1.16929
1.16913
1.16937
1.16951
1.16944
1.16971
1.16958
1.16985
1.16978
1.17001
1.16993
1.17014
1.17009
1.16971
1.17012
1.13935
1.14895
1.15796
1.16518
1.16823
1.10848
1.11941
1.12808
1.08009
1.08609
1.09804
1.08807
1.07223
1.07198
1.06108
1.0654
1.1015
1.097
1.07361
1.07596
1.12046
1.11635
1.09152
1.08743
1.07
1.07859
1.09628
1.09144
1.06005
1.0618
1.06276
1.06609
1.07516
1.0743
1.07419
1.07287
1.09819
1.09672
1.0972
1.09617
1.09829
1.09625
1.12666
1.09672
1.12643
1.12671
1.12618
1.12641
1.09798
1.07928
1.09892
1.09717
1.07852
1.0565
1.05299
1.0616
1.10255
1.08274
1.10315
1.05913
1.05759
1.07439
1.05156
1.0516
1.12976
0.499642
1.07062
1.09625
1.10851
1.1394
1.13991
1.14139
1.14401
1.14774
1.15247
1.15763
1.16242
1.16548
1.16665
1.16649
1.16332
1.15356
1.13874
1.13166
1.13334
1.14118
1.15235
1.16379
1.16781
1.16842
1.16865
1.16887
1.16911
1.16917
1.16934
1.16932
1.16928
1.16925
1.16942
1.16957
1.1695
1.16975
1.16968
1.16991
1.16983
1.17007
1.16999
1.17019
1.17014
1.16971
1.17015
1.13825
1.14857
1.15813
1.16527
1.16821
1.1067
1.11727
1.12768
1.07144
1.07906
1.09586
1.08462
1.05778
1.05859
1.05054
1.05645
1.08314
1.07925
1.05814
1.05921
1.09683
1.09513
1.06886
1.06645
1.05855
1.05645
1.06418
1.05853
1.07181
1.06145
1.06001
1.05991
1.09606
1.09415
1.09382
1.09251
1.12658
1.12592
1.12571
1.12519
1.12691
1.12615
1.15458
1.12627
1.15456
1.15461
1.15453
1.15454
1.12696
1.10024
1.12737
1.12648
1.09969
1.05555
1.05466
1.08266
1.12907
1.104
1.12963
1.08276
1.0563
1.06769
1.05143
1.05187
1.10595
0.432096
0.971154
1.08285
1.0907
1.13645
1.13839
1.14065
1.14387
1.14794
1.15291
1.15826
1.16311
1.16601
1.16627
1.1634
1.15425
1.13987
1.13172
1.1325
1.13939
1.14996
1.16184
1.16738
1.1683
1.16853
1.16873
1.16895
1.16916
1.16922
1.16924
1.1694
1.16936
1.16933
1.16929
1.16948
1.16966
1.16955
1.16981
1.16973
1.16997
1.16989
1.17012
1.17004
1.17022
1.17019
1.16836
1.16966
1.17008
1.17019
1.13856
1.1494
1.15891
1.1657
1.10704
1.11739
1.12897
1.06434
1.0739
1.09593
1.08322
1.0444
1.04661
1.04142
1.04895
1.0642
1.06141
1.04377
1.04387
1.06804
1.06913
1.04471
1.04467
1.06589
1.05277
1.04621
1.04936
1.09103
1.06913
1.06914
1.06791
1.12474
1.12399
1.12331
1.12252
1.15449
1.15427
1.1542
1.15396
1.15459
1.15447
1.15456
1.15473
1.12813
1.1549
1.15463
1.12839
1.05985
1.08252
1.0538
1.10434
1.15545
1.13026
1.15559
1.10483
1.0546
1.06224
1.05317
1.05188
1.08686
0.373341
0.768564
1.07328
1.08055
1.13559
1.13861
1.14144
1.14472
1.149
1.1542
1.15968
1.16448
1.16577
1.16336
1.1546
1.14077
1.13186
1.13177
1.1377
1.14761
1.15944
1.16674
1.16816
1.16842
1.16861
1.16881
1.16901
1.16922
1.16928
1.1693
1.16933
1.16945
1.16941
1.16937
1.16953
1.1697
1.16963
1.16986
1.16978
1.17001
1.16994
1.17017
1.1701
1.17025
1.17021
1.16867
1.16976
1.17006
1.17024
1.14053
1.15137
1.1603
1.16632
1.10957
1.11956
1.1321
1.05884
1.07052
1.09728
1.08336
1.03297
1.03631
1.0338
1.04286
1.0455
1.04454
1.03124
1.03024
1.04531
1.04361
1.0327
1.02963
1.06066
1.08476
1.04365
1.06023
1.1216
1.08872
1.088
1.08678
1.15378
1.15347
1.1532
1.15286
1.15512
1.15523
1.08113
1.10456
1.05794
1.08083
1.13056
1.15584
1.13105
1.05399
1.05904
1.05244
1.053
1.05132
0.35753
0.580459
1.06678
1.07403
1.13603
1.1402
1.14331
1.1467
1.15116
1.15648
1.16202
1.16466
1.16315
1.15466
1.14134
1.13195
1.13106
1.1361
1.14529
1.1568
1.16581
1.16798
1.16831
1.16849
1.16868
1.16887
1.16907
1.16926
1.16933
1.16935
1.16937
1.16939
1.16942
1.16951
1.16947
1.1696
1.16975
1.16966
1.16991
1.16983
1.17007
1.16999
1.17019
1.17013
1.1703
1.17025
1.169
1.16987
1.17012
1.17017
1.17028
1.17031
1.14384
1.15404
1.1621
1.16725
1.11407
1.12387
1.13685
1.05481
1.06879
1.10099
1.08529
1.02359
1.02763
1.02757
1.03802
1.02923
1.02952
1.02154
1.02098
1.0403
1.03428
1.03058
1.025
1.08283
1.11788
1.05559
1.08288
1.15253
1.12027
1.11976
1.11909
1.10411
1.13095
1.0785
1.10373
1.15596
1.15611
1.05406
1.05706
1.05637
1.07907
1.05405
0.977433
0.349287
0.492172
1.06291
1.06386
1.13794
1.14255
1.1459
1.14946
1.15414
1.15963
1.1629
1.16256
1.15457
1.14149
1.13194
1.13034
1.13459
1.14306
1.15399
1.16454
1.16775
1.16821
1.16838
1.16856
1.16874
1.16893
1.16912
1.1693
1.16937
1.1694
1.16943
1.16946
1.16948
1.1695
1.16952
1.16956
1.16963
1.16979
1.1697
1.16995
1.16987
1.17009
1.17003
1.17021
1.17015
1.17035
1.17032
1.1703
1.16929
1.17001
1.17025
1.17032
1.14797
1.15717
1.16401
1.16801
1.11969
1.12954
1.14243
1.0521
1.06872
1.10546
1.08832
1.01808
1.02083
1.02313
1.03421
1.02304
1.02169
1.01748
1.01799
1.05661
1.03418
1.05499
1.02649
1.11755
1.15132
1.08172
1.11768
1.15211
1.15195
1.15155
1.13085
1.1561
1.10261
1.13068
1.05398
1.05609
1.07618
1.10248
1.05383
1.07908
0.877002
0.343137
0.433613
1.06114
1.04329
1.14065
1.1454
1.14899
1.15295
1.15787
1.16103
1.16117
1.15421
1.14141
1.13182
1.12959
1.13315
1.14093
1.15132
1.16285
1.16741
1.1681
1.16828
1.16844
1.16862
1.16879
1.16897
1.16915
1.16934
1.16941
1.16943
1.16948
1.16949
1.16952
1.16955
1.16954
1.16958
1.16959
1.16967
1.16983
1.16975
1.16998
1.16991
1.17011
1.17005
1.17027
1.17018
1.17037
1.17039
1.17039
1.17034
1.16962
1.17013
1.1703
1.17037
1.15251
1.16028
1.1657
1.16877
1.12567
1.1359
1.14819
1.05042
1.06953
1.11122
1.09316
1.01639
1.01804
1.02128
1.03152
1.02138
1.01988
1.01636
1.01752
1.08313
1.05354
1.05387
1.08401
1.15134
1.11744
1.15128
1.15612
1.1302
1.15608
1.05426
1.05575
1.10039
1.13018
1.05622
1.07946
1.10196
0.784341
0.338524
0.396192
1.05896
1.01148
1.14354
1.14856
1.15256
1.15687
1.15931
1.15932
1.15327
1.14107
1.13147
1.1288
1.13176
1.13888
1.14877
1.16063
1.16693
1.16798
1.16818
1.16833
1.1685
1.16866
1.16883
1.169
1.16918
1.16936
1.16945
1.16947
1.16951
1.16952
1.16957
1.16959
1.1696
1.16963
1.16963
1.16965
1.1697
1.16984
1.16978
1.17
1.16993
1.17015
1.17007
1.17031
1.17024
1.17044
1.17044
1.17041
1.17041
1.1704
1.17038
1.16988
1.17024
1.17036
1.15695
1.16312
1.16721
1.16932
1.13186
1.14177
1.15319
1.04948
1.07204
1.11756
1.099
1.01623
1.0173
1.02064
1.03024
1.02307
1.01993
1.01639
1.01844
1.11826
1.08291
1.05282
1.08415
1.11892
1.15131
1.15597
1.05449
1.05592
1.12938
1.15592
1.05588
1.07897
1.10203
1.1297
0.699256
0.335338
0.374796
1.05544
0.971011
1.14619
1.1519
1.15608
1.15808
1.1572
1.15129
1.14022
1.13084
1.12793
1.1304
1.13693
1.14634
1.1582
1.16625
1.16785
1.16809
1.16823
1.16837
1.16854
1.1687
1.16887
1.16902
1.1692
1.16939
1.16948
1.16948
1.16953
1.16954
1.16961
1.16962
1.16965
1.16967
1.16969
1.16971
1.16973
1.1699
1.16981
1.17004
1.16997
1.17021
1.17013
1.17035
1.17028
1.17046
1.17045
1.17046
1.17042
1.17044
1.17041
1.17042
1.17009
1.17033
1.16074
1.16555
1.16839
1.16976
1.13807
1.14712
1.15722
1.04898
1.07501
1.12439
1.1057
1.0172
1.01738
1.02048
1.02937
1.02207
1.01809
1.02103
1.15149
1.11833
1.08367
1.05276
1.11913
1.15168
1.05655
1.05638
1.15575
1.06214
1.07861
1.1017
1.12976
1.15573
0.619196
0.333329
0.36233
1.04967
0.920446
1.14804
1.15456
1.156
1.15492
1.1486
1.1386
1.1299
1.12695
1.12908
1.13508
1.14406
1.15578
1.16538
1.16769
1.168
1.16813
1.16826
1.16841
1.16858
1.16873
1.16889
1.16904
1.1692
1.16939
1.16949
1.1695
1.16954
1.16955
1.16963
1.16965
1.16969
1.1697
1.16973
1.16976
1.16976
1.16979
1.16992
1.16984
1.17008
1.17001
1.17023
1.17016
1.17037
1.17031
1.17049
1.17049
1.17048
1.17049
1.17045
1.17046
1.17041
1.17045
1.17047
1.17025
1.1636
1.16726
1.16923
1.17009
1.14413
1.15194
1.16057
1.04883
1.07878
1.13155
1.11315
1.01868
1.01821
1.02079
1.02858
1.02068
1.05194
1.15156
1.11878
1.08396
1.15173
1.05821
1.0564
1.07764
1.10159
1.12949
1.15573
0.54958
0.332109
0.354639
1.03894
0.859432
1.14808
1.15325
1.15075
1.14532
1.13635
1.12858
1.12583
1.12778
1.13337
1.14197
1.15349
1.16436
1.1675
1.16791
1.16804
1.16816
1.16829
1.16844
1.16861
1.16875
1.16891
1.16905
1.16921
1.16953
1.16937
1.16956
1.16955
1.16966
1.16966
1.16971
1.16971
1.16977
1.16979
1.16981
1.16983
1.16987
1.16995
1.1701
1.17003
1.17026
1.17018
1.17041
1.17033
1.17052
1.17051
1.17052
1.1705
1.17052
1.17047
1.17039
1.17049
1.17049
1.17051
1.16575
1.16846
1.16982
1.17033
1.14979
1.15628
1.16331
1.04825
1.08183
1.13875
1.12078
1.02086
1.02025
1.02166
1.02801
1.05018
1.08297
1.15162
1.119
1.05895
1.07902
1.05565
1.10085
1.12939
1.15566
0.496596
0.331397
0.35005
1.02078
0.794587
1.14419
1.14688
1.14075
1.13332
1.12686
1.1246
1.12652
1.13184
1.14013
1.15144
1.16326
1.16728
1.16782
1.16795
1.16806
1.16818
1.16831
1.16846
1.16863
1.16876
1.16892
1.16906
1.16921
1.16952
1.16967
1.16967
1.16936
1.16967
1.16968
1.16971
1.16973
1.1698
1.16981
1.16984
1.16986
1.16989
1.16992
1.16997
1.17012
1.17005
1.17029
1.17021
1.17044
1.17036
1.17054
1.17053
1.17052
1.17054
1.17051
1.17051
1.17047
1.17051
1.17052
1.17054
1.17052
1.16735
1.16932
1.17019
1.17045
1.15469
1.16012
1.16558
1.0469
1.08358
1.14555
1.12782
1.04822
1.02186
1.02426
1.0274
1.08052
1.11783
1.15162
1.05966
1.07889
1.10114
1.05421
1.12893
1.15563
0.454055
0.330952
0.346914
0.993143
0.728767
1.13659
1.13633
1.12948
1.1248
1.12329
1.12534
1.13055
1.13862
1.14976
1.16219
1.16704
1.16773
1.16786
1.16797
1.16808
1.16819
1.16832
1.16846
1.16861
1.16876
1.16891
1.16905
1.16921
1.1695
1.16966
1.16965
1.16975
1.16975
1.16934
1.16974
1.16975
1.16982
1.16983
1.16987
1.16987
1.16993
1.16995
1.16999
1.17015
1.17008
1.17031
1.17023
1.17046
1.17038
1.17056
1.17056
1.17055
1.17055
1.17054
1.17048
1.17054
1.17055
1.17057
1.17054
1.17056
1.17057
1.16854
1.1699
1.17035
1.15889
1.16342
1.16743
1.04455
1.08382
1.15096
1.13151
1.0783
1.04658
1.02361
1.02513
1.02704
1.11631
1.15114
1.06003
1.07922
1.10068
1.12896
1.05047
1.15551
0.426331
0.330748
0.345538
0.953611
0.671728
1.12724
1.12565
1.12266
1.12199
1.12432
1.12954
1.13753
1.14854
1.16131
1.16681
1.16764
1.16778
1.16788
1.16798
1.16809
1.16822
1.16834
1.16847
1.16861
1.16875
1.16891
1.16906
1.16921
1.16948
1.16966
1.16965
1.16974
1.16974
1.16983
1.16983
1.16933
1.16983
1.16982
1.16988
1.16989
1.16996
1.16997
1.17001
1.17002
1.17017
1.17009
1.17033
1.17025
1.17048
1.1704
1.17054
1.17058
1.17059
1.17058
1.17049
1.17037
1.17056
1.17058
1.17059
1.17058
1.17059
1.17059
1.17061
1.1706
1.16941
1.17012
1.16214
1.16582
1.1686
1.04094
1.08128
1.15398
1.13246
1.11483
1.07619
1.04376
1.04387
1.02712
1.15063
1.06042
1.07972
1.1006
1.12866
1.15549
1.04154
0.404074
0.330875
0.346929
0.907486
0.624463
1.12111
1.12064
1.12079
1.12357
1.12895
1.13695
1.14791
1.16071
1.16662
1.16755
1.16769
1.16778
1.16787
1.16798
1.16809
1.16821
1.16834
1.16847
1.16861
1.16875
1.16888
1.16903
1.16922
1.16968
1.16946
1.16972
1.16971
1.16983
1.16983
1.16991
1.16992
1.16931
1.16989
1.16991
1.16998
1.16999
1.17004
1.17004
1.1701
1.17018
1.17035
1.17026
1.1705
1.17042
1.17042
1.17053
1.17059
1.17061
1.1703
1.17009
1.17057
1.17061
1.17062
1.1706
1.17062
1.17063
1.17064
1.17062
1.17064
1.17062
1.16962
1.16309
1.16695
1.16871
1.03716
1.07534
1.15444
1.12921
1.15006
1.11346
1.07259
1.03999
1.07206
1.02768
1.05842
1.08071
1.1007
1.12852
1.15541
1.02367
0.398095
0.331886
0.351246
0.858488
0.590346
1.11894
1.12011
1.12336
1.12889
1.13693
1.14788
1.16055
1.1665
1.16747
1.16761
1.16769
1.16777
1.16787
1.16797
1.16807
1.16819
1.16833
1.16846
1.16859
1.16873
1.16888
1.16898
1.16917
1.16965
1.16978
1.16977
1.16947
1.16981
1.1698
1.16991
1.1699
1.17
1.17
1.16926
1.16999
1.17
1.17005
1.17005
1.17012
1.17013
1.1702
1.17036
1.17028
1.17051
1.17043
1.16992
1.17026
1.17048
1.17058
1.16963
1.16941
1.17059
1.17063
1.17064
1.17063
1.17064
1.17065
1.17066
1.17065
1.17066
1.17063
1.17063
1.17057
1.16243
1.1668
1.16778
1.03347
1.06705
1.15138
1.1194
1.14954
1.11118
1.06675
1.03908
1.11076
1.02779
1.0558
1.08106
1.10121
1.12848
1.15536
0.997521
0.403453
0.340341
0.375374
0.816405
0.58075
1.12032
1.12365
1.12929
1.13743
1.14847
1.16076
1.16647
1.1674
1.16753
1.1676
1.16767
1.16775
1.16785
1.16795
1.16805
1.16816
1.16831
1.16843
1.16857
1.16868
1.16882
1.16895
1.16912
1.16961
1.16976
1.16974
1.16987
1.16985
1.16945
1.1699
1.16989
1.17
1.16999
1.17005
1.17006
1.16922
1.17006
1.17006
1.17014
1.17014
1.17021
1.17037
1.17029
1.17052
1.17044
1.16854
1.16928
1.16998
1.17039
1.1681
1.17066
1.1706
1.17065
1.17066
1.17068
1.17068
1.17067
1.17068
1.17064
1.17064
1.17053
1.1705
1.17025
1.1578
1.16457
1.16491
1.02926
1.05483
1.14261
1.1004
1.14909
1.10722
1.06596
1.03697
1.1485
1.05935
1.04885
1.07879
1.1013
1.12867
1.15535
0.971427
0.417236
0.569011
0.525876
0.789195
0.582769
1.12554
1.13066
1.13912
1.15017
1.16166
1.16652
1.16734
1.16746
1.16752
1.16758
1.16764
1.16772
1.16782
1.16792
1.16802
1.16813
1.16827
1.16839
1.16853
1.16866
1.16878
1.16892
1.16908
1.16975
1.16959
1.16982
1.16979
1.16995
1.16994
1.1694
1.16997
1.16997
1.17007
1.17008
1.17014
1.17014
1.16918
1.17014
1.17014
1.17021
1.17022
1.17038
1.17029
1.17053
1.17045
1.16549
1.16673
1.1683
1.16957
1.1707
1.17067
1.17071
1.1706
1.17069
1.1707
1.1707
1.17071
1.17065
1.17067
1.17048
1.17048
1.17008
1.16993
1.16909
1.14835
1.15904
1.15965
1.02769
1.04181
1.12717
1.07682
1.14755
1.10619
1.06083
1.03709
1.05999
1.04068
1.10109
1.08029
1.12864
1.15537
0.946084
0.441899
1.16702
0.866101
0.764742
0.594959
1.13491
1.14171
1.15318
1.16288
1.16667
1.16728
1.16739
1.16744
1.16749
1.16755
1.1676
1.16768
1.16778
1.16788
1.16797
1.1681
1.16825
1.16833
1.1685
1.16863
1.16874
1.16884
1.16902
1.16974
1.16988
1.16987
1.16957
1.16992
1.16991
1.17004
1.17002
1.16935
1.17008
1.17005
1.17014
1.17014
1.17022
1.17021
1.16911
1.17022
1.17022
1.1703
1.17038
1.17053
1.17046
1.16151
1.16428
1.16713
1.17074
1.17067
1.17072
1.17071
1.17074
1.1706
1.17073
1.17073
1.1707
1.17072
1.17048
1.17053
1.16985
1.16982
1.16858
1.16815
1.1659
1.13447
1.14995
1.15238
1.02562
1.03115
1.10622
1.05327
1.14724
1.10334
1.06191
1.03434
1.05895
1.03036
1.12848
1.10211
1.08097
1.15537
0.91957
0.498738
1.17057
1.08015
0.746469
0.600288
1.14822
1.15624
1.16427
1.1668
1.16722
1.1673
1.16735
1.1674
1.16746
1.16751
1.16756
1.16764
1.16773
1.16783
1.16792
1.16801
1.16816
1.16825
1.16838
1.16852
1.16866
1.16877
1.16892
1.16987
1.16972
1.16995
1.16991
1.16952
1.17
1.16998
1.17012
1.1701
1.16929
1.17014
1.17013
1.17021
1.17022
1.17029
1.17029
1.16904
1.1703
1.1703
1.17038
1.17054
1.17046
1.1567
1.16161
1.17077
1.17073
1.17067
1.17073
1.17074
1.17074
1.17078
1.1706
1.17074
1.17075
1.1706
1.17065
1.16984
1.16997
1.16792
1.16785
1.16475
1.1638
1.15908
1.11806
1.13849
1.14438
1.02364
1.02222
1.08297
1.03645
1.14637
1.10408
1.05914
1.03377
1.05689
1.01488
1.15533
1.12914
1.10251
1.08212
0.887237
0.608999
1.17103
1.12727
0.728884
0.608175
1.16122
1.16532
1.16689
1.16717
1.16722
1.16725
1.1673
1.16734
1.16741
1.16746
1.16752
1.1676
1.16769
1.16778
1.16787
1.16797
1.16809
1.16821
1.16834
1.16847
1.16859
1.16873
1.16885
1.16986
1.16998
1.16997
1.16969
1.17005
1.17001
1.16947
1.17009
1.17007
1.17019
1.17018
1.16923
1.17021
1.17021
1.17029
1.17029
1.17038
1.17037
1.16897
1.17038
1.17054
1.17046
1.15188
1.17077
1.17074
1.17068
1.17074
1.17074
1.17079
1.17079
1.17079
1.1706
1.1707
1.17075
1.17016
1.17034
1.16788
1.16822
1.16331
1.16316
1.15706
1.15542
1.14758
1.10207
1.12669
1.13684
1.01937
1.06503
1.02746
1.14654
1.10199
1.05951
1.03392
1.05368
0.991377
1.15545
1.12946
1.10321
1.08296
0.855206
0.830654
1.17188
1.16368
0.67616
0.656272
1.16626
1.16694
1.16708
1.16714
1.16716
1.16719
1.16724
1.16728
1.16735
1.1674
1.16747
1.16754
1.16764
1.16772
1.16782
1.16793
1.16804
1.16817
1.16828
1.16839
1.16852
1.16862
1.16876
1.16997
1.16983
1.17009
1.17004
1.16966
1.17012
1.17012
1.16942
1.17017
1.17015
1.17028
1.17027
1.16916
1.17028
1.17029
1.17036
1.17035
1.17046
1.17045
1.16884
1.17053
1.17072
1.17079
1.17075
1.17067
1.17079
1.17079
1.17079
1.17081
1.1708
1.17077
1.1706
1.17051
1.17064
1.16874
1.16927
1.16322
1.16387
1.15437
1.15402
1.14423
1.14159
1.13043
1.0888
1.11621
1.01528
1.05285
1.01994
1.14608
1.10268
1.06045
1.0321
1.04606
0.955507
1.15553
1.12986
1.10367
1.0821
0.813727
1.05575
1.17199
1.17
0.670671
0.819033
1.16691
1.16702
1.16702
1.16707
1.16709
1.16712
1.16717
1.16722
1.16726
1.16734
1.16741
1.16749
1.1676
1.16767
1.16776
1.16787
1.16797
1.16809
1.1682
1.16832
1.16842
1.16855
1.16863
1.16996
1.17012
1.17009
1.16979
1.17016
1.17014
1.16959
1.1702
1.17018
1.16935
1.17024
1.17022
1.17034
1.17033
1.16906
1.17035
1.17035
1.17044
1.17043
1.17053
1.16876
1.17051
1.17082
1.17074
1.17079
1.1708
1.17067
1.17081
1.17081
1.17082
1.17082
1.1708
1.17065
1.17059
1.16978
1.17021
1.16498
1.16627
1.15403
1.15494
1.13963
1.13894
1.12544
1.12168
1.10766
1.07865
1.01287
1.04325
1.01573
1.14631
1.1035
1.06034
1.032
1.05554
1.02796
0.919078
1.15572
1.13013
1.10451
1.08239
0.741208
1.14111
1.17203
1.17142
0.699904
1.00835
1.16689
1.16696
1.16695
1.16699
1.16702
1.16704
1.16709
1.16715
1.1672
1.16727
1.16736
1.16745
1.1675
1.16758
1.1677
1.1678
1.1679
1.16801
1.16812
1.16823
1.16834
1.1684
1.16855
1.17008
1.16993
1.17018
1.17014
1.16975
1.17024
1.17021
1.16952
1.17028
1.17025
1.16927
1.17031
1.1703
1.17041
1.1704
1.16898
1.17042
1.17041
1.17052
1.17051
1.16867
1.16969
1.17083
1.17081
1.17074
1.17081
1.17081
1.17066
1.17085
1.17085
1.17084
1.1708
1.17075
1.17022
1.17059
1.16757
1.16877
1.1569
1.15937
1.1388
1.13971
1.1187
1.11746
1.10104
1.0961
1.07091
1.01019
1.03623
1.01204
1.14655
1.10363
1.06113
1.03136
1.05171
1.00129
0.859653
1.15579
1.13078
1.10463
1.08083
0.719539
1.16325
1.17204
1.17181
0.792244
1.10612
1.16681
1.16688
1.16687
1.16691
1.16695
1.16698
1.16702
1.16709
1.16715
1.16721
1.16728
1.16736
1.16742
1.16753
1.16763
1.16771
1.16784
1.16793
1.16803
1.16814
1.16821
1.16833
1.16844
1.17007
1.17023
1.17019
1.1699
1.17026
1.17024
1.16968
1.17031
1.17028
1.16946
1.17035
1.17033
1.16918
1.17039
1.17037
1.17047
1.17048
1.16887
1.1705
1.17049
1.17058
1.16853
1.16718
1.17083
1.1708
1.17084
1.17084
1.17073
1.17085
1.17084
1.17065
1.17086
1.17087
1.17085
1.17068
1.17053
1.1688
1.16208
1.16481
1.1425
1.14632
1.11706
1.11774
1.09229
1.0903
1.06501
1.00879
1.03063
1.00968
1.14664
1.10433
1.06162
1.03134
1.0425
0.960464
0.793915
1.15609
1.13088
1.10489
1.05314
1.08119
0.735546
1.16941
1.17205
1.17193
0.943158
1.14927
1.16672
1.1668
1.1668
1.16684
1.16689
1.16692
1.16697
1.16703
1.16709
1.16716
1.16722
1.1673
1.16738
1.16747
1.16756
1.16765
1.16775
1.16784
1.16795
1.16803
1.16814
1.16824
1.16833
1.17019
1.17004
1.17028
1.17024
1.16986
1.17033
1.17032
1.16962
1.17039
1.17038
1.16937
1.17045
1.17043
1.16908
1.17046
1.17046
1.17055
1.17053
1.16876
1.17057
1.17056
1.17064
1.16843
1.16077
1.17078
1.17084
1.1708
1.17084
1.17086
1.17087
1.17072
1.17088
1.17088
1.17086
1.17088
1.17083
1.1703
1.1698
1.16472
1.15085
1.15588
1.12083
1.12581
1.08956
1.08967
1.06063
1.05795
1.0069
1.02635
1.00769
1.14687
1.10484
1.06232
1.03115
1.0237
0.902946
0.759961
1.15612
1.13133
1.10475
1.04932
1.07849
0.784715
1.17128
1.17205
1.17197
1.06453
1.16491
1.16664
1.16672
1.16673
1.16677
1.16683
1.16686
1.16692
1.16697
1.16704
1.1671
1.16717
1.16727
1.16734
1.16742
1.16751
1.16759
1.16768
1.16778
1.16786
1.16796
1.16805
1.16815
1.16824
1.17017
1.17031
1.17029
1.17
1.17035
1.17034
1.16979
1.17043
1.17038
1.16956
1.17047
1.17045
1.16928
1.17049
1.17048
1.16897
1.17052
1.1705
1.17061
1.1706
1.16867
1.17063
1.17062
1.17071
1.16833
1.14752
1.17057
1.17086
1.17079
1.17085
1.17085
1.17091
1.17091
1.17089
1.1709
1.17081
1.17086
1.17072
1.1691
1.16753
1.15503
1.13197
1.13947
1.09254
1.09805
1.05663
1.05628
1.02311
1.00564
1.0061
1.14704
1.10544
1.0629
1.03069
0.990223
0.844527
0.769262
1.15635
1.13138
1.10373
1.0385
1.04944
1.07955
0.890902
1.17177
1.17206
1.17198
1.12701
1.17009
1.16657
1.16664
1.16667
1.16672
1.16676
1.16681
1.16687
1.16692
1.16699
1.16706
1.16714
1.1672
1.1673
1.16738
1.16746
1.16754
1.16763
1.16772
1.1678
1.16788
1.16798
1.16807
1.16816
1.17029
1.17014
1.17037
1.17034
1.16996
1.17045
1.1704
1.16974
1.17049
1.17047
1.16948
1.17052
1.1705
1.16918
1.17055
1.17054
1.16888
1.17059
1.17057
1.17067
1.17066
1.16854
1.17069
1.17068
1.17078
1.16824
1.12547
1.16993
1.1709
1.17084
1.17089
1.17088
1.17089
1.17093
1.17092
1.17089
1.17091
1.17063
1.17077
1.17038
1.1656
1.16133
1.13669
1.1053
1.11465
1.0581
1.06361
1.02133
1.02062
1.00381
1.00485
1.14722
1.10596
1.06331
1.03063
0.943409
0.798823
0.798682
1.15646
1.13116
1.10422
1.01478
1.04769
1.07996
1.01308
1.17189
1.17206
1.17199
1.15695
1.17148
1.16651
1.16655
1.16661
1.16666
1.16671
1.16677
1.16683
1.16689
1.16697
1.16703
1.1671
1.16718
1.16727
1.16733
1.16741
1.1675
1.16758
1.16766
1.16775
1.16784
1.16793
1.168
1.1681
1.17027
1.1704
1.17039
1.1701
1.17046
1.17043
1.16989
1.1705
1.17048
1.16966
1.17055
1.17053
1.16939
1.17058
1.17056
1.16908
1.17063
1.17061
1.16874
1.17066
1.17064
1.17074
1.17073
1.16842
1.17077
1.17076
1.17083
1.16818
1.09442
1.16804
1.17093
1.17088
1.17088
1.17092
1.17091
1.17092
1.17094
1.17093
1.17085
1.1709
1.17007
1.17048
1.16933
1.15644
1.14759
1.10854
1.07124
1.08174
1.0208
1.02459
1.00407
1.00284
1.14745
1.10645
1.06374
1.03015
0.888723
0.802832
0.867571
1.15646
1.13151
1.10447
0.975216
1.03097
1.05227
1.08
1.10027
1.17192
1.17207
1.172
1.16777
1.1718
1.16647
1.16652
1.16657
1.16662
1.16667
1.16673
1.1668
1.16686
1.16693
1.16701
1.16708
1.16716
1.16724
1.16732
1.1674
1.16748
1.16755
1.16764
1.16772
1.16781
1.16788
1.16797
1.16804
1.17039
1.17023
1.17046
1.17043
1.17005
1.17052
1.17049
1.16983
1.17057
1.17054
1.16958
1.17061
1.17059
1.1693
1.17065
1.17063
1.16898
1.17069
1.17067
1.16865
1.17071
1.17072
1.1708
1.17078
1.16834
1.17082
1.17081
1.17089
1.16813
1.05468
1.16293
1.17095
1.1709
1.1709
1.17095
1.17095
1.17096
1.17094
1.1709
1.17071
1.17084
1.16846
1.16962
1.16639
1.13781
1.1236
1.07084
1.03138
1.04173
1.00377
1.00385
1.00156
1.14768
1.10693
1.06401
1.02989
0.840508
0.820915
0.97312
1.15659
1.1318
1.10433
0.93061
0.999232
1.03623
1.05336
1.07875
1.14577
1.17194
1.17207
1.17201
1.17098
1.17187
1.16644
1.16648
1.16653
1.16658
1.16664
1.16671
1.16678
1.16686
1.16692
1.167
1.16708
1.16715
1.16723
1.16731
1.16739
1.16747
1.16755
1.16763
1.16771
1.16779
1.16787
1.16794
1.16802
1.1705
1.17035
1.17019
1.17053
1.17051
1.16999
1.17059
1.17055
1.16975
1.17062
1.17061
1.1695
1.17067
1.17065
1.1692
1.17071
1.17068
1.16886
1.17074
1.17072
1.16853
1.17076
1.17075
1.17086
1.17084
1.16826
1.17088
1.17087
1.17092
1.17092
1.1681
1.01528
1.15002
1.17096
1.17094
1.17093
1.17097
1.17097
1.17097
1.1709
1.1708
1.17028
1.17062
1.16402
1.1672
1.15904
1.10753
1.0883
1.02597
1.00526
1.009
1.00076
1.00006
1.14788
1.1074
1.0643
1.0293
0.833248
0.864182
1.07686
1.15676
1.13188
1.10375
0.880309
0.962098
1.01323
1.04216
1.05237
1.08094
1.16449
1.17196
1.17207
1.17202
1.17169
1.1719
1.1664
1.16645
1.1665
1.16657
1.16663
1.1667
1.16677
1.16685
1.16692
1.167
1.16708
1.16716
1.16724
1.16732
1.1674
1.16748
1.16756
1.16764
1.16772
1.1678
1.16787
1.16795
1.16802
1.1705
1.17055
1.17062
1.1706
1.17032
1.17014
1.17059
1.16992
1.17064
1.17062
1.16967
1.17069
1.17067
1.16941
1.17073
1.17071
1.16908
1.17076
1.17074
1.16876
1.17079
1.17078
1.16841
1.17083
1.17081
1.17091
1.17089
1.16819
1.17093
1.17092
1.17094
1.17095
1.1681
1.00038
1.12566
1.17095
1.17097
1.17096
1.17099
1.171
1.17098
1.17076
1.17049
1.16906
1.16998
1.15356
1.16083
1.14197
1.06382
1.04291
1.00244
0.998998
0.998644
1.02877
1.14807
1.10796
1.06452
0.845203
0.951494
1.13439
1.15686
1.13163
1.10516
0.861122
0.910414
0.981467
1.02401
1.05018
1.08252
1.17027
1.17197
1.17207
1.17203
1.17182
1.17192
1.16637
1.16642
1.16649
1.16656
1.16663
1.1667
1.16678
1.16685
1.16694
1.16702
1.1671
1.16719
1.16727
1.16735
1.16743
1.16751
1.16759
1.16766
1.16775
1.16782
1.1679
1.16798
1.16805
1.1706
1.17044
1.17063
1.17067
1.17064
1.17027
1.17007
1.17066
1.16984
1.17071
1.17068
1.1696
1.17075
1.17073
1.16929
1.17078
1.17076
1.16899
1.17082
1.1708
1.16862
1.17085
1.17083
1.16833
1.17087
1.17085
1.17097
1.17096
1.16817
1.17097
1.17096
1.17098
1.17098
1.17098
1.16813
0.997809
1.08794
1.17088
1.171
1.17099
1.17098
1.17101
1.17097
1.17034
1.16958
1.16571
1.16817
1.1318
1.14679
1.11131
1.01789
1.00792
0.997071
1.00079
0.997382
1.06467
1.02501
1.14829
1.1085
0.876029
1.0567
1.16103
1.15683
1.13241
1.1059
0.870379
0.886114
0.928199
0.992649
1.03696
1.04596
1.08213
1.17155
1.17198
1.17208
1.17203
1.17186
1.17193
1.16635
1.16641
1.16648
1.16656
1.16664
1.16672
1.1668
1.16689
1.16697
1.16705
1.16713
1.16722
1.16732
1.1674
1.16748
1.16756
1.16764
1.16773
1.1678
1.16787
1.16795
1.16803
1.16811
1.17072
1.17057
1.17039
1.17071
1.17073
1.17072
1.17022
1.17001
1.17072
1.16977
1.17076
1.17073
1.16949
1.17081
1.17078
1.16921
1.17084
1.17081
1.16882
1.17087
1.17086
1.16848
1.17089
1.17089
1.16827
1.17093
1.17091
1.171
1.17099
1.16818
1.17099
1.17098
1.171
1.171
1.171
1.17101
1.1682
1.02809
1.03632
1.17065
1.17101
1.17101
1.17095
1.17101
1.1709
1.1692
1.16712
1.15725
1.16366
1.09464
1.12036
1.06566
0.999882
0.997334
0.998271
1.02802
1.10889
1.06402
1.14847
0.946977
1.12628
1.16953
1.15697
1.133
1.10556
0.895645
0.893653
0.906248
0.93432
0.997369
1.02596
1.05833
1.08349
1.17178
1.17199
1.17208
1.17204
1.17188
1.17194
1.16634
1.16641
1.16649
1.16658
1.16666
1.16673
1.16684
1.16692
1.16701
1.1671
1.16721
1.16729
1.16738
1.16746
1.16755
1.16764
1.16772
1.16779
1.16788
1.16797
1.16806
1.16813
1.16819
1.17083
1.1707
1.17076
1.17051
1.17036
1.17076
1.17079
1.17017
1.16994
1.17078
1.16969
1.17082
1.17081
1.1694
1.17086
1.17084
1.16904
1.17089
1.17088
1.16867
1.17092
1.1709
1.16839
1.17096
1.17093
1.16825
1.17098
1.17097
1.17104
1.17103
1.17101
1.17103
1.16821
1.17102
1.17101
1.17103
1.17103
1.17104
1.16829
1.066
1.02675
1.00435
1.17004
1.17103
1.17103
1.17084
1.17098
1.17069
1.16612
1.16112
1.1391
1.15338
1.04144
1.07698
1.01708
0.996437
0.996267
1.06562
1.14862
1.10893
1.04803
1.15888
1.17143
1.15724
1.13287
1.10687
0.957173
0.916264
0.912934
0.920473
0.942509
1.04476
0.977275
1.05966
1.08412
1.17183
1.172
1.17206
1.1719
1.17196
1.16634
1.16642
1.1665
1.16659
1.16669
1.1668
1.1669
1.16698
1.16707
1.1672
1.16727
1.16739
1.16746
1.16755
1.16764
1.16773
1.16781
1.16791
1.16799
1.16807
1.16815
1.16823
1.16835
1.17081
1.17083
1.17087
1.17091
1.1709
1.17067
1.17049
1.17031
1.17081
1.17084
1.1701
1.16986
1.17083
1.1696
1.17087
1.17085
1.16927
1.17091
1.17089
1.16891
1.17095
1.17092
1.16856
1.17098
1.17095
1.16835
1.171
1.171
1.16825
1.17102
1.17101
1.17106
1.17105
1.17105
1.17109
1.16828
1.17105
1.17104
1.17106
1.17105
1.17105
1.16842
1.11039
1.065
1.02884
0.99602
1.16858
1.17102
1.17104
1.17056
1.17085
1.17004
1.15862
1.14866
1.10762
1.13219
1.00631
1.02288
0.998931
1.02929
1.11
1.14877
1.12424
1.16915
1.17174
1.15722
1.13348
1.1067
1.05408
0.977313
0.937236
0.928146
0.933093
1.01212
0.943307
1.04134
1.06018
1.08482
1.17186
1.17202
1.17205
1.17199
1.17191
1.17198
1.16636
1.16645
1.16655
1.16664
1.16675
1.16684
1.16695
1.16704
1.16718
1.16725
1.16738
1.16747
1.16757
1.16768
1.16776
1.16784
1.16794
1.16802
1.16811
1.16821
1.16829
1.16842
1.1685
1.1709
1.17078
1.17089
1.17093
1.17097
1.17094
1.17061
1.17044
1.17026
1.17087
1.17003
1.16979
1.17089
1.1695
1.17092
1.17091
1.16914
1.17095
1.17094
1.16875
1.17098
1.17097
1.16848
1.17101
1.17099
1.16833
1.17105
1.17103
1.16829
1.17107
1.17106
1.17107
1.17109
1.17108
1.17109
1.17111
1.1711
1.16839
1.17107
1.17106
1.17108
1.17107
1.17106
1.16861
1.14919
1.11015
1.06745
0.995745
1.16511
1.17098
1.17104
1.1698
1.1705
1.16833
1.14364
1.12581
1.05812
1.09594
0.996293
1.00056
0.995361
1.0683
1.02742
1.14904
1.15899
1.17136
1.17181
1.15744
1.13332
1.10791
1.12885
1.07269
1.00566
0.959345
0.943329
0.960135
0.943216
0.982695
1.02974
1.04802
1.08479
1.17187
1.17205
1.172
1.17201
1.17196
1.17194
1.1664
1.16649
1.1666
1.16671
1.16682
1.16693
1.16701
1.16717
1.16727
1.16739
1.16747
1.16757
1.16769
1.16779
1.16789
1.168
1.16807
1.16815
1.16826
1.16838
1.1685
1.16858
1.16866
1.171
1.17087
1.17073
1.17092
1.17095
1.17099
1.17101
1.171
1.17057
1.17039
1.17018
1.16995
1.16968
1.17094
1.16934
1.17097
1.17096
1.16899
1.171
1.17098
1.16864
1.17104
1.17102
1.16843
1.17106
1.17106
1.16834
1.17108
1.17107
1.16837
1.17111
1.1711
1.17109
1.1711
1.17112
1.17114
1.17113
1.16853
1.17109
1.17108
1.1711
1.17108
1.17105
1.16878
1.14932
1.11168
1.15684
1.17085
1.171
1.16792
1.16967
1.16426
1.11901
1.08715
1.01292
1.04132
0.995031
0.994957
0.996031
1.11222
1.06684
1.02881
1.16928
1.17172
1.17183
1.15741
1.13382
1.10834
1.16086
1.13841
1.09495
1.0413
0.989588
0.945822
0.962482
0.950963
0.963193
1.06636
0.983335
1.0822
1.1719
1.17206
1.17199
1.17198
1.17198
1.17193
1.16645
1.16656
1.16667
1.16679
1.16691
1.16702
1.16717
1.16726
1.16736
1.16746
1.16759
1.16772
1.16781
1.16791
1.16804
1.16813
1.16821
1.16837
1.16841
1.16854
1.16864
1.16875
1.16886
1.17111
1.17096
1.17105
1.17084
1.17069
1.17097
1.17101
1.17104
1.17107
1.17053
1.17033
1.17012
1.16988
1.16958
1.17098
1.16924
1.17102
1.171
1.16885
1.17105
1.17103
1.16857
1.17108
1.17106
1.16841
1.1711
1.17109
1.16839
1.17113
1.17111
1.16847
1.17115
1.17114
1.17111
1.17113
1.17114
1.17116
1.17115
1.16872
1.1711
1.17111
1.17112
1.17108
1.17099
1.16896
1.14974
1.14043
1.17047
1.17085
1.16362
1.16767
1.15571
1.07913
1.03013
0.997711
1.00709
1.03095
0.994953
1.14991
1.11174
1.06966
1.17137
1.17178
1.17187
1.15755
1.13415
1.10754
1.16978
1.1641
1.14926
1.12023
1.07748
0.95116
1.03522
0.948374
0.947699
1.01262
0.951057
1.04987
1.0813
1.1719
1.172
1.17206
1.17196
1.17196
1.17195
1.17194
1.16652
1.16664
1.16677
1.1669
1.16702
1.16717
1.16727
1.16739
1.1675
1.16762
1.16776
1.16788
1.168
1.16809
1.16819
1.16827
1.16839
1.16849
1.16861
1.1687
1.16881
1.16893
1.16904
1.17121
1.17112
1.17111
1.17115
1.17095
1.1708
1.17065
1.17102
1.17106
1.17109
1.17112
1.17048
1.17028
1.17004
1.16979
1.16946
1.17104
1.16911
1.17106
1.17105
1.16874
1.17109
1.17108
1.16852
1.17112
1.1711
1.16842
1.17114
1.17112
1.16846
1.17117
1.17116
1.16867
1.17118
1.17118
1.17116
1.17118
1.17114
1.17115
1.17116
1.17117
1.16888
1.1711
1.17112
1.17114
1.17104
1.17083
1.16918
1.11419
1.16956
1.17047
1.15465
1.16319
1.1394
1.02605
1.00474
0.994617
0.99661
1.0301
1.07126
1.15005
1.11332
1.1717
1.17183
1.17186
1.15769
1.13365
1.10783
1.17145
1.17045
1.16707
1.15866
1.13927
0.990238
1.11369
0.966917
0.95336
0.95765
0.949385
0.989798
1.00227
1.07605
1.17191
1.17194
1.172
1.17206
1.17193
1.17193
1.17192
1.1666
1.16675
1.16689
1.16702
1.16716
1.16728
1.16742
1.16754
1.16765
1.1678
1.16791
1.16799
1.16812
1.16823
1.16833
1.16846
1.16859
1.16865
1.16874
1.16888
1.16899
1.16913
1.16926
1.17132
1.17118
1.1712
1.17125
1.17106
1.17117
1.17093
1.17077
1.17061
1.17107
1.1711
1.17114
1.17042
1.17021
1.16997
1.16969
1.16932
1.17109
1.16892
1.17111
1.1711
1.16866
1.17115
1.17113
1.1685
1.17116
1.17114
1.16847
1.1712
1.17118
1.16857
1.1712
1.17119
1.16882
1.1712
1.17119
1.17119
1.17121
1.17115
1.17117
1.17118
1.17119
1.16912
1.17108
1.17112
1.17114
1.17091
1.17044
1.16941
1.07329
1.1675
1.16958
1.13836
1.15411
1.11278
1.00364
0.996218
0.995052
0.994506
1.03159
1.07116
1.11429
1.15051
1.17178
1.17183
1.17188
1.15761
1.13406
1.10679
1.17172
1.17155
1.17097
1.16936
1.16474
1.07877
1.15612
1.04108
0.998515
0.945466
0.972439
0.949166
0.999562
0.953565
1.06921
1.17189
1.17195
1.17201
1.17206
1.1719
1.1719
1.17189
1.16671
1.16686
1.16701
1.16716
1.16729
1.16743
1.16755
1.16767
1.16782
1.16793
1.16803
1.16817
1.16827
1.1684
1.16848
1.16861
1.16871
1.16879
1.16895
1.16906
1.16922
1.16932
1.16952
1.1714
1.1713
1.1713
1.17133
1.17115
1.17121
1.17127
1.17103
1.17118
1.17089
1.17073
1.17056
1.17112
1.17115
1.17036
1.17014
1.16987
1.16954
1.16916
1.17113
1.16884
1.17117
1.17115
1.1686
1.17118
1.17117
1.16851
1.17121
1.17121
1.16856
1.17122
1.17123
1.16876
1.17124
1.17124
1.16903
1.1712
1.17122
1.17121
1.17122
1.17124
1.17124
1.17116
1.17118
1.1712
1.1712
1.16933
1.17099
1.17111
1.17114
1.17053
1.16958
1.16962
1.02386
1.16307
1.16755
1.11295
1.1381
1.07119
0.996016
0.994503
0.995059
1.07329
1.03189
1.11442
1.15079
1.1718
1.17184
1.15765
1.134
1.10413
1.17176
1.17171
1.17161
1.17136
1.17054
1.13951
1.16879
1.11705
1.08867
0.955246
1.05391
0.949592
1.02104
0.958633
0.945755
1.06711
1.17186
1.17188
1.1719
1.17187
1.17196
1.17201
1.17206
1.17187
1.17186
1.16681
1.16697
1.16714
1.16728
1.16742
1.16755
1.16768
1.16783
1.16795
1.16807
1.1682
1.1683
1.1684
1.1685
1.16864
1.16875
1.16886
1.16904
1.16908
1.16925
1.16936
1.16952
1.16963
1.17149
1.17139
1.1714
1.17143
1.17127
1.17132
1.17135
1.17114
1.17123
1.17128
1.17101
1.1712
1.17085
1.17069
1.1705
1.17117
1.1703
1.17005
1.16977
1.1694
1.16906
1.17118
1.16875
1.1712
1.17119
1.16858
1.17122
1.17121
1.16855
1.17124
1.17123
1.16869
1.17126
1.17125
1.16895
1.17125
1.17128
1.17127
1.16923
1.17122
1.17123
1.17125
1.17125
1.17117
1.17119
1.17121
1.17122
1.16953
1.17073
1.17106
1.17111
1.16969
1.1677
1.16978
1.00294
1.15414
1.16327
1.0734
1.11452
1.02329
0.994428
0.995089
1.11569
1.07395
1.0328
1.15099
1.17181
1.15765
1.13325
1.10312
1.17178
1.17175
1.17171
1.17166
1.17151
1.16461
1.17125
1.15704
1.14496
1.01542
1.12628
0.983575
0.974018
0.943603
0.965034
0.98236
1.06181
1.17185
1.17184
1.17185
1.17191
1.17184
1.17196
1.17202
1.17206
1.17184
1.17182
1.16691
1.16709
1.16726
1.1674
1.16753
1.16768
1.16783
1.16795
1.16808
1.16821
1.16832
1.16844
1.16855
1.16871
1.16881
1.16888
1.16903
1.16915
1.16935
1.16941
1.16953
1.16969
1.16985
1.17158
1.17148
1.17148
1.17154
1.17137
1.17141
1.17144
1.17125
1.17132
1.17137
1.17112
1.17125
1.17129
1.17097
1.17121
1.17082
1.17065
1.17045
1.17022
1.16996
1.16964
1.16929
1.16892
1.17122
1.16869
1.17124
1.17123
1.16859
1.17126
1.17125
1.16865
1.17129
1.17128
1.16887
1.17129
1.17129
1.16915
1.17127
1.1713
1.17128
1.1713
1.16942
1.17123
1.17125
1.17126
1.17127
1.17116
1.17119
1.17122
1.17123
1.16973
1.17005
1.17089
1.17102
1.16795
1.16371
1.16999
0.995671
1.13852
1.15494
1.02501
1.07822
1.00266
0.99491
1.1514
1.11625
1.07501
1.03415
1.1575
1.13284
1.10153
1.17179
1.17176
1.17173
1.1717
1.17165
1.17045
1.17161
1.16909
1.16605
1.10327
1.16091
1.07566
0.944899
0.953669
1.04398
0.979668
0.947338
1.0543
1.17182
1.17181
1.17186
1.17182
1.17183
1.17192
1.17181
1.17197
1.17202
1.17207
1.17181
1.16699
1.16718
1.16737
1.1675
1.16766
1.16781
1.16794
1.16809
1.16821
1.16833
1.16847
1.16857
1.16871
1.16882
1.16892
1.16909
1.16919
1.16933
1.16946
1.16954
1.16976
1.16985
1.17001
1.17167
1.17157
1.17158
1.17162
1.1715
1.1715
1.17155
1.17134
1.17141
1.17145
1.17122
1.17133
1.17138
1.17108
1.17126
1.1713
1.17094
1.17078
1.1706
1.17038
1.17014
1.16985
1.1695
1.16913
1.16883
1.17126
1.16867
1.17128
1.17128
1.16866
1.1713
1.17129
1.16881
1.17132
1.17131
1.16906
1.17133
1.17132
1.16937
1.17131
1.17133
1.1713
1.17133
1.17129
1.17133
1.16974
1.17125
1.17126
1.17128
1.17112
1.17119
1.17123
1.17125
1.1699
1.1686
1.17047
1.1708
1.16459
1.15611
1.17018
0.994059
1.11634
1.14031
1.00336
1.03065
0.995177
1.15166
1.11704
1.07638
1.03515
1.15737
1.13248
1.09784
1.17178
1.17175
1.17173
1.17169
1.17146
1.17167
1.17125
1.1708
1.15126
1.16975
1.13975
0.947699
1.01479
1.12305
0.948372
1.00078
0.944758
1.05419
1.17179
1.17178
1.17181
1.17187
1.1718
1.17181
1.17192
1.17179
1.17197
1.17202
1.17207
1.16706
1.16727
1.16746
1.16761
1.16777
1.16791
1.16807
1.16819
1.16833
1.16847
1.16858
1.16871
1.16883
1.16894
1.16908
1.16919
1.16933
1.16946
1.16959
1.16978
1.16987
1.16999
1.1702
1.17177
1.17167
1.17167
1.17171
1.17156
1.17159
1.17163
1.17145
1.1715
1.17155
1.17132
1.17142
1.17147
1.1712
1.17134
1.17138
1.17106
1.17131
1.1709
1.17073
1.17054
1.17031
1.17006
1.16972
1.16937
1.16902
1.16876
1.16869
1.17133
1.17132
1.16876
1.17135
1.17134
1.16897
1.17136
1.17135
1.16929
1.17136
1.17136
1.1696
1.17134
1.17132
1.17134
1.17131
1.17134
1.17129
1.17136
1.1699
1.17126
1.17128
1.17102
1.17116
1.17123
1.17126
1.1702
1.16584
1.16954
1.17029
1.15836
1.14283
1.17034
0.994275
1.08417
1.11946
0.994561
1.00596
0.993188
1.15196
1.11797
1.07747
1.03573
1.15726
1.13115
1.09678
1.17176
1.17174
1.17171
1.17162
1.17169
1.17158
1.1715
1.1679
1.17134
1.16491
0.988573
1.10379
1.15994
0.962171
0.943115
0.971164
0.966508
1.05026
1.17176
1.17178
1.17182
1.17188
1.17178
1.17178
1.17193
1.17176
1.17198
1.17202
1.17207
1.16711
1.16734
1.16755
1.16772
1.16787
1.16802
1.16816
1.1683
1.16845
1.16856
1.1687
1.16884
1.16894
1.16906
1.16919
1.16934
1.16945
1.16959
1.16978
1.16987
1.17007
1.17023
1.17038
1.17185
1.17176
1.17176
1.17181
1.17165
1.17167
1.17172
1.17157
1.17159
1.17164
1.17144
1.17151
1.17155
1.17131
1.17143
1.17147
1.17117
1.17135
1.1714
1.17102
1.17087
1.17069
1.17047
1.17024
1.16994
1.16959
1.16925
1.1689
1.16875
1.16875
1.17137
1.17136
1.1689
1.17137
1.17137
1.16919
1.17139
1.17139
1.16952
1.1714
1.17139
1.16985
1.17135
1.17133
1.17132
1.17136
1.1713
1.17136
1.17129
1.17139
1.17137
1.17009
1.17128
1.17079
1.1711
1.17122
1.17127
1.17034
1.16097
1.16766
1.16928
1.14741
1.12384
1.17051
1.04122
1.09115
0.9917
0.994663
0.992978
1.15228
1.11878
1.07824
1.03432
1.15695
1.13052
1.09491
1.17173
1.17165
1.17171
1.17163
1.1716
1.17107
1.17156
1.1706
1.084
1.15257
1.16981
0.943555
0.9597
1.05952
0.968264
0.944506
1.04899
1.17178
1.17176
1.17175
1.17173
1.17183
1.17188
1.17176
1.17193
1.17174
1.17198
1.17202
1.17207
1.16715
1.16741
1.16762
1.1678
1.16796
1.1681
1.16824
1.16839
1.16853
1.16867
1.16882
1.16893
1.16905
1.16918
1.16934
1.16948
1.16963
1.16979
1.16994
1.17013
1.17024
1.17043
1.17055
1.17186
1.17195
1.17184
1.17175
1.17176
1.1718
1.17164
1.17169
1.17172
1.17154
1.1716
1.17165
1.17141
1.17151
1.17157
1.17129
1.17145
1.17148
1.17114
1.1714
1.17099
1.17083
1.17062
1.17041
1.17014
1.1698
1.16946
1.16906
1.16886
1.16878
1.16887
1.17141
1.1691
1.17142
1.17142
1.16942
1.17143
1.17142
1.16975
1.17143
1.17143
1.17004
1.17135
1.17136
1.17133
1.17132
1.17137
1.17131
1.17129
1.17144
1.17138
1.1714
1.17027
1.17035
1.17096
1.1712
1.17127
1.17049
1.15302
1.16429
1.16749
1.13101
1.0989
1.17072
1.0113
1.05364
0.990656
0.989725
0.992791
1.15256
1.11937
1.07887
1.03677
1.15674
1.12977
1.0937
1.17168
1.17172
1.17166
1.17163
1.17151
1.17161
1.17144
1.14387
1.16838
1.17133
0.952888
1.03555
1.13276
0.971308
0.945008
0.949142
1.04724
1.17179
1.17174
1.17173
1.17173
1.17172
1.17184
1.17189
1.17173
1.17194
1.17198
1.17202
1.17207
1.16716
1.16744
1.16765
1.16783
1.16799
1.16815
1.1683
1.16845
1.16861
1.16877
1.16891
1.16904
1.16916
1.16934
1.16946
1.16962
1.16978
1.16998
1.17009
1.17025
1.1704
1.17054
1.17072
1.17194
1.17185
1.17189
1.17202
1.17193
1.17184
1.17173
1.17176
1.1718
1.17163
1.17168
1.17172
1.17152
1.1716
1.17164
1.17139
1.17152
1.17157
1.17126
1.17145
1.17148
1.17112
1.17095
1.17077
1.17057
1.17034
1.17003
1.16969
1.16929
1.16899
1.16885
1.16886
1.16903
1.17145
1.16932
1.17146
1.17145
1.1697
1.17146
1.17146
1.17
1.17146
1.17146
1.17024
1.17134
1.17136
1.17137
1.17133
1.17131
1.17138
1.1713
1.17146
1.17143
1.17144
1.1714
1.17049
1.1696
1.17073
1.17116
1.17127
1.17071
1.14078
1.15889
1.16463
1.1099
1.06702
1.17091
0.996001
1.02021
0.990428
0.987532
1.15281
1.11996
1.0804
1.03443
1.15653
1.12914
1.09235
1.17169
1.17167
1.17165
1.17159
1.17163
1.17156
1.16627
1.17115
1.17153
1.01382
1.11961
1.16327
0.972903
0.945425
0.946982
0.99646
1.04643
1.17174
1.17179
1.17171
1.17171
1.17171
1.1717
1.17184
1.17189
1.17171
1.17194
1.17198
1.17202
1.17207
1.16716
1.16746
1.16766
1.16784
1.168
1.16817
1.16833
1.16851
1.16868
1.16885
1.16901
1.16915
1.16931
1.16945
1.1696
1.16977
1.16997
1.17009
1.17024
1.17041
1.17056
1.17075
1.17093
1.17202
1.17193
1.17198
1.17186
1.17189
1.17202
1.17193
1.17183
1.17173
1.17177
1.17182
1.17162
1.17169
1.17173
1.1715
1.17161
1.17164
1.17137
1.17152
1.17156
1.17123
1.17149
1.17108
1.17091
1.17072
1.17051
1.17023
1.16994
1.16956
1.16917
1.16895
1.16888
1.16899
1.16923
1.16961
1.17149
1.1715
1.16993
1.1715
1.1715
1.17019
1.1715
1.1715
1.17049
1.17136
1.17134
1.17137
1.17138
1.17132
1.17128
1.17149
1.17146
1.17148
1.17143
1.17144
1.17141
1.17068
1.1684
1.17037
1.17109
1.17086
1.12415
1.15101
1.16049
1.08389
1.03475
1.17108
0.987753
1.00054
0.990139
0.986351
1.15304
1.12084
1.08076
1.03916
1.15631
1.12843
1.09138
1.17169
1.17166
1.17161
1.17165
1.17158
1.17087
1.17149
1.17156
1.10533
1.15919
1.17044
0.975621
0.946129
0.946105
0.984885
1.09114
1.04528
1.17171
1.17175
1.1718
1.17169
1.17168
1.17167
1.17169
1.17168
1.17185
1.17189
1.17194
1.17198
1.17202
1.17207
1.16717
1.16747
1.16767
1.16784
1.16801
1.16817
1.16835
1.16854
1.16874
1.16894
1.16909
1.16923
1.16941
1.16959
1.16978
1.16992
1.17007
1.17024
1.17039
1.17059
1.17075
1.17096
1.17109
1.17202
1.17207
1.17194
1.17198
1.17185
1.17189
1.17202
1.17194
1.17183
1.17172
1.17177
1.17181
1.1716
1.17169
1.17173
1.17148
1.17162
1.17165
1.17135
1.17154
1.17157
1.1712
1.17104
1.17086
1.17066
1.17041
1.17016
1.16981
1.16936
1.16909
1.16894
1.16897
1.16916
1.16944
1.16988
1.17155
1.17153
1.17015
1.17154
1.17154
1.17041
1.17155
1.17154
1.17065
1.17135
1.17137
1.17133
1.17138
1.17128
1.171
1.17153
1.17149
1.17151
1.17146
1.17148
1.17142
1.17144
1.1714
1.17086
1.1667
1.16988
1.1711
1.1043
1.1406
1.15505
1.05544
1.01013
1.17127
0.983831
0.986561
0.986332
1.1533
1.12123
1.08283
1.03652
1.15609
1.12784
1.09027
1.17167
1.17162
1.17165
1.1716
1.17145
1.17154
1.17158
1.15383
1.16983
1.17139
0.97671
0.94681
0.9457
0.978101
1.07749
1.14756
1.04535
1.17168
1.17171
1.17176
1.1718
1.17167
1.17167
1.17165
1.17166
1.17185
1.17189
1.17194
1.17198
1.17203
1.17207
1.16722
1.16752
1.16773
1.16788
1.16803
1.16819
1.16837
1.16857
1.1688
1.169
1.16917
1.16944
1.16962
1.16976
1.16991
1.17005
1.17024
1.17038
1.1706
1.17075
1.17096
1.1711
1.17127
1.17202
1.17207
1.17194
1.17198
1.17185
1.1719
1.17202
1.17192
1.17182
1.17171
1.17177
1.17181
1.17159
1.17169
1.17174
1.17147
1.17161
1.17164
1.17132
1.17157
1.17117
1.17101
1.17081
1.1706
1.17034
1.17004
1.1696
1.16927
1.16904
1.16899
1.16911
1.16937
1.16983
1.17007
1.17157
1.1704
1.17157
1.17157
1.17065
1.17156
1.17157
1.17085
1.17136
1.17134
1.17138
1.17127
1.17089
1.16927
1.17156
1.17153
1.17154
1.17149
1.17151
1.17145
1.17147
1.17142
1.17143
1.17139
1.17105
1.16451
1.17126
1.08244
1.12757
1.14856
1.03028
0.991235
1.17147
0.981523
0.979931
0.986245
1.15348
1.12234
1.08292
1.04142
1.15588
1.12719
1.08971
1.17163
1.17161
1.17152
1.17156
1.17159
1.16886
1.17133
1.1715
0.978042
0.947789
0.945753
0.973527
1.06585
1.14131
1.16744
1.04488
1.17163
1.17168
1.17172
1.17176
1.17181
1.17165
1.17165
1.17164
1.17164
1.17185
1.1719
1.17194
1.17198
1.17203
1.17207
1.16737
1.16767
1.16787
1.16799
1.16811
1.16824
1.1684
1.16861
1.16884
1.16907
1.16939
1.16957
1.16971
1.16988
1.17004
1.17027
1.17038
1.17057
1.17074
1.17092
1.17108
1.17128
1.17146
1.17202
1.17207
1.17194
1.17198
1.17186
1.17189
1.17202
1.17192
1.17181
1.1717
1.17177
1.17182
1.17157
1.17171
1.17173
1.17144
1.17161
1.17165
1.1713
1.17114
1.17096
1.17076
1.17052
1.17026
1.16985
1.16948
1.16919
1.16904
1.16907
1.16931
1.16972
1.17007
1.17035
1.17161
1.17058
1.17161
1.17161
1.17082
1.17161
1.17162
1.17104
1.17135
1.17137
1.17127
1.17079
1.16857
1.16198
1.1716
1.17156
1.17157
1.17152
1.17154
1.17149
1.17151
1.17145
1.17146
1.17142
1.17143
1.17138
1.17125
1.17147
1.06067
1.11325
1.14157
1.00872
0.978756
1.17166
0.980562
0.97535
1.15379
1.12254
1.08494
0.981022
1.03969
1.15567
1.12671
1.08894
1.17162
1.17154
1.17157
1.1716
1.17122
1.17148
1.17152
0.977394
0.948978
0.946074
0.97216
1.0574
1.13502
1.16546
1.17105
1.04553
1.1716
1.17164
1.17163
1.17168
1.17172
1.17177
1.17181
1.17163
1.17161
1.17185
1.1719
1.17194
1.17198
1.17202
1.16756
1.16788
1.16808
1.16815
1.16823
1.16833
1.16845
1.16864
1.16889
1.16925
1.1695
1.16965
1.16984
1.17004
1.17022
1.17038
1.17058
1.17074
1.17091
1.17108
1.17131
1.17146
1.17166
1.17194
1.17186
1.1719
1.17202
1.17192
1.1718
1.17169
1.17177
1.17182
1.17156
1.1717
1.17173
1.17142
1.17165
1.17127
1.1711
1.17092
1.17069
1.17045
1.17009
1.16968
1.16937
1.16914
1.16908
1.16922
1.16957
1.1699
1.17026
1.17058
1.17078
1.17166
1.17165
1.17103
1.17164
1.17165
1.17124
1.17135
1.17127
1.17069
1.16789
1.15934
1.17155
1.17157
1.17152
1.17154
1.17148
1.1715
1.17144
1.17146
1.17141
1.17142
1.17137
1.17147
1.17167
1.04096
1.09874
1.13447
0.991763
0.971054
1.17187
0.97232
1.15393
1.12366
1.0853
0.981088
1.03975
1.15548
1.12619
1.08865
1.17155
1.17158
1.17161
1.17145
1.17151
1.17153
0.976137
0.950557
0.947255
0.972377
1.05076
1.129
1.16302
1.17076
1.17142
1.04532
1.17158
1.1716
1.17168
1.17172
1.17177
1.17181
1.17159
1.17186
1.16812
1.16843
1.16836
1.16833
1.16836
1.16842
1.16852
1.1687
1.16905
1.16938
1.16958
1.16983
1.17001
1.17017
1.17036
1.17055
1.17072
1.17089
1.17109
1.17129
1.17148
1.17167
1.17185
1.17201
1.17191
1.17179
1.17167
1.17177
1.17182
1.17154
1.17169
1.17173
1.1714
1.17123
1.17106
1.17085
1.17063
1.17034
1.16994
1.16959
1.16928
1.16913
1.16919
1.16949
1.16982
1.17021
1.17049
1.17075
1.17104
1.17169
1.17169
1.17124
1.17144
1.17128
1.17066
1.16729
1.1569
1.17155
1.17157
1.17151
1.17153
1.17147
1.17149
1.17143
1.17145
1.17139
1.17141
1.1713
1.17165
1.17185
1.02356
1.08493
1.12791
0.97929
0.965304
0.97057
1.15424
1.12392
1.08564
0.98163
1.04029
1.15529
1.12583
1.08802
1.17156
1.17159
1.17149
1.17152
1.17154
0.976528
0.95221
0.949161
0.973373
1.04593
1.1238
1.16047
1.17023
1.17138
1.17147
1.17158
1.17173
1.17177
1.1699
1.16921
1.16889
1.16866
1.1686
1.16862
1.16867
1.16885
1.16918
1.16946
1.16976
1.16999
1.17016
1.17032
1.17055
1.17072
1.1709
1.1711
1.17128
1.17146
1.17165
1.17185
1.17201
1.1719
1.17179
1.17166
1.17152
1.17137
1.17121
1.17102
1.1708
1.17054
1.17019
1.16982
1.16946
1.16924
1.1692
1.16941
1.16975
1.17013
1.17044
1.17071
1.17099
1.17121
1.17144
1.17166
1.17065
1.16701
1.15481
1.17154
1.17156
1.1715
1.17152
1.17146
1.17148
1.17142
1.17144
1.17133
1.17136
1.17069
1.17186
1.00905
1.07257
1.1224
0.969243
0.960764
0.969753
1.15435
1.12406
1.08686
0.984317
1.15513
1.12537
1.17157
1.1715
1.17153
1.17155
0.970017
0.954547
0.952001
0.975815
1.04478
1.11946
1.15797
1.16959
1.17132
1.17145
1.17148
1.17089
1.16989
1.16936
1.16901
1.1689
1.16885
1.16881
1.16894
1.16927
1.16963
1.16995
1.17012
1.17029
1.17051
1.1707
1.17089
1.1711
1.17131
1.17146
1.17167
1.17186
1.17201
1.17189
1.17177
1.17165
1.1715
1.17135
1.17116
1.17096
1.17072
1.17042
1.17007
1.16967
1.16938
1.16925
1.16937
1.16964
1.17002
1.17037
1.17067
1.17099
1.1712
1.17144
1.17164
1.17185
1.16691
1.15362
1.17154
1.17149
1.17151
1.17145
1.17147
1.17138
1.17141
1.1708
1.17095
1.16696
0.996932
1.06199
1.11832
0.961718
0.957228
1.15447
1.12493
1.15496
0.956105
0.980576
1.04548
1.1164
1.15571
1.16885
1.17122
1.17143
1.17139
1.17044
1.16978
1.16932
1.16912
1.16898
1.16888
1.16903
1.16943
1.16983
1.17007
1.17027
1.17051
1.17071
1.17087
1.17107
1.17126
1.17145
1.17165
1.17185
1.172
1.17189
1.17176
1.17163
1.17148
1.17131
1.17113
1.17091
1.17064
1.17033
1.1699
1.16956
1.16934
1.16933
1.16953
1.16992
1.17029
1.17062
1.17093
1.17118
1.17143
1.17165
1.17185
1.15312
1.1711
1.16737
1.16807
1.15311
0.987438
1.05356
1.11649
1.15477
1.0479
1.11592
1.15393
1.17158
1.17084
1.17014
1.16963
1.16927
1.16904
1.16893
1.16916
1.16963
1.16996
1.17022
1.17044
1.17066
1.17086
1.17109
1.17125
1.17145
1.17167
1.17185
1.172
1.17188
1.17175
1.17161
1.17146
1.17128
1.17108
1.17083
1.17055
1.17015
1.16976
1.16948
1.16937
1.16947
1.16984
1.1702
1.17057
1.1709
1.17121
1.17141
1.17165
1.17185
1.17164
1.17109
1.17046
1.16986
1.16933
1.16906
1.16901
1.16934
1.1698
1.17012
1.17037
1.17059
1.17084
1.17103
1.17125
1.17144
1.17164
1.17184
1.172
1.17187
1.17174
1.17159
1.17143
1.17124
1.17102
1.17076
1.17042
1.17002
1.16965
1.16946
1.16948
1.16974
1.1701
1.17052
1.17086
1.17114
1.17138
1.17163
1.17185
1.17166
1.1712
1.17066
1.16995
1.16934
1.16907
1.16912
1.16955
1.16998
1.17031
1.17056
1.1708
1.17101
1.17125
1.17143
1.17164
1.17184
1.17199
1.17186
1.17172
1.17157
1.17139
1.17119
1.17095
1.17066
1.1703
1.16987
1.16959
1.1695
1.16964
1.17002
1.17041
1.1708
1.17109
1.17137
1.17161
1.17185
1.17167
1.17123
1.17074
1.16995
1.16932
1.16909
1.16926
1.16976
1.17019
1.1705
1.17074
1.17098
1.1712
1.17141
1.17163
1.17183
1.17199
1.17186
1.17171
1.17154
1.17136
1.17113
1.17088
1.17057
1.17012
1.16977
1.16958
1.16962
1.1699
1.17033
1.17069
1.17107
1.17136
1.1716
1.17186
1.17166
1.17121
1.17072
1.16986
1.16929
1.16914
1.16948
1.17
1.17041
1.1707
1.17094
1.17117
1.1714
1.17163
1.17183
1.17198
1.17184
1.17169
1.17152
1.17131
1.17109
1.17079
1.17038
1.16999
1.16971
1.16963
1.16983
1.17021
1.17066
1.17104
1.17134
1.17159
1.17186
1.17164
1.17116
1.17062
1.16968
1.16923
1.16926
1.16974
1.17025
1.17062
1.1709
1.17113
1.17139
1.1716
1.17184
1.17198
1.17184
1.17167
1.17148
1.17126
1.17101
1.17066
1.17026
1.16989
1.1697
1.16979
1.17012
1.17058
1.17095
1.1713
1.17158
1.17184
1.17161
1.17108
1.17043
1.16953
1.16922
1.16945
1.17003
1.1705
1.17082
1.1711
1.17135
1.1716
1.17182
1.17197
1.17182
1.17165
1.17145
1.1712
1.17092
1.17051
1.17013
1.16983
1.16979
1.17001
1.17048
1.1709
1.17124
1.17157
1.17185
1.17157
1.17097
1.17019
1.16941
1.1693
1.16974
1.17032
1.17076
1.17106
1.17132
1.17158
1.17181
1.17197
1.1718
1.17162
1.1714
1.17115
1.17079
1.17039
1.17002
1.16985
1.16998
1.17042
1.17081
1.17121
1.17157
1.17185
1.17151
1.1708
1.16992
1.16936
1.16949
1.17007
1.17062
1.17099
1.17131
1.17155
1.1718
1.17196
1.17179
1.17159
1.17136
1.17105
1.17067
1.17024
1.16998
1.16998
1.17026
1.17072
1.17121
1.17151
1.17183
1.17144
1.17059
1.16969
1.16939
1.16978
1.17042
1.17091
1.17125
1.17153
1.17181
1.17195
1.17177
1.17156
1.17128
1.17097
1.17051
1.17016
1.17002
1.1702
1.17066
1.17115
1.17147
1.17181
1.17133
1.17031
1.16957
1.16957
1.17015
1.17077
1.17119
1.17148
1.17178
1.17195
1.17175
1.17151
1.17121
1.17081
1.17039
1.17013
1.17018
1.17053
1.17109
1.17145
1.17183
1.1711
1.17001
1.16956
1.16988
1.17056
1.17111
1.17146
1.17178
1.17194
1.17173
1.17146
1.17111
1.17069
1.17031
1.17021
1.17044
1.17097
1.1714
1.17179
1.17069
1.16982
1.16972
1.17029
1.17096
1.17143
1.17175
1.17192
1.1717
1.17139
1.171
1.17054
1.1703
1.17041
1.1708
1.17137
1.1718
1.17033
1.16979
1.17004
1.17076
1.17134
1.17172
1.17191
1.17165
1.1713
1.17087
1.17049
1.17044
1.17073
1.17135
1.17175
1.17005
1.16992
1.1705
1.17123
1.17171
1.1719
1.1716
1.17121
1.17075
1.17052
1.17069
1.17118
1.17174
1.16999
1.17025
1.17104
1.17167
1.17188
1.17153
1.17108
1.17069
1.1707
1.1711
1.17177
1.17015
1.1708
1.1716
1.17186
1.17146
1.17097
1.17078
1.17105
1.17172
1.17059
1.1715
1.17181
1.17136
1.17095
1.17103
1.17167
1.17137
1.17175
1.17126
1.17109
1.17164
1.1717
1.1713
1.1716
1.17165
1.17158
1.17174
)
;

boundaryField
{
    lowerOutlet
    {
        type            calculated;
        value           nonuniform List<scalar> 
144
(
1.1721
1.1721
1.1721
1.1721
1.1721
1.1721
1.1721
1.1721
1.1721
1.1721
1.1721
1.1721
1.1721
1.1721
1.1721
1.1721
1.1721
1.1721
1.1721
1.1721
1.1721
1.1721
1.1721
1.1721
1.1721
1.1721
1.1721
1.1721
1.1721
1.1721
1.1721
1.1721
1.1721
1.1721
1.1721
1.1721
1.1721
1.1721
1.1721
1.1721
1.1721
1.1721
1.1563
1.14615
1.16474
1.1721
1.1721
1.1721
0.569814
1.1721
1.1721
1.1721
1.1721
1.1721
1.1721
1.1721
1.1721
1.1721
1.1721
1.1721
1.1721
1.1721
1.1721
1.1721
1.1721
1.1721
1.1721
1.1721
1.1721
1.1721
1.1721
1.1721
1.1721
1.1721
1.1721
1.1721
1.1721
1.1721
1.1721
1.1721
1.1721
1.1721
1.1721
1.1721
1.1721
1.1721
1.1721
1.1721
1.1721
1.1721
1.1721
1.1721
1.1721
1.1721
1.1721
1.1721
1.1721
1.1721
1.1721
1.1721
1.14694
1.16089
1.17077
1.1721
1.1721
0.928345
1.1721
1.1721
1.1721
1.1721
1.1721
1.1721
1.1721
1.1721
1.1721
1.1721
1.1721
1.1721
1.16744
1.1721
1.1721
1.1721
1.1721
1.1721
1.1721
1.1721
1.1721
1.1721
1.1721
1.15771
1.16927
1.1721
1.1721
1.1721
1.1721
1.1721
1.1721
1.1721
1.1721
1.1721
1.1721
1.1721
1.1721
1.1721
)
;
    }
    top
    {
        type            calculated;
        value           nonuniform List<scalar> 
100
(
1.17197
1.17197
1.17197
1.17197
1.17197
1.17197
1.16886
1.16871
1.16863
1.16854
1.16844
1.1683
1.16812
1.16791
1.1676
1.16724
1.16688
1.16655
1.16627
1.16593
1.16479
1.16072
1.15314
1.14518
1.13918
1.1362
1.13534
1.13575
1.13764
1.14032
1.14317
1.14567
1.14726
1.14684
1.1425
1.13466
1.12565
1.12013
1.11835
1.1201
1.12577
1.13563
1.1493
1.16183
1.16637
1.16692
1.16689
1.1668
1.16672
1.16664
1.16657
1.16651
1.16647
1.16644
1.1664
1.16637
1.16635
1.16634
1.16634
1.16636
1.1664
1.16645
1.16651
1.1666
1.16671
1.16681
1.1669
1.16699
1.16706
1.16711
1.16714
1.16716
1.16716
1.16717
1.16722
1.16737
1.16756
1.1681
1.17197
1.17197
1.17197
1.17197
1.17197
1.17197
1.17197
1.17197
1.17197
1.17197
1.17197
1.17197
1.17197
1.17197
1.17111
1.1707
1.17034
1.17006
1.17
1.17015
1.17059
1.17136
)
;
    }
    sides
    {
        type            calculated;
        value           nonuniform List<scalar> 
100
(
1.1721
1.1721
1.1721
1.17209
1.17209
1.17209
1.17209
1.17208
1.17208
1.17208
1.17208
1.17207
1.17207
1.17207
1.17207
1.17206
1.17206
1.17206
1.17205
1.17205
1.17205
1.17205
1.17204
1.17204
1.17204
1.17204
1.17203
1.17203
1.17203
1.17203
1.17202
1.17202
1.17202
1.17201
1.17201
1.17201
1.17201
1.172
1.172
1.172
1.172
1.17199
1.17199
1.17199
1.17199
1.17198
1.17198
1.17198
1.17197
1.17197
1.1721
1.1721
1.1721
1.17209
1.17209
1.17209
1.17209
1.17208
1.17208
1.17208
1.17208
1.17207
1.17207
1.17207
1.17207
1.17206
1.17206
1.17206
1.17205
1.17205
1.17205
1.17205
1.17204
1.17204
1.17204
1.17204
1.17203
1.17203
1.17203
1.17203
1.17202
1.17202
1.17202
1.17201
1.17201
1.17201
1.17201
1.172
1.172
1.172
1.172
1.17199
1.17199
1.17199
1.17199
1.17198
1.17198
1.17198
1.17197
1.17197
)
;
    }
    front
    {
        type            empty;
    }
    back
    {
        type            empty;
    }
    roller
    {
        type            calculated;
        value           nonuniform List<scalar> 
144
(
1.16829
1.1681
1.16805
1.16857
1.16825
1.16743
1.16746
1.16753
1.16779
1.16816
1.16822
1.16827
1.16815
1.16847
1.16856
1.16797
1.16858
1.16758
1.16743
1.1681
1.16745
1.16799
1.16749
1.16787
1.16813
1.16814
1.16832
1.16849
1.1685
1.16857
1.168
1.16798
1.16856
1.16831
1.16752
1.16745
1.16753
1.16816
1.16826
1.16813
1.16814
1.16837
1.16808
1.16806
1.16807
1.16798
1.16859
1.16859
1.16858
1.16795
1.16763
1.16749
1.16747
1.16822
1.16821
1.16818
1.16751
1.16784
1.16815
1.16817
1.16823
1.16796
1.16851
1.16843
1.16834
1.16755
1.16756
1.16761
1.16769
1.16818
1.16819
1.16838
1.16801
1.16794
1.16853
1.16792
1.16787
1.16845
1.16785
1.16776
1.16836
1.16772
1.16767
1.16827
1.16807
1.16797
1.16752
1.16752
1.16777
1.16782
1.16755
1.16759
1.16767
1.16816
1.16824
1.16834
1.16811
1.16809
1.16803
1.16858
1.16795
1.16849
1.1684
1.16816
1.16814
1.16743
1.16805
1.16747
1.16792
1.16789
1.16757
1.16763
1.16771
1.16774
1.16817
1.16818
1.1682
1.16821
1.16812
1.16841
1.16844
1.16854
1.16853
1.16802
1.16858
1.16854
1.16791
1.16789
1.16847
1.16782
1.16779
1.16838
1.16829
1.16744
1.16743
1.16812
1.16744
1.16802
1.16748
1.16748
1.16795
1.16754
1.16758
1.16765
)
;
    }
    burner
    {
        type            calculated;
        value           nonuniform List<scalar> 
16
(
0.3212
0.3212
0.3212
0.321199
0.3212
0.3212
0.321199
0.321198
0.3212
0.3212
0.321199
0.321199
0.3212
0.3212
0.321199
0.321199
)
;
    }
}


// ************************************************************************* //
