/*--------------------------------*- C++ -*----------------------------------*\
  =========                 |
  \\      /  F ield         | OpenFOAM: The Open Source CFD Toolbox
   \\    /   O peration     | Website:  https://openfoam.org
    \\  /    A nd           | Version:  dev
     \\/     M anipulation  |
\*---------------------------------------------------------------------------*/
FoamFile
{
    version     2.0;
    format      ascii;
    class       labelList;
    note        "nPoints:20338  nCells:9834  nFaces:39671  nInternalFaces:19497";
    location    "constant/polyMesh";
    object      neighbour;
}
// * * * * * * * * * * * * * * * * * * * * * * * * * * * * * * * * * * * * * //


19497
(
1
2
3
4
4
5
6
7
7
8
8
9
10
11
11
12
12
13
13
14
15
16
16
17
17
18
18
19
19
20
21
22
22
23
23
24
24
25
25
26
26
27
28
29
29
30
30
31
31
32
32
33
33
34
34
35
36
37
37
38
38
39
39
40
40
41
41
42
42
43
43
44
45
46
46
47
47
48
48
49
49
50
50
51
51
52
52
53
53
54
55
56
56
57
57
58
58
59
59
60
60
61
61
62
62
63
63
64
64
65
66
67
67
68
68
69
69
70
70
71
71
72
72
73
73
74
74
75
75
76
76
77
78
79
79
80
80
81
81
82
82
83
83
84
84
85
85
86
86
87
87
88
88
89
89
90
91
92
92
93
93
94
94
95
95
96
96
97
97
98
98
99
99
100
100
101
101
102
102
103
103
104
105
106
106
107
107
108
108
109
109
110
110
111
111
112
112
113
113
114
114
115
115
116
116
117
117
118
118
119
120
121
121
122
122
123
123
124
124
125
125
126
126
127
127
128
128
129
129
130
130
131
131
132
132
133
133
134
134
135
136
137
137
138
138
139
139
140
140
141
141
142
142
143
143
144
144
145
145
146
146
147
147
148
148
149
149
150
150
151
151
152
153
154
154
155
155
156
156
157
157
158
158
159
159
160
160
161
161
162
162
163
163
164
164
165
165
166
166
167
167
168
168
169
169
170
171
172
172
173
173
174
174
175
175
176
176
177
177
178
178
179
179
180
180
181
181
182
182
183
183
184
184
185
185
186
186
187
187
188
188
189
190
191
191
192
192
193
193
194
194
195
195
196
196
197
197
198
198
199
199
200
200
201
201
202
202
203
203
204
204
205
205
206
206
207
207
208
208
209
210
211
211
212
212
213
213
214
214
215
215
216
216
217
217
218
218
219
219
220
220
221
221
222
222
223
223
224
224
225
225
226
226
227
227
228
228
229
229
230
231
232
232
233
233
234
234
235
235
236
236
237
237
238
238
239
239
240
240
241
241
242
242
243
243
244
244
245
245
246
246
247
247
248
248
249
249
250
250
251
251
252
253
254
254
255
255
256
256
257
257
258
258
259
259
260
260
261
261
262
262
263
263
264
264
265
265
266
266
267
267
268
268
269
269
270
270
271
271
272
272
273
273
274
274
275
276
277
277
278
278
279
279
280
280
281
281
282
282
283
283
284
284
285
285
286
286
287
287
288
288
289
289
290
290
291
291
292
292
293
293
294
294
295
295
296
296
297
297
298
298
299
300
301
301
302
302
303
303
304
304
305
305
306
306
307
307
308
308
309
309
310
310
311
311
312
312
313
313
314
314
315
315
316
316
317
317
318
318
319
319
320
320
321
321
322
322
323
323
324
325
326
326
327
327
328
328
329
329
330
330
331
331
332
332
333
333
334
334
335
335
336
336
337
337
338
338
339
339
340
340
341
341
342
342
343
343
344
344
345
345
346
346
347
347
348
348
349
349
350
351
352
352
353
353
354
354
355
355
356
356
357
357
358
358
359
359
360
360
361
361
362
362
363
363
364
364
365
365
366
366
367
367
368
368
369
369
370
370
371
371
372
372
373
373
374
374
375
375
376
376
377
378
379
379
380
380
381
381
382
382
383
383
384
384
385
385
386
386
387
387
388
388
389
389
390
390
391
391
392
392
393
393
394
394
395
395
396
396
397
397
398
398
399
399
400
400
401
401
402
402
403
403
404
404
405
406
407
407
408
408
409
409
410
410
411
411
412
412
413
413
414
414
415
415
416
416
417
417
418
418
419
419
420
420
421
421
422
422
423
423
424
424
425
425
426
426
427
427
428
428
429
429
430
430
431
431
432
432
433
433
434
435
436
436
437
437
438
438
439
439
440
440
441
441
442
442
443
443
444
444
445
445
446
446
447
447
448
448
449
449
450
450
451
451
452
452
453
453
454
454
455
455
456
456
457
457
458
458
459
459
460
460
461
461
462
462
463
463
464
465
466
466
467
467
468
468
469
469
470
470
471
471
472
472
473
473
474
474
475
475
476
476
477
477
478
478
479
479
480
480
481
481
482
482
483
483
484
484
485
485
486
486
487
487
488
488
489
489
490
490
491
491
492
492
493
493
494
494
495
496
497
497
498
498
499
499
500
500
501
501
502
502
503
503
504
504
505
505
506
506
507
507
508
508
509
509
510
510
511
511
512
512
513
513
514
514
515
515
516
516
517
517
518
518
519
519
520
520
521
521
522
522
523
523
524
524
525
525
526
526
527
528
529
529
530
530
531
531
532
532
533
533
534
534
535
535
536
536
537
537
538
538
539
539
540
540
541
541
542
542
543
543
544
544
545
545
546
546
547
547
548
548
549
549
550
550
551
551
552
552
553
553
554
554
555
555
556
556
557
557
558
558
559
559
560
561
562
562
563
563
564
564
565
565
566
566
567
567
568
568
569
569
570
570
571
571
572
572
573
573
574
574
575
575
576
576
577
577
578
578
579
579
580
580
581
581
582
582
583
583
584
584
585
585
586
586
587
587
588
588
589
589
590
590
591
591
592
592
593
593
594
595
596
597
597
598
598
599
599
600
600
601
601
602
602
603
603
604
604
605
605
606
606
607
607
608
608
609
609
610
610
611
611
612
612
613
613
614
614
615
615
616
616
617
617
618
618
619
619
620
620
621
621
622
622
623
623
624
624
625
625
626
626
627
627
628
628
629
630
595
631
629
632
633
634
634
635
635
636
636
637
637
638
638
639
639
640
640
641
641
642
642
643
643
644
644
645
645
646
646
647
647
648
648
649
649
650
650
651
651
652
652
653
653
654
654
655
655
656
656
657
657
658
658
659
659
660
660
661
661
662
662
663
663
664
664
665
666
665
667
668
669
630
670
667
671
632
672
670
673
674
675
675
676
676
677
677
678
678
679
679
680
680
681
681
682
682
683
683
684
684
685
685
686
686
687
687
688
688
689
689
690
690
691
691
692
692
693
693
694
694
695
695
696
696
697
697
698
698
699
699
700
700
701
701
702
702
703
703
704
704
705
705
706
707
666
668
706
708
669
709
708
710
710
711
671
712
709
713
673
714
712
715
716
717
717
718
718
719
719
720
720
721
721
722
722
723
723
724
724
725
725
726
726
727
727
728
728
729
729
730
730
731
731
732
732
733
733
734
734
735
735
736
736
737
737
738
738
739
739
740
740
741
741
742
742
743
743
744
744
745
745
746
746
747
747
748
749
707
750
748
751
750
752
711
753
752
754
754
755
713
756
753
757
715
758
756
759
760
761
761
762
762
763
763
764
764
765
765
766
766
767
767
768
768
769
769
770
770
771
771
772
772
773
773
774
774
775
775
776
776
777
777
778
778
779
779
780
780
781
781
782
782
783
783
784
784
785
785
786
786
787
787
788
788
789
789
790
790
791
791
792
793
749
794
792
795
751
796
794
797
796
798
755
799
798
800
800
801
757
802
799
803
759
804
802
805
806
807
807
808
808
809
809
810
810
811
811
812
812
813
813
814
814
815
815
816
816
817
817
818
818
819
819
820
820
821
821
822
822
823
823
824
824
825
825
826
826
827
827
828
828
829
829
830
830
831
831
832
832
833
833
834
834
835
835
836
836
837
837
838
839
793
840
838
841
795
842
840
843
797
844
842
845
844
846
801
847
846
848
848
849
803
850
847
851
805
852
850
853
854
855
855
856
856
857
857
858
858
859
859
860
860
861
861
862
862
863
863
864
864
865
865
866
866
867
867
868
868
869
869
870
870
871
871
872
872
873
873
874
874
875
875
876
876
877
877
878
878
879
879
880
880
881
881
882
882
883
883
884
884
885
885
886
887
839
888
886
889
841
890
888
891
843
892
890
893
845
894
892
895
894
896
849
897
896
898
898
899
851
900
897
901
853
902
900
903
904
905
905
906
906
907
907
908
908
909
909
910
910
911
911
912
912
913
913
914
914
915
915
916
916
917
917
918
918
919
919
920
920
921
921
922
922
923
923
924
924
925
925
926
926
927
927
928
928
929
929
930
930
931
931
932
932
933
933
934
934
935
935
936
937
887
938
936
939
889
940
938
941
891
942
940
943
893
944
942
945
895
946
944
947
946
948
899
949
948
950
950
951
901
952
949
953
903
954
952
955
956
957
957
958
958
959
959
960
960
961
961
962
962
963
963
964
964
965
965
966
966
967
967
968
968
969
969
970
970
971
971
972
972
973
973
974
974
975
975
976
976
977
977
978
978
979
979
980
980
981
981
982
982
983
983
984
984
985
985
986
986
987
987
988
989
937
990
988
991
939
992
990
993
941
994
992
995
943
996
994
997
945
998
996
999
947
1000
998
1001
1000
1002
951
1003
1002
1004
1004
1005
953
1006
1003
1007
955
1008
1006
1009
1010
1011
1011
1012
1012
1013
1013
1014
1014
1015
1015
1016
1016
1017
1017
1018
1018
1019
1019
1020
1020
1021
1021
1022
1022
1023
1023
1024
1024
1025
1025
1026
1026
1027
1027
1028
1028
1029
1029
1030
1030
1031
1031
1032
1032
1033
1033
1034
1034
1035
1035
1036
1036
1037
1037
1038
1038
1039
1039
1040
1040
1041
1041
1042
1043
989
1044
1042
1045
991
1046
1044
1047
993
1048
1046
1049
995
1050
1048
1051
997
1052
1050
1053
999
1054
1052
1055
1001
1056
1054
1057
1056
1058
1005
1059
1058
1060
1060
1061
1007
1062
1059
1063
1009
1064
1062
1065
1066
1067
1067
1068
1068
1069
1069
1070
1070
1071
1071
1072
1072
1073
1073
1074
1074
1075
1075
1076
1076
1077
1077
1078
1078
1079
1079
1080
1080
1081
1081
1082
1082
1083
1083
1084
1084
1085
1085
1086
1086
1087
1087
1088
1088
1089
1089
1090
1090
1091
1091
1092
1092
1093
1093
1094
1094
1095
1095
1096
1096
1097
1097
1098
1099
1043
1100
1098
1101
1045
1102
1100
1103
1047
1104
1102
1105
1049
1106
1104
1107
1051
1108
1106
1109
1053
1110
1108
1111
1055
1112
1110
1113
1057
1114
1112
1115
1114
1116
1061
1117
1116
1118
1118
1119
1063
1120
1117
1121
1065
1122
1120
1123
1124
1125
1125
1126
1126
1127
1127
1128
1128
1129
1129
1130
1130
1131
1131
1132
1132
1133
1133
1134
1134
1135
1135
1136
1136
1137
1137
1138
1138
1139
1139
1140
1140
1141
1141
1142
1142
1143
1143
1144
1144
1145
1145
1146
1146
1147
1147
1148
1148
1149
1149
1150
1150
1151
1151
1152
1152
1153
1153
1154
1154
1155
1155
1156
1099
1157
1156
1158
1101
1159
1157
1160
1103
1161
1159
1162
1105
1163
1161
1164
1107
1165
1163
1166
1109
1167
1165
1168
1111
1169
1167
1170
1113
1171
1169
1172
1115
1173
1171
1174
1173
1175
1119
1176
1175
1177
1177
1178
1121
1179
1176
1180
1123
1181
1179
1182
1183
1184
1184
1185
1185
1186
1186
1187
1187
1188
1188
1189
1189
1190
1190
1191
1191
1192
1192
1193
1193
1194
1194
1195
1195
1196
1196
1197
1197
1198
1198
1199
1199
1200
1200
1201
1201
1202
1202
1203
1203
1204
1204
1205
1205
1206
1206
1207
1207
1208
1208
1209
1209
1210
1210
1211
1211
1212
1212
1213
1213
1214
1214
1215
1158
1215
1216
1217
1158
1218
1219
1160
1220
1218
1221
1162
1222
1220
1223
1164
1224
1222
1225
1166
1226
1224
1227
1168
1228
1226
1229
1170
1230
1228
1231
1172
1232
1230
1233
1174
1234
1232
1235
1234
1236
1178
1237
1236
1238
1238
1239
1180
1240
1237
1241
1182
1242
1240
1243
1244
1245
1245
1246
1246
1247
1247
1248
1248
1249
1249
1250
1250
1251
1251
1252
1252
1253
1253
1254
1254
1255
1255
1256
1256
1257
1257
1258
1258
1259
1259
1260
1260
1261
1261
1262
1262
1263
1263
1264
1264
1265
1265
1266
1266
1267
1267
1268
1268
1269
1269
1270
1270
1271
1271
1272
1272
1273
1273
1274
1274
1275
1275
1276
1276
1277
1278
1217
1219
1279
1277
1280
1219
1281
1282
1221
1283
1281
1284
1223
1285
1283
1286
1225
1287
1285
1288
1227
1289
1287
1290
1229
1291
1289
1292
1231
1293
1291
1294
1233
1295
1293
1296
1235
1297
1295
1298
1297
1299
1239
1300
1299
1301
1301
1302
1241
1303
1300
1304
1243
1305
1303
1306
1307
1308
1308
1309
1309
1310
1310
1311
1311
1312
1312
1313
1313
1314
1314
1315
1315
1316
1316
1317
1317
1318
1318
1319
1319
1320
1320
1321
1321
1322
1322
1323
1323
1324
1324
1325
1325
1326
1326
1327
1327
1328
1328
1329
1329
1330
1330
1331
1331
1332
1332
1333
1333
1334
1334
1335
1335
1336
1336
1337
1337
1338
1338
1339
1339
1340
1341
1278
1342
1340
1343
1280
1282
1344
1342
1345
1282
1346
1347
1284
1348
1346
1349
1286
1350
1348
1351
1288
1352
1350
1353
1290
1354
1352
1355
1292
1356
1354
1357
1294
1358
1356
1359
1296
1360
1358
1361
1298
1362
1360
1363
1362
1364
1302
1365
1364
1366
1366
1367
1304
1368
1365
1369
1306
1370
1368
1371
1372
1373
1373
1374
1374
1375
1375
1376
1376
1377
1377
1378
1378
1379
1379
1380
1380
1381
1381
1382
1382
1383
1383
1384
1384
1385
1385
1386
1386
1387
1387
1388
1388
1389
1389
1390
1390
1391
1391
1392
1392
1393
1393
1394
1394
1395
1395
1396
1396
1397
1397
1398
1398
1399
1399
1400
1400
1401
1401
1402
1402
1403
1403
1404
1404
1405
1341
1406
1405
1407
1343
1408
1406
1409
1345
1347
1410
1408
1411
1347
1412
1413
1349
1414
1412
1415
1351
1416
1414
1417
1353
1418
1416
1419
1355
1420
1418
1421
1357
1422
1420
1423
1359
1424
1422
1425
1361
1426
1424
1427
1363
1428
1426
1429
1428
1430
1367
1431
1430
1432
1432
1433
1369
1434
1431
1435
1371
1436
1434
1437
1438
1438
1439
1439
1440
1440
1441
1441
1442
1442
1443
1443
1444
1444
1445
1445
1446
1446
1447
1447
1448
1448
1449
1449
1450
1450
1451
1451
1452
1452
1453
1453
1454
1454
1455
1455
1456
1456
1457
1457
1458
1458
1459
1459
1460
1460
1461
1461
1462
1462
1463
1463
1464
1464
1465
1465
1466
1466
1467
1467
1468
1468
1469
1469
1470
1407
1470
1471
1472
1407
1473
1474
1409
1475
1473
1476
1411
1413
1477
1475
1478
1413
1479
1480
1415
1481
1479
1482
1417
1483
1481
1484
1419
1485
1483
1486
1421
1487
1485
1488
1423
1489
1487
1490
1425
1491
1489
1492
1427
1493
1491
1494
1429
1495
1493
1496
1495
1497
1433
1498
1497
1499
1499
1500
1435
1501
1498
1502
1437
1503
1501
1504
1505
1505
1506
1506
1507
1507
1508
1508
1509
1509
1510
1510
1511
1511
1512
1512
1513
1513
1514
1514
1515
1515
1516
1516
1517
1517
1518
1518
1519
1519
1520
1520
1521
1521
1522
1522
1523
1523
1524
1524
1525
1525
1526
1526
1527
1527
1528
1528
1529
1529
1530
1530
1531
1531
1532
1532
1533
1533
1534
1534
1535
1535
1536
1536
1537
1472
1474
1538
1537
1539
1474
1540
1541
1476
1542
1540
1543
1478
1480
1544
1542
1545
1480
1546
1547
1482
1548
1546
1549
1484
1550
1548
1551
1486
1552
1550
1553
1488
1554
1552
1555
1490
1556
1554
1557
1492
1558
1556
1559
1494
1560
1558
1561
1496
1562
1560
1563
1562
1564
1500
1565
1564
1566
1566
1567
1568
1502
1569
1565
1570
1571
1504
1572
1569
1573
1574
1574
1575
1575
1576
1576
1577
1577
1578
1578
1579
1579
1580
1580
1581
1581
1582
1582
1583
1583
1584
1584
1585
1585
1586
1586
1587
1587
1588
1588
1589
1589
1590
1590
1591
1591
1592
1592
1593
1593
1594
1594
1595
1595
1596
1596
1597
1597
1598
1598
1599
1599
1600
1600
1601
1601
1602
1602
1603
1603
1604
1604
1605
1539
1605
1606
1607
1539
1541
1608
1609
1541
1610
1611
1543
1612
1610
1613
1545
1547
1614
1612
1615
1547
1616
1617
1549
1618
1616
1619
1551
1620
1618
1621
1553
1622
1620
1623
1555
1624
1622
1625
1557
1626
1624
1627
1559
1628
1626
1629
1561
1630
1628
1631
1563
1632
1630
1633
1634
1632
1635
1636
1568
1637
1638
1639
1635
1640
1641
1642
1568
1640
1643
1637
1570
1644
1645
1646
1571
1646
1638
1647
1573
1648
1644
1649
1650
1651
1652
1652
1653
1653
1654
1654
1655
1655
1656
1656
1657
1657
1658
1658
1659
1659
1660
1660
1661
1661
1662
1662
1663
1663
1664
1664
1665
1665
1666
1666
1667
1667
1668
1668
1669
1669
1670
1670
1671
1671
1672
1672
1673
1673
1674
1674
1675
1675
1676
1676
1677
1677
1678
1678
1679
1679
1680
1680
1681
1681
1682
1682
1683
1684
1607
1609
1685
1683
1686
1609
1611
1687
1688
1611
1689
1690
1613
1691
1689
1692
1615
1617
1693
1691
1694
1617
1695
1696
1619
1697
1695
1698
1621
1699
1697
1700
1623
1701
1699
1702
1625
1703
1701
1704
1627
1705
1703
1706
1629
1707
1708
1705
1709
1710
1631
1711
1712
1707
1713
1714
1715
1634
1716
1717
1718
1634
1711
1719
1716
1636
1642
1717
1720
1643
1721
1639
1722
1721
1723
1641
1724
1725
1726
1720
1726
1724
1727
1645
1649
1728
1729
1647
1729
1722
1730
1650
1731
1732
1733
1728
1734
1651
1733
1734
1735
1736
1736
1737
1737
1738
1738
1739
1739
1740
1740
1741
1741
1742
1742
1743
1743
1744
1744
1745
1745
1746
1746
1747
1747
1748
1748
1749
1749
1750
1750
1751
1751
1752
1752
1753
1753
1754
1754
1755
1755
1756
1756
1757
1757
1758
1758
1759
1759
1760
1760
1761
1761
1762
1762
1763
1763
1764
1764
1765
1765
1766
1684
1767
1766
1768
1686
1688
1769
1767
1770
1688
1690
1771
1772
1690
1773
1774
1692
1775
1773
1776
1694
1696
1777
1775
1778
1696
1779
1780
1698
1781
1779
1782
1700
1783
1781
1784
1702
1785
1783
1786
1704
1787
1785
1788
1706
1789
1790
1787
1791
1792
1708
1713
1709
1793
1710
1794
1789
1795
1712
1796
1715
1797
1793
1798
1715
1798
1799
1800
1719
1801
1718
1802
1801
1803
1796
1804
1802
1805
1727
1806
1723
1807
1806
1808
1725
1809
1810
1811
1805
1810
1809
1812
1813
1814
1730
1813
1807
1815
1732
1816
1817
1818
1735
1818
1814
1819
1819
1820
1821
1821
1822
1822
1823
1823
1824
1824
1825
1825
1826
1826
1827
1827
1828
1828
1829
1829
1830
1830
1831
1831
1832
1832
1833
1833
1834
1834
1835
1835
1836
1836
1837
1837
1838
1838
1839
1839
1840
1840
1841
1841
1842
1842
1843
1843
1844
1844
1845
1845
1846
1846
1847
1847
1848
1848
1849
1849
1850
1768
1850
1851
1852
1768
1853
1854
1770
1772
1855
1853
1856
1772
1774
1857
1858
1774
1859
1860
1776
1861
1859
1862
1778
1780
1863
1861
1864
1780
1865
1866
1782
1867
1865
1868
1784
1869
1867
1870
1786
1871
1869
1872
1788
1873
1874
1871
1875
1876
1790
1877
1791
1878
1792
1879
1873
1880
1794
1881
1795
1882
1877
1883
1797
1884
1800
1885
1881
1886
1800
1886
1887
1888
1804
1889
1803
1890
1889
1891
1884
1892
1890
1893
1812
1894
1808
1895
1894
1896
1811
1897
1893
1898
1898
1899
1897
1900
1815
1901
1901
1902
1895
1903
1817
1904
1905
1906
1820
1905
1902
1907
1907
1908
1909
1909
1910
1910
1911
1911
1912
1912
1913
1913
1914
1914
1915
1915
1916
1916
1917
1917
1918
1918
1919
1919
1920
1920
1921
1921
1922
1922
1923
1923
1924
1924
1925
1925
1926
1926
1927
1927
1928
1928
1929
1929
1930
1930
1931
1931
1932
1932
1933
1933
1934
1934
1935
1935
1936
1936
1937
1937
1938
1852
1854
1939
1938
1940
1854
1941
1942
1856
1858
1943
1941
1944
1858
1860
1945
1946
1860
1947
1948
1862
1949
1947
1950
1864
1866
1951
1949
1952
1866
1953
1954
1868
1955
1953
1956
1870
1957
1955
1958
1872
1959
1960
1957
1961
1962
1874
1963
1875
1964
1876
1965
1959
1966
1878
1967
1879
1968
1880
1969
1963
1970
1882
1971
1883
1972
1967
1973
1885
1974
1888
1975
1971
1976
1888
1976
1977
1978
1892
1979
1891
1980
1979
1981
1974
1982
1980
1983
1900
1984
1896
1985
1984
1986
1899
1987
1983
1988
1988
1989
1987
1990
1903
1991
1991
1992
1985
1993
1906
1994
1908
1995
1995
1996
1992
1997
1997
1998
1999
1999
2000
2000
2001
2001
2002
2002
2003
2003
2004
2004
2005
2005
2006
2006
2007
2007
2008
2008
2009
2009
2010
2010
2011
2011
2012
2012
2013
2013
2014
2014
2015
2015
2016
2016
2017
2017
2018
2018
2019
2019
2020
2020
2021
2021
2022
2022
2023
2023
2024
2024
2025
2025
2026
2026
2027
1940
2027
2028
2029
1940
1942
2030
2031
1942
2032
2033
1944
1946
2034
2032
2035
1946
1948
2036
2037
1948
2038
2039
1950
2040
2038
2041
1952
1954
2042
2040
2043
1954
2044
2045
1956
2046
2044
2047
1958
2048
2046
2049
1960
2050
1961
2051
1962
2052
2048
2053
1964
2054
1965
2055
1966
2056
2050
2057
1968
2058
1969
2059
1970
2060
2054
2061
1972
2062
1973
2063
2058
2064
1975
2065
1978
2066
2062
2067
1978
2067
2068
2069
1982
2070
1981
2071
2070
2072
2065
2073
2071
2074
1990
2075
1986
2076
2075
2077
1989
2078
2074
2079
2079
2080
2078
2081
1993
2082
2082
2083
2076
2084
1996
2085
1998
2086
2086
2087
2083
2088
2088
2089
2090
2090
2091
2091
2092
2092
2093
2093
2094
2094
2095
2095
2096
2096
2097
2097
2098
2098
2099
2099
2100
2100
2101
2101
2102
2102
2103
2103
2104
2104
2105
2105
2106
2106
2107
2107
2108
2108
2109
2109
2110
2110
2111
2111
2112
2112
2113
2113
2114
2114
2115
2115
2116
2116
2117
2117
2118
2029
2031
2119
2118
2120
2031
2033
2121
2122
2033
2123
2124
2035
2037
2125
2123
2126
2037
2039
2127
2128
2039
2129
2130
2041
2131
2129
2132
2043
2045
2133
2131
2134
2045
2135
2136
2047
2137
2135
2138
2049
2053
2139
2140
2137
2141
2142
2051
2143
2052
2144
2053
2145
2146
2055
2147
2056
2148
2057
2149
2143
2150
2059
2151
2060
2152
2061
2153
2147
2154
2063
2155
2064
2156
2151
2157
2066
2158
2069
2159
2155
2160
2069
2160
2161
2162
2073
2163
2072
2164
2163
2165
2158
2166
2164
2167
2081
2168
2077
2169
2168
2170
2080
2171
2167
2172
2172
2173
2171
2174
2084
2175
2175
2176
2169
2177
2087
2178
2089
2179
2179
2180
2176
2181
2181
2182
2183
2183
2184
2184
2185
2185
2186
2186
2187
2187
2188
2188
2189
2189
2190
2190
2191
2191
2192
2192
2193
2193
2194
2194
2195
2195
2196
2196
2197
2197
2198
2198
2199
2199
2200
2200
2201
2201
2202
2202
2203
2203
2204
2204
2205
2205
2206
2206
2207
2207
2208
2208
2209
2209
2210
2120
2210
2211
2212
2120
2122
2213
2214
2122
2124
2215
2216
2124
2217
2218
2126
2128
2219
2217
2220
2128
2130
2221
2222
2130
2223
2224
2132
2225
2223
2226
2134
2136
2227
2225
2228
2136
2229
2230
2138
2231
2232
2229
2233
2140
2146
2234
2142
2235
2142
2231
2236
2237
2144
2238
2145
2239
2146
2240
2241
2148
2242
2149
2243
2150
2244
2238
2245
2152
2246
2153
2247
2154
2248
2242
2249
2156
2250
2157
2251
2246
2252
2159
2253
2162
2254
2250
2255
2162
2255
2256
2257
2166
2258
2165
2259
2258
2260
2253
2261
2259
2262
2174
2263
2170
2264
2263
2265
2173
2266
2262
2267
2267
2268
2266
2269
2177
2270
2270
2271
2264
2272
2180
2273
2182
2274
2274
2275
2271
2276
2276
2277
2278
2278
2279
2279
2280
2280
2281
2281
2282
2282
2283
2283
2284
2284
2285
2285
2286
2286
2287
2287
2288
2288
2289
2289
2290
2290
2291
2291
2292
2292
2293
2293
2294
2294
2295
2295
2296
2296
2297
2297
2298
2298
2299
2299
2300
2300
2301
2301
2302
2302
2303
2303
2304
2304
2305
2212
2214
2306
2305
2307
2214
2216
2308
2309
2216
2218
2310
2311
2218
2312
2313
2220
2222
2314
2312
2315
2222
2224
2316
2317
2224
2318
2319
2226
2320
2318
2321
2228
2230
2322
2320
2323
2230
2324
2325
2232
2326
2233
2327
2324
2327
2328
2329
2235
2241
2330
2237
2331
2237
2326
2332
2333
2239
2334
2240
2335
2241
2336
2337
2243
2338
2244
2339
2245
2340
2334
2341
2247
2342
2248
2343
2249
2344
2338
2345
2251
2346
2252
2347
2342
2348
2254
2349
2257
2350
2346
2351
2257
2351
2352
2353
2261
2354
2260
2355
2354
2356
2349
2357
2355
2358
2269
2359
2265
2360
2359
2361
2268
2362
2358
2363
2363
2364
2362
2365
2272
2366
2366
2367
2360
2368
2275
2369
2277
2370
2370
2371
2367
2372
2372
2373
2374
2374
2375
2375
2376
2376
2377
2377
2378
2378
2379
2379
2380
2380
2381
2381
2382
2382
2383
2383
2384
2384
2385
2385
2386
2386
2387
2387
2388
2388
2389
2389
2390
2390
2391
2391
2392
2392
2393
2393
2394
2394
2395
2395
2396
2396
2397
2397
2398
2398
2399
2399
2400
2307
2400
2401
2402
2307
2309
2403
2404
2309
2311
2405
2406
2311
2313
2407
2408
2313
2409
2410
2315
2317
2411
2409
2412
2317
2319
2413
2414
2319
2415
2416
2321
2417
2415
2418
2323
2325
2419
2417
2420
2325
2421
2422
2423
2327
2424
2425
2329
2425
2426
2421
2427
2331
2337
2428
2333
2429
2333
2424
2430
2431
2335
2432
2336
2433
2337
2434
2435
2339
2436
2340
2437
2341
2438
2432
2439
2343
2440
2344
2441
2345
2442
2436
2443
2347
2444
2348
2445
2440
2446
2350
2447
2353
2448
2444
2449
2353
2449
2450
2451
2357
2452
2356
2453
2452
2454
2447
2455
2453
2456
2365
2457
2361
2458
2457
2459
2364
2460
2456
2461
2461
2462
2460
2463
2368
2464
2464
2465
2458
2466
2371
2467
2373
2468
2468
2469
2465
2470
2470
2471
2472
2472
2473
2473
2474
2474
2475
2475
2476
2476
2477
2477
2478
2478
2479
2479
2480
2480
2481
2481
2482
2482
2483
2483
2484
2484
2485
2485
2486
2486
2487
2487
2488
2488
2489
2489
2490
2490
2491
2491
2492
2492
2493
2493
2494
2494
2495
2495
2496
2496
2497
2497
2498
2402
2404
2499
2498
2500
2404
2406
2501
2502
2406
2408
2503
2504
2408
2410
2505
2506
2410
2507
2508
2412
2414
2509
2507
2510
2414
2416
2511
2512
2416
2513
2514
2418
2515
2513
2516
2420
2423
2517
2518
2515
2519
2422
2520
2423
2521
2521
2522
2523
2425
2524
2525
2427
2525
2526
2520
2527
2429
2435
2528
2431
2529
2431
2524
2530
2531
2433
2532
2434
2533
2435
2534
2535
2437
2536
2438
2537
2439
2538
2532
2539
2441
2540
2442
2541
2443
2542
2536
2543
2445
2544
2446
2545
2540
2546
2448
2547
2451
2548
2544
2549
2451
2549
2550
2551
2455
2552
2454
2553
2552
2554
2547
2555
2553
2556
2463
2557
2459
2558
2557
2559
2462
2560
2556
2561
2561
2562
2560
2563
2466
2564
2564
2565
2558
2566
2469
2567
2471
2568
2568
2569
2565
2570
2570
2571
2572
2572
2573
2573
2574
2574
2575
2575
2576
2576
2577
2577
2578
2578
2579
2579
2580
2580
2581
2581
2582
2582
2583
2583
2584
2584
2585
2585
2586
2586
2587
2587
2588
2588
2589
2589
2590
2590
2591
2591
2592
2592
2593
2593
2594
2594
2595
2595
2596
2596
2597
2500
2597
2598
2599
2500
2502
2600
2601
2502
2504
2602
2603
2504
2506
2604
2605
2506
2508
2606
2607
2508
2608
2609
2510
2512
2610
2608
2611
2512
2514
2612
2613
2514
2614
2615
2516
2616
2614
2617
2518
2522
2618
2519
2619
2616
2619
2620
2621
2521
2622
2623
2523
2624
2623
2625
2525
2626
2627
2527
2627
2628
2622
2629
2529
2535
2630
2531
2631
2531
2626
2632
2633
2533
2634
2534
2635
2535
2636
2637
2537
2638
2538
2639
2539
2640
2634
2641
2541
2642
2542
2643
2543
2644
2638
2645
2545
2646
2546
2647
2642
2648
2548
2649
2551
2650
2646
2651
2551
2651
2652
2653
2555
2654
2554
2655
2654
2656
2649
2657
2655
2658
2563
2659
2559
2660
2659
2661
2562
2662
2658
2663
2663
2664
2662
2665
2566
2666
2666
2667
2660
2668
2569
2669
2571
2670
2670
2671
2667
2672
2672
2673
2674
2674
2675
2675
2676
2676
2677
2677
2678
2678
2679
2679
2680
2680
2681
2681
2682
2682
2683
2683
2684
2684
2685
2685
2686
2686
2687
2687
2688
2688
2689
2689
2690
2690
2691
2691
2692
2692
2693
2693
2694
2694
2695
2695
2696
2696
2697
2697
2698
2698
2699
2599
2601
2700
2699
2701
2601
2603
2702
2703
2603
2605
2704
2705
2605
2607
2706
2707
2607
2609
2708
2709
2609
2710
2711
2611
2613
2712
2710
2713
2613
2615
2714
2715
2615
2716
2717
2617
2718
2716
2719
2619
2624
2720
2721
2621
2721
2722
2718
2723
2623
2724
2725
2625
2726
2725
2727
2627
2728
2729
2629
2729
2730
2724
2731
2631
2637
2732
2633
2733
2633
2728
2734
2735
2635
2736
2636
2737
2637
2738
2739
2639
2740
2640
2741
2641
2742
2736
2743
2643
2744
2644
2745
2645
2746
2740
2747
2647
2748
2648
2749
2744
2750
2650
2751
2653
2752
2748
2753
2653
2753
2754
2755
2657
2756
2656
2757
2756
2758
2751
2759
2757
2760
2665
2761
2661
2762
2761
2763
2664
2764
2760
2765
2765
2766
2764
2767
2668
2768
2768
2769
2762
2770
2671
2771
2673
2772
2772
2773
2769
2774
2774
2775
2776
2776
2777
2777
2778
2778
2779
2779
2780
2780
2781
2781
2782
2782
2783
2783
2784
2784
2785
2785
2786
2786
2787
2787
2788
2788
2789
2789
2790
2790
2791
2791
2792
2792
2793
2793
2794
2794
2795
2795
2796
2796
2797
2797
2798
2798
2799
2799
2800
2701
2800
2801
2701
2703
2802
2803
2703
2705
2804
2805
2705
2707
2806
2807
2707
2709
2808
2809
2709
2711
2810
2811
2711
2812
2813
2713
2715
2814
2812
2815
2715
2717
2816
2817
2717
2818
2819
2719
2723
2820
2821
2818
2822
2823
2721
2726
2824
2825
2723
2825
2826
2827
2725
2828
2829
2727
2830
2829
2831
2729
2832
2833
2731
2833
2834
2828
2835
2733
2739
2836
2735
2837
2735
2832
2838
2839
2737
2840
2738
2841
2739
2842
2843
2741
2844
2742
2845
2743
2846
2840
2847
2745
2848
2746
2849
2747
2850
2844
2851
2749
2852
2750
2853
2848
2854
2752
2855
2755
2856
2852
2857
2755
2857
2858
2859
2759
2860
2758
2861
2860
2862
2855
2863
2861
2864
2767
2865
2763
2866
2865
2867
2766
2868
2864
2869
2869
2870
2868
2871
2770
2872
2872
2873
2866
2874
2773
2875
2775
2876
2876
2877
2873
2878
2878
2879
2880
2880
2881
2881
2882
2882
2883
2883
2884
2884
2885
2885
2886
2886
2887
2887
2888
2888
2889
2889
2890
2890
2891
2891
2892
2892
2893
2893
2894
2894
2895
2895
2896
2896
2897
2897
2898
2898
2899
2899
2900
2900
2901
2901
2902
2902
2903
2903
2904
2803
2904
2905
2906
2907
2803
2805
2908
2906
2805
2807
2909
2910
2807
2809
2911
2912
2809
2811
2913
2914
2811
2813
2915
2916
2813
2917
2918
2815
2817
2919
2917
2920
2817
2819
2921
2922
2819
2923
2924
2821
2827
2925
2823
2926
2823
2923
2927
2928
2825
2830
2929
2930
2827
2930
2931
2932
2829
2933
2934
2831
2935
2934
2936
2833
2937
2938
2835
2938
2939
2933
2940
2837
2843
2941
2839
2942
2839
2937
2943
2944
2841
2945
2842
2946
2843
2947
2948
2845
2949
2846
2950
2847
2951
2945
2952
2849
2953
2850
2954
2851
2955
2949
2956
2853
2957
2854
2958
2953
2959
2856
2960
2859
2961
2957
2962
2859
2962
2963
2964
2863
2965
2862
2966
2965
2967
2960
2968
2966
2969
2871
2970
2867
2971
2970
2972
2870
2973
2969
2974
2974
2975
2973
2976
2874
2977
2977
2978
2971
2979
2877
2980
2879
2981
2981
2982
2978
2983
2983
2984
2985
2985
2986
2986
2987
2987
2988
2988
2989
2989
2990
2990
2991
2991
2992
2992
2993
2993
2994
2994
2995
2995
2996
2996
2997
2997
2998
2998
2999
2999
3000
3000
3001
3001
3002
3002
3003
3003
3004
3004
3005
3005
3006
3006
3007
3007
3008
3008
3009
2907
3010
3011
2908
3010
3009
3012
2910
3013
2910
2912
3014
3015
2912
2914
3016
3017
2914
2916
3018
3019
2916
2918
3020
3021
2918
3022
3023
2920
2922
3024
3022
3025
2922
2924
3026
3027
2924
2927
3028
3029
3030
2926
2932
3031
2928
3032
2928
3033
3034
2930
2935
3035
3036
2932
3036
3037
3038
2934
3039
3040
2936
3041
3040
3042
2938
3043
3044
2940
3044
3045
3039
3046
2942
2948
3047
2944
3048
2944
3043
3049
3050
2946
3051
2947
3052
2948
3053
3054
2950
3055
2951
3056
2952
3057
3051
3058
2954
3059
2955
3060
2956
3061
3055
3062
2958
3063
2959
3064
3059
3065
2961
3066
2964
3067
3063
3068
2964
3068
3069
3070
2968
3071
2967
3072
3071
3073
3066
3074
3072
3075
2976
3076
2972
3077
3076
3078
2975
3079
3075
3080
3080
3081
3079
3082
2979
3083
3083
3084
3077
3085
2982
3086
2984
3087
3087
3088
3084
3089
3089
3090
3091
3091
3092
3092
3093
3093
3094
3094
3095
3095
3096
3096
3097
3097
3098
3098
3099
3099
3100
3100
3101
3101
3102
3102
3103
3103
3104
3104
3105
3105
3106
3106
3107
3107
3108
3108
3109
3109
3110
3110
3111
3111
3112
3112
3113
3113
3114
3012
3114
3115
3013
3116
3012
3116
3117
3118
3015
3119
3015
3017
3120
3121
3017
3019
3122
3123
3019
3021
3124
3125
3021
3023
3126
3127
3023
3128
3129
3025
3027
3130
3128
3131
3027
3030
3132
3133
3029
3033
3134
3030
3135
3135
3136
3137
3032
3038
3138
3034
3139
3034
3140
3141
3036
3041
3142
3143
3038
3143
3144
3145
3040
3146
3147
3042
3148
3147
3149
3044
3150
3151
3046
3151
3152
3146
3153
3048
3054
3154
3050
3155
3050
3150
3156
3157
3052
3158
3053
3159
3054
3160
3161
3056
3162
3057
3163
3058
3164
3158
3165
3060
3166
3061
3167
3062
3168
3162
3169
3064
3170
3065
3171
3166
3172
3067
3173
3070
3174
3170
3175
3070
3175
3176
3177
3074
3178
3073
3179
3178
3180
3173
3181
3179
3182
3082
3183
3078
3184
3183
3185
3081
3186
3182
3187
3187
3188
3186
3189
3085
3190
3190
3191
3184
3192
3088
3193
3090
3194
3194
3195
3191
3196
3196
3197
3198
3198
3199
3199
3200
3200
3201
3201
3202
3202
3203
3203
3204
3204
3205
3205
3206
3206
3207
3207
3208
3208
3209
3209
3210
3210
3211
3211
3212
3212
3213
3213
3214
3214
3215
3215
3216
3216
3217
3217
3218
3218
3219
3219
3220
3220
3221
3118
3221
3222
3223
3119
3224
3118
3224
3225
3223
3121
3226
3121
3123
3227
3228
3123
3125
3229
3230
3125
3127
3231
3232
3127
3129
3233
3234
3129
3235
3236
3131
3133
3237
3235
3238
3133
3136
3239
3240
3241
3135
3140
3242
3243
3137
3240
3243
3244
3139
3145
3245
3141
3246
3141
3247
3248
3143
3148
3249
3250
3145
3250
3251
3252
3147
3253
3254
3149
3255
3254
3256
3151
3257
3258
3153
3258
3259
3253
3260
3155
3161
3261
3157
3262
3157
3257
3263
3264
3159
3265
3160
3266
3161
3267
3268
3163
3269
3164
3270
3165
3271
3265
3272
3167
3273
3168
3274
3169
3275
3269
3276
3171
3277
3172
3278
3273
3279
3174
3280
3177
3281
3277
3282
3177
3282
3283
3284
3181
3285
3180
3286
3285
3287
3280
3288
3286
3289
3189
3290
3185
3291
3290
3292
3188
3293
3289
3294
3294
3295
3293
3296
3192
3297
3297
3298
3291
3299
3195
3300
3197
3301
3301
3302
3298
3303
3303
3304
3305
3305
3306
3306
3307
3307
3308
3308
3309
3309
3310
3310
3311
3311
3312
3312
3313
3313
3314
3314
3315
3315
3316
3316
3317
3317
3318
3318
3319
3319
3320
3320
3321
3321
3322
3322
3323
3323
3324
3324
3325
3325
3326
3326
3327
3327
3328
3328
3329
3330
3331
3332
3225
3330
3226
3333
3333
3334
3228
3335
3228
3230
3336
3337
3230
3232
3338
3339
3232
3234
3340
3341
3234
3236
3342
3343
3236
3344
3345
3238
3241
3346
3344
3347
3241
3348
3349
3350
3351
3244
3351
3352
3243
3247
3353
3354
3354
3355
3246
3252
3356
3248
3357
3248
3358
3359
3250
3255
3360
3361
3252
3361
3362
3363
3254
3364
3365
3256
3366
3365
3367
3258
3368
3369
3260
3369
3370
3364
3371
3262
3268
3372
3264
3373
3264
3368
3374
3375
3266
3376
3267
3377
3268
3378
3379
3270
3380
3271
3381
3272
3382
3376
3383
3274
3384
3275
3385
3276
3386
3380
3387
3278
3388
3279
3389
3384
3390
3281
3391
3284
3392
3388
3393
3284
3394
3395
3288
3396
3287
3397
3396
3398
3391
3399
3397
3400
3296
3401
3292
3402
3401
3403
3295
3404
3400
3405
3405
3406
3404
3407
3299
3408
3408
3409
3402
3410
3302
3411
3304
3412
3412
3413
3409
3414
3414
3415
3416
3416
3417
3417
3418
3418
3419
3419
3420
3420
3421
3421
3422
3422
3423
3423
3424
3424
3425
3425
3426
3426
3427
3427
3428
3428
3429
3429
3430
3430
3431
3431
3432
3432
3433
3433
3434
3434
3435
3435
3436
3436
3437
3437
3438
3438
3439
3332
3440
3441
3331
3334
3440
3442
3439
3443
3335
3444
3442
3444
3337
3445
3337
3339
3446
3447
3339
3341
3448
3449
3341
3343
3450
3451
3343
3345
3452
3453
3345
3454
3455
3347
3352
3456
3454
3457
3350
3458
3459
3351
3458
3460
3352
3461
3355
3461
3462
3463
3354
3358
3464
3465
3460
3465
3357
3363
3466
3359
3467
3359
3468
3469
3361
3366
3470
3471
3363
3471
3472
3473
3365
3474
3475
3367
3476
3475
3477
3369
3478
3479
3371
3479
3480
3474
3481
3373
3379
3482
3375
3483
3375
3478
3484
3485
3377
3486
3378
3487
3379
3488
3489
3381
3490
3382
3491
3383
3492
3486
3493
3385
3494
3386
3495
3387
3496
3490
3497
3389
3498
3499
3494
3499
3500
3501
3395
3501
3502
3394
3498
3503
3395
3504
3505
3506
3398
3507
3508
3501
3506
3509
3510
3407
3511
3403
3512
3511
3513
3406
3514
3515
3516
3514
3517
3410
3518
3518
3519
3512
3520
3413
3521
3415
3522
3522
3523
3519
3524
3524
3525
3526
3526
3527
3527
3528
3528
3529
3529
3530
3530
3531
3531
3532
3532
3533
3533
3534
3534
3535
3535
3536
3536
3537
3537
3538
3538
3539
3539
3540
3540
3541
3541
3542
3542
3543
3543
3544
3544
3545
3545
3546
3546
3547
3547
3548
3443
3548
3549
3550
3551
3443
3551
3552
3550
3553
3554
3445
3553
3447
3555
3447
3449
3556
3557
3449
3451
3558
3559
3451
3453
3560
3561
3453
3455
3562
3563
3455
3564
3565
3457
3463
3566
3567
3564
3568
3569
3570
3461
3569
3571
3570
3572
3573
3463
3573
3574
3567
3465
3468
3575
3572
3467
3473
3576
3469
3577
3469
3578
3579
3471
3476
3580
3581
3473
3581
3582
3583
3475
3584
3585
3477
3586
3585
3587
3479
3588
3589
3481
3589
3590
3584
3591
3483
3489
3592
3485
3593
3485
3588
3594
3595
3487
3596
3488
3597
3489
3598
3599
3491
3600
3492
3601
3493
3602
3596
3603
3495
3604
3496
3605
3497
3606
3600
3607
3499
3608
3609
3604
3609
3610
3611
3505
3611
3612
3504
3608
3613
3505
3614
3615
3508
3616
3508
3510
3617
3618
3611
3616
3619
3515
3620
3517
3621
3513
3622
3621
3623
3624
3516
3625
3624
3626
3627
3628
3520
3629
3629
3630
3622
3631
3523
3632
3525
3633
3633
3634
3630
3635
3635
3636
3637
3637
3638
3638
3639
3639
3640
3640
3641
3641
3642
3642
3643
3643
3644
3644
3645
3645
3646
3646
3647
3647
3648
3648
3649
3649
3650
3650
3651
3651
3652
3652
3653
3653
3654
3654
3655
3655
3656
3656
3657
3657
3658
3658
3659
3554
3659
3660
3661
3662
3663
3663
3664
3554
3664
3665
3555
3662
3661
3557
3666
3557
3559
3667
3668
3559
3561
3669
3670
3561
3563
3671
3672
3563
3565
3673
3674
3565
3675
3676
3568
3677
3678
3679
3680
3574
3677
3675
3681
3682
3683
3682
3684
3573
3683
3685
3575
3684
3686
3686
3687
3578
3688
3577
3583
3689
3579
3690
3579
3691
3692
3581
3586
3693
3694
3583
3694
3695
3696
3585
3697
3698
3587
3699
3698
3700
3589
3701
3702
3591
3702
3703
3697
3704
3593
3599
3705
3595
3706
3595
3701
3707
3708
3597
3709
3598
3710
3599
3711
3712
3601
3713
3602
3714
3603
3715
3709
3716
3605
3717
3606
3718
3607
3719
3713
3720
3609
3721
3722
3717
3722
3723
3724
3615
3724
3725
3614
3721
3726
3615
3727
3728
3618
3729
3618
3620
3730
3731
3724
3729
3732
3625
3733
3627
3734
3623
3735
3734
3736
3628
3737
3626
3738
3737
3739
3740
3740
3741
3631
3742
3742
3743
3735
3744
3634
3745
3636
3746
3746
3747
3743
3748
3748
3749
3750
3750
3751
3751
3752
3752
3753
3753
3754
3754
3755
3755
3756
3756
3757
3757
3758
3758
3759
3759
3760
3760
3761
3761
3762
3762
3763
3763
3764
3764
3765
3765
3766
3766
3767
3767
3768
3768
3769
3769
3770
3770
3771
3771
3772
3772
3773
3774
3775
3665
3774
3666
3776
3776
3777
3777
3778
3778
3779
3668
3780
3668
3670
3781
3782
3670
3672
3783
3784
3672
3674
3785
3786
3674
3676
3787
3788
3676
3789
3790
3678
3687
3791
3792
3680
3792
3793
3681
3794
3789
3794
3795
3796
3797
3797
3798
3688
3796
3686
3798
3799
3800
3791
3800
3691
3801
3690
3696
3802
3692
3803
3692
3804
3805
3694
3699
3806
3807
3696
3807
3808
3809
3698
3810
3811
3700
3812
3811
3813
3702
3814
3815
3704
3815
3816
3810
3817
3706
3712
3818
3708
3819
3708
3814
3820
3821
3822
3823
3711
3823
3712
3824
3825
3714
3826
3715
3827
3716
3828
3822
3829
3718
3830
3719
3831
3720
3832
3826
3833
3722
3834
3835
3830
3835
3836
3728
3836
3727
3834
3728
3731
3837
3731
3733
3838
3839
3836
3837
3738
3840
3841
3736
3842
3843
3844
3741
3845
3739
3846
3845
3847
3841
3848
3848
3849
3744
3850
3850
3851
3842
3852
3747
3853
3749
3854
3854
3855
3851
3856
3856
3857
3858
3858
3859
3859
3860
3860
3861
3861
3862
3862
3863
3863
3864
3864
3865
3865
3866
3866
3867
3867
3868
3868
3869
3869
3870
3870
3871
3871
3872
3872
3873
3873
3874
3874
3875
3875
3876
3876
3877
3877
3878
3878
3879
3879
3880
3880
3881
3882
3883
3775
3779
3882
3884
3780
3885
3885
3886
3886
3887
3884
3887
3782
3888
3782
3784
3889
3890
3784
3786
3891
3892
3786
3788
3893
3894
3788
3790
3895
3896
3790
3897
3898
3899
3900
3900
3901
3794
3901
3902
3903
3897
3903
3904
3905
3906
3801
3907
3907
3908
3908
3909
3800
3909
3910
3899
3804
3911
3803
3809
3912
3805
3913
3805
3914
3915
3807
3812
3916
3917
3809
3917
3918
3919
3811
3920
3921
3813
3922
3921
3923
3815
3924
3925
3817
3925
3926
3920
3927
3825
3928
3929
3821
3929
3821
3924
3930
3931
3932
3933
3824
3933
3825
3934
3935
3827
3936
3828
3937
3829
3938
3932
3939
3831
3832
3833
3936
3835
3839
3839
3840
3846
3844
3940
3843
3941
3942
3942
3943
3849
3944
3847
3944
3940
3945
3945
3946
3852
3947
3947
3948
3941
3949
3855
3950
3857
3951
3951
3952
3948
3953
3953
3954
3955
3955
3956
3956
3957
3957
3958
3958
3959
3959
3960
3960
3961
3961
3962
3962
3963
3963
3964
3964
3965
3965
3966
3966
3967
3967
3968
3968
3969
3969
3970
3970
3971
3971
3972
3972
3973
3973
3974
3974
3975
3975
3976
3976
3977
3977
3978
3979
3980
3883
3981
3979
3982
3981
3983
3888
3984
3984
3985
3983
3985
3890
3986
3890
3892
3987
3988
3892
3894
3989
3990
3894
3896
3991
3992
3896
3898
3993
3994
3898
3995
3996
3910
3997
3997
3998
3998
3999
3903
3999
4000
3904
4000
4001
3906
4001
4002
3995
4003
3911
4004
4004
4005
4005
4006
4006
4007
3914
4008
3913
3919
4009
3915
4010
3915
4011
4012
3917
3922
4013
4014
3919
4014
4015
4016
3921
4017
4018
3923
4019
4018
4020
3925
4021
4022
3927
4022
4023
4017
4024
3935
4025
4026
3931
4026
4021
4027
4027
4028
4029
4030
3934
4030
3935
4031
4032
3937
3938
3939
4029
3943
4033
4034
4035
4035
4036
4036
4037
3946
4033
4038
4038
3949
4039
4039
4040
4034
4041
3952
4042
3954
4043
4043
4044
4040
4045
4045
4046
4047
4047
4048
4048
4049
4049
4050
4050
4051
4051
4052
4052
4053
4053
4054
4054
4055
4055
4056
4056
4057
4057
4058
4058
4059
4059
4060
4060
4061
4061
4062
4062
4063
4063
4064
4064
4065
4065
4066
4066
4067
4067
4068
4068
4069
4069
4070
4071
4072
3980
4073
4071
4074
3982
4075
4073
4076
4075
4077
3986
4078
4077
4078
3988
4079
3988
3990
4080
4081
3990
3992
4082
4083
3992
3994
4084
4085
3994
3996
4086
4087
3996
4003
4088
4089
4007
4090
4090
4091
4091
4092
4092
4093
4093
4094
4003
4094
4095
4096
4008
4097
4097
4098
4098
4099
4099
4100
4011
4101
4010
4016
4102
4012
4103
4012
4104
4105
4014
4019
4106
4107
4016
4107
4108
4109
4018
4110
4111
4020
4112
4111
4113
4022
4114
4115
4024
4115
4116
4110
4117
4032
4118
4119
4028
4119
4114
4120
4120
4121
4122
4031
4122
4032
4123
4124
4037
4125
4126
4127
4127
4128
4128
4129
4129
4130
4125
4041
4131
4131
4132
4126
4133
4044
4134
4046
4135
4135
4136
4132
4137
4137
4138
4139
4139
4140
4140
4141
4141
4142
4142
4143
4143
4144
4144
4145
4145
4146
4146
4147
4147
4148
4148
4149
4149
4150
4150
4151
4151
4152
4152
4153
4153
4154
4154
4155
4155
4156
4156
4157
4157
4158
4158
4159
4159
4160
4160
4161
4161
4162
4163
4164
4072
4165
4163
4166
4074
4167
4165
4168
4076
4169
4167
4170
4169
4171
4079
4171
4081
4172
4081
4083
4173
4174
4083
4085
4175
4176
4085
4087
4177
4178
4087
4089
4179
4180
4089
4096
4181
4182
4183
4100
4184
4184
4185
4185
4186
4186
4187
4187
4188
4096
4188
4189
4182
4101
4190
4190
4191
4191
4192
4192
4193
4104
4194
4103
4109
4195
4105
4196
4105
4197
4198
4107
4112
4199
4200
4109
4200
4201
4202
4111
4203
4204
4113
4205
4204
4206
4207
4208
4208
4117
4209
4203
4210
4124
4211
4121
4211
4207
4212
4212
4213
4123
4124
4130
4214
4214
4215
4215
4216
4216
4217
4217
4133
4218
4218
4219
4220
4221
4136
4222
4138
4223
4223
4224
4219
4225
4225
4226
4227
4227
4228
4228
4229
4229
4230
4230
4231
4231
4232
4232
4233
4233
4234
4234
4235
4235
4236
4236
4237
4237
4238
4238
4239
4239
4240
4240
4241
4241
4242
4242
4243
4243
4244
4244
4245
4245
4246
4246
4247
4247
4248
4248
4249
4249
4250
4251
4252
4164
4253
4251
4254
4166
4255
4253
4256
4168
4257
4255
4258
4170
4259
4257
4260
4172
4259
4174
4261
4174
4176
4262
4263
4176
4178
4264
4265
4178
4180
4266
4267
4180
4183
4268
4269
4183
4270
4271
4272
4273
4189
4273
4274
4193
4275
4275
4276
4276
4277
4277
4278
4278
4279
4279
4280
4194
4281
4281
4282
4282
4283
4283
4284
4197
4285
4196
4202
4286
4198
4287
4198
4288
4289
4200
4205
4290
4291
4202
4291
4292
4293
4204
4294
4295
4206
4296
4295
4297
4298
4299
4209
4299
4210
4300
4301
4302
4213
4298
4303
4303
4221
4304
4304
4305
4305
4306
4306
4220
4307
4307
4308
4309
4310
4310
4311
4224
4312
4226
4313
4313
4314
4308
4315
4315
4316
4317
4317
4318
4318
4319
4319
4320
4320
4321
4321
4322
4322
4323
4323
4324
4324
4325
4325
4326
4326
4327
4327
4328
4328
4329
4329
4330
4330
4331
4331
4332
4332
4333
4333
4334
4334
4335
4335
4336
4336
4337
4337
4338
4338
4339
4339
4340
4341
4342
4252
4343
4341
4344
4254
4345
4343
4346
4256
4347
4345
4348
4258
4349
4347
4350
4260
4261
4349
4351
4263
4351
4263
4265
4352
4353
4265
4267
4354
4355
4267
4269
4356
4357
4269
4274
4358
4359
4272
4360
4361
4273
4360
4362
4274
4363
4280
4363
4364
4284
4365
4365
4366
4366
4367
4367
4368
4368
4369
4362
4369
4285
4370
4370
4371
4371
4372
4372
4373
4288
4374
4287
4293
4375
4289
4376
4289
4377
4378
4291
4296
4379
4380
4293
4380
4381
4382
4295
4301
4383
4297
4384
4383
4385
4386
4387
4300
4387
4302
4388
4389
4390
4389
4391
4386
4311
4392
4392
4393
4393
4309
4394
4394
4395
4396
4397
4397
4398
4398
4399
4314
4400
4316
4401
4401
4402
4395
4403
4403
4404
4405
4405
4406
4406
4407
4407
4408
4408
4409
4409
4410
4410
4411
4411
4412
4412
4413
4413
4414
4414
4415
4415
4416
4416
4417
4417
4418
4418
4419
4419
4420
4420
4421
4421
4422
4422
4423
4423
4424
4424
4425
4425
4426
4426
4427
4427
4428
4429
4430
4342
4431
4429
4432
4344
4433
4431
4434
4346
4435
4433
4436
4348
4437
4435
4438
4350
4439
4437
4440
4353
4439
4353
4355
4441
4442
4355
4357
4443
4444
4357
4359
4445
4446
4359
4364
4447
4448
4449
4450
4363
4449
4451
4450
4452
4453
4453
4454
4455
4373
4456
4456
4457
4457
4458
4458
4459
4452
4459
4374
4460
4460
4461
4461
4462
4462
4463
4377
4464
4376
4382
4465
4378
4466
4378
4467
4468
4380
4384
4469
4470
4382
4470
4471
4472
4390
4385
4473
4474
4475
4388
4475
4391
4476
4477
4478
4474
4478
4477
4479
4399
4480
4480
4396
4481
4481
4482
4483
4483
4484
4484
4485
4485
4486
4402
4487
4404
4488
4488
4489
4482
4490
4490
4491
4492
4492
4493
4493
4494
4494
4495
4495
4496
4496
4497
4497
4498
4498
4499
4499
4500
4500
4501
4501
4502
4502
4503
4503
4504
4504
4505
4505
4506
4506
4507
4507
4508
4508
4509
4509
4510
4510
4511
4511
4512
4512
4513
4513
4514
4514
4515
4516
4430
4517
4515
4518
4432
4519
4517
4520
4434
4521
4519
4522
4436
4523
4521
4524
4438
4525
4523
4526
4440
4442
4525
4527
4442
4444
4528
4527
4444
4446
4529
4530
4446
4448
4531
4532
4448
4454
4533
4534
4535
4536
4535
4537
4453
4536
4538
4537
4539
4455
4540
4541
4542
4538
4541
4463
4543
4543
4544
4544
4545
4539
4545
4464
4546
4546
4547
4547
4548
4548
4549
4467
4550
4466
4472
4551
4468
4552
4468
4553
4554
4470
4473
4555
4556
4472
4556
4557
4558
4559
4559
4560
4476
4479
4561
4562
4560
4562
4561
4486
4563
4564
4563
4565
4564
4566
4566
4567
4567
4568
4568
4489
4569
4491
4570
4570
4571
4565
4572
4572
4573
4574
4574
4575
4575
4576
4576
4577
4577
4578
4578
4579
4579
4580
4580
4581
4581
4582
4582
4583
4583
4584
4584
4585
4585
4586
4586
4587
4587
4588
4588
4589
4589
4590
4590
4591
4591
4592
4592
4593
4593
4594
4594
4595
4595
4596
4518
4597
4598
4599
4596
4597
4600
4518
4601
4602
4520
4603
4601
4604
4522
4605
4603
4606
4524
4607
4605
4608
4526
4609
4607
4610
4528
4609
4530
4611
4530
4532
4612
4613
4532
4534
4614
4615
4534
4540
4616
4617
4618
4619
4619
4620
4618
4621
4620
4622
4621
4623
4624
4625
4626
4542
4622
4625
4627
4549
4628
4628
4629
4623
4629
4550
4630
4630
4631
4631
4632
4632
4633
4553
4634
4552
4558
4635
4554
4636
4554
4637
4638
4556
4639
4640
4641
4558
4641
4642
4643
4640
4644
4644
4645
4646
4645
4646
4647
4648
4648
4649
4647
4650
4649
4651
4651
4652
4652
4571
4653
4573
4654
4654
4655
4650
4656
4656
4657
4658
4658
4659
4659
4660
4660
4661
4661
4662
4662
4663
4663
4664
4664
4665
4665
4666
4666
4667
4667
4668
4668
4669
4669
4670
4670
4671
4671
4672
4672
4673
4673
4674
4674
4675
4675
4676
4676
4677
4677
4678
4678
4679
4679
4680
4681
4682
4683
4599
4602
4684
4682
4685
4680
4681
4686
4602
4687
4688
4604
4689
4687
4690
4606
4691
4689
4692
4608
4693
4691
4694
4610
4611
4693
4695
4613
4695
4613
4615
4696
4697
4615
4617
4698
4699
4617
4624
4700
4701
4702
4703
4703
4704
4704
4705
4702
4706
4627
4705
4706
4707
4708
4709
4710
4626
4711
4709
4712
4711
4713
4633
4714
4707
4714
4634
4715
4715
4716
4716
4717
4717
4718
4637
4719
4636
4643
4720
4638
4721
4638
4722
4723
4641
4724
4724
4725
4726
4643
4726
4727
4728
4725
4729
4729
4730
4730
4731
4732
4732
4733
4733
4734
4731
4735
4734
4736
4736
4655
4737
4657
4738
4738
4739
4735
4740
4740
4741
4742
4742
4743
4743
4744
4744
4745
4745
4746
4746
4747
4747
4748
4748
4749
4749
4750
4750
4751
4751
4752
4752
4753
4753
4754
4754
4755
4755
4756
4756
4757
4757
4758
4758
4759
4759
4760
4760
4761
4761
4762
4762
4763
4763
4764
4765
4766
4767
4683
4768
4766
4769
4685
4688
4770
4768
4771
4764
4765
4772
4688
4773
4774
4690
4775
4773
4776
4692
4777
4775
4778
4694
4779
4777
4780
4697
4779
4697
4699
4781
4782
4699
4701
4783
4784
4701
4708
4785
4786
4787
4788
4788
4789
4789
4790
4713
4790
4787
4791
4791
4792
4793
4794
4795
4710
4796
4794
4797
4712
4798
4796
4799
4798
4800
4718
4792
4719
4801
4801
4802
4802
4803
4803
4804
4722
4805
4721
4728
4806
4723
4807
4723
4808
4809
4810
4811
4810
4812
4811
4728
4813
4814
4815
4812
4816
4816
4817
4818
4818
4819
4819
4820
4820
4821
4817
4822
4821
4739
4823
4741
4824
4824
4825
4822
4826
4826
4827
4828
4828
4829
4829
4830
4830
4831
4831
4832
4832
4833
4833
4834
4834
4835
4835
4836
4836
4837
4837
4838
4838
4839
4839
4840
4840
4841
4841
4842
4842
4843
4843
4844
4844
4845
4845
4846
4846
4847
4847
4848
4848
4849
4849
4850
4851
4852
4767
4853
4851
4854
4769
4855
4853
4856
4771
4774
4857
4855
4858
4850
4852
4859
4774
4860
4861
4776
4862
4860
4863
4778
4864
4862
4865
4780
4782
4864
4866
4782
4784
4867
4866
4784
4786
4868
4869
4786
4793
4870
4871
4872
4873
4873
4874
4874
4875
4800
4875
4872
4876
4804
4876
4877
4878
4879
4795
4880
4878
4881
4797
4882
4880
4883
4799
4884
4882
4885
4884
4886
4805
4887
4887
4888
4888
4889
4889
4890
4808
4891
4807
4815
4892
4809
4893
4809
4894
4895
4896
4897
4814
4897
4896
4898
4815
4899
4899
4900
4901
4898
4902
4903
4903
4904
4904
4905
4905
4906
4906
4902
4907
4825
4908
4827
4909
4909
4910
4907
4911
4911
4912
4913
4913
4914
4914
4915
4915
4916
4916
4917
4917
4918
4918
4919
4919
4920
4920
4921
4921
4922
4922
4923
4923
4924
4924
4925
4925
4926
4926
4927
4927
4928
4928
4929
4929
4930
4930
4931
4931
4932
4932
4933
4933
4934
4934
4935
4854
4936
4937
4938
4936
4939
4854
4940
4941
4856
4942
4940
4943
4858
4861
4944
4942
4945
4935
4939
4946
4861
4947
4948
4863
4949
4947
4950
4865
4951
4949
4952
4867
4951
4869
4953
4869
4871
4954
4955
4871
4877
4956
4957
4958
4959
4959
4960
4960
4961
4886
4961
4890
4958
4962
4963
4964
4879
4965
4963
4966
4881
4967
4965
4968
4883
4969
4967
4970
4885
4971
4969
4972
4971
4973
4891
4974
4974
4975
4975
4976
4976
4977
4894
4978
4893
4901
4979
4895
4980
4895
4981
4982
4983
4984
4900
4984
4983
4985
4986
4986
4987
4985
4988
4989
4990
4990
4991
4991
4992
4992
4993
4993
4989
4994
4910
4995
4912
4996
4996
4997
4994
4998
4998
4999
5000
5000
5001
5001
5002
5002
5003
5003
5004
5004
5005
5005
5006
5006
5007
5007
5008
5008
5009
5009
5010
5010
5011
5011
5012
5012
5013
5013
5014
5014
5015
5015
5016
5016
5017
5017
5018
5018
5019
5019
5020
5020
5021
5021
5022
5023
5024
5025
4938
4941
5026
5024
5027
5023
5028
4941
5029
5030
4943
5031
5029
5032
4945
4948
5033
5031
5034
5022
5028
5035
4948
5036
5037
4950
5038
5036
5039
4952
4953
5038
5040
4955
5040
4955
4957
5041
5042
4957
4962
5043
5044
4977
5045
5045
5046
5046
5047
4973
5047
5048
5049
4964
5050
5048
5051
4966
5052
5050
5053
4968
5054
5052
5055
4970
5056
5054
5057
4972
5058
5056
5059
5058
5060
4978
5061
5061
5062
5062
5063
5063
5064
4981
5065
4980
4988
5066
4982
5067
4982
5068
5069
5070
4987
5070
5071
5072
5071
5073
5073
5074
5072
5075
5076
5076
5077
5077
5078
5078
5079
5079
5075
5080
4997
5081
4999
5082
5082
5083
5080
5084
5084
5085
5086
5086
5087
5087
5088
5088
5089
5089
5090
5090
5091
5091
5092
5092
5093
5093
5094
5094
5095
5095
5096
5096
5097
5097
5098
5098
5099
5099
5100
5100
5101
5101
5102
5102
5103
5103
5104
5104
5105
5105
5106
5106
5107
5107
5108
5109
5110
5025
5111
5109
5112
5027
5030
5113
5111
5114
5110
5115
5030
5116
5117
5032
5118
5116
5119
5034
5037
5120
5118
5121
5108
5115
5122
5037
5123
5124
5039
5125
5123
5126
5042
5125
5042
5044
5127
5128
5044
5049
5129
5130
5064
5131
5131
5132
5060
5132
5051
5133
5134
5135
5134
5136
5051
5137
5138
5053
5139
5137
5140
5055
5141
5139
5142
5057
5143
5141
5144
5059
5145
5143
5146
5145
5147
5065
5148
5148
5149
5149
5150
5150
5151
5068
5152
5067
5153
5154
5069
5155
5069
5156
5157
5074
5158
5159
5154
5159
5158
5160
5160
5161
5162
5162
5163
5163
5164
5164
5165
5165
5161
5166
5083
5167
5085
5168
5168
5169
5166
5170
5170
5171
5172
5172
5173
5173
5174
5174
5175
5175
5176
5176
5177
5177
5178
5178
5179
5179
5180
5180
5181
5181
5182
5182
5183
5183
5184
5184
5185
5185
5186
5186
5187
5187
5188
5188
5189
5189
5190
5190
5191
5191
5192
5192
5193
5193
5194
5112
5195
5196
5197
5195
5198
5112
5199
5200
5114
5117
5201
5199
5202
5198
5203
5117
5204
5205
5119
5206
5204
5207
5121
5124
5208
5206
5209
5194
5203
5210
5124
5211
5212
5126
5128
5211
5213
5128
5130
5214
5213
5130
5136
5215
5216
5151
5217
5147
5217
5135
5138
5218
5219
5220
5221
5221
5222
5219
5223
5138
5224
5225
5140
5226
5224
5227
5142
5228
5226
5229
5144
5230
5228
5231
5146
5232
5230
5233
5232
5234
5152
5235
5235
5236
5236
5237
5237
5238
5156
5239
5155
5240
5241
5241
5242
5157
5243
5157
5244
5245
5246
5247
5242
5247
5246
5248
5249
5250
5251
5251
5252
5252
5253
5253
5249
5254
5169
5255
5171
5256
5256
5257
5254
5258
5258
5259
5260
5260
5261
5261
5262
5262
5263
5263
5264
5264
5265
5265
5266
5266
5267
5267
5268
5268
5269
5269
5270
5270
5271
5271
5272
5272
5273
5273
5274
5274
5275
5275
5276
5276
5277
5277
5278
5278
5279
5279
5280
5280
5281
5281
5282
5283
5284
5197
5200
5285
5283
5286
5284
5287
5200
5288
5289
5202
5205
5290
5288
5291
5287
5292
5205
5293
5294
5207
5295
5293
5296
5209
5212
5297
5295
5298
5282
5292
5299
5212
5300
5301
5214
5300
5216
5302
5216
5223
5303
5304
5234
5238
5222
5225
5305
5306
5307
5308
5221
5306
5309
5310
5310
5311
5307
5312
5225
5313
5314
5227
5315
5313
5316
5229
5317
5315
5318
5231
5319
5317
5320
5233
5321
5319
5322
5321
5323
5239
5324
5324
5325
5325
5326
5323
5326
5244
5327
5243
5328
5329
5329
5330
5330
5331
5245
5332
5245
5333
5334
5335
5331
5335
5250
5336
5336
5337
5338
5339
5338
5340
5340
5341
5341
5337
5342
5257
5343
5259
5344
5344
5345
5342
5346
5346
5347
5348
5348
5349
5349
5350
5350
5351
5351
5352
5352
5353
5353
5354
5354
5355
5355
5356
5356
5357
5357
5358
5358
5359
5359
5360
5360
5361
5361
5362
5362
5363
5363
5364
5364
5365
5365
5366
5366
5367
5367
5368
5368
5369
5369
5370
5286
5371
5372
5373
5371
5374
5286
5289
5375
5376
5374
5377
5289
5378
5379
5291
5294
5380
5378
5381
5377
5382
5294
5383
5384
5296
5385
5383
5386
5298
5301
5387
5385
5388
5370
5382
5389
5301
5302
5390
5304
5390
5304
5312
5391
5392
5311
5314
5393
5308
5394
5395
5396
5396
5397
5310
5394
5398
5399
5399
5400
5395
5401
5314
5402
5403
5316
5404
5402
5405
5318
5406
5404
5407
5320
5408
5406
5409
5322
5410
5408
5411
5410
5412
5327
5413
5413
5414
5412
5414
5333
5415
5332
5416
5416
5417
5417
5418
5418
5419
5334
5420
5334
5421
5422
5419
5339
5423
5423
5424
5425
5426
5426
5427
5425
5428
5428
5424
5429
5345
5430
5347
5431
5431
5432
5429
5433
5433
5434
5435
5435
5436
5436
5437
5437
5438
5438
5439
5439
5440
5440
5441
5441
5442
5442
5443
5443
5444
5444
5445
5445
5446
5446
5447
5447
5448
5448
5449
5449
5450
5450
5451
5451
5452
5452
5453
5453
5454
5454
5455
5455
5456
5456
5457
5458
5459
5373
5376
5460
5458
5461
5459
5462
5376
5379
5463
5464
5462
5465
5379
5466
5467
5381
5384
5468
5466
5469
5465
5470
5384
5471
5472
5386
5473
5471
5474
5388
5390
5475
5473
5476
5457
5470
5477
5392
5392
5401
5478
5475
5400
5403
5479
5397
5480
5481
5482
5397
5481
5483
5484
5485
5399
5480
5486
5487
5487
5488
5482
5489
5403
5490
5491
5405
5492
5490
5493
5407
5494
5492
5495
5409
5496
5494
5497
5411
5498
5496
5499
5498
5500
5415
5501
5500
5501
5421
5502
5503
5504
5503
5505
5505
5506
5506
5422
5504
5507
5422
5508
5509
5427
5510
5510
5511
5512
5513
5513
5514
5514
5515
5512
5511
5516
5432
5517
5434
5518
5518
5519
5516
5520
5520
5521
5522
5522
5523
5523
5524
5524
5525
5525
5526
5526
5527
5527
5528
5528
5529
5529
5530
5530
5531
5531
5532
5532
5533
5533
5534
5534
5535
5535
5536
5536
5537
5537
5538
5538
5539
5539
5540
5540
5541
5541
5542
5542
5543
5543
5544
5461
5545
5546
5547
5545
5548
5461
5464
5549
5550
5548
5551
5464
5467
5552
5553
5551
5554
5467
5555
5556
5469
5472
5557
5555
5558
5554
5559
5472
5560
5561
5474
5562
5560
5563
5476
5478
5562
5564
5544
5559
5565
5489
5564
5488
5491
5566
5485
5567
5568
5569
5570
5568
5571
5484
5485
5572
5569
5573
5574
5487
5567
5575
5576
5576
5577
5571
5578
5491
5579
5580
5493
5581
5579
5582
5495
5583
5581
5584
5497
5585
5583
5586
5499
5587
5585
5588
5587
5589
5502
5589
5508
5590
5591
5592
5592
5593
5591
5594
5594
5509
5593
5595
5509
5596
5597
5515
5598
5598
5599
5600
5600
5601
5601
5602
5602
5603
5599
5604
5519
5605
5521
5606
5606
5607
5604
5608
5608
5609
5610
5610
5611
5611
5612
5612
5613
5613
5614
5614
5615
5615
5616
5616
5617
5617
5618
5618
5619
5619
5620
5620
5621
5621
5622
5622
5623
5623
5624
5624
5625
5625
5626
5626
5627
5627
5628
5628
5629
5629
5630
5630
5631
5631
5632
5633
5634
5547
5550
5635
5633
5636
5634
5637
5550
5553
5638
5639
5637
5640
5553
5556
5641
5642
5640
5643
5556
5644
5645
5558
5561
5646
5644
5647
5643
5648
5561
5649
5650
5563
5651
5649
5652
5578
5651
5632
5648
5653
5577
5580
5654
5574
5655
5656
5657
5570
5658
5656
5659
5657
5660
5573
5574
5661
5658
5662
5663
5576
5655
5664
5665
5665
5666
5660
5667
5580
5668
5669
5582
5670
5668
5671
5584
5672
5670
5673
5586
5674
5672
5675
5588
5676
5674
5677
5590
5676
5596
5678
5679
5680
5680
5681
5681
5682
5679
5597
5682
5683
5597
5684
5685
5686
5687
5687
5688
5689
5689
5690
5690
5691
5686
5691
5692
5688
5693
5607
5694
5609
5695
5695
5696
5693
5697
5697
5698
5699
5699
5700
5700
5701
5701
5702
5702
5703
5703
5704
5704
5705
5705
5706
5706
5707
5707
5708
5708
5709
5709
5710
5710
5711
5711
5712
5712
5713
5713
5714
5714
5715
5715
5716
5716
5717
5717
5718
5718
5719
5719
5720
5720
5721
5636
5722
5723
5724
5722
5725
5636
5639
5726
5727
5725
5728
5639
5642
5729
5730
5728
5731
5642
5645
5732
5733
5731
5734
5645
5735
5736
5647
5650
5737
5735
5738
5734
5739
5650
5740
5741
5652
5667
5740
5742
5721
5739
5743
5666
5669
5744
5663
5745
5659
5746
5747
5748
5746
5749
5659
5750
5751
5749
5752
5662
5663
5753
5750
5754
5755
5665
5745
5756
5757
5757
5758
5742
5752
5669
5759
5760
5671
5761
5759
5762
5673
5763
5761
5764
5675
5765
5763
5766
5677
5678
5765
5767
5684
5767
5768
5768
5769
5769
5770
5770
5771
5685
5771
5772
5685
5773
5774
5775
5775
5776
5776
5777
5778
5778
5779
5779
5780
5775
5780
5781
5777
5782
5696
5783
5698
5784
5784
5785
5782
5786
5786
5787
5788
5788
5789
5789
5790
5790
5791
5791
5792
5792
5793
5793
5794
5794
5795
5795
5796
5796
5797
5797
5798
5798
5799
5799
5800
5800
5801
5801
5802
5802
5803
5803
5804
5804
5805
5805
5806
5806
5807
5807
5808
5808
5809
5809
5810
5811
5812
5724
5727
5813
5811
5814
5812
5815
5727
5730
5816
5817
5815
5818
5730
5733
5819
5820
5818
5821
5733
5736
5822
5823
5821
5824
5736
5825
5826
5738
5741
5827
5825
5828
5824
5829
5741
5830
5831
5830
5832
5810
5829
5833
5758
5760
5834
5755
5835
5836
5837
5838
5748
5836
5839
5751
5840
5837
5841
5751
5842
5843
5832
5841
5754
5755
5844
5842
5845
5846
5757
5835
5847
5848
5848
5849
5760
5850
5851
5762
5852
5850
5853
5764
5854
5852
5855
5766
5856
5854
5857
5773
5856
5858
5858
5859
5859
5860
5860
5861
5774
5861
5862
5774
5863
5864
5865
5865
5866
5866
5867
5868
5868
5869
5869
5870
5865
5870
5871
5867
5872
5785
5873
5787
5874
5874
5875
5872
5876
5876
5877
5878
5878
5879
5879
5880
5880
5881
5881
5882
5882
5883
5883
5884
5884
5885
5885
5886
5886
5887
5887
5888
5888
5889
5889
5890
5890
5891
5891
5892
5892
5893
5893
5894
5894
5895
5895
5896
5896
5897
5897
5898
5898
5899
5899
5900
5814
5901
5902
5903
5901
5904
5814
5817
5905
5906
5904
5907
5817
5820
5908
5909
5907
5910
5820
5823
5911
5912
5910
5913
5823
5826
5914
5915
5913
5916
5826
5917
5918
5828
5831
5919
5917
5920
5916
5921
5831
5922
5923
5922
5924
5900
5921
5925
5849
5851
5926
5846
5927
5838
5928
5929
5930
5930
5931
5840
5928
5932
5843
5933
5924
5929
5843
5934
5935
5845
5846
5936
5934
5937
5938
5848
5927
5939
5940
5940
5941
5851
5942
5943
5853
5944
5942
5945
5855
5946
5944
5947
5857
5863
5946
5948
5949
5949
5950
5950
5951
5951
5952
5864
5952
5953
5864
5948
5954
5955
5955
5956
5956
5957
5958
5958
5959
5959
5960
5960
5961
5962
5957
5963
5875
5964
5877
5965
5965
5966
5963
5967
5967
5968
5969
5969
5970
5970
5971
5971
5972
5972
5973
5973
5974
5974
5975
5975
5976
5976
5977
5977
5978
5978
5979
5979
5980
5980
5981
5981
5982
5982
5983
5983
5984
5984
5985
5985
5986
5986
5987
5987
5988
5988
5989
5989
5990
5990
5991
5992
5993
5903
5906
5994
5992
5995
5993
5996
5906
5909
5997
5998
5996
5999
5909
5912
6000
6001
5999
6002
5912
5915
6003
6004
6002
6005
5915
5918
6006
6007
6005
6008
5918
6009
6010
5920
5923
6011
6009
6012
6008
6013
5923
6014
6015
6014
6016
5991
6013
6017
5941
5943
6018
5938
6019
5931
6020
6016
6021
5931
6021
6022
6023
6024
5933
6020
6025
5935
6026
5935
6027
6028
5937
5938
6029
6027
6030
6031
5940
6019
6032
6033
6033
6034
5943
6035
6036
5945
6037
6035
6038
5947
6039
6037
6040
5954
6039
6041
6041
6042
6042
6043
6043
6044
5954
6044
6045
6046
5961
6047
6047
6048
6048
6049
6050
6050
6051
6051
6052
6053
6052
6053
6054
6049
6055
5966
6056
5968
6057
6057
6058
6055
6059
6059
6060
6061
6061
6062
6062
6063
6063
6064
6064
6065
6065
6066
6066
6067
6067
6068
6068
6069
6069
6070
6070
6071
6071
6072
6072
6073
6073
6074
6074
6075
6075
6076
6076
6077
6077
6078
6078
6079
6079
6080
6080
6081
6081
6082
6082
6083
5995
6084
6085
6086
6084
6087
5995
5998
6088
6089
6087
6090
5998
6001
6091
6092
6090
6093
6001
6004
6094
6095
6093
6096
6004
6007
6097
6098
6096
6099
6007
6010
6100
6101
6099
6102
6010
6103
6104
6012
6015
6105
6103
6106
6102
6107
6015
6108
6109
6108
6110
6083
6107
6111
6034
6036
6112
6031
6113
6024
6114
6110
6115
6116
6023
6024
6117
6115
6118
6119
6026
6114
6120
6028
6121
6028
6122
6123
6030
6031
6124
6122
6125
6126
6033
6113
6127
6128
6128
6129
6036
6130
6131
6038
6132
6130
6133
6040
6046
6132
6134
6135
6135
6136
6136
6137
6137
6138
6046
6138
6139
6134
6053
6140
6140
6141
6141
6142
6143
6143
6144
6144
6145
6146
6145
6147
6148
6142
6149
6058
6150
6060
6151
6151
6152
6149
6153
6153
6154
6155
6155
6156
6156
6157
6157
6158
6158
6159
6159
6160
6160
6161
6161
6162
6162
6163
6163
6164
6164
6165
6165
6166
6166
6167
6167
6168
6168
6169
6169
6170
6170
6171
6171
6172
6172
6173
6173
6174
6174
6175
6175
6176
6176
6177
6178
6179
6086
6089
6180
6178
6181
6179
6182
6089
6092
6183
6184
6182
6185
6092
6095
6186
6187
6185
6188
6095
6098
6189
6190
6188
6191
6098
6101
6192
6193
6191
6194
6101
6104
6195
6196
6194
6197
6104
6198
6199
6106
6109
6200
6198
6201
6197
6202
6109
6203
6204
6203
6205
6177
6202
6206
6129
6131
6207
6126
6208
6119
6209
6116
6210
6205
6211
6118
6119
6212
6210
6213
6214
6121
6209
6215
6123
6216
6123
6217
6218
6125
6126
6219
6217
6220
6221
6128
6208
6222
6223
6223
6224
6131
6225
6226
6133
6227
6225
6228
6139
6227
6229
6229
6230
6230
6231
6231
6232
6232
6233
6146
6234
6234
6235
6235
6236
6237
6237
6238
6238
6239
6147
6240
6241
6239
6242
6243
6236
6244
6152
6245
6154
6246
6246
6247
6244
6248
6248
6249
6250
6250
6251
6251
6252
6252
6253
6253
6254
6254
6255
6255
6256
6256
6257
6257
6258
6258
6259
6259
6260
6260
6261
6261
6262
6262
6263
6263
6264
6264
6265
6265
6266
6266
6267
6267
6268
6268
6269
6269
6270
6270
6271
6271
6272
6181
6273
6274
6274
6275
6181
6184
6276
6277
6275
6278
6184
6187
6279
6280
6278
6281
6187
6190
6282
6283
6281
6284
6190
6193
6285
6286
6284
6287
6193
6196
6288
6289
6287
6290
6196
6199
6291
6292
6290
6293
6199
6294
6295
6201
6204
6296
6294
6297
6293
6298
6204
6299
6300
6211
6299
6301
6302
6272
6298
6303
6224
6226
6304
6221
6305
6214
6306
6211
6307
6308
6213
6214
6309
6307
6310
6311
6216
6306
6312
6218
6313
6218
6314
6315
6220
6221
6316
6314
6317
6318
6223
6305
6319
6320
6320
6321
6226
6322
6323
6228
6233
6322
6324
6325
6325
6326
6326
6327
6327
6328
6324
6328
6240
6329
6329
6330
6330
6331
6332
6332
6333
6333
6334
6241
6335
6242
6336
6337
6334
6337
6338
6331
6339
6247
6340
6249
6341
6341
6342
6339
6343
6343
6344
6345
6345
6346
6346
6347
6347
6348
6348
6349
6349
6350
6350
6351
6351
6352
6352
6353
6353
6354
6354
6355
6355
6356
6356
6357
6357
6358
6358
6359
6359
6360
6360
6361
6361
6362
6362
6363
6363
6364
6364
6365
6365
6366
6366
6367
6277
6368
6369
6370
6371
6368
6372
6372
6373
6277
6280
6374
6369
6373
6375
6280
6283
6376
6377
6375
6378
6283
6286
6379
6380
6378
6381
6286
6289
6382
6383
6381
6384
6289
6292
6385
6386
6384
6387
6292
6295
6388
6389
6387
6390
6295
6391
6392
6297
6300
6393
6391
6394
6390
6395
6300
6396
6397
6302
6396
6398
6308
6399
6367
6395
6400
6321
6323
6401
6318
6402
6311
6403
6308
6404
6405
6310
6311
6406
6404
6407
6408
6313
6403
6409
6315
6410
6315
6411
6412
6317
6318
6413
6411
6414
6415
6320
6402
6416
6417
6417
6418
6323
6419
6420
6419
6421
6422
6422
6423
6423
6424
6424
6425
6335
6426
6426
6427
6427
6428
6429
6429
6430
6430
6431
6336
6432
6337
6433
6434
6431
6435
6436
6428
6437
6342
6438
6344
6439
6439
6440
6437
6441
6441
6442
6443
6443
6444
6444
6445
6445
6446
6446
6447
6447
6448
6448
6449
6449
6450
6450
6451
6451
6452
6452
6453
6453
6454
6454
6455
6455
6456
6456
6457
6457
6458
6458
6459
6459
6460
6460
6461
6461
6462
6462
6463
6463
6464
6464
6465
6466
6467
6374
6468
6371
6468
6469
6466
6470
6467
6471
6471
6472
6377
6473
6472
6474
6377
6380
6475
6476
6474
6477
6380
6383
6478
6479
6477
6480
6383
6386
6481
6482
6480
6483
6386
6389
6484
6485
6483
6486
6389
6392
6487
6488
6486
6489
6392
6490
6491
6394
6397
6492
6490
6493
6489
6494
6397
6398
6495
6496
6497
6399
6498
6405
6499
6465
6494
6500
6418
6420
6501
6415
6502
6408
6503
6405
6504
6505
6407
6408
6506
6504
6507
6508
6410
6503
6509
6412
6510
6412
6511
6512
6414
6415
6513
6511
6514
6515
6417
6502
6516
6517
6517
6518
6420
6519
6520
6425
6519
6521
6521
6522
6522
6523
6523
6524
6432
6525
6525
6526
6526
6527
6528
6528
6529
6529
6530
6433
6531
6434
6532
6435
6533
6534
6530
6535
6536
6527
6537
6440
6538
6442
6539
6539
6540
6537
6541
6541
6542
6543
6543
6544
6544
6545
6545
6546
6546
6547
6547
6548
6548
6549
6549
6550
6550
6551
6551
6552
6552
6553
6553
6554
6554
6555
6555
6556
6556
6557
6557
6558
6558
6559
6559
6560
6560
6561
6561
6562
6562
6563
6563
6564
6564
6565
6470
6566
6567
6567
6568
6473
6569
6470
6569
6570
6571
6568
6572
6572
6573
6476
6574
6573
6575
6476
6479
6576
6577
6575
6578
6479
6482
6579
6580
6578
6581
6482
6485
6582
6583
6581
6584
6485
6488
6585
6586
6584
6587
6488
6491
6588
6589
6587
6590
6491
6591
6592
6493
6497
6593
6591
6594
6590
6595
6496
6498
6596
6497
6597
6597
6598
6599
6499
6600
6505
6601
6565
6595
6602
6518
6520
6603
6515
6604
6508
6605
6505
6606
6607
6507
6508
6608
6606
6609
6610
6510
6605
6611
6512
6612
6512
6613
6614
6514
6515
6615
6613
6616
6617
6517
6604
6618
6619
6619
6620
6520
6524
6621
6622
6622
6623
6623
6624
6621
6624
6531
6625
6625
6626
6626
6627
6628
6628
6629
6629
6630
6532
6631
6533
6632
6534
6633
6535
6634
6635
6630
6636
6637
6627
6638
6540
6639
6542
6640
6640
6641
6638
6642
6642
6643
6644
6644
6645
6645
6646
6646
6647
6647
6648
6648
6649
6649
6650
6650
6651
6651
6652
6652
6653
6653
6654
6654
6655
6655
6656
6656
6657
6657
6658
6658
6659
6659
6660
6660
6661
6661
6662
6662
6663
6663
6664
6664
6665
6665
6666
6571
6667
6668
6669
6668
6670
6670
6671
6574
6672
6571
6672
6673
6669
6671
6674
6674
6675
6577
6676
6675
6677
6577
6580
6678
6679
6677
6680
6580
6583
6681
6682
6680
6683
6583
6586
6684
6685
6683
6686
6586
6589
6687
6688
6686
6689
6589
6592
6690
6691
6689
6692
6592
6693
6694
6594
6598
6695
6696
6697
6693
6698
6692
6699
6597
6600
6700
6701
6599
6697
6701
6702
6601
6703
6607
6704
6666
6699
6705
6621
6706
6707
6617
6708
6610
6709
6607
6710
6711
6609
6610
6712
6710
6713
6714
6612
6709
6715
6614
6716
6614
6717
6718
6616
6617
6719
6717
6720
6721
6619
6708
6722
6723
6707
6723
6724
6725
6725
6726
6724
6726
6631
6727
6727
6728
6728
6729
6730
6730
6731
6731
6732
6632
6733
6633
6734
6634
6735
6635
6736
6636
6737
6738
6732
6739
6740
6729
6741
6641
6742
6643
6743
6743
6744
6741
6745
6745
6746
6747
6747
6748
6748
6749
6749
6750
6750
6751
6751
6752
6752
6753
6753
6754
6754
6755
6755
6756
6756
6757
6757
6758
6758
6759
6759
6760
6760
6761
6761
6762
6762
6763
6763
6764
6764
6765
6765
6766
6766
6767
6767
6768
6768
6769
6770
6771
6772
6773
6774
6770
6775
6673
6771
6775
6776
6776
6777
6676
6778
6778
6779
6777
6780
6780
6781
6679
6782
6781
6783
6679
6682
6784
6785
6783
6786
6682
6685
6787
6788
6786
6789
6685
6688
6790
6791
6789
6792
6688
6691
6793
6794
6792
6795
6691
6694
6796
6797
6795
6798
6694
6799
6800
6696
6801
6802
6698
6803
6702
6802
6799
6803
6804
6798
6805
6701
6703
6806
6807
6807
6808
6704
6809
6711
6810
6769
6805
6811
6724
6812
6813
6813
6814
6721
6815
6714
6816
6711
6817
6818
6713
6714
6819
6817
6820
6821
6716
6816
6822
6718
6823
6718
6824
6825
6720
6721
6826
6824
6827
6828
6723
6815
6829
6814
6830
6831
6830
6831
6733
6832
6832
6833
6833
6834
6835
6835
6836
6836
6837
6734
6838
6735
6839
6736
6840
6737
6841
6738
6842
6739
6843
6844
6837
6845
6846
6834
6847
6744
6848
6746
6849
6849
6850
6847
6851
6851
6852
6853
6853
6854
6854
6855
6855
6856
6856
6857
6857
6858
6858
6859
6859
6860
6860
6861
6861
6862
6862
6863
6863
6864
6864
6865
6865
6866
6866
6867
6867
6868
6868
6869
6869
6870
6870
6871
6871
6872
6872
6873
6873
6874
6874
6875
6876
6877
6772
6779
6878
6879
6774
6879
6880
6876
6881
6877
6882
6882
6883
6883
6884
6782
6885
6878
6885
6884
6886
6886
6887
6785
6888
6887
6889
6785
6788
6890
6891
6889
6892
6788
6791
6893
6894
6892
6895
6791
6794
6896
6897
6895
6898
6794
6797
6899
6900
6898
6901
6797
6800
6902
6903
6901
6904
6800
6905
6906
6803
6907
6908
6808
6907
6909
6905
6909
6910
6911
6912
6904
6913
6807
6809
6914
6915
6915
6916
6810
6917
6818
6918
6875
6913
6919
6830
6920
6921
6921
6922
6922
6923
6828
6924
6821
6925
6818
6926
6927
6820
6821
6928
6926
6929
6930
6823
6925
6931
6825
6932
6825
6933
6934
6827
6828
6935
6933
6936
6937
6923
6924
6938
6938
6838
6939
6939
6940
6940
6941
6942
6942
6943
6943
6944
6839
6945
6840
6946
6841
6947
6842
6948
6843
6949
6844
6950
6845
6951
6952
6953
6944
6952
6954
6941
6955
6850
6956
6852
6957
6957
6958
6955
6959
6959
6960
6961
6961
6962
6962
6963
6963
6964
6964
6965
6965
6966
6966
6967
6967
6968
6968
6969
6969
6970
6970
6971
6971
6972
6972
6973
6973
6974
6974
6975
6975
6976
6976
6977
6977
6978
6978
6979
6979
6980
6980
6981
6981
6982
6982
6983
6881
6984
6985
6985
6986
6987
6988
6988
6989
6881
6989
6990
6991
6986
6992
6992
6993
6993
6994
6888
6987
6994
6995
6995
6996
6891
6997
6996
6998
6891
6894
6999
7000
6998
7001
6894
6897
7002
7003
7001
7004
6897
6900
7005
7006
7004
7007
6900
6903
7008
7009
7007
7010
6903
6906
7011
7012
7010
7013
6906
7014
7015
6916
7016
6909
7016
7017
6910
7017
7018
6912
7018
7019
7014
7020
7013
7021
6915
6917
7022
7023
7023
7024
6918
7025
6927
7026
6983
7021
7027
6938
7028
7028
7029
7029
7030
7030
7031
6937
7031
6930
7032
6927
7033
7034
6929
6930
7035
7033
7036
7037
6932
7032
7038
6934
7039
6934
7040
7041
6936
6937
7042
7040
7043
7044
6945
7045
7045
7046
7046
7047
7048
7048
7049
7049
7050
6946
7051
6947
7052
6948
7053
6949
7054
6950
7055
6951
7056
6953
7057
7058
7058
7059
7050
7060
7061
7047
7062
6958
7063
6960
7064
7063
7064
7062
7065
7065
7066
7067
7067
7068
7068
7069
7069
7070
7070
7071
7071
7072
7072
7073
7073
7074
7074
7075
7075
7076
7076
7077
7077
7078
7078
7079
7079
7080
7080
7081
7081
7082
7082
7083
7083
7084
7084
7085
7085
7086
7086
7087
7087
7088
7088
7089
6991
7090
7091
7092
7091
7093
7093
7094
6997
7095
7095
7096
7096
7097
6991
7097
7098
7092
7094
7099
7099
7100
7100
7101
7101
7102
7102
7103
7000
7104
7103
7105
7000
7003
7106
7107
7105
7108
7003
7006
7109
7110
7108
7111
7006
7009
7112
7113
7111
7114
7009
7012
7115
7116
7114
7117
7012
7015
7118
7119
7117
7120
7015
7020
7121
7122
7024
7123
7123
7124
7124
7125
7020
7125
7126
7127
7120
7128
7023
7025
7129
7130
7130
7131
7026
7132
7034
7133
7089
7128
7134
7135
7135
7136
7136
7137
7137
7138
7037
7139
7034
7140
7141
7036
7037
7142
7140
7143
7144
7039
7139
7145
7041
7146
7041
7147
7148
7043
7044
7149
7147
7150
7138
7051
7151
7151
7152
7152
7153
7154
7154
7155
7155
7156
7052
7157
7053
7158
7054
7159
7055
7160
7056
7161
7057
7162
7059
7163
7060
7164
7164
7165
7166
7156
7167
7168
7153
7169
7170
7171
7172
7066
7172
7169
7173
7173
7174
7175
7175
7176
7176
7177
7177
7178
7178
7179
7179
7180
7180
7181
7181
7182
7182
7183
7183
7184
7184
7185
7185
7186
7186
7187
7187
7188
7188
7189
7189
7190
7190
7191
7191
7192
7192
7193
7193
7194
7194
7195
7195
7196
7196
7197
7198
7199
7200
7201
7199
7202
7098
7200
7202
7203
7203
7204
7104
7205
7205
7206
7206
7207
7207
7208
7204
7209
7209
7210
7210
7211
7211
7212
7212
7213
7107
7214
7213
7215
7107
7110
7216
7217
7215
7218
7110
7113
7219
7220
7218
7221
7113
7116
7222
7223
7221
7224
7116
7119
7225
7226
7224
7227
7119
7122
7228
7229
7227
7230
7122
7127
7231
7232
7233
7234
7131
7235
7235
7236
7236
7237
7127
7237
7238
7233
7230
7239
7130
7132
7240
7241
7241
7242
7133
7243
7141
7244
7197
7239
7245
7246
7246
7247
7247
7248
7248
7249
7144
7250
7141
7251
7252
7143
7144
7253
7251
7254
7255
7146
7250
7256
7148
7257
7148
7258
7259
7150
7249
7258
7260
7157
7261
7261
7262
7262
7263
7264
7264
7265
7265
7266
7158
7267
7159
7268
7160
7269
7161
7270
7162
7271
7163
7272
7165
7273
7166
7274
7274
7275
7167
7276
7277
7278
7266
7278
7279
7263
7280
7281
7282
7172
7282
7283
7174
7280
7284
7283
7284
7285
7285
7286
7286
7287
7287
7288
7288
7289
7289
7290
7290
7291
7291
7292
7292
7293
7293
7294
7294
7295
7295
7296
7296
7297
7297
7298
7298
7299
7299
7300
7300
7301
7301
7302
7302
7303
7303
7304
7304
7305
7305
7306
7306
7307
7308
7309
7310
7311
7309
7312
7201
7208
7310
7313
7312
7314
7314
7315
7315
7316
7214
7317
7317
7318
7318
7319
7313
7319
7316
7320
7320
7321
7321
7322
7322
7323
7323
7324
7217
7325
7324
7326
7217
7220
7327
7328
7326
7329
7220
7223
7330
7331
7329
7332
7223
7226
7333
7334
7332
7335
7226
7229
7336
7337
7335
7338
7229
7234
7339
7340
7338
7341
7232
7342
7343
7234
7344
7238
7343
7344
7345
7242
7346
7346
7347
7347
7348
7348
7349
7341
7350
7241
7243
7351
7352
7352
7353
7244
7354
7252
7355
7307
7350
7356
7357
7357
7358
7358
7359
7260
7359
7255
7360
7252
7361
7362
7254
7255
7363
7361
7364
7365
7257
7360
7366
7259
7367
7259
7368
7369
7370
7371
7267
7372
7372
7373
7373
7374
7375
7375
7376
7376
7377
7268
7378
7269
7379
7270
7380
7271
7381
7272
7382
7273
7383
7275
7384
7276
7385
7385
7386
7277
7387
7388
7389
7388
7377
7390
7391
7374
7392
7393
7394
7283
7393
7395
7396
7397
7392
7397
7398
7398
7399
7399
7400
7400
7401
7401
7402
7402
7403
7403
7404
7404
7405
7405
7406
7406
7407
7407
7408
7408
7409
7409
7410
7410
7411
7411
7412
7412
7413
7413
7414
7414
7415
7415
7416
7416
7417
7417
7418
7418
7419
7419
7420
7421
7422
7423
7424
7422
7425
7311
7426
7423
7427
7425
7428
7426
7429
7428
7430
7430
7431
7431
7432
7325
7433
7433
7434
7429
7434
7432
7435
7435
7436
7436
7437
7437
7438
7438
7439
7328
7440
7439
7441
7328
7331
7442
7443
7441
7444
7331
7334
7445
7446
7444
7447
7334
7337
7448
7449
7447
7450
7337
7340
7451
7452
7450
7453
7340
7345
7454
7455
7453
7456
7344
7457
7458
7349
7457
7459
7459
7460
7461
7462
7353
7463
7463
7464
7464
7465
7465
7466
7456
7467
7352
7354
7468
7469
7469
7470
7355
7471
7362
7472
7420
7467
7473
7474
7474
7475
7371
7475
7365
7476
7362
7477
7478
7364
7365
7479
7477
7480
7481
7367
7476
7482
7369
7483
7369
7370
7484
7485
7486
7485
7487
7378
7488
7488
7489
7489
7490
7491
7491
7492
7492
7493
7379
7494
7380
7495
7381
7496
7382
7497
7383
7498
7384
7499
7386
7500
7387
7501
7501
7502
7389
7503
7390
7504
7504
7505
7506
7507
7493
7506
7508
7490
7509
7510
7511
7511
7512
7396
7510
7513
7397
7514
7509
7515
7515
7516
7516
7517
7517
7518
7518
7519
7519
7520
7520
7521
7521
7522
7522
7523
7523
7524
7524
7525
7525
7526
7526
7527
7527
7528
7528
7529
7529
7530
7530
7531
7531
7532
7532
7533
7533
7534
7534
7535
7535
7536
7536
7537
7538
7539
7540
7541
7539
7542
7424
7543
7540
7544
7542
7545
7427
7546
7543
7547
7545
7548
7546
7549
7548
7550
7550
7551
7551
7552
7440
7553
7549
7553
7552
7554
7554
7555
7555
7556
7556
7557
7557
7558
7443
7559
7558
7560
7443
7446
7561
7562
7560
7563
7446
7449
7564
7565
7563
7566
7449
7452
7567
7568
7566
7569
7452
7455
7570
7571
7569
7572
7455
7462
7573
7574
7575
7572
7576
7466
7577
7459
7577
7578
7460
7578
7579
7462
7579
7580
7573
7470
7581
7581
7582
7582
7583
7583
7584
7576
7585
7469
7471
7586
7587
7587
7588
7472
7589
7478
7590
7537
7585
7591
7592
7487
7592
7481
7593
7478
7594
7595
7480
7481
7596
7594
7597
7598
7483
7593
7599
7484
7600
7486
7601
7602
7602
7603
7601
7604
7494
7605
7605
7606
7606
7607
7608
7608
7609
7609
7610
7495
7611
7496
7612
7497
7613
7498
7614
7499
7615
7500
7616
7502
7617
7503
7618
7618
7619
7505
7620
7507
7621
7621
7622
7623
7624
7624
7625
7610
7623
7626
7514
7607
7513
7627
7628
7628
7629
7629
7630
7514
7631
7632
7633
7633
7634
7634
7635
7635
7636
7636
7637
7637
7638
7638
7639
7639
7640
7640
7641
7641
7642
7642
7643
7643
7644
7644
7645
7645
7646
7646
7647
7647
7648
7648
7649
7649
7650
7650
7651
7651
7652
7652
7653
7653
7654
7654
7655
7656
7657
7658
7659
7657
7660
7541
7661
7658
7662
7660
7663
7544
7664
7661
7665
7663
7666
7547
7667
7664
7668
7666
7669
7667
7670
7669
7671
7671
7672
7672
7673
7559
7670
7673
7674
7674
7675
7675
7676
7676
7677
7677
7678
7562
7679
7678
7680
7562
7565
7681
7682
7680
7683
7565
7568
7684
7685
7683
7686
7568
7571
7687
7688
7686
7689
7571
7575
7690
7691
7689
7692
7580
7693
7575
7693
7694
7695
7696
7692
7697
7584
7698
7698
7699
7699
7700
7700
7701
7588
7702
7702
7703
7703
7704
7704
7705
7697
7706
7587
7589
7707
7708
7708
7709
7590
7710
7595
7711
7655
7706
7712
7604
7598
7713
7595
7714
7715
7597
7598
7716
7714
7717
7718
7600
7713
7719
7603
7720
7721
7721
7722
7722
7723
7720
7611
7724
7724
7725
7632
7725
7726
7726
7727
7727
7728
7612
7729
7613
7730
7614
7731
7615
7732
7616
7733
7617
7734
7619
7735
7620
7736
7736
7737
7622
7738
7625
7739
7739
7740
7741
7741
7742
7742
7743
7728
7744
7745
7631
7746
7747
7748
7749
7748
7750
7750
7751
7751
7752
7632
7747
7753
7754
7754
7755
7755
7756
7756
7757
7757
7758
7758
7759
7759
7760
7760
7761
7761
7762
7762
7763
7763
7764
7764
7765
7765
7766
7766
7767
7767
7768
7768
7769
7769
7770
7770
7771
7771
7772
7772
7773
7773
7774
7774
7775
7775
7776
7777
7778
7779
7780
7778
7781
7659
7782
7779
7783
7781
7784
7662
7785
7782
7786
7784
7787
7665
7788
7785
7789
7787
7790
7668
7791
7788
7792
7790
7793
7679
7791
7793
7794
7794
7795
7795
7796
7796
7797
7797
7798
7798
7799
7799
7800
7800
7801
7682
7802
7801
7803
7682
7685
7804
7805
7803
7806
7685
7688
7807
7808
7806
7809
7688
7691
7810
7811
7809
7812
7691
7696
7813
7814
7812
7815
7695
7701
7696
7816
7817
7818
7819
7818
7820
7821
7815
7822
7705
7823
7823
7824
7824
7825
7820
7825
7709
7826
7826
7827
7827
7828
7828
7829
7822
7830
7708
7710
7831
7832
7832
7833
7711
7834
7715
7835
7776
7830
7836
7718
7837
7715
7838
7839
7717
7718
7840
7838
7841
7842
7723
7837
7843
7843
7844
7844
7845
7845
7846
7729
7847
7753
7847
7848
7848
7849
7849
7850
7730
7851
7731
7852
7732
7853
7733
7854
7734
7855
7735
7856
7737
7857
7738
7858
7858
7859
7740
7860
7743
7861
7861
7862
7744
7863
7863
7864
7864
7865
7866
7867
7850
7866
7868
7749
7869
7870
7753
7869
7871
7872
7871
7873
7872
7874
7874
7875
7875
7876
7877
7878
7878
7879
7879
7880
7880
7881
7881
7882
7882
7883
7883
7884
7884
7885
7885
7886
7886
7887
7887
7888
7888
7889
7889
7890
7890
7891
7891
7892
7892
7893
7893
7894
7894
7895
7895
7896
7896
7897
7897
7898
7898
7899
7899
7900
7901
7902
7903
7904
7902
7905
7780
7906
7903
7907
7905
7908
7783
7909
7906
7910
7908
7911
7786
7912
7909
7913
7911
7914
7789
7915
7912
7916
7914
7917
7792
7802
7915
7918
7917
7919
7919
7920
7920
7921
7921
7922
7922
7923
7923
7924
7924
7925
7925
7926
7926
7927
7805
7918
7927
7928
7805
7808
7929
7930
7928
7931
7808
7811
7932
7933
7931
7934
7811
7814
7935
7936
7934
7937
7814
7821
7938
7939
7937
7940
7818
7941
7942
7819
7941
7943
7944
7821
7945
7944
7946
7945
7947
7940
7948
7829
7949
7949
7950
7946
7950
7833
7951
7951
7952
7952
7953
7953
7954
7948
7955
7832
7834
7956
7957
7957
7958
7835
7959
7839
7960
7900
7955
7961
7842
7962
7839
7963
7964
7841
7842
7965
7963
7966
7967
7968
7968
7969
7969
7970
7962
7970
7971
7851
7877
7972
7972
7973
7973
7974
7852
7975
7853
7976
7854
7977
7855
7978
7856
7979
7857
7980
7859
7981
7860
7982
7982
7983
7862
7984
7865
7985
7985
7986
7867
7987
7987
7988
7988
7989
7990
7991
7990
7992
7974
7991
7993
7877
7994
7873
7994
7995
7873
7996
7997
7998
7996
7999
8000
7999
8001
8001
8002
8002
8003
7975
8004
8004
8005
8005
8006
8006
8007
8007
8008
8008
8009
8009
8010
8010
8011
8011
8012
8012
8013
8013
8014
8014
8015
8015
8016
8016
8017
8017
8018
8018
8019
8019
8020
8020
8021
8021
8022
8022
8023
8023
8024
8024
8025
8025
8026
8027
8028
8029
8030
8028
8031
7904
8032
8029
8033
8031
8034
7907
8035
8032
8036
8034
8037
7910
8038
8035
8039
8037
8040
7913
8041
8038
8042
8040
8043
7916
8044
8041
8045
8043
8046
7930
8044
8046
8047
8047
8048
8048
8049
8049
8050
8050
8051
8051
8052
8052
8053
8053
8054
8054
8055
8055
8056
7930
7933
8057
8058
8056
8059
7933
7936
8060
8061
8059
8062
7936
7939
8063
8064
8062
8065
7939
7947
8066
8067
8065
8068
8069
8070
7944
8070
8071
7945
8069
8072
8073
8074
8073
8075
8074
8076
8077
8068
8078
7954
8079
8075
8079
7958
8080
8080
8081
8081
8082
8082
8083
8078
8084
7957
7959
8085
8086
8086
8087
7960
8088
7964
8089
8026
8084
8090
7967
8091
7964
8092
8093
7966
7967
8094
8092
8095
8096
8097
8097
8098
8098
8099
8091
8099
8100
8101
8101
8102
8102
8103
7976
7994
7977
8104
7978
8105
7979
8106
7980
8107
7981
8108
7983
8109
7984
8110
8110
8111
7986
8112
7989
8113
8113
8114
7992
8115
8115
8116
8116
8117
8118
8119
8118
8119
8120
8103
8121
8122
8104
8000
8104
8123
8124
8125
7998
8124
8126
8000
8127
8125
8128
8129
8128
8130
8130
8131
8131
8132
8133
8133
8134
8134
8135
8135
8136
8136
8137
8137
8138
8138
8139
8139
8140
8140
8141
8141
8142
8142
8143
8143
8144
8144
8145
8145
8146
8146
8147
8147
8148
8148
8149
8149
8150
8150
8151
8151
8152
8152
8153
8153
8154
8154
8155
8156
8157
8158
8158
8159
8030
8160
8156
8161
8159
8162
8033
8163
8160
8164
8162
8165
8036
8166
8163
8167
8165
8168
8039
8169
8166
8170
8168
8171
8042
8172
8169
8173
8171
8174
8045
8058
8172
8175
8174
8176
8176
8177
8177
8178
8178
8179
8179
8180
8180
8181
8181
8182
8182
8183
8183
8184
8184
8185
8185
8186
8058
8061
8187
8175
8186
8188
8061
8064
8189
8190
8188
8191
8064
8067
8192
8193
8191
8194
8067
8076
8195
8196
8194
8197
8198
8199
8198
8200
8073
8200
8201
8074
8199
8202
8203
8077
8203
8204
8205
8206
8207
8202
8206
8197
8208
8083
8204
8087
8209
8209
8210
8210
8211
8211
8212
8208
8213
8086
8088
8214
8215
8215
8216
8089
8217
8093
8218
8155
8213
8219
8096
8093
8220
8221
8095
8096
8222
8220
8223
8224
8225
8225
8226
8226
8227
8224
8227
8228
8229
8229
8230
8230
8231
8105
8106
8123
8107
8232
8108
8233
8109
8234
8111
8235
8112
8236
8236
8237
8114
8238
8117
8239
8239
8240
8120
8241
8241
8242
8242
8243
8121
8244
8244
8245
8245
8246
8247
8248
8231
8247
8249
8129
8232
8126
8250
8251
8251
8252
8127
8253
8129
8254
8252
8255
8256
8255
8257
8257
8258
8258
8259
8260
8260
8261
8261
8262
8262
8263
8263
8264
8264
8265
8265
8266
8266
8267
8267
8268
8268
8269
8269
8270
8270
8271
8271
8272
8272
8273
8273
8274
8274
8275
8275
8276
8276
8277
8277
8278
8278
8279
8279
8280
8280
8281
8281
8282
8161
8283
8284
8285
8283
8286
8287
8287
8288
8288
8289
8161
8290
8291
8289
8292
8164
8293
8290
8294
8292
8295
8167
8296
8293
8297
8295
8298
8170
8299
8296
8300
8298
8301
8173
8302
8299
8303
8301
8304
8187
8302
8304
8305
8305
8306
8306
8307
8307
8308
8308
8309
8309
8310
8310
8311
8311
8312
8312
8313
8313
8314
8314
8315
8190
8316
8315
8317
8190
8193
8318
8319
8317
8320
8193
8196
8321
8322
8320
8323
8196
8205
8324
8325
8323
8326
8327
8328
8328
8329
8327
8330
8203
8330
8331
8329
8332
8333
8212
8333
8334
8335
8336
8207
8332
8335
8337
8326
8338
8216
8339
8339
8340
8340
8341
8341
8342
8338
8343
8215
8217
8344
8345
8345
8346
8218
8347
8221
8348
8282
8343
8349
8221
8350
8351
8223
8224
8352
8350
8353
8354
8354
8355
8355
8356
8352
8356
8357
8358
8358
8359
8359
8360
8233
8256
8234
8361
8235
8362
8237
8363
8238
8364
8364
8365
8240
8366
8243
8367
8367
8368
8246
8369
8369
8370
8370
8371
8248
8372
8372
8373
8373
8374
8375
8376
8376
8377
8360
8375
8378
8253
8379
8380
8381
8382
8379
8383
8383
8384
8254
8380
8256
8385
8384
8386
8361
8386
8387
8387
8388
8388
8389
8390
8390
8391
8391
8392
8392
8393
8393
8394
8394
8395
8395
8396
8396
8397
8397
8398
8398
8399
8399
8400
8400
8401
8401
8402
8402
8403
8403
8404
8404
8405
8405
8406
8406
8407
8407
8408
8408
8409
8409
8410
8410
8411
8411
8412
8413
8414
8415
8285
8291
8416
8414
8417
8413
8418
8418
8419
8419
8420
8420
8421
8291
8422
8423
8421
8424
8294
8425
8422
8426
8424
8427
8297
8428
8425
8429
8427
8430
8300
8431
8428
8432
8430
8433
8303
8316
8431
8434
8433
8435
8435
8436
8436
8437
8437
8438
8438
8439
8439
8440
8440
8441
8441
8442
8442
8443
8443
8444
8444
8445
8445
8446
8319
8434
8446
8447
8319
8322
8448
8449
8447
8450
8322
8325
8451
8452
8450
8453
8325
8334
8454
8455
8453
8456
8457
8458
8457
8459
8459
8460
8458
8461
8333
8461
8462
8337
8460
8342
8463
8464
8465
8336
8466
8464
8467
8466
8468
8456
8469
8346
8470
8470
8471
8471
8472
8462
8472
8469
8473
8345
8347
8474
8475
8475
8476
8348
8477
8351
8478
8412
8473
8479
8351
8480
8481
8353
8482
8480
8483
8484
8484
8485
8485
8486
8482
8486
8487
8488
8488
8489
8489
8490
8362
8385
8363
8491
8365
8492
8366
8493
8493
8494
8368
8495
8371
8496
8496
8497
8374
8498
8498
8499
8499
8500
8377
8501
8501
8502
8502
8503
8504
8505
8505
8506
8506
8507
8490
8504
8508
8509
8510
8385
8511
8382
8510
8512
8511
8513
8509
8514
8514
8515
8491
8515
8516
8516
8517
8517
8518
8518
8519
8520
8520
8521
8521
8522
8522
8523
8523
8524
8524
8525
8525
8526
8526
8527
8527
8528
8528
8529
8529
8530
8530
8531
8531
8532
8532
8533
8533
8534
8534
8535
8535
8536
8536
8537
8537
8538
8538
8539
8539
8540
8540
8541
8541
8542
8543
8544
8415
8545
8543
8546
8417
8423
8547
8545
8548
8549
8549
8550
8550
8551
8551
8552
8423
8553
8554
8552
8555
8426
8556
8553
8557
8555
8558
8429
8559
8556
8560
8558
8561
8432
8562
8559
8563
8561
8564
8449
8562
8564
8565
8565
8566
8566
8567
8567
8568
8568
8569
8569
8570
8570
8571
8571
8572
8572
8573
8573
8574
8574
8575
8575
8576
8576
8577
8449
8452
8578
8579
8577
8580
8452
8455
8581
8582
8580
8583
8455
8463
8584
8585
8583
8586
8587
8588
8587
8589
8588
8590
8468
8590
8589
8591
8591
8592
8593
8594
8595
8465
8596
8594
8597
8467
8598
8596
8599
8598
8600
8586
8601
8476
8602
8602
8603
8592
8603
8601
8604
8475
8477
8605
8606
8606
8607
8478
8608
8481
8609
8542
8604
8610
8481
8611
8612
8483
8611
8613
8614
8614
8615
8615
8616
8613
8616
8617
8618
8618
8619
8619
8620
8492
8511
8494
8621
8495
8622
8622
8623
8497
8624
8500
8625
8625
8626
8503
8627
8627
8628
8628
8629
8507
8630
8630
8631
8631
8632
8633
8634
8634
8635
8635
8636
8636
8637
8620
8633
8638
8639
8640
8512
8639
8641
8621
8513
8642
8621
8643
8640
8644
8644
8645
8645
8646
8646
8647
8647
8648
8648
8649
8650
8650
8651
8651
8652
8652
8653
8653
8654
8654
8655
8655
8656
8656
8657
8657
8658
8658
8659
8659
8660
8660
8661
8661
8662
8662
8663
8663
8664
8664
8665
8665
8666
8666
8667
8667
8668
8668
8669
8669
8670
8670
8671
8671
8672
8544
8673
8674
8546
8675
8673
8676
8548
8554
8677
8675
8678
8679
8679
8680
8680
8681
8681
8682
8554
8683
8684
8682
8685
8557
8686
8683
8687
8685
8688
8560
8689
8686
8690
8688
8691
8563
8579
8689
8692
8691
8693
8693
8694
8694
8695
8695
8696
8696
8697
8697
8698
8698
8699
8699
8700
8700
8701
8701
8702
8702
8703
8703
8704
8704
8705
8705
8706
8579
8582
8707
8692
8706
8708
8582
8585
8709
8710
8708
8711
8585
8593
8712
8713
8711
8714
8715
8716
8715
8717
8716
8718
8600
8717
8718
8719
8719
8720
8721
8722
8723
8595
8724
8722
8725
8597
8726
8724
8727
8599
8728
8726
8729
8728
8730
8714
8731
8607
8732
8720
8732
8731
8733
8606
8608
8734
8735
8735
8736
8609
8737
8612
8738
8672
8733
8739
8612
8740
8741
8740
8742
8743
8743
8744
8744
8745
8742
8745
8746
8747
8747
8748
8748
8749
8623
8624
8750
8643
8750
8626
8751
8629
8752
8752
8753
8632
8754
8754
8755
8755
8756
8637
8757
8757
8758
8758
8759
8760
8761
8761
8762
8762
8763
8763
8764
8764
8765
8749
8760
8766
8767
8768
8768
8769
8642
8767
8770
8771
8772
8643
8770
8773
8769
8774
8774
8775
8775
8776
8776
8777
8777
8778
8778
8779
8780
8780
8781
8781
8782
8782
8783
8783
8784
8784
8785
8785
8786
8786
8787
8787
8788
8788
8789
8789
8790
8790
8791
8791
8792
8792
8793
8793
8794
8794
8795
8795
8796
8796
8797
8797
8798
8798
8799
8799
8800
8800
8801
8801
8802
8674
8803
8804
8676
8805
8803
8806
8678
8684
8807
8805
8808
8809
8809
8810
8810
8811
8811
8812
8684
8813
8814
8812
8815
8687
8816
8813
8817
8815
8818
8690
8819
8816
8820
8818
8821
8707
8819
8821
8822
8822
8823
8823
8824
8824
8825
8825
8826
8826
8827
8827
8828
8828
8829
8829
8830
8830
8831
8831
8832
8832
8833
8833
8834
8834
8835
8710
8836
8835
8837
8710
8713
8838
8839
8837
8840
8713
8721
8841
8842
8840
8843
8844
8845
8844
8846
8730
8845
8846
8847
8847
8848
8848
8849
8850
8851
8852
8723
8853
8851
8854
8725
8855
8853
8856
8727
8857
8855
8858
8729
8859
8857
8860
8859
8861
8843
8862
8736
8849
8862
8863
8735
8737
8864
8865
8865
8866
8738
8867
8741
8868
8802
8863
8869
8741
8870
8871
8870
8872
8872
8873
8873
8874
8874
8875
8876
8877
8877
8878
8878
8879
8751
8773
8753
8880
8756
8881
8881
8882
8759
8883
8883
8884
8884
8885
8765
8886
8886
8887
8887
8888
8889
8890
8890
8891
8891
8892
8892
8893
8893
8894
8894
8895
8879
8889
8896
8897
8898
8898
8899
8899
8900
8773
8901
8772
8897
8902
8901
8903
8880
8900
8904
8904
8905
8905
8906
8906
8907
8907
8908
8908
8909
8910
8910
8911
8911
8912
8912
8913
8913
8914
8914
8915
8915
8916
8916
8917
8917
8918
8918
8919
8919
8920
8920
8921
8921
8922
8922
8923
8923
8924
8924
8925
8925
8926
8926
8927
8927
8928
8928
8929
8929
8930
8930
8931
8931
8932
8804
8933
8934
8806
8935
8933
8936
8808
8814
8937
8935
8938
8939
8939
8940
8940
8941
8941
8942
8814
8943
8944
8942
8945
8817
8946
8943
8947
8945
8948
8820
8836
8946
8949
8948
8950
8950
8951
8951
8952
8952
8953
8953
8954
8954
8955
8955
8956
8956
8957
8957
8958
8958
8959
8959
8960
8960
8961
8961
8962
8962
8963
8963
8964
8839
8949
8964
8965
8839
8842
8966
8967
8965
8968
8842
8850
8969
8970
8968
8971
8972
8973
8861
8972
8973
8974
8974
8975
8975
8976
8866
8976
8977
8978
8852
8979
8977
8980
8854
8981
8979
8982
8856
8983
8981
8984
8858
8985
8983
8986
8860
8987
8985
8988
8987
8989
8971
8990
8990
8991
8865
8867
8992
8993
8993
8994
8868
8995
8871
8996
8932
8991
8997
8871
8875
8998
8999
8999
9000
9000
9001
8998
9002
9001
9002
9003
9004
9004
9005
9005
9006
8882
8901
8885
9007
9007
9008
8888
9009
9009
9010
9010
9011
8895
9012
9012
9013
9013
9014
9015
9016
9016
9017
9017
9018
9018
9019
9019
9020
9020
9021
9021
9022
9006
9015
9023
8902
9024
9025
9025
9026
9026
9027
9027
9028
9008
8903
9029
9008
9030
9028
9031
9031
9032
9032
9033
9033
9034
9034
9035
8934
9035
9036
9036
9037
9037
9038
9038
9039
9039
9040
9040
9041
9041
9042
9042
9043
9043
9044
9044
9045
9045
9046
9046
9047
9047
9048
9048
9049
9049
9050
9050
9051
9051
9052
9052
9053
9053
9054
9054
9055
9055
9056
9056
9057
9057
9058
8934
9035
8936
9059
9034
9035
8938
8944
9060
9059
9061
9062
9062
9063
9063
9064
9064
9065
8944
9066
9067
9065
9068
8947
9069
9066
9070
9068
9071
8967
9069
9071
9072
9072
9073
9073
9074
9074
9075
9075
9076
9076
9077
9077
9078
9078
9079
9079
9080
9080
9081
9081
9082
9082
9083
9083
9084
9084
9085
9085
9086
9086
9087
8967
8970
9088
9089
9087
9090
8970
8978
9091
9092
9090
9093
8989
9094
9094
9095
9095
9096
9096
9097
8994
9097
8980
9024
9098
9099
9024
9025
8980
9100
9101
8982
9102
9100
9103
8984
9104
9102
9105
8986
9106
9104
9107
8988
9108
9106
9109
9108
9110
9093
9111
9111
9112
8993
8995
9113
9114
9114
9115
8996
9116
8998
9117
9058
9112
9118
9119
9119
9120
9120
9121
9118
9122
9121
9122
9123
9124
9124
9125
9125
9126
9011
9127
9127
9014
9128
9128
9129
9129
9130
9022
9131
9131
9132
9132
9133
9134
9135
9135
9136
9136
9137
9137
9138
9138
9139
9139
9140
9140
9141
9141
9142
9126
9134
9143
9029
9144
9091
9091
9145
9145
9146
9146
9147
9030
9144
9127
9148
9147
9149
9061
9149
9059
9061
9059
9150
9150
9151
9151
9152
9152
9153
9153
9154
9154
9155
9155
9156
9156
9157
9157
9158
9158
9159
9159
9160
9160
9161
9161
9162
9162
9163
9163
9164
9164
9165
9165
9166
9166
9167
9167
9168
9168
9169
9169
9170
9170
9171
9171
9061
9067
9149
9172
9172
9173
9173
9174
9174
9175
9067
9176
9177
9175
9178
9070
9089
9176
9179
9178
9180
9180
9181
9181
9182
9182
9183
9183
9184
9184
9185
9185
9186
9186
9187
9187
9188
9188
9189
9189
9190
9190
9191
9191
9192
9192
9193
9193
9194
9194
9195
9195
9196
9089
9092
9197
9179
9196
9198
9092
9145
9198
9199
9110
9200
9200
9201
9201
9202
9115
9202
9099
9101
9203
9144
9204
9101
9205
9206
9103
9207
9205
9208
9105
9209
9207
9210
9107
9211
9209
9212
9109
9213
9211
9214
9213
9215
9199
9216
9216
9114
9116
9217
9218
9218
9219
9117
9220
9118
9221
9222
9223
9223
9224
9224
9225
9222
9226
9143
9225
9226
9227
9227
9228
9228
9229
9130
9133
9230
9230
9231
9148
9231
9142
9232
9232
9233
9233
9234
9235
9236
9236
9237
9237
9238
9238
9239
9239
9240
9240
9241
9241
9242
9242
9243
9243
9244
9229
9235
9148
9197
9197
9245
9177
9245
9204
9177
9246
9246
9247
9247
9248
9248
9249
9249
9250
9250
9251
9251
9252
9252
9253
9253
9254
9254
9255
9255
9256
9256
9257
9257
9258
9258
9259
9259
9260
9260
9261
9261
9262
9262
9263
9263
9264
9264
9265
9265
9266
9266
9267
9267
9268
9268
9269
9269
9270
9177
9245
9270
9271
9197
9245
9271
9272
9272
9273
9273
9274
9274
9275
9275
9276
9276
9277
9277
9278
9278
9279
9279
9280
9280
9281
9281
9282
9282
9283
9283
9284
9284
9285
9285
9286
9286
9287
9287
9288
9288
9289
9289
9290
9215
9291
9291
9292
9219
9292
9204
9206
9293
9231
9206
9294
9295
9208
9296
9294
9297
9210
9298
9296
9299
9212
9300
9298
9301
9214
9302
9300
9303
9302
9304
9290
9218
9220
9305
9306
9306
9307
9221
9308
9222
9309
9310
9311
9311
9312
9229
9312
9310
9313
9313
9314
9314
9234
9293
9293
9244
9315
9315
9316
9295
9316
9310
9317
9317
9318
9318
9319
9319
9320
9320
9321
9321
9322
9322
9323
9323
9324
9324
9325
9325
9326
9327
9327
9328
9328
9329
9329
9330
9330
9331
9331
9332
9332
9333
9333
9334
9334
9335
9335
9336
9336
9337
9337
9338
9338
9339
9339
9340
9340
9341
9341
9342
9342
9343
9343
9344
9344
9345
9345
9346
9346
9347
9347
9348
9348
9349
9349
9350
9350
9351
9351
9352
9352
9353
9353
9354
9354
9355
9355
9356
9356
9357
9357
9358
9358
9359
9359
9360
9360
9361
9361
9362
9362
9363
9363
9364
9364
9365
9365
9366
9366
9367
9367
9368
9368
9369
9369
9304
9370
9307
9370
9295
9295
9316
9297
9326
9315
9316
9299
9371
9325
9326
9301
9372
9371
9373
9303
9374
9372
9375
9374
9376
9306
9308
9377
9378
9378
9379
9309
9380
9310
9317
9381
9314
9381
9382
9382
9326
9380
9380
9383
9383
9384
9384
9385
9385
9386
9386
9387
9373
9387
9371
9373
9371
9388
9388
9389
9389
9390
9390
9391
9391
9392
9392
9393
9393
9394
9394
9395
9395
9396
9396
9397
9397
9398
9398
9399
9399
9400
9400
9401
9401
9402
9402
9403
9403
9404
9404
9405
9405
9406
9406
9407
9407
9408
9408
9409
9409
9410
9410
9411
9411
9412
9412
9413
9413
9414
9414
9415
9415
9416
9416
9417
9417
9418
9418
9419
9419
9420
9420
9421
9421
9422
9422
9423
9423
9424
9424
9425
9425
9426
9426
9427
9427
9428
9428
9376
9379
9373
9387
9375
9429
9386
9387
9429
9430
9378
9380
9383
9431
9430
9431
9382
9431
9430
9431
9429
9430
9429
9432
9432
9433
9433
9434
9434
9435
9435
9436
9436
9437
9437
9438
9438
9439
9439
9440
9440
9441
9441
9442
9442
9443
9443
9444
9444
9445
9445
9446
9446
9447
9447
9448
9448
9449
9449
9450
9450
9451
9451
9452
9452
9453
9453
9454
9454
9455
9455
9456
9456
9457
9457
9458
9458
9459
9459
9460
9460
9461
9461
9462
9462
9463
9463
9464
9464
9465
9465
9466
9466
9467
9467
9468
9468
9469
9469
9470
9470
9471
9471
9472
9472
9473
9473
9474
9474
9475
9475
9476
9476
9477
9477
9478
9478
9479
9479
9480
9480
9481
9481
9482
9482
9483
9483
9484
9484
9485
9485
9486
9486
9487
9487
9488
9488
9489
9489
9490
9490
9491
9491
9492
9492
9493
9493
9494
9494
9495
9495
9496
9496
9497
9497
9498
9498
9499
9499
9500
9500
9501
9501
9502
9502
9503
9503
9504
9504
9505
9505
9506
9506
9507
9507
9508
9508
9509
9509
9510
9510
9511
9511
9512
9512
9513
9513
9514
9514
9515
9515
9516
9516
9517
9517
9518
9518
9519
9519
9520
9520
9521
9521
9522
9522
9523
9523
9524
9524
9525
9525
9526
9526
9527
9527
9528
9528
9529
9529
9530
9530
9531
9531
9532
9532
9533
9533
9534
9534
9535
9535
9536
9536
9537
9537
9538
9538
9539
9539
9540
9540
9541
9541
9542
9542
9543
9543
9544
9544
9545
9545
9546
9546
9547
9547
9548
9548
9549
9549
9550
9550
9551
9551
9552
9552
9553
9553
9554
9554
9555
9555
9556
9556
9557
9557
9558
9558
9559
9559
9560
9560
9561
9561
9562
9562
9563
9563
9564
9564
9565
9565
9566
9566
9567
9567
9568
9568
9569
9569
9570
9570
9571
9571
9572
9572
9573
9573
9574
9574
9575
9575
9576
9576
9577
9577
9578
9578
9579
9579
9580
9580
9581
9581
9582
9582
9583
9583
9584
9584
9585
9585
9586
9586
9587
9587
9588
9588
9589
9589
9590
9590
9591
9591
9592
9592
9593
9593
9594
9594
9595
9595
9596
9596
9597
9597
9598
9598
9599
9599
9600
9600
9601
9601
9602
9602
9603
9603
9604
9604
9605
9605
9606
9606
9607
9607
9608
9608
9609
9609
9610
9610
9611
9611
9612
9612
9613
9613
9614
9614
9615
9615
9616
9616
9617
9617
9618
9618
9619
9619
9620
9620
9621
9621
9622
9622
9623
9623
9624
9624
9625
9625
9626
9626
9627
9627
9628
9628
9629
9629
9630
9630
9631
9631
9632
9632
9633
9633
9634
9634
9635
9635
9636
9636
9637
9637
9638
9638
9639
9639
9640
9640
9641
9641
9642
9642
9643
9643
9644
9644
9645
9645
9646
9646
9647
9647
9648
9648
9649
9649
9650
9650
9651
9651
9652
9652
9653
9653
9654
9654
9655
9655
9656
9656
9657
9657
9658
9658
9659
9659
9660
9660
9661
9661
9662
9662
9663
9663
9664
9664
9665
9665
9666
9666
9667
9667
9668
9668
9669
9669
9670
9670
9671
9671
9672
9672
9673
9673
9674
9674
9675
9675
9676
9676
9677
9677
9678
9678
9679
9679
9680
9680
9681
9681
9682
9682
9683
9683
9684
9684
9685
9685
9686
9686
9687
9687
9688
9688
9689
9689
9690
9690
9691
9691
9692
9692
9693
9693
9694
9694
9695
9695
9696
9696
9697
9697
9698
9698
9699
9699
9700
9700
9701
9701
9702
9702
9703
9703
9704
9704
9705
9705
9706
9706
9707
9707
9708
9708
9709
9709
9710
9710
9711
9711
9712
9712
9713
9713
9714
9714
9715
9715
9716
9716
9717
9717
9718
9718
9719
9719
9720
9720
9721
9721
9722
9722
9723
9723
9724
9724
9725
9725
9726
9726
9727
9727
9728
9728
9729
9729
9730
9730
9731
9731
9732
9732
9733
9733
9734
9734
9735
9735
9736
9736
9737
9737
9738
9738
9739
9739
9740
9740
9741
9741
9742
9742
9743
9743
9744
9744
9745
9745
9746
9746
9747
9747
9748
9748
9749
9749
9750
9750
9751
9751
9752
9752
9753
9753
9754
9754
9755
9755
9756
9756
9757
9757
9758
9758
9759
9759
9760
9760
9761
9761
9762
9762
9763
9763
9764
9764
9765
9765
9766
9766
9767
9767
9768
9768
9769
9769
9770
9770
9771
9771
9772
9772
9773
9773
9774
9774
9775
9775
9776
9776
9777
9777
9778
9778
9779
9779
9780
9780
9781
9781
9782
9782
9783
9783
9784
9784
9785
9785
9786
9786
9787
9787
9788
9788
9789
9789
9790
9790
9791
9791
9792
9792
9793
9793
9794
9794
9795
9795
9796
9796
9797
9797
9798
9798
9799
9799
9800
9800
9801
9801
9802
9802
9803
9803
9804
9804
9805
9805
9806
9806
9807
9807
9808
9808
9809
9809
9810
9810
9811
9811
9812
9812
9813
9813
9814
9814
9815
9815
9816
9816
9817
9817
9818
9818
9819
9819
9820
9820
9821
9821
9822
9822
9823
9823
9824
9824
9825
9825
9826
9826
9827
9827
9828
9828
9829
9829
9830
9830
9831
9831
9832
9832
9833
9833
)


// ************************************************************************* //
